-5.000000000000000000e+01 7.459969638383623369e-02
-4.897959183673469141e+01 9.855543250068553307e-02
-4.795918367346938993e+01 9.306315168815607053e-02
-4.693877551020408134e+01 9.679279124841445869e-02
-4.591836734693877276e+01 1.120623242857121254e-01
-4.489795918367347127e+01 1.160493445698067838e-01
-4.387755102040816269e+01 1.123400366411987650e-01
-4.285714285714285410e+01 1.008755967297392392e-01
-4.183673469387755262e+01 1.101807607811229328e-01
-4.081632653061224403e+01 1.165051042495345440e-01
-3.979591836734694255e+01 1.243638959891024964e-01
-3.877551020408163396e+01 1.362914989369949925e-01
-3.775510204081632537e+01 1.270826032547547335e-01
-3.673469387755102389e+01 1.442767197102605148e-01
-3.571428571428571530e+01 1.428943915366847339e-01
-3.469387755102040671e+01 1.483329473897732897e-01
-3.367346938775510523e+01 1.339131130080821186e-01
-3.265306122448979664e+01 1.417362639610498520e-01
-3.163265306122448806e+01 1.452691615479418941e-01
-3.061224489795918302e+01 1.434497985876088677e-01
-2.959183673469387799e+01 1.521593102834437328e-01
-2.857142857142856940e+01 1.409716627493134700e-01
-2.755102040816326436e+01 1.563297938490705030e-01
-2.653061224489795933e+01 1.634875727073949181e-01
-2.551020408163265074e+01 1.876534683457260766e-01
-2.448979591836734571e+01 2.000172170290903384e-01
-2.346938775510204067e+01 2.047437532681458949e-01
-2.244897959183673564e+01 2.208646334865206895e-01
-2.142857142857142705e+01 2.563789547045940975e-01
-2.040816326530612201e+01 2.544867685616371000e-01
-1.938775510204081698e+01 2.657621241021274616e-01
-1.836734693877550839e+01 2.737074041575688899e-01
-1.734693877551020336e+01 2.701171495177187576e-01
-1.632653061224489477e+01 2.907547231607369165e-01
-1.530612244897959329e+01 3.061800988741517071e-01
-1.428571428571428470e+01 3.091745434751599353e-01
-1.326530612244897611e+01 3.260923403423482414e-01
-1.224489795918367463e+01 3.550032759261400050e-01
-1.122448979591836604e+01 3.607897883784767501e-01
-1.020408163265305745e+01 3.609488434531293866e-01
-9.183673469387755972e+00 3.745322765311051572e-01
-8.163265306122447384e+00 3.974352422942585839e-01
-7.142857142857138797e+00 4.115225319880503885e-01
-6.122448979591837315e+00 4.336017735924569960e-01
-5.102040816326528727e+00 4.459994423610867398e-01
-4.081632653061220140e+00 4.712774452773614287e-01
-3.061224489795918657e+00 5.093802071182943481e-01
-2.040816326530610070e+00 5.456166659857689671e-01
-1.020408163265301482e+00 6.330156082024586128e-01
0.000000000000000000e+00 9.976033373602647414e-01
1.020408163265308588e+00 6.323990784407741428e-01
2.040816326530610070e+00 5.458465519443710390e-01
3.061224489795918657e+00 5.110448096824602437e-01
4.081632653061227245e+00 4.722211784075923124e-01
5.102040816326528727e+00 4.467033573400248647e-01
6.122448979591837315e+00 4.339970177624946635e-01
7.142857142857145902e+00 4.122101345503814129e-01
8.163265306122447384e+00 3.970216155639970101e-01
9.183673469387755972e+00 3.745567462919596746e-01
1.020408163265306456e+01 3.608011295868391866e-01
1.122448979591836604e+01 3.603849223375123478e-01
1.224489795918367463e+01 3.530603087150841479e-01
1.326530612244898322e+01 3.251646363578818422e-01
1.428571428571429180e+01 3.075129962745025702e-01
1.530612244897959329e+01 3.040078310926168648e-01
1.632653061224489477e+01 2.880237548296369354e-01
1.734693877551021046e+01 2.677439750523368245e-01
1.836734693877551194e+01 2.714304920870590498e-01
1.938775510204081343e+01 2.630169540779946913e-01
2.040816326530612912e+01 2.512239054813155126e-01
2.142857142857143060e+01 2.534573599121742182e-01
2.244897959183673208e+01 2.181827787436763921e-01
2.346938775510204778e+01 2.011139290067424645e-01
2.448979591836734926e+01 1.963925369455015446e-01
2.551020408163265074e+01 1.843077478500532718e-01
2.653061224489796643e+01 1.592031695245927914e-01
2.755102040816326792e+01 1.519632760249336745e-01
2.857142857142856940e+01 1.366432720795594247e-01
2.959183673469388509e+01 1.473242468066323640e-01
3.061224489795918657e+01 1.384852211156536728e-01
3.163265306122448806e+01 1.400159927629850698e-01
3.265306122448980375e+01 1.371611953165893794e-01
3.367346938775510523e+01 1.295260364253590923e-01
3.469387755102040671e+01 1.438831235195949521e-01
3.571428571428572241e+01 1.381564704756940432e-01
3.673469387755102389e+01 1.389505787384598956e-01
3.775510204081632537e+01 1.222077113988740693e-01
3.877551020408164106e+01 1.319879133028318552e-01
3.979591836734694255e+01 1.197931359589927830e-01
4.081632653061224403e+01 1.119197395785308802e-01
4.183673469387755972e+01 1.060021902013011524e-01
4.285714285714286120e+01 9.673300925417754881e-02
4.387755102040816269e+01 1.084673853450574543e-01
4.489795918367347838e+01 1.118589900743890975e-01
4.591836734693877986e+01 1.087996670270684890e-01
4.693877551020408134e+01 9.305816882453940564e-02
4.795918367346939704e+01 8.788804656525982251e-02
4.897959183673469852e+01 9.123052898038483405e-02
5.000000000000000000e+01 7.004279554525501272e-02
-5.000000000000000000e+01 7.507291078691828712e-02
-4.897959183673469141e+01 9.212132279114533528e-02
-4.795918367346938993e+01 9.447788076141722113e-02
-4.693877551020408134e+01 1.017327088051438733e-01
-4.591836734693877276e+01 1.160991592210080803e-01
-4.489795918367347127e+01 1.209861633721459051e-01
-4.387755102040816269e+01 1.156408344910576924e-01
-4.285714285714285410e+01 1.036401234231835722e-01
-4.183673469387755262e+01 1.137090114062773161e-01
-4.081632653061224403e+01 1.186299845591594626e-01
-3.979591836734694255e+01 1.262069258468584143e-01
-3.877551020408163396e+01 1.375456225441296088e-01
-3.775510204081632537e+01 1.295954750025710145e-01
-3.673469387755102389e+01 1.468887768929698079e-01
-3.571428571428571530e+01 1.455052894994848245e-01
-3.469387755102040671e+01 1.512072274107017777e-01
-3.367346938775510523e+01 1.364676676333745620e-01
-3.265306122448979664e+01 1.433235141444454130e-01
-3.163265306122448806e+01 1.475351290300885299e-01
-3.061224489795918302e+01 1.456977710160562711e-01
-2.959183673469387799e+01 1.561013114660955992e-01
-2.857142857142856940e+01 1.434992510741359695e-01
-2.755102040816326436e+01 1.597111457050913175e-01
-2.653061224489795933e+01 1.691875026276779825e-01
-2.551020408163265074e+01 1.944506880278124850e-01
-2.448979591836734571e+01 2.075896927773392131e-01
-2.346938775510204067e+01 2.134410303008931753e-01
-2.244897959183673564e+01 2.297944714588446291e-01
-2.142857142857142705e+01 2.651802107927533347e-01
-2.040816326530612201e+01 2.647092371989543946e-01
-1.938775510204081698e+01 2.762589131425369215e-01
-1.836734693877550839e+01 2.838688855700323699e-01
-1.734693877551020336e+01 2.798682926464682308e-01
-1.632653061224489477e+01 3.007090110076199863e-01
-1.530612244897959329e+01 3.158592593930794612e-01
-1.428571428571428470e+01 3.174011231718184556e-01
-1.326530612244897611e+01 3.341180696774068704e-01
-1.224489795918367463e+01 3.631307978157978233e-01
-1.122448979591836604e+01 3.684889544557363728e-01
-1.020408163265305745e+01 3.677025944112171096e-01
-9.183673469387755972e+00 3.821545368132386322e-01
-8.163265306122447384e+00 4.053107421671962585e-01
-7.142857142857138797e+00 4.185989758938359895e-01
-6.122448979591837315e+00 4.415461162103803128e-01
-5.102040816326528727e+00 4.546034440054794734e-01
-4.081632653061220140e+00 4.801174433486787851e-01
-3.061224489795918657e+00 5.166430001633693925e-01
-2.040816326530610070e+00 5.551865432741756035e-01
-1.020408163265301482e+00 6.414441475337604448e-01
0.000000000000000000e+00 9.828299282355429378e-01
1.020408163265308588e+00 6.405484221650853405e-01
2.040816326530610070e+00 5.564015534035182675e-01
3.061224489795918657e+00 5.207197726516962222e-01
4.081632653061227245e+00 4.816513720229290141e-01
5.102040816326528727e+00 4.556177909416635474e-01
6.122448979591837315e+00 4.424561538495167534e-01
7.142857142857145902e+00 4.195107990535632547e-01
8.163265306122447384e+00 4.046437291592427377e-01
9.183673469387755972e+00 3.823624267320006598e-01
1.020408163265306456e+01 3.670798107248985365e-01
1.122448979591836604e+01 3.672352711105952294e-01
1.224489795918367463e+01 3.602002421519266417e-01
1.326530612244898322e+01 3.327494945546892180e-01
1.428571428571429180e+01 3.143013410748037861e-01
1.530612244897959329e+01 3.107525896209576421e-01
1.632653061224489477e+01 2.944814609894693125e-01
1.734693877551021046e+01 2.737465104351391454e-01
1.836734693877551194e+01 2.776555617187947411e-01
1.938775510204081343e+01 2.687575063491404737e-01
2.040816326530612912e+01 2.556574311100788255e-01
2.142857142857143060e+01 2.576893660058765523e-01
2.244897959183673208e+01 2.236812330355252565e-01
2.346938775510204778e+01 2.045803917599910149e-01
2.448979591836734926e+01 1.987480432364398530e-01
2.551020408163265074e+01 1.848825039106647139e-01
2.653061224489796643e+01 1.588919453093599887e-01
2.755102040816326792e+01 1.493393928121810044e-01
2.857142857142856940e+01 1.324143652279081151e-01
2.959183673469388509e+01 1.438030518469635977e-01
3.061224489795918657e+01 1.332791449814784979e-01
3.163265306122448806e+01 1.351367894695074123e-01
3.265306122448980375e+01 1.320836408998004308e-01
3.367346938775510523e+01 1.254701125335773715e-01
3.469387755102040671e+01 1.404329857098656209e-01
3.571428571428572241e+01 1.336240483782731026e-01
3.673469387755102389e+01 1.340735133699435255e-01
3.775510204081632537e+01 1.172599722583705234e-01
3.877551020408164106e+01 1.273038281692947249e-01
3.979591836734694255e+01 1.164702788519333121e-01
4.081632653061224403e+01 1.071934713406946516e-01
4.183673469387755972e+01 1.027229012139274644e-01
4.285714285714286120e+01 9.295932666609946216e-02
4.387755102040816269e+01 1.058940012259347169e-01
4.489795918367347838e+01 1.096295205435450226e-01
4.591836734693877986e+01 1.076131935674451423e-01
4.693877551020408134e+01 9.151147779430843232e-02
4.795918367346939704e+01 8.280656724748283737e-02
4.897959183673469852e+01 7.501539602118985350e-02
5.000000000000000000e+01 6.440869861011200292e-02
-5.000000000000000000e+01 6.593564089513952176e-02
-4.897959183673469141e+01 7.435840258405200520e-02
-4.795918367346938993e+01 8.578951622951890010e-02
-4.693877551020408134e+01 9.514571192545243083e-02
-4.591836734693877276e+01 1.113180524582946529e-01
-4.489795918367347127e+01 1.138690954449324000e-01
-4.387755102040816269e+01 1.093077410878039446e-01
-4.285714285714285410e+01 9.612770829668175476e-02
-4.183673469387755262e+01 1.059643027953880712e-01
-4.081632653061224403e+01 1.101176624736261433e-01
-3.979591836734694255e+01 1.202124851966873825e-01
-3.877551020408163396e+01 1.305821981839976886e-01
-3.775510204081632537e+01 1.209011771736051705e-01
-3.673469387755102389e+01 1.380036206820340339e-01
-3.571428571428571530e+01 1.372532253265439373e-01
-3.469387755102040671e+01 1.441344511304626652e-01
-3.367346938775510523e+01 1.287226465524306529e-01
-3.265306122448979664e+01 1.351774667891127435e-01
-3.163265306122448806e+01 1.391584142874620900e-01
-3.061224489795918302e+01 1.374308043000555535e-01
-2.959183673469387799e+01 1.486948430279022848e-01
-2.857142857142856940e+01 1.364529515097154810e-01
-2.755102040816326436e+01 1.542727895820792394e-01
-2.653061224489795933e+01 1.649133408402864154e-01
-2.551020408163265074e+01 1.913094118528555487e-01
-2.448979591836734571e+01 2.063557590833388911e-01
-2.346938775510204067e+01 2.127574440952144097e-01
-2.244897959183673564e+01 2.314556082559057482e-01
-2.142857142857142705e+01 2.660571255774007438e-01
-2.040816326530612201e+01 2.643821135734455985e-01
-1.938775510204081698e+01 2.778944679653153615e-01
-1.836734693877550839e+01 2.867391092885172577e-01
-1.734693877551020336e+01 2.827418190258600972e-01
-1.632653061224489477e+01 3.037399410165629310e-01
-1.530612244897959329e+01 3.200684175917339891e-01
-1.428571428571428470e+01 3.231499876645847480e-01
-1.326530612244897611e+01 3.412775368787872576e-01
-1.224489795918367463e+01 3.698876273779492796e-01
-1.122448979591836604e+01 3.762839634987383275e-01
-1.020408163265305745e+01 3.759411421056505498e-01
-9.183673469387755972e+00 3.918410901462505147e-01
-8.163265306122447384e+00 4.148151334698130799e-01
-7.142857142857138797e+00 4.293998516103321172e-01
-6.122448979591837315e+00 4.532809043223854917e-01
-5.102040816326528727e+00 4.669377874153547436e-01
-4.081632653061220140e+00 4.940230864046100123e-01
-3.061224489795918657e+00 5.327584653953402194e-01
-2.040816326530610070e+00 5.699759718954977572e-01
-1.020408163265301482e+00 6.552986354695757854e-01
0.000000000000000000e+00 9.931558862955429667e-01
1.020408163265308588e+00 6.557258416136330093e-01
2.040816326530610070e+00 5.691045869542592506e-01
3.061224489795918657e+00 5.302968394723688306e-01
4.081632653061227245e+00 4.933526317500995795e-01
5.102040816326528727e+00 4.665887680592400444e-01
6.122448979591837315e+00 4.526983380647705557e-01
7.142857142857145902e+00 4.291896489001201798e-01
8.163265306122447384e+00 4.151723266940593460e-01
9.183673469387755972e+00 3.915957313829795949e-01
1.020408163265306456e+01 3.764350416575449332e-01
1.122448979591836604e+01 3.773246093246233057e-01
1.224489795918367463e+01 3.710678454423209094e-01
1.326530612244898322e+01 3.417235302790571083e-01
1.428571428571429180e+01 3.246346459675658602e-01
1.530612244897959329e+01 3.231993656420013572e-01
1.632653061224489477e+01 3.073600975722488582e-01
1.734693877551021046e+01 2.865728881851405396e-01
1.836734693877551194e+01 2.907506568466700081e-01
1.938775510204081343e+01 2.827938523989670938e-01
2.040816326530612912e+01 2.703086934078340331e-01
2.142857142857143060e+01 2.706185657373835207e-01
2.244897959183673208e+01 2.349959906054739089e-01
2.346938775510204778e+01 2.180869133859504039e-01
2.448979591836734926e+01 2.117115867711664157e-01
2.551020408163265074e+01 1.975740180719416095e-01
2.653061224489796643e+01 1.708500599106738682e-01
2.755102040816326792e+01 1.602447413623864225e-01
2.857142857142856940e+01 1.432730525179243819e-01
2.959183673469388509e+01 1.563290049567766238e-01
3.061224489795918657e+01 1.448661042710356894e-01
3.163265306122448806e+01 1.464501902835056713e-01
3.265306122448980375e+01 1.419004964437789451e-01
3.367346938775510523e+01 1.354335535757657805e-01
3.469387755102040671e+01 1.505704988064345551e-01
3.571428571428572241e+01 1.445136290053120887e-01
3.673469387755102389e+01 1.454698430176213642e-01
3.775510204081632537e+01 1.284484137419220628e-01
3.877551020408164106e+01 1.366233804302215971e-01
3.979591836734694255e+01 1.256541663258060326e-01
4.081632653061224403e+01 1.172112011741670567e-01
4.183673469387755972e+01 1.128600006587850563e-01
4.285714285714286120e+01 1.027083580116956302e-01
4.387755102040816269e+01 1.153030053200675004e-01
4.489795918367347838e+01 1.212417269001156844e-01
4.591836734693877986e+01 1.166623196370505516e-01
4.693877551020408134e+01 1.017123440066435708e-01
4.795918367346939704e+01 9.252428042501505134e-02
4.897959183673469852e+01 8.434313339211714500e-02
5.000000000000000000e+01 7.216419938388121680e-02
