   0.0000E+00   8.1065E-18   3.2633E-02   1.0000E-13
   2.0000E-01  -1.2600E+01
   4.0000E-01  -1.2700E+01
   6.0000E-01  -1.2800E+01
   8.0000E-01  -1.2900E+01
   1.0000E+00  -1.3000E+01
   1.2000E+00  -1.3100E+01
   1.4000E+00  -1.3200E+01
   1.6000E+00  -1.3300E+01
   1.8000E+00  -1.3400E+01
   2.0000E+00  -1.3500E+01
   2.2000E+00  -1.3600E+01
   2.4000E+00  -1.3700E+01
   2.6000E+00  -1.3800E+01
   2.8000E+00  -1.3900E+01
   3.0000E+00  -1.4000E+01
   3.2000E+00  -1.4100E+01
   3.4000E+00  -1.4200E+01
   3.6000E+00  -1.4300E+01
   3.8000E+00  -1.4400E+01
   4.0000E+00  -1.4500E+01
   4.2000E+00  -1.4600E+01
   4.4000E+00  -1.4700E+01
   4.6000E+00  -1.4800E+01
   4.8000E+00  -1.4900E+01
   5.0000E+00  -1.5000E+01
   5.2000E+00  -1.5100E+01
   5.4000E+00  -1.5200E+01
   5.6000E+00  -1.5300E+01
   5.8000E+00  -1.5400E+01
   6.0000E+00  -1.5500E+01
   6.2000E+00  -1.5600E+01
   6.4000E+00  -1.5700E+01
   6.6000E+00  -1.5800E+01
   6.8000E+00  -1.5900E+01
   7.0000E+00  -1.6000E+01
   7.2000E+00  -1.6100E+01
   7.4000E+00  -1.6200E+01
   7.6000E+00  -1.6300E+01
   7.8000E+00  -1.6400E+01
   8.0000E+00  -1.6500E+01
   8.2000E+00  -1.6600E+01
   8.4000E+00  -1.6700E+01
   8.6000E+00  -1.6800E+01
   8.8000E+00  -1.6900E+01
   9.0000E+00  -1.7000E+01
   0.0000E+00   8.1065E-18   3.2633E-02   1.0000E-13
   2.0000E-01  -1.2600E+01
   4.0000E-01  -1.2700E+01
   6.0000E-01  -1.2800E+01
   8.0000E-01  -1.2900E+01
   1.0000E+00  -1.3000E+01
   1.2000E+00  -1.3100E+01
   1.4000E+00  -1.3200E+01
   1.6000E+00  -1.3300E+01
   1.8000E+00  -1.3400E+01
   2.0000E+00  -1.3500E+01
   2.2000E+00  -1.3600E+01
   2.4000E+00  -1.3700E+01
   2.6000E+00  -1.3800E+01
   2.8000E+00  -1.3900E+01
   3.0000E+00  -1.4000E+01
   3.2000E+00  -1.4100E+01
   3.4000E+00  -1.4200E+01
   3.6000E+00  -1.4300E+01
   3.8000E+00  -1.4400E+01
   4.0000E+00  -1.4500E+01
   4.2000E+00  -1.4600E+01
   4.4000E+00  -1.4700E+01
   4.6000E+00  -1.4800E+01
   4.8000E+00  -1.4900E+01
   5.0000E+00  -1.5000E+01
   5.2000E+00  -1.5100E+01
   5.4000E+00  -1.5200E+01
   5.6000E+00  -1.5300E+01
   5.8000E+00  -1.5400E+01
   6.0000E+00  -1.5500E+01
   6.2000E+00  -1.5600E+01
   6.4000E+00  -1.5700E+01
   6.6000E+00  -1.5800E+01
   6.8000E+00  -1.5900E+01
   7.0000E+00  -1.6000E+01
   7.2000E+00  -1.6100E+01
   7.4000E+00  -1.6200E+01
   7.6000E+00  -1.6300E+01
   7.8000E+00  -1.6400E+01
   8.0000E+00  -1.6500E+01
   8.2000E+00  -1.6600E+01
   8.4000E+00  -1.6700E+01
   8.6000E+00  -1.6800E+01
   8.8000E+00  -1.6900E+01
   9.0000E+00  -1.7000E+01
   5.0000E+00   8.0595E-18   4.7924E-02   7.8954E-04
   2.0000E-01  -2.1595E+00
   4.0000E-01  -2.2857E+00
   6.0000E-01  -2.4232E+00
   8.0000E-01  -2.5794E+00
   1.0000E+00  -2.7548E+00
   1.2000E+00  -2.9464E+00
   1.4000E+00  -3.1505E+00
   1.6000E+00  -3.3636E+00
   1.8000E+00  -3.5831E+00
   2.0000E+00  -3.8075E+00
   2.2000E+00  -4.0357E+00
   2.4000E+00  -4.2681E+00
   2.6000E+00  -4.5056E+00
   2.8000E+00  -4.7512E+00
   3.0000E+00  -5.0157E+00
   3.2000E+00  -5.3186E+00
   3.4000E+00  -5.7406E+00
   3.6000E+00  -1.2742E+01
   3.8000E+00  -1.2852E+01
   4.0000E+00  -1.2990E+01
   4.2000E+00  -1.3120E+01
   4.4000E+00  -1.3260E+01
   4.6000E+00  -1.3410E+01
   4.8000E+00  -1.3576E+01
   5.0000E+00  -1.3751E+01
   5.2000E+00  -1.3958E+01
   5.4000E+00  -1.4165E+01
   5.6000E+00  -1.4455E+01
   5.8000E+00  -1.4763E+01
   6.0000E+00  -1.5255E+01
   6.2000E+00  -1.5782E+01
   6.4000E+00  -1.6668E+01
   6.6000E+00  -1.7128E+01
   6.8000E+00  -1.7194E+01
   7.0000E+00  -1.7208E+01
   7.2000E+00  -1.7214E+01
   7.4000E+00  -1.7217E+01
   7.6000E+00  -1.7220E+01
   7.8000E+00  -1.7220E+01
   8.0000E+00  -1.7221E+01
   8.2000E+00  -1.7220E+01
   8.4000E+00  -1.7220E+01
   8.6000E+00  -1.7219E+01
   8.8000E+00  -1.7218E+01
   9.0000E+00  -1.7217E+01
