-5.000000000000000000e+01 -3.739439759316725426e-02
-4.900000000000000000e+01 -4.564652554668982565e-02
-4.800000000000000000e+01 -6.204056714316907167e-02
-4.700000000000000000e+01 -7.215766688414897156e-02
-4.600000000000000000e+01 -8.291518017312017597e-02
-4.500000000000000000e+01 -7.459724962075274524e-02
-4.400000000000000000e+01 -6.236461587088721475e-02
-4.300000000000000000e+01 -4.749892348481542931e-02
-4.200000000000000000e+01 -4.678767253857034347e-02
-4.100000000000000000e+01 -4.236823093570808718e-02
-4.000000000000000000e+01 -4.943947717569154021e-02
-3.900000000000000000e+01 -5.173213041971119752e-02
-3.800000000000000000e+01 -7.111009132644610653e-02
-3.700000000000000000e+01 -8.391132603906704956e-02
-3.600000000000000000e+01 -8.196656962208542785e-02
-3.500000000000000000e+01 -9.272889047131456508e-02
-3.400000000000000000e+01 -8.080929235379991082e-02
-3.300000000000000000e+01 -6.473586873890584126e-02
-3.200000000000000000e+01 -7.570259985638561062e-02
-3.100000000000000000e+01 -7.176787149584558378e-02
-3.000000000000000000e+01 -8.066137204454952581e-02
-2.900000000000000000e+01 -8.114994578444705009e-02
-2.800000000000000000e+01 -7.340531244643977438e-02
-2.700000000000000000e+01 -9.673757585907757917e-02
-2.600000000000000000e+01 -9.843399330014325488e-02
-2.500000000000000000e+01 -1.071810511056064119e-01
-2.400000000000000000e+01 -1.469179409027752403e-01
-2.300000000000000000e+01 -1.561927556884245838e-01
-2.200000000000000000e+01 -1.674140492703042049e-01
-2.100000000000000000e+01 -1.846273275599700225e-01
-2.000000000000000000e+01 -1.903640094188580878e-01
-1.900000000000000000e+01 -2.007909683053499539e-01
-1.800000000000000000e+01 -2.083355527194815093e-01
-1.700000000000000000e+01 -2.103067887470681241e-01
-1.600000000000000000e+01 -2.099333217881773073e-01
-1.500000000000000000e+01 -2.338298733451249223e-01
-1.400000000000000000e+01 -2.307662722026712354e-01
-1.300000000000000000e+01 -2.469522607509501977e-01
-1.200000000000000000e+01 -2.827771250461625918e-01
-1.100000000000000000e+01 -3.009696469057587809e-01
-1.000000000000000000e+01 -2.912117954000116304e-01
-9.000000000000000000e+00 -3.039767222123018753e-01
-8.000000000000000000e+00 -3.285865774993071975e-01
-7.000000000000000000e+00 -3.393234186175573819e-01
-6.000000000000000000e+00 -3.615752117445678038e-01
-5.000000000000000000e+00 -3.846322902976656022e-01
-4.000000000000000000e+00 -4.107114086181526402e-01
-3.000000000000000000e+00 -4.608169955740551993e-01
-2.000000000000000000e+00 -4.873322544315013549e-01
-1.000000000000000000e+00 -5.092940391044914472e-01
0.000000000000000000e+00 -8.297473891226209153e-01
1.000000000000000000e+00 -7.357095275496934317e-01
2.000000000000000000e+00 -4.955503079275194178e-01
3.000000000000000000e+00 -4.828622329119385270e-01
4.000000000000000000e+00 -4.411468877660508214e-01
5.000000000000000000e+00 -4.038026924541859852e-01
6.000000000000000000e+00 -3.774722990750930540e-01
7.000000000000000000e+00 -3.562357519157408614e-01
8.000000000000000000e+00 -3.416915408825520473e-01
9.000000000000000000e+00 -3.227242143866267954e-01
1.000000000000000000e+01 -2.894188945361377274e-01
1.100000000000000000e+01 -2.907730458419733877e-01
1.200000000000000000e+01 -2.856834068824600781e-01
1.300000000000000000e+01 -2.568453048661706317e-01
1.400000000000000000e+01 -2.399845402807101180e-01
1.500000000000000000e+01 -2.345144743473131232e-01
1.600000000000000000e+01 -2.241410893853640340e-01
1.700000000000000000e+01 -2.158542955093293858e-01
1.800000000000000000e+01 -2.137301287298135066e-01
1.900000000000000000e+01 -2.060452339814209388e-01
2.000000000000000000e+01 -1.937389696300031439e-01
2.100000000000000000e+01 -1.797848832037162448e-01
2.200000000000000000e+01 -1.664281415462599834e-01
2.300000000000000000e+01 -1.587231864948211169e-01
2.400000000000000000e+01 -1.610321000295591998e-01
2.500000000000000000e+01 -1.344596093732123576e-01
2.600000000000000000e+01 -1.021939656566808741e-01
2.700000000000000000e+01 -9.642273837128387259e-02
2.800000000000000000e+01 -8.391873066741317722e-02
2.900000000000000000e+01 -6.866760034109063715e-02
3.000000000000000000e+01 -7.409216087089820491e-02
3.100000000000000000e+01 -6.408133662673105857e-02
3.200000000000000000e+01 -5.485495158831054513e-02
3.300000000000000000e+01 -4.701314422287915240e-02
3.400000000000000000e+01 -4.491053434303310388e-02
3.500000000000000000e+01 -5.763636682351672147e-02
3.600000000000000000e+01 -7.014582288816711975e-02
3.700000000000000000e+01 -6.002513367869885541e-02
3.800000000000000000e+01 -6.663222134465389412e-02
3.900000000000000000e+01 -5.392564900008385564e-02
4.000000000000000000e+01 -4.999496897564752185e-02
4.100000000000000000e+01 -5.104656452967296781e-02
4.200000000000000000e+01 -5.651312585408070632e-02
4.300000000000000000e+01 -5.355186040599964337e-02
4.400000000000000000e+01 -6.412395454681928120e-02
4.500000000000000000e+01 -8.211668397927647522e-02
4.600000000000000000e+01 -8.874135660357139466e-02
4.700000000000000000e+01 -8.022473454172596163e-02
4.800000000000000000e+01 -6.297543358039782435e-02
4.900000000000000000e+01 -5.597361837669798806e-02
5.000000000000000000e+01 -4.237484129709744030e-02
-5.000000000000000000e+01 3.373598138241101774e-02
-4.900000000000000000e+01 5.422088316392605079e-02
-4.800000000000000000e+01 5.332500157630291199e-02
-4.700000000000000000e+01 6.189935142414956792e-02
-4.600000000000000000e+01 6.607453174701582999e-02
-4.500000000000000000e+01 6.740144040551793170e-02
-4.400000000000000000e+01 6.167323627358553551e-02
-4.300000000000000000e+01 6.071044096515831184e-02
-4.200000000000000000e+01 5.897516039781350305e-02
-4.100000000000000000e+01 5.492302379082513591e-02
-4.000000000000000000e+01 5.773893530024620108e-02
-3.900000000000000000e+01 5.284143051555454523e-02
-3.800000000000000000e+01 7.449894940254281339e-02
-3.700000000000000000e+01 8.521102234142272080e-02
-3.600000000000000000e+01 8.297836507365759229e-02
-3.500000000000000000e+01 6.952928276359574000e-02
-3.400000000000000000e+01 4.527962350657796509e-02
-3.300000000000000000e+01 4.088054284662052257e-02
-3.200000000000000000e+01 5.654195522028571813e-02
-3.100000000000000000e+01 5.830207241418722264e-02
-3.000000000000000000e+01 6.732796469061434752e-02
-2.900000000000000000e+01 6.191507764745429743e-02
-2.800000000000000000e+01 6.730250442222966700e-02
-2.700000000000000000e+01 6.933317422149443132e-02
-2.600000000000000000e+01 7.337162557835151533e-02
-2.500000000000000000e+01 1.053343825450224203e-01
-2.400000000000000000e+01 1.313052205931953542e-01
-2.300000000000000000e+01 1.395952886449557118e-01
-2.200000000000000000e+01 1.325505958484890778e-01
-2.100000000000000000e+01 1.321621356105882605e-01
-2.000000000000000000e+01 1.415824587058180095e-01
-1.900000000000000000e+01 1.481311397640578398e-01
-1.800000000000000000e+01 1.517971395319629990e-01
-1.700000000000000000e+01 1.620426312161733773e-01
-1.600000000000000000e+01 1.724284165258018198e-01
-1.500000000000000000e+01 1.782903862236792647e-01
-1.400000000000000000e+01 1.788688998764198512e-01
-1.300000000000000000e+01 2.090191934687292696e-01
-1.200000000000000000e+01 2.362911035100431489e-01
-1.100000000000000000e+01 2.401951346031057921e-01
-1.000000000000000000e+01 2.349714939596432572e-01
-9.000000000000000000e+00 2.654387750550745717e-01
-8.000000000000000000e+00 2.983847018987978439e-01
-7.000000000000000000e+00 3.157735880973621123e-01
-6.000000000000000000e+00 3.347985538668317718e-01
-5.000000000000000000e+00 3.584051615282368708e-01
-4.000000000000000000e+00 3.864224927377896690e-01
-3.000000000000000000e+00 4.340187777469807218e-01
-2.000000000000000000e+00 4.335769097064412492e-01
-1.000000000000000000e+00 6.317585557820909470e-01
0.000000000000000000e+00 8.498622649432617804e-01
1.000000000000000000e+00 5.396233901669694744e-01
2.000000000000000000e+00 4.296872768364587980e-01
3.000000000000000000e+00 4.145646234548416853e-01
4.000000000000000000e+00 3.733916069627424839e-01
5.000000000000000000e+00 3.478710581620498843e-01
6.000000000000000000e+00 3.283097590962692491e-01
7.000000000000000000e+00 3.143207439740344777e-01
8.000000000000000000e+00 3.015019946993842126e-01
9.000000000000000000e+00 2.666078434531541363e-01
1.000000000000000000e+01 2.475727074737664735e-01
1.100000000000000000e+01 2.533504944982904461e-01
1.200000000000000000e+01 2.460017892964540542e-01
1.300000000000000000e+01 2.073357946558741782e-01
1.400000000000000000e+01 1.727890672298424413e-01
1.500000000000000000e+01 1.687063979636239386e-01
1.600000000000000000e+01 1.512936429671808969e-01
1.700000000000000000e+01 1.444999225258125075e-01
1.800000000000000000e+01 1.387851702571757939e-01
1.900000000000000000e+01 1.304681668362422386e-01
2.000000000000000000e+01 1.202091736189630222e-01
2.100000000000000000e+01 1.114276282273334445e-01
2.200000000000000000e+01 1.097325118798849197e-01
2.300000000000000000e+01 1.184754098030297714e-01
2.400000000000000000e+01 9.859880980855677268e-02
2.500000000000000000e+01 6.299927882586017769e-02
2.600000000000000000e+01 5.167946552111222364e-02
2.700000000000000000e+01 5.298897945801584602e-02
2.800000000000000000e+01 4.780404119194739399e-02
2.900000000000000000e+01 4.680006293833573194e-02
3.000000000000000000e+01 4.648260111484874002e-02
3.100000000000000000e+01 3.787702354330799853e-02
3.200000000000000000e+01 4.129202089155398908e-02
3.300000000000000000e+01 3.118965460905493564e-02
3.400000000000000000e+01 4.951586501143444285e-02
3.500000000000000000e+01 7.869222914721027418e-02
3.600000000000000000e+01 7.749225988620060679e-02
3.700000000000000000e+01 7.708457954326879136e-02
3.800000000000000000e+01 6.436255539406600390e-02
3.900000000000000000e+01 4.440991135869520184e-02
4.000000000000000000e+01 4.902001322629417901e-02
4.100000000000000000e+01 4.214109719655417807e-02
4.200000000000000000e+01 3.936320024335665524e-02
4.300000000000000000e+01 4.424823291427761041e-02
4.400000000000000000e+01 6.025202782627440967e-02
4.500000000000000000e+01 6.364294743480682082e-02
4.600000000000000000e+01 6.623579073060657796e-02
4.700000000000000000e+01 5.337788358688267537e-02
4.800000000000000000e+01 5.220882165328562946e-02
4.900000000000000000e+01 4.947733161723851664e-02
5.000000000000000000e+01 3.513767298465845373e-02
-5.000000000000000000e+01 -1.227417190738660201e-02
-4.900000000000000000e+01 -1.323235679983237462e-02
-4.800000000000000000e+01 -2.545294470768920056e-02
-4.700000000000000000e+01 -2.551697095742148230e-02
-4.600000000000000000e+01 -4.595572708834529119e-02
-4.500000000000000000e+01 -4.203612233281603383e-02
-4.400000000000000000e+01 -3.292971750366541911e-02
-4.300000000000000000e+01 -2.513675114028057420e-02
-4.200000000000000000e+01 -2.566504458108942802e-02
-4.100000000000000000e+01 -2.640003906740108486e-02
-4.000000000000000000e+01 -3.359757614008926363e-02
-3.900000000000000000e+01 -3.233525086923925984e-02
-3.800000000000000000e+01 -5.138142305426757900e-02
-3.700000000000000000e+01 -6.855665722771936421e-02
-3.600000000000000000e+01 -5.941820321514166420e-02
-3.500000000000000000e+01 -6.445514315305433950e-02
-3.400000000000000000e+01 -5.118996179461374196e-02
-3.300000000000000000e+01 -2.795411770364194040e-02
-3.200000000000000000e+01 -3.111815605059238890e-02
-3.100000000000000000e+01 -3.221877830076209231e-02
-3.000000000000000000e+01 -3.992448595596326949e-02
-2.900000000000000000e+01 -4.330047522987889863e-02
-2.800000000000000000e+01 -2.826426048187561171e-02
-2.700000000000000000e+01 -4.240927251119194774e-02
-2.600000000000000000e+01 -4.588096745340163735e-02
-2.500000000000000000e+01 -5.056392978693267232e-02
-2.400000000000000000e+01 -8.452189815064513334e-02
-2.300000000000000000e+01 -9.739950010280964965e-02
-2.200000000000000000e+01 -1.041954149346682457e-01
-2.100000000000000000e+01 -1.082212118906067944e-01
-2.000000000000000000e+01 -1.105103416236947467e-01
-1.900000000000000000e+01 -1.232588716103857340e-01
-1.800000000000000000e+01 -1.299484362375317725e-01
-1.700000000000000000e+01 -1.284080660868862078e-01
-1.600000000000000000e+01 -1.261064693744473331e-01
-1.500000000000000000e+01 -1.500454515087598917e-01
-1.400000000000000000e+01 -1.467517398100757764e-01
-1.300000000000000000e+01 -1.593452749363353238e-01
-1.200000000000000000e+01 -1.984874224133781895e-01
-1.100000000000000000e+01 -2.130176636018815683e-01
-1.000000000000000000e+01 -2.002273341216289915e-01
-9.000000000000000000e+00 -2.025629143618889183e-01
-8.000000000000000000e+00 -2.288671618719712586e-01
-7.000000000000000000e+00 -2.400191689765534542e-01
-6.000000000000000000e+00 -2.585067350092613014e-01
-5.000000000000000000e+00 -2.710402624807123906e-01
-4.000000000000000000e+00 -2.897977282139220234e-01
-3.000000000000000000e+00 -3.109800240177753028e-01
-2.000000000000000000e+00 -3.335146006196732515e-01
-1.000000000000000000e+00 -3.153855359406879111e-01
0.000000000000000000e+00 -5.659011325925035196e-01
1.000000000000000000e+00 -5.894337498758441818e-01
2.000000000000000000e+00 -3.592675170530637563e-01
3.000000000000000000e+00 -3.473657802723211785e-01
4.000000000000000000e+00 -3.242142804677421442e-01
5.000000000000000000e+00 -3.041267713228369418e-01
6.000000000000000000e+00 -2.808485212963391930e-01
7.000000000000000000e+00 -2.637433261816403696e-01
8.000000000000000000e+00 -2.517837670195436361e-01
9.000000000000000000e+00 -2.312685806920716514e-01
1.000000000000000000e+01 -1.974987411336352749e-01
1.100000000000000000e+01 -1.986825166659038078e-01
1.200000000000000000e+01 -1.995037791150515438e-01
1.300000000000000000e+01 -1.774197912273953459e-01
1.400000000000000000e+01 -1.634823291415612445e-01
1.500000000000000000e+01 -1.558316727325160800e-01
1.600000000000000000e+01 -1.540179962675072844e-01
1.700000000000000000e+01 -1.442646480423081801e-01
1.800000000000000000e+01 -1.362275133642857627e-01
1.900000000000000000e+01 -1.348350043442657076e-01
2.000000000000000000e+01 -1.368055316297583091e-01
2.100000000000000000e+01 -1.236055795451540124e-01
2.200000000000000000e+01 -1.145434309313998339e-01
2.300000000000000000e+01 -1.110068990602680050e-01
2.400000000000000000e+01 -1.162856749136519513e-01
2.500000000000000000e+01 -1.006989174363296657e-01
2.600000000000000000e+01 -6.895459164325498658e-02
2.700000000000000000e+01 -5.307699815950873978e-02
2.800000000000000000e+01 -5.116332099096979752e-02
2.900000000000000000e+01 -3.593091419518180257e-02
3.000000000000000000e+01 -3.432977931149673589e-02
3.100000000000000000e+01 -3.407643464474103406e-02
3.200000000000000000e+01 -2.672798873137083656e-02
3.300000000000000000e+01 -1.653868344799810583e-02
3.400000000000000000e+01 -1.571072612668259622e-02
3.500000000000000000e+01 -2.272721167738846193e-02
3.600000000000000000e+01 -4.006836504373251229e-02
3.700000000000000000e+01 -4.502099810651541412e-02
3.800000000000000000e+01 -5.286532497515637752e-02
3.900000000000000000e+01 -3.957877146138778085e-02
4.000000000000000000e+01 -3.467560010671439513e-02
4.100000000000000000e+01 -3.704187966354875045e-02
4.200000000000000000e+01 -4.617361812135160198e-02
4.300000000000000000e+01 -4.664839415041898557e-02
4.400000000000000000e+01 -4.715357879826897330e-02
4.500000000000000000e+01 -5.610126753346493522e-02
4.600000000000000000e+01 -5.851002706809094178e-02
4.700000000000000000e+01 -5.252163454808404797e-02
4.800000000000000000e+01 -3.734638792770517135e-02
4.900000000000000000e+01 -3.411058832840561938e-02
5.000000000000000000e+01 -2.196029629572032391e-02
