   0.0000E+00   1.4150E+00
   0.0000E+00   1.0720E+00
   1.0000E+00   1.0766E+00
   2.0000E+00   1.2022E+00
   3.0000E+00   1.2761E+00
   4.0000E+00   1.3354E+00
   5.0000E+00   1.3956E+00
   6.0000E+00   1.4702E+00
   7.0000E+00   1.5656E+00
   8.0000E+00   1.6726E+00
   9.0000E+00   1.7917E+00
   1.0000E+01   1.9132E+00
   1.1000E+01   2.0032E+00
   1.2000E+01   2.0253E+00
   1.3000E+01   1.9198E+00
   1.4000E+01   1.2368E+00
   1.5000E+01  -2.6059E-01
   1.6000E+01  -2.6059E-01
   1.6000E+01   1.4150E+00
   1.6000E+01  -2.6059E-01
   1.6000E+01   1.4150E+00
   1.6000E+01  -2.6059E-01
   1.6000E+01   1.4150E+00
   1.6000E+01  -2.6059E-01
   1.6000E+01   1.4150E+00
   1.6000E+01  -2.6059E-01
   1.6000E+01   1.4150E+00
   1.6000E+01  -2.6059E-01
   1.6000E+01   1.4150E+00
   1.6000E+01  -2.6059E-01
   1.7000E+01  -2.6059E-01
   1.7000E+01   1.4150E+00
   1.7000E+01  -2.6059E-01
   1.7000E+01   1.4150E+00
   1.7000E+01  -2.6059E-01
