   0.0000E+00   1.4150E+00
   0.0000E+00   1.0766E+00
   1.0000E+00   1.0790E+00
   2.0000E+00   1.1470E+00
   3.0000E+00   1.1395E+00
   4.0000E+00   1.0950E+00
   5.0000E+00   1.0699E+00
   6.0000E+00   1.1165E+00
   7.0000E+00   1.2399E+00
   8.0000E+00   1.3647E+00
   9.0000E+00   1.4510E+00
   1.0000E+01   1.4887E+00
   1.1000E+01   1.4701E+00
   1.2000E+01   1.3992E+00
   1.3000E+01   1.2651E+00
   1.4000E+01   1.0294E+00
   1.5000E+01   6.1703E-01
   1.6000E+01   4.6719E-01
   1.7000E+01   1.0629E+00
   1.8000E+01   1.5432E+00
   1.9000E+01   1.8460E+00
   2.0000E+01   2.0292E+00
   2.1000E+01   2.1169E+00
   2.2000E+01   2.1189E+00
   2.3000E+01   2.0331E+00
   2.4000E+01   1.8612E+00
   2.5000E+01   1.5961E+00
   2.6000E+01   1.3257E+00
   2.7000E+01   1.2722E+00
   2.8000E+01   1.3998E+00
   2.9000E+01   1.5194E+00
   3.0000E+01   1.5440E+00
   3.1000E+01   1.5132E+00
   3.2000E+01   1.5126E+00
   3.3000E+01   1.6190E+00
   3.4000E+01   1.8113E+00
   3.5000E+01   1.9864E+00
   3.6000E+01   2.1009E+00
   3.7000E+01   2.1523E+00
   3.8000E+01   2.1284E+00
   3.9000E+01   2.0390E+00
   4.0000E+01   1.8901E+00
   4.1000E+01   1.7145E+00
   4.2000E+01   1.5946E+00
   4.3000E+01   1.5818E+00
   4.4000E+01   1.6286E+00
   4.5000E+01   1.6617E+00
   4.6000E+01   1.6440E+00
   4.7000E+01   1.5872E+00
   4.8000E+01   1.5098E+00
   4.9000E+01   1.4389E+00
   5.0000E+01   1.4173E+00
   5.1000E+01   1.4384E+00
   5.2000E+01   1.4765E+00
   5.3000E+01   1.5126E+00
   5.4000E+01   1.5373E+00
   5.5000E+01   1.5471E+00
   5.6000E+01   1.5431E+00
   5.7000E+01   1.5253E+00
   5.8000E+01   1.4945E+00
   5.9000E+01   1.4747E+00
   6.0000E+01   1.4795E+00
   6.1000E+01   1.5232E+00
   6.2000E+01   1.5945E+00
   6.3000E+01   1.6551E+00
   6.4000E+01   1.6855E+00
   6.5000E+01   1.6666E+00
   6.6000E+01   1.6038E+00
   6.7000E+01   1.5326E+00
   6.8000E+01   1.5205E+00
   6.9000E+01   1.6166E+00
   7.0000E+01   1.7526E+00
   7.1000E+01   1.8580E+00
   7.2000E+01   1.9070E+00
   7.3000E+01   1.8829E+00
   7.4000E+01   1.7923E+00
   7.5000E+01   1.6702E+00
   7.6000E+01   1.6034E+00
   7.7000E+01   1.6883E+00
   7.8000E+01   1.8343E+00
   7.9000E+01   1.9503E+00
   8.0000E+01   2.0071E+00
   8.1000E+01   1.9888E+00
   8.2000E+01   1.9289E+00
   8.3000E+01   1.8870E+00
   8.4000E+01   1.9360E+00
   8.5000E+01   2.0848E+00
   8.6000E+01   2.2284E+00
   8.7000E+01   2.3302E+00
   8.8000E+01   2.3757E+00
   8.9000E+01   2.3565E+00
   9.0000E+01   2.2918E+00
   9.1000E+01   2.1841E+00
   9.2000E+01   2.0532E+00
   9.3000E+01   1.9286E+00
   9.4000E+01   1.8329E+00
   9.5000E+01   1.7748E+00
   9.6000E+01   1.7625E+00
   9.7000E+01   1.7813E+00
   9.8000E+01   1.8139E+00
   9.9000E+01   1.8401E+00
   1.0000E+02   1.8487E+00
   1.0100E+02   1.8357E+00
   1.0200E+02   1.8121E+00
   1.0300E+02   1.7800E+00
   1.0400E+02   1.7525E+00
   1.0500E+02   1.7382E+00
   1.0600E+02   1.7344E+00
   1.0700E+02   1.7396E+00
   1.0800E+02   1.7520E+00
   1.0900E+02   1.7663E+00
   1.1000E+02   1.7752E+00
   1.1100E+02   1.7715E+00
   1.1200E+02   1.7496E+00
   1.1300E+02   1.7024E+00
   1.1400E+02   1.6195E+00
   1.1500E+02   1.4870E+00
   1.1600E+02   1.2436E+00
   1.1700E+02   8.9594E-01
   1.1800E+02   9.8555E-01
   1.1900E+02   1.4934E+00
   1.2000E+02   1.8879E+00
   1.2100E+02   2.1443E+00
   1.2200E+02   2.2877E+00
   1.2300E+02   2.3578E+00
   1.2400E+02   2.3515E+00
   1.2500E+02   2.2875E+00
   1.2600E+02   2.1733E+00
   1.2700E+02   2.0161E+00
   1.2800E+02   1.8489E+00
   1.2900E+02   1.7196E+00
   1.3000E+02   1.6615E+00
   1.3100E+02   1.7067E+00
   1.3200E+02   1.8148E+00
   1.3300E+02   1.9237E+00
   1.3400E+02   2.0081E+00
   1.3500E+02   2.0546E+00
   1.3600E+02   2.0623E+00
   1.3700E+02   2.0383E+00
   1.3800E+02   1.9897E+00
   1.3900E+02   1.9102E+00
   1.4000E+02   1.8057E+00
   1.4100E+02   1.6701E+00
   1.4200E+02   1.5272E+00
   1.4300E+02   1.4295E+00
   1.4400E+02   1.4371E+00
   1.4500E+02   1.5172E+00
   1.4600E+02   1.6161E+00
   1.4700E+02   1.7063E+00
   1.4800E+02   1.7659E+00
   1.4900E+02   1.8096E+00
   1.5000E+02   1.8270E+00
   1.5100E+02   1.8211E+00
   1.5200E+02   1.7958E+00
   1.5300E+02   1.7638E+00
   1.5400E+02   1.7448E+00
   1.5500E+02   1.7548E+00
   1.5600E+02   1.7811E+00
   1.5700E+02   1.8001E+00
   1.5800E+02   1.7896E+00
   1.5900E+02   1.7272E+00
   1.6000E+02   1.6100E+00
   1.6100E+02   1.4744E+00
   1.6200E+02   1.4056E+00
   1.6300E+02   1.4991E+00
   1.6400E+02   1.6563E+00
   1.6500E+02   1.7813E+00
   1.6600E+02   1.8580E+00
   1.6700E+02   1.8753E+00
   1.6800E+02   1.8491E+00
   1.6900E+02   1.7906E+00
   1.7000E+02   1.6981E+00
   1.7100E+02   1.5988E+00
   1.7200E+02   1.4937E+00
   1.7300E+02   1.4370E+00
   1.7400E+02   1.4726E+00
   1.7500E+02   1.5909E+00
   1.7600E+02   1.7020E+00
   1.7700E+02   1.7833E+00
   1.7800E+02   1.8084E+00
   1.7900E+02   1.7779E+00
   1.8000E+02   1.7069E+00
   1.8100E+02   1.6086E+00
   1.8200E+02   1.5174E+00
   1.8300E+02   1.4796E+00
   1.8400E+02   1.5205E+00
   1.8500E+02   1.6276E+00
   1.8600E+02   1.7615E+00
   1.8700E+02   1.8882E+00
   1.8800E+02   1.9779E+00
   1.8900E+02   2.0154E+00
   1.9000E+02   1.9903E+00
   1.9100E+02   1.9000E+00
   1.9200E+02   1.7462E+00
   1.9300E+02   1.5480E+00
   1.9400E+02   1.4108E+00
   1.9500E+02   1.4473E+00
   1.9600E+02   1.5774E+00
   1.9700E+02   1.7102E+00
   1.9800E+02   1.8089E+00
   1.9900E+02   1.8717E+00
   2.0000E+02   1.8985E+00
   2.0100E+02   1.8866E+00
   2.0200E+02   1.8299E+00
   2.0300E+02   1.7223E+00
   2.0400E+02   1.5827E+00
   2.0500E+02   1.4693E+00
   2.0600E+02   1.4707E+00
   2.0700E+02   1.5561E+00
   2.0800E+02   1.6465E+00
   2.0900E+02   1.6959E+00
   2.1000E+02   1.6927E+00
   2.1100E+02   1.6787E+00
   2.1200E+02   1.7105E+00
   2.1300E+02   1.8212E+00
   2.1400E+02   1.9829E+00
   2.1500E+02   2.1136E+00
   2.1600E+02   2.1963E+00
   2.1700E+02   2.2221E+00
   2.1800E+02   2.1858E+00
   2.1900E+02   2.0969E+00
   2.2000E+02   1.9670E+00
   2.2100E+02   1.8150E+00
   2.2200E+02   1.6839E+00
   2.2300E+02   1.5959E+00
   2.2400E+02   1.5538E+00
   2.2500E+02   1.5272E+00
   2.2600E+02   1.5041E+00
   2.2700E+02   1.4831E+00
   2.2800E+02   1.4831E+00
   2.2900E+02   1.5065E+00
   2.3000E+02   1.5414E+00
   2.3100E+02   1.5819E+00
   2.3200E+02   1.6062E+00
   2.3300E+02   1.6109E+00
   2.3400E+02   1.5950E+00
   2.3500E+02   1.5788E+00
   2.3600E+02   1.5728E+00
   2.3700E+02   1.5917E+00
   2.3800E+02   1.6256E+00
   2.3900E+02   1.6498E+00
   2.4000E+02   1.6518E+00
   2.4100E+02   1.6138E+00
   2.4200E+02   1.5443E+00
   2.4300E+02   1.4709E+00
   2.4400E+02   1.4488E+00
   2.4500E+02   1.5120E+00
   2.4600E+02   1.6157E+00
   2.4700E+02   1.6970E+00
   2.4800E+02   1.7402E+00
   2.4900E+02   1.7342E+00
   2.5000E+02   1.7005E+00
   2.5100E+02   1.6742E+00
   2.5200E+02   1.6923E+00
   2.5300E+02   1.7665E+00
   2.5400E+02   1.8507E+00
   2.5500E+02   1.9031E+00
   2.5600E+02   1.9049E+00
   2.5700E+02   1.8409E+00
   2.5800E+02   1.7274E+00
   2.5900E+02   1.5876E+00
   2.6000E+02   1.5236E+00
   2.6100E+02   1.6001E+00
   2.6200E+02   1.7127E+00
   2.6300E+02   1.8013E+00
   2.6400E+02   1.8210E+00
   2.6400E+02   1.4150E+00
   2.6400E+02   1.8212E+00
   2.6500E+02   1.7744E+00
   2.6600E+02   1.6848E+00
   2.6700E+02   1.5799E+00
   2.6800E+02   1.5550E+00
   2.6900E+02   1.6302E+00
   2.7000E+02   1.7162E+00
   2.7100E+02   1.7934E+00
   2.7200E+02   1.8264E+00
   2.7300E+02   1.8250E+00
   2.7400E+02   1.7992E+00
   2.7500E+02   1.7541E+00
   2.7600E+02   1.6958E+00
   2.7700E+02   1.6504E+00
   2.7800E+02   1.6149E+00
   2.7900E+02   1.5877E+00
   2.8000E+02   1.5819E+00
   2.8100E+02   1.5927E+00
   2.8200E+02   1.5994E+00
   2.8300E+02   1.5973E+00
   2.8400E+02   1.5616E+00
   2.8500E+02   1.5057E+00
   2.8600E+02   1.4719E+00
   2.8700E+02   1.4135E+00
   2.8800E+02   1.3589E+00
   2.8900E+02   1.3246E+00
   2.9000E+02   1.3211E+00
   2.9100E+02   1.3515E+00
   2.9200E+02   1.3987E+00
   2.9300E+02   1.4193E+00
   2.9400E+02   1.4439E+00
   2.9500E+02   1.4178E+00
   2.9600E+02   1.3754E+00
   2.9700E+02   1.2535E+00
   2.9800E+02   1.1073E+00
   2.9900E+02   9.7770E-01
   3.0000E+02   8.8065E-01
   3.0100E+02   9.3450E-01
   3.0200E+02   1.0534E+00
   3.0300E+02   1.2401E+00
   3.0400E+02   1.4074E+00
   3.0500E+02   1.5239E+00
   3.0600E+02   1.5872E+00
   3.0700E+02   1.5732E+00
   3.0800E+02   1.4969E+00
   3.0900E+02   1.4072E+00
   3.1000E+02   1.2915E+00
   3.1100E+02   1.3032E+00
   3.1200E+02   1.3976E+00
   3.1300E+02   1.4988E+00
   3.1400E+02   1.5659E+00
   3.1500E+02   1.5688E+00
   3.1600E+02   1.5036E+00
   3.1700E+02   1.4215E+00
   3.1800E+02   1.3035E+00
   3.1900E+02   1.2415E+00
   3.2000E+02   1.2517E+00
   3.2100E+02   1.2875E+00
   3.2200E+02   1.2966E+00
   3.2300E+02   1.2532E+00
   3.2400E+02   1.1690E+00
   3.2500E+02   1.0752E+00
   3.2600E+02   1.0000E+00
   3.2700E+02   1.0125E+00
   3.2800E+02   1.0965E+00
   3.2900E+02   1.1872E+00
   3.3000E+02   1.2248E+00
   3.3100E+02   1.2204E+00
   3.3200E+02   1.1510E+00
   3.3300E+02   1.0810E+00
   3.3400E+02   1.0394E+00
   3.3500E+02   9.9543E-01
   3.3600E+02   9.6793E-01
   3.3700E+02   9.5737E-01
   3.3800E+02   9.4754E-01
   3.3900E+02   9.1859E-01
   3.4000E+02   8.9769E-01
   3.4100E+02   8.4452E-01
   3.4200E+02   8.1311E-01
   3.4300E+02   7.4764E-01
   3.4400E+02   7.2363E-01
   3.4500E+02   6.9595E-01
   3.4600E+02   6.9117E-01
   3.4700E+02   7.0939E-01
   3.4800E+02   7.5576E-01
   3.4900E+02   8.0025E-01
   3.5000E+02   8.1702E-01
   3.5100E+02   8.4612E-01
   3.5200E+02   8.5416E-01
   3.5300E+02   8.5832E-01
   3.5400E+02   8.5501E-01
   3.5500E+02   8.3983E-01
   3.5600E+02   8.1725E-01
   3.5700E+02   7.8088E-01
   3.5800E+02   6.9074E-01
   3.5900E+02   6.5674E-01
   3.6000E+02   7.4014E-01
   3.6100E+02   9.9528E-01
   3.6200E+02   1.2227E+00
   3.6300E+02   1.4183E+00
   3.6400E+02   1.5460E+00
   3.6500E+02   1.5846E+00
   3.6600E+02   1.5267E+00
   3.6700E+02   1.4164E+00
   3.6800E+02   1.1881E+00
   3.6900E+02   8.7437E-01
   3.7000E+02   6.7460E-01
   3.7100E+02   8.1887E-01
   3.7200E+02   1.0190E+00
   3.7300E+02   1.1735E+00
   3.7400E+02   1.2408E+00
   3.7500E+02   1.2681E+00
   3.7600E+02   1.2739E+00
   3.7700E+02   1.2835E+00
   3.7800E+02   1.2996E+00
   3.7900E+02   1.3050E+00
   3.8000E+02   1.2937E+00
   3.8100E+02   1.2730E+00
   3.8200E+02   1.1878E+00
   3.8300E+02   1.0923E+00
   3.8300E+02   1.4150E+00
   3.8300E+02   1.1262E+00
   3.8400E+02   1.0026E+00
   3.8500E+02   8.4883E-01
   3.8600E+02   7.3155E-01
   3.8700E+02   6.4243E-01
   3.8800E+02   6.3550E-01
   3.8900E+02   6.7717E-01
   3.9000E+02   7.8502E-01
   3.9100E+02   8.3786E-01
   3.9200E+02   9.0847E-01
   3.9300E+02   9.5576E-01
   3.9400E+02   9.8096E-01
   3.9500E+02   9.9711E-01
   3.9600E+02   1.0069E+00
   3.9700E+02   1.0117E+00
   3.9700E+02   1.4150E+00
   3.9700E+02   1.0103E+00
   3.9700E+02   1.4150E+00
   3.9700E+02   1.4150E+00
   3.9700E+02   1.4150E+00
   3.9700E+02   1.0103E+00
   3.9700E+02   1.4150E+00
   3.9700E+02   1.0103E+00
   3.9700E+02   1.4150E+00
   3.9700E+02   1.0103E+00
   3.9800E+02   1.0141E+00
   3.9800E+02   1.4150E+00
   3.9800E+02   1.0141E+00
   3.9800E+02   1.4150E+00
   3.9800E+02   1.0141E+00
