   0.0000E+00   8.1065E-18   3.2633E-02   1.0000E-13
   2.0000E-01  -1.2600E+01
   4.0000E-01  -1.2700E+01
   6.0000E-01  -1.2800E+01
   8.0000E-01  -1.2900E+01
   1.0000E+00  -1.3000E+01
   1.2000E+00  -1.3100E+01
   1.4000E+00  -1.3200E+01
   1.6000E+00  -1.3300E+01
   1.8000E+00  -1.3400E+01
   2.0000E+00  -1.3500E+01
   2.2000E+00  -1.3600E+01
   2.4000E+00  -1.3700E+01
   2.6000E+00  -1.3800E+01
   2.8000E+00  -1.3900E+01
   3.0000E+00  -1.4000E+01
   3.2000E+00  -1.4100E+01
   3.4000E+00  -1.4200E+01
   3.6000E+00  -1.4300E+01
   3.8000E+00  -1.4400E+01
   4.0000E+00  -1.4500E+01
   4.2000E+00  -1.4600E+01
   4.4000E+00  -1.4700E+01
   4.6000E+00  -1.4800E+01
   4.8000E+00  -1.4900E+01
   5.0000E+00  -1.5000E+01
   5.2000E+00  -1.5100E+01
   5.4000E+00  -1.5200E+01
   5.6000E+00  -1.5300E+01
   5.8000E+00  -1.5400E+01
   6.0000E+00  -1.5500E+01
   6.2000E+00  -1.5600E+01
   6.4000E+00  -1.5700E+01
   6.6000E+00  -1.5800E+01
   6.8000E+00  -1.5900E+01
   7.0000E+00  -1.6000E+01
   7.2000E+00  -1.6100E+01
   7.4000E+00  -1.6200E+01
   7.6000E+00  -1.6300E+01
   7.8000E+00  -1.6400E+01
   8.0000E+00  -1.6500E+01
   8.2000E+00  -1.6600E+01
   8.4000E+00  -1.6700E+01
   8.6000E+00  -1.6800E+01
   8.8000E+00  -1.6900E+01
   9.0000E+00  -1.7000E+01
   0.0000E+00   8.1065E-18   3.8589E-02   1.0000E-13
   2.0000E-01  -1.2600E+01
   4.0000E-01  -1.2700E+01
   6.0000E-01  -1.2800E+01
   8.0000E-01  -1.2900E+01
   1.0000E+00  -1.3000E+01
   1.2000E+00  -1.3100E+01
   1.4000E+00  -1.3200E+01
   1.6000E+00  -1.3300E+01
   1.8000E+00  -1.3400E+01
   2.0000E+00  -1.3500E+01
   2.2000E+00  -1.3600E+01
   2.4000E+00  -1.3700E+01
   2.6000E+00  -1.3800E+01
   2.8000E+00  -1.3900E+01
   3.0000E+00  -1.4000E+01
   3.2000E+00  -1.4100E+01
   3.4000E+00  -1.4200E+01
   3.6000E+00  -1.4300E+01
   3.8000E+00  -1.4400E+01
   4.0000E+00  -1.4500E+01
   4.2000E+00  -1.4600E+01
   4.4000E+00  -1.4700E+01
   4.6000E+00  -1.4800E+01
   4.8000E+00  -1.4900E+01
   5.0000E+00  -1.5000E+01
   5.2000E+00  -1.5100E+01
   5.4000E+00  -1.5200E+01
   5.6000E+00  -1.5300E+01
   5.8000E+00  -1.5400E+01
   6.0000E+00  -1.5500E+01
   6.2000E+00  -1.5600E+01
   6.4000E+00  -1.5700E+01
   6.6000E+00  -1.5800E+01
   6.8000E+00  -1.5900E+01
   7.0000E+00  -1.6000E+01
   7.2000E+00  -1.6100E+01
   7.4000E+00  -1.6200E+01
   7.6000E+00  -1.6300E+01
   7.8000E+00  -1.6400E+01
   8.0000E+00  -1.6500E+01
   8.2000E+00  -1.6600E+01
   8.4000E+00  -1.6700E+01
   8.6000E+00  -1.6800E+01
   8.8000E+00  -1.6900E+01
   9.0000E+00  -1.7000E+01
   1.0000E+00   8.1065E-18   4.7972E-02   6.2610E-04
   2.0000E-01  -2.3319E+00
   4.0000E-01  -2.4744E+00
   6.0000E-01  -2.6506E+00
   8.0000E-01  -2.8500E+00
   1.0000E+00  -3.0604E+00
   1.2000E+00  -3.2781E+00
   1.4000E+00  -3.5020E+00
   1.6000E+00  -3.7312E+00
   1.8000E+00  -3.9649E+00
   2.0000E+00  -4.2021E+00
   2.2000E+00  -4.4417E+00
   2.4000E+00  -4.6834E+00
   2.6000E+00  -4.9290E+00
   2.8000E+00  -5.1825E+00
   3.0000E+00  -5.4547E+00
   3.2000E+00  -5.7668E+00
   3.4000E+00  -6.1958E+00
   3.6000E+00  -1.2654E+01
   3.8000E+00  -1.2758E+01
   4.0000E+00  -1.2890E+01
   4.2000E+00  -1.3014E+01
   4.4000E+00  -1.3147E+01
   4.6000E+00  -1.3286E+01
   4.8000E+00  -1.3436E+01
   5.0000E+00  -1.3593E+01
   5.2000E+00  -1.3772E+01
   5.4000E+00  -1.3949E+01
   5.6000E+00  -1.4180E+01
   5.8000E+00  -1.4421E+01
   6.0000E+00  -1.4777E+01
   6.2000E+00  -1.5158E+01
   6.4000E+00  -1.5805E+01
   6.6000E+00  -1.6435E+01
   6.8000E+00  -1.6969E+01
   7.0000E+00  -1.7040E+01
   7.2000E+00  -1.7043E+01
   7.4000E+00  -1.7044E+01
   7.6000E+00  -1.7044E+01
   7.8000E+00  -1.7044E+01
   8.0000E+00  -1.7044E+01
   8.2000E+00  -1.7044E+01
   8.4000E+00  -1.7044E+01
   8.6000E+00  -1.7044E+01
   8.8000E+00  -1.7044E+01
   9.0000E+00  -1.7043E+01
   2.0000E+00   8.1065E-18   7.7098E-02   3.7099E-03
   2.0000E-01  -3.0261E+00
   4.0000E-01  -3.4220E+00
   6.0000E-01  -3.7057E+00
   8.0000E-01  -3.9573E+00
   1.0000E+00  -4.1974E+00
   1.2000E+00  -4.4331E+00
   1.4000E+00  -4.6670E+00
   1.6000E+00  -4.9006E+00
   1.8000E+00  -5.1344E+00
   2.0000E+00  -5.3691E+00
   2.2000E+00  -5.6055E+00
   2.4000E+00  -5.8449E+00
   2.6000E+00  -6.0899E+00
   2.8000E+00  -6.3450E+00
   3.0000E+00  -6.6197E+00
   3.2000E+00  -6.9363E+00
   3.4000E+00  -7.3682E+00
   3.6000E+00  -1.2953E+01
   3.8000E+00  -1.3050E+01
   4.0000E+00  -1.3174E+01
   4.2000E+00  -1.3287E+01
   4.4000E+00  -1.3407E+01
   4.6000E+00  -1.3528E+01
   4.8000E+00  -1.3654E+01
   5.0000E+00  -1.3779E+01
   5.2000E+00  -1.3917E+01
   5.4000E+00  -1.4047E+01
   5.6000E+00  -1.4207E+01
   5.8000E+00  -1.4364E+01
   6.0000E+00  -1.4573E+01
   6.2000E+00  -1.4781E+01
   6.4000E+00  -1.5072E+01
   6.6000E+00  -1.5372E+01
   6.8000E+00  -1.5830E+01
   7.0000E+00  -1.6296E+01
   7.2000E+00  -1.6910E+01
   7.4000E+00  -1.7071E+01
   7.6000E+00  -1.7086E+01
   7.8000E+00  -1.7087E+01
   8.0000E+00  -1.7087E+01
   8.2000E+00  -1.7087E+01
   8.4000E+00  -1.7087E+01
   8.6000E+00  -1.7087E+01
   8.8000E+00  -1.7087E+01
   9.0000E+00  -1.7087E+01
   3.0000E+00   8.1065E-18   9.2873E-02   4.4617E-03
   2.0000E-01  -3.5755E+00
   4.0000E-01  -3.9522E+00
   6.0000E-01  -4.2305E+00
   8.0000E-01  -4.4797E+00
   1.0000E+00  -4.7184E+00
   1.2000E+00  -4.9533E+00
   1.4000E+00  -5.1868E+00
   1.6000E+00  -5.4200E+00
   1.8000E+00  -5.6536E+00
   2.0000E+00  -5.8882E+00
   2.2000E+00  -6.1246E+00
   2.4000E+00  -6.3641E+00
   2.6000E+00  -6.6091E+00
   2.8000E+00  -6.8644E+00
   3.0000E+00  -7.1394E+00
   3.2000E+00  -7.4563E+00
   3.4000E+00  -7.8885E+00
   3.6000E+00  -1.3055E+01
   3.8000E+00  -1.3194E+01
   4.0000E+00  -1.3340E+01
   4.2000E+00  -1.3462E+01
   4.4000E+00  -1.3582E+01
   4.6000E+00  -1.3699E+01
   4.8000E+00  -1.3820E+01
   5.0000E+00  -1.3937E+01
   5.2000E+00  -1.4066E+01
   5.4000E+00  -1.4186E+01
   5.6000E+00  -1.4330E+01
   5.8000E+00  -1.4469E+01
   6.0000E+00  -1.4648E+01
   6.2000E+00  -1.4821E+01
   6.4000E+00  -1.5054E+01
   6.6000E+00  -1.5288E+01
   6.8000E+00  -1.5621E+01
   7.0000E+00  -1.5966E+01
   7.2000E+00  -1.6485E+01
   7.4000E+00  -1.6888E+01
   7.6000E+00  -1.7116E+01
   7.8000E+00  -1.7130E+01
   8.0000E+00  -1.7130E+01
   8.2000E+00  -1.7130E+01
   8.4000E+00  -1.7130E+01
   8.6000E+00  -1.7130E+01
   8.8000E+00  -1.7130E+01
   9.0000E+00  -1.7130E+01
   4.0000E+00   8.1065E-18   9.9946E-02   4.6997E-03
   2.0000E-01  -3.8278E+00
   4.0000E-01  -4.2035E+00
   6.0000E-01  -4.4814E+00
   8.0000E-01  -4.7304E+00
   1.0000E+00  -4.9690E+00
   1.2000E+00  -5.2038E+00
   1.4000E+00  -5.4372E+00
   1.6000E+00  -5.6704E+00
   1.8000E+00  -5.9040E+00
   2.0000E+00  -6.1386E+00
   2.2000E+00  -6.3750E+00
   2.4000E+00  -6.6145E+00
   2.6000E+00  -6.8596E+00
   2.8000E+00  -7.1149E+00
   3.0000E+00  -7.3899E+00
   3.2000E+00  -7.7069E+00
   3.4000E+00  -8.1392E+00
   3.6000E+00  -1.3027E+01
   3.8000E+00  -1.3213E+01
   4.0000E+00  -1.3402E+01
   4.2000E+00  -1.3550E+01
   4.4000E+00  -1.3682E+01
   4.6000E+00  -1.3804E+01
   4.8000E+00  -1.3925E+01
   5.0000E+00  -1.4040E+01
   5.2000E+00  -1.4165E+01
   5.4000E+00  -1.4282E+01
   5.6000E+00  -1.4421E+01
   5.8000E+00  -1.4553E+01
   6.0000E+00  -1.4720E+01
   6.2000E+00  -1.4881E+01
   6.4000E+00  -1.5093E+01
   6.6000E+00  -1.5303E+01
   6.8000E+00  -1.5594E+01
   7.0000E+00  -1.5893E+01
   7.2000E+00  -1.6333E+01
   7.4000E+00  -1.6734E+01
   7.6000E+00  -1.7110E+01
   7.8000E+00  -1.7169E+01
   8.0000E+00  -1.7174E+01
   8.2000E+00  -1.7174E+01
   8.4000E+00  -1.7174E+01
   8.6000E+00  -1.7174E+01
   8.8000E+00  -1.7174E+01
   9.0000E+00  -1.7174E+01
   5.0000E+00   8.1065E-18   1.0036E-01   4.7779E-03
   2.0000E-01  -3.8692E+00
   4.0000E-01  -4.2439E+00
   6.0000E-01  -4.5214E+00
   8.0000E-01  -4.7701E+00
   1.0000E+00  -5.0086E+00
   1.2000E+00  -5.2433E+00
   1.4000E+00  -5.4767E+00
   1.6000E+00  -5.7099E+00
   1.8000E+00  -5.9434E+00
   2.0000E+00  -6.1780E+00
   2.2000E+00  -6.4143E+00
   2.4000E+00  -6.6538E+00
   2.6000E+00  -6.8990E+00
   2.8000E+00  -7.1543E+00
   3.0000E+00  -7.4293E+00
   3.2000E+00  -7.7463E+00
   3.4000E+00  -8.1786E+00
   3.6000E+00  -1.3051E+01
   3.8000E+00  -1.3248E+01
   4.0000E+00  -1.3446E+01
   4.2000E+00  -1.3600E+01
   4.4000E+00  -1.3735E+01
   4.6000E+00  -1.3859E+01
   4.8000E+00  -1.3980E+01
   5.0000E+00  -1.4096E+01
   5.2000E+00  -1.4221E+01
   5.4000E+00  -1.4337E+01
   5.6000E+00  -1.4475E+01
   5.8000E+00  -1.4607E+01
   6.0000E+00  -1.4772E+01
   6.2000E+00  -1.4932E+01
   6.4000E+00  -1.5141E+01
   6.6000E+00  -1.5347E+01
   6.8000E+00  -1.5633E+01
   7.0000E+00  -1.5925E+01
   7.2000E+00  -1.6353E+01
   7.4000E+00  -1.6749E+01
   7.6000E+00  -1.7140E+01
   7.8000E+00  -1.7211E+01
   8.0000E+00  -1.7217E+01
   8.2000E+00  -1.7217E+01
   8.4000E+00  -1.7217E+01
   8.6000E+00  -1.7217E+01
   8.8000E+00  -1.7217E+01
   9.0000E+00  -1.7217E+01
   6.0000E+00   8.1065E-18   9.4495E-02   4.7777E-03
   2.0000E-01  -3.7026E+00
   4.0000E-01  -4.0742E+00
   6.0000E-01  -4.3505E+00
   8.0000E-01  -4.5985E+00
   1.0000E+00  -4.8366E+00
   1.2000E+00  -5.0710E+00
   1.4000E+00  -5.3043E+00
   1.6000E+00  -5.5374E+00
   1.8000E+00  -5.7709E+00
   2.0000E+00  -6.0054E+00
   2.2000E+00  -6.2417E+00
   2.4000E+00  -6.4812E+00
   2.6000E+00  -6.7263E+00
   2.8000E+00  -6.9816E+00
   3.0000E+00  -7.2565E+00
   3.2000E+00  -7.5735E+00
   3.4000E+00  -8.0057E+00
   3.6000E+00  -1.3157E+01
   3.8000E+00  -1.3327E+01
   4.0000E+00  -1.3494E+01
   4.2000E+00  -1.3626E+01
   4.4000E+00  -1.3750E+01
   4.6000E+00  -1.3868E+01
   4.8000E+00  -1.3989E+01
   5.0000E+00  -1.4105E+01
   5.2000E+00  -1.4232E+01
   5.4000E+00  -1.4352E+01
   5.6000E+00  -1.4494E+01
   5.8000E+00  -1.4630E+01
   6.0000E+00  -1.4803E+01
   6.2000E+00  -1.4970E+01
   6.4000E+00  -1.5192E+01
   6.6000E+00  -1.5414E+01
   6.8000E+00  -1.5726E+01
   7.0000E+00  -1.6047E+01
   7.2000E+00  -1.6526E+01
   7.4000E+00  -1.6933E+01
   7.6000E+00  -1.7231E+01
   7.8000E+00  -1.7259E+01
   8.0000E+00  -1.7261E+01
   8.2000E+00  -1.7261E+01
   8.4000E+00  -1.7261E+01
   8.6000E+00  -1.7261E+01
   8.8000E+00  -1.7261E+01
   9.0000E+00  -1.7261E+01
   7.0000E+00   8.1065E-18   8.1606E-02   4.6675E-03
   2.0000E-01  -3.3285E+00
   4.0000E-01  -3.6870E+00
   6.0000E-01  -3.9577E+00
   8.0000E-01  -4.2027E+00
   1.0000E+00  -4.4389E+00
   1.2000E+00  -4.6721E+00
   1.4000E+00  -4.9047E+00
   1.6000E+00  -5.1373E+00
   1.8000E+00  -5.3705E+00
   2.0000E+00  -5.6048E+00
   2.2000E+00  -5.8410E+00
   2.4000E+00  -6.0804E+00
   2.6000E+00  -6.3253E+00
   2.8000E+00  -6.5805E+00
   3.0000E+00  -6.8553E+00
   3.2000E+00  -7.1720E+00
   3.4000E+00  -7.6041E+00
   3.6000E+00  -1.3226E+01
   3.8000E+00  -1.3343E+01
   4.0000E+00  -1.3473E+01
   4.2000E+00  -1.3587E+01
   4.4000E+00  -1.3705E+01
   4.6000E+00  -1.3823E+01
   4.8000E+00  -1.3947E+01
   5.0000E+00  -1.4068E+01
   5.2000E+00  -1.4202E+01
   5.4000E+00  -1.4329E+01
   5.6000E+00  -1.4482E+01
   5.8000E+00  -1.4631E+01
   6.0000E+00  -1.4824E+01
   6.2000E+00  -1.5015E+01
   6.4000E+00  -1.5276E+01
   6.6000E+00  -1.5542E+01
   6.8000E+00  -1.5934E+01
   7.0000E+00  -1.6340E+01
   7.2000E+00  -1.6938E+01
   7.4000E+00  -1.7235E+01
   7.6000E+00  -1.7302E+01
   7.8000E+00  -1.7304E+01
   8.0000E+00  -1.7304E+01
   8.2000E+00  -1.7304E+01
   8.4000E+00  -1.7304E+01
   8.6000E+00  -1.7304E+01
   8.8000E+00  -1.7304E+01
   9.0000E+00  -1.7304E+01
   8.0000E+00   8.1065E-18   6.1056E-02   4.0250E-03
   2.0000E-01  -2.7396E+00
   4.0000E-01  -3.0181E+00
   6.0000E-01  -3.2447E+00
   8.0000E-01  -3.4610E+00
   1.0000E+00  -3.6781E+00
   1.2000E+00  -3.8986E+00
   1.4000E+00  -4.1228E+00
   1.6000E+00  -4.3499E+00
   1.8000E+00  -4.5796E+00
   2.0000E+00  -4.8115E+00
   2.2000E+00  -5.0461E+00
   2.4000E+00  -5.2844E+00
   2.6000E+00  -5.5283E+00
   2.8000E+00  -5.7823E+00
   3.0000E+00  -6.0560E+00
   3.2000E+00  -6.3711E+00
   3.4000E+00  -6.8022E+00
   3.6000E+00  -1.3079E+01
   3.8000E+00  -1.3187E+01
   4.0000E+00  -1.3317E+01
   4.2000E+00  -1.3435E+01
   4.4000E+00  -1.3560E+01
   4.6000E+00  -1.3687E+01
   4.8000E+00  -1.3823E+01
   5.0000E+00  -1.3960E+01
   5.2000E+00  -1.4114E+01
   5.4000E+00  -1.4264E+01
   5.6000E+00  -1.4453E+01
   5.8000E+00  -1.4643E+01
   6.0000E+00  -1.4904E+01
   6.2000E+00  -1.5172E+01
   6.4000E+00  -1.5574E+01
   6.6000E+00  -1.6000E+01
   6.8000E+00  -1.6704E+01
   7.0000E+00  -1.7187E+01
   7.2000E+00  -1.7338E+01
   7.4000E+00  -1.7347E+01
   7.6000E+00  -1.7348E+01
   7.8000E+00  -1.7348E+01
   8.0000E+00  -1.7348E+01
   8.2000E+00  -1.7348E+01
   8.4000E+00  -1.7348E+01
   8.6000E+00  -1.7348E+01
   8.8000E+00  -1.7347E+01
   9.0000E+00  -1.7347E+01
   9.0000E+00   8.1065E-18   1.3615E-02   1.9440E-03
   2.0000E-01  -2.3191E+00
   4.0000E-01  -2.4196E+00
   6.0000E-01  -2.5016E+00
   8.0000E-01  -2.5801E+00
   1.0000E+00  -2.6595E+00
   1.2000E+00  -2.7418E+00
   1.4000E+00  -2.8284E+00
   1.6000E+00  -2.9207E+00
   1.8000E+00  -3.0200E+00
   2.0000E+00  -3.1260E+00
   2.2000E+00  -3.2397E+00
   2.4000E+00  -3.3657E+00
   2.6000E+00  -3.5083E+00
   2.8000E+00  -3.6669E+00
   3.0000E+00  -3.8500E+00
   3.2000E+00  -4.0643E+00
   3.4000E+00  -4.4093E+00
   3.6000E+00  -1.3046E+01
   3.8000E+00  -1.3315E+01
   4.0000E+00  -1.3557E+01
   4.2000E+00  -1.3724E+01
   4.4000E+00  -1.3858E+01
   4.6000E+00  -1.4023E+01
   4.8000E+00  -1.4240E+01
   5.0000E+00  -1.4518E+01
   5.2000E+00  -1.4996E+01
   5.4000E+00  -1.5525E+01
   5.6000E+00  -1.6204E+01
   5.8000E+00  -1.6719E+01
   6.0000E+00  -1.6978E+01
   6.2000E+00  -1.7121E+01
   6.4000E+00  -1.7276E+01
   6.6000E+00  -1.7393E+01
   6.8000E+00  -1.7510E+01
   7.0000E+00  -1.7594E+01
   7.2000E+00  -1.7680E+01
   7.4000E+00  -1.7739E+01
   7.6000E+00  -1.7800E+01
   7.8000E+00  -1.7830E+01
   8.0000E+00  -1.7846E+01
   8.2000E+00  -1.7815E+01
   8.4000E+00  -1.7750E+01
   8.6000E+00  -1.7604E+01
   8.8000E+00  -1.7477E+01
   9.0000E+00  -1.7391E+01
   1.0000E+01   8.1065E-18   1.6343E-02   7.1777E-04
   2.0000E-01  -2.2084E+00
   4.0000E-01  -2.2610E+00
   6.0000E-01  -2.3072E+00
   8.0000E-01  -2.3521E+00
   1.0000E+00  -2.3975E+00
   1.2000E+00  -2.4446E+00
   1.4000E+00  -2.4958E+00
   1.6000E+00  -2.5562E+00
   1.8000E+00  -2.6365E+00
   2.0000E+00  -2.7500E+00
   2.2000E+00  -2.8993E+00
   2.4000E+00  -3.0736E+00
   2.6000E+00  -3.2603E+00
   2.8000E+00  -3.4509E+00
   3.0000E+00  -3.6564E+00
   3.2000E+00  -3.8823E+00
   3.4000E+00  -4.2361E+00
   3.6000E+00  -1.4086E+01
   3.8000E+00  -1.4390E+01
   4.0000E+00  -1.4677E+01
   4.2000E+00  -1.4907E+01
   4.4000E+00  -1.5222E+01
   4.6000E+00  -1.5586E+01
   4.8000E+00  -1.5880E+01
   5.0000E+00  -1.6114E+01
   5.2000E+00  -1.6292E+01
   5.4000E+00  -1.6433E+01
   5.6000E+00  -1.6585E+01
   5.8000E+00  -1.6716E+01
   6.0000E+00  -1.6867E+01
   6.2000E+00  -1.6994E+01
   6.4000E+00  -1.7135E+01
   6.6000E+00  -1.7247E+01
   6.8000E+00  -1.7363E+01
   7.0000E+00  -1.7450E+01
   7.2000E+00  -1.7542E+01
   7.4000E+00  -1.7609E+01
   7.6000E+00  -1.7679E+01
   7.8000E+00  -1.7719E+01
   8.0000E+00  -1.7747E+01
   8.2000E+00  -1.7735E+01
   8.4000E+00  -1.7698E+01
   8.6000E+00  -1.7594E+01
   8.8000E+00  -1.7501E+01
   9.0000E+00  -1.7434E+01
   1.1000E+01   8.1065E-18   1.8547E-02   2.6987E-04
   2.0000E-01  -2.1734E+00
   4.0000E-01  -2.2143E+00
   6.0000E-01  -2.2530E+00
   8.0000E-01  -2.2916E+00
   1.0000E+00  -2.3313E+00
   1.2000E+00  -2.3744E+00
   1.4000E+00  -2.4259E+00
   1.6000E+00  -2.4959E+00
   1.8000E+00  -2.5950E+00
   2.0000E+00  -2.7254E+00
   2.2000E+00  -2.8809E+00
   2.4000E+00  -3.0545E+00
   2.6000E+00  -3.2388E+00
   2.8000E+00  -3.4264E+00
   3.0000E+00  -3.6281E+00
   3.2000E+00  -3.8486E+00
   3.4000E+00  -4.1975E+00
   3.6000E+00  -1.4286E+01
   3.8000E+00  -1.4436E+01
   4.0000E+00  -1.4654E+01
   4.2000E+00  -1.4873E+01
   4.4000E+00  -1.5164E+01
   4.6000E+00  -1.5514E+01
   4.8000E+00  -1.5793E+01
   5.0000E+00  -1.6016E+01
   5.2000E+00  -1.6169E+01
   5.4000E+00  -1.6297E+01
   5.6000E+00  -1.6441E+01
   5.8000E+00  -1.6568E+01
   6.0000E+00  -1.6709E+01
   6.2000E+00  -1.6830E+01
   6.4000E+00  -1.6964E+01
   6.6000E+00  -1.7074E+01
   6.8000E+00  -1.7193E+01
   7.0000E+00  -1.7286E+01
   7.2000E+00  -1.7385E+01
   7.4000E+00  -1.7459E+01
   7.6000E+00  -1.7533E+01
   7.8000E+00  -1.7577E+01
   8.0000E+00  -1.7611E+01
   8.2000E+00  -1.7617E+01
   8.4000E+00  -1.7608E+01
   8.6000E+00  -1.7558E+01
   8.8000E+00  -1.7513E+01
   9.0000E+00  -1.7478E+01
   1.1000E+01   8.1065E-18   6.7116E-02   2.6987E-04
   2.0000E-01  -2.1734E+00
   4.0000E-01  -2.2143E+00
   6.0000E-01  -2.2530E+00
   8.0000E-01  -2.2916E+00
   1.0000E+00  -2.3313E+00
   1.2000E+00  -2.3744E+00
   1.4000E+00  -2.4259E+00
   1.6000E+00  -2.4959E+00
   1.8000E+00  -2.5950E+00
   2.0000E+00  -2.7254E+00
   2.2000E+00  -2.8809E+00
   2.4000E+00  -3.0545E+00
   2.6000E+00  -3.2388E+00
   2.8000E+00  -3.4264E+00
   3.0000E+00  -3.6281E+00
   3.2000E+00  -3.8486E+00
   3.4000E+00  -4.1975E+00
   3.6000E+00  -1.4286E+01
   3.8000E+00  -1.4436E+01
   4.0000E+00  -1.4654E+01
   4.2000E+00  -1.4873E+01
   4.4000E+00  -1.5164E+01
   4.6000E+00  -1.5514E+01
   4.8000E+00  -1.5793E+01
   5.0000E+00  -1.6016E+01
   5.2000E+00  -1.6169E+01
   5.4000E+00  -1.6297E+01
   5.6000E+00  -1.6441E+01
   5.8000E+00  -1.6568E+01
   6.0000E+00  -1.6709E+01
   6.2000E+00  -1.6830E+01
   6.4000E+00  -1.6964E+01
   6.6000E+00  -1.7074E+01
   6.8000E+00  -1.7193E+01
   7.0000E+00  -1.7286E+01
   7.2000E+00  -1.7385E+01
   7.4000E+00  -1.7459E+01
   7.6000E+00  -1.7533E+01
   7.8000E+00  -1.7577E+01
   8.0000E+00  -1.7611E+01
   8.2000E+00  -1.7617E+01
   8.4000E+00  -1.7608E+01
   8.6000E+00  -1.7558E+01
   8.8000E+00  -1.7513E+01
   9.0000E+00  -1.7478E+01
   1.1000E+01   8.1065E-18   1.8547E-02   2.6987E-04
   2.0000E-01  -2.1734E+00
   4.0000E-01  -2.2143E+00
   6.0000E-01  -2.2530E+00
   8.0000E-01  -2.2916E+00
   1.0000E+00  -2.3313E+00
   1.2000E+00  -2.3744E+00
   1.4000E+00  -2.4259E+00
   1.6000E+00  -2.4959E+00
   1.8000E+00  -2.5950E+00
   2.0000E+00  -2.7254E+00
   2.2000E+00  -2.8809E+00
   2.4000E+00  -3.0545E+00
   2.6000E+00  -3.2388E+00
   2.8000E+00  -3.4264E+00
   3.0000E+00  -3.6281E+00
   3.2000E+00  -3.8486E+00
   3.4000E+00  -4.1975E+00
   3.6000E+00  -1.4286E+01
   3.8000E+00  -1.4436E+01
   4.0000E+00  -1.4654E+01
   4.2000E+00  -1.4873E+01
   4.4000E+00  -1.5164E+01
   4.6000E+00  -1.5514E+01
   4.8000E+00  -1.5793E+01
   5.0000E+00  -1.6016E+01
   5.2000E+00  -1.6169E+01
   5.4000E+00  -1.6297E+01
   5.6000E+00  -1.6441E+01
   5.8000E+00  -1.6568E+01
   6.0000E+00  -1.6709E+01
   6.2000E+00  -1.6830E+01
   6.4000E+00  -1.6964E+01
   6.6000E+00  -1.7074E+01
   6.8000E+00  -1.7193E+01
   7.0000E+00  -1.7286E+01
   7.2000E+00  -1.7385E+01
   7.4000E+00  -1.7459E+01
   7.6000E+00  -1.7533E+01
   7.8000E+00  -1.7577E+01
   8.0000E+00  -1.7611E+01
   8.2000E+00  -1.7617E+01
   8.4000E+00  -1.7608E+01
   8.6000E+00  -1.7558E+01
   8.8000E+00  -1.7513E+01
   9.0000E+00  -1.7478E+01
   1.1000E+01   8.1065E-18   6.7116E-02   2.6987E-04
   2.0000E-01  -2.1734E+00
   4.0000E-01  -2.2143E+00
   6.0000E-01  -2.2530E+00
   8.0000E-01  -2.2916E+00
   1.0000E+00  -2.3313E+00
   1.2000E+00  -2.3744E+00
   1.4000E+00  -2.4259E+00
   1.6000E+00  -2.4959E+00
   1.8000E+00  -2.5950E+00
   2.0000E+00  -2.7254E+00
   2.2000E+00  -2.8809E+00
   2.4000E+00  -3.0545E+00
   2.6000E+00  -3.2388E+00
   2.8000E+00  -3.4264E+00
   3.0000E+00  -3.6281E+00
   3.2000E+00  -3.8486E+00
   3.4000E+00  -4.1975E+00
   3.6000E+00  -1.4286E+01
   3.8000E+00  -1.4436E+01
   4.0000E+00  -1.4654E+01
   4.2000E+00  -1.4873E+01
   4.4000E+00  -1.5164E+01
   4.6000E+00  -1.5514E+01
   4.8000E+00  -1.5793E+01
   5.0000E+00  -1.6016E+01
   5.2000E+00  -1.6169E+01
   5.4000E+00  -1.6297E+01
   5.6000E+00  -1.6441E+01
   5.8000E+00  -1.6568E+01
   6.0000E+00  -1.6709E+01
   6.2000E+00  -1.6830E+01
   6.4000E+00  -1.6964E+01
   6.6000E+00  -1.7074E+01
   6.8000E+00  -1.7193E+01
   7.0000E+00  -1.7286E+01
   7.2000E+00  -1.7385E+01
   7.4000E+00  -1.7459E+01
   7.6000E+00  -1.7533E+01
   7.8000E+00  -1.7577E+01
   8.0000E+00  -1.7611E+01
   8.2000E+00  -1.7617E+01
   8.4000E+00  -1.7608E+01
   8.6000E+00  -1.7558E+01
   8.8000E+00  -1.7513E+01
   9.0000E+00  -1.7478E+01
   1.1000E+01   8.1065E-18   6.7116E-02   2.6987E-04
   2.0000E-01  -2.1734E+00
   4.0000E-01  -2.2143E+00
   6.0000E-01  -2.2530E+00
   8.0000E-01  -2.2916E+00
   1.0000E+00  -2.3313E+00
   1.2000E+00  -2.3744E+00
   1.4000E+00  -2.4259E+00
   1.6000E+00  -2.4959E+00
   1.8000E+00  -2.5950E+00
   2.0000E+00  -2.7254E+00
   2.2000E+00  -2.8809E+00
   2.4000E+00  -3.0545E+00
   2.6000E+00  -3.2388E+00
   2.8000E+00  -3.4264E+00
   3.0000E+00  -3.6281E+00
   3.2000E+00  -3.8486E+00
   3.4000E+00  -4.1975E+00
   3.6000E+00  -1.4286E+01
   3.8000E+00  -1.4436E+01
   4.0000E+00  -1.4654E+01
   4.2000E+00  -1.4873E+01
   4.4000E+00  -1.5164E+01
   4.6000E+00  -1.5514E+01
   4.8000E+00  -1.5793E+01
   5.0000E+00  -1.6016E+01
   5.2000E+00  -1.6169E+01
   5.4000E+00  -1.6297E+01
   5.6000E+00  -1.6441E+01
   5.8000E+00  -1.6568E+01
   6.0000E+00  -1.6709E+01
   6.2000E+00  -1.6830E+01
   6.4000E+00  -1.6964E+01
   6.6000E+00  -1.7074E+01
   6.8000E+00  -1.7193E+01
   7.0000E+00  -1.7286E+01
   7.2000E+00  -1.7385E+01
   7.4000E+00  -1.7459E+01
   7.6000E+00  -1.7533E+01
   7.8000E+00  -1.7577E+01
   8.0000E+00  -1.7611E+01
   8.2000E+00  -1.7617E+01
   8.4000E+00  -1.7608E+01
   8.6000E+00  -1.7558E+01
   8.8000E+00  -1.7513E+01
   9.0000E+00  -1.7478E+01
   1.1000E+01   8.1065E-18   1.8547E-02   2.6987E-04
   2.0000E-01  -2.1734E+00
   4.0000E-01  -2.2143E+00
   6.0000E-01  -2.2530E+00
   8.0000E-01  -2.2916E+00
   1.0000E+00  -2.3313E+00
   1.2000E+00  -2.3744E+00
   1.4000E+00  -2.4259E+00
   1.6000E+00  -2.4959E+00
   1.8000E+00  -2.5950E+00
   2.0000E+00  -2.7254E+00
   2.2000E+00  -2.8809E+00
   2.4000E+00  -3.0545E+00
   2.6000E+00  -3.2388E+00
   2.8000E+00  -3.4264E+00
   3.0000E+00  -3.6281E+00
   3.2000E+00  -3.8486E+00
   3.4000E+00  -4.1975E+00
   3.6000E+00  -1.4286E+01
   3.8000E+00  -1.4436E+01
   4.0000E+00  -1.4654E+01
   4.2000E+00  -1.4873E+01
   4.4000E+00  -1.5164E+01
   4.6000E+00  -1.5514E+01
   4.8000E+00  -1.5793E+01
   5.0000E+00  -1.6016E+01
   5.2000E+00  -1.6169E+01
   5.4000E+00  -1.6297E+01
   5.6000E+00  -1.6441E+01
   5.8000E+00  -1.6568E+01
   6.0000E+00  -1.6709E+01
   6.2000E+00  -1.6830E+01
   6.4000E+00  -1.6964E+01
   6.6000E+00  -1.7074E+01
   6.8000E+00  -1.7193E+01
   7.0000E+00  -1.7286E+01
   7.2000E+00  -1.7385E+01
   7.4000E+00  -1.7459E+01
   7.6000E+00  -1.7533E+01
   7.8000E+00  -1.7577E+01
   8.0000E+00  -1.7611E+01
   8.2000E+00  -1.7617E+01
   8.4000E+00  -1.7608E+01
   8.6000E+00  -1.7558E+01
   8.8000E+00  -1.7513E+01
   9.0000E+00  -1.7478E+01
   1.1000E+01   8.1065E-18   6.7116E-02   2.6987E-04
   2.0000E-01  -2.1734E+00
   4.0000E-01  -2.2143E+00
   6.0000E-01  -2.2530E+00
   8.0000E-01  -2.2916E+00
   1.0000E+00  -2.3313E+00
   1.2000E+00  -2.3744E+00
   1.4000E+00  -2.4259E+00
   1.6000E+00  -2.4959E+00
   1.8000E+00  -2.5950E+00
   2.0000E+00  -2.7254E+00
   2.2000E+00  -2.8809E+00
   2.4000E+00  -3.0545E+00
   2.6000E+00  -3.2388E+00
   2.8000E+00  -3.4264E+00
   3.0000E+00  -3.6281E+00
   3.2000E+00  -3.8486E+00
   3.4000E+00  -4.1975E+00
   3.6000E+00  -1.4286E+01
   3.8000E+00  -1.4436E+01
   4.0000E+00  -1.4654E+01
   4.2000E+00  -1.4873E+01
   4.4000E+00  -1.5164E+01
   4.6000E+00  -1.5514E+01
   4.8000E+00  -1.5793E+01
   5.0000E+00  -1.6016E+01
   5.2000E+00  -1.6169E+01
   5.4000E+00  -1.6297E+01
   5.6000E+00  -1.6441E+01
   5.8000E+00  -1.6568E+01
   6.0000E+00  -1.6709E+01
   6.2000E+00  -1.6830E+01
   6.4000E+00  -1.6964E+01
   6.6000E+00  -1.7074E+01
   6.8000E+00  -1.7193E+01
   7.0000E+00  -1.7286E+01
   7.2000E+00  -1.7385E+01
   7.4000E+00  -1.7459E+01
   7.6000E+00  -1.7533E+01
   7.8000E+00  -1.7577E+01
   8.0000E+00  -1.7611E+01
   8.2000E+00  -1.7617E+01
   8.4000E+00  -1.7608E+01
   8.6000E+00  -1.7558E+01
   8.8000E+00  -1.7513E+01
   9.0000E+00  -1.7478E+01
   1.1000E+01   8.1065E-18   1.8547E-02   2.6987E-04
   2.0000E-01  -2.1734E+00
   4.0000E-01  -2.2143E+00
   6.0000E-01  -2.2530E+00
   8.0000E-01  -2.2916E+00
   1.0000E+00  -2.3313E+00
   1.2000E+00  -2.3744E+00
   1.4000E+00  -2.4259E+00
   1.6000E+00  -2.4959E+00
   1.8000E+00  -2.5950E+00
   2.0000E+00  -2.7254E+00
   2.2000E+00  -2.8809E+00
   2.4000E+00  -3.0545E+00
   2.6000E+00  -3.2388E+00
   2.8000E+00  -3.4264E+00
   3.0000E+00  -3.6281E+00
   3.2000E+00  -3.8486E+00
   3.4000E+00  -4.1975E+00
   3.6000E+00  -1.4286E+01
   3.8000E+00  -1.4436E+01
   4.0000E+00  -1.4654E+01
   4.2000E+00  -1.4873E+01
   4.4000E+00  -1.5164E+01
   4.6000E+00  -1.5514E+01
   4.8000E+00  -1.5793E+01
   5.0000E+00  -1.6016E+01
   5.2000E+00  -1.6169E+01
   5.4000E+00  -1.6297E+01
   5.6000E+00  -1.6441E+01
   5.8000E+00  -1.6568E+01
   6.0000E+00  -1.6709E+01
   6.2000E+00  -1.6830E+01
   6.4000E+00  -1.6964E+01
   6.6000E+00  -1.7074E+01
   6.8000E+00  -1.7193E+01
   7.0000E+00  -1.7286E+01
   7.2000E+00  -1.7385E+01
   7.4000E+00  -1.7459E+01
   7.6000E+00  -1.7533E+01
   7.8000E+00  -1.7577E+01
   8.0000E+00  -1.7611E+01
   8.2000E+00  -1.7617E+01
   8.4000E+00  -1.7608E+01
   8.6000E+00  -1.7558E+01
   8.8000E+00  -1.7513E+01
   9.0000E+00  -1.7478E+01
   1.1000E+01   8.1065E-18   6.7116E-02   2.6987E-04
   2.0000E-01  -2.1734E+00
   4.0000E-01  -2.2143E+00
   6.0000E-01  -2.2530E+00
   8.0000E-01  -2.2916E+00
   1.0000E+00  -2.3313E+00
   1.2000E+00  -2.3744E+00
   1.4000E+00  -2.4259E+00
   1.6000E+00  -2.4959E+00
   1.8000E+00  -2.5950E+00
   2.0000E+00  -2.7254E+00
   2.2000E+00  -2.8809E+00
   2.4000E+00  -3.0545E+00
   2.6000E+00  -3.2388E+00
   2.8000E+00  -3.4264E+00
   3.0000E+00  -3.6281E+00
   3.2000E+00  -3.8486E+00
   3.4000E+00  -4.1975E+00
   3.6000E+00  -1.4286E+01
   3.8000E+00  -1.4436E+01
   4.0000E+00  -1.4654E+01
   4.2000E+00  -1.4873E+01
   4.4000E+00  -1.5164E+01
   4.6000E+00  -1.5514E+01
   4.8000E+00  -1.5793E+01
   5.0000E+00  -1.6016E+01
   5.2000E+00  -1.6169E+01
   5.4000E+00  -1.6297E+01
   5.6000E+00  -1.6441E+01
   5.8000E+00  -1.6568E+01
   6.0000E+00  -1.6709E+01
   6.2000E+00  -1.6830E+01
   6.4000E+00  -1.6964E+01
   6.6000E+00  -1.7074E+01
   6.8000E+00  -1.7193E+01
   7.0000E+00  -1.7286E+01
   7.2000E+00  -1.7385E+01
   7.4000E+00  -1.7459E+01
   7.6000E+00  -1.7533E+01
   7.8000E+00  -1.7577E+01
   8.0000E+00  -1.7611E+01
   8.2000E+00  -1.7617E+01
   8.4000E+00  -1.7608E+01
   8.6000E+00  -1.7558E+01
   8.8000E+00  -1.7513E+01
   9.0000E+00  -1.7478E+01
   1.1000E+01   8.1065E-18   1.8547E-02   2.6987E-04
   2.0000E-01  -2.1734E+00
   4.0000E-01  -2.2143E+00
   6.0000E-01  -2.2530E+00
   8.0000E-01  -2.2916E+00
   1.0000E+00  -2.3313E+00
   1.2000E+00  -2.3744E+00
   1.4000E+00  -2.4259E+00
   1.6000E+00  -2.4959E+00
   1.8000E+00  -2.5950E+00
   2.0000E+00  -2.7254E+00
   2.2000E+00  -2.8809E+00
   2.4000E+00  -3.0545E+00
   2.6000E+00  -3.2388E+00
   2.8000E+00  -3.4264E+00
   3.0000E+00  -3.6281E+00
   3.2000E+00  -3.8486E+00
   3.4000E+00  -4.1975E+00
   3.6000E+00  -1.4286E+01
   3.8000E+00  -1.4436E+01
   4.0000E+00  -1.4654E+01
   4.2000E+00  -1.4873E+01
   4.4000E+00  -1.5164E+01
   4.6000E+00  -1.5514E+01
   4.8000E+00  -1.5793E+01
   5.0000E+00  -1.6016E+01
   5.2000E+00  -1.6169E+01
   5.4000E+00  -1.6297E+01
   5.6000E+00  -1.6441E+01
   5.8000E+00  -1.6568E+01
   6.0000E+00  -1.6709E+01
   6.2000E+00  -1.6830E+01
   6.4000E+00  -1.6964E+01
   6.6000E+00  -1.7074E+01
   6.8000E+00  -1.7193E+01
   7.0000E+00  -1.7286E+01
   7.2000E+00  -1.7385E+01
   7.4000E+00  -1.7459E+01
   7.6000E+00  -1.7533E+01
   7.8000E+00  -1.7577E+01
   8.0000E+00  -1.7611E+01
   8.2000E+00  -1.7617E+01
   8.4000E+00  -1.7608E+01
   8.6000E+00  -1.7558E+01
   8.8000E+00  -1.7513E+01
   9.0000E+00  -1.7478E+01
   1.1000E+01   8.1065E-18   6.7116E-02   2.6987E-04
   2.0000E-01  -2.1734E+00
   4.0000E-01  -2.2143E+00
   6.0000E-01  -2.2530E+00
   8.0000E-01  -2.2916E+00
   1.0000E+00  -2.3313E+00
   1.2000E+00  -2.3744E+00
   1.4000E+00  -2.4259E+00
   1.6000E+00  -2.4959E+00
   1.8000E+00  -2.5950E+00
   2.0000E+00  -2.7254E+00
   2.2000E+00  -2.8809E+00
   2.4000E+00  -3.0545E+00
   2.6000E+00  -3.2388E+00
   2.8000E+00  -3.4264E+00
   3.0000E+00  -3.6281E+00
   3.2000E+00  -3.8486E+00
   3.4000E+00  -4.1975E+00
   3.6000E+00  -1.4286E+01
   3.8000E+00  -1.4436E+01
   4.0000E+00  -1.4654E+01
   4.2000E+00  -1.4873E+01
   4.4000E+00  -1.5164E+01
   4.6000E+00  -1.5514E+01
   4.8000E+00  -1.5793E+01
   5.0000E+00  -1.6016E+01
   5.2000E+00  -1.6169E+01
   5.4000E+00  -1.6297E+01
   5.6000E+00  -1.6441E+01
   5.8000E+00  -1.6568E+01
   6.0000E+00  -1.6709E+01
   6.2000E+00  -1.6830E+01
   6.4000E+00  -1.6964E+01
   6.6000E+00  -1.7074E+01
   6.8000E+00  -1.7193E+01
   7.0000E+00  -1.7286E+01
   7.2000E+00  -1.7385E+01
   7.4000E+00  -1.7459E+01
   7.6000E+00  -1.7533E+01
   7.8000E+00  -1.7577E+01
   8.0000E+00  -1.7611E+01
   8.2000E+00  -1.7617E+01
   8.4000E+00  -1.7608E+01
   8.6000E+00  -1.7558E+01
   8.8000E+00  -1.7513E+01
   9.0000E+00  -1.7478E+01
   1.1000E+01   8.1065E-18   1.8547E-02   2.6987E-04
   2.0000E-01  -2.1734E+00
   4.0000E-01  -2.2143E+00
   6.0000E-01  -2.2530E+00
   8.0000E-01  -2.2916E+00
   1.0000E+00  -2.3313E+00
   1.2000E+00  -2.3744E+00
   1.4000E+00  -2.4259E+00
   1.6000E+00  -2.4959E+00
   1.8000E+00  -2.5950E+00
   2.0000E+00  -2.7254E+00
   2.2000E+00  -2.8809E+00
   2.4000E+00  -3.0545E+00
   2.6000E+00  -3.2388E+00
   2.8000E+00  -3.4264E+00
   3.0000E+00  -3.6281E+00
   3.2000E+00  -3.8486E+00
   3.4000E+00  -4.1975E+00
   3.6000E+00  -1.4286E+01
   3.8000E+00  -1.4436E+01
   4.0000E+00  -1.4654E+01
   4.2000E+00  -1.4873E+01
   4.4000E+00  -1.5164E+01
   4.6000E+00  -1.5514E+01
   4.8000E+00  -1.5793E+01
   5.0000E+00  -1.6016E+01
   5.2000E+00  -1.6169E+01
   5.4000E+00  -1.6297E+01
   5.6000E+00  -1.6441E+01
   5.8000E+00  -1.6568E+01
   6.0000E+00  -1.6709E+01
   6.2000E+00  -1.6830E+01
   6.4000E+00  -1.6964E+01
   6.6000E+00  -1.7074E+01
   6.8000E+00  -1.7193E+01
   7.0000E+00  -1.7286E+01
   7.2000E+00  -1.7385E+01
   7.4000E+00  -1.7459E+01
   7.6000E+00  -1.7533E+01
   7.8000E+00  -1.7577E+01
   8.0000E+00  -1.7611E+01
   8.2000E+00  -1.7617E+01
   8.4000E+00  -1.7608E+01
   8.6000E+00  -1.7558E+01
   8.8000E+00  -1.7513E+01
   9.0000E+00  -1.7478E+01
   1.1000E+01   8.1065E-18   6.7116E-02   2.6987E-04
   2.0000E-01  -2.1734E+00
   4.0000E-01  -2.2143E+00
   6.0000E-01  -2.2530E+00
   8.0000E-01  -2.2916E+00
   1.0000E+00  -2.3313E+00
   1.2000E+00  -2.3744E+00
   1.4000E+00  -2.4259E+00
   1.6000E+00  -2.4959E+00
   1.8000E+00  -2.5950E+00
   2.0000E+00  -2.7254E+00
   2.2000E+00  -2.8809E+00
   2.4000E+00  -3.0545E+00
   2.6000E+00  -3.2388E+00
   2.8000E+00  -3.4264E+00
   3.0000E+00  -3.6281E+00
   3.2000E+00  -3.8486E+00
   3.4000E+00  -4.1975E+00
   3.6000E+00  -1.4286E+01
   3.8000E+00  -1.4436E+01
   4.0000E+00  -1.4654E+01
   4.2000E+00  -1.4873E+01
   4.4000E+00  -1.5164E+01
   4.6000E+00  -1.5514E+01
   4.8000E+00  -1.5793E+01
   5.0000E+00  -1.6016E+01
   5.2000E+00  -1.6169E+01
   5.4000E+00  -1.6297E+01
   5.6000E+00  -1.6441E+01
   5.8000E+00  -1.6568E+01
   6.0000E+00  -1.6709E+01
   6.2000E+00  -1.6830E+01
   6.4000E+00  -1.6964E+01
   6.6000E+00  -1.7074E+01
   6.8000E+00  -1.7193E+01
   7.0000E+00  -1.7286E+01
   7.2000E+00  -1.7385E+01
   7.4000E+00  -1.7459E+01
   7.6000E+00  -1.7533E+01
   7.8000E+00  -1.7577E+01
   8.0000E+00  -1.7611E+01
   8.2000E+00  -1.7617E+01
   8.4000E+00  -1.7608E+01
   8.6000E+00  -1.7558E+01
   8.8000E+00  -1.7513E+01
   9.0000E+00  -1.7478E+01
   1.1000E+01   8.1065E-18   1.8547E-02   2.6987E-04
   2.0000E-01  -2.1734E+00
   4.0000E-01  -2.2143E+00
   6.0000E-01  -2.2530E+00
   8.0000E-01  -2.2916E+00
   1.0000E+00  -2.3313E+00
   1.2000E+00  -2.3744E+00
   1.4000E+00  -2.4259E+00
   1.6000E+00  -2.4959E+00
   1.8000E+00  -2.5950E+00
   2.0000E+00  -2.7254E+00
   2.2000E+00  -2.8809E+00
   2.4000E+00  -3.0545E+00
   2.6000E+00  -3.2388E+00
   2.8000E+00  -3.4264E+00
   3.0000E+00  -3.6281E+00
   3.2000E+00  -3.8486E+00
   3.4000E+00  -4.1975E+00
   3.6000E+00  -1.4286E+01
   3.8000E+00  -1.4436E+01
   4.0000E+00  -1.4654E+01
   4.2000E+00  -1.4873E+01
   4.4000E+00  -1.5164E+01
   4.6000E+00  -1.5514E+01
   4.8000E+00  -1.5793E+01
   5.0000E+00  -1.6016E+01
   5.2000E+00  -1.6169E+01
   5.4000E+00  -1.6297E+01
   5.6000E+00  -1.6441E+01
   5.8000E+00  -1.6568E+01
   6.0000E+00  -1.6709E+01
   6.2000E+00  -1.6830E+01
   6.4000E+00  -1.6964E+01
   6.6000E+00  -1.7074E+01
   6.8000E+00  -1.7193E+01
   7.0000E+00  -1.7286E+01
   7.2000E+00  -1.7385E+01
   7.4000E+00  -1.7459E+01
   7.6000E+00  -1.7533E+01
   7.8000E+00  -1.7577E+01
   8.0000E+00  -1.7611E+01
   8.2000E+00  -1.7617E+01
   8.4000E+00  -1.7608E+01
   8.6000E+00  -1.7558E+01
   8.8000E+00  -1.7513E+01
   9.0000E+00  -1.7478E+01
   1.1000E+01   8.1065E-18   6.7116E-02   2.6987E-04
   2.0000E-01  -2.1734E+00
   4.0000E-01  -2.2143E+00
   6.0000E-01  -2.2530E+00
   8.0000E-01  -2.2916E+00
   1.0000E+00  -2.3313E+00
   1.2000E+00  -2.3744E+00
   1.4000E+00  -2.4259E+00
   1.6000E+00  -2.4959E+00
   1.8000E+00  -2.5950E+00
   2.0000E+00  -2.7254E+00
   2.2000E+00  -2.8809E+00
   2.4000E+00  -3.0545E+00
   2.6000E+00  -3.2388E+00
   2.8000E+00  -3.4264E+00
   3.0000E+00  -3.6281E+00
   3.2000E+00  -3.8486E+00
   3.4000E+00  -4.1975E+00
   3.6000E+00  -1.4286E+01
   3.8000E+00  -1.4436E+01
   4.0000E+00  -1.4654E+01
   4.2000E+00  -1.4873E+01
   4.4000E+00  -1.5164E+01
   4.6000E+00  -1.5514E+01
   4.8000E+00  -1.5793E+01
   5.0000E+00  -1.6016E+01
   5.2000E+00  -1.6169E+01
   5.4000E+00  -1.6297E+01
   5.6000E+00  -1.6441E+01
   5.8000E+00  -1.6568E+01
   6.0000E+00  -1.6709E+01
   6.2000E+00  -1.6830E+01
   6.4000E+00  -1.6964E+01
   6.6000E+00  -1.7074E+01
   6.8000E+00  -1.7193E+01
   7.0000E+00  -1.7286E+01
   7.2000E+00  -1.7385E+01
   7.4000E+00  -1.7459E+01
   7.6000E+00  -1.7533E+01
   7.8000E+00  -1.7577E+01
   8.0000E+00  -1.7611E+01
   8.2000E+00  -1.7617E+01
   8.4000E+00  -1.7608E+01
   8.6000E+00  -1.7558E+01
   8.8000E+00  -1.7513E+01
   9.0000E+00  -1.7478E+01
   1.1000E+01   8.1065E-18   1.8547E-02   2.6987E-04
   2.0000E-01  -2.1734E+00
   4.0000E-01  -2.2143E+00
   6.0000E-01  -2.2530E+00
   8.0000E-01  -2.2916E+00
   1.0000E+00  -2.3313E+00
   1.2000E+00  -2.3744E+00
   1.4000E+00  -2.4259E+00
   1.6000E+00  -2.4959E+00
   1.8000E+00  -2.5950E+00
   2.0000E+00  -2.7254E+00
   2.2000E+00  -2.8809E+00
   2.4000E+00  -3.0545E+00
   2.6000E+00  -3.2388E+00
   2.8000E+00  -3.4264E+00
   3.0000E+00  -3.6281E+00
   3.2000E+00  -3.8486E+00
   3.4000E+00  -4.1975E+00
   3.6000E+00  -1.4286E+01
   3.8000E+00  -1.4436E+01
   4.0000E+00  -1.4654E+01
   4.2000E+00  -1.4873E+01
   4.4000E+00  -1.5164E+01
   4.6000E+00  -1.5514E+01
   4.8000E+00  -1.5793E+01
   5.0000E+00  -1.6016E+01
   5.2000E+00  -1.6169E+01
   5.4000E+00  -1.6297E+01
   5.6000E+00  -1.6441E+01
   5.8000E+00  -1.6568E+01
   6.0000E+00  -1.6709E+01
   6.2000E+00  -1.6830E+01
   6.4000E+00  -1.6964E+01
   6.6000E+00  -1.7074E+01
   6.8000E+00  -1.7193E+01
   7.0000E+00  -1.7286E+01
   7.2000E+00  -1.7385E+01
   7.4000E+00  -1.7459E+01
   7.6000E+00  -1.7533E+01
   7.8000E+00  -1.7577E+01
   8.0000E+00  -1.7611E+01
   8.2000E+00  -1.7617E+01
   8.4000E+00  -1.7608E+01
   8.6000E+00  -1.7558E+01
   8.8000E+00  -1.7513E+01
   9.0000E+00  -1.7478E+01
