   0.0000E+00   1.4150E+00
   0.0000E+00   1.4943E+00
   1.0000E+00   1.4999E+00
   2.0000E+00   1.5549E+00
   3.0000E+00   1.4150E+00
   4.0000E+00   1.0966E+00
   5.0000E+00   7.9597E-01
   6.0000E+00   1.0162E+00
   7.0000E+00   1.3157E+00
   8.0000E+00   1.5103E+00
   9.0000E+00   1.6111E+00
   1.0000E+01   1.6509E+00
   1.1000E+01   1.6636E+00
   1.2000E+01   1.6695E+00
   1.3000E+01   1.6844E+00
   1.4000E+01   1.7060E+00
   1.5000E+01   1.7237E+00
   1.6000E+01   1.7258E+00
   1.7000E+01   1.7043E+00
   1.8000E+01   1.6657E+00
   1.9000E+01   1.6308E+00
   2.0000E+01   1.6201E+00
   2.1000E+01   1.6508E+00
   2.2000E+01   1.7044E+00
   2.3000E+01   1.7501E+00
   2.4000E+01   1.7793E+00
   2.5000E+01   1.7756E+00
   2.6000E+01   1.7436E+00
   2.7000E+01   1.6752E+00
   2.8000E+01   1.5664E+00
   2.9000E+01   1.3990E+00
   3.0000E+01   1.1987E+00
   3.1000E+01   1.1484E+00
   3.2000E+01   1.3898E+00
   3.3000E+01   1.6833E+00
   3.4000E+01   1.8880E+00
   3.5000E+01   2.0099E+00
   3.6000E+01   2.0554E+00
   3.7000E+01   2.0277E+00
   3.8000E+01   1.9503E+00
   3.9000E+01   1.8209E+00
   4.0000E+01   1.6690E+00
   4.1000E+01   1.5288E+00
   4.2000E+01   1.4248E+00
   4.3000E+01   1.3820E+00
   4.4000E+01   1.3924E+00
   4.5000E+01   1.4401E+00
   4.6000E+01   1.5073E+00
   4.7000E+01   1.5891E+00
   4.8000E+01   1.6627E+00
   4.9000E+01   1.7339E+00
   5.0000E+01   1.7920E+00
   5.1000E+01   1.8314E+00
   5.2000E+01   1.8550E+00
   5.3000E+01   1.8664E+00
   5.4000E+01   1.8747E+00
   5.5000E+01   1.8877E+00
   5.6000E+01   1.9150E+00
   5.7000E+01   1.9444E+00
   5.8000E+01   1.9732E+00
   5.9000E+01   1.9861E+00
   6.0000E+01   1.9808E+00
   6.1000E+01   1.9574E+00
   6.2000E+01   1.9210E+00
   6.3000E+01   1.8627E+00
   6.4000E+01   1.7837E+00
   6.5000E+01   1.6964E+00
   6.6000E+01   1.6282E+00
   6.7000E+01   1.6259E+00
   6.8000E+01   1.6983E+00
   6.9000E+01   1.7861E+00
   7.0000E+01   1.8497E+00
   7.1000E+01   1.8582E+00
   7.2000E+01   1.7961E+00
   7.3000E+01   1.6645E+00
   7.4000E+01   1.4610E+00
   7.5000E+01   1.2279E+00
   7.6000E+01   1.1298E+00
   7.7000E+01   1.2320E+00
   7.8000E+01   1.4081E+00
   7.9000E+01   1.5626E+00
   8.0000E+01   1.6744E+00
   8.1000E+01   1.7506E+00
   8.2000E+01   1.7872E+00
   8.3000E+01   1.7794E+00
   8.4000E+01   1.7271E+00
   8.5000E+01   1.6450E+00
   8.6000E+01   1.5784E+00
   8.7000E+01   1.5744E+00
   8.8000E+01   1.6356E+00
   8.9000E+01   1.7152E+00
   9.0000E+01   1.7795E+00
   9.1000E+01   1.8049E+00
   9.2000E+01   1.7959E+00
   9.3000E+01   1.7595E+00
   9.4000E+01   1.6957E+00
   9.5000E+01   1.6038E+00
   9.6000E+01   1.4999E+00
   9.7000E+01   1.4048E+00
   9.8000E+01   1.3764E+00
   9.9000E+01   1.4531E+00
   1.0000E+02   1.5732E+00
   1.0100E+02   1.6713E+00
   1.0200E+02   1.7194E+00
   1.0300E+02   1.7103E+00
   1.0400E+02   1.6518E+00
   1.0500E+02   1.5633E+00
   1.0600E+02   1.4716E+00
   1.0700E+02   1.4253E+00
   1.0800E+02   1.4232E+00
   1.0900E+02   1.4317E+00
   1.1000E+02   1.4166E+00
   1.1100E+02   1.3521E+00
   1.1200E+02   1.2572E+00
   1.1300E+02   1.2049E+00
   1.1400E+02   1.2709E+00
   1.1500E+02   1.4293E+00
   1.1600E+02   1.5767E+00
   1.1700E+02   1.6625E+00
   1.1800E+02   1.6812E+00
   1.1900E+02   1.6186E+00
   1.2000E+02   1.4787E+00
   1.2100E+02   1.2605E+00
   1.2200E+02   9.4306E-01
   1.2300E+02   6.1447E-01
   1.2400E+02   5.3088E-01
   1.2500E+02   7.2931E-01
   1.2600E+02   9.4587E-01
   1.2700E+02   1.1042E+00
   1.2800E+02   1.2137E+00
   1.2900E+02   1.2804E+00
   1.3000E+02   1.3027E+00
   1.3100E+02   1.2857E+00
   1.3200E+02   1.2384E+00
   1.3300E+02   1.1671E+00
   1.3400E+02   1.0685E+00
   1.3500E+02   9.5832E-01
   1.3600E+02   8.5006E-01
   1.3700E+02   7.9282E-01
   1.3800E+02   8.4383E-01
   1.3900E+02   9.8077E-01
   1.4000E+02   1.1469E+00
   1.4100E+02   1.3121E+00
   1.4200E+02   1.4606E+00
   1.4300E+02   1.5717E+00
   1.4400E+02   1.6352E+00
   1.4400E+02   1.4150E+00
   1.4400E+02   1.6351E+00
   1.4500E+02   1.6432E+00
   1.4600E+02   1.5645E+00
   1.4700E+02   1.4179E+00
   1.4800E+02   1.2366E+00
   1.4900E+02   1.0272E+00
   1.5000E+02   1.0591E+00
   1.5100E+02   1.2384E+00
   1.5200E+02   1.3761E+00
   1.5300E+02   1.4365E+00
   1.5400E+02   1.4286E+00
   1.5500E+02   1.3716E+00
   1.5600E+02   1.3090E+00
   1.5700E+02   1.3049E+00
   1.5800E+02   1.3903E+00
   1.5900E+02   1.4691E+00
   1.6000E+02   1.5349E+00
   1.6100E+02   1.5607E+00
   1.6200E+02   1.5384E+00
   1.6300E+02   1.4980E+00
   1.6400E+02   1.4432E+00
   1.6500E+02   1.4161E+00
   1.6600E+02   1.4251E+00
   1.6700E+02   1.4436E+00
   1.6800E+02   1.4417E+00
   1.6900E+02   1.4000E+00
   1.7000E+02   1.2962E+00
   1.7100E+02   1.1126E+00
   1.7200E+02   8.8236E-01
   1.7300E+02   6.0874E-01
   1.7400E+02   4.6674E-01
   1.7500E+02   5.3114E-01
   1.7600E+02   6.4975E-01
   1.7700E+02   7.2483E-01
   1.7800E+02   7.2835E-01
   1.7900E+02   6.8783E-01
   1.7900E+02   1.4150E+00
   1.7900E+02   7.0605E-01
   1.7900E+02   1.4150E+00
   1.7900E+02   1.4150E+00
   1.7900E+02   7.0605E-01
   1.7900E+02   1.4150E+00
   1.7900E+02   7.0605E-01
   1.8000E+02   6.2376E-01
   1.8000E+02   1.4150E+00
   1.8000E+02   6.3423E-01
   1.8100E+02   4.8137E-01
   1.8200E+02   2.7513E-01
   1.8300E+02   2.5077E-02
   1.8400E+02  -1.9693E-01
   1.8500E+02   2.1698E-02
   1.8600E+02   3.0738E-01
   1.8700E+02   5.2771E-01
   1.8800E+02   6.4179E-01
   1.8900E+02   7.4215E-01
   1.9000E+02   7.8711E-01
   1.9000E+02   1.4150E+00
   1.9000E+02   7.8711E-01
   1.9100E+02   8.6877E-01
   1.9200E+02   9.9430E-01
   1.9300E+02   1.0974E+00
   1.9400E+02   1.2272E+00
   1.9500E+02   1.3451E+00
   1.9600E+02   1.4221E+00
   1.9700E+02   1.5150E+00
   1.9800E+02   1.5613E+00
   1.9900E+02   1.5782E+00
   2.0000E+02   1.5624E+00
   2.0100E+02   1.4872E+00
   2.0200E+02   1.4466E+00
   2.0300E+02   1.4313E+00
   2.0400E+02   1.5270E+00
   2.0500E+02   1.6480E+00
   2.0600E+02   1.7503E+00
   2.0700E+02   1.8187E+00
   2.0800E+02   1.8326E+00
   2.0900E+02   1.7878E+00
   2.1000E+02   1.7099E+00
   2.1100E+02   1.6122E+00
   2.1200E+02   1.5836E+00
   2.1300E+02   1.6125E+00
   2.1400E+02   1.6841E+00
   2.1500E+02   1.7117E+00
   2.1600E+02   1.7133E+00
   2.1700E+02   1.6841E+00
   2.1800E+02   1.6384E+00
   2.1900E+02   1.5731E+00
   2.2000E+02   1.5428E+00
   2.2100E+02   1.5522E+00
   2.2200E+02   1.5951E+00
   2.2300E+02   1.6655E+00
   2.2400E+02   1.7853E+00
   2.2500E+02   1.8458E+00
   2.2600E+02   1.9280E+00
   2.2700E+02   1.9790E+00
   2.2800E+02   2.0052E+00
   2.2900E+02   2.0111E+00
   2.3000E+02   2.0015E+00
   2.3100E+02   1.9823E+00
   2.3200E+02   1.9466E+00
   2.3300E+02   1.8875E+00
   2.3400E+02   1.8327E+00
   2.3500E+02   1.7869E+00
   2.3600E+02   1.7024E+00
   2.3700E+02   1.6119E+00
   2.3800E+02   1.4731E+00
   2.3900E+02   1.4099E+00
   2.4000E+02   1.2966E+00
   2.4100E+02   1.1656E+00
   2.4200E+02   1.0310E+00
   2.4300E+02   7.4776E-01
   2.4400E+02   1.2349E-02
   2.4500E+02  -2.6059E-01
   2.4600E+02   4.2679E-01
   2.4700E+02   1.1953E+00
   2.4800E+02   1.5598E+00
   2.4900E+02   1.7865E+00
   2.5000E+02   1.9057E+00
   2.5100E+02   1.9453E+00
   2.5200E+02   1.9159E+00
   2.5300E+02   1.8704E+00
   2.5400E+02   1.7977E+00
   2.5500E+02   1.7103E+00
   2.5600E+02   1.6438E+00
   2.5700E+02   1.5887E+00
   2.5800E+02   1.5475E+00
   2.5900E+02   1.4762E+00
   2.6000E+02   1.3740E+00
   2.6100E+02   1.2587E+00
   2.6200E+02   1.1437E+00
   2.6300E+02   1.1155E+00
   2.6400E+02   1.1592E+00
   2.6500E+02   1.2197E+00
   2.6600E+02   1.2553E+00
   2.6700E+02   1.2489E+00
   2.6800E+02   1.2562E+00
   2.6900E+02   1.3294E+00
   2.7000E+02   1.4930E+00
   2.7100E+02   1.7130E+00
   2.7200E+02   1.8547E+00
   2.7300E+02   1.9774E+00
   2.7400E+02   2.0359E+00
   2.7500E+02   2.0499E+00
   2.7600E+02   2.0316E+00
   2.7700E+02   1.9870E+00
   2.7800E+02   1.9422E+00
   2.7900E+02   1.9008E+00
   2.8000E+02   1.8572E+00
   2.8100E+02   1.8235E+00
   2.8200E+02   1.7961E+00
   2.8300E+02   1.7793E+00
   2.8400E+02   1.8004E+00
   2.8500E+02   1.8618E+00
   2.8600E+02   1.9497E+00
   2.8700E+02   2.0871E+00
   2.8800E+02   2.1909E+00
   2.8900E+02   2.2982E+00
   2.9000E+02   2.3711E+00
   2.9100E+02   2.4522E+00
   2.9200E+02   2.4945E+00
   2.9300E+02   2.5196E+00
   2.9400E+02   2.5185E+00
   2.9500E+02   2.5037E+00
   2.9600E+02   2.4952E+00
   2.9700E+02   2.5034E+00
   2.9800E+02   2.5440E+00
   2.9900E+02   2.5872E+00
   3.0000E+02   2.6288E+00
   3.0100E+02   2.6599E+00
   3.0200E+02   2.6641E+00
   3.0300E+02   2.6419E+00
   3.0400E+02   2.6063E+00
   3.0500E+02   2.5394E+00
   3.0600E+02   2.4489E+00
   3.0700E+02   2.3218E+00
   3.0800E+02   2.2234E+00
   3.0900E+02   2.1449E+00
   3.1000E+02   2.1629E+00
   3.1100E+02   2.2339E+00
   3.1200E+02   2.3435E+00
   3.1300E+02   2.4068E+00
   3.1400E+02   2.4642E+00
   3.1500E+02   2.4903E+00
   3.1600E+02   2.4623E+00
   3.1700E+02   2.4253E+00
   3.1800E+02   2.2723E+00
   3.1900E+02   2.1175E+00
   3.2000E+02   1.8230E+00
   3.2100E+02   1.6612E+00
   3.2200E+02   1.8475E+00
   3.2300E+02   2.1194E+00
   3.2400E+02   2.3265E+00
   3.2500E+02   2.4476E+00
   3.2600E+02   2.5173E+00
   3.2700E+02   2.5560E+00
   3.2800E+02   2.5398E+00
   3.2900E+02   2.4853E+00
   3.3000E+02   2.4005E+00
   3.3100E+02   2.2283E+00
   3.3200E+02   2.0008E+00
   3.3300E+02   1.7209E+00
   3.3400E+02   1.5356E+00
   3.3500E+02   1.5787E+00
   3.3600E+02   1.7220E+00
   3.3700E+02   1.8292E+00
   3.3800E+02   1.9029E+00
   3.3900E+02   1.9450E+00
   3.4000E+02   1.9620E+00
   3.4100E+02   1.9530E+00
   3.4200E+02   1.9300E+00
   3.4300E+02   1.8903E+00
   3.4400E+02   1.8471E+00
   3.4500E+02   1.7922E+00
   3.4600E+02   1.7395E+00
   3.4700E+02   1.7093E+00
   3.4800E+02   1.7216E+00
   3.4900E+02   1.7906E+00
   3.5000E+02   1.8472E+00
   3.5100E+02   1.8950E+00
   3.5200E+02   1.8926E+00
   3.5300E+02   1.8351E+00
   3.5400E+02   1.7046E+00
   3.5500E+02   1.5068E+00
   3.5500E+02   1.4150E+00
   3.5500E+02   1.5124E+00
   3.5600E+02   1.2479E+00
   3.5700E+02   1.0646E+00
   3.5800E+02   1.1083E+00
   3.5900E+02   1.2831E+00
   3.6000E+02   1.4067E+00
   3.6100E+02   1.5241E+00
   3.6200E+02   1.5891E+00
   3.6300E+02   1.6408E+00
   3.6400E+02   1.6776E+00
   3.6500E+02   1.6832E+00
   3.6600E+02   1.6189E+00
   3.6700E+02   1.4893E+00
   3.6800E+02   6.2958E-01
   3.6900E+02  -2.6059E-01
   3.7000E+02  -2.6059E-01
   3.7000E+02   1.4150E+00
   3.7000E+02  -2.6059E-01
   3.7000E+02   1.4150E+00
   3.7000E+02   1.4150E+00
   3.7000E+02  -2.6059E-01
   3.7000E+02   1.4150E+00
   3.7000E+02  -2.6059E-01
   3.7000E+02   1.4150E+00
   3.7000E+02  -2.6059E-01
   3.7000E+02   1.4150E+00
   3.7000E+02  -2.6059E-01
   3.7100E+02   1.4986E+00
   3.7100E+02   1.4150E+00
   3.7100E+02   1.4986E+00
   3.7200E+02   2.2841E+00
   3.7200E+02   1.4150E+00
   3.7200E+02   2.2841E+00
   3.7300E+02   2.6457E+00
   3.7400E+02   2.8373E+00
   3.7500E+02   2.9307E+00
   3.7600E+02   2.9234E+00
   3.7700E+02   2.7982E+00
   3.7800E+02   2.5945E+00
   3.7900E+02   2.1337E+00
   3.8000E+02  -2.6059E-01
   3.8100E+02  -2.6059E-01
   3.8200E+02  -2.6059E-01
   3.8200E+02   1.4150E+00
   3.8200E+02  -2.6059E-01
   3.8200E+02   1.4150E+00
   3.8200E+02   1.4150E+00
   3.8200E+02   1.4150E+00
   3.8200E+02  -2.6059E-01
   3.8200E+02   1.4150E+00
   3.8200E+02  -2.6059E-01
   3.8200E+02   1.4150E+00
   3.8200E+02  -2.6059E-01
   3.8300E+02   3.4437E-01
   3.8300E+02   1.4150E+00
   3.8300E+02   3.4437E-01
   3.8300E+02   1.4150E+00
   3.8300E+02   3.4437E-01
