   0.0000E+00   1.4150E+00
   0.0000E+00   9.7916E-01
   1.0000E+00   9.7672E-01
   2.0000E+00   8.6304E-01
   3.0000E+00   7.3827E-01
   4.0000E+00   7.1186E-01
   5.0000E+00   8.6049E-01
   6.0000E+00   1.0733E+00
   7.0000E+00   1.2275E+00
   8.0000E+00   1.3143E+00
   9.0000E+00   1.3158E+00
   1.0000E+01   1.2358E+00
   1.1000E+01   1.0688E+00
   1.2000E+01   8.0750E-01
   1.3000E+01   5.1704E-01
   1.4000E+01   4.3211E-01
   1.5000E+01   5.6900E-01
   1.6000E+01   7.1803E-01
   1.7000E+01   7.9434E-01
   1.8000E+01   8.0805E-01
   1.9000E+01   7.8391E-01
   2.0000E+01   7.4008E-01
   2.1000E+01   6.9872E-01
   2.2000E+01   6.5952E-01
   2.3000E+01   6.2929E-01
   2.4000E+01   6.0559E-01
   2.5000E+01   5.8183E-01
   2.6000E+01   5.5884E-01
   2.7000E+01   5.3859E-01
   2.8000E+01   5.2152E-01
   2.9000E+01   5.0335E-01
   3.0000E+01   4.8756E-01
   3.1000E+01   4.7444E-01
   3.2000E+01   4.6312E-01
   3.3000E+01   4.5502E-01
   3.4000E+01   4.5221E-01
   3.5000E+01   4.5036E-01
   3.6000E+01   4.5024E-01
   3.7000E+01   4.4995E-01
   3.8000E+01   4.4863E-01
   3.9000E+01   4.4009E-01
   4.0000E+01   4.3201E-01
   4.1000E+01   4.1146E-01
   4.2000E+01   3.9302E-01
   4.3000E+01   3.6871E-01
   4.4000E+01   3.5086E-01
   4.5000E+01   3.4034E-01
   4.6000E+01   3.3571E-01
   4.7000E+01   3.3697E-01
   4.8000E+01   3.3994E-01
   4.9000E+01   3.3997E-01
   5.0000E+01   3.2456E-01
   5.1000E+01   2.9709E-01
   5.2000E+01   2.2079E-01
   5.3000E+01   9.7912E-02
   5.4000E+01  -7.3505E-02
   5.5000E+01  -2.3205E-01
   5.6000E+01  -2.2747E-01
   5.7000E+01  -6.2279E-02
   5.8000E+01   1.0965E-01
   5.9000E+01   2.3924E-01
   6.0000E+01   3.2066E-01
   6.1000E+01   3.6222E-01
   6.2000E+01   3.8147E-01
   6.3000E+01   3.8573E-01
   6.4000E+01   3.7900E-01
   6.5000E+01   3.6841E-01
   6.6000E+01   3.5324E-01
   6.7000E+01   3.3823E-01
   6.8000E+01   3.2604E-01
   6.9000E+01   3.2243E-01
   7.0000E+01   3.2836E-01
   7.1000E+01   3.4647E-01
   7.2000E+01   3.6704E-01
   7.3000E+01   4.0045E-01
   7.4000E+01   4.2768E-01
   7.5000E+01   4.4710E-01
   7.6000E+01   4.5849E-01
   7.7000E+01   4.6276E-01
   7.8000E+01   4.6279E-01
   7.9000E+01   4.6083E-01
   8.0000E+01   4.5753E-01
   8.1000E+01   4.5459E-01
   8.2000E+01   4.4453E-01
   8.3000E+01   4.2959E-01
   8.4000E+01   4.1143E-01
   8.5000E+01   3.9221E-01
   8.6000E+01   3.8420E-01
   8.7000E+01   3.9490E-01
   8.8000E+01   4.2248E-01
   8.9000E+01   4.5989E-01
   9.0000E+01   4.8737E-01
   9.1000E+01   5.0487E-01
   9.2000E+01   5.0633E-01
   9.3000E+01   5.0040E-01
   9.4000E+01   4.8769E-01
   9.5000E+01   4.8054E-01
   9.6000E+01   4.7263E-01
   9.7000E+01   4.6836E-01
   9.8000E+01   4.5235E-01
   9.9000E+01   4.3389E-01
   1.0000E+02   4.1109E-01
   1.0100E+02   3.9174E-01
   1.0200E+02   3.9938E-01
   1.0300E+02   4.3881E-01
   1.0400E+02   4.8444E-01
   1.0500E+02   5.3210E-01
   1.0600E+02   5.6497E-01
   1.0700E+02   5.7297E-01
   1.0800E+02   5.6596E-01
   1.0900E+02   5.6265E-01
   1.1000E+02   5.8010E-01
   1.1100E+02   6.2345E-01
   1.1200E+02   6.8399E-01
   1.1300E+02   7.3880E-01
   1.1400E+02   7.7504E-01
   1.1500E+02   7.9138E-01
   1.1600E+02   7.8758E-01
   1.1700E+02   7.7380E-01
   1.1800E+02   7.4834E-01
   1.1900E+02   7.1268E-01
   1.2000E+02   6.7722E-01
   1.2100E+02   6.4999E-01
   1.2200E+02   6.1988E-01
   1.2300E+02   5.9824E-01
   1.2400E+02   5.8652E-01
   1.2500E+02   5.8365E-01
   1.2600E+02   5.8894E-01
   1.2700E+02   5.9853E-01
   1.2800E+02   6.1418E-01
   1.2800E+02   1.4150E+00
   1.2800E+02   6.1403E-01
   1.2900E+02   6.4044E-01
   1.3000E+02   6.5850E-01
   1.3100E+02   6.7980E-01
   1.3200E+02   6.9369E-01
   1.3300E+02   6.9456E-01
   1.3400E+02   6.8053E-01
   1.3500E+02   6.4423E-01
   1.3600E+02   6.1777E-01
   1.3700E+02   6.1551E-01
   1.3800E+02   6.6641E-01
   1.3900E+02   7.3644E-01
   1.4000E+02   7.9534E-01
   1.4100E+02   8.3417E-01
   1.4200E+02   8.3229E-01
   1.4300E+02   8.0231E-01
   1.4400E+02   7.4459E-01
   1.4500E+02   6.9378E-01
   1.4600E+02   6.5269E-01
   1.4700E+02   6.3600E-01
   1.4800E+02   6.3323E-01
   1.4900E+02   6.3643E-01
   1.5000E+02   6.3740E-01
   1.5100E+02   6.3770E-01
   1.5200E+02   6.4167E-01
   1.5300E+02   6.5273E-01
   1.5400E+02   6.8058E-01
   1.5500E+02   7.0235E-01
   1.5600E+02   7.2354E-01
   1.5700E+02   7.4475E-01
   1.5800E+02   7.5970E-01
   1.5900E+02   7.6542E-01
   1.6000E+02   7.6189E-01
   1.6100E+02   7.4528E-01
   1.6200E+02   7.1972E-01
   1.6300E+02   6.8454E-01
   1.6400E+02   6.3859E-01
   1.6500E+02   6.2055E-01
   1.6500E+02   1.4150E+00
   1.6500E+02   6.2603E-01
   1.6500E+02   1.4150E+00
   1.6500E+02   6.2603E-01
   1.6500E+02   1.4150E+00
   1.6500E+02   6.2603E-01
   1.6500E+02   1.4150E+00
   1.6500E+02   6.2603E-01
   1.6500E+02   1.4150E+00
   1.6500E+02   6.2603E-01
   1.6500E+02   1.4150E+00
   1.6500E+02   6.2603E-01
   1.6600E+02   6.1500E-01
   1.6600E+02   1.4150E+00
   1.6600E+02   6.1418E-01
   1.6700E+02   6.1297E-01
   1.6700E+02   1.4150E+00
   1.6700E+02   6.1297E-01
   1.6800E+02   6.1579E-01
   1.6900E+02   6.1535E-01
   1.7000E+02   6.0956E-01
   1.7100E+02   6.0069E-01
   1.7200E+02   5.9305E-01
   1.7300E+02   5.9349E-01
   1.7400E+02   6.0329E-01
   1.7500E+02   6.0893E-01
   1.7600E+02   6.1075E-01
   1.7700E+02   6.0399E-01
   1.7800E+02   5.8971E-01
   1.7900E+02   5.6153E-01
   1.8000E+02   5.3298E-01
   1.8100E+02   5.1989E-01
   1.8200E+02   5.0620E-01
   1.8300E+02   5.0292E-01
   1.8400E+02   5.0897E-01
   1.8500E+02   5.3058E-01
   1.8600E+02   5.5347E-01
   1.8700E+02   5.7626E-01
   1.8800E+02   5.9518E-01
   1.8900E+02   5.9826E-01
   1.9000E+02   5.9330E-01
   1.9100E+02   5.8972E-01
   1.9200E+02   5.8853E-01
   1.9300E+02   5.9180E-01
   1.9400E+02   5.9833E-01
   1.9500E+02   5.9861E-01
   1.9600E+02   5.7911E-01
   1.9700E+02   5.6162E-01
   1.9800E+02   5.2243E-01
   1.9900E+02   5.0584E-01
   2.0000E+02   5.0481E-01
   2.0100E+02   5.3927E-01
   2.0200E+02   5.7294E-01
   2.0300E+02   5.9659E-01
   2.0400E+02   6.0145E-01
   2.0500E+02   5.7812E-01
   2.0600E+02   5.4229E-01
   2.0700E+02   5.0645E-01
   2.0800E+02   4.9917E-01
   2.0900E+02   5.2688E-01
   2.1000E+02   5.8551E-01
   2.1000E+02   1.4150E+00
   2.1000E+02   5.6998E-01
   2.1000E+02   1.4150E+00
   2.1000E+02   1.4150E+00
   2.1000E+02   1.4150E+00
   2.1000E+02   5.6998E-01
   2.1000E+02   1.4150E+00
   2.1000E+02   5.6998E-01
   2.1000E+02   1.4150E+00
   2.1000E+02   5.6998E-01
   2.1100E+02   6.1421E-01
   2.1100E+02   1.4150E+00
   2.1100E+02   6.1999E-01
   2.1200E+02   6.6207E-01
   2.1200E+02   1.4150E+00
   2.1200E+02   6.6207E-01
   2.1300E+02   6.9866E-01
   2.1400E+02   7.1888E-01
   2.1500E+02   7.2499E-01
   2.1600E+02   7.3055E-01
   2.1700E+02   7.2759E-01
   2.1800E+02   7.1881E-01
   2.1900E+02   7.1881E-01
   2.2000E+02   7.0708E-01
   2.2100E+02   6.9702E-01
   2.2200E+02   6.9523E-01
   2.2300E+02   6.9540E-01
   2.2400E+02   7.0969E-01
   2.2500E+02   7.1847E-01
   2.2600E+02   7.3067E-01
   2.2700E+02   7.3198E-01
   2.2800E+02   7.2376E-01
   2.2900E+02   7.2235E-01
   2.3000E+02   7.5242E-01
   2.3100E+02   7.8829E-01
   2.3200E+02   8.5424E-01
   2.3300E+02   9.6963E-01
   2.3300E+02   1.4150E+00
   2.3300E+02   9.4458E-01
   2.3400E+02   1.0352E+00
   2.3500E+02   1.1114E+00
   2.3600E+02   1.1652E+00
   2.3700E+02   1.1979E+00
   2.3800E+02   1.2056E+00
   2.3900E+02   1.1603E+00
   2.4000E+02   1.0484E+00
   2.4000E+02   1.4150E+00
   2.4000E+02   1.1087E+00
   2.4100E+02   9.7969E-01
   2.4200E+02   7.7125E-01
   2.4300E+02   5.0880E-01
   2.4400E+02   1.9852E-01
   2.4500E+02  -1.0128E-01
   2.4600E+02  -1.2454E-01
   2.4700E+02   9.3021E-02
   2.4800E+02   2.7709E-01
   2.4900E+02   4.3691E-01
   2.5000E+02   5.5860E-01
   2.5000E+02   1.4150E+00
   2.5000E+02   5.4802E-01
   2.5100E+02   6.2882E-01
   2.5200E+02   6.8297E-01
   2.5300E+02   7.2563E-01
   2.5400E+02   7.6400E-01
   2.5500E+02   8.3083E-01
   2.5600E+02   9.0505E-01
   2.5700E+02   9.7719E-01
   2.5800E+02   1.0610E+00
   2.5900E+02   1.1667E+00
   2.6000E+02   1.2760E+00
   2.6100E+02   1.3565E+00
   2.6200E+02   1.4106E+00
   2.6300E+02   1.4420E+00
   2.6400E+02   1.4456E+00
   2.6500E+02   1.4237E+00
   2.6600E+02   1.3840E+00
   2.6700E+02   1.2820E+00
   2.6800E+02   1.1477E+00
   2.6900E+02   9.9252E-01
   2.7000E+02   7.7535E-01
   2.7100E+02   6.6568E-01
   2.7200E+02   7.0833E-01
   2.7300E+02   8.5623E-01
   2.7400E+02   9.6012E-01
   2.7500E+02   1.0281E+00
   2.7600E+02   1.0766E+00
   2.7700E+02   1.0943E+00
   2.7800E+02   1.0611E+00
   2.7900E+02   1.0531E+00
   2.8000E+02   1.0605E+00
   2.8100E+02   1.1728E+00
   2.8200E+02   1.3428E+00
   2.8300E+02   1.5050E+00
   2.8400E+02   1.6612E+00
   2.8500E+02   1.7372E+00
   2.8600E+02   1.7514E+00
   2.8700E+02   1.6573E+00
   2.8800E+02   1.5330E+00
   2.8900E+02   1.3322E+00
   2.9000E+02   1.1532E+00
   2.9100E+02   1.1801E+00
   2.9200E+02   1.3222E+00
   2.9300E+02   1.4485E+00
   2.9400E+02   1.4988E+00
   2.9500E+02   1.4788E+00
   2.9600E+02   1.4342E+00
   2.9700E+02   1.4225E+00
   2.9800E+02   1.4846E+00
   2.9900E+02   1.5936E+00
   3.0000E+02   1.6916E+00
   3.0100E+02   1.7699E+00
   3.0200E+02   1.7824E+00
   3.0300E+02   1.7617E+00
   3.0400E+02   1.6794E+00
   3.0500E+02   1.5843E+00
   3.0600E+02   1.4584E+00
   3.0700E+02   1.3935E+00
   3.0800E+02   1.2792E+00
   3.0900E+02   1.2644E+00
   3.1000E+02   1.3727E+00
   3.1100E+02   1.4707E+00
   3.1200E+02   1.5695E+00
   3.1300E+02   1.5988E+00
   3.1400E+02   1.5607E+00
   3.1500E+02   1.4390E+00
   3.1600E+02   1.3665E+00
   3.1700E+02   1.3809E+00
   3.1800E+02   1.5255E+00
   3.1900E+02   1.7058E+00
   3.2000E+02   1.8168E+00
   3.2100E+02   1.8770E+00
   3.2200E+02   1.8683E+00
   3.2300E+02   1.8083E+00
   3.2400E+02   1.7004E+00
   3.2500E+02   1.5444E+00
   3.2600E+02   1.4607E+00
   3.2700E+02   1.3703E+00
   3.2800E+02   1.3113E+00
   3.2900E+02   1.2492E+00
   3.3000E+02   1.2267E+00
   3.3100E+02   1.2114E+00
   3.3200E+02   1.2715E+00
   3.3300E+02   1.3822E+00
   3.3300E+02   1.4150E+00
   3.3300E+02   1.3768E+00
   3.3400E+02   1.5253E+00
   3.3500E+02   1.6597E+00
   3.3600E+02   1.7366E+00
   3.3700E+02   1.7702E+00
   3.3800E+02   1.7674E+00
   3.3900E+02   1.7547E+00
   3.4000E+02   1.7526E+00
   3.4100E+02   1.7974E+00
   3.4200E+02   1.8339E+00
   3.4300E+02   1.8815E+00
   3.4400E+02   1.9076E+00
   3.4500E+02   1.8803E+00
   3.4600E+02   1.8486E+00
   3.4700E+02   1.7688E+00
   3.4800E+02   1.6557E+00
   3.4900E+02   1.5294E+00
   3.5000E+02   1.4194E+00
   3.5100E+02   1.3589E+00
   3.5200E+02   1.4006E+00
   3.5300E+02   1.5179E+00
   3.5400E+02   1.6661E+00
   3.5500E+02   1.7932E+00
   3.5600E+02   1.9143E+00
   3.5700E+02   2.0029E+00
   3.5800E+02   2.0637E+00
   3.5900E+02   2.0865E+00
   3.6000E+02   2.0558E+00
   3.6100E+02   1.9358E+00
   3.6200E+02   1.8248E+00
   3.6300E+02   1.6311E+00
   3.6400E+02   1.5128E+00
   3.6500E+02   1.6332E+00
   3.6600E+02   1.8210E+00
   3.6700E+02   1.9535E+00
   3.6800E+02   2.0044E+00
   3.6900E+02   1.9631E+00
   3.7000E+02   1.8621E+00
   3.7100E+02   1.7199E+00
   3.7200E+02   1.6007E+00
   3.7300E+02   1.6374E+00
   3.7400E+02   1.7157E+00
   3.7500E+02   1.8099E+00
   3.7500E+02   1.4150E+00
   3.7500E+02   1.8054E+00
   3.7600E+02   1.8588E+00
   3.7700E+02   1.8544E+00
   3.7800E+02   1.8191E+00
   3.7900E+02   1.7595E+00
   3.8000E+02   1.6776E+00
   3.8100E+02   1.5744E+00
   3.8200E+02   1.4813E+00
   3.8300E+02   1.4070E+00
   3.8400E+02   1.2866E+00
   3.8500E+02   1.1391E+00
   3.8600E+02   1.0658E+00
   3.8700E+02   1.0394E+00
   3.8800E+02   1.0972E+00
   3.8900E+02   1.2426E+00
   3.9000E+02   1.4131E+00
   3.9100E+02   1.5133E+00
   3.9200E+02   1.6633E+00
   3.9300E+02   1.7698E+00
   3.9400E+02   1.8179E+00
   3.9500E+02   1.8362E+00
   3.9600E+02   1.7971E+00
   3.9700E+02   1.7002E+00
   3.9800E+02   1.5638E+00
   3.9900E+02   1.4625E+00
   4.0000E+02   1.4823E+00
   4.0100E+02   1.5668E+00
   4.0200E+02   1.6517E+00
   4.0300E+02   1.6563E+00
   4.0400E+02   1.5643E+00
   4.0500E+02   1.3757E+00
   4.0600E+02   1.0642E+00
   4.0700E+02   9.0718E-01
   4.0800E+02   1.2383E+00
   4.0900E+02   1.5158E+00
   4.1000E+02   1.6864E+00
   4.1100E+02   1.7551E+00
   4.1200E+02   1.7220E+00
   4.1300E+02   1.6540E+00
   4.1400E+02   1.5776E+00
   4.1500E+02   1.6061E+00
   4.1600E+02   1.7252E+00
   4.1700E+02   1.8191E+00
   4.1800E+02   1.8931E+00
   4.1900E+02   1.8873E+00
   4.2000E+02   1.8083E+00
   4.2100E+02   1.6275E+00
   4.2200E+02   1.4127E+00
   4.2300E+02   1.1773E+00
   4.2400E+02   1.1950E+00
   4.2500E+02   1.3089E+00
   4.2600E+02   1.4077E+00
   4.2700E+02   1.3981E+00
   4.2800E+02   1.2986E+00
   4.2900E+02   1.1237E+00
   4.3000E+02   1.0651E+00
   4.3100E+02   1.2209E+00
   4.3200E+02   1.4591E+00
   4.3300E+02   1.6445E+00
   4.3400E+02   1.7820E+00
   4.3500E+02   1.8538E+00
   4.3600E+02   1.8876E+00
   4.3700E+02   1.8904E+00
   4.3800E+02   1.8657E+00
   4.3900E+02   1.8130E+00
   4.4000E+02   1.7103E+00
   4.4100E+02   1.5877E+00
   4.4200E+02   1.4261E+00
   4.4300E+02   1.2720E+00
   4.4400E+02   1.1234E+00
   4.4500E+02   1.0661E+00
   4.4600E+02   1.0955E+00
   4.4700E+02   1.1680E+00
   4.4800E+02   1.2537E+00
   4.4900E+02   1.3253E+00
   4.5000E+02   1.3965E+00
   4.5100E+02   1.4232E+00
   4.5200E+02   1.4493E+00
   4.5300E+02   1.4530E+00
   4.5400E+02   1.4446E+00
   4.5500E+02   1.4307E+00
   4.5600E+02   1.4171E+00
   4.5700E+02   1.4210E+00
   4.5800E+02   1.4605E+00
   4.5900E+02   1.5036E+00
   4.6000E+02   1.5472E+00
   4.6100E+02   1.5590E+00
   4.6200E+02   1.5266E+00
   4.6300E+02   1.4280E+00
   4.6400E+02   1.2792E+00
   4.6500E+02   1.0887E+00
   4.6600E+02   9.9032E-01
   4.6700E+02   1.0164E+00
   4.6800E+02   1.1222E+00
   4.6900E+02   1.2126E+00
   4.7000E+02   1.2426E+00
   4.7100E+02   1.2183E+00
   4.7200E+02   1.1698E+00
   4.7300E+02   1.1218E+00
   4.7400E+02   1.0760E+00
   4.7500E+02   1.0713E+00
   4.7600E+02   1.1051E+00
   4.7700E+02   1.1387E+00
   4.7800E+02   1.1765E+00
   4.7900E+02   1.2247E+00
   4.8000E+02   1.2582E+00
   4.8100E+02   1.2621E+00
   4.8200E+02   1.2312E+00
   4.8300E+02   1.2030E+00
   4.8400E+02   1.1282E+00
   4.8500E+02   1.0419E+00
   4.8500E+02   1.4150E+00
   4.8500E+02   1.0718E+00
   4.8500E+02   1.4150E+00
   4.8500E+02   1.0718E+00
   4.8500E+02   1.4150E+00
   4.8500E+02   1.0718E+00
   4.8500E+02   1.4150E+00
   4.8500E+02   1.0718E+00
   4.8500E+02   1.4150E+00
   4.8500E+02   1.0718E+00
   4.8500E+02   1.4150E+00
   4.8500E+02   1.0718E+00
   4.8600E+02   1.0006E+00
   4.8600E+02   1.4150E+00
   4.8600E+02   1.0006E+00
   4.8700E+02   9.3597E-01
   4.8700E+02   1.4150E+00
   4.8700E+02   9.3597E-01
   4.8800E+02   8.6522E-01
   4.8900E+02   8.1618E-01
   4.9000E+02   7.9223E-01
   4.9100E+02   8.0656E-01
   4.9200E+02   9.1615E-01
   4.9200E+02   1.4150E+00
   4.9200E+02   8.9808E-01
   4.9300E+02   1.0571E+00
   4.9400E+02   1.2484E+00
   4.9500E+02   1.3709E+00
   4.9600E+02   1.4716E+00
   4.9700E+02   1.5525E+00
   4.9800E+02   1.5944E+00
   4.9900E+02   1.6411E+00
   5.0000E+02   1.6947E+00
   5.0100E+02   1.7585E+00
   5.0200E+02   1.8436E+00
   5.0300E+02   1.9189E+00
   5.0400E+02   1.9463E+00
   5.0500E+02   1.9413E+00
   5.0600E+02   1.8947E+00
   5.0700E+02   1.8257E+00
   5.0800E+02   1.7640E+00
   5.0900E+02   1.7448E+00
   5.1000E+02   1.7809E+00
   5.1100E+02   1.8215E+00
   5.1200E+02   1.8662E+00
   5.1300E+02   1.8768E+00
   5.1400E+02   1.8473E+00
   5.1500E+02   1.8191E+00
   5.1600E+02   1.7699E+00
   5.1700E+02   1.6998E+00
   5.1800E+02   1.6417E+00
   5.1900E+02   1.6319E+00
   5.2000E+02   1.6945E+00
   5.2100E+02   1.8095E+00
   5.2200E+02   1.9185E+00
   5.2300E+02   1.9893E+00
   5.2400E+02   2.0162E+00
   5.2500E+02   1.9707E+00
   5.2600E+02   1.9101E+00
   5.2700E+02   1.8029E+00
   5.2800E+02   1.6985E+00
   5.2900E+02   1.6906E+00
   5.3000E+02   1.7327E+00
   5.3100E+02   1.7797E+00
   5.3200E+02   1.7753E+00
   5.3300E+02   1.6954E+00
   5.3400E+02   1.5625E+00
   5.3500E+02   1.3287E+00
   5.3600E+02   9.9276E-01
   5.3700E+02   6.8526E-01
   5.3800E+02   7.0421E-01
   5.3900E+02   8.5869E-01
   5.4000E+02   9.5286E-01
   5.4100E+02   9.5119E-01
   5.4200E+02   8.8259E-01
   5.4300E+02   7.8570E-01
   5.4400E+02   7.6185E-01
   5.4500E+02   7.9700E-01
   5.4600E+02   8.3180E-01
   5.4700E+02   8.4950E-01
   5.4800E+02   7.9536E-01
   5.4900E+02   6.8487E-01
   5.4900E+02   1.4150E+00
   5.4900E+02   7.1207E-01
   5.4900E+02   1.4150E+00
   5.4900E+02   1.4150E+00
   5.4900E+02   1.4150E+00
   5.4900E+02   7.1207E-01
   5.4900E+02   1.4150E+00
   5.4900E+02   7.1207E-01
   5.4900E+02   1.4150E+00
   5.4900E+02   7.1207E-01
   5.4900E+02   1.4150E+00
   5.4900E+02   7.1207E-01
   5.5000E+02   6.1794E-01
   5.5000E+02   1.4150E+00
   5.5000E+02   5.9559E-01
   5.5100E+02   6.0522E-01
   5.5200E+02   8.1502E-01
   5.5300E+02   1.0095E+00
   5.5400E+02   1.1696E+00
   5.5500E+02   1.2595E+00
   5.5600E+02   1.2525E+00
   5.5700E+02   1.1945E+00
   5.5800E+02   1.1230E+00
   5.5800E+02   1.4150E+00
   5.5800E+02   1.1245E+00
   5.5800E+02   1.4150E+00
   5.5800E+02   1.1245E+00
   5.5800E+02   1.4150E+00
   5.5800E+02   1.1245E+00
   5.5800E+02   1.4150E+00
   5.5800E+02   1.1245E+00
   5.5800E+02   1.4150E+00
   5.5800E+02   1.1245E+00
   5.5800E+02   1.4150E+00
   5.5800E+02   1.1245E+00
   5.5800E+02   1.4150E+00
   5.5800E+02   1.1245E+00
   5.5800E+02   1.4150E+00
   5.5800E+02   1.1245E+00
