   0.0000E+00   1.4150E+00
   0.0000E+00   1.6334E+00
   1.0000E+00   1.6573E+00
   2.0000E+00   2.2531E+00
   3.0000E+00   2.5147E+00
   4.0000E+00   2.6379E+00
   5.0000E+00   2.6570E+00
   6.0000E+00   2.5697E+00
   7.0000E+00   2.3669E+00
   8.0000E+00   1.9616E+00
   9.0000E+00  -1.0328E-01
   1.0000E+01  -2.6059E-01
   1.1000E+01  -2.6059E-01
   1.1000E+01   1.4150E+00
   1.1000E+01  -2.6059E-01
   1.1000E+01   1.4150E+00
   1.1000E+01   1.4150E+00
   1.1000E+01  -2.6059E-01
   1.1000E+01   1.4150E+00
   1.1000E+01  -2.6059E-01
   1.1000E+01   1.4150E+00
   1.1000E+01  -2.6059E-01
   1.1000E+01   1.4150E+00
   1.1000E+01  -2.6059E-01
   1.1000E+01   1.4150E+00
   1.1000E+01  -2.6059E-01
   1.1000E+01   1.4150E+00
   1.1000E+01  -2.6059E-01
