   0.0000E+00   1.4150E+00
   0.0000E+00   9.8889E-01
   1.0000E+00   9.8426E-01
   2.0000E+00   8.6045E-01
   3.0000E+00   7.6853E-01
   4.0000E+00   7.2714E-01
   5.0000E+00   7.2323E-01
   6.0000E+00   7.4147E-01
   7.0000E+00   7.6262E-01
   8.0000E+00   7.8910E-01
   9.0000E+00   8.1409E-01
   1.0000E+01   8.2522E-01
   1.1000E+01   8.2193E-01
   1.2000E+01   7.8575E-01
   1.3000E+01   7.1257E-01
   1.4000E+01   5.9339E-01
   1.5000E+01   6.1266E-01
   1.6000E+01   8.7899E-01
   1.7000E+01   1.2170E+00
   1.8000E+01   1.4837E+00
   1.9000E+01   1.6603E+00
   2.0000E+01   1.7643E+00
   2.1000E+01   1.7959E+00
   2.2000E+01   1.7607E+00
   2.3000E+01   1.6687E+00
   2.4000E+01   1.5172E+00
   2.5000E+01   1.3134E+00
   2.6000E+01   1.0956E+00
   2.7000E+01   1.0759E+00
   2.8000E+01   1.3229E+00
   2.9000E+01   1.6321E+00
   3.0000E+01   1.8690E+00
   3.1000E+01   2.0167E+00
   3.2000E+01   2.0902E+00
   3.3000E+01   2.0850E+00
   3.4000E+01   2.0062E+00
   3.5000E+01   1.8588E+00
   3.6000E+01   1.6426E+00
   3.7000E+01   1.4314E+00
   3.8000E+01   1.3367E+00
   3.9000E+01   1.3642E+00
   4.0000E+01   1.4228E+00
   4.1000E+01   1.4381E+00
   4.2000E+01   1.4113E+00
   4.3000E+01   1.3684E+00
   4.4000E+01   1.3462E+00
   4.5000E+01   1.3743E+00
   4.6000E+01   1.4277E+00
   4.7000E+01   1.4732E+00
   4.8000E+01   1.4861E+00
   4.9000E+01   1.4492E+00
   5.0000E+01   1.3717E+00
   5.1000E+01   1.2659E+00
   5.2000E+01   1.1742E+00
   5.3000E+01   1.1528E+00
   5.4000E+01   1.1895E+00
   5.5000E+01   1.2397E+00
   5.6000E+01   1.2676E+00
   5.7000E+01   1.2596E+00
   5.8000E+01   1.2151E+00
   5.9000E+01   1.1433E+00
   6.0000E+01   1.0236E+00
   6.1000E+01   8.6003E-01
   6.2000E+01   7.2179E-01
   6.3000E+01   7.6085E-01
   6.4000E+01   1.0050E+00
   6.5000E+01   1.2510E+00
   6.6000E+01   1.4229E+00
   6.7000E+01   1.5183E+00
   6.8000E+01   1.5367E+00
   6.9000E+01   1.4819E+00
   7.0000E+01   1.3667E+00
   7.1000E+01   1.1947E+00
   7.2000E+01   1.0150E+00
   7.3000E+01   8.9455E-01
   7.4000E+01   8.6977E-01
   7.5000E+01   9.1315E-01
   7.6000E+01   9.7353E-01
   7.7000E+01   1.0262E+00
   7.8000E+01   1.0712E+00
   7.9000E+01   1.0993E+00
   8.0000E+01   1.1192E+00
   8.1000E+01   1.1478E+00
   8.2000E+01   1.2064E+00
   8.3000E+01   1.3159E+00
   8.4000E+01   1.4466E+00
   8.5000E+01   1.5662E+00
   8.6000E+01   1.6455E+00
   8.7000E+01   1.6758E+00
   8.8000E+01   1.6477E+00
   8.9000E+01   1.5675E+00
   9.0000E+01   1.4465E+00
   9.1000E+01   1.3033E+00
   9.2000E+01   1.1907E+00
   9.3000E+01   1.1453E+00
   9.4000E+01   1.1632E+00
   9.5000E+01   1.2152E+00
   9.6000E+01   1.2708E+00
   9.7000E+01   1.3214E+00
   9.8000E+01   1.3768E+00
   9.9000E+01   1.4329E+00
   1.0000E+02   1.4885E+00
   1.0100E+02   1.5373E+00
   1.0200E+02   1.5765E+00
   1.0300E+02   1.6005E+00
   1.0400E+02   1.6185E+00
   1.0500E+02   1.6268E+00
   1.0600E+02   1.6288E+00
   1.0700E+02   1.6243E+00
   1.0800E+02   1.6142E+00
   1.0900E+02   1.6012E+00
   1.1000E+02   1.5716E+00
   1.1100E+02   1.5366E+00
   1.1200E+02   1.4816E+00
   1.1300E+02   1.4181E+00
   1.1400E+02   1.3707E+00
   1.1500E+02   1.3441E+00
   1.1600E+02   1.3487E+00
   1.1700E+02   1.3688E+00
   1.1800E+02   1.3871E+00
   1.1900E+02   1.3930E+00
   1.2000E+02   1.4033E+00
   1.2100E+02   1.4436E+00
   1.2200E+02   1.5285E+00
   1.2300E+02   1.6543E+00
   1.2400E+02   1.7672E+00
   1.2500E+02   1.8482E+00
   1.2600E+02   1.8800E+00
   1.2700E+02   1.8554E+00
   1.2800E+02   1.7858E+00
   1.2900E+02   1.6909E+00
   1.3000E+02   1.6116E+00
   1.3100E+02   1.6132E+00
   1.3200E+02   1.6777E+00
   1.3300E+02   1.7533E+00
   1.3400E+02   1.8147E+00
   1.3500E+02   1.8499E+00
   1.3600E+02   1.8662E+00
   1.3700E+02   1.8735E+00
   1.3800E+02   1.8811E+00
   1.3900E+02   1.8930E+00
   1.4000E+02   1.9110E+00
   1.4100E+02   1.9334E+00
   1.4200E+02   1.9578E+00
   1.4300E+02   1.9813E+00
   1.4400E+02   1.9943E+00
   1.4500E+02   1.9883E+00
   1.4600E+02   1.9509E+00
   1.4700E+02   1.8741E+00
   1.4800E+02   1.7680E+00
   1.4900E+02   1.6525E+00
   1.5000E+02   1.5944E+00
   1.5100E+02   1.6245E+00
   1.5200E+02   1.7011E+00
   1.5300E+02   1.7703E+00
   1.5400E+02   1.8118E+00
   1.5500E+02   1.8203E+00
   1.5600E+02   1.7959E+00
   1.5700E+02   1.7382E+00
   1.5800E+02   1.6290E+00
   1.5900E+02   1.4671E+00
   1.5900E+02   1.4150E+00
   1.5900E+02   1.4701E+00
   1.6000E+02   1.2888E+00
   1.6100E+02   1.2719E+00
   1.6200E+02   1.4792E+00
   1.6300E+02   1.7108E+00
   1.6400E+02   1.8296E+00
   1.6500E+02   1.8626E+00
   1.6600E+02   1.7793E+00
   1.6700E+02   1.5750E+00
   1.6800E+02   1.3827E+00
   1.6900E+02   1.5919E+00
   1.7000E+02   1.9560E+00
   1.7100E+02   2.2176E+00
   1.7200E+02   2.3758E+00
   1.7300E+02   2.4172E+00
   1.7400E+02   2.3682E+00
   1.7500E+02   2.2175E+00
   1.7600E+02   1.9446E+00
   1.7700E+02   1.5830E+00
   1.7800E+02   1.3715E+00
   1.7900E+02   1.5776E+00
   1.8000E+02   1.8079E+00
   1.8100E+02   1.9136E+00
   1.8200E+02   1.9244E+00
   1.8300E+02   1.8836E+00
   1.8400E+02   1.8179E+00
   1.8500E+02   1.7740E+00
   1.8600E+02   1.7836E+00
   1.8700E+02   1.8047E+00
   1.8800E+02   1.7911E+00
   1.8900E+02   1.7098E+00
   1.9000E+02   1.5695E+00
   1.9100E+02   1.4333E+00
   1.9200E+02   1.5524E+00
   1.9300E+02   1.8804E+00
   1.9400E+02   2.1581E+00
   1.9500E+02   2.3260E+00
   1.9600E+02   2.4092E+00
   1.9700E+02   2.4076E+00
   1.9800E+02   2.3217E+00
   1.9900E+02   2.1960E+00
   2.0000E+02   2.0655E+00
   2.0100E+02   2.0885E+00
   2.0200E+02   2.2150E+00
   2.0200E+02   1.4150E+00
   2.0200E+02   2.2110E+00
   2.0300E+02   2.3291E+00
   2.0400E+02   2.3892E+00
   2.0500E+02   2.3497E+00
   2.0600E+02   2.2223E+00
   2.0700E+02   2.0244E+00
   2.0800E+02   1.6694E+00
   2.0900E+02   1.1823E+00
   2.1000E+02   1.0059E+00
   2.1100E+02   1.2813E+00
   2.1200E+02   1.5041E+00
   2.1300E+02   1.5966E+00
   2.1400E+02   1.6231E+00
   2.1500E+02   1.6291E+00
   2.1600E+02   1.6464E+00
   2.1700E+02   1.6932E+00
   2.1800E+02   1.7564E+00
   2.1900E+02   1.8008E+00
   2.2000E+02   1.8247E+00
   2.2100E+02   1.8259E+00
   2.2200E+02   1.8099E+00
   2.2300E+02   1.7715E+00
   2.2400E+02   1.7216E+00
   2.2500E+02   1.6449E+00
   2.2600E+02   1.5832E+00
   2.2700E+02   1.5199E+00
   2.2800E+02   1.5014E+00
   2.2900E+02   1.5343E+00
   2.3000E+02   1.5789E+00
   2.3100E+02   1.6197E+00
   2.3200E+02   1.6440E+00
   2.3300E+02   1.6656E+00
   2.3400E+02   1.6598E+00
   2.3500E+02   1.6075E+00
   2.3600E+02   1.5509E+00
   2.3700E+02   1.4248E+00
   2.3800E+02   1.2395E+00
   2.3900E+02   1.1149E+00
   2.4000E+02   1.1701E+00
   2.4100E+02   1.3559E+00
   2.4200E+02   1.5188E+00
   2.4300E+02   1.6312E+00
   2.4400E+02   1.6838E+00
   2.4500E+02   1.7063E+00
   2.4600E+02   1.7072E+00
   2.4700E+02   1.7099E+00
   2.4800E+02   1.7219E+00
   2.4900E+02   1.7327E+00
   2.5000E+02   1.7303E+00
   2.5100E+02   1.6862E+00
   2.5200E+02   1.5935E+00
   2.5300E+02   1.5044E+00
   2.5400E+02   1.4260E+00
   2.5500E+02   1.3967E+00
   2.5600E+02   1.4925E+00
   2.5700E+02   1.6122E+00
   2.5800E+02   1.6993E+00
   2.5900E+02   1.7249E+00
   2.6000E+02   1.6788E+00
   2.6100E+02   1.5573E+00
   2.6200E+02   1.4518E+00
   2.6300E+02   1.3434E+00
   2.6400E+02   1.3463E+00
   2.6500E+02   1.4136E+00
   2.6600E+02   1.4857E+00
   2.6700E+02   1.4854E+00
   2.6800E+02   1.4318E+00
   2.6900E+02   1.3297E+00
   2.7000E+02   1.2003E+00
   2.7100E+02   1.1177E+00
   2.7200E+02   1.1581E+00
   2.7300E+02   1.2370E+00
   2.7400E+02   1.3363E+00
   2.7500E+02   1.3998E+00
   2.7600E+02   1.4240E+00
   2.7700E+02   1.4398E+00
   2.7800E+02   1.4418E+00
   2.7900E+02   1.4412E+00
   2.8000E+02   1.4393E+00
   2.8100E+02   1.4271E+00
   2.8100E+02   1.4150E+00
   2.8100E+02   1.4333E+00
   2.8200E+02   1.4195E+00
   2.8300E+02   1.3975E+00
   2.8400E+02   1.3716E+00
   2.8500E+02   1.3476E+00
   2.8600E+02   1.3299E+00
   2.8700E+02   1.3312E+00
   2.8800E+02   1.3456E+00
   2.8900E+02   1.3505E+00
   2.9000E+02   1.3378E+00
   2.9100E+02   1.3102E+00
   2.9200E+02   1.2690E+00
   2.9300E+02   1.2709E+00
   2.9400E+02   1.3575E+00
   2.9500E+02   1.4414E+00
   2.9600E+02   1.5631E+00
   2.9700E+02   1.6350E+00
   2.9800E+02   1.6492E+00
   2.9900E+02   1.5946E+00
   3.0000E+02   1.5136E+00
   3.0100E+02   1.4449E+00
   3.0200E+02   1.4804E+00
   3.0300E+02   1.6086E+00
   3.0400E+02   1.7655E+00
   3.0500E+02   1.8631E+00
   3.0600E+02   1.9375E+00
   3.0700E+02   1.9640E+00
   3.0800E+02   1.9589E+00
   3.0900E+02   1.9320E+00
   3.1000E+02   1.8700E+00
   3.1100E+02   1.8312E+00
   3.1200E+02   1.7795E+00
   3.1300E+02   1.7216E+00
   3.1400E+02   1.6949E+00
   3.1500E+02   1.6908E+00
   3.1600E+02   1.6929E+00
   3.1700E+02   1.6830E+00
   3.1800E+02   1.6349E+00
   3.1900E+02   1.5603E+00
   3.2000E+02   1.4779E+00
   3.2100E+02   1.4542E+00
   3.2200E+02   1.5492E+00
   3.2300E+02   1.7019E+00
   3.2400E+02   1.8291E+00
   3.2500E+02   1.9433E+00
   3.2600E+02   2.0345E+00
   3.2700E+02   2.0869E+00
   3.2800E+02   2.1453E+00
   3.2900E+02   2.1761E+00
   3.3000E+02   2.2079E+00
   3.3100E+02   2.2296E+00
   3.3200E+02   2.2278E+00
   3.3300E+02   2.1950E+00
   3.3400E+02   2.1153E+00
   3.3500E+02   1.9867E+00
   3.3600E+02   1.9050E+00
   3.3700E+02   1.9477E+00
   3.3800E+02   2.1459E+00
   3.3900E+02   2.3018E+00
   3.4000E+02   2.4171E+00
   3.4100E+02   2.4594E+00
   3.4200E+02   2.4375E+00
   3.4300E+02   2.3314E+00
   3.4400E+02   2.2224E+00
   3.4500E+02   2.1085E+00
   3.4600E+02   1.9829E+00
   3.4700E+02   1.8850E+00
   3.4800E+02   1.8105E+00
   3.4900E+02   1.7511E+00
   3.5000E+02   1.6857E+00
   3.5100E+02   1.6164E+00
   3.5200E+02   1.5467E+00
   3.5300E+02   1.4532E+00
   3.5400E+02   1.3814E+00
   3.5500E+02   1.3014E+00
   3.5600E+02   1.2774E+00
   3.5700E+02   1.3156E+00
   3.5800E+02   1.4025E+00
   3.5900E+02   1.5252E+00
   3.6000E+02   1.6067E+00
   3.6100E+02   1.6978E+00
   3.6200E+02   1.7639E+00
   3.6300E+02   1.7917E+00
   3.6400E+02   1.8033E+00
   3.6500E+02   1.7712E+00
   3.6600E+02   1.7152E+00
   3.6700E+02   1.6349E+00
   3.6800E+02   1.5341E+00
   3.6900E+02   1.4174E+00
   3.7000E+02   1.2788E+00
   3.7100E+02   1.1608E+00
   3.7200E+02   1.0700E+00
   3.7300E+02   1.0555E+00
   3.7400E+02   1.1235E+00
   3.7500E+02   1.2102E+00
   3.7600E+02   1.3038E+00
   3.7700E+02   1.3939E+00
   3.7800E+02   1.4666E+00
   3.7900E+02   1.5524E+00
   3.8000E+02   1.6359E+00
   3.8100E+02   1.6959E+00
   3.8200E+02   1.7360E+00
   3.8300E+02   1.7364E+00
   3.8400E+02   1.6869E+00
   3.8500E+02   1.5833E+00
   3.8600E+02   1.5106E+00
   3.8700E+02   1.4141E+00
   3.8800E+02   1.4083E+00
   3.8900E+02   1.5321E+00
   3.9000E+02   1.6716E+00
   3.9100E+02   1.7869E+00
   3.9200E+02   1.8304E+00
   3.9300E+02   1.8283E+00
   3.9400E+02   1.7993E+00
   3.9500E+02   1.7328E+00
   3.9600E+02   1.6620E+00
   3.9700E+02   1.6027E+00
   3.9800E+02   1.5634E+00
   3.9900E+02   1.5826E+00
   4.0000E+02   1.6513E+00
   4.0100E+02   1.7549E+00
   4.0200E+02   1.8312E+00
   4.0300E+02   1.8821E+00
   4.0400E+02   1.8869E+00
   4.0500E+02   1.8426E+00
   4.0600E+02   1.8039E+00
   4.0700E+02   1.7591E+00
   4.0800E+02   1.7594E+00
   4.0900E+02   1.8029E+00
   4.1000E+02   1.8686E+00
   4.1100E+02   1.9330E+00
   4.1200E+02   1.9776E+00
   4.1300E+02   1.9947E+00
   4.1400E+02   1.9942E+00
   4.1500E+02   1.9528E+00
   4.1600E+02   1.8518E+00
   4.1700E+02   1.7856E+00
   4.1800E+02   1.6481E+00
   4.1900E+02   1.5746E+00
   4.2000E+02   1.6319E+00
   4.2100E+02   1.7493E+00
   4.2200E+02   1.8598E+00
   4.2300E+02   1.9291E+00
   4.2400E+02   1.9558E+00
   4.2500E+02   1.9924E+00
   4.2600E+02   2.0694E+00
   4.2700E+02   2.1955E+00
   4.2800E+02   2.3377E+00
   4.2900E+02   2.4508E+00
   4.3000E+02   2.5357E+00
   4.3100E+02   2.5529E+00
   4.3200E+02   2.5218E+00
   4.3300E+02   2.4522E+00
   4.3400E+02   2.3369E+00
   4.3500E+02   2.2399E+00
   4.3600E+02   2.1082E+00
   4.3700E+02   1.9764E+00
   4.3800E+02   1.8474E+00
   4.3900E+02   1.7419E+00
   4.4000E+02   1.6610E+00
   4.4100E+02   1.5902E+00
   4.4200E+02   1.5143E+00
   4.4300E+02   1.4215E+00
   4.4400E+02   1.3580E+00
   4.4500E+02   1.3669E+00
   4.4600E+02   1.5330E+00
   4.4700E+02   1.7847E+00
   4.4800E+02   1.9864E+00
   4.4900E+02   2.1115E+00
   4.5000E+02   2.1638E+00
   4.5100E+02   2.1304E+00
   4.5200E+02   2.0207E+00
   4.5300E+02   1.8574E+00
   4.5400E+02   1.6224E+00
   4.5500E+02   1.4461E+00
   4.5600E+02   1.4771E+00
   4.5700E+02   1.5960E+00
   4.5800E+02   1.7222E+00
   4.5900E+02   1.7859E+00
   4.6000E+02   1.8163E+00
   4.6100E+02   1.8219E+00
   4.6200E+02   1.7998E+00
   4.6300E+02   1.7475E+00
   4.6400E+02   1.6768E+00
   4.6500E+02   1.5927E+00
   4.6600E+02   1.5157E+00
   4.6700E+02   1.5077E+00
   4.6800E+02   1.5412E+00
   4.6900E+02   1.5973E+00
   4.7000E+02   1.6466E+00
   4.7100E+02   1.7112E+00
   4.7200E+02   1.7483E+00
   4.7300E+02   1.7733E+00
   4.7400E+02   1.7659E+00
   4.7500E+02   1.7194E+00
   4.7600E+02   1.6764E+00
   4.7700E+02   1.5486E+00
   4.7800E+02   1.4598E+00
   4.7900E+02   1.2993E+00
   4.8000E+02   1.1848E+00
   4.8100E+02   1.2732E+00
   4.8200E+02   1.5289E+00
   4.8300E+02   1.7665E+00
   4.8400E+02   1.9123E+00
   4.8500E+02   1.9933E+00
   4.8600E+02   1.9983E+00
   4.8700E+02   1.9316E+00
   4.8800E+02   1.8077E+00
   4.8900E+02   1.6179E+00
   4.9000E+02   1.4953E+00
   4.9100E+02   1.5012E+00
   4.9200E+02   1.6259E+00
   4.9300E+02   1.8051E+00
   4.9400E+02   1.9769E+00
   4.9500E+02   2.1075E+00
   4.9600E+02   2.1943E+00
   4.9700E+02   2.2149E+00
   4.9800E+02   2.1838E+00
   4.9900E+02   2.0808E+00
   5.0000E+02   1.9299E+00
   5.0100E+02   1.7466E+00
   5.0200E+02   1.5293E+00
   5.0300E+02   1.3645E+00
   5.0400E+02   1.3862E+00
   5.0500E+02   1.5554E+00
   5.0600E+02   1.7637E+00
   5.0700E+02   1.8954E+00
   5.0800E+02   1.9973E+00
   5.0900E+02   2.0313E+00
   5.1000E+02   2.0064E+00
   5.1100E+02   1.9103E+00
   5.1200E+02   1.8475E+00
   5.1300E+02   1.7522E+00
   5.1400E+02   1.7011E+00
   5.1500E+02   1.7630E+00
   5.1600E+02   1.9039E+00
   5.1700E+02   2.0924E+00
   5.1800E+02   2.2456E+00
   5.1900E+02   2.3572E+00
   5.2000E+02   2.4100E+00
   5.2100E+02   2.3896E+00
   5.2200E+02   2.2435E+00
   5.2300E+02   2.1057E+00
   5.2400E+02   1.7847E+00
   5.2500E+02   1.2129E+00
   5.2600E+02   1.0020E-01
   5.2700E+02   6.4634E-01
   5.2800E+02   1.1993E+00
   5.2900E+02   1.4099E+00
   5.3000E+02   1.4628E+00
   5.3100E+02   1.4508E+00
   5.3200E+02   1.4137E+00
   5.3300E+02   1.3465E+00
   5.3400E+02   1.3027E+00
   5.3500E+02   1.3386E+00
   5.3600E+02   1.4180E+00
   5.3700E+02   1.5931E+00
   5.3800E+02   1.7379E+00
   5.3900E+02   1.8324E+00
   5.4000E+02   1.8965E+00
   5.4100E+02   1.8995E+00
   5.4200E+02   1.8518E+00
   5.4300E+02   1.8187E+00
   5.4400E+02   1.7583E+00
   5.4500E+02   1.7014E+00
   5.4600E+02   1.6675E+00
   5.4700E+02   1.6436E+00
   5.4800E+02   1.6130E+00
   5.4900E+02   1.5486E+00
   5.5000E+02   1.5130E+00
   5.5100E+02   1.4964E+00
   5.5200E+02   1.5456E+00
   5.5300E+02   1.6236E+00
   5.5400E+02   1.7289E+00
   5.5500E+02   1.8105E+00
   5.5600E+02   1.8684E+00
   5.5700E+02   1.9210E+00
   5.5800E+02   1.9384E+00
   5.5900E+02   1.9096E+00
   5.6000E+02   1.8520E+00
   5.6100E+02   1.7263E+00
   5.6200E+02   1.5386E+00
   5.6300E+02   1.4089E+00
   5.6400E+02   1.5429E+00
   5.6500E+02   1.7924E+00
   5.6600E+02   1.9728E+00
   5.6700E+02   2.0779E+00
   5.6800E+02   2.1052E+00
   5.6900E+02   2.0731E+00
   5.7000E+02   2.0117E+00
   5.7100E+02   1.9749E+00
   5.7200E+02   1.9874E+00
   5.7300E+02   2.0391E+00
   5.7400E+02   2.0817E+00
   5.7500E+02   2.0664E+00
   5.7600E+02   1.9675E+00
   5.7700E+02   1.8182E+00
   5.7800E+02   1.6435E+00
   5.7900E+02   1.7287E+00
   5.8000E+02   2.0226E+00
   5.8100E+02   2.2241E+00
   5.8200E+02   2.3062E+00
   5.8300E+02   2.2041E+00
   5.8400E+02   1.0345E+00
   5.8500E+02  -2.6059E-01
   5.8600E+02  -2.6059E-01
   5.8600E+02   1.4150E+00
   5.8600E+02  -2.6059E-01
   5.8600E+02   1.4150E+00
   5.8600E+02  -2.6059E-01
   5.8600E+02   1.4150E+00
   5.8600E+02   1.4150E+00
   5.8600E+02  -2.6059E-01
   5.8600E+02   1.4150E+00
   5.8600E+02  -2.6059E-01
   5.8600E+02   1.4150E+00
   5.8600E+02  -2.6059E-01
   5.8700E+02  -2.6059E-01
   5.8700E+02   1.4150E+00
   5.8700E+02   1.4150E+00
