   0.0000E+00   8.1065E-18   3.2633E-02   1.0000E-13
  -1.5828E+01  -1.5514E+01
  -1.5428E+01  -1.5514E+01
  -1.5028E+01  -1.5514E+01
  -1.4628E+01  -1.5514E+01
  -1.4228E+01  -1.5514E+01
  -1.3828E+01  -1.5514E+01
  -1.3428E+01  -1.5514E+01
  -1.3028E+01  -1.5514E+01
  -1.2628E+01  -1.5514E+01
  -1.2228E+01  -1.5514E+01
  -1.1828E+01  -1.5514E+01
  -1.1428E+01  -1.5514E+01
  -1.1028E+01  -1.5514E+01
  -1.0628E+01  -1.5514E+01
  -1.0228E+01  -1.5514E+01
  -9.8285E+00  -1.5514E+01
  -9.4285E+00  -1.5512E+01
  -9.0285E+00  -1.5476E+01
  -8.6285E+00  -1.5127E+01
  -8.2285E+00  -1.4138E+01
  -7.8285E+00  -1.2955E+01
  -7.4285E+00  -1.1756E+01
  -7.0285E+00  -1.0557E+01
  -6.6285E+00  -9.3573E+00
  -6.2285E+00  -8.1588E+00
  -5.8285E+00  -6.9625E+00
  -5.4285E+00  -5.7717E+00
  -5.0285E+00  -4.5952E+00
  -4.6285E+00  -3.4560E+00
  -4.2285E+00  -2.4198E+00
  -3.8285E+00  -1.6955E+00
  -3.4285E+00  -1.9556E+00
  -3.0285E+00  -4.9604E+00
  -2.6285E+00  -1.5514E+01
  -2.2285E+00  -1.5514E+01
  -1.8285E+00  -1.5514E+01
  -1.4285E+00  -1.5514E+01
  -1.0285E+00  -1.5514E+01
  -6.2848E-01  -1.5514E+01
  -2.2848E-01  -1.5514E+01
   1.7152E-01  -1.5514E+01
   5.7152E-01  -1.5514E+01
   9.7152E-01  -1.5514E+01
   1.3715E+00  -1.5514E+01
   1.7715E+00  -1.5514E+01
   2.1715E+00  -1.5514E+01
   2.5715E+00  -1.5514E+01
   2.9715E+00  -1.5514E+01
   3.3715E+00  -1.5514E+01
   3.7715E+00  -1.5514E+01
   4.1715E+00  -1.5514E+01
   4.5715E+00  -1.5514E+01
   4.9715E+00  -1.5514E+01
   5.3715E+00  -1.5514E+01
   5.7715E+00  -1.5514E+01
   6.1715E+00  -1.5514E+01
   6.5715E+00  -1.5514E+01
   6.9715E+00  -1.5514E+01
   7.3715E+00  -1.5514E+01
   7.7715E+00  -1.5514E+01
   8.1715E+00  -1.5514E+01
   8.5715E+00  -1.5514E+01
   8.9715E+00  -4.9373E+01
   0.0000E+00   8.1065E-18   3.8589E-02   1.0000E-13
  -1.5828E+01  -1.5441E+01
  -1.5428E+01  -1.5441E+01
  -1.5028E+01  -1.5441E+01
  -1.4628E+01  -1.5441E+01
  -1.4228E+01  -1.5441E+01
  -1.3828E+01  -1.5441E+01
  -1.3428E+01  -1.5441E+01
  -1.3028E+01  -1.5441E+01
  -1.2628E+01  -1.5441E+01
  -1.2228E+01  -1.5441E+01
  -1.1828E+01  -1.5441E+01
  -1.1428E+01  -1.5441E+01
  -1.1028E+01  -1.5441E+01
  -1.0628E+01  -1.5441E+01
  -1.0228E+01  -1.5441E+01
  -9.8285E+00  -1.5441E+01
  -9.4285E+00  -1.5439E+01
  -9.0285E+00  -1.5403E+01
  -8.6285E+00  -1.5054E+01
  -8.2285E+00  -1.4065E+01
  -7.8285E+00  -1.2882E+01
  -7.4285E+00  -1.1684E+01
  -7.0285E+00  -1.0484E+01
  -6.6285E+00  -9.2845E+00
  -6.2285E+00  -8.0860E+00
  -5.8285E+00  -6.8896E+00
  -5.4285E+00  -5.6989E+00
  -5.0285E+00  -4.5224E+00
  -4.6285E+00  -3.3832E+00
  -4.2285E+00  -2.3470E+00
  -3.8285E+00  -1.6226E+00
  -3.4285E+00  -1.8828E+00
  -3.0285E+00  -4.8876E+00
  -2.6285E+00  -1.5441E+01
  -2.2285E+00  -1.5441E+01
  -1.8285E+00  -1.5441E+01
  -1.4285E+00  -1.5441E+01
  -1.0285E+00  -1.5441E+01
  -6.2848E-01  -1.5441E+01
  -2.2848E-01  -1.5441E+01
   1.7152E-01  -1.5441E+01
   5.7152E-01  -1.5441E+01
   9.7152E-01  -1.5441E+01
   1.3715E+00  -1.5441E+01
   1.7715E+00  -1.5441E+01
   2.1715E+00  -1.5441E+01
   2.5715E+00  -1.5441E+01
   2.9715E+00  -1.5441E+01
   3.3715E+00  -1.5441E+01
   3.7715E+00  -1.5441E+01
   4.1715E+00  -1.5441E+01
   4.5715E+00  -1.5441E+01
   4.9715E+00  -1.5441E+01
   5.3715E+00  -1.5441E+01
   5.7715E+00  -1.5441E+01
   6.1715E+00  -1.5441E+01
   6.5715E+00  -1.5441E+01
   6.9715E+00  -1.5441E+01
   7.3715E+00  -1.5441E+01
   7.7715E+00  -1.5441E+01
   8.1715E+00  -1.5441E+01
   8.5715E+00  -1.5441E+01
   8.9715E+00  -4.9300E+01
   1.0000E+00   8.1065E-18   4.7972E-02   6.2610E-04
  -1.5828E+01  -1.8810E+01
  -1.5428E+01  -1.8277E+01
  -1.5028E+01  -1.7746E+01
  -1.4628E+01  -1.7212E+01
  -1.4228E+01  -1.6680E+01
  -1.3828E+01  -1.6147E+01
  -1.3428E+01  -1.5623E+01
  -1.3028E+01  -1.5103E+01
  -1.2628E+01  -1.4593E+01
  -1.2228E+01  -1.4105E+01
  -1.1828E+01  -1.3664E+01
  -1.1428E+01  -1.3319E+01
  -1.1028E+01  -1.1807E+01
  -1.0628E+01  -1.0399E+01
  -1.0228E+01  -8.9968E+00
  -9.8285E+00  -7.5964E+00
  -9.4285E+00  -6.1974E+00
  -9.0285E+00  -4.8122E+00
  -8.6285E+00  -3.5103E+00
  -8.2285E+00  -2.9606E+00
  -7.8285E+00  -2.9546E+00
  -7.4285E+00  -2.9860E+00
  -7.0285E+00  -3.0233E+00
  -6.6285E+00  -3.0677E+00
  -6.2285E+00  -3.1245E+00
  -5.8285E+00  -3.2042E+00
  -5.4285E+00  -3.3271E+00
  -5.0285E+00  -3.5000E+00
  -4.6285E+00  -3.2729E+00
  -4.2285E+00  -2.3369E+00
  -3.8285E+00  -1.6144E+00
  -3.4285E+00  -1.8735E+00
  -3.0285E+00  -3.9730E+00
  -2.6285E+00  -3.8875E+00
  -2.2285E+00  -3.8344E+00
  -1.8285E+00  -3.8053E+00
  -1.4285E+00  -3.7970E+00
  -1.0285E+00  -3.8043E+00
  -6.2848E-01  -3.8225E+00
  -2.2848E-01  -3.8489E+00
   1.7152E-01  -3.8824E+00
   5.7152E-01  -3.9226E+00
   9.7152E-01  -3.9714E+00
   1.3715E+00  -4.0342E+00
   1.7715E+00  -4.1298E+00
   2.1715E+00  -4.3604E+00
   2.5715E+00  -4.8102E+00
   2.9715E+00  -5.1284E+00
   3.3715E+00  -8.5966E+00
   3.7715E+00  -1.0514E+01
   4.1715E+00  -1.1026E+01
   4.5715E+00  -1.0970E+01
   4.9715E+00  -1.0712E+01
   5.3715E+00  -1.0444E+01
   5.7715E+00  -1.0460E+01
   6.1715E+00  -1.0858E+01
   6.5715E+00  -1.1584E+01
   6.9715E+00  -1.3106E+01
   7.3715E+00  -1.5889E+01
   7.7715E+00  -1.6266E+01
   8.1715E+00  -1.6722E+01
   8.5715E+00  -1.7209E+01
   8.9715E+00  -4.9292E+01
   2.0000E+00   8.1065E-18   7.7098E-02   3.7099E-03
  -1.5828E+01  -1.7813E+01
  -1.5428E+01  -1.7280E+01
  -1.5028E+01  -1.6747E+01
  -1.4628E+01  -1.6214E+01
  -1.4228E+01  -1.5683E+01
  -1.3828E+01  -1.5150E+01
  -1.3428E+01  -1.4614E+01
  -1.3028E+01  -1.4093E+01
  -1.2628E+01  -1.3566E+01
  -1.2228E+01  -1.3052E+01
  -1.1828E+01  -1.2555E+01
  -1.1428E+01  -1.2093E+01
  -1.1028E+01  -1.1709E+01
  -1.0628E+01  -1.1495E+01
  -1.0228E+01  -9.9210E+00
  -9.8285E+00  -8.5236E+00
  -9.4285E+00  -7.1224E+00
  -9.0285E+00  -5.7223E+00
  -8.6285E+00  -4.3316E+00
  -8.2285E+00  -2.7999E+00
  -7.8285E+00  -2.6682E+00
  -7.4285E+00  -2.6966E+00
  -7.0285E+00  -2.7337E+00
  -6.6285E+00  -2.7759E+00
  -6.2285E+00  -2.8266E+00
  -5.8285E+00  -2.8930E+00
  -5.4285E+00  -2.9877E+00
  -5.0285E+00  -3.1123E+00
  -4.6285E+00  -2.9717E+00
  -4.2285E+00  -2.1319E+00
  -3.8285E+00  -1.4159E+00
  -3.4285E+00  -1.6751E+00
  -3.0285E+00  -3.7553E+00
  -2.6285E+00  -3.7287E+00
  -2.2285E+00  -3.7484E+00
  -1.8285E+00  -3.7621E+00
  -1.4285E+00  -3.7804E+00
  -1.0285E+00  -3.8047E+00
  -6.2848E-01  -3.8344E+00
  -2.2848E-01  -3.8691E+00
   1.7152E-01  -3.9086E+00
   5.7152E-01  -3.9532E+00
   9.7152E-01  -4.0051E+00
   1.3715E+00  -4.0704E+00
   1.7715E+00  -4.1681E+00
   2.1715E+00  -4.4013E+00
   2.5715E+00  -4.8546E+00
   2.9715E+00  -5.1790E+00
   3.3715E+00  -8.4579E+00
   3.7715E+00  -9.8652E+00
   4.1715E+00  -1.0369E+01
   4.5715E+00  -1.0305E+01
   4.9715E+00  -1.0042E+01
   5.3715E+00  -9.7893E+00
   5.7715E+00  -9.8026E+00
   6.1715E+00  -1.0072E+01
   6.5715E+00  -1.0460E+01
   6.9715E+00  -1.1012E+01
   7.3715E+00  -1.1992E+01
   7.7715E+00  -1.4417E+01
   8.1715E+00  -1.7054E+01
   8.5715E+00  -1.7373E+01
   8.9715E+00  -4.9094E+01
   3.0000E+00   8.1065E-18   9.2873E-02   4.4617E-03
  -1.5828E+01  -1.7503E+01
  -1.5428E+01  -1.6970E+01
  -1.5028E+01  -1.6437E+01
  -1.4628E+01  -1.5903E+01
  -1.4228E+01  -1.5372E+01
  -1.3828E+01  -1.4838E+01
  -1.3428E+01  -1.4307E+01
  -1.3028E+01  -1.3772E+01
  -1.2628E+01  -1.3251E+01
  -1.2228E+01  -1.2730E+01
  -1.1828E+01  -1.2219E+01
  -1.1428E+01  -1.1730E+01
  -1.1028E+01  -1.1288E+01
  -1.0628E+01  -1.0949E+01
  -1.0228E+01  -9.2309E+00
  -9.8285E+00  -7.8263E+00
  -9.4285E+00  -6.4424E+00
  -9.0285E+00  -5.0495E+00
  -8.6285E+00  -3.7101E+00
  -8.2285E+00  -2.8064E+00
  -7.8285E+00  -2.6098E+00
  -7.4285E+00  -2.6335E+00
  -7.0285E+00  -2.6692E+00
  -6.6285E+00  -2.7086E+00
  -6.2285E+00  -2.7539E+00
  -5.8285E+00  -2.8098E+00
  -5.4285E+00  -2.8836E+00
  -5.0285E+00  -2.9699E+00
  -4.6285E+00  -2.8250E+00
  -4.2285E+00  -2.0361E+00
  -3.8285E+00  -1.3279E+00
  -3.4285E+00  -1.5884E+00
  -3.0285E+00  -3.9443E+00
  -2.6285E+00  -3.9856E+00
  -2.2285E+00  -4.0186E+00
  -1.8285E+00  -4.0384E+00
  -1.4285E+00  -4.0601E+00
  -1.0285E+00  -4.0864E+00
  -6.2848E-01  -4.1174E+00
  -2.2848E-01  -4.1533E+00
   1.7152E-01  -4.1936E+00
   5.7152E-01  -4.2387E+00
   9.7152E-01  -4.2909E+00
   1.3715E+00  -4.3566E+00
   1.7715E+00  -4.4550E+00
   2.1715E+00  -4.6890E+00
   2.5715E+00  -5.1438E+00
   2.9715E+00  -5.4722E+00
   3.3715E+00  -8.2588E+00
   3.7715E+00  -9.3086E+00
   4.1715E+00  -1.0031E+01
   4.5715E+00  -1.0036E+01
   4.9715E+00  -9.7849E+00
   5.3715E+00  -9.5423E+00
   5.7715E+00  -9.5441E+00
   6.1715E+00  -9.7721E+00
   6.5715E+00  -1.0095E+01
   6.9715E+00  -1.0514E+01
   7.3715E+00  -1.1162E+01
   7.7715E+00  -1.2468E+01
   8.1715E+00  -1.5799E+01
   8.5715E+00  -1.7348E+01
   8.9715E+00  -4.9006E+01
   4.0000E+00   8.1065E-18   9.9946E-02   4.6997E-03
  -1.5828E+01  -1.7157E+01
  -1.5428E+01  -1.6624E+01
  -1.5028E+01  -1.6091E+01
  -1.4628E+01  -1.5557E+01
  -1.4228E+01  -1.5025E+01
  -1.3828E+01  -1.4493E+01
  -1.3428E+01  -1.3961E+01
  -1.3028E+01  -1.3425E+01
  -1.2628E+01  -1.2904E+01
  -1.2228E+01  -1.2377E+01
  -1.1828E+01  -1.1863E+01
  -1.1428E+01  -1.1367E+01
  -1.1028E+01  -1.0906E+01
  -1.0628E+01  -1.0525E+01
  -1.0228E+01  -1.0314E+01
  -9.8285E+00  -8.7598E+00
  -9.4285E+00  -7.3591E+00
  -9.0285E+00  -5.9576E+00
  -8.6285E+00  -4.5624E+00
  -8.2285E+00  -3.0406E+00
  -7.8285E+00  -2.6141E+00
  -7.4285E+00  -2.6279E+00
  -7.0285E+00  -2.6624E+00
  -6.6285E+00  -2.7001E+00
  -6.2285E+00  -2.7422E+00
  -5.8285E+00  -2.7918E+00
  -5.4285E+00  -2.8539E+00
  -5.0285E+00  -2.9191E+00
  -4.6285E+00  -2.7604E+00
  -4.2285E+00  -1.9898E+00
  -3.8285E+00  -1.2860E+00
  -3.4285E+00  -1.5472E+00
  -3.0285E+00  -4.1398E+00
  -2.6285E+00  -4.2941E+00
  -2.2285E+00  -4.3372E+00
  -1.8285E+00  -4.3620E+00
  -1.4285E+00  -4.3865E+00
  -1.0285E+00  -4.4145E+00
  -6.2848E-01  -4.4467E+00
  -2.2848E-01  -4.4835E+00
   1.7152E-01  -4.5243E+00
   5.7152E-01  -4.5696E+00
   9.7152E-01  -4.6220E+00
   1.3715E+00  -4.6879E+00
   1.7715E+00  -4.7864E+00
   2.1715E+00  -5.0205E+00
   2.5715E+00  -5.4743E+00
   2.9715E+00  -5.8026E+00
   3.3715E+00  -7.8106E+00
   3.7715E+00  -8.9098E+00
   4.1715E+00  -9.7615E+00
   4.5715E+00  -9.8897E+00
   4.9715E+00  -9.6800E+00
   5.3715E+00  -9.4421E+00
   5.7715E+00  -9.4309E+00
   6.1715E+00  -9.6370E+00
   6.5715E+00  -9.9341E+00
   6.9715E+00  -1.0309E+01
   7.3715E+00  -1.0854E+01
   7.7715E+00  -1.1854E+01
   8.1715E+00  -1.4340E+01
   8.5715E+00  -1.7379E+01
   8.9715E+00  -4.8965E+01
   5.0000E+00   8.1065E-18   1.0036E-01   4.7779E-03
  -1.5828E+01  -1.7134E+01
  -1.5428E+01  -1.6601E+01
  -1.5028E+01  -1.6068E+01
  -1.4628E+01  -1.5534E+01
  -1.4228E+01  -1.5002E+01
  -1.3828E+01  -1.4470E+01
  -1.3428E+01  -1.3938E+01
  -1.3028E+01  -1.3402E+01
  -1.2628E+01  -1.2880E+01
  -1.2228E+01  -1.2353E+01
  -1.1828E+01  -1.1839E+01
  -1.1428E+01  -1.1341E+01
  -1.1028E+01  -1.0878E+01
  -1.0628E+01  -1.0492E+01
  -1.0228E+01  -1.0271E+01
  -9.8285E+00  -8.7062E+00
  -9.4285E+00  -7.3077E+00
  -9.0285E+00  -5.9069E+00
  -8.6285E+00  -4.5102E+00
  -8.2285E+00  -3.2137E+00
  -7.8285E+00  -2.6511E+00
  -7.4285E+00  -2.6458E+00
  -7.0285E+00  -2.6791E+00
  -6.6285E+00  -2.7158E+00
  -6.2285E+00  -2.7561E+00
  -5.8285E+00  -2.8026E+00
  -5.4285E+00  -2.8589E+00
  -5.0285E+00  -2.9136E+00
  -4.6285E+00  -2.7457E+00
  -4.2285E+00  -1.9809E+00
  -3.8285E+00  -1.2792E+00
  -3.4285E+00  -1.5406E+00
  -3.0285E+00  -4.2844E+00
  -2.6285E+00  -4.5903E+00
  -2.2285E+00  -4.6461E+00
  -1.8285E+00  -4.6774E+00
  -1.4285E+00  -4.7055E+00
  -1.0285E+00  -4.7357E+00
  -6.2848E-01  -4.7692E+00
  -2.2848E-01  -4.8068E+00
   1.7152E-01  -4.8481E+00
   5.7152E-01  -4.8935E+00
   9.7152E-01  -4.9459E+00
   1.3715E+00  -5.0117E+00
   1.7715E+00  -5.1102E+00
   2.1715E+00  -5.3435E+00
   2.5715E+00  -5.7930E+00
   2.9715E+00  -6.1163E+00
   3.3715E+00  -7.6193E+00
   3.7715E+00  -8.8712E+00
   4.1715E+00  -9.7475E+00
   4.5715E+00  -9.8970E+00
   4.9715E+00  -9.7003E+00
   5.3715E+00  -9.4635E+00
   5.7715E+00  -9.4450E+00
   6.1715E+00  -9.6423E+00
   6.5715E+00  -9.9325E+00
   6.9715E+00  -1.0300E+01
   7.3715E+00  -1.0832E+01
   7.7715E+00  -1.1789E+01
   8.1715E+00  -1.4150E+01
   8.5715E+00  -1.7385E+01
   8.9715E+00  -4.8959E+01
   6.0000E+00   8.1065E-18   9.4495E-02   4.7777E-03
  -1.5828E+01  -1.7434E+01
  -1.5428E+01  -1.6901E+01
  -1.5028E+01  -1.6368E+01
  -1.4628E+01  -1.5834E+01
  -1.4228E+01  -1.5303E+01
  -1.3828E+01  -1.4770E+01
  -1.3428E+01  -1.4239E+01
  -1.3028E+01  -1.3702E+01
  -1.2628E+01  -1.3182E+01
  -1.2228E+01  -1.2658E+01
  -1.1828E+01  -1.2145E+01
  -1.1428E+01  -1.1653E+01
  -1.1028E+01  -1.1201E+01
  -1.0628E+01  -1.0841E+01
  -1.0228E+01  -9.0883E+00
  -9.8285E+00  -7.6657E+00
  -9.4285E+00  -6.2874E+00
  -9.0285E+00  -4.8944E+00
  -8.6285E+00  -3.5396E+00
  -8.2285E+00  -2.9836E+00
  -7.8285E+00  -2.6761E+00
  -7.4285E+00  -2.6768E+00
  -7.0285E+00  -2.7102E+00
  -6.6285E+00  -2.7467E+00
  -6.2285E+00  -2.7866E+00
  -5.8285E+00  -2.8323E+00
  -5.4285E+00  -2.8872E+00
  -5.0285E+00  -2.9397E+00
  -4.6285E+00  -2.7715E+00
  -4.2285E+00  -2.0094E+00
  -3.8285E+00  -1.3082E+00
  -3.4285E+00  -1.5698E+00
  -3.0285E+00  -4.3754E+00
  -2.6285E+00  -4.7839E+00
  -2.2285E+00  -4.8566E+00
  -1.8285E+00  -4.8969E+00
  -1.4285E+00  -4.9305E+00
  -1.0285E+00  -4.9638E+00
  -6.2848E-01  -4.9993E+00
  -2.2848E-01  -5.0380E+00
   1.7152E-01  -5.0798E+00
   5.7152E-01  -5.1254E+00
   9.7152E-01  -5.1778E+00
   1.3715E+00  -5.2438E+00
   1.7715E+00  -5.3423E+00
   2.1715E+00  -5.5752E+00
   2.5715E+00  -6.0217E+00
   2.9715E+00  -6.3416E+00
   3.3715E+00  -7.6998E+00
   3.7715E+00  -9.1805E+00
   4.1715E+00  -1.0024E+01
   4.5715E+00  -1.0086E+01
   4.9715E+00  -9.8510E+00
   5.3715E+00  -9.6110E+00
   5.7715E+00  -9.5942E+00
   6.1715E+00  -9.7953E+00
   6.5715E+00  -1.0095E+01
   6.9715E+00  -1.0487E+01
   7.3715E+00  -1.1078E+01
   7.7715E+00  -1.2226E+01
   8.1715E+00  -1.5128E+01
   8.5715E+00  -1.7399E+01
   8.9715E+00  -4.8988E+01
   7.0000E+00   8.1065E-18   8.1606E-02   4.6675E-03
  -1.5828E+01  -1.7666E+01
  -1.5428E+01  -1.7132E+01
  -1.5028E+01  -1.6599E+01
  -1.4628E+01  -1.6066E+01
  -1.4228E+01  -1.5535E+01
  -1.3828E+01  -1.5001E+01
  -1.3428E+01  -1.4468E+01
  -1.3028E+01  -1.3940E+01
  -1.2628E+01  -1.3414E+01
  -1.2228E+01  -1.2898E+01
  -1.1828E+01  -1.2393E+01
  -1.1428E+01  -1.1917E+01
  -1.1028E+01  -1.1502E+01
  -1.0628E+01  -1.1218E+01
  -1.0228E+01  -9.6016E+00
  -9.8285E+00  -8.2090E+00
  -9.4285E+00  -6.8133E+00
  -9.0285E+00  -5.4143E+00
  -8.6285E+00  -4.0090E+00
  -8.2285E+00  -2.8911E+00
  -7.8285E+00  -2.7051E+00
  -7.4285E+00  -2.7217E+00
  -7.0285E+00  -2.7559E+00
  -6.6285E+00  -2.7929E+00
  -6.2285E+00  -2.8337E+00
  -5.8285E+00  -2.8811E+00
  -5.4285E+00  -2.9391E+00
  -5.0285E+00  -2.9981E+00
  -4.6285E+00  -2.8401E+00
  -4.2285E+00  -2.0785E+00
  -3.8285E+00  -1.3762E+00
  -3.4285E+00  -1.6377E+00
  -3.0285E+00  -4.3982E+00
  -2.6285E+00  -4.7386E+00
  -2.2285E+00  -4.8225E+00
  -1.8285E+00  -4.8699E+00
  -1.4285E+00  -4.9080E+00
  -1.0285E+00  -4.9445E+00
  -6.2848E-01  -4.9821E+00
  -2.2848E-01  -5.0219E+00
   1.7152E-01  -5.0641E+00
   5.7152E-01  -5.1102E+00
   9.7152E-01  -5.1632E+00
   1.3715E+00  -5.2297E+00
   1.7715E+00  -5.3291E+00
   2.1715E+00  -5.5634E+00
   2.5715E+00  -6.0147E+00
   2.9715E+00  -6.3399E+00
   3.3715E+00  -8.0278E+00
   3.7715E+00  -9.7927E+00
   4.1715E+00  -1.0432E+01
   4.5715E+00  -1.0383E+01
   4.9715E+00  -1.0130E+01
   5.3715E+00  -9.8952E+00
   5.7715E+00  -9.8936E+00
   6.1715E+00  -1.0116E+01
   6.5715E+00  -1.0453E+01
   6.9715E+00  -1.0924E+01
   7.3715E+00  -1.1720E+01
   7.7715E+00  -1.3547E+01
   8.1715E+00  -1.7221E+01
   8.5715E+00  -1.7551E+01
   8.9715E+00  -4.9056E+01
   8.0000E+00   8.1065E-18   6.1056E-02   4.0250E-03
  -1.5828E+01  -1.8309E+01
  -1.5428E+01  -1.7776E+01
  -1.5028E+01  -1.7242E+01
  -1.4628E+01  -1.6712E+01
  -1.4228E+01  -1.6178E+01
  -1.3828E+01  -1.5644E+01
  -1.3428E+01  -1.5117E+01
  -1.3028E+01  -1.4590E+01
  -1.2628E+01  -1.4073E+01
  -1.2228E+01  -1.3568E+01
  -1.1828E+01  -1.3091E+01
  -1.1428E+01  -1.2673E+01
  -1.1028E+01  -1.2379E+01
  -1.0628E+01  -1.0814E+01
  -1.0228E+01  -9.4173E+00
  -9.8285E+00  -8.0214E+00
  -9.4285E+00  -6.6235E+00
  -9.0285E+00  -5.2229E+00
  -8.6285E+00  -3.7696E+00
  -8.2285E+00  -2.9439E+00
  -7.8285E+00  -2.7823E+00
  -7.4285E+00  -2.8033E+00
  -7.0285E+00  -2.8381E+00
  -6.6285E+00  -2.8767E+00
  -6.2285E+00  -2.9208E+00
  -5.8285E+00  -2.9744E+00
  -5.4285E+00  -3.0442E+00
  -5.0285E+00  -3.1256E+00
  -4.6285E+00  -2.9919E+00
  -4.2285E+00  -2.2190E+00
  -3.8285E+00  -1.5120E+00
  -3.4285E+00  -1.7727E+00
  -3.0285E+00  -4.2714E+00
  -2.6285E+00  -4.3892E+00
  -2.2285E+00  -4.4505E+00
  -1.8285E+00  -4.4863E+00
  -1.4285E+00  -4.5174E+00
  -1.0285E+00  -4.5495E+00
  -6.2848E-01  -4.5845E+00
  -2.2848E-01  -4.6226E+00
   1.7152E-01  -4.6639E+00
   5.7152E-01  -4.7097E+00
   9.7152E-01  -4.7628E+00
   1.3715E+00  -4.8295E+00
   1.7715E+00  -4.9292E+00
   2.1715E+00  -5.1642E+00
   2.5715E+00  -5.6189E+00
   2.9715E+00  -5.9469E+00
   3.3715E+00  -8.5344E+00
   3.7715E+00  -1.0389E+01
   4.1715E+00  -1.0949E+01
   4.5715E+00  -1.0895E+01
   4.9715E+00  -1.0646E+01
   5.3715E+00  -1.0425E+01
   5.7715E+00  -1.0469E+01
   6.1715E+00  -1.0767E+01
   6.5715E+00  -1.1245E+01
   6.9715E+00  -1.2054E+01
   7.3715E+00  -1.3900E+01
   7.7715E+00  -1.6745E+01
   8.1715E+00  -1.7238E+01
   8.5715E+00  -1.7565E+01
   8.9715E+00  -4.9191E+01
   9.0000E+00   8.1065E-18   1.3615E-02   1.9440E-03
  -1.5828E+01  -2.1120E+01
  -1.5428E+01  -2.0594E+01
  -1.5028E+01  -2.0067E+01
  -1.4628E+01  -1.9549E+01
  -1.4228E+01  -1.9045E+01
  -1.3828E+01  -1.8567E+01
  -1.3428E+01  -1.8147E+01
  -1.3028E+01  -1.7838E+01
  -1.2628E+01  -1.6872E+01
  -1.2228E+01  -1.5472E+01
  -1.1828E+01  -1.4075E+01
  -1.1428E+01  -1.2679E+01
  -1.1028E+01  -1.1285E+01
  -1.0628E+01  -9.8916E+00
  -1.0228E+01  -8.4928E+00
  -9.8285E+00  -6.9747E+00
  -9.4285E+00  -5.8673E+00
  -9.0285E+00  -5.0124E+00
  -8.6285E+00  -4.1395E+00
  -8.2285E+00  -3.6074E+00
  -7.8285E+00  -3.5034E+00
  -7.4285E+00  -3.5204E+00
  -7.0285E+00  -3.5501E+00
  -6.6285E+00  -3.5883E+00
  -6.2285E+00  -3.6399E+00
  -5.8285E+00  -3.7130E+00
  -5.4285E+00  -3.8187E+00
  -5.0285E+00  -3.9451E+00
  -4.6285E+00  -3.7602E+00
  -4.2285E+00  -2.9125E+00
  -3.8285E+00  -2.1996E+00
  -3.4285E+00  -2.4578E+00
  -3.0285E+00  -4.2920E+00
  -2.6285E+00  -4.2218E+00
  -2.2285E+00  -4.1703E+00
  -1.8285E+00  -4.1160E+00
  -1.4285E+00  -4.0659E+00
  -1.0285E+00  -4.0236E+00
  -6.2848E-01  -3.9888E+00
  -2.2848E-01  -3.9575E+00
   1.7152E-01  -3.9294E+00
   5.7152E-01  -3.9065E+00
   9.7152E-01  -3.8914E+00
   1.3715E+00  -3.8902E+00
   1.7715E+00  -3.9198E+00
   2.1715E+00  -4.0664E+00
   2.5715E+00  -4.4231E+00
   2.9715E+00  -4.6997E+00
   3.3715E+00  -7.7203E+00
   3.7715E+00  -1.1819E+01
   4.1715E+00  -1.2913E+01
   4.5715E+00  -1.3110E+01
   4.9715E+00  -1.2996E+01
   5.3715E+00  -1.2904E+01
   5.7715E+00  -1.3791E+01
   6.1715E+00  -1.5382E+01
   6.5715E+00  -1.5868E+01
   6.9715E+00  -1.6347E+01
   7.3715E+00  -1.6744E+01
   7.7715E+00  -1.7083E+01
   8.1715E+00  -1.7406E+01
   8.5715E+00  -1.7620E+01
   8.9715E+00  -4.9879E+01
   1.0000E+01   8.1065E-18   1.6343E-02   7.1777E-04
  -1.5828E+01  -2.1087E+01
  -1.5428E+01  -2.0564E+01
  -1.5028E+01  -2.0040E+01
  -1.4628E+01  -1.9525E+01
  -1.4228E+01  -1.9027E+01
  -1.3828E+01  -1.8565E+01
  -1.3428E+01  -1.8173E+01
  -1.3028E+01  -1.7537E+01
  -1.2628E+01  -1.6126E+01
  -1.2228E+01  -1.4729E+01
  -1.1828E+01  -1.3333E+01
  -1.1428E+01  -1.1940E+01
  -1.1028E+01  -1.0551E+01
  -1.0628E+01  -9.1672E+00
  -1.0228E+01  -7.7853E+00
  -9.8285E+00  -6.4164E+00
  -9.4285E+00  -5.4256E+00
  -9.0285E+00  -5.0867E+00
  -8.6285E+00  -4.5355E+00
  -8.2285E+00  -4.0643E+00
  -7.8285E+00  -3.9658E+00
  -7.4285E+00  -3.9816E+00
  -7.0285E+00  -4.0106E+00
  -6.6285E+00  -4.0484E+00
  -6.2285E+00  -4.0935E+00
  -5.8285E+00  -4.1455E+00
  -5.4285E+00  -4.2089E+00
  -5.0285E+00  -4.2342E+00
  -4.6285E+00  -3.8507E+00
  -4.2285E+00  -2.9607E+00
  -3.8285E+00  -2.2499E+00
  -3.4285E+00  -2.5038E+00
  -3.0285E+00  -3.9352E+00
  -2.6285E+00  -3.8232E+00
  -2.2285E+00  -3.7321E+00
  -1.8285E+00  -3.6410E+00
  -1.4285E+00  -3.5508E+00
  -1.0285E+00  -3.4622E+00
  -6.2848E-01  -3.3738E+00
  -2.2848E-01  -3.2848E+00
   1.7152E-01  -3.2016E+00
   5.7152E-01  -3.1347E+00
   9.7152E-01  -3.0928E+00
   1.3715E+00  -3.0816E+00
   1.7715E+00  -3.1115E+00
   2.1715E+00  -3.2593E+00
   2.5715E+00  -3.6076E+00
   2.9715E+00  -3.8808E+00
   3.3715E+00  -6.4528E+00
   3.7715E+00  -1.2821E+01
   4.1715E+00  -1.3976E+01
   4.5715E+00  -1.4245E+01
   4.9715E+00  -1.4799E+01
   5.3715E+00  -1.5078E+01
   5.7715E+00  -1.5109E+01
   6.1715E+00  -1.5355E+01
   6.5715E+00  -1.5740E+01
   6.9715E+00  -1.6164E+01
   7.3715E+00  -1.6542E+01
   7.7715E+00  -1.6884E+01
   8.1715E+00  -1.7230E+01
   8.5715E+00  -1.7491E+01
   8.9715E+00  -4.9931E+01
   1.1000E+01   8.1065E-18   1.8547E-02   2.6987E-04
  -1.5828E+01  -2.1045E+01
  -1.5428E+01  -2.0521E+01
  -1.5028E+01  -1.9998E+01
  -1.4628E+01  -1.9482E+01
  -1.4228E+01  -1.8984E+01
  -1.3828E+01  -1.8521E+01
  -1.3428E+01  -1.8128E+01
  -1.3028E+01  -1.7533E+01
  -1.2628E+01  -1.6124E+01
  -1.2228E+01  -1.4727E+01
  -1.1828E+01  -1.3334E+01
  -1.1428E+01  -1.1945E+01
  -1.1028E+01  -1.0560E+01
  -1.0628E+01  -9.1767E+00
  -1.0228E+01  -7.7875E+00
  -9.8285E+00  -6.4109E+00
  -9.4285E+00  -5.3429E+00
  -9.0285E+00  -5.0624E+00
  -8.6285E+00  -4.7750E+00
  -8.2285E+00  -4.4207E+00
  -7.8285E+00  -4.3370E+00
  -7.4285E+00  -4.3531E+00
  -7.0285E+00  -4.3864E+00
  -6.6285E+00  -4.4330E+00
  -6.2285E+00  -4.4777E+00
  -5.8285E+00  -4.5036E+00
  -5.4285E+00  -4.5183E+00
  -5.0285E+00  -4.4420E+00
  -4.6285E+00  -3.8962E+00
  -4.2285E+00  -2.9643E+00
  -3.8285E+00  -2.2505E+00
  -3.4285E+00  -2.5044E+00
  -3.0285E+00  -3.9202E+00
  -2.6285E+00  -3.7839E+00
  -2.2285E+00  -3.6710E+00
  -1.8285E+00  -3.5556E+00
  -1.4285E+00  -3.4387E+00
  -1.0285E+00  -3.3225E+00
  -6.2848E-01  -3.2102E+00
  -2.2848E-01  -3.1076E+00
   1.7152E-01  -3.0231E+00
   5.7152E-01  -2.9637E+00
   9.7152E-01  -2.9318E+00
   1.3715E+00  -2.9283E+00
   1.7715E+00  -2.9619E+00
   2.1715E+00  -3.1096E+00
   2.5715E+00  -3.4528E+00
   2.9715E+00  -3.7237E+00
   3.3715E+00  -6.1769E+00
   3.7715E+00  -1.3353E+01
   4.1715E+00  -1.4009E+01
   4.5715E+00  -1.4290E+01
   4.9715E+00  -1.4869E+01
   5.3715E+00  -1.5191E+01
   5.7715E+00  -1.5109E+01
   6.1715E+00  -1.5221E+01
   6.5715E+00  -1.5507E+01
   6.9715E+00  -1.5877E+01
   7.3715E+00  -1.6246E+01
   7.7715E+00  -1.6608E+01
   8.1715E+00  -1.6983E+01
   8.5715E+00  -1.7292E+01
   8.9715E+00  -4.9931E+01
   1.1000E+01   8.1065E-18   6.7116E-02   2.6987E-04
  -1.5828E+01  -2.0487E+01
  -1.5428E+01  -1.9963E+01
  -1.5028E+01  -1.9439E+01
  -1.4628E+01  -1.8924E+01
  -1.4228E+01  -1.8426E+01
  -1.3828E+01  -1.7963E+01
  -1.3428E+01  -1.7569E+01
  -1.3028E+01  -1.6975E+01
  -1.2628E+01  -1.5565E+01
  -1.2228E+01  -1.4169E+01
  -1.1828E+01  -1.2775E+01
  -1.1428E+01  -1.1386E+01
  -1.1028E+01  -1.0002E+01
  -1.0628E+01  -8.6182E+00
  -1.0228E+01  -7.2290E+00
  -9.8285E+00  -5.8523E+00
  -9.4285E+00  -4.7843E+00
  -9.0285E+00  -4.5039E+00
  -8.6285E+00  -4.2164E+00
  -8.2285E+00  -3.8622E+00
  -7.8285E+00  -3.7784E+00
  -7.4285E+00  -3.7946E+00
  -7.0285E+00  -3.8278E+00
  -6.6285E+00  -3.8744E+00
  -6.2285E+00  -3.9192E+00
  -5.8285E+00  -3.9450E+00
  -5.4285E+00  -3.9597E+00
  -5.0285E+00  -3.8834E+00
  -4.6285E+00  -3.3377E+00
  -4.2285E+00  -2.4057E+00
  -3.8285E+00  -1.6919E+00
  -3.4285E+00  -1.9459E+00
  -3.0285E+00  -3.3616E+00
  -2.6285E+00  -3.2253E+00
  -2.2285E+00  -3.1124E+00
  -1.8285E+00  -2.9970E+00
  -1.4285E+00  -2.8801E+00
  -1.0285E+00  -2.7640E+00
  -6.2848E-01  -2.6517E+00
  -2.2848E-01  -2.5490E+00
   1.7152E-01  -2.4646E+00
   5.7152E-01  -2.4052E+00
   9.7152E-01  -2.3732E+00
   1.3715E+00  -2.3697E+00
   1.7715E+00  -2.4034E+00
   2.1715E+00  -2.5511E+00
   2.5715E+00  -2.8943E+00
   2.9715E+00  -3.1651E+00
   3.3715E+00  -5.6184E+00
   3.7715E+00  -1.2795E+01
   4.1715E+00  -1.3451E+01
   4.5715E+00  -1.3732E+01
   4.9715E+00  -1.4310E+01
   5.3715E+00  -1.4632E+01
   5.7715E+00  -1.4551E+01
   6.1715E+00  -1.4662E+01
   6.5715E+00  -1.4949E+01
   6.9715E+00  -1.5318E+01
   7.3715E+00  -1.5687E+01
   7.7715E+00  -1.6050E+01
   8.1715E+00  -1.6424E+01
   8.5715E+00  -1.6734E+01
   8.9715E+00  -4.9373E+01
   1.1000E+01   8.1065E-18   1.8547E-02   2.6987E-04
  -1.5828E+01  -2.1045E+01
  -1.5428E+01  -2.0521E+01
  -1.5028E+01  -1.9998E+01
  -1.4628E+01  -1.9482E+01
  -1.4228E+01  -1.8984E+01
  -1.3828E+01  -1.8521E+01
  -1.3428E+01  -1.8128E+01
  -1.3028E+01  -1.7533E+01
  -1.2628E+01  -1.6124E+01
  -1.2228E+01  -1.4727E+01
  -1.1828E+01  -1.3334E+01
  -1.1428E+01  -1.1945E+01
  -1.1028E+01  -1.0560E+01
  -1.0628E+01  -9.1767E+00
  -1.0228E+01  -7.7875E+00
  -9.8285E+00  -6.4109E+00
  -9.4285E+00  -5.3429E+00
  -9.0285E+00  -5.0624E+00
  -8.6285E+00  -4.7750E+00
  -8.2285E+00  -4.4207E+00
  -7.8285E+00  -4.3370E+00
  -7.4285E+00  -4.3531E+00
  -7.0285E+00  -4.3864E+00
  -6.6285E+00  -4.4330E+00
  -6.2285E+00  -4.4777E+00
  -5.8285E+00  -4.5036E+00
  -5.4285E+00  -4.5183E+00
  -5.0285E+00  -4.4420E+00
  -4.6285E+00  -3.8962E+00
  -4.2285E+00  -2.9643E+00
  -3.8285E+00  -2.2505E+00
  -3.4285E+00  -2.5044E+00
  -3.0285E+00  -3.9202E+00
  -2.6285E+00  -3.7839E+00
  -2.2285E+00  -3.6710E+00
  -1.8285E+00  -3.5556E+00
  -1.4285E+00  -3.4387E+00
  -1.0285E+00  -3.3225E+00
  -6.2848E-01  -3.2102E+00
  -2.2848E-01  -3.1076E+00
   1.7152E-01  -3.0231E+00
   5.7152E-01  -2.9637E+00
   9.7152E-01  -2.9318E+00
   1.3715E+00  -2.9283E+00
   1.7715E+00  -2.9619E+00
   2.1715E+00  -3.1096E+00
   2.5715E+00  -3.4528E+00
   2.9715E+00  -3.7237E+00
   3.3715E+00  -6.1769E+00
   3.7715E+00  -1.3353E+01
   4.1715E+00  -1.4009E+01
   4.5715E+00  -1.4290E+01
   4.9715E+00  -1.4869E+01
   5.3715E+00  -1.5191E+01
   5.7715E+00  -1.5109E+01
   6.1715E+00  -1.5221E+01
   6.5715E+00  -1.5507E+01
   6.9715E+00  -1.5877E+01
   7.3715E+00  -1.6246E+01
   7.7715E+00  -1.6608E+01
   8.1715E+00  -1.6983E+01
   8.5715E+00  -1.7292E+01
   8.9715E+00  -4.9931E+01
   1.1000E+01   8.1065E-18   6.7116E-02   2.6987E-04
  -1.5828E+01  -2.0487E+01
  -1.5428E+01  -1.9963E+01
  -1.5028E+01  -1.9439E+01
  -1.4628E+01  -1.8924E+01
  -1.4228E+01  -1.8426E+01
  -1.3828E+01  -1.7963E+01
  -1.3428E+01  -1.7569E+01
  -1.3028E+01  -1.6975E+01
  -1.2628E+01  -1.5565E+01
  -1.2228E+01  -1.4169E+01
  -1.1828E+01  -1.2775E+01
  -1.1428E+01  -1.1386E+01
  -1.1028E+01  -1.0002E+01
  -1.0628E+01  -8.6182E+00
  -1.0228E+01  -7.2290E+00
  -9.8285E+00  -5.8523E+00
  -9.4285E+00  -4.7843E+00
  -9.0285E+00  -4.5039E+00
  -8.6285E+00  -4.2164E+00
  -8.2285E+00  -3.8622E+00
  -7.8285E+00  -3.7784E+00
  -7.4285E+00  -3.7946E+00
  -7.0285E+00  -3.8278E+00
  -6.6285E+00  -3.8744E+00
  -6.2285E+00  -3.9192E+00
  -5.8285E+00  -3.9450E+00
  -5.4285E+00  -3.9597E+00
  -5.0285E+00  -3.8834E+00
  -4.6285E+00  -3.3377E+00
  -4.2285E+00  -2.4057E+00
  -3.8285E+00  -1.6919E+00
  -3.4285E+00  -1.9459E+00
  -3.0285E+00  -3.3616E+00
  -2.6285E+00  -3.2253E+00
  -2.2285E+00  -3.1124E+00
  -1.8285E+00  -2.9970E+00
  -1.4285E+00  -2.8801E+00
  -1.0285E+00  -2.7640E+00
  -6.2848E-01  -2.6517E+00
  -2.2848E-01  -2.5490E+00
   1.7152E-01  -2.4646E+00
   5.7152E-01  -2.4052E+00
   9.7152E-01  -2.3732E+00
   1.3715E+00  -2.3697E+00
   1.7715E+00  -2.4034E+00
   2.1715E+00  -2.5511E+00
   2.5715E+00  -2.8943E+00
   2.9715E+00  -3.1651E+00
   3.3715E+00  -5.6184E+00
   3.7715E+00  -1.2795E+01
   4.1715E+00  -1.3451E+01
   4.5715E+00  -1.3732E+01
   4.9715E+00  -1.4310E+01
   5.3715E+00  -1.4632E+01
   5.7715E+00  -1.4551E+01
   6.1715E+00  -1.4662E+01
   6.5715E+00  -1.4949E+01
   6.9715E+00  -1.5318E+01
   7.3715E+00  -1.5687E+01
   7.7715E+00  -1.6050E+01
   8.1715E+00  -1.6424E+01
   8.5715E+00  -1.6734E+01
   8.9715E+00  -4.9373E+01
   1.1000E+01   8.1065E-18   6.7116E-02   2.6987E-04
  -1.5828E+01  -2.0487E+01
  -1.5428E+01  -1.9963E+01
  -1.5028E+01  -1.9439E+01
  -1.4628E+01  -1.8924E+01
  -1.4228E+01  -1.8426E+01
  -1.3828E+01  -1.7963E+01
  -1.3428E+01  -1.7569E+01
  -1.3028E+01  -1.6975E+01
  -1.2628E+01  -1.5565E+01
  -1.2228E+01  -1.4169E+01
  -1.1828E+01  -1.2775E+01
  -1.1428E+01  -1.1386E+01
  -1.1028E+01  -1.0002E+01
  -1.0628E+01  -8.6182E+00
  -1.0228E+01  -7.2290E+00
  -9.8285E+00  -5.8523E+00
  -9.4285E+00  -4.7843E+00
  -9.0285E+00  -4.5039E+00
  -8.6285E+00  -4.2164E+00
  -8.2285E+00  -3.8622E+00
  -7.8285E+00  -3.7784E+00
  -7.4285E+00  -3.7946E+00
  -7.0285E+00  -3.8278E+00
  -6.6285E+00  -3.8744E+00
  -6.2285E+00  -3.9192E+00
  -5.8285E+00  -3.9450E+00
  -5.4285E+00  -3.9597E+00
  -5.0285E+00  -3.8834E+00
  -4.6285E+00  -3.3377E+00
  -4.2285E+00  -2.4057E+00
  -3.8285E+00  -1.6919E+00
  -3.4285E+00  -1.9459E+00
  -3.0285E+00  -3.3616E+00
  -2.6285E+00  -3.2253E+00
  -2.2285E+00  -3.1124E+00
  -1.8285E+00  -2.9970E+00
  -1.4285E+00  -2.8801E+00
  -1.0285E+00  -2.7640E+00
  -6.2848E-01  -2.6517E+00
  -2.2848E-01  -2.5490E+00
   1.7152E-01  -2.4646E+00
   5.7152E-01  -2.4052E+00
   9.7152E-01  -2.3732E+00
   1.3715E+00  -2.3697E+00
   1.7715E+00  -2.4034E+00
   2.1715E+00  -2.5511E+00
   2.5715E+00  -2.8943E+00
   2.9715E+00  -3.1651E+00
   3.3715E+00  -5.6184E+00
   3.7715E+00  -1.2795E+01
   4.1715E+00  -1.3451E+01
   4.5715E+00  -1.3732E+01
   4.9715E+00  -1.4310E+01
   5.3715E+00  -1.4632E+01
   5.7715E+00  -1.4551E+01
   6.1715E+00  -1.4662E+01
   6.5715E+00  -1.4949E+01
   6.9715E+00  -1.5318E+01
   7.3715E+00  -1.5687E+01
   7.7715E+00  -1.6050E+01
   8.1715E+00  -1.6424E+01
   8.5715E+00  -1.6734E+01
   8.9715E+00  -4.9373E+01
   1.1000E+01   8.1065E-18   1.8547E-02   2.6987E-04
  -1.5828E+01  -2.1045E+01
  -1.5428E+01  -2.0521E+01
  -1.5028E+01  -1.9998E+01
  -1.4628E+01  -1.9482E+01
  -1.4228E+01  -1.8984E+01
  -1.3828E+01  -1.8521E+01
  -1.3428E+01  -1.8128E+01
  -1.3028E+01  -1.7533E+01
  -1.2628E+01  -1.6124E+01
  -1.2228E+01  -1.4727E+01
  -1.1828E+01  -1.3334E+01
  -1.1428E+01  -1.1945E+01
  -1.1028E+01  -1.0560E+01
  -1.0628E+01  -9.1767E+00
  -1.0228E+01  -7.7875E+00
  -9.8285E+00  -6.4109E+00
  -9.4285E+00  -5.3429E+00
  -9.0285E+00  -5.0624E+00
  -8.6285E+00  -4.7750E+00
  -8.2285E+00  -4.4207E+00
  -7.8285E+00  -4.3370E+00
  -7.4285E+00  -4.3531E+00
  -7.0285E+00  -4.3864E+00
  -6.6285E+00  -4.4330E+00
  -6.2285E+00  -4.4777E+00
  -5.8285E+00  -4.5036E+00
  -5.4285E+00  -4.5183E+00
  -5.0285E+00  -4.4420E+00
  -4.6285E+00  -3.8962E+00
  -4.2285E+00  -2.9643E+00
  -3.8285E+00  -2.2505E+00
  -3.4285E+00  -2.5044E+00
  -3.0285E+00  -3.9202E+00
  -2.6285E+00  -3.7839E+00
  -2.2285E+00  -3.6710E+00
  -1.8285E+00  -3.5556E+00
  -1.4285E+00  -3.4387E+00
  -1.0285E+00  -3.3225E+00
  -6.2848E-01  -3.2102E+00
  -2.2848E-01  -3.1076E+00
   1.7152E-01  -3.0231E+00
   5.7152E-01  -2.9637E+00
   9.7152E-01  -2.9318E+00
   1.3715E+00  -2.9283E+00
   1.7715E+00  -2.9619E+00
   2.1715E+00  -3.1096E+00
   2.5715E+00  -3.4528E+00
   2.9715E+00  -3.7237E+00
   3.3715E+00  -6.1769E+00
   3.7715E+00  -1.3353E+01
   4.1715E+00  -1.4009E+01
   4.5715E+00  -1.4290E+01
   4.9715E+00  -1.4869E+01
   5.3715E+00  -1.5191E+01
   5.7715E+00  -1.5109E+01
   6.1715E+00  -1.5221E+01
   6.5715E+00  -1.5507E+01
   6.9715E+00  -1.5877E+01
   7.3715E+00  -1.6246E+01
   7.7715E+00  -1.6608E+01
   8.1715E+00  -1.6983E+01
   8.5715E+00  -1.7292E+01
   8.9715E+00  -4.9931E+01
   1.1000E+01   8.1065E-18   6.7116E-02   2.6987E-04
  -1.5828E+01  -2.0487E+01
  -1.5428E+01  -1.9963E+01
  -1.5028E+01  -1.9439E+01
  -1.4628E+01  -1.8924E+01
  -1.4228E+01  -1.8426E+01
  -1.3828E+01  -1.7963E+01
  -1.3428E+01  -1.7569E+01
  -1.3028E+01  -1.6975E+01
  -1.2628E+01  -1.5565E+01
  -1.2228E+01  -1.4169E+01
  -1.1828E+01  -1.2775E+01
  -1.1428E+01  -1.1386E+01
  -1.1028E+01  -1.0002E+01
  -1.0628E+01  -8.6182E+00
  -1.0228E+01  -7.2290E+00
  -9.8285E+00  -5.8523E+00
  -9.4285E+00  -4.7843E+00
  -9.0285E+00  -4.5039E+00
  -8.6285E+00  -4.2164E+00
  -8.2285E+00  -3.8622E+00
  -7.8285E+00  -3.7784E+00
  -7.4285E+00  -3.7946E+00
  -7.0285E+00  -3.8278E+00
  -6.6285E+00  -3.8744E+00
  -6.2285E+00  -3.9192E+00
  -5.8285E+00  -3.9450E+00
  -5.4285E+00  -3.9597E+00
  -5.0285E+00  -3.8834E+00
  -4.6285E+00  -3.3377E+00
  -4.2285E+00  -2.4057E+00
  -3.8285E+00  -1.6919E+00
  -3.4285E+00  -1.9459E+00
  -3.0285E+00  -3.3616E+00
  -2.6285E+00  -3.2253E+00
  -2.2285E+00  -3.1124E+00
  -1.8285E+00  -2.9970E+00
  -1.4285E+00  -2.8801E+00
  -1.0285E+00  -2.7640E+00
  -6.2848E-01  -2.6517E+00
  -2.2848E-01  -2.5490E+00
   1.7152E-01  -2.4646E+00
   5.7152E-01  -2.4052E+00
   9.7152E-01  -2.3732E+00
   1.3715E+00  -2.3697E+00
   1.7715E+00  -2.4034E+00
   2.1715E+00  -2.5511E+00
   2.5715E+00  -2.8943E+00
   2.9715E+00  -3.1651E+00
   3.3715E+00  -5.6184E+00
   3.7715E+00  -1.2795E+01
   4.1715E+00  -1.3451E+01
   4.5715E+00  -1.3732E+01
   4.9715E+00  -1.4310E+01
   5.3715E+00  -1.4632E+01
   5.7715E+00  -1.4551E+01
   6.1715E+00  -1.4662E+01
   6.5715E+00  -1.4949E+01
   6.9715E+00  -1.5318E+01
   7.3715E+00  -1.5687E+01
   7.7715E+00  -1.6050E+01
   8.1715E+00  -1.6424E+01
   8.5715E+00  -1.6734E+01
   8.9715E+00  -4.9373E+01
   1.1000E+01   8.1065E-18   1.8547E-02   2.6987E-04
  -1.5828E+01  -2.1045E+01
  -1.5428E+01  -2.0521E+01
  -1.5028E+01  -1.9998E+01
  -1.4628E+01  -1.9482E+01
  -1.4228E+01  -1.8984E+01
  -1.3828E+01  -1.8521E+01
  -1.3428E+01  -1.8128E+01
  -1.3028E+01  -1.7533E+01
  -1.2628E+01  -1.6124E+01
  -1.2228E+01  -1.4727E+01
  -1.1828E+01  -1.3334E+01
  -1.1428E+01  -1.1945E+01
  -1.1028E+01  -1.0560E+01
  -1.0628E+01  -9.1767E+00
  -1.0228E+01  -7.7875E+00
  -9.8285E+00  -6.4109E+00
  -9.4285E+00  -5.3429E+00
  -9.0285E+00  -5.0624E+00
  -8.6285E+00  -4.7750E+00
  -8.2285E+00  -4.4207E+00
  -7.8285E+00  -4.3370E+00
  -7.4285E+00  -4.3531E+00
  -7.0285E+00  -4.3864E+00
  -6.6285E+00  -4.4330E+00
  -6.2285E+00  -4.4777E+00
  -5.8285E+00  -4.5036E+00
  -5.4285E+00  -4.5183E+00
  -5.0285E+00  -4.4420E+00
  -4.6285E+00  -3.8962E+00
  -4.2285E+00  -2.9643E+00
  -3.8285E+00  -2.2505E+00
  -3.4285E+00  -2.5044E+00
  -3.0285E+00  -3.9202E+00
  -2.6285E+00  -3.7839E+00
  -2.2285E+00  -3.6710E+00
  -1.8285E+00  -3.5556E+00
  -1.4285E+00  -3.4387E+00
  -1.0285E+00  -3.3225E+00
  -6.2848E-01  -3.2102E+00
  -2.2848E-01  -3.1076E+00
   1.7152E-01  -3.0231E+00
   5.7152E-01  -2.9637E+00
   9.7152E-01  -2.9318E+00
   1.3715E+00  -2.9283E+00
   1.7715E+00  -2.9619E+00
   2.1715E+00  -3.1096E+00
   2.5715E+00  -3.4528E+00
   2.9715E+00  -3.7237E+00
   3.3715E+00  -6.1769E+00
   3.7715E+00  -1.3353E+01
   4.1715E+00  -1.4009E+01
   4.5715E+00  -1.4290E+01
   4.9715E+00  -1.4869E+01
   5.3715E+00  -1.5191E+01
   5.7715E+00  -1.5109E+01
   6.1715E+00  -1.5221E+01
   6.5715E+00  -1.5507E+01
   6.9715E+00  -1.5877E+01
   7.3715E+00  -1.6246E+01
   7.7715E+00  -1.6608E+01
   8.1715E+00  -1.6983E+01
   8.5715E+00  -1.7292E+01
   8.9715E+00  -4.9931E+01
   1.1000E+01   8.1065E-18   6.7116E-02   2.6987E-04
  -1.5828E+01  -2.0487E+01
  -1.5428E+01  -1.9963E+01
  -1.5028E+01  -1.9439E+01
  -1.4628E+01  -1.8924E+01
  -1.4228E+01  -1.8426E+01
  -1.3828E+01  -1.7963E+01
  -1.3428E+01  -1.7569E+01
  -1.3028E+01  -1.6975E+01
  -1.2628E+01  -1.5565E+01
  -1.2228E+01  -1.4169E+01
  -1.1828E+01  -1.2775E+01
  -1.1428E+01  -1.1386E+01
  -1.1028E+01  -1.0002E+01
  -1.0628E+01  -8.6182E+00
  -1.0228E+01  -7.2290E+00
  -9.8285E+00  -5.8523E+00
  -9.4285E+00  -4.7843E+00
  -9.0285E+00  -4.5039E+00
  -8.6285E+00  -4.2164E+00
  -8.2285E+00  -3.8622E+00
  -7.8285E+00  -3.7784E+00
  -7.4285E+00  -3.7946E+00
  -7.0285E+00  -3.8278E+00
  -6.6285E+00  -3.8744E+00
  -6.2285E+00  -3.9192E+00
  -5.8285E+00  -3.9450E+00
  -5.4285E+00  -3.9597E+00
  -5.0285E+00  -3.8834E+00
  -4.6285E+00  -3.3377E+00
  -4.2285E+00  -2.4057E+00
  -3.8285E+00  -1.6919E+00
  -3.4285E+00  -1.9459E+00
  -3.0285E+00  -3.3616E+00
  -2.6285E+00  -3.2253E+00
  -2.2285E+00  -3.1124E+00
  -1.8285E+00  -2.9970E+00
  -1.4285E+00  -2.8801E+00
  -1.0285E+00  -2.7640E+00
  -6.2848E-01  -2.6517E+00
  -2.2848E-01  -2.5490E+00
   1.7152E-01  -2.4646E+00
   5.7152E-01  -2.4052E+00
   9.7152E-01  -2.3732E+00
   1.3715E+00  -2.3697E+00
   1.7715E+00  -2.4034E+00
   2.1715E+00  -2.5511E+00
   2.5715E+00  -2.8943E+00
   2.9715E+00  -3.1651E+00
   3.3715E+00  -5.6184E+00
   3.7715E+00  -1.2795E+01
   4.1715E+00  -1.3451E+01
   4.5715E+00  -1.3732E+01
   4.9715E+00  -1.4310E+01
   5.3715E+00  -1.4632E+01
   5.7715E+00  -1.4551E+01
   6.1715E+00  -1.4662E+01
   6.5715E+00  -1.4949E+01
   6.9715E+00  -1.5318E+01
   7.3715E+00  -1.5687E+01
   7.7715E+00  -1.6050E+01
   8.1715E+00  -1.6424E+01
   8.5715E+00  -1.6734E+01
   8.9715E+00  -4.9373E+01
   1.1000E+01   8.1065E-18   1.8547E-02   2.6987E-04
  -1.5828E+01  -2.1045E+01
  -1.5428E+01  -2.0521E+01
  -1.5028E+01  -1.9998E+01
  -1.4628E+01  -1.9482E+01
  -1.4228E+01  -1.8984E+01
  -1.3828E+01  -1.8521E+01
  -1.3428E+01  -1.8128E+01
  -1.3028E+01  -1.7533E+01
  -1.2628E+01  -1.6124E+01
  -1.2228E+01  -1.4727E+01
  -1.1828E+01  -1.3334E+01
  -1.1428E+01  -1.1945E+01
  -1.1028E+01  -1.0560E+01
  -1.0628E+01  -9.1767E+00
  -1.0228E+01  -7.7875E+00
  -9.8285E+00  -6.4109E+00
  -9.4285E+00  -5.3429E+00
  -9.0285E+00  -5.0624E+00
  -8.6285E+00  -4.7750E+00
  -8.2285E+00  -4.4207E+00
  -7.8285E+00  -4.3370E+00
  -7.4285E+00  -4.3531E+00
  -7.0285E+00  -4.3864E+00
  -6.6285E+00  -4.4330E+00
  -6.2285E+00  -4.4777E+00
  -5.8285E+00  -4.5036E+00
  -5.4285E+00  -4.5183E+00
  -5.0285E+00  -4.4420E+00
  -4.6285E+00  -3.8962E+00
  -4.2285E+00  -2.9643E+00
  -3.8285E+00  -2.2505E+00
  -3.4285E+00  -2.5044E+00
  -3.0285E+00  -3.9202E+00
  -2.6285E+00  -3.7839E+00
  -2.2285E+00  -3.6710E+00
  -1.8285E+00  -3.5556E+00
  -1.4285E+00  -3.4387E+00
  -1.0285E+00  -3.3225E+00
  -6.2848E-01  -3.2102E+00
  -2.2848E-01  -3.1076E+00
   1.7152E-01  -3.0231E+00
   5.7152E-01  -2.9637E+00
   9.7152E-01  -2.9318E+00
   1.3715E+00  -2.9283E+00
   1.7715E+00  -2.9619E+00
   2.1715E+00  -3.1096E+00
   2.5715E+00  -3.4528E+00
   2.9715E+00  -3.7237E+00
   3.3715E+00  -6.1769E+00
   3.7715E+00  -1.3353E+01
   4.1715E+00  -1.4009E+01
   4.5715E+00  -1.4290E+01
   4.9715E+00  -1.4869E+01
   5.3715E+00  -1.5191E+01
   5.7715E+00  -1.5109E+01
   6.1715E+00  -1.5221E+01
   6.5715E+00  -1.5507E+01
   6.9715E+00  -1.5877E+01
   7.3715E+00  -1.6246E+01
   7.7715E+00  -1.6608E+01
   8.1715E+00  -1.6983E+01
   8.5715E+00  -1.7292E+01
   8.9715E+00  -4.9931E+01
   1.1000E+01   8.1065E-18   6.7116E-02   2.6987E-04
  -1.5828E+01  -2.0487E+01
  -1.5428E+01  -1.9963E+01
  -1.5028E+01  -1.9439E+01
  -1.4628E+01  -1.8924E+01
  -1.4228E+01  -1.8426E+01
  -1.3828E+01  -1.7963E+01
  -1.3428E+01  -1.7569E+01
  -1.3028E+01  -1.6975E+01
  -1.2628E+01  -1.5565E+01
  -1.2228E+01  -1.4169E+01
  -1.1828E+01  -1.2775E+01
  -1.1428E+01  -1.1386E+01
  -1.1028E+01  -1.0002E+01
  -1.0628E+01  -8.6182E+00
  -1.0228E+01  -7.2290E+00
  -9.8285E+00  -5.8523E+00
  -9.4285E+00  -4.7843E+00
  -9.0285E+00  -4.5039E+00
  -8.6285E+00  -4.2164E+00
  -8.2285E+00  -3.8622E+00
  -7.8285E+00  -3.7784E+00
  -7.4285E+00  -3.7946E+00
  -7.0285E+00  -3.8278E+00
  -6.6285E+00  -3.8744E+00
  -6.2285E+00  -3.9192E+00
  -5.8285E+00  -3.9450E+00
  -5.4285E+00  -3.9597E+00
  -5.0285E+00  -3.8834E+00
  -4.6285E+00  -3.3377E+00
  -4.2285E+00  -2.4057E+00
  -3.8285E+00  -1.6919E+00
  -3.4285E+00  -1.9459E+00
  -3.0285E+00  -3.3616E+00
  -2.6285E+00  -3.2253E+00
  -2.2285E+00  -3.1124E+00
  -1.8285E+00  -2.9970E+00
  -1.4285E+00  -2.8801E+00
  -1.0285E+00  -2.7640E+00
  -6.2848E-01  -2.6517E+00
  -2.2848E-01  -2.5490E+00
   1.7152E-01  -2.4646E+00
   5.7152E-01  -2.4052E+00
   9.7152E-01  -2.3732E+00
   1.3715E+00  -2.3697E+00
   1.7715E+00  -2.4034E+00
   2.1715E+00  -2.5511E+00
   2.5715E+00  -2.8943E+00
   2.9715E+00  -3.1651E+00
   3.3715E+00  -5.6184E+00
   3.7715E+00  -1.2795E+01
   4.1715E+00  -1.3451E+01
   4.5715E+00  -1.3732E+01
   4.9715E+00  -1.4310E+01
   5.3715E+00  -1.4632E+01
   5.7715E+00  -1.4551E+01
   6.1715E+00  -1.4662E+01
   6.5715E+00  -1.4949E+01
   6.9715E+00  -1.5318E+01
   7.3715E+00  -1.5687E+01
   7.7715E+00  -1.6050E+01
   8.1715E+00  -1.6424E+01
   8.5715E+00  -1.6734E+01
   8.9715E+00  -4.9373E+01
   1.1000E+01   8.1065E-18   1.8547E-02   2.6987E-04
  -1.5828E+01  -2.1045E+01
  -1.5428E+01  -2.0521E+01
  -1.5028E+01  -1.9998E+01
  -1.4628E+01  -1.9482E+01
  -1.4228E+01  -1.8984E+01
  -1.3828E+01  -1.8521E+01
  -1.3428E+01  -1.8128E+01
  -1.3028E+01  -1.7533E+01
  -1.2628E+01  -1.6124E+01
  -1.2228E+01  -1.4727E+01
  -1.1828E+01  -1.3334E+01
  -1.1428E+01  -1.1945E+01
  -1.1028E+01  -1.0560E+01
  -1.0628E+01  -9.1767E+00
  -1.0228E+01  -7.7875E+00
  -9.8285E+00  -6.4109E+00
  -9.4285E+00  -5.3429E+00
  -9.0285E+00  -5.0624E+00
  -8.6285E+00  -4.7750E+00
  -8.2285E+00  -4.4207E+00
  -7.8285E+00  -4.3370E+00
  -7.4285E+00  -4.3531E+00
  -7.0285E+00  -4.3864E+00
  -6.6285E+00  -4.4330E+00
  -6.2285E+00  -4.4777E+00
  -5.8285E+00  -4.5036E+00
  -5.4285E+00  -4.5183E+00
  -5.0285E+00  -4.4420E+00
  -4.6285E+00  -3.8962E+00
  -4.2285E+00  -2.9643E+00
  -3.8285E+00  -2.2505E+00
  -3.4285E+00  -2.5044E+00
  -3.0285E+00  -3.9202E+00
  -2.6285E+00  -3.7839E+00
  -2.2285E+00  -3.6710E+00
  -1.8285E+00  -3.5556E+00
  -1.4285E+00  -3.4387E+00
  -1.0285E+00  -3.3225E+00
  -6.2848E-01  -3.2102E+00
  -2.2848E-01  -3.1076E+00
   1.7152E-01  -3.0231E+00
   5.7152E-01  -2.9637E+00
   9.7152E-01  -2.9318E+00
   1.3715E+00  -2.9283E+00
   1.7715E+00  -2.9619E+00
   2.1715E+00  -3.1096E+00
   2.5715E+00  -3.4528E+00
   2.9715E+00  -3.7237E+00
   3.3715E+00  -6.1769E+00
   3.7715E+00  -1.3353E+01
   4.1715E+00  -1.4009E+01
   4.5715E+00  -1.4290E+01
   4.9715E+00  -1.4869E+01
   5.3715E+00  -1.5191E+01
   5.7715E+00  -1.5109E+01
   6.1715E+00  -1.5221E+01
   6.5715E+00  -1.5507E+01
   6.9715E+00  -1.5877E+01
   7.3715E+00  -1.6246E+01
   7.7715E+00  -1.6608E+01
   8.1715E+00  -1.6983E+01
   8.5715E+00  -1.7292E+01
   8.9715E+00  -4.9931E+01
   1.1000E+01   8.1065E-18   6.7116E-02   2.6987E-04
  -1.5828E+01  -2.0487E+01
  -1.5428E+01  -1.9963E+01
  -1.5028E+01  -1.9439E+01
  -1.4628E+01  -1.8924E+01
  -1.4228E+01  -1.8426E+01
  -1.3828E+01  -1.7963E+01
  -1.3428E+01  -1.7569E+01
  -1.3028E+01  -1.6975E+01
  -1.2628E+01  -1.5565E+01
  -1.2228E+01  -1.4169E+01
  -1.1828E+01  -1.2775E+01
  -1.1428E+01  -1.1386E+01
  -1.1028E+01  -1.0002E+01
  -1.0628E+01  -8.6182E+00
  -1.0228E+01  -7.2290E+00
  -9.8285E+00  -5.8523E+00
  -9.4285E+00  -4.7843E+00
  -9.0285E+00  -4.5039E+00
  -8.6285E+00  -4.2164E+00
  -8.2285E+00  -3.8622E+00
  -7.8285E+00  -3.7784E+00
  -7.4285E+00  -3.7946E+00
  -7.0285E+00  -3.8278E+00
  -6.6285E+00  -3.8744E+00
  -6.2285E+00  -3.9192E+00
  -5.8285E+00  -3.9450E+00
  -5.4285E+00  -3.9597E+00
  -5.0285E+00  -3.8834E+00
  -4.6285E+00  -3.3377E+00
  -4.2285E+00  -2.4057E+00
  -3.8285E+00  -1.6919E+00
  -3.4285E+00  -1.9459E+00
  -3.0285E+00  -3.3616E+00
  -2.6285E+00  -3.2253E+00
  -2.2285E+00  -3.1124E+00
  -1.8285E+00  -2.9970E+00
  -1.4285E+00  -2.8801E+00
  -1.0285E+00  -2.7640E+00
  -6.2848E-01  -2.6517E+00
  -2.2848E-01  -2.5490E+00
   1.7152E-01  -2.4646E+00
   5.7152E-01  -2.4052E+00
   9.7152E-01  -2.3732E+00
   1.3715E+00  -2.3697E+00
   1.7715E+00  -2.4034E+00
   2.1715E+00  -2.5511E+00
   2.5715E+00  -2.8943E+00
   2.9715E+00  -3.1651E+00
   3.3715E+00  -5.6184E+00
   3.7715E+00  -1.2795E+01
   4.1715E+00  -1.3451E+01
   4.5715E+00  -1.3732E+01
   4.9715E+00  -1.4310E+01
   5.3715E+00  -1.4632E+01
   5.7715E+00  -1.4551E+01
   6.1715E+00  -1.4662E+01
   6.5715E+00  -1.4949E+01
   6.9715E+00  -1.5318E+01
   7.3715E+00  -1.5687E+01
   7.7715E+00  -1.6050E+01
   8.1715E+00  -1.6424E+01
   8.5715E+00  -1.6734E+01
   8.9715E+00  -4.9373E+01
   1.1000E+01   8.1065E-18   1.8547E-02   2.6987E-04
  -1.5828E+01  -2.1045E+01
  -1.5428E+01  -2.0521E+01
  -1.5028E+01  -1.9998E+01
  -1.4628E+01  -1.9482E+01
  -1.4228E+01  -1.8984E+01
  -1.3828E+01  -1.8521E+01
  -1.3428E+01  -1.8128E+01
  -1.3028E+01  -1.7533E+01
  -1.2628E+01  -1.6124E+01
  -1.2228E+01  -1.4727E+01
  -1.1828E+01  -1.3334E+01
  -1.1428E+01  -1.1945E+01
  -1.1028E+01  -1.0560E+01
  -1.0628E+01  -9.1767E+00
  -1.0228E+01  -7.7875E+00
  -9.8285E+00  -6.4109E+00
  -9.4285E+00  -5.3429E+00
  -9.0285E+00  -5.0624E+00
  -8.6285E+00  -4.7750E+00
  -8.2285E+00  -4.4207E+00
  -7.8285E+00  -4.3370E+00
  -7.4285E+00  -4.3531E+00
  -7.0285E+00  -4.3864E+00
  -6.6285E+00  -4.4330E+00
  -6.2285E+00  -4.4777E+00
  -5.8285E+00  -4.5036E+00
  -5.4285E+00  -4.5183E+00
  -5.0285E+00  -4.4420E+00
  -4.6285E+00  -3.8962E+00
  -4.2285E+00  -2.9643E+00
  -3.8285E+00  -2.2505E+00
  -3.4285E+00  -2.5044E+00
  -3.0285E+00  -3.9202E+00
  -2.6285E+00  -3.7839E+00
  -2.2285E+00  -3.6710E+00
  -1.8285E+00  -3.5556E+00
  -1.4285E+00  -3.4387E+00
  -1.0285E+00  -3.3225E+00
  -6.2848E-01  -3.2102E+00
  -2.2848E-01  -3.1076E+00
   1.7152E-01  -3.0231E+00
   5.7152E-01  -2.9637E+00
   9.7152E-01  -2.9318E+00
   1.3715E+00  -2.9283E+00
   1.7715E+00  -2.9619E+00
   2.1715E+00  -3.1096E+00
   2.5715E+00  -3.4528E+00
   2.9715E+00  -3.7237E+00
   3.3715E+00  -6.1769E+00
   3.7715E+00  -1.3353E+01
   4.1715E+00  -1.4009E+01
   4.5715E+00  -1.4290E+01
   4.9715E+00  -1.4869E+01
   5.3715E+00  -1.5191E+01
   5.7715E+00  -1.5109E+01
   6.1715E+00  -1.5221E+01
   6.5715E+00  -1.5507E+01
   6.9715E+00  -1.5877E+01
   7.3715E+00  -1.6246E+01
   7.7715E+00  -1.6608E+01
   8.1715E+00  -1.6983E+01
   8.5715E+00  -1.7292E+01
   8.9715E+00  -4.9931E+01
   1.1000E+01   8.1065E-18   6.7116E-02   2.6987E-04
  -1.5828E+01  -2.0487E+01
  -1.5428E+01  -1.9963E+01
  -1.5028E+01  -1.9439E+01
  -1.4628E+01  -1.8924E+01
  -1.4228E+01  -1.8426E+01
  -1.3828E+01  -1.7963E+01
  -1.3428E+01  -1.7569E+01
  -1.3028E+01  -1.6975E+01
  -1.2628E+01  -1.5565E+01
  -1.2228E+01  -1.4169E+01
  -1.1828E+01  -1.2775E+01
  -1.1428E+01  -1.1386E+01
  -1.1028E+01  -1.0002E+01
  -1.0628E+01  -8.6182E+00
  -1.0228E+01  -7.2290E+00
  -9.8285E+00  -5.8523E+00
  -9.4285E+00  -4.7843E+00
  -9.0285E+00  -4.5039E+00
  -8.6285E+00  -4.2164E+00
  -8.2285E+00  -3.8622E+00
  -7.8285E+00  -3.7784E+00
  -7.4285E+00  -3.7946E+00
  -7.0285E+00  -3.8278E+00
  -6.6285E+00  -3.8744E+00
  -6.2285E+00  -3.9192E+00
  -5.8285E+00  -3.9450E+00
  -5.4285E+00  -3.9597E+00
  -5.0285E+00  -3.8834E+00
  -4.6285E+00  -3.3377E+00
  -4.2285E+00  -2.4057E+00
  -3.8285E+00  -1.6919E+00
  -3.4285E+00  -1.9459E+00
  -3.0285E+00  -3.3616E+00
  -2.6285E+00  -3.2253E+00
  -2.2285E+00  -3.1124E+00
  -1.8285E+00  -2.9970E+00
  -1.4285E+00  -2.8801E+00
  -1.0285E+00  -2.7640E+00
  -6.2848E-01  -2.6517E+00
  -2.2848E-01  -2.5490E+00
   1.7152E-01  -2.4646E+00
   5.7152E-01  -2.4052E+00
   9.7152E-01  -2.3732E+00
   1.3715E+00  -2.3697E+00
   1.7715E+00  -2.4034E+00
   2.1715E+00  -2.5511E+00
   2.5715E+00  -2.8943E+00
   2.9715E+00  -3.1651E+00
   3.3715E+00  -5.6184E+00
   3.7715E+00  -1.2795E+01
   4.1715E+00  -1.3451E+01
   4.5715E+00  -1.3732E+01
   4.9715E+00  -1.4310E+01
   5.3715E+00  -1.4632E+01
   5.7715E+00  -1.4551E+01
   6.1715E+00  -1.4662E+01
   6.5715E+00  -1.4949E+01
   6.9715E+00  -1.5318E+01
   7.3715E+00  -1.5687E+01
   7.7715E+00  -1.6050E+01
   8.1715E+00  -1.6424E+01
   8.5715E+00  -1.6734E+01
   8.9715E+00  -4.9373E+01
   1.1000E+01   8.1065E-18   1.8547E-02   2.6987E-04
  -1.5828E+01  -2.1045E+01
  -1.5428E+01  -2.0521E+01
  -1.5028E+01  -1.9998E+01
  -1.4628E+01  -1.9482E+01
  -1.4228E+01  -1.8984E+01
  -1.3828E+01  -1.8521E+01
  -1.3428E+01  -1.8128E+01
  -1.3028E+01  -1.7533E+01
  -1.2628E+01  -1.6124E+01
  -1.2228E+01  -1.4727E+01
  -1.1828E+01  -1.3334E+01
  -1.1428E+01  -1.1945E+01
  -1.1028E+01  -1.0560E+01
  -1.0628E+01  -9.1767E+00
  -1.0228E+01  -7.7875E+00
  -9.8285E+00  -6.4109E+00
  -9.4285E+00  -5.3429E+00
  -9.0285E+00  -5.0624E+00
  -8.6285E+00  -4.7750E+00
  -8.2285E+00  -4.4207E+00
  -7.8285E+00  -4.3370E+00
  -7.4285E+00  -4.3531E+00
  -7.0285E+00  -4.3864E+00
  -6.6285E+00  -4.4330E+00
  -6.2285E+00  -4.4777E+00
  -5.8285E+00  -4.5036E+00
  -5.4285E+00  -4.5183E+00
  -5.0285E+00  -4.4420E+00
  -4.6285E+00  -3.8962E+00
  -4.2285E+00  -2.9643E+00
  -3.8285E+00  -2.2505E+00
  -3.4285E+00  -2.5044E+00
  -3.0285E+00  -3.9202E+00
  -2.6285E+00  -3.7839E+00
  -2.2285E+00  -3.6710E+00
  -1.8285E+00  -3.5556E+00
  -1.4285E+00  -3.4387E+00
  -1.0285E+00  -3.3225E+00
  -6.2848E-01  -3.2102E+00
  -2.2848E-01  -3.1076E+00
   1.7152E-01  -3.0231E+00
   5.7152E-01  -2.9637E+00
   9.7152E-01  -2.9318E+00
   1.3715E+00  -2.9283E+00
   1.7715E+00  -2.9619E+00
   2.1715E+00  -3.1096E+00
   2.5715E+00  -3.4528E+00
   2.9715E+00  -3.7237E+00
   3.3715E+00  -6.1769E+00
   3.7715E+00  -1.3353E+01
   4.1715E+00  -1.4009E+01
   4.5715E+00  -1.4290E+01
   4.9715E+00  -1.4869E+01
   5.3715E+00  -1.5191E+01
   5.7715E+00  -1.5109E+01
   6.1715E+00  -1.5221E+01
   6.5715E+00  -1.5507E+01
   6.9715E+00  -1.5877E+01
   7.3715E+00  -1.6246E+01
   7.7715E+00  -1.6608E+01
   8.1715E+00  -1.6983E+01
   8.5715E+00  -1.7292E+01
   8.9715E+00  -4.9931E+01
