   0.0000E+00   1.4150E+00
   0.0000E+00   1.0387E+00
   1.0000E+00   1.0418E+00
   2.0000E+00   1.1429E+00
   3.0000E+00   1.2641E+00
   4.0000E+00   1.3873E+00
   5.0000E+00   1.4900E+00
   6.0000E+00   1.5649E+00
   7.0000E+00   1.6143E+00
   8.0000E+00   1.6401E+00
   9.0000E+00   1.6549E+00
   1.0000E+01   1.6688E+00
   1.1000E+01   1.6952E+00
   1.2000E+01   1.7339E+00
   1.3000E+01   1.7626E+00
   1.4000E+01   1.7734E+00
   1.5000E+01   1.7476E+00
   1.6000E+01   1.6745E+00
   1.7000E+01   1.5545E+00
   1.8000E+01   1.3977E+00
   1.9000E+01   1.2400E+00
   2.0000E+01   1.1667E+00
   2.1000E+01   1.1742E+00
   2.2000E+01   1.2170E+00
   2.3000E+01   1.2415E+00
   2.4000E+01   1.2488E+00
   2.5000E+01   1.2725E+00
   2.6000E+01   1.3369E+00
   2.7000E+01   1.4512E+00
   2.8000E+01   1.5546E+00
   2.9000E+01   1.5765E+00
   3.0000E+01   1.4487E+00
   3.1000E+01   3.5595E-01
   3.2000E+01  -2.6059E-01
   3.3000E+01  -2.6059E-01
   3.3000E+01   1.4150E+00
   3.3000E+01  -2.6059E-01
   3.3000E+01   1.4150E+00
   3.3000E+01  -2.6059E-01
   3.3000E+01   1.4150E+00
   3.3000E+01  -2.6059E-01
   3.3000E+01   1.4150E+00
   3.3000E+01  -2.6059E-01
   3.3000E+01   1.4150E+00
   3.3000E+01  -2.6059E-01
   3.3000E+01   1.4150E+00
   3.3000E+01  -2.6059E-01
   3.3000E+01   1.4150E+00
   3.3000E+01  -2.6059E-01
   3.4000E+01   9.1018E-01
   3.4000E+01   1.4150E+00
   3.4000E+01   9.1018E-01
   3.5000E+01   2.1077E+00
   3.6000E+01   2.4634E+00
   3.7000E+01   2.6361E+00
   3.8000E+01   2.7107E+00
   3.9000E+01   2.6759E+00
   4.0000E+01   2.5394E+00
   4.1000E+01   2.2916E+00
   4.2000E+01   1.7606E+00
   4.3000E+01  -2.6059E-01
   4.4000E+01  -2.6059E-01
   4.5000E+01  -2.6059E-01
   4.6000E+01   1.2945E+00
   4.7000E+01   1.5807E+00
   4.8000E+01   1.6527E+00
   4.9000E+01   1.6474E+00
   5.0000E+01   1.6046E+00
   5.1000E+01   1.5561E+00
   5.2000E+01   1.4958E+00
   5.3000E+01   1.4300E+00
   5.4000E+01   1.3237E+00
   5.5000E+01   1.1988E+00
   5.6000E+01   1.1672E+00
   5.7000E+01   1.3601E+00
   5.8000E+01   1.5551E+00
   5.9000E+01   1.7897E+00
   6.0000E+01   1.9294E+00
   6.1000E+01   2.0106E+00
   6.2000E+01   2.0059E+00
   6.3000E+01   1.9117E+00
   6.4000E+01   1.7613E+00
   6.5000E+01   1.5276E+00
   6.6000E+01   1.3261E+00
   6.7000E+01   1.3480E+00
   6.8000E+01   1.4998E+00
   6.9000E+01   1.6292E+00
   7.0000E+01   1.6720E+00
   7.1000E+01   1.6680E+00
   7.2000E+01   1.6449E+00
   7.3000E+01   1.6351E+00
   7.4000E+01   1.6838E+00
   7.5000E+01   1.7284E+00
   7.6000E+01   1.7819E+00
   7.7000E+01   1.8094E+00
   7.8000E+01   1.8059E+00
   7.9000E+01   1.7800E+00
   8.0000E+01   1.7521E+00
   8.1000E+01   1.7362E+00
   8.2000E+01   1.7644E+00
   8.3000E+01   1.8134E+00
   8.4000E+01   1.9022E+00
   8.5000E+01   1.9848E+00
   8.6000E+01   2.0716E+00
   8.7000E+01   2.1596E+00
   8.8000E+01   2.2076E+00
   8.9000E+01   2.2360E+00
   9.0000E+01   2.2376E+00
   9.1000E+01   2.2173E+00
   9.2000E+01   2.1815E+00
   9.3000E+01   2.1305E+00
   9.4000E+01   2.0501E+00
   9.5000E+01   1.9829E+00
   9.6000E+01   1.9129E+00
   9.7000E+01   1.8421E+00
   9.8000E+01   1.7541E+00
   9.9000E+01   1.6795E+00
   1.0000E+02   1.6628E+00
   1.0100E+02   1.7098E+00
   1.0200E+02   1.8028E+00
   1.0300E+02   1.8820E+00
   1.0400E+02   1.9616E+00
   1.0500E+02   1.9897E+00
   1.0600E+02   1.9909E+00
   1.0700E+02   1.9691E+00
   1.0800E+02   1.9389E+00
   1.0900E+02   1.9028E+00
   1.1000E+02   1.8708E+00
   1.1100E+02   1.8594E+00
   1.1200E+02   1.8424E+00
   1.1300E+02   1.8417E+00
   1.1400E+02   1.8466E+00
   1.1500E+02   1.8461E+00
   1.1600E+02   1.8323E+00
   1.1700E+02   1.8054E+00
   1.1800E+02   1.7520E+00
   1.1900E+02   1.6747E+00
   1.2000E+02   1.6263E+00
   1.2100E+02   1.5821E+00
   1.2200E+02   1.5733E+00
   1.2300E+02   1.5778E+00
   1.2400E+02   1.5885E+00
   1.2500E+02   1.5948E+00
   1.2600E+02   1.5916E+00
   1.2700E+02   1.5751E+00
   1.2800E+02   1.5453E+00
   1.2900E+02   1.4965E+00
   1.3000E+02   1.4335E+00
   1.3100E+02   1.4104E+00
   1.3200E+02   1.4457E+00
   1.3300E+02   1.5355E+00
   1.3400E+02   1.6283E+00
   1.3500E+02   1.6820E+00
   1.3600E+02   1.6775E+00
   1.3700E+02   1.6002E+00
   1.3800E+02   1.4616E+00
   1.3900E+02   1.2832E+00
   1.4000E+02   1.1619E+00
   1.4100E+02   1.2290E+00
   1.4200E+02   1.3437E+00
   1.4300E+02   1.4316E+00
   1.4400E+02   1.4464E+00
   1.4400E+02   1.4150E+00
   1.4400E+02   1.4498E+00
   1.4500E+02   1.3925E+00
   1.4600E+02   1.2721E+00
   1.4700E+02   1.1829E+00
   1.4800E+02   1.2064E+00
   1.4900E+02   1.3563E+00
   1.5000E+02   1.4676E+00
   1.5100E+02   1.6022E+00
   1.5200E+02   1.6901E+00
   1.5300E+02   1.7478E+00
   1.5400E+02   1.7397E+00
   1.5500E+02   1.6290E+00
   1.5600E+02   1.3631E+00
   1.5700E+02   2.0505E-01
   1.5800E+02   2.0116E-01
   1.5900E+02   1.6777E+00
   1.6000E+02   2.1949E+00
   1.6100E+02   2.4860E+00
   1.6200E+02   2.6186E+00
   1.6300E+02   2.6794E+00
   1.6400E+02   2.6200E+00
   1.6500E+02   2.4988E+00
   1.6600E+02   2.2401E+00
   1.6700E+02   1.7614E+00
   1.6700E+02   1.4150E+00
   1.6700E+02   1.7627E+00
   1.6800E+02   1.2488E-01
   1.6900E+02  -2.6059E-01
   1.6900E+02   1.4150E+00
   1.6900E+02  -2.6059E-01
   1.6900E+02   1.4150E+00
   1.6900E+02  -2.6059E-01
   1.6900E+02   1.4150E+00
   1.6900E+02  -2.6059E-01
   1.6900E+02   1.4150E+00
   1.6900E+02  -2.6059E-01
   1.6900E+02   1.4150E+00
   1.6900E+02  -2.6059E-01
   1.6900E+02   1.4150E+00
   1.6900E+02  -2.6059E-01
   1.7000E+02   1.0993E+00
   1.7000E+02   1.4150E+00
   1.7000E+02   1.0993E+00
   1.7100E+02   1.5678E+00
   1.7100E+02   1.4150E+00
   1.7100E+02   1.5678E+00
   1.7200E+02   1.6668E+00
   1.7300E+02   1.6312E+00
   1.7400E+02   1.5401E+00
   1.7500E+02   1.5050E+00
   1.7600E+02   1.5727E+00
   1.7700E+02   1.6637E+00
   1.7800E+02   1.7419E+00
   1.7900E+02   1.7768E+00
   1.8000E+02   1.7685E+00
   1.8100E+02   1.7331E+00
   1.8200E+02   1.6975E+00
   1.8300E+02   1.6467E+00
   1.8400E+02   1.6216E+00
   1.8500E+02   1.6037E+00
   1.8600E+02   1.5925E+00
   1.8700E+02   1.5813E+00
   1.8800E+02   1.5724E+00
   1.8900E+02   1.5434E+00
   1.9000E+02   1.4839E+00
   1.9100E+02   1.4230E+00
   1.9200E+02   1.3200E+00
   1.9300E+02   1.2074E+00
   1.9400E+02   1.1430E+00
   1.9500E+02   1.2225E+00
   1.9600E+02   1.3402E+00
   1.9700E+02   1.4581E+00
   1.9800E+02   1.5510E+00
   1.9900E+02   1.5785E+00
   2.0000E+02   1.5791E+00
   2.0100E+02   1.5715E+00
   2.0200E+02   1.5748E+00
   2.0300E+02   1.6183E+00
   2.0400E+02   1.6605E+00
   2.0500E+02   1.7056E+00
   2.0600E+02   1.7421E+00
   2.0700E+02   1.7578E+00
   2.0800E+02   1.7616E+00
   2.0900E+02   1.7647E+00
   2.1000E+02   1.7736E+00
   2.1100E+02   1.7954E+00
   2.1200E+02   1.8135E+00
   2.1300E+02   1.8353E+00
   2.1400E+02   1.8459E+00
   2.1500E+02   1.8429E+00
   2.1600E+02   1.8306E+00
   2.1700E+02   1.8254E+00
   2.1800E+02   1.8236E+00
   2.1900E+02   1.8275E+00
   2.2000E+02   1.8334E+00
   2.2100E+02   1.8293E+00
   2.2200E+02   1.8141E+00
   2.2300E+02   1.7808E+00
   2.2400E+02   1.7531E+00
   2.2500E+02   1.7727E+00
   2.2600E+02   1.8280E+00
   2.2700E+02   1.9208E+00
   2.2800E+02   2.0110E+00
   2.2900E+02   2.0376E+00
   2.3000E+02   2.0018E+00
   2.3100E+02   1.8940E+00
   2.3200E+02   1.7496E+00
   2.3300E+02   1.4609E+00
   2.3400E+02   1.1006E+00
   2.3500E+02   7.1209E-01
   2.3600E+02   8.0330E-01
   2.3700E+02   1.1413E+00
   2.3800E+02   1.4117E+00
   2.3900E+02   1.5937E+00
   2.4000E+02   1.6912E+00
   2.4100E+02   1.7118E+00
   2.4200E+02   1.6310E+00
   2.4300E+02   1.5337E+00
   2.4400E+02   1.4275E+00
   2.4500E+02   1.5125E+00
   2.4600E+02   1.7502E+00
   2.4600E+02   1.4150E+00
   2.4600E+02   1.7199E+00
   2.4700E+02   1.9324E+00
   2.4800E+02   2.0629E+00
   2.4900E+02   2.0979E+00
   2.5000E+02   2.0406E+00
   2.5100E+02   1.9135E+00
   2.5200E+02   1.6659E+00
   2.5300E+02   1.3466E+00
   2.5400E+02   1.1892E+00
   2.5500E+02   1.3547E+00
   2.5600E+02   1.5516E+00
   2.5700E+02   1.6434E+00
   2.5800E+02   1.6489E+00
   2.5900E+02   1.5850E+00
   2.6000E+02   1.4635E+00
   2.6100E+02   1.3839E+00
   2.6200E+02   1.2960E+00
   2.6300E+02   1.2579E+00
   2.6400E+02   1.2511E+00
   2.6500E+02   1.2497E+00
   2.6600E+02   1.2432E+00
   2.6700E+02   1.2281E+00
   2.6800E+02   1.2190E+00
   2.6900E+02   1.2061E+00
   2.7000E+02   1.1848E+00
   2.7100E+02   1.1790E+00
   2.7200E+02   1.1811E+00
   2.7300E+02   1.1811E+00
   2.7400E+02   1.2095E+00
   2.7500E+02   1.2360E+00
   2.7600E+02   1.3231E+00
   2.7700E+02   1.3638E+00
   2.7800E+02   1.4096E+00
   2.7900E+02   1.4606E+00
   2.8000E+02   1.4793E+00
   2.8100E+02   1.4373E+00
   2.8200E+02   1.4085E+00
   2.8300E+02   1.3226E+00
   2.8400E+02   1.2604E+00
   2.8500E+02   1.2367E+00
   2.8600E+02   1.2691E+00
   2.8700E+02   1.3101E+00
   2.8800E+02   1.3497E+00
   2.8900E+02   1.3915E+00
   2.9000E+02   1.4055E+00
   2.9100E+02   1.4170E+00
   2.9200E+02   1.4221E+00
   2.9300E+02   1.4203E+00
   2.9400E+02   1.4190E+00
   2.9500E+02   1.4262E+00
   2.9600E+02   1.4471E+00
   2.9700E+02   1.4651E+00
   2.9800E+02   1.5005E+00
   2.9900E+02   1.5163E+00
   3.0000E+02   1.5178E+00
   3.0100E+02   1.4990E+00
   3.0200E+02   1.4867E+00
   3.0300E+02   1.4745E+00
   3.0400E+02   1.4823E+00
   3.0500E+02   1.5170E+00
   3.0600E+02   1.5392E+00
   3.0700E+02   1.5391E+00
   3.0800E+02   1.4924E+00
   3.0900E+02   1.4315E+00
   3.1000E+02   1.3509E+00
   3.1100E+02   1.3228E+00
   3.1200E+02   1.3994E+00
   3.1300E+02   1.5629E+00
   3.1400E+02   1.6812E+00
   3.1500E+02   1.7448E+00
   3.1600E+02   1.7445E+00
   3.1700E+02   1.7136E+00
   3.1800E+02   1.6757E+00
   3.1900E+02   1.7161E+00
   3.2000E+02   1.8058E+00
   3.2100E+02   1.9550E+00
   3.2200E+02   2.0353E+00
   3.2300E+02   2.0729E+00
   3.2400E+02   2.0153E+00
   3.2500E+02   1.8772E+00
   3.2600E+02   1.6535E+00
   3.2700E+02   1.2045E+00
   3.2800E+02  -2.6059E-01
   3.2900E+02  -2.6059E-01
   3.2900E+02   1.4150E+00
   3.2900E+02  -2.6059E-01
   3.3000E+02   1.2513E-01
   3.3100E+02   1.0262E+00
   3.3200E+02   1.3150E+00
   3.3300E+02   1.4573E+00
   3.3400E+02   1.5616E+00
   3.3500E+02   1.6242E+00
   3.3600E+02   1.6596E+00
   3.3700E+02   1.6775E+00
   3.3800E+02   1.6718E+00
   3.3900E+02   1.6164E+00
   3.4000E+02   1.5866E+00
   3.4100E+02   1.5413E+00
   3.4200E+02   1.5235E+00
   3.4300E+02   1.5742E+00
   3.4400E+02   1.6403E+00
   3.4500E+02   1.6654E+00
   3.4600E+02   1.5713E+00
   3.4700E+02   8.9520E-01
   3.4800E+02  -2.6059E-01
   3.4900E+02  -2.6059E-01
   3.4900E+02   1.4150E+00
   3.4900E+02  -2.6059E-01
   3.4900E+02   1.4150E+00
   3.4900E+02   1.4150E+00
   3.4900E+02   1.4150E+00
   3.4900E+02  -2.6059E-01
   3.5000E+02  -2.6059E-01
   3.5000E+02   1.4150E+00
   3.5000E+02  -2.6059E-01
   3.5100E+02   1.9116E+00
   3.5200E+02   2.4452E+00
   3.5300E+02   2.6799E+00
   3.5400E+02   2.7975E+00
   3.5500E+02   2.7853E+00
   3.5600E+02   2.6289E+00
   3.5700E+02   2.4254E+00
   3.5800E+02   1.9108E+00
   3.5900E+02  -2.6059E-01
   3.6000E+02  -2.6059E-01
   3.6000E+02   1.4150E+00
   3.6000E+02  -2.6059E-01
   3.6100E+02  -2.6059E-01
   3.6200E+02   1.1004E+00
   3.6300E+02   1.7012E+00
   3.6400E+02   1.8140E+00
   3.6500E+02   1.8154E+00
   3.6600E+02   1.7487E+00
   3.6700E+02   1.6791E+00
   3.6800E+02   1.5802E+00
   3.6900E+02   1.4757E+00
   3.7000E+02   1.3353E+00
   3.7100E+02   1.1647E+00
   3.7200E+02   1.0336E+00
   3.7300E+02   9.9364E-01
   3.7400E+02   1.1130E+00
   3.7500E+02   1.3131E+00
   3.7600E+02   1.4728E+00
   3.7700E+02   1.5473E+00
   3.7800E+02   1.5067E+00
   3.7900E+02   1.3377E+00
   3.8000E+02   1.0417E+00
   3.8100E+02   1.0521E+00
   3.8200E+02   1.5205E+00
   3.8300E+02   1.9101E+00
   3.8400E+02   2.1373E+00
   3.8500E+02   2.2604E+00
   3.8600E+02   2.2933E+00
   3.8700E+02   2.2405E+00
   3.8700E+02   1.4150E+00
   3.8700E+02   2.2419E+00
   3.8800E+02   2.1159E+00
   3.8900E+02   1.9421E+00
   3.9000E+02   1.7913E+00
   3.9100E+02   1.7966E+00
   3.9200E+02   1.8898E+00
   3.9300E+02   1.9678E+00
   3.9400E+02   1.9921E+00
   3.9500E+02   1.9466E+00
   3.9600E+02   1.8468E+00
   3.9700E+02   1.7276E+00
   3.9800E+02   1.5847E+00
   3.9900E+02   1.4779E+00
   4.0000E+02   1.4552E+00
   4.0100E+02   1.4848E+00
   4.0200E+02   1.5558E+00
   4.0300E+02   1.5977E+00
   4.0400E+02   1.6451E+00
   4.0500E+02   1.6547E+00
   4.0600E+02   1.6202E+00
   4.0700E+02   1.5449E+00
   4.0800E+02   1.4962E+00
   4.0900E+02   1.4827E+00
   4.1000E+02   1.5465E+00
   4.1100E+02   1.6306E+00
   4.1200E+02   1.6986E+00
   4.1300E+02   1.7177E+00
   4.1400E+02   1.6664E+00
   4.1500E+02   1.5425E+00
   4.1600E+02   1.3419E+00
   4.1700E+02   1.0285E+00
   4.1800E+02   7.6807E-01
   4.1900E+02   7.9732E-01
   4.2000E+02   1.0149E+00
   4.2100E+02   1.2578E+00
   4.2200E+02   1.4233E+00
   4.2300E+02   1.5550E+00
   4.2400E+02   1.6022E+00
   4.2500E+02   1.5952E+00
   4.2600E+02   1.5061E+00
   4.2700E+02   1.4221E+00
   4.2800E+02   1.3109E+00
   4.2900E+02   1.3289E+00
   4.3000E+02   1.4559E+00
   4.3100E+02   1.6294E+00
   4.3200E+02   1.7598E+00
   4.3300E+02   1.8608E+00
   4.3400E+02   1.9372E+00
   4.3500E+02   1.9858E+00
   4.3600E+02   2.0069E+00
   4.3700E+02   2.0046E+00
   4.3800E+02   1.9774E+00
   4.3900E+02   1.9473E+00
   4.4000E+02   1.9204E+00
   4.4100E+02   1.8986E+00
   4.4200E+02   1.8899E+00
   4.4300E+02   1.8798E+00
   4.4400E+02   1.8498E+00
   4.4500E+02   1.8197E+00
   4.4600E+02   1.7502E+00
   4.4700E+02   1.6527E+00
   4.4800E+02   1.5953E+00
   4.4900E+02   1.5680E+00
   4.5000E+02   1.5703E+00
   4.5100E+02   1.5754E+00
   4.5200E+02   1.5503E+00
   4.5300E+02   1.4242E+00
   4.5400E+02   1.2951E+00
   4.5500E+02   1.0527E+00
   4.5600E+02   9.1279E-01
   4.5700E+02   1.0748E+00
   4.5800E+02   1.3252E+00
   4.5900E+02   1.5027E+00
   4.6000E+02   1.6222E+00
   4.6100E+02   1.6733E+00
   4.6200E+02   1.6914E+00
   4.6300E+02   1.6858E+00
   4.6400E+02   1.6712E+00
   4.6500E+02   1.6634E+00
   4.6600E+02   1.6481E+00
   4.6700E+02   1.6442E+00
   4.6800E+02   1.6491E+00
   4.6900E+02   1.6746E+00
   4.7000E+02   1.6948E+00
   4.7100E+02   1.7484E+00
   4.7200E+02   1.7741E+00
   4.7300E+02   1.8153E+00
   4.7400E+02   1.8433E+00
   4.7500E+02   1.8217E+00
   4.7600E+02   1.7576E+00
   4.7700E+02   1.6242E+00
   4.7800E+02   1.4793E+00
   4.7900E+02   1.5108E+00
   4.8000E+02   1.7805E+00
   4.8100E+02   2.0274E+00
   4.8200E+02   2.2164E+00
   4.8300E+02   2.3673E+00
   4.8400E+02   2.4827E+00
   4.8500E+02   2.5410E+00
   4.8600E+02   2.5705E+00
   4.8700E+02   2.5384E+00
   4.8800E+02   2.4571E+00
   4.8900E+02   2.3144E+00
   4.9000E+02   2.0558E+00
   4.9100E+02   1.7105E+00
   4.9200E+02   1.6076E+00
   4.9300E+02   1.8523E+00
   4.9400E+02   2.0734E+00
   4.9500E+02   2.1786E+00
   4.9600E+02   2.1733E+00
   4.9700E+02   2.0794E+00
   4.9800E+02   1.9261E+00
   4.9900E+02   1.7853E+00
   5.0000E+02   1.7511E+00
   5.0100E+02   1.8191E+00
   5.0200E+02   1.9190E+00
   5.0300E+02   1.9545E+00
   5.0400E+02   1.9322E+00
   5.0500E+02   1.8609E+00
   5.0600E+02   1.7706E+00
   5.0700E+02   1.6763E+00
   5.0800E+02   1.6668E+00
   5.0900E+02   1.7389E+00
   5.1000E+02   1.8045E+00
   5.1100E+02   1.8969E+00
   5.1200E+02   1.9841E+00
   5.1300E+02   2.0501E+00
   5.1400E+02   2.0695E+00
   5.1500E+02   2.0376E+00
   5.1600E+02   1.9443E+00
   5.1700E+02   1.8360E+00
   5.1800E+02   1.6646E+00
   5.1900E+02   1.4865E+00
   5.2000E+02   1.4006E+00
   5.2100E+02   1.4690E+00
   5.2200E+02   1.6130E+00
   5.2300E+02   1.7651E+00
   5.2400E+02   1.9031E+00
   5.2500E+02   1.9814E+00
   5.2600E+02   2.0138E+00
   5.2700E+02   1.9749E+00
   5.2800E+02   1.8854E+00
   5.2900E+02   1.7356E+00
   5.3000E+02   1.5661E+00
   5.3100E+02   1.5246E+00
   5.3200E+02   1.6100E+00
   5.3300E+02   1.7320E+00
   5.3400E+02   1.8050E+00
   5.3500E+02   1.8341E+00
   5.3600E+02   1.8164E+00
   5.3700E+02   1.7909E+00
   5.3800E+02   1.7517E+00
   5.3900E+02   1.7311E+00
   5.4000E+02   1.7143E+00
   5.4100E+02   1.6840E+00
   5.4200E+02   1.6350E+00
   5.4300E+02   1.5373E+00
   5.4400E+02   1.4219E+00
   5.4500E+02   1.3272E+00
   5.4600E+02   1.3738E+00
   5.4700E+02   1.5100E+00
   5.4800E+02   1.6868E+00
   5.4900E+02   1.7933E+00
   5.5000E+02   1.8531E+00
   5.5100E+02   1.8596E+00
   5.5200E+02   1.8209E+00
   5.5300E+02   1.7778E+00
   5.5400E+02   1.6712E+00
   5.5500E+02   1.5427E+00
   5.5600E+02   1.4228E+00
   5.5700E+02   1.3484E+00
   5.5800E+02   1.4135E+00
   5.5900E+02   1.5653E+00
   5.6000E+02   1.7048E+00
   5.6100E+02   1.7701E+00
   5.6200E+02   1.7545E+00
   5.6300E+02   1.6929E+00
   5.6400E+02   1.5422E+00
   5.6500E+02   1.4013E+00
   5.6600E+02   1.2919E+00
   5.6700E+02   1.3180E+00
   5.6800E+02   1.3937E+00
   5.6900E+02   1.4417E+00
   5.7000E+02   1.4301E+00
   5.7100E+02   1.3917E+00
   5.7200E+02   1.3408E+00
   5.7300E+02   1.3627E+00
   5.7400E+02   1.4715E+00
   5.7500E+02   1.6076E+00
   5.7600E+02   1.6886E+00
   5.7700E+02   1.7092E+00
   5.7800E+02   1.6315E+00
   5.7900E+02   1.5065E+00
   5.8000E+02   1.3258E+00
   5.8100E+02   1.1527E+00
   5.8200E+02   1.1994E+00
   5.8300E+02   1.3755E+00
   5.8400E+02   1.4984E+00
   5.8500E+02   1.5668E+00
   5.8600E+02   1.5539E+00
   5.8700E+02   1.5110E+00
   5.8800E+02   1.4959E+00
   5.8900E+02   1.5624E+00
   5.9000E+02   1.6931E+00
   5.9100E+02   1.8142E+00
   5.9200E+02   1.8936E+00
   5.9300E+02   1.9101E+00
   5.9400E+02   1.8819E+00
   5.9400E+02   1.4150E+00
   5.9400E+02   1.8823E+00
   5.9500E+02   1.8054E+00
   5.9600E+02   1.6800E+00
   5.9700E+02   1.5615E+00
   5.9800E+02   1.4260E+00
   5.9900E+02   1.3516E+00
   6.0000E+02   1.2716E+00
   6.0100E+02   1.2320E+00
   6.0200E+02   1.2002E+00
   6.0300E+02   1.2419E+00
   6.0400E+02   1.3433E+00
   6.0500E+02   1.4978E+00
   6.0600E+02   1.6556E+00
   6.0700E+02   1.7677E+00
   6.0800E+02   1.8357E+00
   6.0900E+02   1.8496E+00
   6.1000E+02   1.8235E+00
   6.1100E+02   1.8035E+00
   6.1200E+02   1.7990E+00
   6.1300E+02   1.8477E+00
   6.1400E+02   1.9125E+00
   6.1500E+02   1.9764E+00
   6.1600E+02   2.0000E+00
   6.1700E+02   1.9815E+00
   6.1800E+02   1.9289E+00
   6.1900E+02   1.8336E+00
   6.2000E+02   1.7437E+00
   6.2100E+02   1.5841E+00
   6.2200E+02   1.4459E+00
   6.2300E+02   1.3143E+00
   6.2400E+02   1.2386E+00
   6.2500E+02   1.2769E+00
   6.2600E+02   1.3590E+00
   6.2700E+02   1.4310E+00
   6.2800E+02   1.4649E+00
   6.2900E+02   1.4406E+00
   6.3000E+02   1.3770E+00
   6.3100E+02   1.2860E+00
   6.3200E+02   1.2127E+00
   6.3300E+02   1.2088E+00
   6.3400E+02   1.2419E+00
   6.3500E+02   1.3296E+00
   6.3600E+02   1.3915E+00
   6.3700E+02   1.4404E+00
   6.3800E+02   1.5064E+00
   6.3900E+02   1.5879E+00
   6.4000E+02   1.6219E+00
   6.4100E+02   1.6801E+00
   6.4200E+02   1.7031E+00
   6.4300E+02   1.6961E+00
   6.4400E+02   1.6299E+00
   6.4500E+02   1.5435E+00
   6.4600E+02   1.3952E+00
   6.4700E+02   1.2443E+00
   6.4800E+02   1.2407E+00
   6.4900E+02   1.3774E+00
   6.5000E+02   1.5053E+00
   6.5100E+02   1.5868E+00
   6.5200E+02   1.6007E+00
   6.5300E+02   1.5627E+00
   6.5400E+02   1.4751E+00
   6.5500E+02   1.4156E+00
   6.5600E+02   1.3489E+00
   6.5700E+02   1.3148E+00
   6.5800E+02   1.3245E+00
   6.5900E+02   1.3639E+00
   6.6000E+02   1.4139E+00
   6.6100E+02   1.4348E+00
   6.6200E+02   1.4772E+00
   6.6300E+02   1.4898E+00
   6.6400E+02   1.4825E+00
   6.6500E+02   1.4726E+00
   6.6600E+02   1.4488E+00
   6.6700E+02   1.4323E+00
   6.6800E+02   1.4287E+00
   6.6900E+02   1.4404E+00
   6.7000E+02   1.4733E+00
   6.7100E+02   1.5008E+00
   6.7200E+02   1.5334E+00
   6.7300E+02   1.6194E+00
   6.7400E+02   1.6624E+00
   6.7500E+02   1.7080E+00
   6.7600E+02   1.7563E+00
   6.7700E+02   1.8108E+00
   6.7800E+02   1.8904E+00
   6.7900E+02   1.9779E+00
   6.8000E+02   2.0404E+00
   6.8100E+02   2.1122E+00
   6.8200E+02   2.1776E+00
   6.8300E+02   2.2298E+00
   6.8400E+02   2.2821E+00
   6.8500E+02   2.3091E+00
   6.8600E+02   2.3122E+00
   6.8700E+02   2.2958E+00
   6.8800E+02   2.2359E+00
   6.8900E+02   2.1847E+00
   6.9000E+02   2.1074E+00
   6.9100E+02   2.0671E+00
   6.9200E+02   2.0517E+00
   6.9300E+02   2.0446E+00
   6.9400E+02   2.0141E+00
   6.9500E+02   1.9412E+00
   6.9600E+02   1.8563E+00
   6.9700E+02   1.7335E+00
   6.9800E+02   1.5548E+00
   6.9900E+02   1.4984E+00
   7.0000E+02   1.5174E+00
   7.0100E+02   1.5711E+00
   7.0200E+02   1.5998E+00
   7.0300E+02   1.5965E+00
   7.0400E+02   1.5539E+00
   7.0500E+02   1.4640E+00
   7.0600E+02   1.4237E+00
   7.0700E+02   1.3713E+00
   7.0800E+02   1.3359E+00
   7.0900E+02   1.3118E+00
   7.1000E+02   1.2744E+00
   7.1100E+02   1.2584E+00
   7.1200E+02   1.2690E+00
   7.1300E+02   1.3597E+00
   7.1400E+02   1.4927E+00
   7.1500E+02   1.6667E+00
   7.1600E+02   1.7816E+00
   7.1700E+02   1.8785E+00
   7.1800E+02   1.9146E+00
   7.1900E+02   1.9082E+00
   7.2000E+02   1.8747E+00
   7.2100E+02   1.8536E+00
   7.2200E+02   1.8121E+00
   7.2300E+02   1.7754E+00
   7.2400E+02   1.7573E+00
   7.2500E+02   1.7568E+00
   7.2600E+02   1.7736E+00
   7.2700E+02   1.7860E+00
   7.2800E+02   1.8096E+00
   7.2900E+02   1.8168E+00
   7.3000E+02   1.8220E+00
   7.3100E+02   1.8158E+00
   7.3200E+02   1.7958E+00
   7.3300E+02   1.7521E+00
   7.3400E+02   1.6879E+00
   7.3500E+02   1.6263E+00
   7.3600E+02   1.5813E+00
   7.3700E+02   1.5750E+00
   7.3800E+02   1.6390E+00
   7.3900E+02   1.7504E+00
   7.4000E+02   1.8010E+00
   7.4100E+02   1.8426E+00
   7.4200E+02   1.8339E+00
   7.4300E+02   1.7933E+00
   7.4400E+02   1.7275E+00
   7.4500E+02   1.6402E+00
   7.4600E+02   1.6033E+00
   7.4700E+02   1.5765E+00
   7.4800E+02   1.5653E+00
   7.4900E+02   1.5520E+00
   7.5000E+02   1.5238E+00
   7.5100E+02   1.4748E+00
   7.5200E+02   1.4403E+00
   7.5200E+02   1.4150E+00
   7.5200E+02   1.4479E+00
   7.5300E+02   1.3912E+00
   7.5400E+02   1.3306E+00
   7.5500E+02   1.3065E+00
   7.5600E+02   1.3382E+00
   7.5700E+02   1.4194E+00
   7.5800E+02   1.5406E+00
   7.5900E+02   1.6653E+00
   7.6000E+02   1.7196E+00
   7.6100E+02   1.7427E+00
   7.6200E+02   1.7228E+00
   7.6300E+02   1.6638E+00
   7.6400E+02   1.5932E+00
   7.6500E+02   1.5198E+00
   7.6600E+02   1.4503E+00
   7.6700E+02   1.4152E+00
   7.6800E+02   1.4128E+00
   7.6900E+02   1.4485E+00
   7.7000E+02   1.5008E+00
   7.7100E+02   1.5625E+00
   7.7200E+02   1.6002E+00
   7.7300E+02   1.6157E+00
   7.7400E+02   1.6103E+00
   7.7500E+02   1.5920E+00
   7.7600E+02   1.5610E+00
   7.7700E+02   1.5198E+00
   7.7800E+02   1.4925E+00
   7.7900E+02   1.4473E+00
   7.8000E+02   1.3752E+00
   7.8100E+02   1.2445E+00
   7.8200E+02   1.0778E+00
   7.8200E+02   1.4150E+00
   7.8200E+02   1.1075E+00
   7.8300E+02   8.9743E-01
   7.8400E+02   7.5204E-01
   7.8500E+02   7.9989E-01
   7.8600E+02   9.6711E-01
   7.8600E+02   1.4150E+00
   7.8600E+02   9.4898E-01
   7.8600E+02   1.4150E+00
   7.8600E+02   9.4898E-01
   7.8600E+02   1.4150E+00
   7.8600E+02   1.4150E+00
   7.8600E+02   9.4898E-01
   7.8600E+02   1.4150E+00
   7.8600E+02   9.4898E-01
   7.8600E+02   1.4150E+00
   7.8600E+02   9.4898E-01
   7.8600E+02   1.4150E+00
   7.8600E+02   9.4898E-01
   7.8600E+02   1.4150E+00
   7.8600E+02   9.4898E-01
