   0.0000E+00   1.4150E+00
   0.0000E+00   9.3647E-01
   1.0000E+00   9.3459E-01
   2.0000E+00   9.1891E-01
   3.0000E+00   1.0377E+00
   4.0000E+00   1.2014E+00
   5.0000E+00   1.3209E+00
   6.0000E+00   1.3843E+00
   7.0000E+00   1.3762E+00
   8.0000E+00   1.3098E+00
   9.0000E+00   1.1862E+00
   1.0000E+01   1.0301E+00
   1.1000E+01   8.9300E-01
   1.2000E+01   8.2320E-01
   1.3000E+01   8.4017E-01
   1.4000E+01   9.1243E-01
   1.5000E+01   9.9996E-01
   1.6000E+01   1.1029E+00
   1.7000E+01   1.2207E+00
   1.8000E+01   1.3434E+00
   1.9000E+01   1.4592E+00
   2.0000E+01   1.5588E+00
   2.1000E+01   1.6236E+00
   2.2000E+01   1.6536E+00
   2.3000E+01   1.6450E+00
   2.4000E+01   1.6092E+00
   2.5000E+01   1.5614E+00
   2.6000E+01   1.5144E+00
   2.7000E+01   1.4812E+00
   2.8000E+01   1.4659E+00
   2.9000E+01   1.4601E+00
   3.0000E+01   1.4556E+00
   3.1000E+01   1.4543E+00
   3.2000E+01   1.4649E+00
   3.3000E+01   1.4952E+00
   3.4000E+01   1.5531E+00
   3.5000E+01   1.6225E+00
   3.6000E+01   1.6830E+00
   3.7000E+01   1.7140E+00
   3.8000E+01   1.7075E+00
   3.9000E+01   1.6581E+00
   4.0000E+01   1.5780E+00
   4.1000E+01   1.4670E+00
   4.2000E+01   1.3458E+00
   4.3000E+01   1.2515E+00
   4.4000E+01   1.2584E+00
   4.5000E+01   1.3916E+00
   4.6000E+01   1.5837E+00
   4.7000E+01   1.7523E+00
   4.8000E+01   1.8657E+00
   4.9000E+01   1.9256E+00
   5.0000E+01   1.9201E+00
   5.1000E+01   1.8637E+00
   5.2000E+01   1.7677E+00
   5.3000E+01   1.6476E+00
   5.4000E+01   1.5522E+00
   5.5000E+01   1.5140E+00
   5.6000E+01   1.5442E+00
   5.7000E+01   1.6267E+00
   5.8000E+01   1.7304E+00
   5.9000E+01   1.8165E+00
   6.0000E+01   1.8729E+00
   6.1000E+01   1.8800E+00
   6.2000E+01   1.8323E+00
   6.3000E+01   1.7387E+00
   6.4000E+01   1.6169E+00
   6.5000E+01   1.5363E+00
   6.6000E+01   1.5529E+00
   6.7000E+01   1.6276E+00
   6.8000E+01   1.7020E+00
   6.9000E+01   1.7378E+00
   7.0000E+01   1.7311E+00
   7.1000E+01   1.6965E+00
   7.2000E+01   1.6564E+00
   7.3000E+01   1.6330E+00
   7.4000E+01   1.6482E+00
   7.5000E+01   1.6956E+00
   7.6000E+01   1.7619E+00
   7.7000E+01   1.8403E+00
   7.8000E+01   1.9154E+00
   7.9000E+01   1.9657E+00
   8.0000E+01   1.9832E+00
   8.1000E+01   1.9561E+00
   8.2000E+01   1.8820E+00
   8.3000E+01   1.7586E+00
   8.4000E+01   1.5908E+00
   8.5000E+01   1.4215E+00
   8.6000E+01   1.3079E+00
   8.7000E+01   1.3155E+00
   8.8000E+01   1.4198E+00
   8.9000E+01   1.5687E+00
   9.0000E+01   1.6990E+00
   9.1000E+01   1.7939E+00
   9.2000E+01   1.8470E+00
   9.3000E+01   1.8576E+00
   9.4000E+01   1.8322E+00
   9.5000E+01   1.7797E+00
   9.5000E+01   1.4150E+00
   9.5000E+01   1.7815E+00
   9.6000E+01   1.7025E+00
   9.7000E+01   1.6230E+00
   9.8000E+01   1.5572E+00
   9.9000E+01   1.4771E+00
   1.0000E+02   1.4275E+00
   1.0100E+02   1.3817E+00
   1.0200E+02   1.3724E+00
   1.0300E+02   1.4000E+00
   1.0400E+02   1.4629E+00
   1.0500E+02   1.5825E+00
   1.0600E+02   1.6893E+00
   1.0700E+02   1.8150E+00
   1.0800E+02   1.9793E+00
   1.0900E+02   2.1034E+00
   1.1000E+02   2.1933E+00
   1.1100E+02   2.2377E+00
   1.1200E+02   2.2254E+00
   1.1300E+02   2.1526E+00
   1.1400E+02   2.0370E+00
   1.1500E+02   1.8200E+00
   1.1600E+02   1.6141E+00
   1.1700E+02   1.5131E+00
   1.1800E+02   1.5590E+00
   1.1900E+02   1.7125E+00
   1.2000E+02   1.8668E+00
   1.2100E+02   2.0086E+00
   1.2200E+02   2.0859E+00
   1.2300E+02   2.1093E+00
   1.2400E+02   2.0634E+00
   1.2500E+02   1.9652E+00
   1.2600E+02   1.8129E+00
   1.2700E+02   1.5944E+00
   1.2800E+02   1.4753E+00
   1.2900E+02   1.5408E+00
   1.3000E+02   1.6665E+00
   1.3100E+02   1.7576E+00
   1.3200E+02   1.7920E+00
   1.3300E+02   1.7854E+00
   1.3400E+02   1.7799E+00
   1.3500E+02   1.8136E+00
   1.3600E+02   1.9093E+00
   1.3700E+02   2.0102E+00
   1.3800E+02   2.0859E+00
   1.3900E+02   2.1304E+00
   1.4000E+02   2.1504E+00
   1.4100E+02   2.1464E+00
   1.4200E+02   2.1403E+00
   1.4300E+02   2.1435E+00
   1.4400E+02   2.1670E+00
   1.4500E+02   2.1905E+00
   1.4600E+02   2.2030E+00
   1.4700E+02   2.1942E+00
   1.4800E+02   2.1603E+00
   1.4900E+02   2.1213E+00
   1.5000E+02   2.1112E+00
   1.5100E+02   2.1814E+00
   1.5200E+02   2.2670E+00
   1.5300E+02   2.3525E+00
   1.5400E+02   2.4133E+00
   1.5500E+02   2.4261E+00
   1.5600E+02   2.3823E+00
   1.5700E+02   2.2998E+00
   1.5800E+02   2.1727E+00
   1.5900E+02   1.9768E+00
   1.6000E+02   1.7678E+00
   1.6100E+02   1.5855E+00
   1.6200E+02   1.6589E+00
   1.6300E+02   1.9166E+00
   1.6400E+02   2.1677E+00
   1.6500E+02   2.3244E+00
   1.6600E+02   2.4153E+00
   1.6700E+02   2.4373E+00
   1.6800E+02   2.4060E+00
   1.6900E+02   2.3541E+00
   1.7000E+02   2.3181E+00
   1.7100E+02   2.3433E+00
   1.7200E+02   2.3968E+00
   1.7300E+02   2.4400E+00
   1.7400E+02   2.4503E+00
   1.7500E+02   2.3841E+00
   1.7600E+02   2.2952E+00
   1.7700E+02   2.1119E+00
   1.7800E+02   1.8800E+00
   1.7900E+02   1.7179E+00
   1.8000E+02   1.7185E+00
   1.8100E+02   1.8078E+00
   1.8200E+02   1.8648E+00
   1.8300E+02   1.8588E+00
   1.8400E+02   1.8215E+00
   1.8500E+02   1.8319E+00
   1.8600E+02   1.9272E+00
   1.8700E+02   2.0875E+00
   1.8800E+02   2.2051E+00
   1.8900E+02   2.3265E+00
   1.9000E+02   2.3951E+00
   1.9100E+02   2.4418E+00
   1.9200E+02   2.4593E+00
   1.9300E+02   2.4591E+00
   1.9400E+02   2.4492E+00
   1.9500E+02   2.4449E+00
   1.9600E+02   2.4478E+00
   1.9700E+02   2.4763E+00
   1.9800E+02   2.5455E+00
   1.9900E+02   2.6142E+00
   2.0000E+02   2.6648E+00
   2.0100E+02   2.7056E+00
   2.0200E+02   2.7087E+00
   2.0300E+02   2.6970E+00
   2.0400E+02   2.6555E+00
   2.0500E+02   2.6224E+00
   2.0600E+02   2.5919E+00
   2.0700E+02   2.5770E+00
   2.0800E+02   2.5703E+00
   2.0900E+02   2.5517E+00
   2.1000E+02   2.5131E+00
   2.1100E+02   2.4671E+00
   2.1200E+02   2.4094E+00
   2.1300E+02   2.3671E+00
   2.1400E+02   2.3383E+00
   2.1500E+02   2.3343E+00
   2.1600E+02   2.3347E+00
   2.1700E+02   2.3277E+00
   2.1800E+02   2.2892E+00
   2.1900E+02   2.2407E+00
   2.2000E+02   2.1918E+00
   2.2100E+02   2.1493E+00
   2.2200E+02   2.1560E+00
   2.2300E+02   2.1876E+00
   2.2400E+02   2.2146E+00
   2.2500E+02   2.2451E+00
   2.2600E+02   2.2615E+00
   2.2700E+02   2.2723E+00
   2.2800E+02   2.2814E+00
   2.2900E+02   2.2872E+00
   2.3000E+02   2.3050E+00
   2.3100E+02   2.3083E+00
   2.3200E+02   2.3046E+00
   2.3300E+02   2.2783E+00
   2.3400E+02   2.2169E+00
   2.3400E+02   1.4150E+00
   2.3400E+02   2.2260E+00
   2.3500E+02   2.1341E+00
   2.3600E+02   2.0418E+00
   2.3700E+02   1.9265E+00
   2.3800E+02   1.8591E+00
   2.3900E+02   1.8110E+00
   2.4000E+02   1.7852E+00
   2.4100E+02   1.7780E+00
   2.4200E+02   1.7782E+00
   2.4300E+02   1.7877E+00
   2.4400E+02   1.8108E+00
   2.4500E+02   1.8620E+00
   2.4600E+02   1.9104E+00
   2.4700E+02   1.9654E+00
   2.4800E+02   2.0021E+00
   2.4900E+02   2.0140E+00
   2.5000E+02   2.0113E+00
   2.5100E+02   2.0057E+00
   2.5200E+02   1.9923E+00
   2.5300E+02   1.9881E+00
   2.5400E+02   1.9828E+00
   2.5500E+02   1.9747E+00
   2.5600E+02   1.9639E+00
   2.5700E+02   1.9478E+00
   2.5800E+02   1.9299E+00
   2.5900E+02   1.9185E+00
   2.6000E+02   1.9081E+00
   2.6100E+02   1.9091E+00
   2.6200E+02   1.9103E+00
   2.6300E+02   1.9018E+00
   2.6400E+02   1.8774E+00
   2.6500E+02   1.8306E+00
   2.6600E+02   1.7752E+00
   2.6700E+02   1.7533E+00
   2.6800E+02   1.8042E+00
   2.6900E+02   1.9232E+00
   2.7000E+02   2.0517E+00
   2.7100E+02   2.1130E+00
   2.7200E+02   2.1288E+00
   2.7300E+02   2.0724E+00
   2.7400E+02   2.0002E+00
   2.7500E+02   1.8340E+00
   2.7600E+02   1.7329E+00
   2.7700E+02   1.6273E+00
   2.7800E+02   1.5736E+00
   2.7900E+02   1.5610E+00
   2.8000E+02   1.5507E+00
   2.8100E+02   1.5115E+00
   2.8200E+02   1.4822E+00
   2.8300E+02   1.4544E+00
   2.8400E+02   1.4475E+00
   2.8500E+02   1.4583E+00
   2.8600E+02   1.5254E+00
   2.8700E+02   1.5739E+00
   2.8800E+02   1.6529E+00
   2.8900E+02   1.7136E+00
   2.9000E+02   1.7483E+00
   2.9100E+02   1.7511E+00
   2.9200E+02   1.6990E+00
   2.9300E+02   1.6049E+00
   2.9400E+02   1.5194E+00
   2.9500E+02   1.4458E+00
   2.9600E+02   1.4917E+00
   2.9700E+02   1.5869E+00
   2.9800E+02   1.6905E+00
   2.9900E+02   1.7282E+00
   3.0000E+02   1.7188E+00
   3.0100E+02   1.6559E+00
   3.0200E+02   1.6258E+00
   3.0300E+02   1.6621E+00
   3.0400E+02   1.7677E+00
   3.0500E+02   1.8647E+00
   3.0600E+02   1.9744E+00
   3.0700E+02   2.0204E+00
   3.0800E+02   2.0384E+00
   3.0900E+02   2.0200E+00
   3.1000E+02   1.9749E+00
   3.1100E+02   1.9066E+00
   3.1200E+02   1.8238E+00
   3.1300E+02   1.7317E+00
   3.1400E+02   1.6427E+00
   3.1500E+02   1.5949E+00
   3.1600E+02   1.6281E+00
   3.1700E+02   1.6992E+00
   3.1800E+02   1.7460E+00
   3.1900E+02   1.7828E+00
   3.2000E+02   1.7788E+00
   3.2100E+02   1.7362E+00
   3.2200E+02   1.6610E+00
   3.2300E+02   1.4772E+00
   3.2400E+02   1.2266E+00
   3.2500E+02   1.0570E+00
   3.2600E+02   1.3933E+00
   3.2700E+02   1.8283E+00
   3.2800E+02   2.1388E+00
   3.2900E+02   2.3205E+00
   3.3000E+02   2.4374E+00
   3.3100E+02   2.4790E+00
   3.3200E+02   2.4706E+00
   3.3300E+02   2.4320E+00
   3.3400E+02   2.3790E+00
   3.3500E+02   2.3246E+00
   3.3600E+02   2.2871E+00
   3.3700E+02   2.2276E+00
   3.3800E+02   2.2074E+00
   3.3900E+02   2.1664E+00
   3.4000E+02   2.1190E+00
   3.4100E+02   2.0684E+00
   3.4200E+02   2.0311E+00
   3.4300E+02   1.9998E+00
   3.4400E+02   1.9980E+00
   3.4500E+02   2.0668E+00
   3.4600E+02   2.1737E+00
   3.4700E+02   2.2495E+00
   3.4800E+02   2.3641E+00
   3.4900E+02   2.4254E+00
   3.5000E+02   2.4347E+00
   3.5100E+02   2.3633E+00
   3.5200E+02   2.2700E+00
   3.5300E+02   2.1655E+00
   3.5400E+02   2.0354E+00
   3.5500E+02   2.0126E+00
   3.5600E+02   2.1043E+00
   3.5700E+02   2.2085E+00
   3.5800E+02   2.3464E+00
   3.5900E+02   2.4734E+00
   3.6000E+02   2.5531E+00
   3.6100E+02   2.6056E+00
   3.6200E+02   2.6197E+00
   3.6300E+02   2.6028E+00
   3.6400E+02   2.5562E+00
   3.6500E+02   2.4926E+00
   3.6600E+02   2.3978E+00
   3.6700E+02   2.3083E+00
   3.6800E+02   2.2309E+00
   3.6900E+02   2.1203E+00
   3.7000E+02   1.9942E+00
   3.7100E+02   1.9305E+00
   3.7200E+02   1.9193E+00
   3.7300E+02   2.0522E+00
   3.7400E+02   2.1975E+00
   3.7500E+02   2.3717E+00
   3.7600E+02   2.5070E+00
   3.7700E+02   2.5728E+00
   3.7800E+02   2.6020E+00
   3.7900E+02   2.5937E+00
   3.8000E+02   2.5403E+00
   3.8100E+02   2.4578E+00
   3.8200E+02   2.3276E+00
   3.8300E+02   2.1157E+00
   3.8400E+02   1.8468E+00
   3.8500E+02   1.6736E+00
   3.8600E+02   1.8790E+00
   3.8700E+02   2.1520E+00
   3.8800E+02   2.3207E+00
   3.8900E+02   2.3958E+00
   3.9000E+02   2.3901E+00
   3.9100E+02   2.3008E+00
   3.9200E+02   2.2276E+00
   3.9300E+02   2.1358E+00
   3.9400E+02   2.1233E+00
   3.9500E+02   2.1660E+00
   3.9600E+02   2.2170E+00
   3.9700E+02   2.2595E+00
   3.9800E+02   2.2712E+00
   3.9900E+02   2.2476E+00
   4.0000E+02   2.2222E+00
   4.0100E+02   2.1608E+00
   4.0200E+02   2.0849E+00
   4.0300E+02   1.9819E+00
   4.0400E+02   1.8530E+00
   4.0500E+02   1.7306E+00
   4.0600E+02   1.6333E+00
   4.0700E+02   1.6401E+00
   4.0800E+02   1.7698E+00
   4.0900E+02   1.9599E+00
   4.1000E+02   2.1501E+00
   4.1100E+02   2.2480E+00
   4.1200E+02   2.2947E+00
   4.1300E+02   2.2591E+00
   4.1400E+02   2.1698E+00
   4.1500E+02   2.0334E+00
   4.1600E+02   1.9951E+00
   4.1700E+02   2.1323E+00
   4.1800E+02   2.3193E+00
   4.1900E+02   2.4538E+00
   4.2000E+02   2.5318E+00
   4.2100E+02   2.5176E+00
   4.2200E+02   2.4573E+00
   4.2300E+02   2.3687E+00
   4.2400E+02   2.2512E+00
   4.2500E+02   2.1704E+00
   4.2600E+02   2.1281E+00
   4.2700E+02   2.1116E+00
   4.2800E+02   2.0755E+00
   4.2900E+02   1.9983E+00
   4.3000E+02   1.8685E+00
   4.3100E+02   1.7006E+00
   4.3200E+02   1.5186E+00
   4.3300E+02   1.4790E+00
   4.3400E+02   1.5500E+00
   4.3500E+02   1.6501E+00
   4.3600E+02   1.6979E+00
   4.3700E+02   1.6704E+00
   4.3800E+02   1.6000E+00
   4.3900E+02   1.4827E+00
   4.4000E+02   1.3730E+00
   4.4100E+02   1.2511E+00
   4.4200E+02   1.2140E+00
   4.4300E+02   1.2758E+00
   4.4400E+02   1.3943E+00
   4.4500E+02   1.5079E+00
   4.4600E+02   1.6074E+00
   4.4700E+02   1.6228E+00
   4.4800E+02   1.5310E+00
   4.4900E+02   1.3878E+00
   4.5000E+02   1.2194E+00
   4.5100E+02   1.3862E+00
   4.5200E+02   1.7513E+00
   4.5300E+02   2.0335E+00
   4.5400E+02   2.2140E+00
   4.5500E+02   2.2912E+00
   4.5600E+02   2.2620E+00
   4.5700E+02   2.1822E+00
   4.5800E+02   1.9818E+00
   4.5900E+02   1.7175E+00
   4.6000E+02   1.4519E+00
   4.6100E+02   1.4478E+00
   4.6200E+02   1.6050E+00
   4.6300E+02   1.7047E+00
   4.6400E+02   1.7175E+00
   4.6500E+02   1.6563E+00
   4.6600E+02   1.5700E+00
   4.6700E+02   1.5120E+00
   4.6800E+02   1.5544E+00
   4.6900E+02   1.6550E+00
   4.7000E+02   1.7118E+00
   4.7100E+02   1.7188E+00
   4.7200E+02   1.6275E+00
   4.7300E+02   1.4317E+00
   4.7400E+02   1.2696E+00
   4.7500E+02   1.0603E+00
   4.7600E+02   1.1726E+00
   4.7700E+02   1.3802E+00
   4.7800E+02   1.5427E+00
   4.7900E+02   1.6290E+00
   4.8000E+02   1.6582E+00
   4.8100E+02   1.6501E+00
   4.8200E+02   1.6262E+00
   4.8300E+02   1.6217E+00
   4.8400E+02   1.6345E+00
   4.8500E+02   1.6481E+00
   4.8600E+02   1.6438E+00
   4.8700E+02   1.5932E+00
   4.8800E+02   1.5145E+00
   4.8900E+02   1.4250E+00
   4.9000E+02   1.2909E+00
   4.9100E+02   1.1633E+00
   4.9200E+02   1.1069E+00
   4.9300E+02   1.1459E+00
   4.9400E+02   1.2306E+00
   4.9500E+02   1.3304E+00
   4.9600E+02   1.4266E+00
   4.9700E+02   1.5351E+00
   4.9800E+02   1.6140E+00
   4.9900E+02   1.6821E+00
   5.0000E+02   1.7230E+00
   5.0100E+02   1.7507E+00
   5.0200E+02   1.7450E+00
   5.0300E+02   1.6875E+00
   5.0400E+02   1.6039E+00
   5.0500E+02   1.5456E+00
   5.0600E+02   1.4688E+00
   5.0700E+02   1.4731E+00
   5.0800E+02   1.5280E+00
   5.0900E+02   1.5874E+00
   5.1000E+02   1.6202E+00
   5.1100E+02   1.6153E+00
   5.1200E+02   1.5823E+00
   5.1300E+02   1.5152E+00
   5.1400E+02   1.4237E+00
   5.1500E+02   1.3440E+00
   5.1600E+02   1.2545E+00
   5.1700E+02   1.1772E+00
   5.1800E+02   1.1807E+00
   5.1900E+02   1.2542E+00
   5.2000E+02   1.3361E+00
   5.2100E+02   1.3789E+00
   5.2200E+02   1.3891E+00
   5.2300E+02   1.3625E+00
   5.2400E+02   1.3220E+00
   5.2500E+02   1.3311E+00
   5.2600E+02   1.3934E+00
   5.2700E+02   1.5168E+00
   5.2800E+02   1.6385E+00
   5.2900E+02   1.7026E+00
   5.3000E+02   1.7229E+00
   5.3100E+02   1.7035E+00
   5.3200E+02   1.6637E+00
   5.3300E+02   1.6325E+00
   5.3400E+02   1.6490E+00
   5.3500E+02   1.6895E+00
   5.3600E+02   1.7189E+00
   5.3700E+02   1.7182E+00
   5.3800E+02   1.6595E+00
   5.3900E+02   1.5395E+00
   5.4000E+02   1.3879E+00
   5.4100E+02   1.2640E+00
   5.4200E+02   1.3431E+00
   5.4300E+02   1.5267E+00
   5.4400E+02   1.6740E+00
   5.4500E+02   1.7273E+00
   5.4600E+02   1.6806E+00
   5.4700E+02   1.5841E+00
   5.4800E+02   1.4729E+00
   5.4900E+02   1.4538E+00
   5.5000E+02   1.6064E+00
   5.5100E+02   1.7736E+00
   5.5200E+02   1.8900E+00
   5.5300E+02   1.9340E+00
   5.5400E+02   1.8866E+00
   5.5500E+02   1.7853E+00
   5.5600E+02   1.6487E+00
   5.5700E+02   1.5917E+00
   5.5800E+02   1.6975E+00
   5.5900E+02   1.8427E+00
   5.6000E+02   1.9670E+00
   5.6100E+02   2.0079E+00
   5.6200E+02   1.9920E+00
   5.6300E+02   1.9100E+00
   5.6400E+02   1.8233E+00
   5.6500E+02   1.6906E+00
   5.6600E+02   1.5758E+00
   5.6700E+02   1.4860E+00
   5.6800E+02   1.4292E+00
   5.6900E+02   1.4059E+00
   5.7000E+02   1.4099E+00
   5.7100E+02   1.4377E+00
   5.7200E+02   1.4908E+00
   5.7300E+02   1.5400E+00
   5.7400E+02   1.5972E+00
   5.7500E+02   1.6307E+00
   5.7600E+02   1.6576E+00
   5.7700E+02   1.6630E+00
   5.7800E+02   1.6511E+00
   5.7900E+02   1.6259E+00
   5.8000E+02   1.6100E+00
   5.8100E+02   1.5894E+00
   5.8200E+02   1.5864E+00
   5.8300E+02   1.6271E+00
   5.8400E+02   1.6642E+00
   5.8500E+02   1.7508E+00
   5.8600E+02   1.8103E+00
   5.8700E+02   1.8811E+00
   5.8800E+02   1.9187E+00
   5.8900E+02   1.9326E+00
   5.9000E+02   1.9195E+00
   5.9100E+02   1.8799E+00
   5.9200E+02   1.8260E+00
   5.9300E+02   1.7403E+00
   5.9400E+02   1.6546E+00
   5.9500E+02   1.5648E+00
   5.9600E+02   1.5615E+00
   5.9700E+02   1.6477E+00
   5.9800E+02   1.7435E+00
   5.9900E+02   1.8115E+00
   6.0000E+02   1.8502E+00
   6.0100E+02   1.8374E+00
   6.0200E+02   1.7871E+00
   6.0300E+02   1.6967E+00
   6.0400E+02   1.6110E+00
   6.0500E+02   1.5660E+00
   6.0600E+02   1.5227E+00
   6.0700E+02   1.4725E+00
   6.0800E+02   1.4376E+00
   6.0900E+02   1.3760E+00
   6.1000E+02   1.3312E+00
   6.1100E+02   1.3608E+00
   6.1200E+02   1.4582E+00
   6.1300E+02   1.6109E+00
   6.1400E+02   1.7211E+00
   6.1500E+02   1.7921E+00
   6.1600E+02   1.7984E+00
   6.1700E+02   1.7614E+00
   6.1800E+02   1.6757E+00
   6.1900E+02   1.6022E+00
   6.2000E+02   1.4892E+00
   6.2100E+02   1.4330E+00
   6.2200E+02   1.3948E+00
   6.2300E+02   1.3865E+00
   6.2400E+02   1.4060E+00
   6.2500E+02   1.4512E+00
   6.2600E+02   1.5348E+00
   6.2700E+02   1.6025E+00
   6.2800E+02   1.6771E+00
   6.2900E+02   1.7455E+00
   6.3000E+02   1.7795E+00
   6.3100E+02   1.7974E+00
   6.3200E+02   1.7860E+00
   6.3300E+02   1.7513E+00
   6.3400E+02   1.7176E+00
   6.3500E+02   1.7014E+00
   6.3600E+02   1.7191E+00
   6.3700E+02   1.7586E+00
   6.3800E+02   1.7749E+00
   6.3900E+02   1.7601E+00
   6.4000E+02   1.7000E+00
   6.4100E+02   1.6095E+00
   6.4200E+02   1.5298E+00
   6.4300E+02   1.5219E+00
   6.4400E+02   1.5949E+00
   6.4500E+02   1.6997E+00
   6.4600E+02   1.7683E+00
   6.4700E+02   1.7780E+00
   6.4800E+02   1.6968E+00
   6.4900E+02   1.5987E+00
   6.5000E+02   1.4286E+00
   6.5100E+02   1.2267E+00
   6.5200E+02   1.0864E+00
   6.5300E+02   1.0419E+00
   6.5400E+02   1.0663E+00
   6.5500E+02   1.0850E+00
   6.5600E+02   1.0719E+00
   6.5700E+02   1.0519E+00
   6.5800E+02   1.0438E+00
   6.5900E+02   1.0727E+00
   6.6000E+02   1.1503E+00
   6.6100E+02   1.2663E+00
   6.6200E+02   1.3332E+00
   6.6300E+02   1.4578E+00
   6.6400E+02   1.5901E+00
   6.6500E+02   1.6633E+00
   6.6600E+02   1.7119E+00
   6.6700E+02   1.7193E+00
   6.6800E+02   1.7078E+00
   6.6900E+02   1.6851E+00
   6.7000E+02   1.6945E+00
   6.7100E+02   1.7324E+00
   6.7200E+02   1.7690E+00
   6.7300E+02   1.8119E+00
   6.7400E+02   1.8198E+00
   6.7500E+02   1.7952E+00
   6.7600E+02   1.7441E+00
   6.7700E+02   1.6784E+00
   6.7800E+02   1.6504E+00
   6.7900E+02   1.6821E+00
   6.8000E+02   1.7173E+00
   6.8100E+02   1.7450E+00
   6.8200E+02   1.7380E+00
   6.8300E+02   1.6736E+00
   6.8400E+02   1.5194E+00
   6.8500E+02   1.4331E+00
   6.8600E+02   1.3873E+00
   6.8700E+02   1.4787E+00
   6.8800E+02   1.6280E+00
   6.8900E+02   1.7313E+00
   6.9000E+02   1.7934E+00
   6.9100E+02   1.8111E+00
   6.9200E+02   1.7930E+00
   6.9300E+02   1.7431E+00
   6.9400E+02   1.6726E+00
   6.9500E+02   1.5918E+00
   6.9600E+02   1.5241E+00
   6.9700E+02   1.4217E+00
   6.9700E+02   1.4150E+00
   6.9700E+02   1.4347E+00
   6.9800E+02   1.3789E+00
   6.9900E+02   1.3815E+00
   7.0000E+02   1.4067E+00
   7.0100E+02   1.4176E+00
   7.0200E+02   1.3912E+00
   7.0300E+02   1.3326E+00
   7.0400E+02   1.3046E+00
   7.0500E+02   1.3982E+00
   7.0600E+02   1.5212E+00
   7.0700E+02   1.6950E+00
   7.0800E+02   1.7982E+00
   7.0900E+02   1.8701E+00
   7.1000E+02   1.8809E+00
   7.1100E+02   1.8435E+00
   7.1200E+02   1.7649E+00
   7.1300E+02   1.6072E+00
   7.1400E+02   1.3531E+00
   7.1500E+02   9.5242E-01
   7.1600E+02   9.7467E-01
   7.1700E+02   1.5044E+00
   7.1800E+02   1.9149E+00
   7.1900E+02   2.1670E+00
   7.2000E+02   2.2900E+00
   7.2100E+02   2.3313E+00
   7.2200E+02   2.2820E+00
   7.2300E+02   2.1408E+00
   7.2400E+02   1.8855E+00
   7.2500E+02   1.4504E+00
   7.2600E+02   7.2713E-01
   7.2700E+02   2.0604E-01
   7.2800E+02   9.8011E-01
   7.2900E+02   1.3252E+00
   7.3000E+02   1.4912E+00
   7.3100E+02   1.5811E+00
   7.3200E+02   1.6122E+00
   7.3300E+02   1.5934E+00
   7.3400E+02   1.5421E+00
   7.3500E+02   1.4645E+00
   7.3600E+02   1.3951E+00
   7.3700E+02   1.3637E+00
   7.3800E+02   1.3990E+00
   7.3900E+02   1.4465E+00
   7.4000E+02   1.4910E+00
   7.4100E+02   1.4918E+00
   7.4200E+02   1.4497E+00
   7.4300E+02   1.3945E+00
   7.4400E+02   1.3028E+00
   7.4500E+02   1.2199E+00
   7.4600E+02   1.1817E+00
   7.4700E+02   1.1516E+00
   7.4800E+02   1.1464E+00
   7.4900E+02   1.1530E+00
   7.5000E+02   1.1741E+00
   7.5100E+02   1.2120E+00
   7.5200E+02   1.2665E+00
   7.5300E+02   1.3103E+00
   7.5400E+02   1.3744E+00
   7.5500E+02   1.4034E+00
   7.5600E+02   1.3981E+00
   7.5700E+02   1.3514E+00
   7.5800E+02   1.2663E+00
   7.5900E+02   1.1975E+00
   7.6000E+02   1.2281E+00
   7.6100E+02   1.3239E+00
   7.6200E+02   1.4084E+00
   7.6300E+02   1.4647E+00
   7.6400E+02   1.4219E+00
   7.6500E+02   1.2469E+00
   7.6600E+02   1.0153E+00
   7.6700E+02   1.1767E+00
   7.6800E+02   1.6126E+00
   7.6900E+02   1.9503E+00
   7.7000E+02   2.1704E+00
   7.7100E+02   2.2760E+00
   7.7200E+02   2.2835E+00
   7.7300E+02   2.2062E+00
   7.7400E+02   2.0139E+00
   7.7500E+02   1.6700E+00
   7.7600E+02   8.7589E-01
   7.7700E+02  -2.6059E-01
   7.7800E+02  -2.6059E-01
   7.7900E+02   8.3385E-01
   7.8000E+02   1.2447E+00
   7.8100E+02   1.3634E+00
   7.8200E+02   1.3971E+00
   7.8300E+02   1.3955E+00
   7.8400E+02   1.3831E+00
   7.8500E+02   1.3704E+00
   7.8600E+02   1.3430E+00
   7.8700E+02   1.3147E+00
   7.8800E+02   1.2742E+00
   7.8900E+02   1.2243E+00
   7.9000E+02   1.1489E+00
   7.9100E+02   1.0883E+00
   7.9200E+02   1.0715E+00
   7.9300E+02   1.0868E+00
   7.9400E+02   1.1384E+00
   7.9500E+02   1.2072E+00
   7.9600E+02   1.2438E+00
   7.9700E+02   1.3120E+00
   7.9800E+02   1.3500E+00
   7.9900E+02   1.3698E+00
   8.0000E+02   1.3694E+00
   8.0100E+02   1.3571E+00
   8.0200E+02   1.3428E+00
   8.0300E+02   1.3403E+00
   8.0400E+02   1.3506E+00
   8.0500E+02   1.3799E+00
   8.0600E+02   1.4005E+00
   8.0600E+02   1.4150E+00
   8.0600E+02   1.3891E+00
   8.0600E+02   1.4150E+00
   8.0600E+02   1.4150E+00
   8.0600E+02   1.4150E+00
   8.0600E+02   1.3891E+00
   8.0600E+02   1.4150E+00
   8.0600E+02   1.3891E+00
   8.0600E+02   1.4150E+00
   8.0600E+02   1.3891E+00
   8.0700E+02   1.4148E+00
   8.0700E+02   1.4150E+00
   8.0700E+02   1.4174E+00
   8.0800E+02   1.4441E+00
   8.0800E+02   1.4150E+00
   8.0800E+02   1.4441E+00
   8.0900E+02   1.4632E+00
   8.1000E+02   1.4582E+00
   8.1000E+02   1.4150E+00
   8.1000E+02   1.4617E+00
   8.1100E+02   1.4247E+00
   8.1200E+02   1.3773E+00
   8.1300E+02   1.3179E+00
   8.1400E+02   1.2878E+00
   8.1500E+02   1.3510E+00
   8.1600E+02   1.4300E+00
   8.1700E+02   1.5286E+00
   8.1800E+02   1.5886E+00
   8.1900E+02   1.5841E+00
   8.2000E+02   1.5251E+00
   8.2100E+02   1.4822E+00
   8.2200E+02   1.4953E+00
   8.2300E+02   1.6042E+00
   8.2400E+02   1.7526E+00
   8.2500E+02   1.8588E+00
   8.2600E+02   1.9144E+00
   8.2700E+02   1.8984E+00
   8.2800E+02   1.8130E+00
   8.2900E+02   1.6326E+00
   8.3000E+02   1.4151E+00
   8.3100E+02   1.1303E+00
   8.3200E+02   9.4227E-01
   8.3300E+02   9.8849E-01
   8.3400E+02   1.1280E+00
   8.3500E+02   1.2643E+00
   8.3600E+02   1.3496E+00
   8.3700E+02   1.3679E+00
   8.3800E+02   1.2861E+00
   8.3800E+02   1.4150E+00
   8.3800E+02   1.2977E+00
   8.3800E+02   1.4150E+00
   8.3800E+02   1.4150E+00
   8.3800E+02   1.4150E+00
   8.3800E+02   1.2977E+00
   8.3800E+02   1.4150E+00
   8.3800E+02   1.2977E+00
   8.3800E+02   1.4150E+00
   8.3800E+02   1.2977E+00
   8.3900E+02   1.0356E+00
   8.3900E+02   1.4150E+00
   8.3900E+02   1.0356E+00
   8.3900E+02   1.4150E+00
   8.3900E+02   1.0356E+00
