   0.0000E+00   1.4150E+00
   0.0000E+00   1.2486E+00
   1.0000E+00   1.2673E+00
   2.0000E+00   1.6715E+00
   3.0000E+00   1.7801E+00
   4.0000E+00   1.7984E+00
   5.0000E+00   1.7840E+00
   6.0000E+00   1.7717E+00
   7.0000E+00   1.7736E+00
   8.0000E+00   1.7726E+00
   9.0000E+00   1.7559E+00
   1.0000E+01   1.7049E+00
   1.1000E+01   1.6181E+00
   1.2000E+01   1.5206E+00
   1.3000E+01   1.4372E+00
   1.4000E+01   1.4356E+00
   1.5000E+01   1.5021E+00
   1.6000E+01   1.5765E+00
   1.7000E+01   1.6300E+00
   1.8000E+01   1.6453E+00
   1.9000E+01   1.6315E+00
   2.0000E+01   1.6003E+00
   2.1000E+01   1.5610E+00
   2.2000E+01   1.5325E+00
   2.3000E+01   1.5138E+00
   2.4000E+01   1.5038E+00
   2.5000E+01   1.5016E+00
   2.6000E+01   1.5036E+00
   2.7000E+01   1.5024E+00
   2.8000E+01   1.4862E+00
   2.9000E+01   1.4548E+00
   3.0000E+01   1.4083E+00
   3.1000E+01   1.3466E+00
   3.2000E+01   1.3084E+00
   3.3000E+01   1.3350E+00
   3.4000E+01   1.4167E+00
   3.5000E+01   1.5103E+00
   3.6000E+01   1.5834E+00
   3.7000E+01   1.6205E+00
   3.8000E+01   1.6250E+00
   3.9000E+01   1.6208E+00
   4.0000E+01   1.6337E+00
   4.1000E+01   1.6646E+00
   4.2000E+01   1.7221E+00
   4.3000E+01   1.7815E+00
   4.4000E+01   1.8258E+00
   4.5000E+01   1.8448E+00
   4.6000E+01   1.8413E+00
   4.7000E+01   1.8295E+00
   4.8000E+01   1.8200E+00
   4.9000E+01   1.8270E+00
   5.0000E+01   1.8438E+00
   5.1000E+01   1.8581E+00
   5.2000E+01   1.8516E+00
   5.3000E+01   1.8182E+00
   5.4000E+01   1.7550E+00
   5.5000E+01   1.6658E+00
   5.6000E+01   1.5636E+00
   5.7000E+01   1.4806E+00
   5.8000E+01   1.4402E+00
   5.9000E+01   1.4462E+00
   6.0000E+01   1.4884E+00
   6.1000E+01   1.5520E+00
   6.2000E+01   1.6237E+00
   6.3000E+01   1.6798E+00
   6.4000E+01   1.7307E+00
   6.5000E+01   1.7627E+00
   6.6000E+01   1.7803E+00
   6.7000E+01   1.7790E+00
   6.8000E+01   1.7569E+00
   6.9000E+01   1.7130E+00
   7.0000E+01   1.6583E+00
   7.1000E+01   1.6279E+00
   7.2000E+01   1.6464E+00
   7.3000E+01   1.7145E+00
   7.4000E+01   1.7834E+00
   7.5000E+01   1.8169E+00
   7.6000E+01   1.7893E+00
   7.7000E+01   1.6755E+00
   7.8000E+01   1.4809E+00
   7.9000E+01   1.1913E+00
   8.0000E+01   1.0294E+00
   8.1000E+01   1.2270E+00
   8.2000E+01   1.4521E+00
   8.3000E+01   1.5934E+00
   8.4000E+01   1.6385E+00
   8.5000E+01   1.6034E+00
   8.6000E+01   1.5203E+00
   8.7000E+01   1.4290E+00
   8.8000E+01   1.4081E+00
   8.9000E+01   1.4716E+00
   9.0000E+01   1.5647E+00
   9.1000E+01   1.6502E+00
   9.2000E+01   1.7100E+00
   9.3000E+01   1.7476E+00
   9.4000E+01   1.7646E+00
   9.5000E+01   1.7682E+00
   9.6000E+01   1.7581E+00
   9.7000E+01   1.7425E+00
   9.8000E+01   1.7236E+00
   9.9000E+01   1.7064E+00
   1.0000E+02   1.7001E+00
   1.0100E+02   1.7053E+00
   1.0200E+02   1.7154E+00
   1.0300E+02   1.7359E+00
   1.0400E+02   1.7542E+00
   1.0500E+02   1.7747E+00
   1.0600E+02   1.7990E+00
   1.0700E+02   1.8178E+00
   1.0800E+02   1.8359E+00
   1.0900E+02   1.8454E+00
   1.1000E+02   1.8407E+00
   1.1100E+02   1.8162E+00
   1.1200E+02   1.7649E+00
   1.1300E+02   1.6915E+00
   1.1400E+02   1.6061E+00
   1.1500E+02   1.5450E+00
   1.1600E+02   1.5164E+00
   1.1700E+02   1.5111E+00
   1.1800E+02   1.5021E+00
   1.1900E+02   1.4640E+00
   1.2000E+02   1.3797E+00
   1.2100E+02   1.2723E+00
   1.2200E+02   1.2011E+00
   1.2300E+02   1.2528E+00
   1.2400E+02   1.3904E+00
   1.2500E+02   1.5066E+00
   1.2600E+02   1.5622E+00
   1.2700E+02   1.5357E+00
   1.2800E+02   1.4287E+00
   1.2900E+02   1.2823E+00
   1.3000E+02   1.2280E+00
   1.3100E+02   1.3988E+00
   1.3200E+02   1.6196E+00
   1.3300E+02   1.7710E+00
   1.3400E+02   1.8494E+00
   1.3500E+02   1.8413E+00
   1.3600E+02   1.7635E+00
   1.3700E+02   1.6404E+00
   1.3800E+02   1.5296E+00
   1.3900E+02   1.5450E+00
   1.4000E+02   1.6419E+00
   1.4100E+02   1.7315E+00
   1.4200E+02   1.7655E+00
   1.4300E+02   1.7133E+00
   1.4400E+02   1.5740E+00
   1.4500E+02   1.3372E+00
   1.4600E+02   1.0249E+00
   1.4700E+02   9.4087E-01
   1.4800E+02   1.1419E+00
   1.4900E+02   1.3440E+00
   1.5000E+02   1.4737E+00
   1.5100E+02   1.5333E+00
   1.5200E+02   1.5432E+00
   1.5300E+02   1.5244E+00
   1.5400E+02   1.4782E+00
   1.5500E+02   1.4186E+00
   1.5600E+02   1.3671E+00
   1.5700E+02   1.3581E+00
   1.5800E+02   1.4195E+00
   1.5900E+02   1.5307E+00
   1.6000E+02   1.6379E+00
   1.6100E+02   1.7064E+00
   1.6200E+02   1.7298E+00
   1.6300E+02   1.7115E+00
   1.6400E+02   1.6676E+00
   1.6500E+02   1.6255E+00
   1.6600E+02   1.6072E+00
   1.6700E+02   1.6233E+00
   1.6800E+02   1.6516E+00
   1.6900E+02   1.6671E+00
   1.7000E+02   1.6547E+00
   1.7100E+02   1.6125E+00
   1.7200E+02   1.5628E+00
   1.7300E+02   1.5352E+00
   1.7400E+02   1.5539E+00
   1.7500E+02   1.6079E+00
   1.7600E+02   1.6601E+00
   1.7700E+02   1.6894E+00
   1.7800E+02   1.6774E+00
   1.7900E+02   1.6233E+00
   1.8000E+02   1.5333E+00
   1.8100E+02   1.4089E+00
   1.8200E+02   1.2513E+00
   1.8300E+02   1.0432E+00
   1.8400E+02   7.6052E-01
   1.8400E+02   1.4150E+00
   1.8400E+02   7.6350E-01
   1.8500E+02   1.7221E-01
   1.8600E+02  -2.6059E-01
   1.8700E+02  -2.6059E-01
   1.8700E+02   1.4150E+00
   1.8700E+02  -2.6059E-01
   1.8700E+02   1.4150E+00
   1.8700E+02   1.4150E+00
   1.8700E+02   1.4150E+00
   1.8700E+02  -2.6059E-01
   1.8700E+02   1.4150E+00
   1.8700E+02  -2.6059E-01
   1.8700E+02   1.4150E+00
   1.8700E+02  -2.6059E-01
   1.8800E+02  -1.0176E-01
   1.8800E+02   1.4150E+00
   1.8800E+02  -1.0176E-01
   1.8900E+02   8.9970E-01
   1.8900E+02   1.4150E+00
   1.8900E+02   8.9970E-01
   1.9000E+02   1.3375E+00
   1.9100E+02   1.5383E+00
   1.9200E+02   1.6681E+00
   1.9300E+02   1.7014E+00
   1.9400E+02   1.6566E+00
   1.9500E+02   1.5582E+00
   1.9600E+02   1.4396E+00
   1.9700E+02   1.3605E+00
   1.9800E+02   1.3923E+00
   1.9900E+02   1.4780E+00
   2.0000E+02   1.5405E+00
   2.0100E+02   1.5465E+00
   2.0200E+02   1.4866E+00
   2.0300E+02   1.4257E+00
   2.0400E+02   1.3786E+00
   2.0500E+02   1.4013E+00
   2.0600E+02   1.5003E+00
   2.0700E+02   1.5827E+00
   2.0800E+02   1.6301E+00
   2.0900E+02   1.6221E+00
   2.1000E+02   1.5089E+00
   2.1100E+02   1.4153E+00
   2.1200E+02   1.2225E+00
   2.1300E+02   1.0250E+00
   2.1400E+02   9.0994E-01
   2.1500E+02   9.0941E-01
   2.1600E+02   9.5525E-01
   2.1700E+02   9.8012E-01
   2.1800E+02   9.7745E-01
   2.1900E+02   9.5993E-01
   2.2000E+02   9.3281E-01
   2.2100E+02   9.2045E-01
   2.2200E+02   9.0813E-01
   2.2300E+02   9.0818E-01
   2.2400E+02   9.1723E-01
   2.2500E+02   9.4485E-01
   2.2600E+02   9.7357E-01
   2.2700E+02   9.9170E-01
   2.2800E+02   9.7959E-01
   2.2900E+02   9.4060E-01
   2.3000E+02   8.5741E-01
   2.3100E+02   7.8242E-01
   2.3200E+02   7.4194E-01
   2.3300E+02   7.6280E-01
   2.3400E+02   8.0987E-01
   2.3500E+02   8.5600E-01
   2.3600E+02   8.6943E-01
   2.3700E+02   8.5241E-01
   2.3800E+02   8.0849E-01
   2.3900E+02   7.7622E-01
   2.4000E+02   7.7417E-01
   2.4100E+02   8.1715E-01
   2.4200E+02   8.8715E-01
   2.4300E+02   9.3831E-01
   2.4300E+02   1.4150E+00
   2.4300E+02   9.2908E-01
   2.4400E+02   9.9019E-01
   2.4400E+02   1.4150E+00
   2.4400E+02   9.8987E-01
   2.4500E+02   1.0477E+00
   2.4600E+02   1.1168E+00
   2.4700E+02   1.1617E+00
   2.4800E+02   1.2441E+00
   2.4900E+02   1.3004E+00
   2.5000E+02   1.3375E+00
   2.5100E+02   1.3485E+00
   2.5200E+02   1.3249E+00
   2.5300E+02   1.2754E+00
   2.5400E+02   1.2132E+00
   2.5500E+02   1.1578E+00
   2.5600E+02   1.1406E+00
   2.5700E+02   1.1688E+00
   2.5800E+02   1.2163E+00
   2.5900E+02   1.2421E+00
   2.6000E+02   1.2470E+00
   2.6100E+02   1.2258E+00
   2.6200E+02   1.1988E+00
   2.6300E+02   1.1619E+00
   2.6400E+02   1.1156E+00
   2.6400E+02   1.4150E+00
   2.6400E+02   1.1162E+00
   2.6500E+02   1.0364E+00
   2.6500E+02   1.4150E+00
   2.6500E+02   1.0472E+00
   2.6600E+02   9.7275E-01
   2.6700E+02   9.0697E-01
   2.6800E+02   8.9605E-01
   2.6900E+02   9.2905E-01
   2.6900E+02   1.4150E+00
   2.6900E+02   9.2692E-01
   2.7000E+02   1.0193E+00
   2.7100E+02   1.1673E+00
   2.7200E+02   1.3000E+00
   2.7300E+02   1.4092E+00
   2.7400E+02   1.5144E+00
   2.7500E+02   1.5797E+00
   2.7600E+02   1.6294E+00
   2.7700E+02   1.6396E+00
   2.7800E+02   1.6259E+00
   2.7900E+02   1.5692E+00
   2.8000E+02   1.5206E+00
   2.8100E+02   1.4737E+00
   2.8200E+02   1.4984E+00
   2.8300E+02   1.6244E+00
   2.8400E+02   1.7806E+00
   2.8500E+02   1.8773E+00
   2.8600E+02   1.9512E+00
   2.8700E+02   1.9570E+00
   2.8800E+02   1.8783E+00
   2.8900E+02   1.8061E+00
   2.9000E+02   1.6401E+00
   2.9100E+02   1.4718E+00
   2.9200E+02   1.3925E+00
   2.9300E+02   1.3769E+00
   2.9400E+02   1.4361E+00
   2.9500E+02   1.5431E+00
   2.9600E+02   1.6342E+00
   2.9700E+02   1.6933E+00
   2.9800E+02   1.6904E+00
   2.9900E+02   1.6174E+00
   3.0000E+02   1.4529E+00
   3.0100E+02   1.3197E+00
   3.0200E+02   1.3569E+00
   3.0300E+02   1.6202E+00
   3.0400E+02   1.8336E+00
   3.0500E+02   1.9926E+00
   3.0600E+02   2.0516E+00
   3.0700E+02   2.0245E+00
   3.0800E+02   1.9069E+00
   3.0900E+02   1.7955E+00
   3.1000E+02   1.5878E+00
   3.1100E+02   1.4131E+00
   3.1200E+02   1.3526E+00
   3.1300E+02   1.4243E+00
   3.1400E+02   1.5620E+00
   3.1500E+02   1.7000E+00
   3.1600E+02   1.7735E+00
   3.1700E+02   1.8223E+00
   3.1800E+02   1.8255E+00
   3.1900E+02   1.7843E+00
   3.2000E+02   1.6839E+00
   3.2100E+02   1.5850E+00
   3.2200E+02   1.5016E+00
   3.2300E+02   1.4946E+00
   3.2400E+02   1.5548E+00
   3.2500E+02   1.5967E+00
   3.2600E+02   1.6435E+00
   3.2700E+02   1.6708E+00
   3.2800E+02   1.6868E+00
   3.2900E+02   1.7196E+00
   3.3000E+02   1.7526E+00
   3.3100E+02   1.8076E+00
   3.3200E+02   1.8375E+00
   3.3300E+02   1.8472E+00
   3.3400E+02   1.8233E+00
   3.3500E+02   1.7617E+00
   3.3600E+02   1.6582E+00
   3.3700E+02   1.5808E+00
   3.3800E+02   1.5540E+00
   3.3900E+02   1.6009E+00
   3.4000E+02   1.6984E+00
   3.4100E+02   1.7770E+00
   3.4200E+02   1.8706E+00
   3.4300E+02   1.9404E+00
   3.4400E+02   1.9730E+00
   3.4500E+02   1.9545E+00
   3.4600E+02   1.8758E+00
   3.4700E+02   1.7839E+00
   3.4800E+02   1.7044E+00
   3.4900E+02   1.7756E+00
   3.5000E+02   1.9856E+00
   3.5100E+02   2.1598E+00
   3.5200E+02   2.2702E+00
   3.5300E+02   2.3150E+00
   3.5400E+02   2.2817E+00
   3.5500E+02   2.1835E+00
   3.5600E+02   1.9827E+00
   3.5700E+02   1.7778E+00
   3.5800E+02   1.5326E+00
   3.5900E+02   1.3603E+00
   3.6000E+02   1.2670E+00
   3.6100E+02   1.2105E+00
   3.6200E+02   1.1205E+00
   3.6300E+02   1.0932E+00
   3.6400E+02   1.2163E+00
   3.6500E+02   1.4559E+00
   3.6600E+02   1.6995E+00
   3.6700E+02   1.8287E+00
   3.6800E+02   1.8806E+00
   3.6900E+02   1.8158E+00
   3.7000E+02   1.5975E+00
   3.7100E+02   1.3144E+00
   3.7200E+02   1.4898E+00
   3.7300E+02   1.9608E+00
   3.7400E+02   2.3011E+00
   3.7500E+02   2.4988E+00
   3.7600E+02   2.5777E+00
   3.7700E+02   2.5517E+00
   3.7800E+02   2.4581E+00
   3.7900E+02   2.2458E+00
   3.8000E+02   1.9219E+00
   3.8100E+02   1.5824E+00
   3.8200E+02   1.6001E+00
   3.8300E+02   1.8275E+00
   3.8400E+02   1.9896E+00
   3.8500E+02   2.0331E+00
   3.8600E+02   1.9901E+00
   3.8700E+02   1.8989E+00
   3.8800E+02   1.7572E+00
   3.8900E+02   1.6035E+00
   3.9000E+02   1.5337E+00
   3.9100E+02   1.5360E+00
   3.9200E+02   1.6377E+00
   3.9300E+02   1.7440E+00
   3.9400E+02   1.8329E+00
   3.9500E+02   1.8988E+00
   3.9600E+02   1.9002E+00
   3.9700E+02   1.8242E+00
   3.9800E+02   1.7295E+00
   3.9900E+02   1.6598E+00
   4.0000E+02   1.7572E+00
   4.0100E+02   1.9032E+00
   4.0200E+02   2.0693E+00
   4.0300E+02   2.1643E+00
   4.0400E+02   2.1827E+00
   4.0500E+02   2.1303E+00
   4.0600E+02   1.9887E+00
   4.0700E+02   1.8435E+00
   4.0800E+02   1.7201E+00
   4.0900E+02   1.6964E+00
   4.1000E+02   1.7632E+00
   4.1100E+02   1.8394E+00
   4.1200E+02   1.8930E+00
   4.1300E+02   1.9142E+00
   4.1400E+02   1.9103E+00
   4.1500E+02   1.8911E+00
   4.1600E+02   1.8632E+00
   4.1700E+02   1.8393E+00
   4.1800E+02   1.8160E+00
   4.1900E+02   1.7634E+00
   4.2000E+02   1.6901E+00
   4.2100E+02   1.5748E+00
   4.2200E+02   1.4765E+00
   4.2300E+02   1.3506E+00
   4.2400E+02   1.2564E+00
   4.2500E+02   1.2290E+00
   4.2600E+02   1.2787E+00
   4.2700E+02   1.4017E+00
   4.2800E+02   1.4700E+00
   4.2900E+02   1.5827E+00
   4.3000E+02   1.6498E+00
   4.3100E+02   1.7168E+00
   4.3200E+02   1.7592E+00
   4.3300E+02   1.7792E+00
   4.3400E+02   1.7930E+00
   4.3500E+02   1.8147E+00
   4.3600E+02   1.8307E+00
   4.3700E+02   1.8466E+00
   4.3800E+02   1.8481E+00
   4.3900E+02   1.8315E+00
   4.4000E+02   1.7969E+00
   4.4100E+02   1.7363E+00
   4.4200E+02   1.6560E+00
   4.4300E+02   1.5781E+00
   4.4400E+02   1.5206E+00
   4.4500E+02   1.4974E+00
   4.4600E+02   1.5078E+00
   4.4700E+02   1.5659E+00
   4.4800E+02   1.6132E+00
   4.4900E+02   1.6778E+00
   4.5000E+02   1.7218E+00
   4.5100E+02   1.7221E+00
   4.5200E+02   1.6905E+00
   4.5300E+02   1.6146E+00
   4.5400E+02   1.4974E+00
   4.5500E+02   1.4246E+00
   4.5600E+02   1.3203E+00
   4.5700E+02   1.3400E+00
   4.5800E+02   1.5379E+00
   4.5900E+02   1.8048E+00
   4.6000E+02   2.0111E+00
   4.6100E+02   2.1438E+00
   4.6200E+02   2.2018E+00
   4.6300E+02   2.1764E+00
   4.6400E+02   2.0692E+00
   4.6500E+02   1.8831E+00
   4.6600E+02   1.6347E+00
   4.6700E+02   1.4176E+00
   4.6800E+02   1.4129E+00
   4.6900E+02   1.5624E+00
   4.7000E+02   1.6821E+00
   4.7100E+02   1.7294E+00
   4.7200E+02   1.7430E+00
   4.7300E+02   1.7329E+00
   4.7400E+02   1.7173E+00
   4.7500E+02   1.6993E+00
   4.7600E+02   1.6933E+00
   4.7700E+02   1.6758E+00
   4.7800E+02   1.6495E+00
   4.7900E+02   1.6055E+00
   4.8000E+02   1.5752E+00
   4.8100E+02   1.5943E+00
   4.8200E+02   1.6619E+00
   4.8300E+02   1.7780E+00
   4.8400E+02   1.8431E+00
   4.8500E+02   1.9038E+00
   4.8600E+02   1.9012E+00
   4.8700E+02   1.8434E+00
   4.8800E+02   1.7272E+00
   4.8900E+02   1.6074E+00
   4.9000E+02   1.5347E+00
   4.9100E+02   1.5990E+00
   4.9200E+02   1.6752E+00
   4.9300E+02   1.7556E+00
   4.9400E+02   1.7805E+00
   4.9500E+02   1.7556E+00
   4.9600E+02   1.6776E+00
   4.9700E+02   1.5995E+00
   4.9800E+02   1.5003E+00
   4.9900E+02   1.4313E+00
   5.0000E+02   1.3623E+00
   5.0100E+02   1.3101E+00
   5.0200E+02   1.2803E+00
   5.0300E+02   1.2523E+00
   5.0400E+02   1.2238E+00
   5.0500E+02   1.1735E+00
   5.0600E+02   1.0854E+00
   5.0600E+02   1.4150E+00
   5.0600E+02   1.1197E+00
   5.0600E+02   1.4150E+00
   5.0600E+02   1.1197E+00
   5.0600E+02   1.4150E+00
   5.0600E+02   1.1197E+00
   5.0600E+02   1.4150E+00
   5.0600E+02   1.1197E+00
   5.0600E+02   1.4150E+00
   5.0600E+02   1.1197E+00
   5.0600E+02   1.4150E+00
   5.0600E+02   1.1197E+00
   5.0700E+02   1.0153E+00
   5.0700E+02   1.4150E+00
   5.0700E+02   1.0153E+00
   5.0700E+02   1.4150E+00
   5.0700E+02   1.0153E+00
