   0.0000E+00   1.4150E+00
   0.0000E+00   1.2920E+00
   1.0000E+00   1.2893E+00
   2.0000E+00   1.2329E+00
   3.0000E+00   1.1440E+00
   4.0000E+00   1.0946E+00
   5.0000E+00   1.1627E+00
   6.0000E+00   1.2997E+00
   6.0000E+00   1.4150E+00
   6.0000E+00   1.2956E+00
   7.0000E+00   1.4215E+00
   8.0000E+00   1.5161E+00
   9.0000E+00   1.5577E+00
   1.0000E+01   1.5608E+00
   1.1000E+01   1.5454E+00
   1.2000E+01   1.5086E+00
   1.3000E+01   1.4941E+00
   1.4000E+01   1.4670E+00
   1.5000E+01   1.4756E+00
   1.6000E+01   1.5246E+00
   1.7000E+01   1.6024E+00
   1.8000E+01   1.6905E+00
   1.9000E+01   1.7584E+00
   2.0000E+01   1.7813E+00
   2.1000E+01   1.7827E+00
   2.2000E+01   1.7465E+00
   2.3000E+01   1.7039E+00
   2.4000E+01   1.6693E+00
   2.5000E+01   1.6029E+00
   2.6000E+01   1.5363E+00
   2.7000E+01   1.4958E+00
   2.8000E+01   1.4320E+00
   2.9000E+01   1.3535E+00
   3.0000E+01   1.3032E+00
   3.1000E+01   1.3097E+00
   3.2000E+01   1.3928E+00
   3.3000E+01   1.5202E+00
   3.4000E+01   1.6605E+00
   3.5000E+01   1.7660E+00
   3.6000E+01   1.8592E+00
   3.7000E+01   1.9399E+00
   3.8000E+01   1.9831E+00
   3.9000E+01   1.9912E+00
   4.0000E+01   1.9583E+00
   4.1000E+01   1.8581E+00
   4.2000E+01   1.7542E+00
   4.3000E+01   1.6245E+00
   4.4000E+01   1.5235E+00
   4.5000E+01   1.5305E+00
   4.6000E+01   1.5923E+00
   4.7000E+01   1.6541E+00
   4.8000E+01   1.7028E+00
   4.9000E+01   1.7197E+00
   5.0000E+01   1.7226E+00
   5.1000E+01   1.7058E+00
   5.2000E+01   1.6780E+00
   5.3000E+01   1.6229E+00
   5.4000E+01   1.5752E+00
   5.5000E+01   1.5363E+00
   5.6000E+01   1.5022E+00
   5.7000E+01   1.4786E+00
   5.8000E+01   1.4721E+00
   5.9000E+01   1.4715E+00
   6.0000E+01   1.4736E+00
   6.1000E+01   1.4845E+00
   6.2000E+01   1.4944E+00
   6.3000E+01   1.5199E+00
   6.4000E+01   1.5266E+00
   6.5000E+01   1.5471E+00
   6.6000E+01   1.5533E+00
   6.7000E+01   1.5367E+00
   6.8000E+01   1.5091E+00
   6.9000E+01   1.4800E+00
   7.0000E+01   1.4458E+00
   7.1000E+01   1.4280E+00
   7.2000E+01   1.4249E+00
   7.3000E+01   1.4342E+00
   7.4000E+01   1.4387E+00
   7.5000E+01   1.4343E+00
   7.6000E+01   1.4223E+00
   7.7000E+01   1.4254E+00
   7.8000E+01   1.4707E+00
   7.9000E+01   1.5446E+00
   8.0000E+01   1.6402E+00
   8.1000E+01   1.6925E+00
   8.2000E+01   1.7371E+00
   8.3000E+01   1.7465E+00
   8.4000E+01   1.7211E+00
   8.5000E+01   1.6849E+00
   8.6000E+01   1.6558E+00
   8.7000E+01   1.6422E+00
   8.8000E+01   1.6534E+00
   8.9000E+01   1.6759E+00
   9.0000E+01   1.6984E+00
   9.1000E+01   1.7117E+00
   9.2000E+01   1.7109E+00
   9.3000E+01   1.7012E+00
   9.4000E+01   1.6445E+00
   9.5000E+01   1.5936E+00
   9.6000E+01   1.4337E+00
   9.7000E+01   1.3553E+00
   9.8000E+01   1.2252E+00
   9.9000E+01   1.1530E+00
   1.0000E+02   1.1577E+00
   1.0100E+02   1.1849E+00
   1.0200E+02   1.1772E+00
   1.0300E+02   1.1326E+00
   1.0400E+02   1.0646E+00
   1.0500E+02   9.8881E-01
   1.0600E+02   9.5771E-01
   1.0700E+02   1.0075E+00
   1.0800E+02   1.1034E+00
   1.0900E+02   1.2024E+00
   1.1000E+02   1.2910E+00
   1.1100E+02   1.3401E+00
   1.1200E+02   1.3810E+00
   1.1300E+02   1.4067E+00
   1.1400E+02   1.4178E+00
   1.1500E+02   1.4219E+00
   1.1600E+02   1.4214E+00
   1.1700E+02   1.4225E+00
   1.1800E+02   1.4345E+00
   1.1900E+02   1.4414E+00
   1.2000E+02   1.4442E+00
   1.2100E+02   1.4347E+00
   1.2200E+02   1.4105E+00
   1.2300E+02   1.3488E+00
   1.2400E+02   1.2747E+00
   1.2500E+02   1.1960E+00
   1.2600E+02   1.1183E+00
   1.2700E+02   1.0797E+00
   1.2800E+02   1.0723E+00
   1.2900E+02   1.0992E+00
   1.3000E+02   1.1614E+00
   1.3100E+02   1.2442E+00
   1.3200E+02   1.3531E+00
   1.3300E+02   1.4610E+00
   1.3400E+02   1.5958E+00
   1.3500E+02   1.6761E+00
   1.3600E+02   1.7554E+00
   1.3700E+02   1.8034E+00
   1.3800E+02   1.8260E+00
   1.3900E+02   1.8227E+00
   1.4000E+02   1.8037E+00
   1.4100E+02   1.7567E+00
   1.4200E+02   1.6738E+00
   1.4300E+02   1.5876E+00
   1.4400E+02   1.4741E+00
   1.4500E+02   1.3759E+00
   1.4600E+02   1.2963E+00
   1.4700E+02   1.2742E+00
   1.4800E+02   1.2961E+00
   1.4900E+02   1.3549E+00
   1.5000E+02   1.4144E+00
   1.5100E+02   1.4769E+00
   1.5200E+02   1.5078E+00
   1.5300E+02   1.5048E+00
   1.5400E+02   1.4726E+00
   1.5500E+02   1.4212E+00
   1.5600E+02   1.3641E+00
   1.5700E+02   1.3154E+00
   1.5800E+02   1.3206E+00
   1.5900E+02   1.3763E+00
   1.6000E+02   1.4798E+00
   1.6100E+02   1.6157E+00
   1.6200E+02   1.7151E+00
   1.6300E+02   1.7624E+00
   1.6400E+02   1.7369E+00
   1.6500E+02   1.5705E+00
   1.6600E+02   1.0842E+00
   1.6700E+02  -2.6059E-01
   1.6700E+02   1.4150E+00
   1.6700E+02  -2.6059E-01
   1.6800E+02   1.1531E+00
   1.6900E+02   1.8713E+00
   1.7000E+02   2.2178E+00
   1.7100E+02   2.4020E+00
   1.7200E+02   2.4785E+00
   1.7300E+02   2.4430E+00
   1.7400E+02   2.3023E+00
   1.7500E+02   2.0139E+00
   1.7600E+02   1.3914E+00
   1.7700E+02  -2.6059E-01
   1.7800E+02  -2.6059E-01
   1.7800E+02   1.4150E+00
   1.7800E+02  -2.6059E-01
   1.7800E+02   1.4150E+00
   1.7800E+02   1.4150E+00
   1.7800E+02   1.4150E+00
   1.7800E+02  -2.6059E-01
   1.7800E+02   1.4150E+00
   1.7800E+02  -2.6059E-01
   1.7800E+02   1.4150E+00
   1.7800E+02  -2.6059E-01
   1.7900E+02   9.6470E-01
   1.7900E+02   1.4150E+00
   1.7900E+02   9.6470E-01
   1.8000E+02   1.5133E+00
   1.8000E+02   1.4150E+00
   1.8000E+02   1.5133E+00
   1.8100E+02   1.6329E+00
   1.8200E+02   1.6154E+00
   1.8300E+02   1.5400E+00
   1.8400E+02   1.4916E+00
   1.8500E+02   1.5255E+00
   1.8600E+02   1.5919E+00
   1.8700E+02   1.6206E+00
   1.8800E+02   1.5694E+00
   1.8900E+02   1.4186E+00
   1.9000E+02   1.1193E+00
   1.9100E+02   1.0417E+00
   1.9200E+02   1.4170E+00
   1.9300E+02   1.7888E+00
   1.9400E+02   2.0100E+00
   1.9500E+02   2.1224E+00
   1.9600E+02   2.1251E+00
   1.9700E+02   1.9694E+00
   1.9800E+02   1.7857E+00
   1.9900E+02   1.3753E+00
   2.0000E+02   1.0227E+00
   2.0100E+02   1.4047E+00
   2.0200E+02   1.7303E+00
   2.0300E+02   1.8963E+00
   2.0400E+02   1.9417E+00
   2.0500E+02   1.8789E+00
   2.0600E+02   1.7599E+00
   2.0700E+02   1.5525E+00
   2.0800E+02   1.4275E+00
   2.0900E+02   1.4281E+00
   2.1000E+02   1.5421E+00
   2.1100E+02   1.6381E+00
   2.1200E+02   1.7139E+00
   2.1300E+02   1.7655E+00
   2.1400E+02   1.7930E+00
   2.1500E+02   1.8098E+00
   2.1600E+02   1.8139E+00
   2.1700E+02   1.8038E+00
   2.1800E+02   1.7864E+00
   2.1900E+02   1.7578E+00
   2.2000E+02   1.6952E+00
   2.2100E+02   1.6187E+00
   2.2200E+02   1.5076E+00
   2.2300E+02   1.4388E+00
   2.2300E+02   1.4150E+00
   2.2300E+02   1.4472E+00
   2.2400E+02   1.4130E+00
   2.2500E+02   1.4362E+00
   2.2600E+02   1.4873E+00
   2.2700E+02   1.5575E+00
   2.2800E+02   1.6022E+00
   2.2900E+02   1.6413E+00
   2.3000E+02   1.6591E+00
   2.3100E+02   1.6452E+00
   2.3200E+02   1.6016E+00
   2.3300E+02   1.5435E+00
   2.3400E+02   1.5085E+00
   2.3500E+02   1.5630E+00
   2.3600E+02   1.6399E+00
   2.3700E+02   1.7172E+00
   2.3800E+02   1.7598E+00
   2.3900E+02   1.7479E+00
   2.4000E+02   1.6768E+00
   2.4100E+02   1.5969E+00
   2.4200E+02   1.5142E+00
   2.4300E+02   1.5329E+00
   2.4400E+02   1.6347E+00
   2.4500E+02   1.7466E+00
   2.4600E+02   1.8038E+00
   2.4700E+02   1.7902E+00
   2.4800E+02   1.7242E+00
   2.4900E+02   1.6202E+00
   2.5000E+02   1.5729E+00
   2.5100E+02   1.6280E+00
   2.5200E+02   1.7171E+00
   2.5300E+02   1.8131E+00
   2.5400E+02   1.8675E+00
   2.5500E+02   1.8390E+00
   2.5600E+02   1.7793E+00
   2.5700E+02   1.6430E+00
   2.5800E+02   1.4947E+00
   2.5900E+02   1.3874E+00
   2.6000E+02   1.3420E+00
   2.6100E+02   1.3786E+00
   2.6200E+02   1.4459E+00
   2.6300E+02   1.5342E+00
   2.6400E+02   1.5949E+00
   2.6500E+02   1.6445E+00
   2.6600E+02   1.6613E+00
   2.6700E+02   1.6519E+00
   2.6800E+02   1.6166E+00
   2.6900E+02   1.5468E+00
   2.7000E+02   1.4499E+00
   2.7100E+02   1.4123E+00
   2.7200E+02   1.2990E+00
   2.7300E+02   1.1844E+00
   2.7400E+02   1.0738E+00
   2.7500E+02   1.0219E+00
   2.7600E+02   1.1567E+00
   2.7700E+02   1.3227E+00
   2.7800E+02   1.5587E+00
   2.7900E+02   1.7767E+00
   2.8000E+02   1.9242E+00
   2.8100E+02   2.0029E+00
   2.8200E+02   2.0298E+00
   2.8300E+02   2.0045E+00
   2.8400E+02   1.9666E+00
   2.8500E+02   1.9092E+00
   2.8600E+02   1.8882E+00
   2.8700E+02   1.8970E+00
   2.8800E+02   1.9323E+00
   2.8900E+02   1.9629E+00
   2.9000E+02   1.9981E+00
   2.9100E+02   2.0092E+00
   2.9200E+02   2.0096E+00
   2.9300E+02   2.0024E+00
   2.9400E+02   1.9684E+00
   2.9500E+02   1.9328E+00
   2.9600E+02   1.9008E+00
   2.9700E+02   1.8669E+00
   2.9800E+02   1.8220E+00
   2.9900E+02   1.7909E+00
   3.0000E+02   1.7557E+00
   3.0100E+02   1.7270E+00
   3.0200E+02   1.7187E+00
   3.0300E+02   1.7206E+00
   3.0400E+02   1.7421E+00
   3.0500E+02   1.7597E+00
   3.0600E+02   1.7836E+00
   3.0700E+02   1.8173E+00
   3.0800E+02   1.8533E+00
   3.0900E+02   1.8836E+00
   3.1000E+02   1.9235E+00
   3.1100E+02   1.9366E+00
   3.1200E+02   1.9512E+00
