   0.0000E+00   1.4150E+00
   0.0000E+00   1.0291E+00
   1.0000E+00   1.0301E+00
   2.0000E+00   1.0666E+00
   3.0000E+00   1.1154E+00
   4.0000E+00   1.1741E+00
   5.0000E+00   1.2293E+00
   6.0000E+00   1.2685E+00
   7.0000E+00   1.2812E+00
   8.0000E+00   1.2611E+00
   9.0000E+00   1.2171E+00
   1.0000E+01   1.1532E+00
   1.1000E+01   1.1025E+00
   1.2000E+01   1.0734E+00
   1.3000E+01   1.0883E+00
   1.4000E+01   1.1462E+00
   1.5000E+01   1.2434E+00
   1.6000E+01   1.3446E+00
   1.7000E+01   1.4270E+00
   1.8000E+01   1.4710E+00
   1.9000E+01   1.4632E+00
   2.0000E+01   1.3963E+00
   2.1000E+01   1.2958E+00
   2.2000E+01   1.2373E+00
   2.3000E+01   1.3042E+00
   2.4000E+01   1.4595E+00
   2.5000E+01   1.5905E+00
   2.6000E+01   1.6642E+00
   2.7000E+01   1.6576E+00
   2.8000E+01   1.5602E+00
   2.9000E+01   1.3848E+00
   3.0000E+01   1.1063E+00
   3.1000E+01   8.4706E-01
   3.2000E+01   8.8764E-01
   3.3000E+01   1.0716E+00
   3.4000E+01   1.2051E+00
   3.5000E+01   1.2411E+00
   3.6000E+01   1.1931E+00
   3.7000E+01   1.1010E+00
   3.8000E+01   1.0042E+00
   3.9000E+01   9.9023E-01
   4.0000E+01   1.0599E+00
   4.1000E+01   1.1300E+00
   4.2000E+01   1.1570E+00
   4.3000E+01   1.1144E+00
   4.4000E+01   1.0151E+00
   4.5000E+01   9.1660E-01
   4.6000E+01   9.4333E-01
   4.7000E+01   1.1238E+00
   4.8000E+01   1.3009E+00
   4.9000E+01   1.4246E+00
   5.0000E+01   1.4779E+00
   5.1000E+01   1.4610E+00
   5.2000E+01   1.4046E+00
   5.3000E+01   1.3579E+00
   5.4000E+01   1.3917E+00
   5.5000E+01   1.5087E+00
   5.6000E+01   1.6210E+00
   5.7000E+01   1.6840E+00
   5.8000E+01   1.6633E+00
   5.9000E+01   1.5341E+00
   5.9000E+01   1.4150E+00
   5.9000E+01   1.5386E+00
   6.0000E+01   1.2825E+00
   6.1000E+01   9.1646E-01
   6.2000E+01   9.9724E-01
   6.3000E+01   1.4060E+00
   6.4000E+01   1.6647E+00
   6.5000E+01   1.8050E+00
   6.6000E+01   1.8268E+00
   6.7000E+01   1.7403E+00
   6.8000E+01   1.5636E+00
   6.9000E+01   1.3672E+00
   7.0000E+01   1.3205E+00
   7.1000E+01   1.4889E+00
   7.2000E+01   1.6738E+00
   7.3000E+01   1.7771E+00
   7.4000E+01   1.7849E+00
   7.5000E+01   1.7058E+00
   7.6000E+01   1.5623E+00
   7.7000E+01   1.3603E+00
   7.8000E+01   1.1968E+00
   7.9000E+01   1.2198E+00
   8.0000E+01   1.3445E+00
   8.1000E+01   1.4161E+00
   8.2000E+01   1.4770E+00
   8.3000E+01   1.4872E+00
   8.4000E+01   1.4417E+00
   8.5000E+01   1.3967E+00
   8.6000E+01   1.2704E+00
   8.7000E+01   1.1371E+00
   8.8000E+01   1.1209E+00
   8.9000E+01   1.3030E+00
   9.0000E+01   1.5731E+00
   9.1000E+01   1.7687E+00
   9.2000E+01   1.8831E+00
   9.3000E+01   1.9083E+00
   9.4000E+01   1.8348E+00
   9.5000E+01   1.7058E+00
   9.6000E+01   1.4966E+00
   9.7000E+01   1.3514E+00
   9.8000E+01   1.4624E+00
   9.9000E+01   1.6607E+00
   1.0000E+02   1.7773E+00
   1.0100E+02   1.8208E+00
   1.0200E+02   1.7701E+00
   1.0300E+02   1.6216E+00
   1.0400E+02   1.4255E+00
   1.0500E+02   1.1869E+00
   1.0600E+02   1.1279E+00
   1.0700E+02   1.2664E+00
   1.0800E+02   1.4175E+00
   1.0900E+02   1.5557E+00
   1.1000E+02   1.6468E+00
   1.1100E+02   1.6709E+00
   1.1200E+02   1.5942E+00
   1.1300E+02   1.4196E+00
   1.1400E+02   6.5558E-01
   1.1500E+02  -2.6059E-01
   1.1600E+02   4.3109E-01
   1.1700E+02   1.7062E+00
   1.1800E+02   2.0989E+00
   1.1900E+02   2.2973E+00
   1.2000E+02   2.3918E+00
   1.2100E+02   2.3827E+00
   1.2200E+02   2.2715E+00
   1.2300E+02   2.0801E+00
   1.2400E+02   1.7864E+00
   1.2500E+02   1.4183E+00
   1.2600E+02   1.2782E+00
   1.2700E+02   1.4355E+00
   1.2800E+02   1.5968E+00
   1.2900E+02   1.6405E+00
   1.3000E+02   1.6155E+00
   1.3100E+02   1.5545E+00
   1.3200E+02   1.5112E+00
   1.3300E+02   1.5055E+00
   1.3400E+02   1.5366E+00
   1.3500E+02   1.5724E+00
   1.3600E+02   1.6056E+00
   1.3700E+02   1.6209E+00
   1.3800E+02   1.6235E+00
   1.3900E+02   1.6240E+00
   1.4000E+02   1.6308E+00
   1.4100E+02   1.6492E+00
   1.4200E+02   1.6631E+00
   1.4300E+02   1.6789E+00
   1.4400E+02   1.6819E+00
   1.4500E+02   1.6716E+00
   1.4600E+02   1.6448E+00
   1.4700E+02   1.6034E+00
   1.4800E+02   1.5370E+00
   1.4900E+02   1.4366E+00
   1.5000E+02   1.3526E+00
   1.5100E+02   1.3126E+00
   1.5200E+02   1.3830E+00
   1.5300E+02   1.4829E+00
   1.5400E+02   1.5927E+00
   1.5500E+02   1.6562E+00
   1.5600E+02   1.6608E+00
   1.5700E+02   1.6201E+00
   1.5800E+02   1.5603E+00
   1.5900E+02   1.5331E+00
   1.6000E+02   1.5820E+00
   1.6100E+02   1.6513E+00
   1.6200E+02   1.7375E+00
   1.6300E+02   1.7939E+00
   1.6400E+02   1.8108E+00
   1.6500E+02   1.7893E+00
   1.6600E+02   1.7461E+00
   1.6700E+02   1.6271E+00
   1.6800E+02   1.5127E+00
   1.6900E+02   1.4305E+00
   1.6900E+02   1.4150E+00
   1.6900E+02   1.4327E+00
   1.7000E+02   1.2964E+00
   1.7100E+02   1.2485E+00
   1.7200E+02   1.3349E+00
   1.7300E+02   1.4594E+00
   1.7400E+02   1.5789E+00
   1.7500E+02   1.6489E+00
   1.7600E+02   1.6657E+00
   1.7700E+02   1.6476E+00
   1.7800E+02   1.6190E+00
   1.7900E+02   1.6063E+00
   1.8000E+02   1.6077E+00
   1.8100E+02   1.6120E+00
   1.8200E+02   1.6061E+00
   1.8300E+02   1.5709E+00
   1.8400E+02   1.4937E+00
   1.8500E+02   1.3928E+00
   1.8600E+02   1.2919E+00
   1.8700E+02   1.2898E+00
   1.8800E+02   1.3882E+00
   1.8900E+02   1.5040E+00
   1.9000E+02   1.5977E+00
   1.9100E+02   1.6648E+00
   1.9200E+02   1.6742E+00
   1.9300E+02   1.6578E+00
   1.9400E+02   1.5997E+00
   1.9500E+02   1.4745E+00
   1.9600E+02   1.3770E+00
   1.9700E+02   1.1825E+00
   1.9800E+02   1.0700E+00
   1.9900E+02   1.1939E+00
   2.0000E+02   1.4120E+00
   2.0100E+02   1.6324E+00
   2.0200E+02   1.7832E+00
   2.0300E+02   1.9149E+00
   2.0400E+02   1.9894E+00
   2.0500E+02   2.0417E+00
   2.0600E+02   2.0576E+00
   2.0700E+02   2.0344E+00
   2.0800E+02   1.9838E+00
   2.0900E+02   1.8806E+00
   2.1000E+02   1.8291E+00
   2.1100E+02   1.7640E+00
   2.1200E+02   1.6752E+00
   2.1300E+02   1.5390E+00
   2.1400E+02   1.1384E+00
   2.1400E+02   1.4150E+00
   2.1400E+02   1.1486E+00
   2.1500E+02  -2.6059E-01
   2.1600E+02  -2.6059E-01
   2.1700E+02  -2.6059E-01
   2.1700E+02   1.4150E+00
   2.1700E+02  -2.6059E-01
   2.1700E+02   1.4150E+00
   2.1700E+02  -2.6059E-01
   2.1700E+02   1.4150E+00
   2.1700E+02  -2.6059E-01
   2.1700E+02   1.4150E+00
   2.1700E+02  -2.6059E-01
   2.1700E+02   1.4150E+00
   2.1700E+02  -2.6059E-01
   2.1700E+02   1.4150E+00
   2.1700E+02  -2.6059E-01
   2.1700E+02   1.4150E+00
   2.1700E+02  -2.6059E-01
   2.1700E+02   1.4150E+00
   2.1700E+02  -2.6059E-01
