   0.0000E+00   1.4150E+00
   0.0000E+00   2.7018E-01
   1.0000E+00   2.5406E-01
   2.0000E+00   7.3691E-01
   3.0000E+00   1.4534E+00
   4.0000E+00   1.8624E+00
   5.0000E+00   2.0982E+00
   6.0000E+00   2.2239E+00
   7.0000E+00   2.2651E+00
   8.0000E+00   2.2266E+00
   9.0000E+00   2.1227E+00
   1.0000E+01   1.9533E+00
   1.1000E+01   1.7495E+00
   1.2000E+01   1.5724E+00
   1.3000E+01   1.4933E+00
   1.4000E+01   1.5393E+00
   1.5000E+01   1.6523E+00
   1.6000E+01   1.7615E+00
   1.7000E+01   1.8432E+00
   1.8000E+01   1.8829E+00
   1.9000E+01   1.8651E+00
   2.0000E+01   1.8009E+00
   2.1000E+01   1.6996E+00
   2.2000E+01   1.6175E+00
   2.3000E+01   1.6192E+00
   2.4000E+01   1.7002E+00
   2.5000E+01   1.7879E+00
   2.6000E+01   1.8490E+00
   2.7000E+01   1.8650E+00
   2.8000E+01   1.8441E+00
   2.9000E+01   1.8050E+00
   3.0000E+01   1.7678E+00
   3.1000E+01   1.7583E+00
   3.2000E+01   1.7651E+00
   3.3000E+01   1.7656E+00
   3.4000E+01   1.7359E+00
   3.5000E+01   1.6548E+00
   3.6000E+01   1.5825E+00
   3.7000E+01   1.6418E+00
   3.8000E+01   1.8590E+00
   3.9000E+01   2.1064E+00
   4.0000E+01   2.2779E+00
   4.1000E+01   2.3608E+00
   4.2000E+01   2.3501E+00
   4.3000E+01   2.2126E+00
   4.4000E+01   1.9468E+00
   4.5000E+01   1.7107E+00
   4.6000E+01   2.0031E+00
   4.7000E+01   2.3997E+00
   4.8000E+01   2.6457E+00
   4.9000E+01   2.7761E+00
   5.0000E+01   2.8013E+00
   5.1000E+01   2.7293E+00
   5.2000E+01   2.5607E+00
   5.3000E+01   2.2571E+00
   5.4000E+01   1.7601E+00
   5.5000E+01   1.2176E+00
   5.6000E+01   1.4459E+00
   5.7000E+01   1.7703E+00
   5.8000E+01   1.8829E+00
   5.9000E+01   1.8397E+00
   6.0000E+01   1.6978E+00
   6.1000E+01   1.4567E+00
   6.2000E+01   1.2628E+00
   6.3000E+01   1.3183E+00
   6.4000E+01   1.4961E+00
   6.5000E+01   1.6462E+00
   6.6000E+01   1.7465E+00
   6.7000E+01   1.8018E+00
   6.8000E+01   1.8251E+00
   6.9000E+01   1.8206E+00
   7.0000E+01   1.7884E+00
   7.1000E+01   1.7245E+00
   7.2000E+01   1.6283E+00
   7.3000E+01   1.4782E+00
   7.4000E+01   1.2713E+00
   7.5000E+01   1.0929E+00
   7.6000E+01   1.2593E+00
   7.7000E+01   1.6298E+00
   7.8000E+01   1.9457E+00
   7.9000E+01   2.1565E+00
   8.0000E+01   2.2783E+00
   8.1000E+01   2.3174E+00
   8.2000E+01   2.2767E+00
   8.3000E+01   2.1624E+00
   8.4000E+01   1.9768E+00
   8.5000E+01   1.7440E+00
   8.6000E+01   1.5713E+00
   8.7000E+01   1.5736E+00
   8.8000E+01   1.6974E+00
   8.9000E+01   1.8378E+00
   9.0000E+01   1.9499E+00
   9.1000E+01   2.0172E+00
   9.2000E+01   2.0390E+00
   9.3000E+01   1.9977E+00
   9.4000E+01   1.8844E+00
   9.5000E+01   1.7577E+00
   9.6000E+01   1.7366E+00
   9.7000E+01   1.9185E+00
   9.8000E+01   2.1474E+00
   9.9000E+01   2.3077E+00
   1.0000E+02   2.3900E+00
   1.0100E+02   2.3811E+00
   1.0200E+02   2.2865E+00
   1.0300E+02   2.1009E+00
   1.0400E+02   1.7941E+00
   1.0500E+02   1.4052E+00
   1.0600E+02   1.2467E+00
   1.0700E+02   1.4289E+00
   1.0800E+02   1.6085E+00
   1.0900E+02   1.6790E+00
   1.1000E+02   1.6720E+00
   1.1100E+02   1.6419E+00
   1.1200E+02   1.6337E+00
   1.1300E+02   1.6896E+00
   1.1400E+02   1.7740E+00
   1.1500E+02   1.8469E+00
   1.1600E+02   1.8788E+00
   1.1700E+02   1.8618E+00
   1.1800E+02   1.8053E+00
   1.1900E+02   1.7170E+00
   1.2000E+02   1.6161E+00
   1.2100E+02   1.5472E+00
   1.2200E+02   1.5483E+00
   1.2300E+02   1.6348E+00
   1.2400E+02   1.7739E+00
   1.2500E+02   1.9274E+00
   1.2600E+02   2.0615E+00
   1.2700E+02   2.1616E+00
   1.2800E+02   2.2318E+00
   1.2900E+02   2.2735E+00
   1.3000E+02   2.2849E+00
   1.3100E+02   2.2693E+00
   1.3200E+02   2.2182E+00
   1.3300E+02   2.1301E+00
   1.3400E+02   2.0076E+00
   1.3500E+02   1.9070E+00
   1.3600E+02   1.9004E+00
   1.3700E+02   2.0006E+00
   1.3800E+02   2.1240E+00
   1.3900E+02   2.2218E+00
   1.4000E+02   2.2814E+00
   1.4100E+02   2.3035E+00
   1.4200E+02   2.2993E+00
   1.4300E+02   2.2769E+00
   1.4400E+02   2.2353E+00
   1.4500E+02   2.1924E+00
   1.4600E+02   2.1493E+00
   1.4700E+02   2.1309E+00
   1.4800E+02   2.1507E+00
   1.4900E+02   2.1907E+00
   1.5000E+02   2.2238E+00
   1.5100E+02   2.2238E+00
   1.5200E+02   2.1716E+00
   1.5300E+02   2.0649E+00
   1.5400E+02   1.9100E+00
   1.5500E+02   1.7488E+00
   1.5500E+02   1.4150E+00
   1.5500E+02   1.7493E+00
   1.5600E+02   1.7041E+00
   1.5700E+02   1.7850E+00
   1.5800E+02   1.8678E+00
   1.5900E+02   1.9118E+00
   1.6000E+02   1.8662E+00
   1.6100E+02   1.7765E+00
   1.6200E+02   1.6399E+00
   1.6300E+02   1.5323E+00
   1.6400E+02   1.5714E+00
   1.6500E+02   1.7046E+00
   1.6600E+02   1.8090E+00
   1.6700E+02   1.9052E+00
   1.6800E+02   1.9524E+00
   1.6900E+02   1.9683E+00
   1.7000E+02   1.9722E+00
   1.7100E+02   1.9663E+00
   1.7200E+02   1.9323E+00
   1.7300E+02   1.9014E+00
   1.7400E+02   1.8686E+00
   1.7500E+02   1.7989E+00
   1.7600E+02   1.6838E+00
   1.7700E+02   1.5939E+00
   1.7800E+02   1.5989E+00
   1.7900E+02   1.7393E+00
   1.8000E+02   1.9252E+00
   1.8100E+02   2.0521E+00
   1.8200E+02   2.0987E+00
   1.8300E+02   2.0236E+00
   1.8400E+02   1.8789E+00
   1.8500E+02   1.6851E+00
   1.8600E+02   1.6917E+00
   1.8700E+02   2.0156E+00
   1.8800E+02   2.2931E+00
   1.8900E+02   2.4722E+00
   1.9000E+02   2.5634E+00
   1.9100E+02   2.5691E+00
   1.9200E+02   2.5121E+00
   1.9300E+02   2.4009E+00
   1.9400E+02   2.2374E+00
   1.9500E+02   2.0915E+00
   1.9600E+02   1.9845E+00
   1.9700E+02   1.9509E+00
   1.9800E+02   1.9566E+00
   1.9900E+02   1.9706E+00
   2.0000E+02   1.9814E+00
   2.0100E+02   1.9833E+00
   2.0200E+02   1.9703E+00
   2.0300E+02   1.9157E+00
   2.0400E+02   1.8571E+00
   2.0500E+02   1.8391E+00
   2.0600E+02   1.7718E+00
   2.0700E+02   1.6381E+00
   2.0800E+02   1.4943E+00
   2.0900E+02   1.2847E+00
   2.1000E+02   9.0305E-01
   2.1100E+02  -1.4087E-01
   2.1100E+02   1.4150E+00
   2.1100E+02  -1.3899E-01
   2.1200E+02  -1.7505E-01
   2.1300E+02   1.1046E+00
   2.1400E+02   1.6219E+00
   2.1500E+02   1.9355E+00
   2.1600E+02   2.1157E+00
   2.1700E+02   2.2081E+00
   2.1800E+02   2.2196E+00
   2.1900E+02   2.1500E+00
   2.2000E+02   2.0106E+00
   2.2100E+02   1.8905E+00
   2.2200E+02   1.8611E+00
   2.2300E+02   1.9627E+00
   2.2400E+02   2.0798E+00
   2.2500E+02   2.1397E+00
   2.2600E+02   2.1361E+00
   2.2700E+02   2.0431E+00
   2.2800E+02   1.9192E+00
   2.2900E+02   1.7909E+00
   2.3000E+02   1.7354E+00
   2.3100E+02   1.7829E+00
   2.3200E+02   1.8347E+00
   2.3300E+02   1.8051E+00
   2.3400E+02   1.5636E+00
   2.3500E+02   8.4323E-01
   2.3600E+02   5.2403E-01
   2.3700E+02   1.7653E+00
   2.3800E+02   2.2900E+00
   2.3900E+02   2.5695E+00
   2.4000E+02   2.7300E+00
   2.4100E+02   2.7744E+00
   2.4200E+02   2.7233E+00
   2.4300E+02   2.5718E+00
   2.4400E+02   2.2676E+00
   2.4500E+02   1.5995E+00
   2.4600E+02  -2.6059E-01
   2.4700E+02  -2.6059E-01
   2.4700E+02   1.4150E+00
   2.4700E+02  -2.6059E-01
   2.4700E+02   1.4150E+00
   2.4700E+02  -2.6059E-01
   2.4700E+02   1.4150E+00
   2.4700E+02   1.4150E+00
   2.4700E+02  -2.6059E-01
   2.4700E+02   1.4150E+00
   2.4700E+02  -2.6059E-01
   2.4700E+02   1.4150E+00
   2.4700E+02  -2.6059E-01
   2.4700E+02   1.4150E+00
   2.4700E+02  -2.6059E-01
   2.4800E+02   8.5533E-01
   2.4800E+02   1.4150E+00
   2.4800E+02   8.5533E-01
   2.4900E+02   1.6928E+00
   2.5000E+02   1.8775E+00
   2.5100E+02   1.9251E+00
   2.5200E+02   1.9264E+00
   2.5300E+02   1.9114E+00
   2.5400E+02   1.9015E+00
   2.5500E+02   1.9011E+00
   2.5600E+02   1.9060E+00
   2.5700E+02   1.9281E+00
   2.5800E+02   1.9356E+00
   2.5900E+02   1.9425E+00
   2.6000E+02   1.9266E+00
   2.6100E+02   1.8771E+00
   2.6200E+02   1.8058E+00
   2.6300E+02   1.7055E+00
   2.6400E+02   1.6422E+00
   2.6500E+02   1.7118E+00
   2.6600E+02   1.8028E+00
   2.6700E+02   1.8941E+00
   2.6800E+02   1.9593E+00
   2.6900E+02   1.9490E+00
   2.7000E+02   1.8713E+00
   2.7100E+02   1.7827E+00
   2.7200E+02   1.6093E+00
   2.7300E+02   1.4716E+00
   2.7400E+02   1.3843E+00
   2.7500E+02   1.3311E+00
   2.7600E+02   1.2961E+00
   2.7700E+02   1.2506E+00
   2.7800E+02   1.2043E+00
   2.7900E+02   1.1514E+00
   2.8000E+02   1.1129E+00
   2.8100E+02   1.1340E+00
   2.8200E+02   1.1776E+00
   2.8300E+02   1.2683E+00
   2.8400E+02   1.3816E+00
   2.8500E+02   1.4310E+00
   2.8600E+02   1.5142E+00
   2.8700E+02   1.5374E+00
   2.8800E+02   1.5367E+00
   2.8900E+02   1.4789E+00
   2.9000E+02   1.4086E+00
   2.9100E+02   1.2689E+00
   2.9200E+02   1.1350E+00
   2.9300E+02   1.0145E+00
   2.9400E+02   9.3860E-01
   2.9500E+02   9.5790E-01
   2.9600E+02   1.0196E+00
   2.9700E+02   1.1177E+00
   2.9800E+02   1.2160E+00
   2.9900E+02   1.2733E+00
   3.0000E+02   1.2815E+00
   3.0100E+02   1.2571E+00
   3.0200E+02   1.2171E+00
   3.0300E+02   1.1970E+00
   3.0400E+02   1.1953E+00
   3.0500E+02   1.2276E+00
   3.0600E+02   1.2748E+00
   3.0700E+02   1.3298E+00
   3.0800E+02   1.3687E+00
   3.0900E+02   1.4128E+00
   3.1000E+02   1.4522E+00
   3.1100E+02   1.5061E+00
   3.1200E+02   1.5614E+00
   3.1300E+02   1.6366E+00
   3.1400E+02   1.6969E+00
   3.1500E+02   1.7414E+00
   3.1600E+02   1.7888E+00
   3.1700E+02   1.8180E+00
   3.1800E+02   1.8274E+00
   3.1900E+02   1.8107E+00
   3.2000E+02   1.7515E+00
   3.2100E+02   1.6321E+00
   3.2200E+02   1.5127E+00
   3.2300E+02   1.4017E+00
   3.2400E+02   1.3628E+00
   3.2500E+02   1.4119E+00
   3.2600E+02   1.4824E+00
   3.2700E+02   1.5408E+00
   3.2800E+02   1.5738E+00
   3.2900E+02   1.5914E+00
   3.3000E+02   1.6121E+00
   3.3100E+02   1.6642E+00
   3.3200E+02   1.7254E+00
   3.3300E+02   1.8009E+00
   3.3300E+02   1.4150E+00
   3.3300E+02   1.7862E+00
   3.3400E+02   1.8487E+00
   3.3500E+02   1.8801E+00
   3.3600E+02   1.8933E+00
   3.3700E+02   1.8903E+00
   3.3800E+02   1.8772E+00
   3.3900E+02   1.8681E+00
   3.4000E+02   1.8453E+00
   3.4100E+02   1.8243E+00
   3.4200E+02   1.7968E+00
   3.4300E+02   1.7332E+00
   3.4400E+02   1.6250E+00
   3.4500E+02   1.5508E+00
   3.4600E+02   1.5466E+00
   3.4700E+02   1.6464E+00
   3.4800E+02   1.7899E+00
   3.4900E+02   1.9279E+00
   3.5000E+02   2.0021E+00
   3.5100E+02   2.0329E+00
   3.5200E+02   2.0204E+00
   3.5300E+02   1.9763E+00
   3.5400E+02   1.9066E+00
   3.5500E+02   1.8180E+00
   3.5600E+02   1.7385E+00
   3.5700E+02   1.6834E+00
   3.5800E+02   1.6881E+00
   3.5900E+02   1.7473E+00
   3.6000E+02   1.8444E+00
   3.6100E+02   1.9067E+00
   3.6200E+02   1.9219E+00
   3.6300E+02   1.8416E+00
   3.6400E+02   1.7742E+00
   3.6500E+02   1.6195E+00
   3.6600E+02   1.5328E+00
   3.6700E+02   1.5736E+00
   3.6800E+02   1.6694E+00
   3.6900E+02   1.7745E+00
   3.7000E+02   1.8264E+00
   3.7100E+02   1.8182E+00
   3.7200E+02   1.7773E+00
   3.7300E+02   1.7028E+00
   3.7400E+02   1.6448E+00
   3.7500E+02   1.6269E+00
   3.7600E+02   1.6571E+00
   3.7700E+02   1.7228E+00
   3.7800E+02   1.7980E+00
   3.7900E+02   1.8750E+00
   3.8000E+02   1.9363E+00
   3.8100E+02   1.9595E+00
   3.8200E+02   1.9393E+00
   3.8300E+02   1.8703E+00
   3.8400E+02   1.7747E+00
   3.8500E+02   1.7056E+00
   3.8600E+02   1.7499E+00
   3.8700E+02   1.8533E+00
   3.8800E+02   1.9573E+00
   3.8900E+02   2.0027E+00
   3.9000E+02   1.9704E+00
   3.9100E+02   1.8237E+00
   3.9200E+02   1.7152E+00
   3.9300E+02   1.6582E+00
   3.9400E+02   1.8076E+00
   3.9500E+02   2.0185E+00
   3.9600E+02   2.1603E+00
   3.9700E+02   2.2180E+00
   3.9800E+02   2.1670E+00
   3.9900E+02   2.0230E+00
   4.0000E+02   1.7535E+00
   4.0100E+02   1.4444E+00
   4.0200E+02   1.5778E+00
   4.0300E+02   1.8750E+00
   4.0400E+02   2.0900E+00
   4.0500E+02   2.1872E+00
   4.0600E+02   2.1899E+00
   4.0700E+02   2.0905E+00
   4.0800E+02   2.0011E+00
   4.0900E+02   1.8332E+00
   4.1000E+02   1.6916E+00
   4.1100E+02   1.6203E+00
   4.1200E+02   1.6066E+00
   4.1300E+02   1.6150E+00
   4.1400E+02   1.6142E+00
   4.1500E+02   1.6097E+00
   4.1600E+02   1.5961E+00
   4.1700E+02   1.5902E+00
   4.1800E+02   1.5852E+00
   4.1900E+02   1.5736E+00
   4.2000E+02   1.5489E+00
   4.2100E+02   1.4900E+00
   4.2200E+02   1.4393E+00
   4.2300E+02   1.4628E+00
   4.2400E+02   1.5974E+00
   4.2500E+02   1.7659E+00
   4.2600E+02   1.9662E+00
   4.2700E+02   2.1144E+00
   4.2800E+02   2.1821E+00
   4.2900E+02   2.1839E+00
   4.3000E+02   2.0951E+00
   4.3100E+02   1.9794E+00
   4.3200E+02   1.8675E+00
   4.3300E+02   1.7304E+00
   4.3400E+02   1.6497E+00
   4.3500E+02   1.6266E+00
   4.3600E+02   1.6449E+00
   4.3700E+02   1.6501E+00
   4.3800E+02   1.6465E+00
   4.3900E+02   1.6421E+00
   4.4000E+02   1.6463E+00
   4.4100E+02   1.6667E+00
   4.4200E+02   1.6788E+00
   4.4300E+02   1.6778E+00
   4.4400E+02   1.6635E+00
   4.4500E+02   1.5955E+00
   4.4600E+02   1.5041E+00
   4.4700E+02   1.4278E+00
   4.4800E+02   1.3474E+00
   4.4900E+02   1.3594E+00
   4.5000E+02   1.4149E+00
   4.5100E+02   1.4931E+00
   4.5200E+02   1.5417E+00
   4.5300E+02   1.5560E+00
   4.5400E+02   1.5539E+00
   4.5500E+02   1.5492E+00
   4.5600E+02   1.5564E+00
   4.5700E+02   1.5809E+00
   4.5800E+02   1.5943E+00
   4.5900E+02   1.5824E+00
   4.6000E+02   1.5352E+00
   4.6100E+02   1.4472E+00
   4.6200E+02   1.2973E+00
   4.6300E+02   1.1308E+00
   4.6400E+02   1.1489E+00
   4.6500E+02   1.3016E+00
   4.6600E+02   1.4436E+00
   4.6700E+02   1.5519E+00
   4.6800E+02   1.5723E+00
   4.6900E+02   1.5331E+00
   4.7000E+02   1.4490E+00
   4.7100E+02   1.3904E+00
   4.7200E+02   1.3755E+00
   4.7300E+02   1.4245E+00
   4.7400E+02   1.5051E+00
   4.7500E+02   1.5669E+00
   4.7600E+02   1.5853E+00
   4.7700E+02   1.5713E+00
   4.7800E+02   1.5099E+00
   4.7900E+02   1.4463E+00
   4.7900E+02   1.4150E+00
   4.7900E+02   1.4708E+00
   4.8000E+02   1.3478E+00
   4.8100E+02   1.1819E+00
   4.8200E+02   1.0323E+00
   4.8300E+02   1.0011E+00
   4.8400E+02   1.1640E+00
   4.8500E+02   1.3796E+00
   4.8600E+02   1.5195E+00
   4.8700E+02   1.6258E+00
   4.8800E+02   1.6692E+00
   4.8900E+02   1.6752E+00
   4.9000E+02   1.6588E+00
   4.9100E+02   1.6162E+00
   4.9200E+02   1.5390E+00
   4.9300E+02   1.5081E+00
   4.9400E+02   1.4967E+00
   4.9500E+02   1.5483E+00
   4.9600E+02   1.6150E+00
   4.9700E+02   1.6994E+00
   4.9800E+02   1.7501E+00
   4.9900E+02   1.7503E+00
   5.0000E+02   1.7132E+00
   5.0100E+02   1.6182E+00
   5.0200E+02   1.5548E+00
   5.0300E+02   1.5412E+00
   5.0400E+02   1.5994E+00
   5.0500E+02   1.6406E+00
   5.0600E+02   1.6877E+00
   5.0700E+02   1.6809E+00
   5.0800E+02   1.6171E+00
   5.0900E+02   1.5559E+00
   5.1000E+02   1.5045E+00
   5.1100E+02   1.5386E+00
   5.1200E+02   1.6300E+00
   5.1300E+02   1.7094E+00
   5.1400E+02   1.7501E+00
   5.1500E+02   1.7351E+00
   5.1600E+02   1.6269E+00
   5.1700E+02   1.5125E+00
   5.1800E+02   1.4164E+00
   5.1900E+02   1.3309E+00
   5.2000E+02   1.3686E+00
   5.2100E+02   1.4981E+00
   5.2200E+02   1.6447E+00
   5.2300E+02   1.8031E+00
   5.2400E+02   1.9175E+00
   5.2500E+02   1.9867E+00
   5.2600E+02   1.9998E+00
   5.2700E+02   1.9561E+00
   5.2800E+02   1.8484E+00
   5.2900E+02   1.7815E+00
   5.3000E+02   1.7698E+00
   5.3100E+02   1.8796E+00
   5.3200E+02   2.0114E+00
   5.3300E+02   2.1021E+00
   5.3400E+02   2.1262E+00
   5.3500E+02   2.0690E+00
   5.3600E+02   1.9231E+00
   5.3700E+02   1.7549E+00
   5.3800E+02   1.5537E+00
   5.3900E+02   1.5257E+00
   5.4000E+02   1.6422E+00
   5.4100E+02   1.7340E+00
   5.4200E+02   1.7829E+00
   5.4300E+02   1.7548E+00
   5.4400E+02   1.6460E+00
   5.4500E+02   1.5746E+00
   5.4600E+02   1.4999E+00
   5.4700E+02   1.4970E+00
   5.4800E+02   1.5437E+00
   5.4900E+02   1.5853E+00
   5.5000E+02   1.6040E+00
   5.5100E+02   1.5949E+00
   5.5200E+02   1.5674E+00
   5.5300E+02   1.5130E+00
   5.5400E+02   1.4266E+00
   5.5500E+02   1.3483E+00
   5.5600E+02   1.2661E+00
   5.5700E+02   1.2581E+00
   5.5800E+02   1.3558E+00
   5.5900E+02   1.4717E+00
   5.6000E+02   1.5979E+00
   5.6100E+02   1.6709E+00
   5.6200E+02   1.6863E+00
   5.6300E+02   1.6592E+00
   5.6400E+02   1.6119E+00
   5.6500E+02   1.5503E+00
   5.6600E+02   1.4741E+00
   5.6700E+02   1.4163E+00
   5.6800E+02   1.3146E+00
   5.6900E+02   1.2043E+00
   5.7000E+02   1.0735E+00
   5.7100E+02   1.0629E+00
   5.7200E+02   1.3044E+00
   5.7300E+02   1.6034E+00
   5.7400E+02   1.8804E+00
   5.7500E+02   2.0661E+00
   5.7600E+02   2.1799E+00
   5.7700E+02   2.1976E+00
   5.7800E+02   2.1311E+00
   5.7900E+02   1.9879E+00
   5.8000E+02   1.7863E+00
   5.8100E+02   1.4568E+00
   5.8200E+02   1.2473E+00
   5.8300E+02   1.3451E+00
   5.8400E+02   1.5791E+00
   5.8500E+02   1.7982E+00
   5.8600E+02   1.9442E+00
   5.8700E+02   2.0383E+00
   5.8800E+02   2.0912E+00
   5.8900E+02   2.0826E+00
   5.9000E+02   1.9836E+00
   5.9100E+02   1.8774E+00
   5.9200E+02   1.8108E+00
   5.9300E+02   1.7426E+00
   5.9400E+02   1.7720E+00
   5.9500E+02   1.8283E+00
   5.9600E+02   1.8891E+00
   5.9700E+02   1.9062E+00
   5.9800E+02   1.8925E+00
   5.9900E+02   1.8790E+00
   6.0000E+02   1.8902E+00
   6.0100E+02   1.9278E+00
   6.0200E+02   2.0132E+00
   6.0300E+02   2.0515E+00
   6.0400E+02   2.0480E+00
   6.0500E+02   1.9823E+00
   6.0600E+02   1.9137E+00
   6.0700E+02   1.8158E+00
   6.0800E+02   1.7280E+00
   6.0900E+02   1.7676E+00
   6.1000E+02   1.8802E+00
   6.1100E+02   1.9899E+00
   6.1200E+02   2.0433E+00
   6.1300E+02   2.0539E+00
   6.1400E+02   2.0218E+00
   6.1500E+02   1.9678E+00
   6.1600E+02   1.8981E+00
   6.1700E+02   1.8314E+00
   6.1800E+02   1.8192E+00
   6.1900E+02   1.9402E+00
   6.2000E+02   2.1057E+00
   6.2100E+02   2.2975E+00
   6.2200E+02   2.4403E+00
   6.2300E+02   2.5123E+00
   6.2400E+02   2.5096E+00
   6.2500E+02   2.3925E+00
   6.2600E+02   2.2473E+00
   6.2700E+02   1.9752E+00
   6.2800E+02   1.4733E+00
   6.2900E+02   7.4410E-01
   6.3000E+02   8.6129E-01
   6.3100E+02   1.3424E+00
   6.3200E+02   1.5622E+00
   6.3300E+02   1.6329E+00
   6.3400E+02   1.6422E+00
   6.3500E+02   1.6174E+00
   6.3600E+02   1.5861E+00
   6.3700E+02   1.5572E+00
   6.3800E+02   1.5314E+00
   6.3900E+02   1.5099E+00
   6.4000E+02   1.4896E+00
   6.4100E+02   1.4811E+00
   6.4200E+02   1.4746E+00
   6.4300E+02   1.4638E+00
   6.4400E+02   1.4555E+00
   6.4500E+02   1.4533E+00
   6.4600E+02   1.4257E+00
   6.4700E+02   1.3994E+00
   6.4800E+02   1.3390E+00
   6.4900E+02   1.2536E+00
   6.5000E+02   1.2036E+00
   6.5100E+02   1.2457E+00
   6.5200E+02   1.3688E+00
   6.5300E+02   1.4764E+00
   6.5400E+02   1.5983E+00
   6.5500E+02   1.7070E+00
   6.5600E+02   1.7690E+00
   6.5700E+02   1.8094E+00
   6.5800E+02   1.8189E+00
   6.5900E+02   1.8059E+00
   6.6000E+02   1.7500E+00
   6.6100E+02   1.6809E+00
   6.6200E+02   1.5547E+00
   6.6300E+02   1.4806E+00
   6.6400E+02   1.4275E+00
   6.6500E+02   1.3960E+00
   6.6600E+02   1.3622E+00
   6.6700E+02   1.2963E+00
   6.6800E+02   1.2033E+00
   6.6900E+02   1.0912E+00
   6.7000E+02   1.0743E+00
   6.7100E+02   1.2043E+00
   6.7200E+02   1.4044E+00
   6.7300E+02   1.5419E+00
   6.7400E+02   1.6375E+00
   6.7500E+02   1.6651E+00
   6.7600E+02   1.6302E+00
   6.7700E+02   1.5497E+00
   6.7800E+02   1.4417E+00
   6.7900E+02   1.3738E+00
   6.8000E+02   1.3251E+00
   6.8100E+02   1.2993E+00
   6.8200E+02   1.2765E+00
   6.8300E+02   1.2254E+00
   6.8400E+02   1.1639E+00
   6.8500E+02   1.0974E+00
   6.8600E+02   1.1026E+00
   6.8700E+02   1.2149E+00
   6.8800E+02   1.3335E+00
   6.8900E+02   1.4261E+00
   6.9000E+02   1.5033E+00
   6.9100E+02   1.5316E+00
   6.9200E+02   1.5350E+00
   6.9300E+02   1.5256E+00
   6.9400E+02   1.5162E+00
   6.9500E+02   1.5203E+00
   6.9600E+02   1.5267E+00
   6.9700E+02   1.5386E+00
   6.9800E+02   1.5400E+00
   6.9900E+02   1.5346E+00
   7.0000E+02   1.5257E+00
   7.0100E+02   1.4867E+00
   7.0200E+02   1.4526E+00
   7.0300E+02   1.4300E+00
   7.0400E+02   1.4098E+00
   7.0500E+02   1.4045E+00
   7.0600E+02   1.4428E+00
   7.0700E+02   1.5247E+00
   7.0800E+02   1.5872E+00
   7.0900E+02   1.6083E+00
   7.1000E+02   1.5816E+00
   7.1100E+02   1.4598E+00
   7.1200E+02   1.3654E+00
   7.1300E+02   1.1308E+00
   7.1400E+02   9.5162E-01
   7.1500E+02   8.9770E-01
   7.1600E+02   1.0044E+00
   7.1700E+02   1.1303E+00
   7.1800E+02   1.2274E+00
   7.1900E+02   1.2902E+00
   7.2000E+02   1.3252E+00
   7.2100E+02   1.3586E+00
   7.2200E+02   1.3899E+00
   7.2300E+02   1.4032E+00
   7.2300E+02   1.4150E+00
   7.2300E+02   1.4013E+00
   7.2400E+02   1.4204E+00
   7.2500E+02   1.4393E+00
   7.2600E+02   1.4519E+00
   7.2700E+02   1.4744E+00
   7.2800E+02   1.4880E+00
   7.2900E+02   1.5005E+00
   7.3000E+02   1.5142E+00
   7.3100E+02   1.5363E+00
   7.3200E+02   1.5415E+00
   7.3300E+02   1.5254E+00
   7.3400E+02   1.4783E+00
   7.3500E+02   1.4586E+00
   7.3600E+02   1.4287E+00
   7.3700E+02   1.4585E+00
   7.3800E+02   1.5319E+00
   7.3900E+02   1.6008E+00
   7.4000E+02   1.6420E+00
   7.4100E+02   1.6309E+00
   7.4200E+02   1.5422E+00
   7.4300E+02   1.4479E+00
   7.4400E+02   1.4035E+00
   7.4500E+02   1.5408E+00
   7.4600E+02   1.7613E+00
   7.4700E+02   1.9235E+00
   7.4800E+02   2.0110E+00
   7.4900E+02   2.0256E+00
   7.5000E+02   1.9470E+00
   7.5100E+02   1.8245E+00
   7.5200E+02   1.6330E+00
   7.5300E+02   1.5010E+00
   7.5400E+02   1.5558E+00
   7.5500E+02   1.6824E+00
   7.5600E+02   1.7708E+00
   7.5700E+02   1.7949E+00
   7.5800E+02   1.7380E+00
   7.5900E+02   1.6302E+00
   7.6000E+02   1.5534E+00
   7.6100E+02   1.5167E+00
   7.6200E+02   1.5575E+00
   7.6300E+02   1.6225E+00
   7.6400E+02   1.6757E+00
   7.6500E+02   1.6771E+00
   7.6600E+02   1.6445E+00
   7.6700E+02   1.5702E+00
   7.6800E+02   1.5266E+00
   7.6900E+02   1.5001E+00
   7.7000E+02   1.5028E+00
   7.7100E+02   1.5083E+00
   7.7200E+02   1.5004E+00
   7.7300E+02   1.4604E+00
   7.7400E+02   1.3904E+00
   7.7500E+02   1.2865E+00
   7.7600E+02   1.2123E+00
   7.7700E+02   1.1828E+00
   7.7800E+02   1.2057E+00
   7.7900E+02   1.2527E+00
   7.8000E+02   1.2802E+00
   7.8100E+02   1.2892E+00
   7.8200E+02   1.2832E+00
   7.8300E+02   1.2712E+00
   7.8400E+02   1.2635E+00
   7.8500E+02   1.2650E+00
   7.8600E+02   1.2638E+00
   7.8700E+02   1.2397E+00
   7.8800E+02   1.1776E+00
   7.8900E+02   1.1034E+00
   7.9000E+02   1.0482E+00
   7.9100E+02   1.0711E+00
   7.9200E+02   1.2489E+00
   7.9300E+02   1.4145E+00
   7.9400E+02   1.5606E+00
   7.9500E+02   1.6467E+00
   7.9600E+02   1.6515E+00
   7.9700E+02   1.5928E+00
   7.9800E+02   1.4922E+00
   7.9900E+02   1.3993E+00
   8.0000E+02   1.3772E+00
   8.0100E+02   1.4522E+00
   8.0200E+02   1.5503E+00
   8.0300E+02   1.6018E+00
   8.0400E+02   1.5864E+00
   8.0500E+02   1.5031E+00
   8.0600E+02   1.4090E+00
   8.0700E+02   1.2705E+00
   8.0800E+02   1.2106E+00
   8.0900E+02   1.2614E+00
   8.1000E+02   1.3492E+00
   8.1100E+02   1.4239E+00
   8.1200E+02   1.4832E+00
   8.1300E+02   1.5186E+00
   8.1400E+02   1.5353E+00
   8.1500E+02   1.5367E+00
   8.1600E+02   1.5234E+00
   8.1700E+02   1.5116E+00
   8.1800E+02   1.4877E+00
   8.1900E+02   1.4583E+00
   8.2000E+02   1.4247E+00
   8.2000E+02   1.4150E+00
   8.2000E+02   1.4260E+00
   8.2100E+02   1.3855E+00
   8.2200E+02   1.3347E+00
   8.2300E+02   1.2771E+00
   8.2400E+02   1.2210E+00
   8.2500E+02   1.1858E+00
   8.2600E+02   1.2203E+00
   8.2700E+02   1.3359E+00
   8.2800E+02   1.4617E+00
   8.2900E+02   1.6020E+00
   8.3000E+02   1.6728E+00
   8.3100E+02   1.7156E+00
   8.3200E+02   1.7133E+00
   8.3300E+02   1.6826E+00
   8.3400E+02   1.6133E+00
   8.3500E+02   1.5621E+00
   8.3600E+02   1.5228E+00
   8.3700E+02   1.5071E+00
   8.3800E+02   1.4816E+00
   8.3900E+02   1.4600E+00
   8.4000E+02   1.4441E+00
   8.4100E+02   1.4444E+00
   8.4200E+02   1.4676E+00
   8.4300E+02   1.4933E+00
   8.4400E+02   1.5464E+00
   8.4500E+02   1.5809E+00
   8.4600E+02   1.6042E+00
   8.4700E+02   1.5942E+00
   8.4800E+02   1.5486E+00
   8.4900E+02   1.4909E+00
   8.5000E+02   1.4634E+00
   8.5100E+02   1.4504E+00
   8.5200E+02   1.4694E+00
   8.5300E+02   1.4808E+00
   8.5400E+02   1.4927E+00
   8.5500E+02   1.4826E+00
   8.5600E+02   1.4676E+00
   8.5700E+02   1.4525E+00
   8.5800E+02   1.4614E+00
   8.5900E+02   1.5138E+00
   8.6000E+02   1.5783E+00
   8.6100E+02   1.6496E+00
   8.6200E+02   1.7202E+00
   8.6300E+02   1.7655E+00
   8.6400E+02   1.8153E+00
   8.6500E+02   1.8447E+00
   8.6600E+02   1.8319E+00
   8.6700E+02   1.8006E+00
   8.6800E+02   1.7418E+00
   8.6900E+02   1.6920E+00
   8.7000E+02   1.7026E+00
   8.7100E+02   1.7878E+00
   8.7200E+02   1.9031E+00
   8.7300E+02   2.0522E+00
   8.7400E+02   2.1882E+00
   8.7500E+02   2.2513E+00
   8.7600E+02   2.3232E+00
   8.7700E+02   2.3501E+00
   8.7800E+02   2.3089E+00
   8.7900E+02   2.2241E+00
   8.8000E+02   2.0726E+00
   8.8100E+02   1.8616E+00
   8.8200E+02   1.6882E+00
   8.8300E+02   1.6805E+00
   8.8400E+02   1.7794E+00
   8.8500E+02   1.8785E+00
   8.8600E+02   1.9115E+00
   8.8700E+02   1.8889E+00
   8.8800E+02   1.8278E+00
   8.8900E+02   1.7918E+00
   8.9000E+02   1.7682E+00
   8.9100E+02   1.7867E+00
   8.9200E+02   1.8149E+00
   8.9300E+02   1.8507E+00
   8.9400E+02   1.8611E+00
   8.9500E+02   1.8613E+00
   8.9600E+02   1.8593E+00
   8.9700E+02   1.8731E+00
   8.9800E+02   1.8784E+00
   8.9900E+02   1.8938E+00
   9.0000E+02   1.8944E+00
   9.0100E+02   1.8628E+00
   9.0200E+02   1.8170E+00
   9.0300E+02   1.7216E+00
   9.0400E+02   1.6077E+00
   9.0500E+02   1.5642E+00
   9.0600E+02   1.6117E+00
   9.0700E+02   1.6959E+00
   9.0800E+02   1.7650E+00
   9.0900E+02   1.7948E+00
   9.1000E+02   1.7662E+00
   9.1100E+02   1.7181E+00
   9.1200E+02   1.6224E+00
   9.1300E+02   1.5598E+00
   9.1400E+02   1.5158E+00
   9.1500E+02   1.5098E+00
   9.1600E+02   1.5197E+00
   9.1700E+02   1.5251E+00
   9.1800E+02   1.5219E+00
   9.1900E+02   1.5222E+00
   9.2000E+02   1.5309E+00
   9.2100E+02   1.5746E+00
   9.2200E+02   1.6293E+00
   9.2300E+02   1.6648E+00
   9.2400E+02   1.6978E+00
   9.2500E+02   1.7242E+00
   9.2600E+02   1.7295E+00
   9.2700E+02   1.7139E+00
   9.2800E+02   1.6848E+00
   9.2900E+02   1.6129E+00
   9.3000E+02   1.5282E+00
   9.3100E+02   1.4547E+00
   9.3200E+02   1.4345E+00
   9.3300E+02   1.5089E+00
   9.3400E+02   1.6004E+00
   9.3500E+02   1.6903E+00
   9.3600E+02   1.7216E+00
   9.3700E+02   1.6762E+00
   9.3800E+02   1.6065E+00
   9.3900E+02   1.5242E+00
   9.4000E+02   1.4931E+00
   9.4100E+02   1.5868E+00
   9.4200E+02   1.7024E+00
   9.4300E+02   1.7961E+00
   9.4400E+02   1.8265E+00
   9.4500E+02   1.8015E+00
   9.4600E+02   1.7052E+00
   9.4700E+02   1.5791E+00
   9.4800E+02   1.4148E+00
   9.4900E+02   1.2492E+00
   9.5000E+02   1.1733E+00
   9.5100E+02   1.1831E+00
   9.5200E+02   1.2403E+00
   9.5300E+02   1.3272E+00
   9.5400E+02   1.3576E+00
   9.5500E+02   1.3945E+00
   9.5600E+02   1.3935E+00
   9.5700E+02   1.3573E+00
   9.5800E+02   1.3098E+00
   9.5900E+02   1.2968E+00
   9.6000E+02   1.3364E+00
   9.6100E+02   1.4078E+00
   9.6200E+02   1.4881E+00
   9.6300E+02   1.5149E+00
   9.6400E+02   1.4677E+00
   9.6400E+02   1.4150E+00
   9.6400E+02   1.4886E+00
   9.6500E+02   1.3898E+00
   9.6600E+02   1.2113E+00
   9.6600E+02   1.4150E+00
   9.6600E+02   1.2240E+00
   9.6600E+02   1.4150E+00
   9.6600E+02   1.4150E+00
   9.6600E+02   1.4150E+00
   9.6600E+02   1.2240E+00
   9.6600E+02   1.4150E+00
   9.6600E+02   1.2240E+00
   9.6600E+02   1.4150E+00
   9.6600E+02   1.2240E+00
   9.6700E+02   1.0200E+00
   9.6700E+02   1.4150E+00
   9.6700E+02   1.0200E+00
   9.6700E+02   1.4150E+00
   9.6700E+02   1.0200E+00
