   0.0000E+00   8.1065E-18   3.2633E-02   1.0000E-13
   2.0000E-01  -1.2600E+01
   4.0000E-01  -1.2700E+01
   6.0000E-01  -1.2800E+01
   8.0000E-01  -1.2900E+01
   1.0000E+00  -1.3000E+01
   1.2000E+00  -1.3100E+01
   1.4000E+00  -1.3200E+01
   1.6000E+00  -1.3300E+01
   1.8000E+00  -1.3400E+01
   2.0000E+00  -1.3500E+01
   2.2000E+00  -1.3600E+01
   2.4000E+00  -1.3700E+01
   2.6000E+00  -1.3800E+01
   2.8000E+00  -1.3900E+01
   3.0000E+00  -1.4000E+01
   3.2000E+00  -1.4100E+01
   3.4000E+00  -1.4200E+01
   3.6000E+00  -1.4300E+01
   3.8000E+00  -1.4400E+01
   4.0000E+00  -1.4500E+01
   4.2000E+00  -1.4600E+01
   4.4000E+00  -1.4700E+01
   4.6000E+00  -1.4800E+01
   4.8000E+00  -1.4900E+01
   5.0000E+00  -1.5000E+01
   5.2000E+00  -1.5100E+01
   5.4000E+00  -1.5200E+01
   5.6000E+00  -1.5300E+01
   5.8000E+00  -1.5400E+01
   6.0000E+00  -1.5500E+01
   6.2000E+00  -1.5600E+01
   6.4000E+00  -1.5700E+01
   6.6000E+00  -1.5800E+01
   6.8000E+00  -1.5900E+01
   7.0000E+00  -1.6000E+01
   7.2000E+00  -1.6100E+01
   7.4000E+00  -1.6200E+01
   7.6000E+00  -1.6300E+01
   7.8000E+00  -1.6400E+01
   8.0000E+00  -1.6500E+01
   8.2000E+00  -1.6600E+01
   8.4000E+00  -1.6700E+01
   8.6000E+00  -1.6800E+01
   8.8000E+00  -1.6900E+01
   9.0000E+00  -1.7000E+01
   0.0000E+00   8.1065E-18   2.5080E-02   1.0000E-13
   2.0000E-01  -1.2600E+01
   4.0000E-01  -1.2700E+01
   6.0000E-01  -1.2800E+01
   8.0000E-01  -1.2900E+01
   1.0000E+00  -1.3000E+01
   1.2000E+00  -1.3100E+01
   1.4000E+00  -1.3200E+01
   1.6000E+00  -1.3300E+01
   1.8000E+00  -1.3400E+01
   2.0000E+00  -1.3500E+01
   2.2000E+00  -1.3600E+01
   2.4000E+00  -1.3700E+01
   2.6000E+00  -1.3800E+01
   2.8000E+00  -1.3900E+01
   3.0000E+00  -1.4000E+01
   3.2000E+00  -1.4100E+01
   3.4000E+00  -1.4200E+01
   3.6000E+00  -1.4300E+01
   3.8000E+00  -1.4400E+01
   4.0000E+00  -1.4500E+01
   4.2000E+00  -1.4600E+01
   4.4000E+00  -1.4700E+01
   4.6000E+00  -1.4800E+01
   4.8000E+00  -1.4900E+01
   5.0000E+00  -1.5000E+01
   5.2000E+00  -1.5100E+01
   5.4000E+00  -1.5200E+01
   5.6000E+00  -1.5300E+01
   5.8000E+00  -1.5400E+01
   6.0000E+00  -1.5500E+01
   6.2000E+00  -1.5600E+01
   6.4000E+00  -1.5700E+01
   6.6000E+00  -1.5800E+01
   6.8000E+00  -1.5900E+01
   7.0000E+00  -1.6000E+01
   7.2000E+00  -1.6100E+01
   7.4000E+00  -1.6200E+01
   7.6000E+00  -1.6300E+01
   7.8000E+00  -1.6400E+01
   8.0000E+00  -1.6500E+01
   8.2000E+00  -1.6600E+01
   8.4000E+00  -1.6700E+01
   8.6000E+00  -1.6800E+01
   8.8000E+00  -1.6900E+01
   9.0000E+00  -1.7000E+01
   1.0000E+00   8.1065E-18   3.3144E-02   4.5968E-05
   2.0000E-01  -2.3483E+00
   4.0000E-01  -2.3873E+00
   6.0000E-01  -2.4263E+00
   8.0000E-01  -2.4687E+00
   1.0000E+00  -2.5238E+00
   1.2000E+00  -2.6104E+00
   1.4000E+00  -2.7450E+00
   1.6000E+00  -2.9213E+00
   1.8000E+00  -3.1205E+00
   2.0000E+00  -3.3317E+00
   2.2000E+00  -3.5509E+00
   2.4000E+00  -3.7759E+00
   2.6000E+00  -4.0057E+00
   2.8000E+00  -4.2401E+00
   3.0000E+00  -4.4916E+00
   3.2000E+00  -4.7750E+00
   3.4000E+00  -5.1837E+00
   3.6000E+00  -1.2526E+01
   3.8000E+00  -1.2633E+01
   4.0000E+00  -1.2770E+01
   4.2000E+00  -1.2900E+01
   4.4000E+00  -1.3044E+01
   4.6000E+00  -1.3210E+01
   4.8000E+00  -1.3405E+01
   5.0000E+00  -1.3628E+01
   5.2000E+00  -1.3905E+01
   5.4000E+00  -1.4204E+01
   5.6000E+00  -1.4641E+01
   5.8000E+00  -1.5115E+01
   6.0000E+00  -1.5989E+01
   6.2000E+00  -1.6708E+01
   6.4000E+00  -1.6947E+01
   6.6000E+00  -1.7003E+01
   6.8000E+00  -1.7025E+01
   7.0000E+00  -1.7035E+01
   7.2000E+00  -1.7042E+01
   7.4000E+00  -1.7046E+01
   7.6000E+00  -1.7049E+01
   7.8000E+00  -1.7050E+01
   8.0000E+00  -1.7050E+01
   8.2000E+00  -1.7049E+01
   8.4000E+00  -1.7047E+01
   8.6000E+00  -1.7046E+01
   8.8000E+00  -1.7044E+01
   9.0000E+00  -1.7043E+01
   2.0000E+00   8.1065E-18   4.0739E-02   1.4843E-04
   2.0000E-01  -2.2048E+00
   4.0000E-01  -2.2533E+00
   6.0000E-01  -2.3071E+00
   8.0000E-01  -2.3824E+00
   1.0000E+00  -2.4977E+00
   1.2000E+00  -2.6569E+00
   1.4000E+00  -2.8464E+00
   1.6000E+00  -3.0525E+00
   1.8000E+00  -3.2680E+00
   2.0000E+00  -3.4899E+00
   2.2000E+00  -3.7166E+00
   2.4000E+00  -3.9472E+00
   2.6000E+00  -4.1821E+00
   2.8000E+00  -4.4227E+00
   3.0000E+00  -4.6809E+00
   3.2000E+00  -4.9739E+00
   3.4000E+00  -5.3889E+00
   3.6000E+00  -1.2582E+01
   3.8000E+00  -1.2689E+01
   4.0000E+00  -1.2827E+01
   4.2000E+00  -1.2958E+01
   4.4000E+00  -1.3103E+01
   4.6000E+00  -1.3263E+01
   4.8000E+00  -1.3447E+01
   5.0000E+00  -1.3650E+01
   5.2000E+00  -1.3898E+01
   5.4000E+00  -1.4154E+01
   5.6000E+00  -1.4522E+01
   5.8000E+00  -1.4923E+01
   6.0000E+00  -1.5635E+01
   6.2000E+00  -1.6336E+01
   6.4000E+00  -1.6886E+01
   6.6000E+00  -1.7041E+01
   6.8000E+00  -1.7070E+01
   7.0000E+00  -1.7079E+01
   7.2000E+00  -1.7085E+01
   7.4000E+00  -1.7089E+01
   7.6000E+00  -1.7092E+01
   7.8000E+00  -1.7093E+01
   8.0000E+00  -1.7093E+01
   8.2000E+00  -1.7092E+01
   8.4000E+00  -1.7091E+01
   8.6000E+00  -1.7089E+01
   8.8000E+00  -1.7088E+01
   9.0000E+00  -1.7087E+01
   3.0000E+00   8.1065E-18   4.4261E-02   2.8885E-04
   2.0000E-01  -2.1570E+00
   4.0000E-01  -2.2216E+00
   6.0000E-01  -2.3039E+00
   8.0000E-01  -2.4206E+00
   1.0000E+00  -2.5736E+00
   1.2000E+00  -2.7530E+00
   1.4000E+00  -2.9499E+00
   1.6000E+00  -3.1588E+00
   1.8000E+00  -3.3762E+00
   2.0000E+00  -3.5994E+00
   2.2000E+00  -3.8272E+00
   2.4000E+00  -4.0591E+00
   2.6000E+00  -4.2957E+00
   2.8000E+00  -4.5389E+00
   3.0000E+00  -4.8002E+00
   3.2000E+00  -5.0978E+00
   3.4000E+00  -5.5160E+00
   3.6000E+00  -1.2634E+01
   3.8000E+00  -1.2742E+01
   4.0000E+00  -1.2881E+01
   4.2000E+00  -1.3012E+01
   4.4000E+00  -1.3156E+01
   4.6000E+00  -1.3312E+01
   4.8000E+00  -1.3489E+01
   5.0000E+00  -1.3681E+01
   5.2000E+00  -1.3913E+01
   5.4000E+00  -1.4149E+01
   5.6000E+00  -1.4486E+01
   5.8000E+00  -1.4850E+01
   6.0000E+00  -1.5472E+01
   6.2000E+00  -1.6113E+01
   6.4000E+00  -1.6839E+01
   6.6000E+00  -1.7081E+01
   6.8000E+00  -1.7113E+01
   7.0000E+00  -1.7122E+01
   7.2000E+00  -1.7128E+01
   7.4000E+00  -1.7132E+01
   7.6000E+00  -1.7134E+01
   7.8000E+00  -1.7135E+01
   8.0000E+00  -1.7135E+01
   8.2000E+00  -1.7135E+01
   8.4000E+00  -1.7134E+01
   8.6000E+00  -1.7132E+01
   8.8000E+00  -1.7131E+01
   9.0000E+00  -1.7130E+01
   4.0000E+00   8.1065E-18   4.6262E-02   4.3489E-04
   2.0000E-01  -2.1404E+00
   4.0000E-01  -2.2256E+00
   6.0000E-01  -2.3336E+00
   8.0000E-01  -2.4724E+00
   1.0000E+00  -2.6385E+00
   1.2000E+00  -2.8253E+00
   1.4000E+00  -3.0273E+00
   1.6000E+00  -3.2399E+00
   1.8000E+00  -3.4598E+00
   2.0000E+00  -3.6849E+00
   2.2000E+00  -3.9141E+00
   2.4000E+00  -4.1472E+00
   2.6000E+00  -4.3851E+00
   2.8000E+00  -4.6302E+00
   3.0000E+00  -4.8937E+00
   3.2000E+00  -5.1944E+00
   3.4000E+00  -5.6148E+00
   3.6000E+00  -1.2688E+01
   3.8000E+00  -1.2796E+01
   4.0000E+00  -1.2935E+01
   4.2000E+00  -1.3066E+01
   4.4000E+00  -1.3208E+01
   4.6000E+00  -1.3362E+01
   4.8000E+00  -1.3534E+01
   5.0000E+00  -1.3719E+01
   5.2000E+00  -1.3941E+01
   5.4000E+00  -1.4165E+01
   5.6000E+00  -1.4480E+01
   5.8000E+00  -1.4820E+01
   6.0000E+00  -1.5384E+01
   6.2000E+00  -1.5976E+01
   6.4000E+00  -1.6802E+01
   6.6000E+00  -1.7120E+01
   6.8000E+00  -1.7157E+01
   7.0000E+00  -1.7165E+01
   7.2000E+00  -1.7171E+01
   7.4000E+00  -1.7175E+01
   7.6000E+00  -1.7177E+01
   7.8000E+00  -1.7178E+01
   8.0000E+00  -1.7178E+01
   8.2000E+00  -1.7178E+01
   8.4000E+00  -1.7177E+01
   8.6000E+00  -1.7176E+01
   8.8000E+00  -1.7174E+01
   9.0000E+00  -1.7174E+01
   5.0000E+00   8.1065E-18   4.8035E-02   5.9577E-04
   2.0000E-01  -2.1369E+00
   4.0000E-01  -2.2435E+00
   6.0000E-01  -2.3722E+00
   8.0000E-01  -2.5274E+00
   1.0000E+00  -2.7057E+00
   1.2000E+00  -2.9019E+00
   1.4000E+00  -3.1105E+00
   1.6000E+00  -3.3277E+00
   1.8000E+00  -3.5506E+00
   2.0000E+00  -3.7779E+00
   2.2000E+00  -4.0086E+00
   2.4000E+00  -4.2431E+00
   2.6000E+00  -4.4824E+00
   2.8000E+00  -4.7293E+00
   3.0000E+00  -4.9949E+00
   3.2000E+00  -5.2984E+00
   3.4000E+00  -5.7209E+00
   3.6000E+00  -1.2743E+01
   3.8000E+00  -1.2851E+01
   4.0000E+00  -1.2989E+01
   4.2000E+00  -1.3119E+01
   4.4000E+00  -1.3260E+01
   4.6000E+00  -1.3410E+01
   4.8000E+00  -1.3578E+01
   5.0000E+00  -1.3756E+01
   5.2000E+00  -1.3967E+01
   5.4000E+00  -1.4179E+01
   5.6000E+00  -1.4474E+01
   5.8000E+00  -1.4790E+01
   6.0000E+00  -1.5300E+01
   6.2000E+00  -1.5844E+01
   6.4000E+00  -1.6727E+01
   6.6000E+00  -1.7144E+01
   6.8000E+00  -1.7197E+01
   7.0000E+00  -1.7209E+01
   7.2000E+00  -1.7215E+01
   7.4000E+00  -1.7218E+01
   7.6000E+00  -1.7220E+01
   7.8000E+00  -1.7221E+01
   8.0000E+00  -1.7221E+01
   8.2000E+00  -1.7220E+01
   8.4000E+00  -1.7220E+01
   8.6000E+00  -1.7219E+01
   8.8000E+00  -1.7218E+01
   9.0000E+00  -1.7217E+01
   6.0000E+00   8.1065E-18   4.9113E-02   8.1414E-04
   2.0000E-01  -2.1409E+00
   4.0000E-01  -2.2742E+00
   6.0000E-01  -2.4270E+00
   8.0000E-01  -2.6021E+00
   1.0000E+00  -2.7957E+00
   1.2000E+00  -3.0027E+00
   1.4000E+00  -3.2187E+00
   1.6000E+00  -3.4408E+00
   1.8000E+00  -3.6670E+00
   2.0000E+00  -3.8965E+00
   2.2000E+00  -4.1289E+00
   2.4000E+00  -4.3647E+00
   2.6000E+00  -4.6054E+00
   2.8000E+00  -4.8542E+00
   3.0000E+00  -5.1218E+00
   3.2000E+00  -5.4282E+00
   3.4000E+00  -5.8529E+00
   3.6000E+00  -1.2804E+01
   3.8000E+00  -1.2911E+01
   4.0000E+00  -1.3047E+01
   4.2000E+00  -1.3176E+01
   4.4000E+00  -1.3315E+01
   4.6000E+00  -1.3462E+01
   4.8000E+00  -1.3624E+01
   5.0000E+00  -1.3795E+01
   5.2000E+00  -1.3995E+01
   5.4000E+00  -1.4194E+01
   5.6000E+00  -1.4468E+01
   5.8000E+00  -1.4758E+01
   6.0000E+00  -1.5214E+01
   6.2000E+00  -1.5704E+01
   6.4000E+00  -1.6576E+01
   6.6000E+00  -1.7131E+01
   6.8000E+00  -1.7241E+01
   7.0000E+00  -1.7258E+01
   7.2000E+00  -1.7262E+01
   7.4000E+00  -1.7263E+01
   7.6000E+00  -1.7264E+01
   7.8000E+00  -1.7263E+01
   8.0000E+00  -1.7263E+01
   8.2000E+00  -1.7263E+01
   8.4000E+00  -1.7262E+01
   8.6000E+00  -1.7261E+01
   8.8000E+00  -1.7261E+01
   9.0000E+00  -1.7261E+01
   7.0000E+00   8.1065E-18   5.1766E-02   1.1607E-03
   2.0000E-01  -2.1570E+00
   4.0000E-01  -2.3313E+00
   6.0000E-01  -2.5173E+00
   8.0000E-01  -2.7170E+00
   1.0000E+00  -2.9272E+00
   1.2000E+00  -3.1449E+00
   1.4000E+00  -3.3677E+00
   1.6000E+00  -3.5942E+00
   1.8000E+00  -3.8233E+00
   2.0000E+00  -4.0547E+00
   2.2000E+00  -4.2885E+00
   2.4000E+00  -4.5256E+00
   2.6000E+00  -4.7676E+00
   2.8000E+00  -5.0183E+00
   3.0000E+00  -5.2880E+00
   3.2000E+00  -5.5973E+00
   3.4000E+00  -6.0241E+00
   3.6000E+00  -1.2876E+01
   3.8000E+00  -1.2981E+01
   4.0000E+00  -1.3116E+01
   4.2000E+00  -1.3242E+01
   4.4000E+00  -1.3378E+01
   4.6000E+00  -1.3521E+01
   4.8000E+00  -1.3678E+01
   5.0000E+00  -1.3839E+01
   5.2000E+00  -1.4028E+01
   5.4000E+00  -1.4213E+01
   5.6000E+00  -1.4465E+01
   5.8000E+00  -1.4729E+01
   6.0000E+00  -1.5132E+01
   6.2000E+00  -1.5565E+01
   6.4000E+00  -1.6325E+01
   6.6000E+00  -1.6969E+01
   6.8000E+00  -1.7261E+01
   7.0000E+00  -1.7301E+01
   7.2000E+00  -1.7305E+01
   7.4000E+00  -1.7306E+01
   7.6000E+00  -1.7306E+01
   7.8000E+00  -1.7306E+01
   8.0000E+00  -1.7306E+01
   8.2000E+00  -1.7305E+01
   8.4000E+00  -1.7305E+01
   8.6000E+00  -1.7305E+01
   8.8000E+00  -1.7304E+01
   9.0000E+00  -1.7304E+01
   8.0000E+00   8.1065E-18   5.5077E-02   1.7101E-03
   2.0000E-01  -2.2022E+00
   4.0000E-01  -2.4356E+00
   6.0000E-01  -2.6584E+00
   8.0000E-01  -2.8797E+00
   1.0000E+00  -3.1028E+00
   1.2000E+00  -3.3282E+00
   1.4000E+00  -3.5558E+00
   1.6000E+00  -3.7852E+00
   1.8000E+00  -4.0163E+00
   2.0000E+00  -4.2491E+00
   2.2000E+00  -4.4840E+00
   2.4000E+00  -4.7219E+00
   2.6000E+00  -4.9651E+00
   2.8000E+00  -5.2173E+00
   3.0000E+00  -5.4887E+00
   3.2000E+00  -5.8005E+00
   3.4000E+00  -6.2292E+00
   3.6000E+00  -1.2959E+01
   3.8000E+00  -1.3063E+01
   4.0000E+00  -1.3195E+01
   4.2000E+00  -1.3319E+01
   4.4000E+00  -1.3452E+01
   4.6000E+00  -1.3591E+01
   4.8000E+00  -1.3741E+01
   5.0000E+00  -1.3894E+01
   5.2000E+00  -1.4071E+01
   5.4000E+00  -1.4243E+01
   5.6000E+00  -1.4473E+01
   5.8000E+00  -1.4712E+01
   6.0000E+00  -1.5065E+01
   6.2000E+00  -1.5440E+01
   6.4000E+00  -1.6069E+01
   6.6000E+00  -1.6688E+01
   6.8000E+00  -1.7258E+01
   7.0000E+00  -1.7343E+01
   7.2000E+00  -1.7348E+01
   7.4000E+00  -1.7348E+01
   7.6000E+00  -1.7349E+01
   7.8000E+00  -1.7349E+01
   8.0000E+00  -1.7349E+01
   8.2000E+00  -1.7348E+01
   8.4000E+00  -1.7348E+01
   8.6000E+00  -1.7348E+01
   8.8000E+00  -1.7348E+01
   9.0000E+00  -1.7347E+01
   9.0000E+00   8.1065E-18   5.9178E-02   2.4535E-03
   2.0000E-01  -2.3022E+00
   4.0000E-01  -2.5973E+00
   6.0000E-01  -2.8470E+00
   8.0000E-01  -3.0817E+00
   1.0000E+00  -3.3121E+00
   1.2000E+00  -3.5419E+00
   1.4000E+00  -3.7723E+00
   1.6000E+00  -4.0035E+00
   1.8000E+00  -4.2357E+00
   2.0000E+00  -4.4693E+00
   2.2000E+00  -4.7048E+00
   2.4000E+00  -4.9434E+00
   2.6000E+00  -5.1872E+00
   2.8000E+00  -5.4406E+00
   3.0000E+00  -5.7133E+00
   3.2000E+00  -6.0270E+00
   3.4000E+00  -6.4570E+00
   3.6000E+00  -1.3047E+01
   3.8000E+00  -1.3150E+01
   4.0000E+00  -1.3280E+01
   4.2000E+00  -1.3402E+01
   4.4000E+00  -1.3532E+01
   4.6000E+00  -1.3666E+01
   4.8000E+00  -1.3810E+01
   5.0000E+00  -1.3955E+01
   5.2000E+00  -1.4121E+01
   5.4000E+00  -1.4282E+01
   5.6000E+00  -1.4492E+01
   5.8000E+00  -1.4708E+01
   6.0000E+00  -1.5017E+01
   6.2000E+00  -1.5342E+01
   6.4000E+00  -1.5858E+01
   6.6000E+00  -1.6398E+01
   6.8000E+00  -1.7170E+01
   7.0000E+00  -1.7375E+01
   7.2000E+00  -1.7389E+01
   7.4000E+00  -1.7391E+01
   7.6000E+00  -1.7392E+01
   7.8000E+00  -1.7392E+01
   8.0000E+00  -1.7392E+01
   8.2000E+00  -1.7392E+01
   8.4000E+00  -1.7391E+01
   8.6000E+00  -1.7391E+01
   8.8000E+00  -1.7391E+01
   9.0000E+00  -1.7391E+01
   1.0000E+01   8.1065E-18   6.2412E-02   3.2166E-03
   2.0000E-01  -2.4638E+00
   4.0000E-01  -2.7991E+00
   6.0000E-01  -3.0623E+00
   8.0000E-01  -3.3035E+00
   1.0000E+00  -3.5376E+00
   1.2000E+00  -3.7695E+00
   1.4000E+00  -4.0012E+00
   1.6000E+00  -4.2332E+00
   1.8000E+00  -4.4661E+00
   2.0000E+00  -4.7000E+00
   2.2000E+00  -4.9359E+00
   2.4000E+00  -5.1748E+00
   2.6000E+00  -5.4192E+00
   2.8000E+00  -5.6733E+00
   3.0000E+00  -5.9469E+00
   3.2000E+00  -6.2618E+00
   3.4000E+00  -6.6926E+00
   3.6000E+00  -1.3139E+01
   3.8000E+00  -1.3240E+01
   4.0000E+00  -1.3368E+01
   4.2000E+00  -1.3488E+01
   4.4000E+00  -1.3614E+01
   4.6000E+00  -1.3744E+01
   4.8000E+00  -1.3882E+01
   5.0000E+00  -1.4020E+01
   5.2000E+00  -1.4177E+01
   5.4000E+00  -1.4327E+01
   5.6000E+00  -1.4522E+01
   5.8000E+00  -1.4717E+01
   6.0000E+00  -1.4991E+01
   6.2000E+00  -1.5274E+01
   6.4000E+00  -1.5706E+01
   6.6000E+00  -1.6165E+01
   6.8000E+00  -1.6922E+01
   7.0000E+00  -1.7344E+01
   7.2000E+00  -1.7428E+01
   7.4000E+00  -1.7434E+01
   7.6000E+00  -1.7435E+01
   7.8000E+00  -1.7435E+01
   8.0000E+00  -1.7435E+01
   8.2000E+00  -1.7435E+01
   8.4000E+00  -1.7435E+01
   8.6000E+00  -1.7434E+01
   8.8000E+00  -1.7434E+01
   9.0000E+00  -1.7434E+01
   1.1000E+01   8.1065E-18   6.5797E-02   3.7371E-03
   2.0000E-01  -2.6309E+00
   4.0000E-01  -2.9760E+00
   6.0000E-01  -3.2413E+00
   8.0000E-01  -3.4833E+00
   1.0000E+00  -3.7177E+00
   1.2000E+00  -3.9499E+00
   1.4000E+00  -4.1817E+00
   1.6000E+00  -4.4138E+00
   1.8000E+00  -4.6467E+00
   2.0000E+00  -4.8807E+00
   2.2000E+00  -5.1166E+00
   2.4000E+00  -5.3557E+00
   2.6000E+00  -5.6003E+00
   2.8000E+00  -5.8547E+00
   3.0000E+00  -6.1287E+00
   3.2000E+00  -6.4443E+00
   3.4000E+00  -6.8756E+00
   3.6000E+00  -1.3222E+01
   3.8000E+00  -1.3323E+01
   4.0000E+00  -1.3450E+01
   4.2000E+00  -1.3567E+01
   4.4000E+00  -1.3692E+01
   4.6000E+00  -1.3819E+01
   4.8000E+00  -1.3953E+01
   5.0000E+00  -1.4087E+01
   5.2000E+00  -1.4238E+01
   5.4000E+00  -1.4382E+01
   5.6000E+00  -1.4566E+01
   5.8000E+00  -1.4750E+01
   6.0000E+00  -1.5003E+01
   6.2000E+00  -1.5261E+01
   6.4000E+00  -1.5645E+01
   6.6000E+00  -1.6052E+01
   6.8000E+00  -1.6724E+01
   7.0000E+00  -1.7243E+01
   7.2000E+00  -1.7464E+01
   7.4000E+00  -1.7478E+01
   7.6000E+00  -1.7478E+01
   7.8000E+00  -1.7478E+01
   8.0000E+00  -1.7478E+01
   8.2000E+00  -1.7478E+01
   8.4000E+00  -1.7478E+01
   8.6000E+00  -1.7478E+01
   8.8000E+00  -1.7478E+01
   9.0000E+00  -1.7478E+01
   1.2000E+01   8.1065E-18   6.6350E-02   3.9052E-03
   2.0000E-01  -2.6957E+00
   4.0000E-01  -3.0323E+00
   6.0000E-01  -3.2932E+00
   8.0000E-01  -3.5325E+00
   1.0000E+00  -3.7651E+00
   1.2000E+00  -3.9961E+00
   1.4000E+00  -4.2271E+00
   1.6000E+00  -4.4587E+00
   1.8000E+00  -4.6913E+00
   2.0000E+00  -4.9251E+00
   2.2000E+00  -5.1610E+00
   2.4000E+00  -5.4000E+00
   2.6000E+00  -5.6446E+00
   2.8000E+00  -5.8991E+00
   3.0000E+00  -6.1731E+00
   3.2000E+00  -6.4888E+00
   3.4000E+00  -6.9202E+00
   3.6000E+00  -1.3272E+01
   3.8000E+00  -1.3373E+01
   4.0000E+00  -1.3500E+01
   4.2000E+00  -1.3617E+01
   4.4000E+00  -1.3741E+01
   4.6000E+00  -1.3867E+01
   4.8000E+00  -1.4001E+01
   5.0000E+00  -1.4134E+01
   5.2000E+00  -1.4283E+01
   5.4000E+00  -1.4427E+01
   5.6000E+00  -1.4608E+01
   5.8000E+00  -1.4789E+01
   6.0000E+00  -1.5037E+01
   6.2000E+00  -1.5290E+01
   6.4000E+00  -1.5663E+01
   6.6000E+00  -1.6058E+01
   6.8000E+00  -1.6709E+01
   7.0000E+00  -1.7241E+01
   7.2000E+00  -1.7504E+01
   7.4000E+00  -1.7521E+01
   7.6000E+00  -1.7521E+01
   7.8000E+00  -1.7521E+01
   8.0000E+00  -1.7521E+01
   8.2000E+00  -1.7521E+01
   8.4000E+00  -1.7521E+01
   8.6000E+00  -1.7521E+01
   8.8000E+00  -1.7521E+01
   9.0000E+00  -1.7521E+01
   1.3000E+01   8.1065E-18   6.0980E-02   3.6511E-03
   2.0000E-01  -2.5931E+00
   4.0000E-01  -2.8910E+00
   6.0000E-01  -3.1305E+00
   8.0000E-01  -3.3559E+00
   1.0000E+00  -3.5790E+00
   1.2000E+00  -3.8034E+00
   1.4000E+00  -4.0300E+00
   1.6000E+00  -4.2587E+00
   1.8000E+00  -4.4894E+00
   2.0000E+00  -4.7221E+00
   2.2000E+00  -4.9571E+00
   2.4000E+00  -5.1955E+00
   2.6000E+00  -5.4395E+00
   2.8000E+00  -5.6935E+00
   3.0000E+00  -5.9670E+00
   3.2000E+00  -6.2819E+00
   3.4000E+00  -6.7127E+00
   3.6000E+00  -1.3261E+01
   3.8000E+00  -1.3366E+01
   4.0000E+00  -1.3495E+01
   4.2000E+00  -1.3614E+01
   4.4000E+00  -1.3740E+01
   4.6000E+00  -1.3870E+01
   4.8000E+00  -1.4008E+01
   5.0000E+00  -1.4145E+01
   5.2000E+00  -1.4302E+01
   5.4000E+00  -1.4453E+01
   5.6000E+00  -1.4647E+01
   5.8000E+00  -1.4843E+01
   6.0000E+00  -1.5114E+01
   6.2000E+00  -1.5395E+01
   6.4000E+00  -1.5822E+01
   6.6000E+00  -1.6275E+01
   6.8000E+00  -1.7022E+01
   7.0000E+00  -1.7461E+01
   7.2000E+00  -1.7558E+01
   7.4000E+00  -1.7565E+01
   7.6000E+00  -1.7565E+01
   7.8000E+00  -1.7565E+01
   8.0000E+00  -1.7565E+01
   8.2000E+00  -1.7565E+01
   8.4000E+00  -1.7565E+01
   8.6000E+00  -1.7565E+01
   8.8000E+00  -1.7565E+01
   9.0000E+00  -1.7565E+01
   1.4000E+01   8.1065E-18   3.7208E-02   2.3192E-03
   2.0000E-01  -2.3386E+00
   4.0000E-01  -2.4967E+00
   6.0000E-01  -2.6262E+00
   8.0000E-01  -2.7520E+00
   1.0000E+00  -2.8826E+00
   1.2000E+00  -3.0218E+00
   1.4000E+00  -3.1718E+00
   1.6000E+00  -3.3319E+00
   1.8000E+00  -3.5007E+00
   2.0000E+00  -3.6787E+00
   2.2000E+00  -3.8687E+00
   2.4000E+00  -4.0719E+00
   2.6000E+00  -4.2879E+00
   2.8000E+00  -4.5164E+00
   3.0000E+00  -4.7672E+00
   3.2000E+00  -5.0566E+00
   3.4000E+00  -5.4692E+00
   3.6000E+00  -1.2997E+01
   3.8000E+00  -1.3129E+01
   4.0000E+00  -1.3278E+01
   4.2000E+00  -1.3411E+01
   4.4000E+00  -1.3552E+01
   4.6000E+00  -1.3705E+01
   4.8000E+00  -1.3881E+01
   5.0000E+00  -1.4072E+01
   5.2000E+00  -1.4312E+01
   5.4000E+00  -1.4561E+01
   5.6000E+00  -1.4924E+01
   5.8000E+00  -1.5318E+01
   6.0000E+00  -1.5989E+01
   6.2000E+00  -1.6673E+01
   6.4000E+00  -1.7360E+01
   6.6000E+00  -1.7568E+01
   6.8000E+00  -1.7596E+01
   7.0000E+00  -1.7603E+01
   7.2000E+00  -1.7609E+01
   7.4000E+00  -1.7612E+01
   7.6000E+00  -1.7614E+01
   7.8000E+00  -1.7614E+01
   8.0000E+00  -1.7614E+01
   8.2000E+00  -1.7612E+01
   8.4000E+00  -1.7611E+01
   8.6000E+00  -1.7610E+01
   8.8000E+00  -1.7609E+01
   9.0000E+00  -1.7608E+01
   1.5000E+01   8.1065E-18   1.5244E-02   8.6332E-04
   2.0000E-01  -2.2144E+00
   4.0000E-01  -2.2811E+00
   6.0000E-01  -2.3362E+00
   8.0000E-01  -2.3883E+00
   1.0000E+00  -2.4398E+00
   1.2000E+00  -2.4922E+00
   1.4000E+00  -2.5474E+00
   1.6000E+00  -2.6092E+00
   1.8000E+00  -2.6849E+00
   2.0000E+00  -2.7852E+00
   2.2000E+00  -2.9201E+00
   2.4000E+00  -3.0879E+00
   2.6000E+00  -3.2744E+00
   2.8000E+00  -3.4668E+00
   3.0000E+00  -3.6747E+00
   3.2000E+00  -3.9039E+00
   3.4000E+00  -4.2609E+00
   3.6000E+00  -1.4216E+01
   3.8000E+00  -1.4602E+01
   4.0000E+00  -1.4923E+01
   4.2000E+00  -1.5163E+01
   4.4000E+00  -1.5480E+01
   4.6000E+00  -1.5832E+01
   4.8000E+00  -1.6109E+01
   5.0000E+00  -1.6347E+01
   5.2000E+00  -1.6570E+01
   5.4000E+00  -1.6745E+01
   5.6000E+00  -1.6911E+01
   5.8000E+00  -1.7045E+01
   6.0000E+00  -1.7200E+01
   6.2000E+00  -1.7330E+01
   6.4000E+00  -1.7474E+01
   6.6000E+00  -1.7586E+01
   6.8000E+00  -1.7701E+01
   7.0000E+00  -1.7787E+01
   7.2000E+00  -1.7876E+01
   7.4000E+00  -1.7941E+01
   7.6000E+00  -1.8009E+01
   7.8000E+00  -1.8047E+01
   8.0000E+00  -1.8075E+01
   8.2000E+00  -1.8056E+01
   8.4000E+00  -1.8007E+01
   8.6000E+00  -1.7866E+01
   8.8000E+00  -1.7740E+01
   9.0000E+00  -1.7651E+01
   1.6000E+01   8.1065E-18   1.8100E-02   3.2268E-04
   2.0000E-01  -2.1755E+00
   4.0000E-01  -2.2210E+00
   6.0000E-01  -2.2623E+00
   8.0000E-01  -2.3029E+00
   1.0000E+00  -2.3442E+00
   1.2000E+00  -2.3882E+00
   1.4000E+00  -2.4393E+00
   1.6000E+00  -2.5069E+00
   1.8000E+00  -2.6026E+00
   2.0000E+00  -2.7313E+00
   2.2000E+00  -2.8870E+00
   2.4000E+00  -3.0612E+00
   2.6000E+00  -3.2461E+00
   2.8000E+00  -3.4346E+00
   3.0000E+00  -3.6374E+00
   3.2000E+00  -3.8595E+00
   3.4000E+00  -4.2097E+00
   3.6000E+00  -1.4488E+01
   3.8000E+00  -1.4661E+01
   4.0000E+00  -1.4892E+01
   4.2000E+00  -1.5114E+01
   4.4000E+00  -1.5411E+01
   4.6000E+00  -1.5766E+01
   4.8000E+00  -1.6049E+01
   5.0000E+00  -1.6275E+01
   5.2000E+00  -1.6437E+01
   5.4000E+00  -1.6570E+01
   5.6000E+00  -1.6717E+01
   5.8000E+00  -1.6845E+01
   6.0000E+00  -1.6990E+01
   6.2000E+00  -1.7113E+01
   6.4000E+00  -1.7251E+01
   6.6000E+00  -1.7361E+01
   6.8000E+00  -1.7478E+01
   7.0000E+00  -1.7569E+01
   7.2000E+00  -1.7666E+01
   7.4000E+00  -1.7737E+01
   7.6000E+00  -1.7809E+01
   7.8000E+00  -1.7852E+01
   8.0000E+00  -1.7883E+01
   8.2000E+00  -1.7882E+01
   8.4000E+00  -1.7864E+01
   8.6000E+00  -1.7797E+01
   8.8000E+00  -1.7739E+01
   9.0000E+00  -1.7695E+01
   1.6000E+01   8.1065E-18   6.5500E-02   3.2268E-04
   2.0000E-01  -2.1755E+00
   4.0000E-01  -2.2210E+00
   6.0000E-01  -2.2623E+00
   8.0000E-01  -2.3029E+00
   1.0000E+00  -2.3442E+00
   1.2000E+00  -2.3882E+00
   1.4000E+00  -2.4393E+00
   1.6000E+00  -2.5069E+00
   1.8000E+00  -2.6026E+00
   2.0000E+00  -2.7313E+00
   2.2000E+00  -2.8870E+00
   2.4000E+00  -3.0612E+00
   2.6000E+00  -3.2461E+00
   2.8000E+00  -3.4346E+00
   3.0000E+00  -3.6374E+00
   3.2000E+00  -3.8595E+00
   3.4000E+00  -4.2097E+00
   3.6000E+00  -1.4488E+01
   3.8000E+00  -1.4661E+01
   4.0000E+00  -1.4892E+01
   4.2000E+00  -1.5114E+01
   4.4000E+00  -1.5411E+01
   4.6000E+00  -1.5766E+01
   4.8000E+00  -1.6049E+01
   5.0000E+00  -1.6275E+01
   5.2000E+00  -1.6437E+01
   5.4000E+00  -1.6570E+01
   5.6000E+00  -1.6717E+01
   5.8000E+00  -1.6845E+01
   6.0000E+00  -1.6990E+01
   6.2000E+00  -1.7113E+01
   6.4000E+00  -1.7251E+01
   6.6000E+00  -1.7361E+01
   6.8000E+00  -1.7478E+01
   7.0000E+00  -1.7569E+01
   7.2000E+00  -1.7666E+01
   7.4000E+00  -1.7737E+01
   7.6000E+00  -1.7809E+01
   7.8000E+00  -1.7852E+01
   8.0000E+00  -1.7883E+01
   8.2000E+00  -1.7882E+01
   8.4000E+00  -1.7864E+01
   8.6000E+00  -1.7797E+01
   8.8000E+00  -1.7739E+01
   9.0000E+00  -1.7695E+01
   1.6000E+01   8.1065E-18   1.8100E-02   3.2268E-04
   2.0000E-01  -2.1755E+00
   4.0000E-01  -2.2210E+00
   6.0000E-01  -2.2623E+00
   8.0000E-01  -2.3029E+00
   1.0000E+00  -2.3442E+00
   1.2000E+00  -2.3882E+00
   1.4000E+00  -2.4393E+00
   1.6000E+00  -2.5069E+00
   1.8000E+00  -2.6026E+00
   2.0000E+00  -2.7313E+00
   2.2000E+00  -2.8870E+00
   2.4000E+00  -3.0612E+00
   2.6000E+00  -3.2461E+00
   2.8000E+00  -3.4346E+00
   3.0000E+00  -3.6374E+00
   3.2000E+00  -3.8595E+00
   3.4000E+00  -4.2097E+00
   3.6000E+00  -1.4488E+01
   3.8000E+00  -1.4661E+01
   4.0000E+00  -1.4892E+01
   4.2000E+00  -1.5114E+01
   4.4000E+00  -1.5411E+01
   4.6000E+00  -1.5766E+01
   4.8000E+00  -1.6049E+01
   5.0000E+00  -1.6275E+01
   5.2000E+00  -1.6437E+01
   5.4000E+00  -1.6570E+01
   5.6000E+00  -1.6717E+01
   5.8000E+00  -1.6845E+01
   6.0000E+00  -1.6990E+01
   6.2000E+00  -1.7113E+01
   6.4000E+00  -1.7251E+01
   6.6000E+00  -1.7361E+01
   6.8000E+00  -1.7478E+01
   7.0000E+00  -1.7569E+01
   7.2000E+00  -1.7666E+01
   7.4000E+00  -1.7737E+01
   7.6000E+00  -1.7809E+01
   7.8000E+00  -1.7852E+01
   8.0000E+00  -1.7883E+01
   8.2000E+00  -1.7882E+01
   8.4000E+00  -1.7864E+01
   8.6000E+00  -1.7797E+01
   8.8000E+00  -1.7739E+01
   9.0000E+00  -1.7695E+01
   1.6000E+01   8.1065E-18   6.5500E-02   3.2268E-04
   2.0000E-01  -2.1755E+00
   4.0000E-01  -2.2210E+00
   6.0000E-01  -2.2623E+00
   8.0000E-01  -2.3029E+00
   1.0000E+00  -2.3442E+00
   1.2000E+00  -2.3882E+00
   1.4000E+00  -2.4393E+00
   1.6000E+00  -2.5069E+00
   1.8000E+00  -2.6026E+00
   2.0000E+00  -2.7313E+00
   2.2000E+00  -2.8870E+00
   2.4000E+00  -3.0612E+00
   2.6000E+00  -3.2461E+00
   2.8000E+00  -3.4346E+00
   3.0000E+00  -3.6374E+00
   3.2000E+00  -3.8595E+00
   3.4000E+00  -4.2097E+00
   3.6000E+00  -1.4488E+01
   3.8000E+00  -1.4661E+01
   4.0000E+00  -1.4892E+01
   4.2000E+00  -1.5114E+01
   4.4000E+00  -1.5411E+01
   4.6000E+00  -1.5766E+01
   4.8000E+00  -1.6049E+01
   5.0000E+00  -1.6275E+01
   5.2000E+00  -1.6437E+01
   5.4000E+00  -1.6570E+01
   5.6000E+00  -1.6717E+01
   5.8000E+00  -1.6845E+01
   6.0000E+00  -1.6990E+01
   6.2000E+00  -1.7113E+01
   6.4000E+00  -1.7251E+01
   6.6000E+00  -1.7361E+01
   6.8000E+00  -1.7478E+01
   7.0000E+00  -1.7569E+01
   7.2000E+00  -1.7666E+01
   7.4000E+00  -1.7737E+01
   7.6000E+00  -1.7809E+01
   7.8000E+00  -1.7852E+01
   8.0000E+00  -1.7883E+01
   8.2000E+00  -1.7882E+01
   8.4000E+00  -1.7864E+01
   8.6000E+00  -1.7797E+01
   8.8000E+00  -1.7739E+01
   9.0000E+00  -1.7695E+01
   1.6000E+01   8.1065E-18   1.8100E-02   3.2268E-04
   2.0000E-01  -2.1755E+00
   4.0000E-01  -2.2210E+00
   6.0000E-01  -2.2623E+00
   8.0000E-01  -2.3029E+00
   1.0000E+00  -2.3442E+00
   1.2000E+00  -2.3882E+00
   1.4000E+00  -2.4393E+00
   1.6000E+00  -2.5069E+00
   1.8000E+00  -2.6026E+00
   2.0000E+00  -2.7313E+00
   2.2000E+00  -2.8870E+00
   2.4000E+00  -3.0612E+00
   2.6000E+00  -3.2461E+00
   2.8000E+00  -3.4346E+00
   3.0000E+00  -3.6374E+00
   3.2000E+00  -3.8595E+00
   3.4000E+00  -4.2097E+00
   3.6000E+00  -1.4488E+01
   3.8000E+00  -1.4661E+01
   4.0000E+00  -1.4892E+01
   4.2000E+00  -1.5114E+01
   4.4000E+00  -1.5411E+01
   4.6000E+00  -1.5766E+01
   4.8000E+00  -1.6049E+01
   5.0000E+00  -1.6275E+01
   5.2000E+00  -1.6437E+01
   5.4000E+00  -1.6570E+01
   5.6000E+00  -1.6717E+01
   5.8000E+00  -1.6845E+01
   6.0000E+00  -1.6990E+01
   6.2000E+00  -1.7113E+01
   6.4000E+00  -1.7251E+01
   6.6000E+00  -1.7361E+01
   6.8000E+00  -1.7478E+01
   7.0000E+00  -1.7569E+01
   7.2000E+00  -1.7666E+01
   7.4000E+00  -1.7737E+01
   7.6000E+00  -1.7809E+01
   7.8000E+00  -1.7852E+01
   8.0000E+00  -1.7883E+01
   8.2000E+00  -1.7882E+01
   8.4000E+00  -1.7864E+01
   8.6000E+00  -1.7797E+01
   8.8000E+00  -1.7739E+01
   9.0000E+00  -1.7695E+01
   1.6000E+01   8.1065E-18   6.5500E-02   3.2268E-04
   2.0000E-01  -2.1755E+00
   4.0000E-01  -2.2210E+00
   6.0000E-01  -2.2623E+00
   8.0000E-01  -2.3029E+00
   1.0000E+00  -2.3442E+00
   1.2000E+00  -2.3882E+00
   1.4000E+00  -2.4393E+00
   1.6000E+00  -2.5069E+00
   1.8000E+00  -2.6026E+00
   2.0000E+00  -2.7313E+00
   2.2000E+00  -2.8870E+00
   2.4000E+00  -3.0612E+00
   2.6000E+00  -3.2461E+00
   2.8000E+00  -3.4346E+00
   3.0000E+00  -3.6374E+00
   3.2000E+00  -3.8595E+00
   3.4000E+00  -4.2097E+00
   3.6000E+00  -1.4488E+01
   3.8000E+00  -1.4661E+01
   4.0000E+00  -1.4892E+01
   4.2000E+00  -1.5114E+01
   4.4000E+00  -1.5411E+01
   4.6000E+00  -1.5766E+01
   4.8000E+00  -1.6049E+01
   5.0000E+00  -1.6275E+01
   5.2000E+00  -1.6437E+01
   5.4000E+00  -1.6570E+01
   5.6000E+00  -1.6717E+01
   5.8000E+00  -1.6845E+01
   6.0000E+00  -1.6990E+01
   6.2000E+00  -1.7113E+01
   6.4000E+00  -1.7251E+01
   6.6000E+00  -1.7361E+01
   6.8000E+00  -1.7478E+01
   7.0000E+00  -1.7569E+01
   7.2000E+00  -1.7666E+01
   7.4000E+00  -1.7737E+01
   7.6000E+00  -1.7809E+01
   7.8000E+00  -1.7852E+01
   8.0000E+00  -1.7883E+01
   8.2000E+00  -1.7882E+01
   8.4000E+00  -1.7864E+01
   8.6000E+00  -1.7797E+01
   8.8000E+00  -1.7739E+01
   9.0000E+00  -1.7695E+01
   1.6000E+01   8.1065E-18   1.8100E-02   3.2268E-04
   2.0000E-01  -2.1755E+00
   4.0000E-01  -2.2210E+00
   6.0000E-01  -2.2623E+00
   8.0000E-01  -2.3029E+00
   1.0000E+00  -2.3442E+00
   1.2000E+00  -2.3882E+00
   1.4000E+00  -2.4393E+00
   1.6000E+00  -2.5069E+00
   1.8000E+00  -2.6026E+00
   2.0000E+00  -2.7313E+00
   2.2000E+00  -2.8870E+00
   2.4000E+00  -3.0612E+00
   2.6000E+00  -3.2461E+00
   2.8000E+00  -3.4346E+00
   3.0000E+00  -3.6374E+00
   3.2000E+00  -3.8595E+00
   3.4000E+00  -4.2097E+00
   3.6000E+00  -1.4488E+01
   3.8000E+00  -1.4661E+01
   4.0000E+00  -1.4892E+01
   4.2000E+00  -1.5114E+01
   4.4000E+00  -1.5411E+01
   4.6000E+00  -1.5766E+01
   4.8000E+00  -1.6049E+01
   5.0000E+00  -1.6275E+01
   5.2000E+00  -1.6437E+01
   5.4000E+00  -1.6570E+01
   5.6000E+00  -1.6717E+01
   5.8000E+00  -1.6845E+01
   6.0000E+00  -1.6990E+01
   6.2000E+00  -1.7113E+01
   6.4000E+00  -1.7251E+01
   6.6000E+00  -1.7361E+01
   6.8000E+00  -1.7478E+01
   7.0000E+00  -1.7569E+01
   7.2000E+00  -1.7666E+01
   7.4000E+00  -1.7737E+01
   7.6000E+00  -1.7809E+01
   7.8000E+00  -1.7852E+01
   8.0000E+00  -1.7883E+01
   8.2000E+00  -1.7882E+01
   8.4000E+00  -1.7864E+01
   8.6000E+00  -1.7797E+01
   8.8000E+00  -1.7739E+01
   9.0000E+00  -1.7695E+01
   1.6000E+01   8.1065E-18   6.5500E-02   3.2268E-04
   2.0000E-01  -2.1755E+00
   4.0000E-01  -2.2210E+00
   6.0000E-01  -2.2623E+00
   8.0000E-01  -2.3029E+00
   1.0000E+00  -2.3442E+00
   1.2000E+00  -2.3882E+00
   1.4000E+00  -2.4393E+00
   1.6000E+00  -2.5069E+00
   1.8000E+00  -2.6026E+00
   2.0000E+00  -2.7313E+00
   2.2000E+00  -2.8870E+00
   2.4000E+00  -3.0612E+00
   2.6000E+00  -3.2461E+00
   2.8000E+00  -3.4346E+00
   3.0000E+00  -3.6374E+00
   3.2000E+00  -3.8595E+00
   3.4000E+00  -4.2097E+00
   3.6000E+00  -1.4488E+01
   3.8000E+00  -1.4661E+01
   4.0000E+00  -1.4892E+01
   4.2000E+00  -1.5114E+01
   4.4000E+00  -1.5411E+01
   4.6000E+00  -1.5766E+01
   4.8000E+00  -1.6049E+01
   5.0000E+00  -1.6275E+01
   5.2000E+00  -1.6437E+01
   5.4000E+00  -1.6570E+01
   5.6000E+00  -1.6717E+01
   5.8000E+00  -1.6845E+01
   6.0000E+00  -1.6990E+01
   6.2000E+00  -1.7113E+01
   6.4000E+00  -1.7251E+01
   6.6000E+00  -1.7361E+01
   6.8000E+00  -1.7478E+01
   7.0000E+00  -1.7569E+01
   7.2000E+00  -1.7666E+01
   7.4000E+00  -1.7737E+01
   7.6000E+00  -1.7809E+01
   7.8000E+00  -1.7852E+01
   8.0000E+00  -1.7883E+01
   8.2000E+00  -1.7882E+01
   8.4000E+00  -1.7864E+01
   8.6000E+00  -1.7797E+01
   8.8000E+00  -1.7739E+01
   9.0000E+00  -1.7695E+01
   1.6000E+01   8.1065E-18   1.8100E-02   3.2268E-04
   2.0000E-01  -2.1755E+00
   4.0000E-01  -2.2210E+00
   6.0000E-01  -2.2623E+00
   8.0000E-01  -2.3029E+00
   1.0000E+00  -2.3442E+00
   1.2000E+00  -2.3882E+00
   1.4000E+00  -2.4393E+00
   1.6000E+00  -2.5069E+00
   1.8000E+00  -2.6026E+00
   2.0000E+00  -2.7313E+00
   2.2000E+00  -2.8870E+00
   2.4000E+00  -3.0612E+00
   2.6000E+00  -3.2461E+00
   2.8000E+00  -3.4346E+00
   3.0000E+00  -3.6374E+00
   3.2000E+00  -3.8595E+00
   3.4000E+00  -4.2097E+00
   3.6000E+00  -1.4488E+01
   3.8000E+00  -1.4661E+01
   4.0000E+00  -1.4892E+01
   4.2000E+00  -1.5114E+01
   4.4000E+00  -1.5411E+01
   4.6000E+00  -1.5766E+01
   4.8000E+00  -1.6049E+01
   5.0000E+00  -1.6275E+01
   5.2000E+00  -1.6437E+01
   5.4000E+00  -1.6570E+01
   5.6000E+00  -1.6717E+01
   5.8000E+00  -1.6845E+01
   6.0000E+00  -1.6990E+01
   6.2000E+00  -1.7113E+01
   6.4000E+00  -1.7251E+01
   6.6000E+00  -1.7361E+01
   6.8000E+00  -1.7478E+01
   7.0000E+00  -1.7569E+01
   7.2000E+00  -1.7666E+01
   7.4000E+00  -1.7737E+01
   7.6000E+00  -1.7809E+01
   7.8000E+00  -1.7852E+01
   8.0000E+00  -1.7883E+01
   8.2000E+00  -1.7882E+01
   8.4000E+00  -1.7864E+01
   8.6000E+00  -1.7797E+01
   8.8000E+00  -1.7739E+01
   9.0000E+00  -1.7695E+01
   1.6000E+01   8.1065E-18   6.5500E-02   3.2268E-04
   2.0000E-01  -2.1755E+00
   4.0000E-01  -2.2210E+00
   6.0000E-01  -2.2623E+00
   8.0000E-01  -2.3029E+00
   1.0000E+00  -2.3442E+00
   1.2000E+00  -2.3882E+00
   1.4000E+00  -2.4393E+00
   1.6000E+00  -2.5069E+00
   1.8000E+00  -2.6026E+00
   2.0000E+00  -2.7313E+00
   2.2000E+00  -2.8870E+00
   2.4000E+00  -3.0612E+00
   2.6000E+00  -3.2461E+00
   2.8000E+00  -3.4346E+00
   3.0000E+00  -3.6374E+00
   3.2000E+00  -3.8595E+00
   3.4000E+00  -4.2097E+00
   3.6000E+00  -1.4488E+01
   3.8000E+00  -1.4661E+01
   4.0000E+00  -1.4892E+01
   4.2000E+00  -1.5114E+01
   4.4000E+00  -1.5411E+01
   4.6000E+00  -1.5766E+01
   4.8000E+00  -1.6049E+01
   5.0000E+00  -1.6275E+01
   5.2000E+00  -1.6437E+01
   5.4000E+00  -1.6570E+01
   5.6000E+00  -1.6717E+01
   5.8000E+00  -1.6845E+01
   6.0000E+00  -1.6990E+01
   6.2000E+00  -1.7113E+01
   6.4000E+00  -1.7251E+01
   6.6000E+00  -1.7361E+01
   6.8000E+00  -1.7478E+01
   7.0000E+00  -1.7569E+01
   7.2000E+00  -1.7666E+01
   7.4000E+00  -1.7737E+01
   7.6000E+00  -1.7809E+01
   7.8000E+00  -1.7852E+01
   8.0000E+00  -1.7883E+01
   8.2000E+00  -1.7882E+01
   8.4000E+00  -1.7864E+01
   8.6000E+00  -1.7797E+01
   8.8000E+00  -1.7739E+01
   9.0000E+00  -1.7695E+01
   1.6000E+01   8.1065E-18   1.8100E-02   3.2268E-04
   2.0000E-01  -2.1755E+00
   4.0000E-01  -2.2210E+00
   6.0000E-01  -2.2623E+00
   8.0000E-01  -2.3029E+00
   1.0000E+00  -2.3442E+00
   1.2000E+00  -2.3882E+00
   1.4000E+00  -2.4393E+00
   1.6000E+00  -2.5069E+00
   1.8000E+00  -2.6026E+00
   2.0000E+00  -2.7313E+00
   2.2000E+00  -2.8870E+00
   2.4000E+00  -3.0612E+00
   2.6000E+00  -3.2461E+00
   2.8000E+00  -3.4346E+00
   3.0000E+00  -3.6374E+00
   3.2000E+00  -3.8595E+00
   3.4000E+00  -4.2097E+00
   3.6000E+00  -1.4488E+01
   3.8000E+00  -1.4661E+01
   4.0000E+00  -1.4892E+01
   4.2000E+00  -1.5114E+01
   4.4000E+00  -1.5411E+01
   4.6000E+00  -1.5766E+01
   4.8000E+00  -1.6049E+01
   5.0000E+00  -1.6275E+01
   5.2000E+00  -1.6437E+01
   5.4000E+00  -1.6570E+01
   5.6000E+00  -1.6717E+01
   5.8000E+00  -1.6845E+01
   6.0000E+00  -1.6990E+01
   6.2000E+00  -1.7113E+01
   6.4000E+00  -1.7251E+01
   6.6000E+00  -1.7361E+01
   6.8000E+00  -1.7478E+01
   7.0000E+00  -1.7569E+01
   7.2000E+00  -1.7666E+01
   7.4000E+00  -1.7737E+01
   7.6000E+00  -1.7809E+01
   7.8000E+00  -1.7852E+01
   8.0000E+00  -1.7883E+01
   8.2000E+00  -1.7882E+01
   8.4000E+00  -1.7864E+01
   8.6000E+00  -1.7797E+01
   8.8000E+00  -1.7739E+01
   9.0000E+00  -1.7695E+01
   1.6000E+01   8.1065E-18   6.5500E-02   3.2268E-04
   2.0000E-01  -2.1755E+00
   4.0000E-01  -2.2210E+00
   6.0000E-01  -2.2623E+00
   8.0000E-01  -2.3029E+00
   1.0000E+00  -2.3442E+00
   1.2000E+00  -2.3882E+00
   1.4000E+00  -2.4393E+00
   1.6000E+00  -2.5069E+00
   1.8000E+00  -2.6026E+00
   2.0000E+00  -2.7313E+00
   2.2000E+00  -2.8870E+00
   2.4000E+00  -3.0612E+00
   2.6000E+00  -3.2461E+00
   2.8000E+00  -3.4346E+00
   3.0000E+00  -3.6374E+00
   3.2000E+00  -3.8595E+00
   3.4000E+00  -4.2097E+00
   3.6000E+00  -1.4488E+01
   3.8000E+00  -1.4661E+01
   4.0000E+00  -1.4892E+01
   4.2000E+00  -1.5114E+01
   4.4000E+00  -1.5411E+01
   4.6000E+00  -1.5766E+01
   4.8000E+00  -1.6049E+01
   5.0000E+00  -1.6275E+01
   5.2000E+00  -1.6437E+01
   5.4000E+00  -1.6570E+01
   5.6000E+00  -1.6717E+01
   5.8000E+00  -1.6845E+01
   6.0000E+00  -1.6990E+01
   6.2000E+00  -1.7113E+01
   6.4000E+00  -1.7251E+01
   6.6000E+00  -1.7361E+01
   6.8000E+00  -1.7478E+01
   7.0000E+00  -1.7569E+01
   7.2000E+00  -1.7666E+01
   7.4000E+00  -1.7737E+01
   7.6000E+00  -1.7809E+01
   7.8000E+00  -1.7852E+01
   8.0000E+00  -1.7883E+01
   8.2000E+00  -1.7882E+01
   8.4000E+00  -1.7864E+01
   8.6000E+00  -1.7797E+01
   8.8000E+00  -1.7739E+01
   9.0000E+00  -1.7695E+01
   1.6000E+01   8.1065E-18   1.8100E-02   3.2268E-04
   2.0000E-01  -2.1755E+00
   4.0000E-01  -2.2210E+00
   6.0000E-01  -2.2623E+00
   8.0000E-01  -2.3029E+00
   1.0000E+00  -2.3442E+00
   1.2000E+00  -2.3882E+00
   1.4000E+00  -2.4393E+00
   1.6000E+00  -2.5069E+00
   1.8000E+00  -2.6026E+00
   2.0000E+00  -2.7313E+00
   2.2000E+00  -2.8870E+00
   2.4000E+00  -3.0612E+00
   2.6000E+00  -3.2461E+00
   2.8000E+00  -3.4346E+00
   3.0000E+00  -3.6374E+00
   3.2000E+00  -3.8595E+00
   3.4000E+00  -4.2097E+00
   3.6000E+00  -1.4488E+01
   3.8000E+00  -1.4661E+01
   4.0000E+00  -1.4892E+01
   4.2000E+00  -1.5114E+01
   4.4000E+00  -1.5411E+01
   4.6000E+00  -1.5766E+01
   4.8000E+00  -1.6049E+01
   5.0000E+00  -1.6275E+01
   5.2000E+00  -1.6437E+01
   5.4000E+00  -1.6570E+01
   5.6000E+00  -1.6717E+01
   5.8000E+00  -1.6845E+01
   6.0000E+00  -1.6990E+01
   6.2000E+00  -1.7113E+01
   6.4000E+00  -1.7251E+01
   6.6000E+00  -1.7361E+01
   6.8000E+00  -1.7478E+01
   7.0000E+00  -1.7569E+01
   7.2000E+00  -1.7666E+01
   7.4000E+00  -1.7737E+01
   7.6000E+00  -1.7809E+01
   7.8000E+00  -1.7852E+01
   8.0000E+00  -1.7883E+01
   8.2000E+00  -1.7882E+01
   8.4000E+00  -1.7864E+01
   8.6000E+00  -1.7797E+01
   8.8000E+00  -1.7739E+01
   9.0000E+00  -1.7695E+01
   1.7000E+01   8.1065E-18   1.9245E-02   1.2587E-04
   2.0000E-01  -2.1617E+00
   4.0000E-01  -2.2006E+00
   6.0000E-01  -2.2379E+00
   8.0000E-01  -2.2753E+00
   1.0000E+00  -2.3142E+00
   1.2000E+00  -2.3574E+00
   1.4000E+00  -2.4114E+00
   1.6000E+00  -2.4862E+00
   1.8000E+00  -2.5889E+00
   2.0000E+00  -2.7201E+00
   2.2000E+00  -2.8750E+00
   2.4000E+00  -3.0480E+00
   2.6000E+00  -3.2315E+00
   2.8000E+00  -3.4181E+00
   3.0000E+00  -3.6187E+00
   3.2000E+00  -3.8375E+00
   3.4000E+00  -4.1849E+00
   3.6000E+00  -1.4561E+01
   3.8000E+00  -1.4690E+01
   4.0000E+00  -1.4895E+01
   4.2000E+00  -1.5112E+01
   4.4000E+00  -1.5395E+01
   4.6000E+00  -1.5745E+01
   4.8000E+00  -1.6022E+01
   5.0000E+00  -1.6242E+01
   5.2000E+00  -1.6382E+01
   5.4000E+00  -1.6503E+01
   5.6000E+00  -1.6643E+01
   5.8000E+00  -1.6768E+01
   6.0000E+00  -1.6905E+01
   6.2000E+00  -1.7022E+01
   6.4000E+00  -1.7152E+01
   6.6000E+00  -1.7260E+01
   6.8000E+00  -1.7380E+01
   7.0000E+00  -1.7476E+01
   7.2000E+00  -1.7579E+01
   7.4000E+00  -1.7656E+01
   7.6000E+00  -1.7732E+01
   7.8000E+00  -1.7779E+01
   8.0000E+00  -1.7817E+01
   8.2000E+00  -1.7829E+01
   8.4000E+00  -1.7832E+01
   8.6000E+00  -1.7797E+01
   8.8000E+00  -1.7765E+01
   9.0000E+00  -1.7738E+01
   1.7000E+01   8.1065E-18   6.9639E-02   1.2587E-04
   2.0000E-01  -2.1617E+00
   4.0000E-01  -2.2006E+00
   6.0000E-01  -2.2379E+00
   8.0000E-01  -2.2753E+00
   1.0000E+00  -2.3142E+00
   1.2000E+00  -2.3574E+00
   1.4000E+00  -2.4114E+00
   1.6000E+00  -2.4862E+00
   1.8000E+00  -2.5889E+00
   2.0000E+00  -2.7201E+00
   2.2000E+00  -2.8750E+00
   2.4000E+00  -3.0480E+00
   2.6000E+00  -3.2315E+00
   2.8000E+00  -3.4181E+00
   3.0000E+00  -3.6187E+00
   3.2000E+00  -3.8375E+00
   3.4000E+00  -4.1849E+00
   3.6000E+00  -1.4561E+01
   3.8000E+00  -1.4690E+01
   4.0000E+00  -1.4895E+01
   4.2000E+00  -1.5112E+01
   4.4000E+00  -1.5395E+01
   4.6000E+00  -1.5745E+01
   4.8000E+00  -1.6022E+01
   5.0000E+00  -1.6242E+01
   5.2000E+00  -1.6382E+01
   5.4000E+00  -1.6503E+01
   5.6000E+00  -1.6643E+01
   5.8000E+00  -1.6768E+01
   6.0000E+00  -1.6905E+01
   6.2000E+00  -1.7022E+01
   6.4000E+00  -1.7152E+01
   6.6000E+00  -1.7260E+01
   6.8000E+00  -1.7380E+01
   7.0000E+00  -1.7476E+01
   7.2000E+00  -1.7579E+01
   7.4000E+00  -1.7656E+01
   7.6000E+00  -1.7732E+01
   7.8000E+00  -1.7779E+01
   8.0000E+00  -1.7817E+01
   8.2000E+00  -1.7829E+01
   8.4000E+00  -1.7832E+01
   8.6000E+00  -1.7797E+01
   8.8000E+00  -1.7765E+01
   9.0000E+00  -1.7738E+01
   1.7000E+01   8.1065E-18   1.9245E-02   1.2587E-04
   2.0000E-01  -2.1617E+00
   4.0000E-01  -2.2006E+00
   6.0000E-01  -2.2379E+00
   8.0000E-01  -2.2753E+00
   1.0000E+00  -2.3142E+00
   1.2000E+00  -2.3574E+00
   1.4000E+00  -2.4114E+00
   1.6000E+00  -2.4862E+00
   1.8000E+00  -2.5889E+00
   2.0000E+00  -2.7201E+00
   2.2000E+00  -2.8750E+00
   2.4000E+00  -3.0480E+00
   2.6000E+00  -3.2315E+00
   2.8000E+00  -3.4181E+00
   3.0000E+00  -3.6187E+00
   3.2000E+00  -3.8375E+00
   3.4000E+00  -4.1849E+00
   3.6000E+00  -1.4561E+01
   3.8000E+00  -1.4690E+01
   4.0000E+00  -1.4895E+01
   4.2000E+00  -1.5112E+01
   4.4000E+00  -1.5395E+01
   4.6000E+00  -1.5745E+01
   4.8000E+00  -1.6022E+01
   5.0000E+00  -1.6242E+01
   5.2000E+00  -1.6382E+01
   5.4000E+00  -1.6503E+01
   5.6000E+00  -1.6643E+01
   5.8000E+00  -1.6768E+01
   6.0000E+00  -1.6905E+01
   6.2000E+00  -1.7022E+01
   6.4000E+00  -1.7152E+01
   6.6000E+00  -1.7260E+01
   6.8000E+00  -1.7380E+01
   7.0000E+00  -1.7476E+01
   7.2000E+00  -1.7579E+01
   7.4000E+00  -1.7656E+01
   7.6000E+00  -1.7732E+01
   7.8000E+00  -1.7779E+01
   8.0000E+00  -1.7817E+01
   8.2000E+00  -1.7829E+01
   8.4000E+00  -1.7832E+01
   8.6000E+00  -1.7797E+01
   8.8000E+00  -1.7765E+01
   9.0000E+00  -1.7738E+01
   1.7000E+01   8.1065E-18   6.9639E-02   1.2587E-04
   2.0000E-01  -2.1617E+00
   4.0000E-01  -2.2006E+00
   6.0000E-01  -2.2379E+00
   8.0000E-01  -2.2753E+00
   1.0000E+00  -2.3142E+00
   1.2000E+00  -2.3574E+00
   1.4000E+00  -2.4114E+00
   1.6000E+00  -2.4862E+00
   1.8000E+00  -2.5889E+00
   2.0000E+00  -2.7201E+00
   2.2000E+00  -2.8750E+00
   2.4000E+00  -3.0480E+00
   2.6000E+00  -3.2315E+00
   2.8000E+00  -3.4181E+00
   3.0000E+00  -3.6187E+00
   3.2000E+00  -3.8375E+00
   3.4000E+00  -4.1849E+00
   3.6000E+00  -1.4561E+01
   3.8000E+00  -1.4690E+01
   4.0000E+00  -1.4895E+01
   4.2000E+00  -1.5112E+01
   4.4000E+00  -1.5395E+01
   4.6000E+00  -1.5745E+01
   4.8000E+00  -1.6022E+01
   5.0000E+00  -1.6242E+01
   5.2000E+00  -1.6382E+01
   5.4000E+00  -1.6503E+01
   5.6000E+00  -1.6643E+01
   5.8000E+00  -1.6768E+01
   6.0000E+00  -1.6905E+01
   6.2000E+00  -1.7022E+01
   6.4000E+00  -1.7152E+01
   6.6000E+00  -1.7260E+01
   6.8000E+00  -1.7380E+01
   7.0000E+00  -1.7476E+01
   7.2000E+00  -1.7579E+01
   7.4000E+00  -1.7656E+01
   7.6000E+00  -1.7732E+01
   7.8000E+00  -1.7779E+01
   8.0000E+00  -1.7817E+01
   8.2000E+00  -1.7829E+01
   8.4000E+00  -1.7832E+01
   8.6000E+00  -1.7797E+01
   8.8000E+00  -1.7765E+01
   9.0000E+00  -1.7738E+01
   1.7000E+01   8.1065E-18   1.9245E-02   1.2587E-04
   2.0000E-01  -2.1617E+00
   4.0000E-01  -2.2006E+00
   6.0000E-01  -2.2379E+00
   8.0000E-01  -2.2753E+00
   1.0000E+00  -2.3142E+00
   1.2000E+00  -2.3574E+00
   1.4000E+00  -2.4114E+00
   1.6000E+00  -2.4862E+00
   1.8000E+00  -2.5889E+00
   2.0000E+00  -2.7201E+00
   2.2000E+00  -2.8750E+00
   2.4000E+00  -3.0480E+00
   2.6000E+00  -3.2315E+00
   2.8000E+00  -3.4181E+00
   3.0000E+00  -3.6187E+00
   3.2000E+00  -3.8375E+00
   3.4000E+00  -4.1849E+00
   3.6000E+00  -1.4561E+01
   3.8000E+00  -1.4690E+01
   4.0000E+00  -1.4895E+01
   4.2000E+00  -1.5112E+01
   4.4000E+00  -1.5395E+01
   4.6000E+00  -1.5745E+01
   4.8000E+00  -1.6022E+01
   5.0000E+00  -1.6242E+01
   5.2000E+00  -1.6382E+01
   5.4000E+00  -1.6503E+01
   5.6000E+00  -1.6643E+01
   5.8000E+00  -1.6768E+01
   6.0000E+00  -1.6905E+01
   6.2000E+00  -1.7022E+01
   6.4000E+00  -1.7152E+01
   6.6000E+00  -1.7260E+01
   6.8000E+00  -1.7380E+01
   7.0000E+00  -1.7476E+01
   7.2000E+00  -1.7579E+01
   7.4000E+00  -1.7656E+01
   7.6000E+00  -1.7732E+01
   7.8000E+00  -1.7779E+01
   8.0000E+00  -1.7817E+01
   8.2000E+00  -1.7829E+01
   8.4000E+00  -1.7832E+01
   8.6000E+00  -1.7797E+01
   8.8000E+00  -1.7765E+01
   9.0000E+00  -1.7738E+01
