   0.0000E+00   1.4150E+00
   0.0000E+00   1.0108E+00
   1.0000E+00   1.0041E+00
   2.0000E+00   8.3505E-01
   3.0000E+00   9.5328E-01
   4.0000E+00   1.1808E+00
   5.0000E+00   1.3543E+00
   6.0000E+00   1.4490E+00
   7.0000E+00   1.4653E+00
   8.0000E+00   1.4222E+00
   9.0000E+00   1.3400E+00
   1.0000E+01   1.2307E+00
   1.1000E+01   1.1376E+00
   1.2000E+01   1.0586E+00
   1.3000E+01   1.0011E+00
   1.4000E+01   9.5213E-01
   1.5000E+01   9.0492E-01
   1.6000E+01   8.6571E-01
   1.7000E+01   8.4189E-01
   1.8000E+01   8.4792E-01
   1.9000E+01   8.8140E-01
   2.0000E+01   9.2245E-01
   2.1000E+01   9.5317E-01
   2.2000E+01   9.5767E-01
   2.3000E+01   9.3131E-01
   2.4000E+01   8.8179E-01
   2.5000E+01   8.1552E-01
   2.6000E+01   7.5718E-01
   2.7000E+01   7.1567E-01
   2.8000E+01   6.9386E-01
   2.9000E+01   6.9350E-01
   3.0000E+01   7.0582E-01
   3.1000E+01   7.2793E-01
   3.2000E+01   7.4446E-01
   3.3000E+01   7.6543E-01
   3.4000E+01   7.7521E-01
   3.5000E+01   7.8029E-01
   3.6000E+01   7.8841E-01
   3.7000E+01   8.0588E-01
   3.8000E+01   8.3351E-01
   3.9000E+01   8.6911E-01
   4.0000E+01   8.9132E-01
   4.1000E+01   8.9784E-01
   4.2000E+01   8.7772E-01
   4.3000E+01   8.3929E-01
   4.4000E+01   8.0473E-01
   4.5000E+01   8.0657E-01
   4.6000E+01   8.6426E-01
   4.7000E+01   9.5346E-01
   4.8000E+01   1.0530E+00
   4.9000E+01   1.1500E+00
   5.0000E+01   1.2367E+00
   5.1000E+01   1.3054E+00
   5.2000E+01   1.3577E+00
   5.3000E+01   1.3902E+00
   5.4000E+01   1.4054E+00
   5.5000E+01   1.4041E+00
   5.6000E+01   1.3876E+00
   5.7000E+01   1.3621E+00
   5.8000E+01   1.3214E+00
   5.9000E+01   1.2798E+00
   6.0000E+01   1.2235E+00
   6.1000E+01   1.1801E+00
   6.2000E+01   1.1464E+00
   6.3000E+01   1.1295E+00
   6.4000E+01   1.1299E+00
   6.5000E+01   1.1501E+00
   6.6000E+01   1.1837E+00
   6.7000E+01   1.2150E+00
   6.8000E+01   1.2403E+00
   6.9000E+01   1.2444E+00
   7.0000E+01   1.2217E+00
   7.1000E+01   1.1794E+00
   7.2000E+01   1.0936E+00
   7.3000E+01   9.3543E-01
   7.4000E+01   6.7044E-01
   7.5000E+01   3.9231E-01
   7.6000E+01   5.7360E-01
   7.7000E+01   1.0107E+00
   7.8000E+01   1.3398E+00
   7.9000E+01   1.5716E+00
   8.0000E+01   1.7260E+00
   8.1000E+01   1.8411E+00
   8.2000E+01   1.9177E+00
   8.3000E+01   1.9641E+00
   8.4000E+01   1.9781E+00
   8.5000E+01   1.9550E+00
   8.6000E+01   1.8957E+00
   8.7000E+01   1.8046E+00
   8.8000E+01   1.6748E+00
   8.9000E+01   1.5088E+00
   9.0000E+01   1.2970E+00
   9.1000E+01   1.0661E+00
   9.2000E+01   9.4741E-01
   9.3000E+01   1.0740E+00
   9.4000E+01   1.2605E+00
   9.5000E+01   1.3944E+00
   9.6000E+01   1.4474E+00
   9.7000E+01   1.4176E+00
   9.8000E+01   1.3179E+00
   9.9000E+01   1.1752E+00
   1.0000E+02   1.0316E+00
   1.0100E+02   9.9855E-01
   1.0200E+02   1.0494E+00
   1.0300E+02   1.1102E+00
   1.0400E+02   1.1269E+00
   1.0500E+02   1.0996E+00
   1.0600E+02   1.1189E+00
   1.0700E+02   1.2597E+00
   1.0800E+02   1.4882E+00
   1.0900E+02   1.6990E+00
   1.1000E+02   1.8487E+00
   1.1100E+02   1.9384E+00
   1.1200E+02   1.9635E+00
   1.1300E+02   1.9328E+00
   1.1400E+02   1.8639E+00
   1.1500E+02   1.7801E+00
   1.1600E+02   1.7183E+00
   1.1700E+02   1.6966E+00
   1.1800E+02   1.6912E+00
   1.1900E+02   1.6696E+00
   1.2000E+02   1.5923E+00
   1.2100E+02   1.4555E+00
   1.2200E+02   1.3161E+00
   1.2300E+02   1.3318E+00
   1.2400E+02   1.5516E+00
   1.2500E+02   1.7725E+00
   1.2600E+02   1.9155E+00
   1.2700E+02   1.9815E+00
   1.2800E+02   1.9604E+00
   1.2900E+02   1.8657E+00
   1.3000E+02   1.7109E+00
   1.3100E+02   1.5348E+00
   1.3200E+02   1.4630E+00
   1.3300E+02   1.5210E+00
   1.3400E+02   1.6048E+00
   1.3500E+02   1.6426E+00
   1.3600E+02   1.6025E+00
   1.3700E+02   1.4899E+00
   1.3800E+02   1.3234E+00
   1.3900E+02   1.1596E+00
   1.4000E+02   1.1551E+00
   1.4100E+02   1.2851E+00
   1.4200E+02   1.4456E+00
   1.4300E+02   1.5826E+00
   1.4400E+02   1.6961E+00
   1.4500E+02   1.7905E+00
   1.4600E+02   1.8810E+00
   1.4700E+02   1.9615E+00
   1.4800E+02   2.0356E+00
   1.4900E+02   2.0858E+00
   1.5000E+02   2.1107E+00
   1.5100E+02   2.0970E+00
   1.5200E+02   2.0446E+00
   1.5300E+02   1.9716E+00
   1.5400E+02   1.9034E+00
   1.5500E+02   1.8853E+00
   1.5600E+02   1.9297E+00
   1.5700E+02   1.9962E+00
   1.5800E+02   2.0531E+00
   1.5900E+02   2.0826E+00
   1.6000E+02   2.0852E+00
   1.6100E+02   2.0704E+00
   1.6200E+02   2.0429E+00
   1.6300E+02   2.0129E+00
   1.6400E+02   1.9729E+00
   1.6500E+02   1.9258E+00
   1.6600E+02   1.8565E+00
   1.6700E+02   1.7523E+00
   1.6800E+02   1.6200E+00
   1.6900E+02   1.5476E+00
   1.7000E+02   1.6152E+00
   1.7100E+02   1.8118E+00
   1.7200E+02   1.9889E+00
   1.7300E+02   2.1055E+00
   1.7400E+02   2.1547E+00
   1.7500E+02   2.1300E+00
   1.7600E+02   2.0380E+00
   1.7700E+02   1.8871E+00
   1.7800E+02   1.6953E+00
   1.7900E+02   1.5149E+00
   1.8000E+02   1.4009E+00
   1.8100E+02   1.3572E+00
   1.8100E+02   1.4150E+00
   1.8100E+02   1.3575E+00
   1.8200E+02   1.3206E+00
   1.8300E+02   1.2514E+00
   1.8400E+02   1.1455E+00
   1.8500E+02   1.0279E+00
   1.8600E+02   9.7927E-01
   1.8700E+02   1.0616E+00
   1.8800E+02   1.2113E+00
   1.8900E+02   1.3342E+00
   1.9000E+02   1.4568E+00
   1.9100E+02   1.5564E+00
   1.9200E+02   1.6270E+00
   1.9300E+02   1.6714E+00
   1.9400E+02   1.6889E+00
   1.9500E+02   1.6877E+00
   1.9600E+02   1.6740E+00
   1.9700E+02   1.6626E+00
   1.9800E+02   1.6619E+00
   1.9900E+02   1.6827E+00
   2.0000E+02   1.7049E+00
   2.0100E+02   1.7913E+00
   2.0200E+02   1.8218E+00
   2.0300E+02   1.8969E+00
   2.0400E+02   1.9311E+00
   2.0500E+02   1.9334E+00
   2.0600E+02   1.8506E+00
   2.0700E+02   1.7809E+00
   2.0800E+02   1.6056E+00
   2.0900E+02   1.3527E+00
   2.1000E+02   1.0602E+00
   2.1100E+02   8.5928E-01
   2.1200E+02   8.3059E-01
   2.1300E+02   8.8046E-01
   2.1400E+02   9.0128E-01
   2.1500E+02   9.2260E-01
   2.1600E+02   1.0147E+00
   2.1700E+02   1.1391E+00
   2.1800E+02   1.3502E+00
   2.1900E+02   1.4662E+00
   2.2000E+02   1.5822E+00
   2.2100E+02   1.6292E+00
   2.2200E+02   1.6356E+00
   2.2300E+02   1.6082E+00
   2.2400E+02   1.5764E+00
   2.2500E+02   1.5552E+00
   2.2600E+02   1.5517E+00
   2.2700E+02   1.5606E+00
   2.2800E+02   1.5648E+00
   2.2900E+02   1.5644E+00
   2.3000E+02   1.5485E+00
   2.3100E+02   1.5221E+00
   2.3200E+02   1.5022E+00
   2.3300E+02   1.4670E+00
   2.3400E+02   1.4522E+00
   2.3500E+02   1.4407E+00
   2.3600E+02   1.4570E+00
   2.3700E+02   1.5174E+00
   2.3800E+02   1.5722E+00
   2.3900E+02   1.6381E+00
   2.4000E+02   1.6592E+00
   2.4100E+02   1.6443E+00
   2.4200E+02   1.5977E+00
   2.4300E+02   1.5440E+00
   2.4400E+02   1.5336E+00
   2.4500E+02   1.6320E+00
   2.4600E+02   1.7150E+00
   2.4700E+02   1.7976E+00
   2.4800E+02   1.8235E+00
   2.4900E+02   1.7886E+00
   2.5000E+02   1.6924E+00
   2.5100E+02   1.5403E+00
   2.5200E+02   1.4201E+00
   2.5300E+02   1.4065E+00
   2.5400E+02   1.4833E+00
   2.5500E+02   1.5776E+00
   2.5600E+02   1.6034E+00
   2.5700E+02   1.5593E+00
   2.5800E+02   1.4464E+00
   2.5900E+02   1.3371E+00
   2.6000E+02   1.3033E+00
   2.6100E+02   1.4275E+00
   2.6200E+02   1.6021E+00
   2.6300E+02   1.7056E+00
   2.6400E+02   1.7534E+00
   2.6500E+02   1.7413E+00
   2.6600E+02   1.6622E+00
   2.6700E+02   1.5691E+00
   2.6800E+02   1.4394E+00
   2.6800E+02   1.4150E+00
   2.6800E+02   1.4700E+00
   2.6900E+02   1.3505E+00
   2.7000E+02   1.2508E+00
   2.7100E+02   1.1807E+00
   2.7200E+02   1.1211E+00
   2.7300E+02   1.0728E+00
   2.7400E+02   1.0803E+00
   2.7500E+02   1.1838E+00
   2.7600E+02   1.3311E+00
   2.7700E+02   1.4333E+00
   2.7800E+02   1.5368E+00
   2.7900E+02   1.5861E+00
   2.8000E+02   1.5613E+00
   2.8100E+02   1.4641E+00
   2.8200E+02   1.3123E+00
   2.8300E+02   1.1120E+00
   2.8400E+02   9.4469E-01
   2.8500E+02   9.5254E-01
   2.8600E+02   1.0564E+00
   2.8700E+02   1.1522E+00
   2.8800E+02   1.2016E+00
   2.8900E+02   1.2044E+00
   2.9000E+02   1.1963E+00
   2.9100E+02   1.1953E+00
   2.9200E+02   1.2147E+00
   2.9300E+02   1.2645E+00
   2.9400E+02   1.3366E+00
   2.9500E+02   1.4225E+00
   2.9600E+02   1.5281E+00
   2.9700E+02   1.5933E+00
   2.9800E+02   1.6123E+00
   2.9900E+02   1.5780E+00
   3.0000E+02   1.4611E+00
   3.0100E+02   1.2519E+00
   3.0200E+02   1.0358E+00
   3.0300E+02   1.1126E+00
   3.0400E+02   1.4235E+00
   3.0500E+02   1.6757E+00
   3.0600E+02   1.8171E+00
   3.0700E+02   1.8798E+00
   3.0800E+02   1.8520E+00
   3.0900E+02   1.7771E+00
   3.1000E+02   1.6271E+00
   3.1100E+02   1.4702E+00
   3.1200E+02   1.2952E+00
   3.1300E+02   1.1493E+00
   3.1400E+02   1.0970E+00
   3.1500E+02   1.1570E+00
   3.1600E+02   1.2499E+00
   3.1700E+02   1.3285E+00
   3.1800E+02   1.3711E+00
   3.1900E+02   1.3622E+00
   3.2000E+02   1.3067E+00
   3.2100E+02   1.2341E+00
   3.2200E+02   1.2107E+00
   3.2300E+02   1.3101E+00
   3.2400E+02   1.4129E+00
   3.2500E+02   1.4886E+00
   3.2600E+02   1.5181E+00
   3.2700E+02   1.4575E+00
   3.2800E+02   1.3721E+00
   3.2900E+02   1.3288E+00
   3.3000E+02   1.4733E+00
   3.3100E+02   1.7315E+00
   3.3200E+02   1.9535E+00
   3.3300E+02   2.0917E+00
   3.3400E+02   2.1390E+00
   3.3500E+02   2.1006E+00
   3.3600E+02   1.9975E+00
   3.3700E+02   1.8393E+00
   3.3800E+02   1.6561E+00
   3.3900E+02   1.6244E+00
   3.4000E+02   1.7252E+00
   3.4100E+02   1.8185E+00
   3.4200E+02   1.8641E+00
   3.4300E+02   1.8223E+00
   3.4400E+02   1.7110E+00
   3.4500E+02   1.5371E+00
   3.4600E+02   1.4246E+00
   3.4700E+02   1.4998E+00
   3.4800E+02   1.6293E+00
   3.4900E+02   1.7765E+00
   3.5000E+02   1.8925E+00
   3.5100E+02   1.9776E+00
   3.5200E+02   2.0106E+00
   3.5300E+02   1.9875E+00
   3.5400E+02   1.8920E+00
   3.5500E+02   1.7658E+00
   3.5600E+02   1.5832E+00
   3.5700E+02   1.6605E+00
   3.5800E+02   1.9721E+00
   3.5900E+02   2.2616E+00
   3.6000E+02   2.4486E+00
   3.6100E+02   2.5449E+00
   3.6200E+02   2.5460E+00
   3.6300E+02   2.4919E+00
   3.6400E+02   2.3643E+00
   3.6500E+02   2.1708E+00
   3.6600E+02   1.9250E+00
   3.6700E+02   1.7738E+00
   3.6800E+02   1.6952E+00
   3.6900E+02   1.6744E+00
   3.7000E+02   1.6296E+00
   3.7100E+02   1.5086E+00
   3.7200E+02   1.3681E+00
   3.7300E+02   1.2050E+00
   3.7400E+02   1.2012E+00
   3.7500E+02   1.3339E+00
   3.7600E+02   1.4590E+00
   3.7700E+02   1.5692E+00
   3.7800E+02   1.6426E+00
   3.7900E+02   1.6609E+00
   3.8000E+02   1.6395E+00
   3.8100E+02   1.5648E+00
   3.8200E+02   1.5039E+00
   3.8300E+02   1.3584E+00
   3.8400E+02   1.2281E+00
   3.8500E+02   1.2686E+00
   3.8600E+02   1.4456E+00
   3.8700E+02   1.6288E+00
   3.8800E+02   1.7402E+00
   3.8900E+02   1.7714E+00
   3.9000E+02   1.7279E+00
   3.9100E+02   1.5970E+00
   3.9200E+02   1.4373E+00
   3.9300E+02   1.2316E+00
   3.9400E+02   1.1002E+00
   3.9500E+02   1.0990E+00
   3.9600E+02   1.1688E+00
   3.9700E+02   1.2050E+00
   3.9800E+02   1.2133E+00
   3.9900E+02   1.2147E+00
   4.0000E+02   1.2308E+00
   4.0100E+02   1.2877E+00
   4.0200E+02   1.3545E+00
   4.0300E+02   1.4267E+00
   4.0400E+02   1.4934E+00
   4.0500E+02   1.5486E+00
   4.0600E+02   1.5823E+00
   4.0700E+02   1.6134E+00
   4.0800E+02   1.6303E+00
   4.0900E+02   1.6424E+00
   4.1000E+02   1.6447E+00
   4.1100E+02   1.6250E+00
   4.1200E+02   1.5892E+00
   4.1300E+02   1.5454E+00
   4.1400E+02   1.4736E+00
   4.1500E+02   1.4185E+00
   4.1600E+02   1.4359E+00
   4.1700E+02   1.5461E+00
   4.1800E+02   1.6345E+00
   4.1900E+02   1.6331E+00
   4.2000E+02   1.4816E+00
   4.2100E+02   2.0552E-01
   4.2200E+02  -2.6059E-01
   4.2200E+02   1.4150E+00
   4.2200E+02  -2.6059E-01
   4.2300E+02  -2.6059E-01
   4.2300E+02   1.4150E+00
   4.2300E+02  -2.6059E-01
   4.2300E+02   1.4150E+00
   4.2300E+02   1.4150E+00
   4.2300E+02   1.4150E+00
   4.2300E+02  -2.6059E-01
   4.2400E+02   1.7649E+00
   4.2500E+02   2.3351E+00
   4.2600E+02   2.6087E+00
   4.2600E+02   1.4150E+00
   4.2600E+02   2.6043E+00
   4.2700E+02   2.7451E+00
   4.2800E+02   2.7704E+00
   4.2900E+02   2.6757E+00
   4.3000E+02   2.5294E+00
   4.3100E+02   2.1931E+00
   4.3200E+02   7.6591E-01
   4.3300E+02  -2.6059E-01
   4.3400E+02  -2.6059E-01
   4.3400E+02   1.4150E+00
   4.3400E+02  -2.6059E-01
   4.3400E+02   1.4150E+00
   4.3400E+02   1.4150E+00
   4.3400E+02   1.4150E+00
   4.3400E+02  -2.6059E-01
   4.3400E+02   1.4150E+00
   4.3400E+02  -2.6059E-01
   4.3400E+02   1.4150E+00
   4.3400E+02  -2.6059E-01
   4.3500E+02   2.3862E-01
   4.3500E+02   1.4150E+00
   4.3500E+02   2.3862E-01
   4.3500E+02   1.4150E+00
   4.3500E+02   2.3862E-01
