   0.0000E+00   1.4150E+00
   0.0000E+00   1.0197E+00
   1.0000E+00   1.0201E+00
   2.0000E+00   1.0324E+00
   3.0000E+00   1.0506E+00
   4.0000E+00   1.0732E+00
   5.0000E+00   1.0873E+00
   6.0000E+00   1.0871E+00
   7.0000E+00   1.0668E+00
   8.0000E+00   1.0253E+00
   9.0000E+00   9.6021E-01
   1.0000E+01   8.6331E-01
   1.1000E+01   7.2467E-01
   1.2000E+01   5.8966E-01
   1.3000E+01   5.9214E-01
   1.4000E+01   7.9724E-01
   1.5000E+01   1.0564E+00
   1.6000E+01   1.2475E+00
   1.7000E+01   1.3602E+00
   1.8000E+01   1.3964E+00
   1.9000E+01   1.3481E+00
   2.0000E+01   1.2211E+00
   2.1000E+01   1.0168E+00
   2.2000E+01   7.7910E-01
   2.3000E+01   6.9521E-01
   2.4000E+01   7.8687E-01
   2.5000E+01   9.0568E-01
   2.6000E+01   9.5954E-01
   2.7000E+01   9.3911E-01
   2.8000E+01   8.8550E-01
   2.9000E+01   8.5941E-01
   3.0000E+01   9.3299E-01
   3.1000E+01   1.0669E+00
   3.2000E+01   1.1836E+00
   3.3000E+01   1.2481E+00
   3.4000E+01   1.2398E+00
   3.5000E+01   1.1583E+00
   3.6000E+01   1.0621E+00
   3.7000E+01   1.0509E+00
   3.8000E+01   1.2073E+00
   3.9000E+01   1.3910E+00
   4.0000E+01   1.5097E+00
   4.1000E+01   1.5245E+00
   4.2000E+01   1.3738E+00
   4.3000E+01   8.7010E-01
   4.3000E+01   1.4150E+00
   4.3000E+01   8.7397E-01
   4.4000E+01  -2.6059E-01
   4.5000E+01   3.6093E-01
   4.6000E+01   1.5664E+00
   4.7000E+01   1.9531E+00
   4.8000E+01   2.1558E+00
   4.9000E+01   2.2468E+00
   5.0000E+01   2.2384E+00
   5.1000E+01   2.1430E+00
   5.2000E+01   1.9449E+00
   5.3000E+01   1.6828E+00
   5.4000E+01   1.3297E+00
   5.5000E+01   1.0970E+00
   5.6000E+01   1.1855E+00
   5.7000E+01   1.3871E+00
   5.8000E+01   1.5286E+00
   5.9000E+01   1.6277E+00
   6.0000E+01   1.7278E+00
   6.1000E+01   1.7866E+00
   6.2000E+01   1.8371E+00
   6.3000E+01   1.8664E+00
   6.4000E+01   1.8474E+00
   6.5000E+01   1.7965E+00
   6.6000E+01   1.6410E+00
   6.7000E+01   1.3995E+00
   6.8000E+01   1.0323E+00
   6.9000E+01   9.9153E-01
   7.0000E+01   1.3764E+00
   7.1000E+01   1.6661E+00
   7.2000E+01   1.8183E+00
   7.3000E+01   1.8849E+00
   7.4000E+01   1.8694E+00
   7.5000E+01   1.7993E+00
   7.6000E+01   1.6796E+00
   7.7000E+01   1.5015E+00
   7.8000E+01   1.3426E+00
   7.9000E+01   1.1522E+00
   8.0000E+01   9.5837E-01
   8.1000E+01   8.1766E-01
   8.2000E+01   7.9819E-01
   8.3000E+01   8.5642E-01
   8.4000E+01   9.2279E-01
   8.5000E+01   9.5303E-01
   8.6000E+01   9.7630E-01
   8.7000E+01   9.8909E-01
   8.7000E+01   1.4150E+00
   8.7000E+01   9.8838E-01
   8.8000E+01   1.0165E+00
   8.9000E+01   1.0684E+00
   9.0000E+01   1.1321E+00
   9.1000E+01   1.1884E+00
   9.2000E+01   1.2201E+00
   9.3000E+01   1.2356E+00
   9.4000E+01   1.2351E+00
   9.5000E+01   1.2211E+00
   9.6000E+01   1.2126E+00
   9.7000E+01   1.2069E+00
   9.8000E+01   1.2071E+00
   9.9000E+01   1.2215E+00
   1.0000E+02   1.2620E+00
   1.0100E+02   1.3018E+00
   1.0200E+02   1.3315E+00
   1.0300E+02   1.3731E+00
   1.0400E+02   1.4058E+00
   1.0500E+02   1.4241E+00
   1.0600E+02   1.4352E+00
   1.0700E+02   1.4298E+00
   1.0800E+02   1.4164E+00
   1.0900E+02   1.3889E+00
   1.1000E+02   1.3804E+00
   1.1100E+02   1.4126E+00
   1.1200E+02   1.5015E+00
   1.1300E+02   1.6114E+00
   1.1400E+02   1.7048E+00
   1.1500E+02   1.7613E+00
   1.1600E+02   1.7510E+00
   1.1700E+02   1.7063E+00
   1.1800E+02   1.6416E+00
   1.1900E+02   1.6382E+00
   1.2000E+02   1.7613E+00
   1.2100E+02   1.8764E+00
   1.2200E+02   1.9770E+00
   1.2300E+02   2.0284E+00
   1.2400E+02   2.0031E+00
   1.2500E+02   1.8516E+00
   1.2600E+02   1.6752E+00
   1.2700E+02   1.2682E+00
   1.2800E+02  -9.5222E-02
   1.2900E+02  -2.6059E-01
   1.3000E+02  -2.6059E-01
   1.3000E+02   1.4150E+00
   1.3000E+02  -2.6059E-01
   1.3000E+02   1.4150E+00
   1.3000E+02   1.4150E+00
   1.3000E+02   1.4150E+00
   1.3000E+02  -2.6059E-01
   1.3100E+02   8.2476E-01
   1.3200E+02   1.3908E+00
   1.3300E+02   1.6278E+00
   1.3400E+02   1.7938E+00
   1.3500E+02   1.8576E+00
   1.3600E+02   1.8765E+00
   1.3700E+02   1.8466E+00
   1.3800E+02   1.7853E+00
   1.3900E+02   1.6797E+00
   1.4000E+02   1.5203E+00
   1.4000E+02   1.4150E+00
   1.4000E+02   1.5203E+00
   1.4100E+02   1.3294E+00
   1.4200E+02   1.2605E+00
   1.4300E+02   1.4546E+00
   1.4400E+02   1.7613E+00
   1.4500E+02   1.9711E+00
   1.4600E+02   2.0818E+00
   1.4700E+02   2.1451E+00
   1.4800E+02   2.1413E+00
   1.4900E+02   2.1060E+00
   1.5000E+02   2.0361E+00
   1.5000E+02   1.4150E+00
   1.5000E+02   2.0361E+00
   1.5100E+02   1.9434E+00
   1.5200E+02   1.8549E+00
   1.5300E+02   1.7854E+00
   1.5400E+02   1.7275E+00
   1.5500E+02   1.6893E+00
   1.5600E+02   1.6802E+00
   1.5700E+02   1.6837E+00
   1.5800E+02   1.6907E+00
   1.5900E+02   1.6886E+00
   1.6000E+02   1.6766E+00
   1.6100E+02   1.6577E+00
   1.6200E+02   1.6356E+00
   1.6300E+02   1.6087E+00
   1.6400E+02   1.5741E+00
   1.6500E+02   1.5536E+00
   1.6600E+02   1.5348E+00
   1.6700E+02   1.5224E+00
   1.6800E+02   1.5081E+00
   1.6900E+02   1.5050E+00
   1.7000E+02   1.5187E+00
   1.7100E+02   1.5405E+00
   1.7200E+02   1.5569E+00
   1.7300E+02   1.5795E+00
   1.7400E+02   1.5900E+00
   1.7500E+02   1.5928E+00
   1.7600E+02   1.5967E+00
   1.7700E+02   1.6115E+00
   1.7800E+02   1.6521E+00
   1.7900E+02   1.7261E+00
   1.8000E+02   1.7774E+00
   1.8100E+02   1.8154E+00
   1.8200E+02   1.8590E+00
   1.8300E+02   1.8849E+00
   1.8400E+02   1.8812E+00
   1.8500E+02   1.8621E+00
   1.8600E+02   1.8289E+00
   1.8700E+02   1.7589E+00
   1.8800E+02   1.6381E+00
   1.8900E+02   1.4792E+00
   1.9000E+02   1.3210E+00
   1.9100E+02   1.1290E+00
   1.9200E+02   1.0894E+00
   1.9300E+02   1.2637E+00
   1.9400E+02   1.5287E+00
   1.9500E+02   1.7526E+00
   1.9600E+02   1.9088E+00
   1.9700E+02   1.9908E+00
   1.9800E+02   1.9775E+00
   1.9900E+02   1.8967E+00
   2.0000E+02   1.7529E+00
   2.0100E+02   1.5130E+00
   2.0200E+02   1.2828E+00
   2.0300E+02   1.2506E+00
   2.0400E+02   1.3893E+00
   2.0500E+02   1.5358E+00
   2.0600E+02   1.6374E+00
   2.0700E+02   1.6982E+00
   2.0800E+02   1.7807E+00
   2.0900E+02   1.8627E+00
   2.1000E+02   1.9868E+00
   2.1100E+02   2.0801E+00
   2.1200E+02   2.1512E+00
   2.1300E+02   2.1655E+00
   2.1400E+02   2.1051E+00
   2.1500E+02   1.9548E+00
   2.1600E+02   1.8259E+00
   2.1700E+02   1.5923E+00
   2.1800E+02   1.4637E+00
   2.1900E+02   1.5008E+00
   2.2000E+02   1.6256E+00
   2.2100E+02   1.7515E+00
   2.2200E+02   1.8099E+00
   2.2300E+02   1.8402E+00
   2.2400E+02   1.8482E+00
   2.2500E+02   1.8411E+00
   2.2600E+02   1.8177E+00
   2.2700E+02   1.8077E+00
   2.2800E+02   1.7686E+00
   2.2900E+02   1.7203E+00
   2.3000E+02   1.6693E+00
   2.3100E+02   1.6110E+00
   2.3200E+02   1.4945E+00
   2.3300E+02   1.3074E+00
   2.3400E+02   9.3261E-01
   2.3500E+02   6.5354E-01
   2.3600E+02   1.2418E+00
   2.3700E+02   1.7484E+00
   2.3800E+02   2.0768E+00
   2.3900E+02   2.2563E+00
   2.4000E+02   2.3526E+00
   2.4100E+02   2.3265E+00
   2.4200E+02   2.2465E+00
   2.4300E+02   2.0571E+00
   2.4400E+02   1.7340E+00
   2.4500E+02   1.3537E+00
   2.4600E+02   1.3667E+00
   2.4700E+02   1.6255E+00
   2.4800E+02   1.7886E+00
   2.4900E+02   1.8326E+00
   2.5000E+02   1.7774E+00
   2.5100E+02   1.6432E+00
   2.5200E+02   1.5068E+00
   2.5300E+02   1.4575E+00
   2.5400E+02   1.5195E+00
   2.5500E+02   1.5469E+00
   2.5600E+02   1.4921E+00
   2.5700E+02   1.1596E+00
   2.5800E+02  -2.6059E-01
   2.5900E+02   7.6826E-02
   2.6000E+02   1.6448E+00
   2.6100E+02   2.1566E+00
   2.6200E+02   2.4255E+00
   2.6300E+02   2.5634E+00
   2.6400E+02   2.6053E+00
   2.6500E+02   2.5153E+00
   2.6600E+02   2.3529E+00
   2.6700E+02   2.0773E+00
   2.6800E+02   1.3248E+00
   2.6900E+02  -2.6059E-01
   2.7000E+02  -2.6059E-01
   2.7000E+02   1.4150E+00
   2.7000E+02  -2.6059E-01
   2.7000E+02   1.4150E+00
   2.7000E+02  -2.6059E-01
   2.7000E+02   1.4150E+00
   2.7000E+02   1.4150E+00
   2.7000E+02  -2.6059E-01
   2.7100E+02   9.0061E-01
   2.7200E+02   1.4935E+00
   2.7300E+02   1.5736E+00
   2.7400E+02   1.4608E+00
   2.7400E+02   1.4150E+00
   2.7400E+02   1.4969E+00
   2.7500E+02   1.2940E+00
   2.7600E+02   1.0152E+00
   2.7700E+02   8.3168E-01
   2.7800E+02   9.5195E-01
   2.7900E+02   1.1497E+00
   2.8000E+02   1.3752E+00
   2.8100E+02   1.4750E+00
   2.8200E+02   1.5733E+00
   2.8300E+02   1.6103E+00
   2.8400E+02   1.5972E+00
   2.8400E+02   1.4150E+00
   2.8400E+02   1.5972E+00
   2.8500E+02   1.5144E+00
   2.8600E+02   1.4314E+00
   2.8700E+02   1.3253E+00
   2.8800E+02   1.2931E+00
   2.8900E+02   1.3496E+00
   2.9000E+02   1.4136E+00
   2.9100E+02   1.4716E+00
   2.9200E+02   1.4729E+00
   2.9300E+02   1.4328E+00
   2.9400E+02   1.3566E+00
   2.9500E+02   1.2524E+00
   2.9600E+02   1.1135E+00
   2.9600E+02   1.4150E+00
   2.9600E+02   1.1403E+00
   2.9700E+02   1.0153E+00
   2.9800E+02   8.9231E-01
   2.9900E+02   7.9041E-01
   3.0000E+02   7.7778E-01
   3.0100E+02   8.8253E-01
   3.0100E+02   1.4150E+00
   3.0100E+02   8.4413E-01
   3.0200E+02   1.0074E+00
   3.0300E+02   1.1932E+00
   3.0400E+02   1.3715E+00
   3.0500E+02   1.5091E+00
   3.0600E+02   1.6042E+00
   3.0700E+02   1.6380E+00
   3.0800E+02   1.6226E+00
   3.0900E+02   1.5370E+00
   3.1000E+02   1.4407E+00
   3.1100E+02   1.3593E+00
   3.1200E+02   1.2393E+00
   3.1300E+02   1.1071E+00
   3.1400E+02   1.0493E+00
   3.1500E+02   1.0404E+00
   3.1600E+02   1.0851E+00
   3.1700E+02   1.1629E+00
   3.1800E+02   1.2138E+00
   3.1900E+02   1.2622E+00
   3.2000E+02   1.2916E+00
   3.2100E+02   1.3368E+00
   3.2200E+02   1.4192E+00
   3.2300E+02   1.5602E+00
   3.2400E+02   1.6706E+00
   3.2500E+02   1.7634E+00
   3.2600E+02   1.8039E+00
   3.2700E+02   1.7808E+00
   3.2800E+02   1.6546E+00
   3.2900E+02   1.5187E+00
   3.3000E+02   1.3660E+00
   3.3100E+02   1.2697E+00
   3.3200E+02   1.3313E+00
   3.3300E+02   1.4341E+00
   3.3400E+02   1.5000E+00
   3.3500E+02   1.4876E+00
   3.3600E+02   1.3975E+00
   3.3700E+02   1.2363E+00
   3.3800E+02   1.0111E+00
   3.3900E+02   8.0182E-01
   3.4000E+02   7.6855E-01
   3.4100E+02   8.9033E-01
   3.4200E+02   1.0061E+00
   3.4300E+02   1.0947E+00
   3.4400E+02   1.1754E+00
   3.4500E+02   1.2787E+00
   3.4600E+02   1.3380E+00
   3.4700E+02   1.4222E+00
   3.4800E+02   1.5141E+00
   3.4900E+02   1.5563E+00
   3.5000E+02   1.5655E+00
   3.5100E+02   1.5394E+00
   3.5200E+02   1.4817E+00
   3.5300E+02   1.4178E+00
   3.5400E+02   1.3995E+00
   3.5500E+02   1.4080E+00
   3.5600E+02   1.4407E+00
   3.5700E+02   1.4491E+00
   3.5800E+02   1.4200E+00
   3.5900E+02   1.3418E+00
   3.6000E+02   1.2178E+00
   3.6100E+02   1.0529E+00
   3.6200E+02   9.3665E-01
   3.6300E+02   9.6882E-01
   3.6400E+02   1.0577E+00
   3.6500E+02   1.1468E+00
   3.6600E+02   1.1650E+00
   3.6700E+02   1.1272E+00
   3.6800E+02   1.0684E+00
   3.6800E+02   1.4150E+00
   3.6800E+02   1.0813E+00
   3.6800E+02   1.4150E+00
   3.6800E+02   1.0813E+00
   3.6800E+02   1.4150E+00
   3.6800E+02   1.0813E+00
   3.6800E+02   1.4150E+00
   3.6800E+02   1.0813E+00
   3.6800E+02   1.4150E+00
   3.6800E+02   1.0813E+00
   3.6800E+02   1.4150E+00
   3.6800E+02   1.0813E+00
   3.6900E+02   1.0107E+00
   3.6900E+02   1.4150E+00
   3.6900E+02   1.0107E+00
   3.7000E+02   9.6697E-01
   3.7000E+02   1.4150E+00
   3.7000E+02   9.6697E-01
   3.7100E+02   9.5887E-01
   3.7200E+02   9.5028E-01
   3.7300E+02   8.8263E-01
   3.7400E+02   7.3666E-01
   3.7500E+02   4.2416E-01
   3.7600E+02   3.4421E-01
   3.7700E+02   8.1810E-01
   3.7800E+02   1.2571E+00
   3.7900E+02   1.5309E+00
   3.8000E+02   1.6768E+00
   3.8100E+02   1.7416E+00
   3.8200E+02   1.7075E+00
   3.8300E+02   1.5907E+00
   3.8400E+02   1.3875E+00
   3.8500E+02   1.0370E+00
   3.8600E+02   7.4167E-01
   3.8700E+02   7.6004E-01
   3.8800E+02   1.0010E+00
   3.8800E+02   1.4150E+00
   3.8800E+02   9.8847E-01
   3.8900E+02   1.1972E+00
   3.9000E+02   1.3307E+00
   3.9100E+02   1.3996E+00
   3.9200E+02   1.4197E+00
   3.9300E+02   1.4033E+00
   3.9400E+02   1.3306E+00
   3.9500E+02   1.2039E+00
   3.9600E+02   1.1130E+00
   3.9700E+02   1.0914E+00
   3.9800E+02   1.1929E+00
   3.9900E+02   1.3436E+00
   4.0000E+02   1.4720E+00
   4.0100E+02   1.6003E+00
   4.0200E+02   1.6710E+00
   4.0300E+02   1.7197E+00
   4.0400E+02   1.7416E+00
   4.0500E+02   1.7109E+00
   4.0600E+02   1.6277E+00
   4.0700E+02   1.5679E+00
   4.0800E+02   1.4445E+00
   4.0900E+02   1.3110E+00
   4.1000E+02   1.1705E+00
   4.1100E+02   1.0950E+00
   4.1200E+02   1.1550E+00
   4.1300E+02   1.2882E+00
   4.1400E+02   1.4454E+00
   4.1500E+02   1.5531E+00
   4.1600E+02   1.5963E+00
   4.1700E+02   1.5666E+00
   4.1800E+02   1.4728E+00
   4.1900E+02   1.3173E+00
   4.2000E+02   1.1411E+00
   4.2100E+02   1.1536E+00
   4.2200E+02   1.2494E+00
   4.2300E+02   1.3627E+00
   4.2400E+02   1.4194E+00
   4.2500E+02   1.3905E+00
   4.2600E+02   1.2897E+00
   4.2700E+02   1.1334E+00
   4.2800E+02   1.0033E+00
   4.2900E+02   1.0110E+00
   4.3000E+02   1.1443E+00
   4.3100E+02   1.2717E+00
   4.3200E+02   1.3739E+00
   4.3300E+02   1.4435E+00
   4.3400E+02   1.5090E+00
   4.3500E+02   1.5571E+00
   4.3600E+02   1.6286E+00
   4.3700E+02   1.6916E+00
   4.3800E+02   1.7492E+00
   4.3900E+02   1.8009E+00
   4.4000E+02   1.8328E+00
   4.4100E+02   1.8422E+00
   4.4200E+02   1.8299E+00
   4.4300E+02   1.8098E+00
   4.4400E+02   1.7636E+00
   4.4500E+02   1.6952E+00
   4.4600E+02   1.6166E+00
   4.4700E+02   1.5315E+00
   4.4800E+02   1.4814E+00
   4.4900E+02   1.4601E+00
   4.5000E+02   1.4585E+00
   4.5100E+02   1.4574E+00
   4.5200E+02   1.4427E+00
   4.5300E+02   1.4154E+00
   4.5400E+02   1.3844E+00
   4.5500E+02   1.3755E+00
   4.5600E+02   1.4092E+00
   4.5700E+02   1.4543E+00
   4.5800E+02   1.5215E+00
   4.5900E+02   1.5638E+00
   4.6000E+02   1.5987E+00
   4.6100E+02   1.6185E+00
   4.6200E+02   1.6038E+00
   4.6300E+02   1.5759E+00
   4.6400E+02   1.4901E+00
   4.6500E+02   1.3481E+00
   4.6600E+02   1.1651E+00
   4.6700E+02   1.0728E+00
   4.6800E+02   1.1625E+00
   4.6900E+02   1.3260E+00
   4.7000E+02   1.4674E+00
   4.7100E+02   1.5842E+00
   4.7200E+02   1.6429E+00
   4.7300E+02   1.6734E+00
   4.7400E+02   1.6825E+00
   4.7500E+02   1.6778E+00
   4.7600E+02   1.6526E+00
   4.7700E+02   1.6397E+00
   4.7800E+02   1.6376E+00
   4.7900E+02   1.6829E+00
   4.8000E+02   1.7023E+00
   4.8100E+02   1.7442E+00
   4.8200E+02   1.7580E+00
   4.8300E+02   1.6993E+00
   4.8400E+02   1.6240E+00
   4.8500E+02   1.4661E+00
   4.8600E+02   1.2940E+00
   4.8700E+02   1.2086E+00
   4.8800E+02   1.3230E+00
   4.8900E+02   1.4541E+00
   4.9000E+02   1.5741E+00
   4.9100E+02   1.6245E+00
   4.9200E+02   1.6243E+00
   4.9300E+02   1.5874E+00
   4.9400E+02   1.5589E+00
   4.9500E+02   1.5386E+00
   4.9600E+02   1.5398E+00
   4.9700E+02   1.5417E+00
   4.9800E+02   1.5330E+00
   4.9900E+02   1.4979E+00
   5.0000E+02   1.4403E+00
   5.0100E+02   1.3969E+00
   5.0200E+02   1.3417E+00
   5.0300E+02   1.3327E+00
   5.0400E+02   1.4009E+00
   5.0500E+02   1.4792E+00
   5.0600E+02   1.6074E+00
   5.0700E+02   1.7309E+00
   5.0800E+02   1.8451E+00
   5.0900E+02   1.9217E+00
   5.1000E+02   1.9526E+00
   5.1100E+02   1.9313E+00
   5.1200E+02   1.8850E+00
   5.1300E+02   1.8079E+00
   5.1400E+02   1.7195E+00
   5.1500E+02   1.6615E+00
   5.1600E+02   1.6327E+00
   5.1700E+02   1.6128E+00
   5.1800E+02   1.5959E+00
   5.1900E+02   1.5639E+00
   5.2000E+02   1.5364E+00
   5.2100E+02   1.5395E+00
   5.2200E+02   1.5768E+00
   5.2300E+02   1.6683E+00
   5.2400E+02   1.7320E+00
   5.2500E+02   1.7851E+00
   5.2600E+02   1.7906E+00
   5.2700E+02   1.7507E+00
   5.2800E+02   1.7018E+00
   5.2900E+02   1.6486E+00
   5.3000E+02   1.6140E+00
   5.3100E+02   1.6200E+00
   5.3200E+02   1.6371E+00
   5.3300E+02   1.6512E+00
   5.3400E+02   1.6375E+00
   5.3500E+02   1.5934E+00
   5.3600E+02   1.5238E+00
   5.3700E+02   1.4302E+00
   5.3800E+02   1.3275E+00
   5.3900E+02   1.2676E+00
   5.4000E+02   1.3224E+00
   5.4100E+02   1.4663E+00
   5.4200E+02   1.6893E+00
   5.4300E+02   1.8331E+00
   5.4400E+02   1.9395E+00
   5.4500E+02   1.9693E+00
   5.4600E+02   1.8971E+00
   5.4700E+02   1.7642E+00
   5.4800E+02   1.4883E+00
   5.4900E+02   1.0827E+00
   5.5000E+02   8.9879E-01
   5.5100E+02   1.2001E+00
   5.5200E+02   1.4594E+00
   5.5300E+02   1.6012E+00
   5.5400E+02   1.6324E+00
   5.5500E+02   1.5907E+00
   5.5600E+02   1.5320E+00
   5.5700E+02   1.4335E+00
   5.5800E+02   1.3826E+00
   5.5900E+02   1.3492E+00
   5.6000E+02   1.3555E+00
   5.6100E+02   1.4042E+00
   5.6200E+02   1.4353E+00
   5.6300E+02   1.4974E+00
   5.6400E+02   1.5335E+00
   5.6500E+02   1.5665E+00
   5.6600E+02   1.5860E+00
   5.6700E+02   1.5766E+00
   5.6800E+02   1.5476E+00
   5.6900E+02   1.4209E+00
   5.7000E+02   1.3203E+00
   5.7100E+02   1.1295E+00
   5.7200E+02   9.7949E-01
   5.7300E+02   1.0984E+00
   5.7400E+02   1.3646E+00
   5.7500E+02   1.5658E+00
   5.7600E+02   1.7010E+00
   5.7700E+02   1.7817E+00
   5.7800E+02   1.8084E+00
   5.7900E+02   1.8027E+00
   5.8000E+02   1.7654E+00
   5.8100E+02   1.6895E+00
   5.8200E+02   1.5654E+00
   5.8300E+02   1.4506E+00
   5.8400E+02   1.3997E+00
   5.8500E+02   1.4771E+00
   5.8600E+02   1.6231E+00
   5.8700E+02   1.7708E+00
   5.8800E+02   1.8381E+00
   5.8900E+02   1.8706E+00
   5.9000E+02   1.8674E+00
   5.9100E+02   1.8327E+00
   5.9200E+02   1.7714E+00
   5.9300E+02   1.6731E+00
   5.9400E+02   1.5345E+00
   5.9500E+02   1.4307E+00
   5.9600E+02   1.3273E+00
   5.9700E+02   1.3089E+00
   5.9800E+02   1.3579E+00
   5.9900E+02   1.4107E+00
   6.0000E+02   1.4343E+00
   6.0100E+02   1.4169E+00
   6.0200E+02   1.3809E+00
   6.0300E+02   1.3102E+00
   6.0400E+02   1.2265E+00
   6.0500E+02   1.1365E+00
   6.0600E+02   1.0848E+00
   6.0700E+02   1.0703E+00
   6.0800E+02   1.1143E+00
   6.0900E+02   1.1839E+00
   6.1000E+02   1.2590E+00
   6.1100E+02   1.3468E+00
   6.1200E+02   1.3963E+00
   6.1300E+02   1.4425E+00
   6.1400E+02   1.4729E+00
   6.1500E+02   1.5281E+00
   6.1600E+02   1.5492E+00
   6.1700E+02   1.5962E+00
   6.1800E+02   1.6394E+00
   6.1900E+02   1.6729E+00
   6.2000E+02   1.6830E+00
   6.2100E+02   1.7003E+00
   6.2200E+02   1.7049E+00
   6.2300E+02   1.6985E+00
   6.2400E+02   1.6889E+00
   6.2500E+02   1.6652E+00
   6.2600E+02   1.6359E+00
   6.2700E+02   1.5612E+00
   6.2800E+02   1.5058E+00
   6.2900E+02   1.3954E+00
   6.3000E+02   1.2245E+00
   6.3100E+02   1.0880E+00
   6.3200E+02   1.0255E+00
   6.3300E+02   1.0730E+00
   6.3400E+02   1.2082E+00
   6.3500E+02   1.4103E+00
   6.3600E+02   1.5195E+00
   6.3700E+02   1.6422E+00
   6.3800E+02   1.6956E+00
   6.3900E+02   1.6919E+00
   6.4000E+02   1.6039E+00
   6.4100E+02   1.5456E+00
   6.4200E+02   1.5818E+00
   6.4300E+02   1.7773E+00
   6.4400E+02   2.0152E+00
   6.4500E+02   2.1775E+00
   6.4600E+02   2.2787E+00
   6.4700E+02   2.3320E+00
   6.4800E+02   2.3233E+00
   6.4900E+02   2.2383E+00
   6.5000E+02   2.1954E+00
   6.5100E+02   2.0802E+00
   6.5200E+02   1.9383E+00
   6.5300E+02   1.7789E+00
   6.5400E+02   1.5876E+00
   6.5500E+02   1.4170E+00
   6.5600E+02   1.3552E+00
   6.5700E+02   1.4107E+00
   6.5800E+02   1.5342E+00
   6.5900E+02   1.6329E+00
   6.6000E+02   1.7126E+00
   6.6100E+02   1.7577E+00
   6.6200E+02   1.7496E+00
   6.6300E+02   1.6681E+00
   6.6400E+02   1.5367E+00
   6.6500E+02   1.2860E+00
   6.6600E+02   9.8705E-01
   6.6700E+02   9.0464E-01
   6.6800E+02   1.1437E+00
   6.6900E+02   1.3876E+00
   6.7000E+02   1.4935E+00
   6.7100E+02   1.5329E+00
   6.7200E+02   1.4970E+00
   6.7300E+02   1.4453E+00
   6.7400E+02   1.3869E+00
   6.7500E+02   1.3309E+00
   6.7600E+02   1.3162E+00
   6.7700E+02   1.3305E+00
   6.7800E+02   1.3688E+00
   6.7900E+02   1.4146E+00
   6.8000E+02   1.4601E+00
   6.8100E+02   1.4674E+00
   6.8200E+02   1.4318E+00
   6.8300E+02   1.3424E+00
   6.8400E+02   1.1824E+00
   6.8500E+02   9.9036E-01
   6.8600E+02   9.1178E-01
   6.8700E+02   1.0647E+00
   6.8800E+02   1.2746E+00
   6.8900E+02   1.4358E+00
   6.9000E+02   1.5602E+00
   6.9100E+02   1.6333E+00
   6.9200E+02   1.6850E+00
   6.9300E+02   1.6965E+00
   6.9400E+02   1.6775E+00
   6.9500E+02   1.6237E+00
   6.9600E+02   1.5874E+00
   6.9700E+02   1.5051E+00
   6.9800E+02   1.4580E+00
   6.9900E+02   1.4084E+00
   7.0000E+02   1.3776E+00
   7.0100E+02   1.3761E+00
   7.0200E+02   1.3932E+00
   7.0300E+02   1.4226E+00
   7.0400E+02   1.4486E+00
   7.0500E+02   1.4564E+00
   7.0600E+02   1.4315E+00
   7.0700E+02   1.3953E+00
   7.0800E+02   1.3127E+00
   7.0900E+02   1.1853E+00
   7.0900E+02   1.4150E+00
   7.0900E+02   1.1944E+00
   7.1000E+02   1.0064E+00
   7.1100E+02   7.6052E-01
   7.1200E+02   7.1932E-01
   7.1300E+02   1.0125E+00
   7.1400E+02   1.3489E+00
   7.1500E+02   1.6072E+00
   7.1600E+02   1.7831E+00
   7.1700E+02   1.9014E+00
   7.1800E+02   1.9794E+00
   7.1900E+02   2.0150E+00
   7.2000E+02   2.0374E+00
   7.2100E+02   2.0433E+00
   7.2200E+02   2.0233E+00
   7.2300E+02   2.0019E+00
   7.2400E+02   1.9746E+00
   7.2500E+02   1.9425E+00
   7.2600E+02   1.8639E+00
   7.2700E+02   1.8375E+00
   7.2800E+02   1.7811E+00
   7.2900E+02   1.6965E+00
   7.3000E+02   1.6164E+00
   7.3100E+02   1.5952E+00
   7.3200E+02   1.6965E+00
   7.3300E+02   1.8536E+00
   7.3400E+02   2.0564E+00
   7.3500E+02   2.1778E+00
   7.3600E+02   2.2421E+00
   7.3700E+02   2.2385E+00
   7.3800E+02   2.1636E+00
   7.3900E+02   2.0246E+00
   7.4000E+02   1.8160E+00
   7.4100E+02   1.5622E+00
   7.4200E+02   1.4199E+00
   7.4300E+02   1.4073E+00
   7.4400E+02   1.4622E+00
   7.4500E+02   1.4733E+00
   7.4600E+02   1.4354E+00
   7.4700E+02   1.3648E+00
   7.4800E+02   1.2870E+00
   7.4900E+02   1.2377E+00
   7.5000E+02   1.2516E+00
   7.5100E+02   1.3608E+00
   7.5200E+02   1.4328E+00
   7.5300E+02   1.5621E+00
   7.5400E+02   1.6564E+00
   7.5500E+02   1.7021E+00
   7.5600E+02   1.6795E+00
   7.5700E+02   1.5306E+00
   7.5800E+02   1.3813E+00
   7.5900E+02   1.0676E+00
   7.6000E+02   1.0404E+00
   7.6100E+02   1.4085E+00
   7.6200E+02   1.6457E+00
   7.6300E+02   1.8136E+00
   7.6400E+02   1.8838E+00
   7.6500E+02   1.8418E+00
   7.6600E+02   1.7740E+00
   7.6700E+02   1.6133E+00
   7.6800E+02   1.4411E+00
   7.6900E+02   1.3514E+00
   7.7000E+02   1.3426E+00
   7.7100E+02   1.4148E+00
   7.7200E+02   1.5191E+00
   7.7300E+02   1.6163E+00
   7.7400E+02   1.6921E+00
   7.7500E+02   1.7291E+00
   7.7600E+02   1.7268E+00
   7.7700E+02   1.6757E+00
   7.7800E+02   1.6107E+00
   7.7900E+02   1.5211E+00
   7.8000E+02   1.4488E+00
   7.8100E+02   1.4185E+00
   7.8200E+02   1.4210E+00
   7.8300E+02   1.4702E+00
   7.8400E+02   1.5500E+00
   7.8500E+02   1.6180E+00
   7.8600E+02   1.6686E+00
   7.8700E+02   1.6972E+00
   7.8800E+02   1.6805E+00
   7.8900E+02   1.6290E+00
   7.9000E+02   1.5827E+00
   7.9100E+02   1.5514E+00
   7.9200E+02   1.5818E+00
   7.9300E+02   1.6407E+00
   7.9400E+02   1.6981E+00
   7.9500E+02   1.7106E+00
   7.9600E+02   1.6816E+00
   7.9700E+02   1.5945E+00
   7.9800E+02   1.4923E+00
   7.9900E+02   1.4322E+00
   8.0000E+02   1.4507E+00
   8.0100E+02   1.5518E+00
   8.0200E+02   1.6338E+00
   8.0300E+02   1.7018E+00
   8.0400E+02   1.7505E+00
   8.0500E+02   1.7687E+00
   8.0600E+02   1.7555E+00
   8.0700E+02   1.6930E+00
   8.0800E+02   1.6396E+00
   8.0900E+02   1.5073E+00
   8.1000E+02   1.3783E+00
   8.1100E+02   1.2620E+00
   8.1200E+02   1.2429E+00
   8.1300E+02   1.2997E+00
   8.1400E+02   1.3801E+00
   8.1500E+02   1.4107E+00
   8.1600E+02   1.4118E+00
   8.1700E+02   1.3936E+00
   8.1800E+02   1.3645E+00
   8.1900E+02   1.3351E+00
   8.2000E+02   1.3178E+00
   8.2100E+02   1.3112E+00
   8.2200E+02   1.3199E+00
   8.2300E+02   1.3538E+00
   8.2400E+02   1.3722E+00
   8.2500E+02   1.3816E+00
   8.2600E+02   1.3694E+00
   8.2700E+02   1.3095E+00
   8.2800E+02   1.1832E+00
   8.2900E+02   1.0489E+00
   8.2900E+02   1.4150E+00
   8.2900E+02   1.0627E+00
   8.2900E+02   1.4150E+00
   8.2900E+02   1.0627E+00
   8.2900E+02   1.4150E+00
   8.2900E+02   1.0627E+00
   8.2900E+02   1.4150E+00
   8.2900E+02   1.0627E+00
   8.2900E+02   1.4150E+00
   8.2900E+02   1.0627E+00
   8.2900E+02   1.4150E+00
   8.2900E+02   1.0627E+00
   8.2900E+02   1.4150E+00
   8.2900E+02   1.0627E+00
   8.2900E+02   1.4150E+00
   8.2900E+02   1.0627E+00
