   0.0000E+00   1.4150E+00
   0.0000E+00   2.3834E+00
   1.0000E+00   2.3972E+00
   2.0000E+00   2.7880E+00
   3.0000E+00   2.9771E+00
   4.0000E+00   3.0533E+00
   5.0000E+00   3.0159E+00
   6.0000E+00   2.8743E+00
   7.0000E+00   2.5770E+00
   8.0000E+00   1.7813E+00
   9.0000E+00  -2.6059E-01
   1.0000E+01  -2.6059E-01
   1.1000E+01  -2.0306E-01
   1.2000E+01   1.8123E+00
   1.3000E+01   2.0010E+00
   1.4000E+01   1.9677E+00
   1.5000E+01   1.8064E+00
   1.6000E+01   1.5357E+00
   1.7000E+01   1.2929E+00
   1.8000E+01   1.2436E+00
   1.9000E+01   1.3506E+00
   2.0000E+01   1.4453E+00
   2.1000E+01   1.4809E+00
   2.2000E+01   1.4706E+00
   2.3000E+01   1.4234E+00
   2.4000E+01   1.3521E+00
   2.5000E+01   1.2523E+00
   2.6000E+01   1.1366E+00
   2.7000E+01   1.0341E+00
   2.8000E+01   1.0030E+00
   2.9000E+01   1.0601E+00
   3.0000E+01   1.1576E+00
   3.1000E+01   1.2591E+00
   3.2000E+01   1.3276E+00
   3.3000E+01   1.3820E+00
   3.4000E+01   1.4292E+00
   3.5000E+01   1.4780E+00
   3.6000E+01   1.5325E+00
   3.7000E+01   1.5829E+00
   3.8000E+01   1.6107E+00
   3.9000E+01   1.6009E+00
   4.0000E+01   1.5362E+00
   4.1000E+01   1.4046E+00
   4.2000E+01   1.2225E+00
   4.3000E+01   1.1079E+00
   4.4000E+01   1.2149E+00
   4.5000E+01   1.4062E+00
   4.6000E+01   1.5471E+00
   4.7000E+01   1.6119E+00
   4.8000E+01   1.5819E+00
   4.9000E+01   1.4564E+00
   5.0000E+01   1.2299E+00
   5.1000E+01   8.5611E-01
   5.2000E+01   3.4882E-01
   5.2000E+01   1.4150E+00
   5.2000E+01   3.5006E-01
   5.3000E+01   2.5475E-01
   5.4000E+01   6.0300E-01
   5.5000E+01   8.3232E-01
   5.6000E+01   9.4634E-01
   5.7000E+01   9.8251E-01
   5.8000E+01   9.8854E-01
   5.9000E+01   9.6326E-01
   6.0000E+01   9.4280E-01
   6.1000E+01   9.6433E-01
   6.2000E+01   1.0108E+00
   6.2000E+01   1.4150E+00
   6.2000E+01   9.9600E-01
   6.3000E+01   1.1188E+00
   6.4000E+01   1.2495E+00
   6.5000E+01   1.3643E+00
   6.6000E+01   1.4312E+00
   6.7000E+01   1.4485E+00
   6.8000E+01   1.4206E+00
   6.9000E+01   1.3497E+00
   7.0000E+01   1.2373E+00
   7.1000E+01   1.0996E+00
   7.2000E+01   9.6176E-01
   7.3000E+01   8.9339E-01
   7.4000E+01   9.7519E-01
   7.5000E+01   1.1470E+00
   7.6000E+01   1.3601E+00
   7.7000E+01   1.4766E+00
   7.8000E+01   1.5642E+00
   7.9000E+01   1.5963E+00
   8.0000E+01   1.5864E+00
   8.1000E+01   1.5585E+00
   8.2000E+01   1.5399E+00
   8.3000E+01   1.5429E+00
   8.4000E+01   1.5586E+00
   8.5000E+01   1.5935E+00
   8.6000E+01   1.6182E+00
   8.7000E+01   1.6303E+00
   8.8000E+01   1.6242E+00
   8.9000E+01   1.6057E+00
   9.0000E+01   1.5737E+00
   9.1000E+01   1.5181E+00
   9.2000E+01   1.4371E+00
   9.3000E+01   1.3916E+00
   9.4000E+01   1.3464E+00
   9.5000E+01   1.3558E+00
   9.6000E+01   1.4060E+00
   9.7000E+01   1.4393E+00
   9.8000E+01   1.4784E+00
   9.9000E+01   1.4881E+00
   1.0000E+02   1.4857E+00
   1.0100E+02   1.4820E+00
   1.0200E+02   1.4862E+00
   1.0300E+02   1.5029E+00
   1.0400E+02   1.5136E+00
   1.0500E+02   1.5253E+00
   1.0600E+02   1.5220E+00
   1.0700E+02   1.5133E+00
   1.0800E+02   1.5007E+00
   1.0900E+02   1.4785E+00
   1.1000E+02   1.4756E+00
   1.1100E+02   1.4738E+00
   1.1200E+02   1.4680E+00
   1.1300E+02   1.4542E+00
   1.1400E+02   1.4194E+00
   1.1500E+02   1.3934E+00
   1.1600E+02   1.4121E+00
   1.1700E+02   1.4877E+00
   1.1800E+02   1.6436E+00
   1.1900E+02   1.7976E+00
   1.2000E+02   1.9101E+00
   1.2100E+02   1.9627E+00
   1.2200E+02   1.9333E+00
   1.2300E+02   1.8704E+00
   1.2400E+02   1.7487E+00
   1.2500E+02   1.5963E+00
   1.2600E+02   1.4838E+00
   1.2700E+02   1.4814E+00
   1.2800E+02   1.5302E+00
   1.2900E+02   1.5541E+00
   1.3000E+02   1.5398E+00
   1.3100E+02   1.4834E+00
   1.3200E+02   1.4480E+00
   1.3300E+02   1.4637E+00
   1.3400E+02   1.5702E+00
   1.3500E+02   1.6598E+00
   1.3600E+02   1.7288E+00
   1.3700E+02   1.7495E+00
   1.3800E+02   1.7104E+00
   1.3900E+02   1.6016E+00
   1.4000E+02   1.4853E+00
   1.4100E+02   1.4229E+00
   1.4200E+02   1.4635E+00
   1.4300E+02   1.5333E+00
   1.4400E+02   1.6123E+00
   1.4500E+02   1.6438E+00
   1.4600E+02   1.6161E+00
   1.4700E+02   1.5646E+00
   1.4800E+02   1.4961E+00
   1.4900E+02   1.4674E+00
   1.5000E+02   1.4820E+00
   1.5100E+02   1.5235E+00
   1.5200E+02   1.5540E+00
   1.5300E+02   1.5589E+00
   1.5400E+02   1.5369E+00
   1.5500E+02   1.5056E+00
   1.5600E+02   1.4874E+00
   1.5700E+02   1.5136E+00
   1.5800E+02   1.5573E+00
   1.5900E+02   1.6110E+00
   1.6000E+02   1.6671E+00
   1.6100E+02   1.6827E+00
   1.6200E+02   1.6897E+00
   1.6300E+02   1.6917E+00
   1.6400E+02   1.7023E+00
   1.6500E+02   1.7205E+00
   1.6600E+02   1.7686E+00
   1.6700E+02   1.8026E+00
   1.6700E+02   1.4150E+00
   1.6700E+02   1.7894E+00
   1.6800E+02   1.8244E+00
   1.6900E+02   1.8513E+00
   1.7000E+02   1.8622E+00
   1.7100E+02   1.8543E+00
   1.7200E+02   1.8165E+00
   1.7300E+02   1.7766E+00
   1.7400E+02   1.7215E+00
   1.7500E+02   1.7175E+00
   1.7600E+02   1.8016E+00
   1.7700E+02   1.9584E+00
   1.7800E+02   2.1195E+00
   1.7900E+02   2.2076E+00
   1.8000E+02   2.2422E+00
   1.8100E+02   2.2236E+00
   1.8200E+02   2.1661E+00
   1.8300E+02   2.0721E+00
   1.8400E+02   1.9976E+00
   1.8500E+02   1.9715E+00
   1.8600E+02   1.9658E+00
   1.8700E+02   1.9566E+00
   1.8800E+02   1.9212E+00
   1.8900E+02   1.8287E+00
   1.9000E+02   1.6620E+00
   1.9100E+02   1.4283E+00
   1.9200E+02   1.1110E+00
   1.9300E+02   9.1570E-01
   1.9400E+02   9.5295E-01
   1.9500E+02   1.1098E+00
   1.9600E+02   1.2435E+00
   1.9700E+02   1.3181E+00
   1.9800E+02   1.3730E+00
   1.9900E+02   1.4128E+00
   2.0000E+02   1.4547E+00
   2.0100E+02   1.4927E+00
   2.0200E+02   1.5145E+00
   2.0300E+02   1.5006E+00
   2.0400E+02   1.4303E+00
   2.0500E+02   1.3909E+00
   2.0600E+02   1.2976E+00
   2.0700E+02   1.2362E+00
   2.0800E+02   1.2604E+00
   2.0900E+02   1.3600E+00
   2.1000E+02   1.4301E+00
   2.1100E+02   1.4812E+00
   2.1200E+02   1.4781E+00
   2.1300E+02   1.4434E+00
   2.1400E+02   1.4266E+00
   2.1500E+02   1.4780E+00
   2.1600E+02   1.5448E+00
   2.1700E+02   1.6489E+00
   2.1800E+02   1.7121E+00
   2.1900E+02   1.7287E+00
   2.2000E+02   1.6797E+00
   2.2100E+02   1.5733E+00
   2.2200E+02   1.4966E+00
   2.2300E+02   1.5015E+00
   2.2400E+02   1.6006E+00
   2.2500E+02   1.7294E+00
   2.2600E+02   1.7994E+00
   2.2700E+02   1.8303E+00
   2.2800E+02   1.7954E+00
   2.2900E+02   1.7131E+00
   2.3000E+02   1.5841E+00
   2.3100E+02   1.4867E+00
   2.3200E+02   1.4303E+00
   2.3300E+02   1.4258E+00
   2.3400E+02   1.4348E+00
   2.3500E+02   1.4151E+00
   2.3500E+02   1.4150E+00
   2.3500E+02   1.4182E+00
   2.3600E+02   1.3554E+00
   2.3700E+02   1.2511E+00
   2.3800E+02   1.2127E+00
   2.3900E+02   1.2379E+00
   2.4000E+02   1.3523E+00
   2.4100E+02   1.3988E+00
   2.4200E+02   1.3917E+00
   2.4300E+02   1.2818E+00
   2.4400E+02   1.0186E+00
   2.4500E+02   4.5671E-01
   2.4600E+02   5.9216E-01
   2.4700E+02   1.2708E+00
   2.4800E+02   1.6528E+00
   2.4900E+02   1.8454E+00
   2.5000E+02   1.9456E+00
   2.5100E+02   1.9338E+00
   2.5200E+02   1.8506E+00
   2.5300E+02   1.6984E+00
   2.5400E+02   1.4376E+00
   2.5500E+02   1.1206E+00
   2.5600E+02   8.5268E-01
   2.5700E+02   8.0711E-01
   2.5800E+02   9.4768E-01
   2.5900E+02   1.0628E+00
   2.6000E+02   1.1608E+00
   2.6100E+02   1.2066E+00
   2.6200E+02   1.2115E+00
   2.6300E+02   1.1335E+00
   2.6400E+02   1.0341E+00
   2.6400E+02   1.4150E+00
   2.6400E+02   1.0679E+00
   2.6500E+02   9.1514E-01
   2.6600E+02   7.5204E-01
   2.6700E+02   6.5846E-01
   2.6800E+02   7.2153E-01
   2.6900E+02   8.9243E-01
   2.7000E+02   1.1000E+00
   2.7100E+02   1.2970E+00
   2.7200E+02   1.4084E+00
   2.7300E+02   1.4644E+00
   2.7400E+02   1.4469E+00
   2.7500E+02   1.3489E+00
   2.7600E+02   1.1821E+00
   2.7700E+02   1.0871E+00
   2.7800E+02   1.2008E+00
   2.7900E+02   1.3927E+00
   2.8000E+02   1.5869E+00
   2.8100E+02   1.6770E+00
   2.8200E+02   1.7044E+00
   2.8300E+02   1.6620E+00
   2.8400E+02   1.5945E+00
   2.8500E+02   1.4942E+00
   2.8600E+02   1.4204E+00
   2.8700E+02   1.3980E+00
   2.8800E+02   1.4189E+00
   2.8900E+02   1.4738E+00
   2.9000E+02   1.5257E+00
   2.9100E+02   1.5736E+00
   2.9200E+02   1.5963E+00
   2.9300E+02   1.5913E+00
   2.9400E+02   1.5573E+00
   2.9500E+02   1.5045E+00
   2.9600E+02   1.4597E+00
   2.9700E+02   1.4765E+00
   2.9800E+02   1.5695E+00
   2.9900E+02   1.6697E+00
   3.0000E+02   1.7499E+00
   3.0100E+02   1.7989E+00
   3.0200E+02   1.8039E+00
   3.0300E+02   1.7795E+00
   3.0400E+02   1.6964E+00
   3.0500E+02   1.6083E+00
   3.0600E+02   1.4934E+00
   3.0700E+02   1.3619E+00
   3.0800E+02   1.3019E+00
   3.0900E+02   1.4212E+00
   3.1000E+02   1.6595E+00
   3.1100E+02   1.8083E+00
   3.1200E+02   1.9307E+00
   3.1300E+02   1.9728E+00
   3.1400E+02   1.9636E+00
   3.1500E+02   1.9162E+00
   3.1600E+02   1.8383E+00
   3.1700E+02   1.7927E+00
   3.1800E+02   1.7582E+00
   3.1900E+02   1.7465E+00
   3.2000E+02   1.7384E+00
   3.2100E+02   1.7177E+00
   3.2200E+02   1.7079E+00
   3.2300E+02   1.7396E+00
   3.2400E+02   1.8304E+00
   3.2500E+02   2.0058E+00
   3.2600E+02   2.1403E+00
   3.2600E+02   1.4150E+00
   3.2600E+02   2.1295E+00
   3.2700E+02   2.2404E+00
   3.2800E+02   2.2981E+00
   3.2900E+02   2.2868E+00
   3.3000E+02   2.2419E+00
   3.3100E+02   2.1419E+00
   3.3200E+02   2.0080E+00
   3.3300E+02   1.8514E+00
   3.3400E+02   1.7534E+00
   3.3500E+02   1.7102E+00
   3.3600E+02   1.7796E+00
   3.3700E+02   1.8884E+00
   3.3800E+02   2.0109E+00
   3.3900E+02   2.0845E+00
   3.4000E+02   2.0989E+00
   3.4100E+02   2.0266E+00
   3.4200E+02   1.8817E+00
   3.4300E+02   1.7749E+00
   3.4400E+02   1.7127E+00
   3.4500E+02   1.8307E+00
   3.4600E+02   2.0008E+00
   3.4700E+02   2.1330E+00
   3.4800E+02   2.1885E+00
   3.4900E+02   2.1859E+00
   3.5000E+02   2.1223E+00
   3.5100E+02   2.0568E+00
   3.5200E+02   1.9862E+00
   3.5300E+02   1.9155E+00
   3.5400E+02   1.8968E+00
   3.5500E+02   1.9081E+00
   3.5600E+02   1.9482E+00
   3.5700E+02   2.0032E+00
   3.5800E+02   2.0797E+00
   3.5900E+02   2.1331E+00
   3.6000E+02   2.1868E+00
   3.6100E+02   2.2064E+00
   3.6200E+02   2.2247E+00
   3.6300E+02   2.2114E+00
   3.6400E+02   2.1525E+00
   3.6500E+02   2.0572E+00
   3.6600E+02   1.9906E+00
   3.6700E+02   2.0502E+00
   3.6800E+02   2.2333E+00
   3.6900E+02   2.4346E+00
   3.7000E+02   2.5576E+00
   3.7100E+02   2.6103E+00
   3.7200E+02   2.5786E+00
   3.7300E+02   2.4395E+00
   3.7400E+02   2.2614E+00
   3.7500E+02   1.9768E+00
   3.7600E+02   1.8346E+00
   3.7700E+02   1.9542E+00
   3.7800E+02   2.1143E+00
   3.7900E+02   2.1864E+00
   3.8000E+02   2.1059E+00
   3.8100E+02   1.9500E+00
   3.8200E+02   1.7446E+00
   3.8300E+02   1.6575E+00
   3.8400E+02   1.9260E+00
   3.8500E+02   2.2036E+00
   3.8600E+02   2.3705E+00
   3.8700E+02   2.4453E+00
   3.8800E+02   2.4504E+00
   3.8900E+02   2.4037E+00
   3.9000E+02   2.3733E+00
   3.9100E+02   2.3812E+00
   3.9200E+02   2.4458E+00
   3.9300E+02   2.5356E+00
   3.9400E+02   2.5704E+00
   3.9500E+02   2.5542E+00
   3.9600E+02   2.4887E+00
   3.9700E+02   2.3188E+00
   3.9800E+02   2.1824E+00
   3.9900E+02   1.9482E+00
   4.0000E+02   1.8323E+00
   4.0100E+02   1.8516E+00
   4.0200E+02   1.9454E+00
   4.0300E+02   2.0223E+00
   4.0400E+02   2.0842E+00
   4.0500E+02   2.1409E+00
   4.0600E+02   2.1685E+00
   4.0700E+02   2.2121E+00
   4.0800E+02   2.2267E+00
   4.0900E+02   2.2370E+00
   4.1000E+02   2.2168E+00
   4.1100E+02   2.1896E+00
   4.1200E+02   2.1208E+00
   4.1300E+02   2.0203E+00
   4.1400E+02   1.9025E+00
   4.1500E+02   1.8265E+00
   4.1600E+02   1.7944E+00
   4.1700E+02   1.8180E+00
   4.1800E+02   1.9121E+00
   4.1900E+02   2.0056E+00
   4.2000E+02   2.1021E+00
   4.2100E+02   2.1862E+00
   4.2200E+02   2.2481E+00
   4.2300E+02   2.2810E+00
   4.2400E+02   2.2878E+00
   4.2500E+02   2.2690E+00
   4.2600E+02   2.2436E+00
   4.2700E+02   2.2151E+00
   4.2800E+02   2.1490E+00
   4.2900E+02   2.0765E+00
   4.3000E+02   2.0006E+00
   4.3100E+02   1.9086E+00
   4.3200E+02   1.8170E+00
   4.3300E+02   1.7225E+00
   4.3400E+02   1.6408E+00
   4.3500E+02   1.5992E+00
   4.3600E+02   1.6088E+00
   4.3700E+02   1.6569E+00
   4.3800E+02   1.7300E+00
   4.3900E+02   1.8238E+00
   4.4000E+02   1.9041E+00
   4.4100E+02   1.9464E+00
   4.4200E+02   1.9427E+00
   4.4300E+02   1.8823E+00
   4.4400E+02   1.8195E+00
   4.4500E+02   1.7483E+00
   4.4600E+02   1.7413E+00
   4.4700E+02   1.8038E+00
   4.4800E+02   1.8727E+00
   4.4900E+02   1.9150E+00
   4.5000E+02   1.9036E+00
   4.5100E+02   1.8630E+00
   4.5200E+02   1.8079E+00
   4.5300E+02   1.7433E+00
   4.5400E+02   1.7203E+00
   4.5500E+02   1.7444E+00
   4.5600E+02   1.7966E+00
   4.5700E+02   1.8276E+00
   4.5800E+02   1.8528E+00
   4.5900E+02   1.8516E+00
   4.6000E+02   1.8304E+00
   4.6100E+02   1.7826E+00
   4.6200E+02   1.7075E+00
   4.6300E+02   1.6229E+00
   4.6400E+02   1.5622E+00
   4.6500E+02   1.5988E+00
   4.6600E+02   1.7185E+00
   4.6700E+02   1.8569E+00
   4.6800E+02   1.9647E+00
   4.6900E+02   2.0156E+00
   4.7000E+02   2.0289E+00
   4.7100E+02   2.0198E+00
   4.7200E+02   2.0158E+00
   4.7300E+02   2.0367E+00
   4.7400E+02   2.1000E+00
   4.7500E+02   2.1419E+00
   4.7600E+02   2.1714E+00
   4.7700E+02   2.1633E+00
   4.7800E+02   2.1185E+00
   4.7900E+02   2.0350E+00
   4.8000E+02   2.0038E+00
   4.8100E+02   2.0286E+00
   4.8200E+02   2.1243E+00
   4.8300E+02   2.2183E+00
   4.8400E+02   2.3116E+00
   4.8500E+02   2.3649E+00
   4.8600E+02   2.3842E+00
   4.8700E+02   2.3693E+00
   4.8800E+02   2.3254E+00
   4.8900E+02   2.2310E+00
   4.9000E+02   2.0793E+00
   4.9100E+02   1.8690E+00
   4.9200E+02   1.7660E+00
   4.9300E+02   1.9282E+00
   4.9400E+02   2.1579E+00
   4.9500E+02   2.3237E+00
   4.9600E+02   2.4080E+00
   4.9700E+02   2.3953E+00
   4.9800E+02   2.3016E+00
   4.9900E+02   2.1946E+00
   5.0000E+02   2.0381E+00
   5.0100E+02   1.9987E+00
   5.0200E+02   2.0672E+00
   5.0300E+02   2.1763E+00
   5.0400E+02   2.2385E+00
   5.0500E+02   2.2643E+00
   5.0600E+02   2.2622E+00
   5.0700E+02   2.2550E+00
   5.0800E+02   2.2722E+00
   5.0900E+02   2.3173E+00
   5.1000E+02   2.3637E+00
   5.1100E+02   2.4060E+00
   5.1200E+02   2.4214E+00
   5.1300E+02   2.4133E+00
   5.1400E+02   2.4040E+00
   5.1500E+02   2.3866E+00
   5.1600E+02   2.3869E+00
   5.1700E+02   2.4013E+00
   5.1800E+02   2.4154E+00
   5.1900E+02   2.4119E+00
   5.2000E+02   2.3784E+00
   5.2100E+02   2.2966E+00
   5.2200E+02   2.1707E+00
   5.2300E+02   1.9795E+00
   5.2400E+02   1.7726E+00
   5.2500E+02   1.6085E+00
   5.2600E+02   1.5531E+00
   5.2700E+02   1.5960E+00
   5.2800E+02   1.6713E+00
   5.2900E+02   1.7255E+00
   5.3000E+02   1.7608E+00
   5.3100E+02   1.7838E+00
   5.3200E+02   1.7934E+00
   5.3300E+02   1.7629E+00
   5.3400E+02   1.7579E+00
   5.3500E+02   1.6892E+00
   5.3600E+02   1.5745E+00
   5.3700E+02   1.4321E+00
   5.3800E+02   1.3599E+00
   5.3900E+02   1.4713E+00
   5.4000E+02   1.7266E+00
   5.4100E+02   1.9394E+00
   5.4200E+02   2.0969E+00
   5.4300E+02   2.1803E+00
   5.4400E+02   2.2049E+00
   5.4500E+02   2.1890E+00
   5.4600E+02   2.1194E+00
   5.4700E+02   2.0725E+00
   5.4800E+02   1.9908E+00
   5.4900E+02   1.9265E+00
   5.5000E+02   1.8855E+00
   5.5100E+02   1.8859E+00
   5.5200E+02   1.9434E+00
   5.5300E+02   2.0141E+00
   5.5400E+02   2.0497E+00
   5.5500E+02   2.0643E+00
   5.5600E+02   2.0286E+00
   5.5700E+02   1.9780E+00
   5.5800E+02   1.9143E+00
   5.5900E+02   1.8726E+00
   5.6000E+02   1.8785E+00
   5.6100E+02   1.9121E+00
   5.6200E+02   1.9297E+00
   5.6300E+02   1.9186E+00
   5.6400E+02   1.8585E+00
   5.6500E+02   1.7923E+00
   5.6600E+02   1.6815E+00
   5.6700E+02   1.6159E+00
   5.6800E+02   1.5855E+00
   5.6900E+02   1.6129E+00
   5.7000E+02   1.6310E+00
   5.7100E+02   1.6718E+00
   5.7200E+02   1.6886E+00
   5.7300E+02   1.6997E+00
   5.7400E+02   1.7063E+00
   5.7500E+02   1.7056E+00
   5.7600E+02   1.7040E+00
   5.7700E+02   1.7097E+00
   5.7800E+02   1.7217E+00
   5.7900E+02   1.7463E+00
   5.8000E+02   1.7854E+00
   5.8100E+02   1.7995E+00
   5.8200E+02   1.7986E+00
   5.8300E+02   1.7589E+00
   5.8400E+02   1.6883E+00
   5.8500E+02   1.6088E+00
   5.8600E+02   1.5101E+00
   5.8700E+02   1.4568E+00
   5.8800E+02   1.4636E+00
   5.8900E+02   1.5110E+00
   5.9000E+02   1.5774E+00
   5.9100E+02   1.6607E+00
   5.9200E+02   1.7372E+00
   5.9300E+02   1.7755E+00
   5.9400E+02   1.7823E+00
   5.9500E+02   1.7426E+00
   5.9600E+02   1.7093E+00
   5.9700E+02   1.7124E+00
   5.9800E+02   1.7825E+00
   5.9900E+02   1.8998E+00
   6.0000E+02   2.0012E+00
   6.0100E+02   2.0586E+00
   6.0200E+02   2.0667E+00
   6.0300E+02   1.9771E+00
   6.0400E+02   1.8615E+00
   6.0500E+02   1.7394E+00
   6.0600E+02   1.5426E+00
   6.0700E+02   1.4291E+00
   6.0800E+02   1.4146E+00
   6.0900E+02   1.4790E+00
   6.1000E+02   1.5460E+00
   6.1100E+02   1.6178E+00
   6.1200E+02   1.6774E+00
   6.1300E+02   1.6865E+00
   6.1400E+02   1.6721E+00
   6.1500E+02   1.6505E+00
   6.1600E+02   1.6226E+00
   6.1700E+02   1.6302E+00
   6.1800E+02   1.7030E+00
   6.1900E+02   1.7543E+00
   6.2000E+02   1.7858E+00
   6.2100E+02   1.7567E+00
   6.2200E+02   1.5925E+00
   6.2300E+02   1.2139E+00
   6.2400E+02   3.1082E-01
   6.2500E+02   1.0477E+00
   6.2600E+02   1.7519E+00
   6.2600E+02   1.4150E+00
   6.2600E+02   1.7402E+00
   6.2700E+02   2.0914E+00
   6.2800E+02   2.2538E+00
   6.2900E+02   2.3215E+00
   6.3000E+02   2.2766E+00
   6.3100E+02   2.1248E+00
   6.3200E+02   1.8431E+00
   6.3300E+02   1.2412E+00
   6.3400E+02  -2.6059E-01
   6.3400E+02   1.4150E+00
   6.3400E+02  -2.6059E-01
   6.3500E+02  -2.6059E-01
   6.3500E+02   1.4150E+00
   6.3500E+02  -2.6059E-01
   6.3600E+02   1.0870E+00
   6.3700E+02   1.4869E+00
   6.3800E+02   1.6413E+00
   6.3900E+02   1.7100E+00
   6.4000E+02   1.7371E+00
   6.4100E+02   1.7576E+00
   6.4200E+02   1.7720E+00
   6.4300E+02   1.7790E+00
   6.4400E+02   1.7592E+00
   6.4500E+02   1.7318E+00
   6.4600E+02   1.6755E+00
   6.4700E+02   1.6421E+00
   6.4800E+02   1.6187E+00
   6.4900E+02   1.6671E+00
   6.5000E+02   1.7303E+00
   6.5100E+02   1.8133E+00
   6.5200E+02   1.8997E+00
   6.5300E+02   1.9469E+00
   6.5400E+02   1.9675E+00
   6.5500E+02   1.9728E+00
   6.5600E+02   1.9532E+00
   6.5700E+02   1.9295E+00
   6.5800E+02   1.9055E+00
   6.5900E+02   1.8523E+00
   6.6000E+02   1.8327E+00
   6.6100E+02   1.8048E+00
   6.6200E+02   1.7882E+00
   6.6300E+02   1.7819E+00
   6.6400E+02   1.7786E+00
   6.6500E+02   1.7703E+00
   6.6600E+02   1.7646E+00
   6.6700E+02   1.7370E+00
   6.6800E+02   1.6967E+00
   6.6900E+02   1.6482E+00
   6.7000E+02   1.5759E+00
   6.7100E+02   1.5121E+00
   6.7200E+02   1.4875E+00
   6.7300E+02   1.5277E+00
   6.7400E+02   1.5909E+00
   6.7500E+02   1.6443E+00
   6.7600E+02   1.6759E+00
   6.7700E+02   1.6639E+00
   6.7800E+02   1.6463E+00
   6.7900E+02   1.6054E+00
   6.8000E+02   1.5834E+00
   6.8100E+02   1.5830E+00
   6.8200E+02   1.6094E+00
   6.8300E+02   1.6317E+00
   6.8400E+02   1.6555E+00
   6.8500E+02   1.6928E+00
   6.8600E+02   1.7305E+00
   6.8700E+02   1.7926E+00
   6.8800E+02   1.8494E+00
   6.8900E+02   1.9264E+00
   6.9000E+02   1.9685E+00
   6.9100E+02   1.9925E+00
   6.9200E+02   1.9726E+00
   6.9300E+02   1.9124E+00
   6.9400E+02   1.8306E+00
   6.9500E+02   1.7307E+00
   6.9600E+02   1.6818E+00
   6.9700E+02   1.6868E+00
   6.9800E+02   1.7304E+00
   6.9900E+02   1.7502E+00
   7.0000E+02   1.7449E+00
   7.0100E+02   1.6856E+00
   7.0200E+02   1.6548E+00
   7.0300E+02   1.5846E+00
   7.0400E+02   1.5551E+00
   7.0500E+02   1.5586E+00
   7.0600E+02   1.6179E+00
   7.0700E+02   1.6528E+00
   7.0800E+02   1.7315E+00
   7.0900E+02   1.7972E+00
   7.1000E+02   1.8399E+00
   7.1100E+02   1.8534E+00
   7.1200E+02   1.8311E+00
   7.1300E+02   1.7640E+00
   7.1400E+02   1.6746E+00
   7.1500E+02   1.5490E+00
   7.1600E+02   1.4192E+00
   7.1700E+02   1.3035E+00
   7.1800E+02   1.2544E+00
   7.1900E+02   1.3315E+00
   7.2000E+02   1.4621E+00
   7.2100E+02   1.5872E+00
   7.2200E+02   1.6810E+00
   7.2300E+02   1.7095E+00
   7.2400E+02   1.6855E+00
   7.2500E+02   1.5983E+00
   7.2600E+02   1.5410E+00
   7.2700E+02   1.4599E+00
   7.2800E+02   1.4308E+00
   7.2900E+02   1.4572E+00
   7.3000E+02   1.4935E+00
   7.3100E+02   1.5540E+00
   7.3200E+02   1.5828E+00
   7.3300E+02   1.6030E+00
   7.3400E+02   1.5827E+00
   7.3500E+02   1.4575E+00
   7.3600E+02   1.3532E+00
   7.3700E+02   1.2788E+00
   7.3800E+02   1.4576E+00
   7.3900E+02   1.7726E+00
   7.4000E+02   2.0200E+00
   7.4100E+02   2.1856E+00
   7.4200E+02   2.2547E+00
   7.4300E+02   2.2438E+00
   7.4400E+02   2.1654E+00
   7.4500E+02   2.0094E+00
   7.4600E+02   1.8436E+00
   7.4700E+02   1.7136E+00
   7.4800E+02   1.7060E+00
   7.4900E+02   1.7818E+00
   7.5000E+02   1.8278E+00
   7.5100E+02   1.8482E+00
   7.5200E+02   1.8227E+00
   7.5300E+02   1.7763E+00
   7.5400E+02   1.7034E+00
   7.5500E+02   1.5864E+00
   7.5600E+02   1.5078E+00
   7.5700E+02   1.4264E+00
   7.5800E+02   1.3375E+00
   7.5900E+02   1.2944E+00
   7.6000E+02   1.2894E+00
   7.6100E+02   1.2948E+00
   7.6200E+02   1.2900E+00
   7.6300E+02   1.2611E+00
   7.6400E+02   1.2392E+00
   7.6500E+02   1.1855E+00
   7.6600E+02   1.1232E+00
   7.6700E+02   1.1072E+00
   7.6800E+02   1.1348E+00
   7.6900E+02   1.2495E+00
   7.7000E+02   1.3814E+00
   7.7100E+02   1.5283E+00
   7.7200E+02   1.6499E+00
   7.7300E+02   1.7166E+00
   7.7400E+02   1.7251E+00
   7.7500E+02   1.6998E+00
   7.7600E+02   1.6348E+00
   7.7700E+02   1.5805E+00
   7.7800E+02   1.5628E+00
   7.7900E+02   1.5858E+00
   7.8000E+02   1.6201E+00
   7.8100E+02   1.6507E+00
   7.8200E+02   1.6673E+00
   7.8300E+02   1.6635E+00
   7.8400E+02   1.6419E+00
   7.8500E+02   1.6130E+00
   7.8600E+02   1.6011E+00
   7.8700E+02   1.5938E+00
   7.8800E+02   1.6067E+00
   7.8900E+02   1.6457E+00
   7.9000E+02   1.6998E+00
   7.9100E+02   1.7787E+00
   7.9200E+02   1.8253E+00
   7.9300E+02   1.8664E+00
   7.9400E+02   1.8727E+00
   7.9500E+02   1.8578E+00
   7.9600E+02   1.8272E+00
   7.9700E+02   1.7744E+00
   7.9800E+02   1.6869E+00
   7.9900E+02   1.5891E+00
   8.0000E+02   1.4966E+00
   8.0100E+02   1.4195E+00
   8.0200E+02   1.3653E+00
   8.0300E+02   1.3438E+00
   8.0400E+02   1.3345E+00
   8.0500E+02   1.3201E+00
   8.0600E+02   1.2659E+00
   8.0700E+02   1.2236E+00
   8.0800E+02   1.2072E+00
   8.0900E+02   1.2347E+00
   8.1000E+02   1.3664E+00
   8.1000E+02   1.4150E+00
   8.1000E+02   1.3205E+00
   8.1100E+02   1.4361E+00
   8.1200E+02   1.5673E+00
   8.1300E+02   1.6608E+00
   8.1400E+02   1.7483E+00
   8.1500E+02   1.7900E+00
   8.1600E+02   1.7926E+00
   8.1700E+02   1.6931E+00
   8.1800E+02   1.5617E+00
   8.1900E+02   1.3898E+00
   8.2000E+02   1.0717E+00
   8.2100E+02   9.5094E-01
   8.2200E+02   1.1736E+00
   8.2300E+02   1.3825E+00
   8.2400E+02   1.5094E+00
   8.2500E+02   1.5329E+00
   8.2600E+02   1.4673E+00
   8.2700E+02   1.3846E+00
   8.2800E+02   1.2951E+00
   8.2900E+02   1.3293E+00
   8.3000E+02   1.4128E+00
   8.3100E+02   1.5158E+00
   8.3200E+02   1.5954E+00
   8.3300E+02   1.6259E+00
   8.3400E+02   1.6215E+00
   8.3500E+02   1.5918E+00
   8.3600E+02   1.5612E+00
   8.3700E+02   1.4983E+00
   8.3800E+02   1.4779E+00
   8.3900E+02   1.5184E+00
   8.4000E+02   1.6186E+00
   8.4100E+02   1.7307E+00
   8.4200E+02   1.8444E+00
   8.4300E+02   1.9225E+00
   8.4400E+02   1.9309E+00
   8.4500E+02   1.8796E+00
   8.4600E+02   1.7770E+00
   8.4700E+02   1.6437E+00
   8.4800E+02   1.5715E+00
   8.4900E+02   1.6287E+00
   8.5000E+02   1.7292E+00
   8.5100E+02   1.8138E+00
   8.5200E+02   1.8670E+00
   8.5300E+02   1.8607E+00
   8.5400E+02   1.8300E+00
   8.5500E+02   1.7544E+00
   8.5600E+02   1.6396E+00
   8.5700E+02   1.4959E+00
   8.5800E+02   1.3965E+00
   8.5900E+02   1.4517E+00
   8.6000E+02   1.6592E+00
   8.6100E+02   1.8768E+00
   8.6200E+02   2.0436E+00
   8.6300E+02   2.1138E+00
   8.6400E+02   2.1263E+00
   8.6500E+02   2.0667E+00
   8.6600E+02   1.9768E+00
   8.6700E+02   1.8805E+00
   8.6800E+02   1.7952E+00
   8.6900E+02   1.7707E+00
   8.7000E+02   1.8093E+00
   8.7100E+02   1.8613E+00
   8.7200E+02   1.9190E+00
   8.7300E+02   1.9599E+00
   8.7400E+02   1.9598E+00
   8.7500E+02   1.8940E+00
   8.7600E+02   1.7161E+00
   8.7700E+02   1.4119E+00
   8.7800E+02   1.2337E+00
   8.7900E+02   1.6736E+00
   8.8000E+02   2.1174E+00
   8.8100E+02   2.3638E+00
   8.8200E+02   2.5045E+00
   8.8300E+02   2.5303E+00
   8.8400E+02   2.4669E+00
   8.8500E+02   2.3185E+00
   8.8600E+02   2.1087E+00
   8.8700E+02   1.9452E+00
   8.8800E+02   2.0559E+00
   8.8900E+02   2.2436E+00
   8.9000E+02   2.3741E+00
   8.9100E+02   2.4227E+00
   8.9200E+02   2.3692E+00
   8.9300E+02   2.2690E+00
   8.9400E+02   2.0924E+00
   8.9500E+02   1.8640E+00
   8.9600E+02   1.7284E+00
   8.9700E+02   1.7618E+00
   8.9800E+02   1.9179E+00
   8.9900E+02   2.1354E+00
   9.0000E+02   2.2788E+00
   9.0100E+02   2.4072E+00
   9.0200E+02   2.4759E+00
   9.0300E+02   2.4866E+00
   9.0400E+02   2.4523E+00
   9.0500E+02   2.4131E+00
   9.0600E+02   2.3177E+00
   9.0700E+02   2.2169E+00
   9.0800E+02   2.0708E+00
   9.0900E+02   1.9259E+00
   9.1000E+02   1.8537E+00
   9.1100E+02   1.9241E+00
   9.1200E+02   2.0235E+00
   9.1300E+02   2.1611E+00
   9.1400E+02   2.2292E+00
   9.1500E+02   2.2746E+00
   9.1600E+02   2.2812E+00
   9.1700E+02   2.2669E+00
   9.1800E+02   2.2314E+00
   9.1900E+02   2.1810E+00
   9.2000E+02   2.1061E+00
   9.2100E+02   2.0451E+00
   9.2200E+02   1.9754E+00
   9.2300E+02   1.9220E+00
   9.2400E+02   1.8866E+00
   9.2500E+02   1.8582E+00
   9.2600E+02   1.8211E+00
   9.2700E+02   1.7669E+00
   9.2800E+02   1.7106E+00
   9.2900E+02   1.7085E+00
   9.3000E+02   1.7958E+00
   9.3100E+02   1.9375E+00
   9.3200E+02   2.0592E+00
   9.3300E+02   2.1295E+00
   9.3400E+02   2.1773E+00
   9.3500E+02   2.1728E+00
   9.3600E+02   2.1407E+00
   9.3700E+02   2.0919E+00
   9.3800E+02   2.0328E+00
   9.3900E+02   1.9608E+00
   9.4000E+02   1.8714E+00
   9.4100E+02   1.8055E+00
   9.4200E+02   1.6834E+00
   9.4300E+02   1.5531E+00
   9.4400E+02   1.4408E+00
   9.4500E+02   1.3815E+00
   9.4600E+02   1.4439E+00
   9.4700E+02   1.5944E+00
   9.4800E+02   1.7219E+00
   9.4900E+02   1.8357E+00
   9.5000E+02   1.9247E+00
   9.5100E+02   1.9928E+00
   9.5200E+02   2.0196E+00
   9.5300E+02   2.0038E+00
   9.5400E+02   1.9039E+00
   9.5500E+02   1.8461E+00
   9.5600E+02   1.7123E+00
   9.5700E+02   1.4943E+00
   9.5800E+02   1.3506E+00
   9.5900E+02   1.2655E+00
   9.6000E+02   1.2893E+00
   9.6100E+02   1.3526E+00
   9.6100E+02   1.4150E+00
   9.6100E+02   1.3459E+00
   9.6200E+02   1.4073E+00
   9.6200E+02   1.4150E+00
   9.6200E+02   1.4059E+00
   9.6200E+02   1.4150E+00
   9.6200E+02   1.4150E+00
   9.6200E+02   1.4059E+00
   9.6300E+02   1.4636E+00
   9.6400E+02   1.4591E+00
   9.6400E+02   1.4150E+00
   9.6400E+02   1.4650E+00
   9.6500E+02   1.4418E+00
   9.6500E+02   1.4150E+00
   9.6500E+02   1.4504E+00
   9.6600E+02   1.3941E+00
   9.6700E+02   1.3295E+00
   9.6800E+02   1.2877E+00
   9.6900E+02   1.3416E+00
   9.7000E+02   1.4498E+00
   9.7100E+02   1.5750E+00
   9.7200E+02   1.6491E+00
   9.7300E+02   1.6795E+00
   9.7400E+02   1.6354E+00
   9.7500E+02   1.6018E+00
   9.7600E+02   1.5080E+00
   9.7700E+02   1.4548E+00
   9.7800E+02   1.4299E+00
   9.7900E+02   1.4687E+00
   9.8000E+02   1.5313E+00
   9.8100E+02   1.6062E+00
   9.8200E+02   1.6836E+00
   9.8300E+02   1.7582E+00
   9.8400E+02   1.8020E+00
   9.8500E+02   1.8707E+00
   9.8600E+02   1.9230E+00
   9.8700E+02   1.9442E+00
   9.8800E+02   1.9345E+00
   9.8900E+02   1.8388E+00
   9.9000E+02   1.7569E+00
   9.9100E+02   1.5791E+00
   9.9200E+02   1.3903E+00
   9.9300E+02   1.3391E+00
   9.9400E+02   1.4461E+00
   9.9500E+02   1.5801E+00
   9.9600E+02   1.6789E+00
   9.9700E+02   1.6921E+00
   9.9800E+02   1.6528E+00
   9.9900E+02   1.5487E+00
   1.0000E+03   1.4441E+00
   1.0000E+03   1.4150E+00
   1.0000E+03   1.4640E+00
   1.0010E+03   1.2893E+00
   1.0020E+03   1.0846E+00
   1.0020E+03   1.4150E+00
   1.0020E+03   1.0867E+00
   1.0030E+03   8.6565E-01
   1.0040E+03   8.6745E-01
   1.0040E+03   1.4150E+00
   1.0040E+03   8.6361E-01
   1.0050E+03   1.0820E+00
   1.0060E+03   1.3127E+00
   1.0070E+03   1.4263E+00
   1.0080E+03   1.4837E+00
   1.0090E+03   1.4619E+00
   1.0090E+03   1.4150E+00
   1.0090E+03   1.4642E+00
   1.0100E+03   1.3958E+00
   1.0110E+03   1.3200E+00
   1.0120E+03   1.3133E+00
   1.0130E+03   1.4126E+00
   1.0130E+03   1.4150E+00
   1.0130E+03   1.3877E+00
   1.0140E+03   1.4998E+00
   1.0150E+03   1.5717E+00
   1.0160E+03   1.5899E+00
   1.0170E+03   1.5692E+00
   1.0180E+03   1.5143E+00
   1.0190E+03   1.5076E+00
   1.0200E+03   1.5530E+00
   1.0210E+03   1.6205E+00
   1.0220E+03   1.6792E+00
   1.0230E+03   1.7096E+00
   1.0240E+03   1.6685E+00
   1.0250E+03   1.5505E+00
   1.0260E+03   1.4207E+00
   1.0260E+03   1.4150E+00
   1.0260E+03   1.4295E+00
   1.0270E+03   1.2049E+00
   1.0280E+03   1.0213E+00
   1.0280E+03   1.4150E+00
   1.0280E+03   1.0284E+00
   1.0290E+03   1.0403E+00
   1.0300E+03   1.1608E+00
   1.0310E+03   1.2445E+00
   1.0320E+03   1.2505E+00
   1.0330E+03   1.2099E+00
   1.0340E+03   1.0933E+00
   1.0350E+03   1.0368E+00
   1.0350E+03   1.4150E+00
   1.0350E+03   1.0382E+00
   1.0360E+03   9.9500E-01
   1.0360E+03   1.4150E+00
   1.0360E+03   9.9500E-01
   1.0360E+03   1.4150E+00
   1.0360E+03   1.4150E+00
   1.0360E+03   1.4150E+00
   1.0360E+03   9.9500E-01
   1.0360E+03   1.4150E+00
   1.0360E+03   9.9500E-01
   1.0360E+03   1.4150E+00
   1.0360E+03   9.9500E-01
   1.0360E+03   1.4150E+00
   1.0360E+03   9.9500E-01
   1.0360E+03   1.4150E+00
   1.0360E+03   9.9500E-01
