   0.0000E+00   1.4150E+00
   0.0000E+00   1.4969E+00
   1.0000E+00   1.5041E+00
   2.0000E+00   1.5934E+00
   3.0000E+00   1.4725E+00
   4.0000E+00   1.1969E+00
   5.0000E+00   9.6273E-01
   6.0000E+00   1.1002E+00
   7.0000E+00   1.3375E+00
   8.0000E+00   1.5225E+00
   9.0000E+00   1.6357E+00
   1.0000E+01   1.7015E+00
   1.1000E+01   1.7323E+00
   1.2000E+01   1.7361E+00
   1.3000E+01   1.7138E+00
   1.4000E+01   1.6708E+00
   1.5000E+01   1.6172E+00
   1.6000E+01   1.5635E+00
   1.7000E+01   1.5371E+00
   1.8000E+01   1.5324E+00
   1.9000E+01   1.5411E+00
   2.0000E+01   1.5543E+00
   2.1000E+01   1.5607E+00
   2.2000E+01   1.5578E+00
   2.3000E+01   1.5375E+00
   2.4000E+01   1.4943E+00
   2.5000E+01   1.4188E+00
   2.6000E+01   1.3062E+00
   2.7000E+01   1.1647E+00
   2.8000E+01   1.0194E+00
   2.9000E+01   9.1307E-01
   3.0000E+01   8.8007E-01
   3.1000E+01   9.0052E-01
   3.2000E+01   9.3334E-01
   3.3000E+01   9.7323E-01
   3.4000E+01   1.0361E+00
   3.5000E+01   1.1386E+00
   3.6000E+01   1.2645E+00
   3.7000E+01   1.3956E+00
   3.8000E+01   1.5000E+00
   3.9000E+01   1.5742E+00
   4.0000E+01   1.6096E+00
   4.1000E+01   1.6154E+00
   4.2000E+01   1.6023E+00
   4.3000E+01   1.5799E+00
   4.4000E+01   1.5591E+00
   4.5000E+01   1.5460E+00
   4.6000E+01   1.5363E+00
   4.7000E+01   1.5337E+00
   4.8000E+01   1.5344E+00
   4.9000E+01   1.5351E+00
   5.0000E+01   1.5316E+00
   5.1000E+01   1.5145E+00
   5.2000E+01   1.4930E+00
   5.3000E+01   1.4766E+00
   5.4000E+01   1.5027E+00
   5.5000E+01   1.5904E+00
   5.6000E+01   1.7239E+00
   5.7000E+01   1.8521E+00
   5.8000E+01   1.9408E+00
   5.9000E+01   1.9895E+00
   6.0000E+01   1.9874E+00
   6.1000E+01   1.9520E+00
   6.2000E+01   1.8903E+00
   6.3000E+01   1.8181E+00
   6.4000E+01   1.7542E+00
   6.5000E+01   1.7067E+00
   6.6000E+01   1.6617E+00
   6.7000E+01   1.6210E+00
   6.8000E+01   1.5775E+00
   6.9000E+01   1.5395E+00
   7.0000E+01   1.5106E+00
   7.1000E+01   1.5089E+00
   7.2000E+01   1.5390E+00
   7.3000E+01   1.5740E+00
   7.4000E+01   1.5993E+00
   7.5000E+01   1.6009E+00
   7.6000E+01   1.5676E+00
   7.7000E+01   1.5167E+00
   7.8000E+01   1.4318E+00
   7.9000E+01   1.3341E+00
   8.0000E+01   1.2264E+00
   8.1000E+01   1.1597E+00
   8.2000E+01   1.1904E+00
   8.3000E+01   1.3279E+00
   8.4000E+01   1.4863E+00
   8.5000E+01   1.6035E+00
   8.6000E+01   1.6645E+00
   8.7000E+01   1.6602E+00
   8.8000E+01   1.5934E+00
   8.9000E+01   1.4951E+00
   9.0000E+01   1.3935E+00
   9.1000E+01   1.3683E+00
   9.2000E+01   1.4331E+00
   9.3000E+01   1.5349E+00
   9.4000E+01   1.6226E+00
   9.5000E+01   1.6906E+00
   9.6000E+01   1.7308E+00
   9.7000E+01   1.7453E+00
   9.8000E+01   1.7301E+00
   9.9000E+01   1.6832E+00
   1.0000E+02   1.6030E+00
   1.0100E+02   1.5151E+00
   1.0200E+02   1.4543E+00
   1.0300E+02   1.4612E+00
   1.0400E+02   1.5184E+00
   1.0500E+02   1.5774E+00
   1.0600E+02   1.6209E+00
   1.0700E+02   1.6364E+00
   1.0800E+02   1.6378E+00
   1.0900E+02   1.6405E+00
   1.1000E+02   1.6602E+00
   1.1100E+02   1.6945E+00
   1.1200E+02   1.7356E+00
   1.1300E+02   1.7634E+00
   1.1400E+02   1.7702E+00
   1.1500E+02   1.7529E+00
   1.1600E+02   1.7155E+00
   1.1700E+02   1.6587E+00
   1.1800E+02   1.5952E+00
   1.1900E+02   1.5249E+00
   1.2000E+02   1.4454E+00
   1.2100E+02   1.3832E+00
   1.2200E+02   1.3367E+00
   1.2300E+02   1.3126E+00
   1.2400E+02   1.2972E+00
   1.2500E+02   1.2742E+00
   1.2600E+02   1.2173E+00
   1.2700E+02   1.1610E+00
   1.2800E+02   1.1874E+00
   1.2900E+02   1.3390E+00
   1.3000E+02   1.5638E+00
   1.3100E+02   1.7540E+00
   1.3200E+02   1.8802E+00
   1.3300E+02   1.9359E+00
   1.3400E+02   1.9216E+00
   1.3500E+02   1.8462E+00
   1.3600E+02   1.7381E+00
   1.3700E+02   1.6483E+00
   1.3800E+02   1.6687E+00
   1.3900E+02   1.7518E+00
   1.4000E+02   1.8306E+00
   1.4100E+02   1.8588E+00
   1.4200E+02   1.8119E+00
   1.4300E+02   1.6855E+00
   1.4400E+02   1.4727E+00
   1.4500E+02   1.1704E+00
   1.4600E+02   9.1401E-01
   1.4700E+02   9.7315E-01
   1.4800E+02   1.2249E+00
   1.4900E+02   1.4536E+00
   1.5000E+02   1.6281E+00
   1.5100E+02   1.7425E+00
   1.5200E+02   1.7991E+00
   1.5300E+02   1.7955E+00
   1.5400E+02   1.7194E+00
   1.5500E+02   1.5727E+00
   1.5600E+02   1.3398E+00
   1.5700E+02   1.0478E+00
   1.5800E+02   8.5238E-01
   1.5900E+02   8.7038E-01
   1.5900E+02   1.4150E+00
   1.5900E+02   8.6959E-01
   1.6000E+02   9.7235E-01
   1.6100E+02   9.8131E-01
   1.6200E+02   8.9705E-01
   1.6300E+02   8.0995E-01
   1.6400E+02   8.1912E-01
   1.6500E+02   1.0086E+00
   1.6600E+02   1.2491E+00
   1.6700E+02   1.4067E+00
   1.6800E+02   1.4967E+00
   1.6900E+02   1.5126E+00
   1.7000E+02   1.4743E+00
   1.7100E+02   1.4326E+00
   1.7200E+02   1.4034E+00
   1.7300E+02   1.4196E+00
   1.7400E+02   1.4741E+00
   1.7500E+02   1.5200E+00
   1.7600E+02   1.5137E+00
   1.7700E+02   1.4575E+00
   1.7800E+02   1.3482E+00
   1.7900E+02   1.1479E+00
   1.8000E+02   1.0144E+00
   1.8100E+02   1.0263E+00
   1.8200E+02   1.1827E+00
   1.8300E+02   1.3444E+00
   1.8400E+02   1.4412E+00
   1.8500E+02   1.5000E+00
   1.8600E+02   1.5333E+00
   1.8700E+02   1.5438E+00
   1.8800E+02   1.5543E+00
   1.8900E+02   1.5679E+00
   1.9000E+02   1.5741E+00
   1.9100E+02   1.5677E+00
   1.9200E+02   1.5371E+00
   1.9300E+02   1.4872E+00
   1.9400E+02   1.4622E+00
   1.9500E+02   1.4734E+00
   1.9600E+02   1.5675E+00
   1.9700E+02   1.6808E+00
   1.9800E+02   1.7935E+00
   1.9900E+02   1.8790E+00
   2.0000E+02   1.8989E+00
   2.0100E+02   1.8823E+00
   2.0200E+02   1.8198E+00
   2.0300E+02   1.7812E+00
   2.0400E+02   1.7460E+00
   2.0500E+02   1.7379E+00
   2.0600E+02   1.7390E+00
   2.0700E+02   1.7322E+00
   2.0800E+02   1.6815E+00
   2.0900E+02   1.6245E+00
   2.1000E+02   1.5404E+00
   2.1100E+02   1.4815E+00
   2.1200E+02   1.4772E+00
   2.1300E+02   1.5287E+00
   2.1400E+02   1.5852E+00
   2.1500E+02   1.6129E+00
   2.1600E+02   1.5909E+00
   2.1700E+02   1.5281E+00
   2.1800E+02   1.4968E+00
   2.1900E+02   1.5352E+00
   2.2000E+02   1.6505E+00
   2.2100E+02   1.7784E+00
   2.2200E+02   1.8680E+00
   2.2300E+02   1.8930E+00
   2.2400E+02   1.8455E+00
   2.2500E+02   1.7108E+00
   2.2600E+02   1.4847E+00
   2.2700E+02   1.2388E+00
   2.2800E+02   1.1023E+00
   2.2900E+02   1.1929E+00
   2.3000E+02   1.3310E+00
   2.3100E+02   1.4281E+00
   2.3200E+02   1.4586E+00
   2.3300E+02   1.4360E+00
   2.3400E+02   1.4137E+00
   2.3500E+02   1.3788E+00
   2.3600E+02   1.3540E+00
   2.3700E+02   1.3349E+00
   2.3800E+02   1.2886E+00
   2.3900E+02   1.2085E+00
   2.4000E+02   1.1447E+00
   2.4100E+02   1.0327E+00
   2.4200E+02   1.0331E+00
   2.4300E+02   1.1954E+00
   2.4400E+02   1.3857E+00
   2.4500E+02   1.5292E+00
   2.4600E+02   1.6060E+00
   2.4700E+02   1.6056E+00
   2.4800E+02   1.5570E+00
   2.4900E+02   1.4506E+00
   2.5000E+02   1.3873E+00
   2.5100E+02   1.4093E+00
   2.5200E+02   1.5042E+00
   2.5300E+02   1.6013E+00
   2.5400E+02   1.6424E+00
   2.5500E+02   1.6076E+00
   2.5600E+02   1.5038E+00
   2.5700E+02   1.3275E+00
   2.5800E+02   1.0843E+00
   2.5900E+02   1.0098E+00
   2.6000E+02   1.1180E+00
   2.6100E+02   1.2947E+00
   2.6200E+02   1.4030E+00
   2.6300E+02   1.4673E+00
   2.6400E+02   1.4961E+00
   2.6500E+02   1.4903E+00
   2.6600E+02   1.4280E+00
   2.6700E+02   1.3568E+00
   2.6800E+02   1.2461E+00
   2.6900E+02   1.1677E+00
   2.7000E+02   1.2208E+00
   2.7100E+02   1.3411E+00
   2.7200E+02   1.4881E+00
   2.7300E+02   1.5840E+00
   2.7400E+02   1.6066E+00
   2.7500E+02   1.5378E+00
   2.7600E+02   1.4394E+00
   2.7700E+02   1.3219E+00
   2.7800E+02   1.2023E+00
   2.7900E+02   1.2014E+00
   2.8000E+02   1.2783E+00
   2.8100E+02   1.3513E+00
   2.8200E+02   1.3929E+00
   2.8300E+02   1.3976E+00
   2.8400E+02   1.3885E+00
   2.8500E+02   1.3947E+00
   2.8600E+02   1.4172E+00
   2.8700E+02   1.4749E+00
   2.8800E+02   1.5746E+00
   2.8900E+02   1.6526E+00
   2.9000E+02   1.7099E+00
   2.9100E+02   1.8066E+00
   2.9200E+02   1.8665E+00
   2.9300E+02   1.9491E+00
   2.9400E+02   2.0334E+00
   2.9500E+02   2.0967E+00
   2.9600E+02   2.1451E+00
   2.9700E+02   2.1390E+00
   2.9800E+02   2.0666E+00
   2.9900E+02   1.9077E+00
   3.0000E+02   1.7338E+00
   3.0100E+02   1.4173E+00
   3.0200E+02   1.1166E+00
   3.0300E+02   1.1469E+00
   3.0400E+02   1.3583E+00
   3.0500E+02   1.5386E+00
   3.0600E+02   1.6283E+00
   3.0700E+02   1.6656E+00
   3.0800E+02   1.6643E+00
   3.0900E+02   1.6135E+00
   3.1000E+02   1.5628E+00
   3.1100E+02   1.4703E+00
   3.1200E+02   1.4008E+00
   3.1300E+02   1.3447E+00
   3.1400E+02   1.3827E+00
   3.1500E+02   1.4424E+00
   3.1600E+02   1.5277E+00
   3.1700E+02   1.5835E+00
   3.1800E+02   1.6088E+00
   3.1900E+02   1.6090E+00
   3.2000E+02   1.5829E+00
   3.2100E+02   1.5215E+00
   3.2200E+02   1.4258E+00
   3.2300E+02   1.2890E+00
   3.2400E+02   1.1520E+00
   3.2500E+02   1.0819E+00
   3.2600E+02   1.1497E+00
   3.2700E+02   1.2336E+00
   3.2800E+02   1.3135E+00
   3.2900E+02   1.3479E+00
   3.3000E+02   1.3276E+00
   3.3100E+02   1.2743E+00
   3.3200E+02   1.1930E+00
   3.3300E+02   1.0904E+00
   3.3300E+02   1.4150E+00
   3.3300E+02   1.1209E+00
   3.3300E+02   1.4150E+00
   3.3300E+02   1.4150E+00
   3.3300E+02   1.4150E+00
   3.3300E+02   1.1209E+00
   3.3300E+02   1.4150E+00
   3.3300E+02   1.1209E+00
   3.3300E+02   1.4150E+00
   3.3300E+02   1.1209E+00
   3.3400E+02   1.0162E+00
   3.3400E+02   1.4150E+00
   3.3400E+02   1.0162E+00
   3.3500E+02   9.0907E-01
   3.3500E+02   1.4150E+00
   3.3500E+02   9.0907E-01
   3.3600E+02   8.1851E-01
   3.3700E+02   7.7943E-01
   3.3800E+02   7.9916E-01
   3.3900E+02   8.3221E-01
   3.4000E+02   8.4141E-01
   3.4100E+02   8.2037E-01
   3.4200E+02   7.7972E-01
   3.4300E+02   7.4156E-01
   3.4400E+02   7.4899E-01
   3.4500E+02   8.1134E-01
   3.4600E+02   8.8783E-01
   3.4700E+02   9.4400E-01
   3.4800E+02   1.0100E+00
   3.4900E+02   1.0311E+00
   3.5000E+02   1.0386E+00
   3.5100E+02   1.0288E+00
   3.5200E+02   1.0180E+00
   3.5200E+02   1.4150E+00
   3.5200E+02   1.0236E+00
   3.5200E+02   1.4150E+00
   3.5200E+02   1.0236E+00
   3.5300E+02   1.0070E+00
   3.5400E+02   9.9088E-01
   3.5500E+02   9.6254E-01
   3.5600E+02   9.0921E-01
   3.5700E+02   8.6196E-01
   3.5700E+02   1.4150E+00
   3.5700E+02   1.4150E+00
   3.5700E+02   8.7315E-01
   3.5800E+02   7.9789E-01
   3.5900E+02   7.7368E-01
   3.6000E+02   7.8680E-01
   3.6100E+02   9.2023E-01
   3.6100E+02   1.4150E+00
   3.6100E+02   8.5158E-01
   3.6200E+02   9.8666E-01
   3.6200E+02   1.4150E+00
   3.6200E+02   9.6302E-01
   3.6300E+02   1.0988E+00
   3.6400E+02   1.2618E+00
   3.6500E+02   1.3635E+00
   3.6600E+02   1.4540E+00
   3.6700E+02   1.5212E+00
   3.6800E+02   1.5562E+00
   3.6900E+02   1.5637E+00
   3.7000E+02   1.5545E+00
   3.7100E+02   1.5514E+00
   3.7200E+02   1.5605E+00
   3.7300E+02   1.5910E+00
   3.7400E+02   1.6124E+00
   3.7500E+02   1.6633E+00
   3.7600E+02   1.7151E+00
   3.7700E+02   1.7524E+00
   3.7800E+02   1.7847E+00
   3.7900E+02   1.7957E+00
   3.8000E+02   1.7821E+00
   3.8100E+02   1.7633E+00
   3.8200E+02   1.7093E+00
   3.8300E+02   1.6782E+00
   3.8400E+02   1.6326E+00
   3.8500E+02   1.5760E+00
   3.8600E+02   1.5397E+00
   3.8700E+02   1.4682E+00
   3.8800E+02   1.4156E+00
   3.8900E+02   1.3309E+00
   3.9000E+02   1.2256E+00
   3.9100E+02   1.1092E+00
   3.9200E+02   1.0208E+00
   3.9200E+02   1.4150E+00
   3.9200E+02   1.0251E+00
   3.9300E+02   9.7084E-01
   3.9400E+02   1.0117E+00
   3.9500E+02   1.1434E+00
   3.9600E+02   1.3271E+00
   3.9700E+02   1.4367E+00
   3.9800E+02   1.5338E+00
   3.9900E+02   1.5729E+00
   4.0000E+02   1.5659E+00
   4.0100E+02   1.5286E+00
   4.0200E+02   1.4580E+00
   4.0300E+02   1.4148E+00
   4.0400E+02   1.3593E+00
   4.0500E+02   1.2958E+00
   4.0600E+02   1.2455E+00
   4.0700E+02   1.1838E+00
   4.0800E+02   1.0921E+00
   4.0800E+02   1.4150E+00
   4.0800E+02   1.1177E+00
   4.0900E+02   1.0170E+00
   4.1000E+02   9.7917E-01
   4.1100E+02   1.0082E+00
   4.1100E+02   1.4150E+00
   4.1100E+02   9.9787E-01
   4.1200E+02   1.0822E+00
   4.1300E+02   1.2064E+00
   4.1400E+02   1.3123E+00
   4.1500E+02   1.3773E+00
   4.1600E+02   1.4141E+00
   4.1700E+02   1.4629E+00
   4.1800E+02   1.5068E+00
   4.1900E+02   1.5392E+00
   4.2000E+02   1.5633E+00
   4.2100E+02   1.5680E+00
   4.2200E+02   1.5497E+00
   4.2300E+02   1.5241E+00
   4.2400E+02   1.4615E+00
   4.2500E+02   1.4268E+00
   4.2600E+02   1.3923E+00
   4.2700E+02   1.4035E+00
   4.2800E+02   1.4448E+00
   4.2900E+02   1.5009E+00
   4.3000E+02   1.5363E+00
   4.3100E+02   1.5536E+00
   4.3200E+02   1.5593E+00
   4.3300E+02   1.5545E+00
   4.3400E+02   1.5350E+00
   4.3500E+02   1.5283E+00
   4.3600E+02   1.5175E+00
   4.3700E+02   1.5253E+00
   4.3800E+02   1.5833E+00
   4.3900E+02   1.6150E+00
   4.4000E+02   1.6695E+00
   4.4100E+02   1.6889E+00
   4.4200E+02   1.6699E+00
   4.4300E+02   1.6230E+00
   4.4400E+02   1.5747E+00
   4.4500E+02   1.6091E+00
   4.4600E+02   1.7544E+00
   4.4700E+02   1.9305E+00
   4.4800E+02   2.0778E+00
   4.4900E+02   2.1459E+00
   4.5000E+02   2.1653E+00
   4.5100E+02   2.1230E+00
   4.5200E+02   2.0457E+00
   4.5300E+02   1.9518E+00
   4.5400E+02   1.8258E+00
   4.5500E+02   1.7146E+00
   4.5600E+02   1.6403E+00
   4.5700E+02   1.6280E+00
   4.5800E+02   1.6862E+00
   4.5900E+02   1.7543E+00
   4.6000E+02   1.8258E+00
   4.6100E+02   1.9181E+00
   4.6200E+02   1.9983E+00
   4.6300E+02   2.0340E+00
   4.6400E+02   2.0495E+00
   4.6500E+02   1.9965E+00
   4.6600E+02   1.9063E+00
   4.6700E+02   1.7221E+00
   4.6800E+02   1.5072E+00
   4.6900E+02   1.5595E+00
   4.7000E+02   1.8660E+00
   4.7100E+02   2.1254E+00
   4.7200E+02   2.2976E+00
   4.7300E+02   2.3777E+00
   4.7400E+02   2.3932E+00
   4.7500E+02   2.3516E+00
   4.7600E+02   2.2824E+00
   4.7700E+02   2.1752E+00
   4.7800E+02   2.0483E+00
   4.7900E+02   1.8789E+00
   4.8000E+02   1.7397E+00
   4.8100E+02   1.6075E+00
   4.8200E+02   1.5823E+00
   4.8300E+02   1.6795E+00
   4.8400E+02   1.7588E+00
   4.8500E+02   1.8803E+00
   4.8600E+02   1.9876E+00
   4.8700E+02   2.0519E+00
   4.8800E+02   2.0904E+00
   4.8900E+02   2.1014E+00
   4.9000E+02   2.0775E+00
   4.9100E+02   2.0242E+00
   4.9200E+02   1.9597E+00
   4.9300E+02   1.9055E+00
   4.9400E+02   1.8331E+00
   4.9500E+02   1.8011E+00
   4.9600E+02   1.7445E+00
   4.9700E+02   1.6840E+00
   4.9800E+02   1.6326E+00
   4.9900E+02   1.5457E+00
   5.0000E+02   1.4492E+00
   5.0100E+02   1.3896E+00
   5.0200E+02   1.2312E+00
   5.0300E+02   1.0341E+00
   5.0400E+02   8.5928E-01
   5.0500E+02   7.6003E-01
   5.0600E+02   8.1093E-01
   5.0700E+02   8.9337E-01
   5.0800E+02   9.8934E-01
   5.0800E+02   1.4150E+00
   5.0800E+02   9.7642E-01
   5.0900E+02   1.0162E+00
   5.1000E+02   1.0283E+00
   5.1100E+02   1.0398E+00
   5.1200E+02   1.0860E+00
   5.1300E+02   1.1595E+00
   5.1400E+02   1.2479E+00
   5.1500E+02   1.3377E+00
   5.1600E+02   1.4017E+00
   5.1700E+02   1.4728E+00
   5.1800E+02   1.5150E+00
   5.1900E+02   1.5221E+00
   5.2000E+02   1.4730E+00
   5.2100E+02   1.3531E+00
   5.2200E+02   1.1641E+00
   5.2300E+02   1.0908E+00
   5.2400E+02   1.3061E+00
   5.2500E+02   1.5765E+00
   5.2600E+02   1.7722E+00
   5.2700E+02   1.8843E+00
   5.2800E+02   1.9062E+00
   5.2900E+02   1.8468E+00
   5.3000E+02   1.7093E+00
   5.3100E+02   1.5289E+00
   5.3200E+02   1.3461E+00
   5.3300E+02   1.3081E+00
   5.3400E+02   1.3718E+00
   5.3500E+02   1.4385E+00
   5.3600E+02   1.4393E+00
   5.3700E+02   1.3866E+00
   5.3800E+02   1.2681E+00
   5.3900E+02   1.0942E+00
   5.3900E+02   1.4150E+00
   5.3900E+02   1.1264E+00
   5.4000E+02   1.0169E+00
   5.4100E+02   1.0228E+00
   5.4200E+02   1.0822E+00
   5.4300E+02   1.1333E+00
   5.4400E+02   1.1360E+00
   5.4500E+02   1.0939E+00
   5.4600E+02   1.0626E+00
   5.4600E+02   1.4150E+00
   5.4600E+02   1.0652E+00
   5.4600E+02   1.4150E+00
   5.4600E+02   1.4150E+00
   5.4600E+02   1.4150E+00
   5.4600E+02   1.0652E+00
   5.4600E+02   1.4150E+00
   5.4600E+02   1.0652E+00
   5.4600E+02   1.4150E+00
   5.4600E+02   1.0652E+00
   5.4600E+02   1.4150E+00
   5.4600E+02   1.0652E+00
   5.4600E+02   1.4150E+00
   5.4600E+02   1.0652E+00
