   0.0000E+00   1.4150E+00
   0.0000E+00   9.5639E-01
   1.0000E+00   9.5511E-01
   2.0000E+00   9.8375E-01
   3.0000E+00   1.1132E+00
   4.0000E+00   1.2278E+00
   5.0000E+00   1.2813E+00
   6.0000E+00   1.2522E+00
   7.0000E+00   1.1445E+00
   8.0000E+00   9.7428E-01
   9.0000E+00   7.9743E-01
   1.0000E+01   8.0423E-01
   1.1000E+01   9.4826E-01
   1.2000E+01   1.0860E+00
   1.3000E+01   1.1566E+00
   1.4000E+01   1.1511E+00
   1.5000E+01   1.0920E+00
   1.6000E+01   9.9848E-01
   1.7000E+01   9.1912E-01
   1.8000E+01   9.1568E-01
   1.9000E+01   9.6515E-01
   2.0000E+01   1.0201E+00
   2.1000E+01   1.0503E+00
   2.2000E+01   1.0405E+00
   2.3000E+01   1.0087E+00
   2.4000E+01   9.7405E-01
   2.5000E+01   9.7020E-01
   2.6000E+01   1.0050E+00
   2.7000E+01   1.0569E+00
   2.8000E+01   1.1090E+00
   2.9000E+01   1.1342E+00
   3.0000E+01   1.1379E+00
   3.1000E+01   1.1213E+00
   3.2000E+01   1.0882E+00
   3.3000E+01   1.0293E+00
   3.4000E+01   9.8094E-01
   3.5000E+01   9.7413E-01
   3.6000E+01   1.0575E+00
   3.7000E+01   1.2225E+00
   3.8000E+01   1.3820E+00
   3.9000E+01   1.5030E+00
   4.0000E+01   1.5713E+00
   4.1000E+01   1.5826E+00
   4.2000E+01   1.5429E+00
   4.3000E+01   1.4659E+00
   4.4000E+01   1.3717E+00
   4.5000E+01   1.2885E+00
   4.6000E+01   1.2592E+00
   4.7000E+01   1.3117E+00
   4.8000E+01   1.4306E+00
   4.9000E+01   1.5816E+00
   5.0000E+01   1.7151E+00
   5.1000E+01   1.8065E+00
   5.2000E+01   1.8577E+00
   5.3000E+01   1.8623E+00
   5.4000E+01   1.8335E+00
   5.5000E+01   1.7876E+00
   5.6000E+01   1.7431E+00
   5.7000E+01   1.7168E+00
   5.8000E+01   1.7035E+00
   5.9000E+01   1.6880E+00
   6.0000E+01   1.6486E+00
   6.1000E+01   1.5585E+00
   6.2000E+01   1.4138E+00
   6.3000E+01   1.2110E+00
   6.4000E+01   1.0024E+00
   6.5000E+01   9.3181E-01
   6.6000E+01   1.0116E+00
   6.7000E+01   1.1243E+00
   6.8000E+01   1.1940E+00
   6.9000E+01   1.2142E+00
   7.0000E+01   1.2392E+00
   7.1000E+01   1.3020E+00
   7.2000E+01   1.4244E+00
   7.3000E+01   1.5607E+00
   7.4000E+01   1.6590E+00
   7.5000E+01   1.7023E+00
   7.6000E+01   1.6711E+00
   7.7000E+01   1.5488E+00
   7.8000E+01   1.3461E+00
   7.9000E+01   1.0634E+00
   8.0000E+01   9.8742E-01
   8.1000E+01   1.2042E+00
   8.2000E+01   1.4091E+00
   8.2000E+01   1.4150E+00
   8.2000E+01   1.4084E+00
   8.3000E+01   1.5312E+00
   8.4000E+01   1.5395E+00
   8.5000E+01   1.4724E+00
   8.6000E+01   1.4028E+00
   8.7000E+01   1.3828E+00
   8.8000E+01   1.4976E+00
   8.9000E+01   1.6438E+00
   9.0000E+01   1.7529E+00
   9.1000E+01   1.7835E+00
   9.2000E+01   1.7114E+00
   9.3000E+01   1.5675E+00
   9.4000E+01   1.3301E+00
   9.5000E+01   1.1123E+00
   9.6000E+01   1.2409E+00
   9.7000E+01   1.4877E+00
   9.8000E+01   1.6746E+00
   9.9000E+01   1.7519E+00
   1.0000E+02   1.7512E+00
   1.0100E+02   1.6851E+00
   1.0200E+02   1.5507E+00
   1.0300E+02   1.3956E+00
   1.0400E+02   1.1691E+00
   1.0500E+02   9.8881E-01
   1.0600E+02   8.5951E-01
   1.0700E+02   9.2675E-01
   1.0800E+02   1.0940E+00
   1.0900E+02   1.2616E+00
   1.1000E+02   1.3431E+00
   1.1100E+02   1.3612E+00
   1.1200E+02   1.3116E+00
   1.1300E+02   1.2081E+00
   1.1400E+02   1.0395E+00
   1.1500E+02   9.1383E-01
   1.1600E+02   8.7667E-01
   1.1700E+02   9.4350E-01
   1.1800E+02   1.0178E+00
   1.1900E+02   1.1229E+00
   1.2000E+02   1.1813E+00
   1.2100E+02   1.2258E+00
   1.2200E+02   1.2302E+00
   1.2300E+02   1.1954E+00
   1.2400E+02   1.1085E+00
   1.2500E+02   1.0209E+00
   1.2600E+02   9.7884E-01
   1.2700E+02   1.0150E+00
   1.2800E+02   1.1222E+00
   1.2900E+02   1.2319E+00
   1.3000E+02   1.3297E+00
   1.3100E+02   1.3746E+00
   1.3200E+02   1.3906E+00
   1.3300E+02   1.3710E+00
   1.3400E+02   1.3020E+00
   1.3500E+02   1.1925E+00
   1.3600E+02   1.0087E+00
   1.3700E+02   8.2605E-01
   1.3800E+02   9.2739E-01
   1.3900E+02   1.2108E+00
   1.4000E+02   1.4291E+00
   1.4100E+02   1.5688E+00
   1.4200E+02   1.6223E+00
   1.4300E+02   1.5871E+00
   1.4400E+02   1.4723E+00
   1.4500E+02   1.3285E+00
   1.4600E+02   1.1319E+00
   1.4700E+02   1.0538E+00
   1.4800E+02   1.1179E+00
   1.4900E+02   1.2548E+00
   1.5000E+02   1.3850E+00
   1.5100E+02   1.5097E+00
   1.5200E+02   1.6121E+00
   1.5300E+02   1.6514E+00
   1.5400E+02   1.6588E+00
   1.5500E+02   1.6105E+00
   1.5600E+02   1.5485E+00
   1.5700E+02   1.4339E+00
   1.5800E+02   1.3005E+00
   1.5900E+02   1.1789E+00
   1.6000E+02   1.1230E+00
   1.6100E+02   1.2498E+00
   1.6200E+02   1.4171E+00
   1.6300E+02   1.6249E+00
   1.6400E+02   1.7491E+00
   1.6500E+02   1.8195E+00
   1.6600E+02   1.8243E+00
   1.6700E+02   1.7912E+00
   1.6800E+02   1.7342E+00
   1.6900E+02   1.7005E+00
   1.7000E+02   1.7370E+00
   1.7100E+02   1.8133E+00
   1.7200E+02   1.8751E+00
   1.7300E+02   1.9063E+00
   1.7400E+02   1.8865E+00
   1.7500E+02   1.8315E+00
   1.7600E+02   1.7659E+00
   1.7700E+02   1.7143E+00
   1.7800E+02   1.7151E+00
   1.7900E+02   1.7587E+00
   1.8000E+02   1.7800E+00
   1.8100E+02   1.7744E+00
   1.8200E+02   1.6898E+00
   1.8300E+02   1.5886E+00
   1.8400E+02   1.5302E+00
   1.8500E+02   1.5899E+00
   1.8600E+02   1.7222E+00
   1.8700E+02   1.8772E+00
   1.8800E+02   1.9691E+00
   1.8900E+02   2.0007E+00
   1.9000E+02   1.9587E+00
   1.9100E+02   1.8833E+00
   1.9200E+02   1.8214E+00
   1.9300E+02   1.8172E+00
   1.9400E+02   1.9126E+00
   1.9500E+02   1.9968E+00
   1.9600E+02   2.0607E+00
   1.9700E+02   2.0656E+00
   1.9800E+02   2.0172E+00
   1.9900E+02   1.9135E+00
   2.0000E+02   1.8006E+00
   2.0100E+02   1.6751E+00
   2.0200E+02   1.6055E+00
   2.0300E+02   1.6074E+00
   2.0400E+02   1.6482E+00
   2.0500E+02   1.7078E+00
   2.0600E+02   1.7635E+00
   2.0700E+02   1.8071E+00
   2.0800E+02   1.8367E+00
   2.0900E+02   1.8564E+00
   2.1000E+02   1.8715E+00
   2.1100E+02   1.8869E+00
   2.1200E+02   1.9317E+00
   2.1300E+02   1.9787E+00
   2.1400E+02   2.0277E+00
   2.1500E+02   2.0504E+00
   2.1600E+02   2.0439E+00
   2.1700E+02   1.9957E+00
   2.1800E+02   1.8876E+00
   2.1900E+02   1.7487E+00
   2.2000E+02   1.5936E+00
   2.2100E+02   1.5703E+00
   2.2200E+02   1.6417E+00
   2.2300E+02   1.7418E+00
   2.2400E+02   1.8110E+00
   2.2500E+02   1.8642E+00
   2.2600E+02   1.8895E+00
   2.2700E+02   1.8915E+00
   2.2800E+02   1.8689E+00
   2.2900E+02   1.8254E+00
   2.3000E+02   1.7646E+00
   2.3100E+02   1.6865E+00
   2.3200E+02   1.6387E+00
   2.3300E+02   1.6304E+00
   2.3400E+02   1.6354E+00
   2.3500E+02   1.6372E+00
   2.3600E+02   1.6151E+00
   2.3700E+02   1.5582E+00
   2.3800E+02   1.4902E+00
   2.3900E+02   1.3709E+00
   2.4000E+02   1.1975E+00
   2.4000E+02   1.4150E+00
   2.4000E+02   1.2001E+00
   2.4100E+02   9.5260E-01
   2.4200E+02   7.9600E-01
   2.4300E+02   1.0122E+00
   2.4400E+02   1.3704E+00
   2.4500E+02   1.6486E+00
   2.4600E+02   1.8079E+00
   2.4700E+02   1.8868E+00
   2.4800E+02   1.8798E+00
   2.4900E+02   1.7962E+00
   2.5000E+02   1.6271E+00
   2.5100E+02   1.4299E+00
   2.5200E+02   1.2602E+00
   2.5300E+02   1.2710E+00
   2.5400E+02   1.3715E+00
   2.5400E+02   1.4150E+00
   2.5400E+02   1.3610E+00
   2.5500E+02   1.4393E+00
   2.5600E+02   1.4483E+00
   2.5700E+02   1.4159E+00
   2.5800E+02   1.3494E+00
   2.5900E+02   1.3179E+00
   2.6000E+02   1.3477E+00
   2.6100E+02   1.4009E+00
   2.6200E+02   1.4292E+00
   2.6300E+02   1.4203E+00
   2.6400E+02   1.3447E+00
   2.6500E+02   1.1877E+00
   2.6600E+02   1.0083E+00
   2.6700E+02   8.3177E-01
   2.6800E+02   9.2728E-01
   2.6900E+02   1.1402E+00
   2.7000E+02   1.3706E+00
   2.7100E+02   1.5516E+00
   2.7200E+02   1.7014E+00
   2.7300E+02   1.7969E+00
   2.7400E+02   1.8695E+00
   2.7500E+02   1.9006E+00
   2.7600E+02   1.8967E+00
   2.7700E+02   1.8635E+00
   2.7800E+02   1.8178E+00
   2.7800E+02   1.4150E+00
   2.7800E+02   1.8181E+00
   2.7900E+02   1.7271E+00
   2.8000E+02   1.5963E+00
   2.8100E+02   1.4637E+00
   2.8200E+02   1.3904E+00
   2.8300E+02   1.3650E+00
   2.8400E+02   1.4249E+00
   2.8500E+02   1.5148E+00
   2.8600E+02   1.5668E+00
   2.8700E+02   1.5493E+00
   2.8800E+02   1.5101E+00
   2.8900E+02   1.4480E+00
   2.9000E+02   1.4577E+00
   2.9100E+02   1.5626E+00
   2.9200E+02   1.6672E+00
   2.9300E+02   1.7773E+00
   2.9400E+02   1.8122E+00
   2.9500E+02   1.7822E+00
   2.9600E+02   1.7127E+00
   2.9700E+02   1.6638E+00
   2.9800E+02   1.6894E+00
   2.9900E+02   1.8151E+00
   3.0000E+02   1.9991E+00
   3.0100E+02   2.1175E+00
   3.0200E+02   2.1908E+00
   3.0300E+02   2.2344E+00
   3.0400E+02   2.2225E+00
   3.0500E+02   2.1690E+00
   3.0600E+02   1.9883E+00
   3.0700E+02   1.4719E+00
   3.0800E+02  -2.6059E-01
   3.0900E+02  -2.6059E-01
   3.1000E+02   1.8920E+00
   3.1100E+02   2.4662E+00
   3.1200E+02   2.7488E+00
   3.1300E+02   2.8769E+00
   3.1400E+02   2.8987E+00
   3.1500E+02   2.8066E+00
   3.1600E+02   2.6228E+00
   3.1700E+02   2.2487E+00
   3.1800E+02   8.8609E-01
   3.1800E+02   1.4150E+00
   3.1800E+02   8.8616E-01
   3.1900E+02  -2.6059E-01
   3.2000E+02   4.6156E-02
   3.2100E+02   1.8019E+00
   3.2200E+02   2.0755E+00
   3.2300E+02   2.1589E+00
   3.2400E+02   2.1944E+00
   3.2500E+02   2.2254E+00
   3.2600E+02   2.3178E+00
   3.2700E+02   2.4265E+00
   3.2800E+02   2.5256E+00
   3.2900E+02   2.5826E+00
   3.3000E+02   2.6143E+00
   3.3100E+02   2.6158E+00
   3.3200E+02   2.5939E+00
   3.3300E+02   2.5483E+00
   3.3400E+02   2.4775E+00
   3.3500E+02   2.3922E+00
   3.3600E+02   2.2464E+00
   3.3700E+02   2.1160E+00
   3.3800E+02   1.8971E+00
   3.3900E+02   1.7383E+00
   3.4000E+02   1.7770E+00
   3.4100E+02   2.0341E+00
   3.4200E+02   2.3059E+00
   3.4300E+02   2.5310E+00
   3.4400E+02   2.6469E+00
   3.4500E+02   2.7100E+00
   3.4600E+02   2.6971E+00
   3.4700E+02   2.6348E+00
   3.4800E+02   2.5519E+00
   3.4900E+02   2.4159E+00
   3.5000E+02   2.2505E+00
   3.5100E+02   2.1046E+00
   3.5200E+02   2.0023E+00
   3.5300E+02   2.0504E+00
   3.5400E+02   2.1819E+00
   3.5500E+02   2.3103E+00
   3.5600E+02   2.3808E+00
   3.5700E+02   2.3957E+00
   3.5800E+02   2.3378E+00
   3.5800E+02   1.4150E+00
   3.5800E+02   2.3386E+00
   3.5900E+02   2.2128E+00
   3.6000E+02   2.0002E+00
   3.6100E+02   1.7840E+00
   3.6200E+02   1.6103E+00
   3.6300E+02   1.6022E+00
   3.6400E+02   1.6839E+00
   3.6500E+02   1.7476E+00
   3.6600E+02   1.7882E+00
   3.6700E+02   1.8145E+00
   3.6800E+02   1.8537E+00
   3.6900E+02   1.8933E+00
   3.7000E+02   1.9329E+00
   3.7100E+02   1.9490E+00
   3.7200E+02   1.9384E+00
   3.7300E+02   1.8649E+00
   3.7400E+02   1.7854E+00
   3.7500E+02   1.6181E+00
   3.7600E+02   1.4794E+00
   3.7700E+02   1.4460E+00
   3.7800E+02   1.5268E+00
   3.7900E+02   1.6419E+00
   3.8000E+02   1.7331E+00
   3.8100E+02   1.7706E+00
   3.8200E+02   1.8023E+00
   3.8300E+02   1.8460E+00
   3.8400E+02   1.9360E+00
   3.8500E+02   2.0564E+00
   3.8600E+02   2.1530E+00
   3.8700E+02   2.2103E+00
   3.8800E+02   2.2296E+00
   3.8800E+02   1.4150E+00
   3.8800E+02   2.2297E+00
   3.8900E+02   2.1952E+00
   3.9000E+02   2.1191E+00
   3.9100E+02   2.0348E+00
   3.9200E+02   2.0054E+00
   3.9300E+02   2.0594E+00
   3.9400E+02   2.1324E+00
   3.9500E+02   2.2020E+00
   3.9600E+02   2.2317E+00
   3.9700E+02   2.2168E+00
   3.9800E+02   2.1630E+00
   3.9900E+02   2.0738E+00
   4.0000E+02   1.9926E+00
   4.0100E+02   1.8991E+00
   4.0200E+02   1.8205E+00
   4.0300E+02   1.7430E+00
   4.0400E+02   1.6731E+00
   4.0500E+02   1.6361E+00
   4.0600E+02   1.6400E+00
   4.0700E+02   1.6809E+00
   4.0800E+02   1.7639E+00
   4.0900E+02   1.8390E+00
   4.1000E+02   1.9160E+00
   4.1100E+02   1.9346E+00
   4.1200E+02   1.8904E+00
   4.1300E+02   1.8396E+00
   4.1400E+02   1.7834E+00
   4.1500E+02   1.8160E+00
   4.1600E+02   1.9792E+00
   4.1700E+02   2.1388E+00
   4.1800E+02   2.2523E+00
   4.1900E+02   2.2987E+00
   4.2000E+02   2.2557E+00
   4.2100E+02   2.1754E+00
   4.2200E+02   2.0138E+00
   4.2300E+02   1.8000E+00
   4.2400E+02   1.6300E+00
   4.2500E+02   1.6081E+00
   4.2600E+02   1.6841E+00
   4.2700E+02   1.7548E+00
   4.2800E+02   1.7797E+00
   4.2900E+02   1.7744E+00
   4.3000E+02   1.7643E+00
   4.3100E+02   1.7769E+00
   4.3200E+02   1.8153E+00
   4.3300E+02   1.8837E+00
   4.3400E+02   1.9248E+00
   4.3500E+02   1.9418E+00
   4.3600E+02   1.9431E+00
   4.3700E+02   1.9414E+00
   4.3800E+02   1.9583E+00
   4.3900E+02   2.0335E+00
   4.4000E+02   2.0812E+00
   4.4100E+02   2.1346E+00
   4.4200E+02   2.1619E+00
   4.4300E+02   2.1404E+00
   4.4400E+02   2.0517E+00
   4.4500E+02   1.9154E+00
   4.4600E+02   1.8201E+00
   4.4700E+02   1.7992E+00
   4.4800E+02   1.8866E+00
   4.4900E+02   2.0055E+00
   4.5000E+02   2.0520E+00
   4.5100E+02   2.0161E+00
   4.5200E+02   1.9167E+00
   4.5300E+02   1.7409E+00
   4.5400E+02   1.5270E+00
   4.5500E+02   1.4694E+00
   4.5600E+02   1.6545E+00
   4.5700E+02   1.8123E+00
   4.5800E+02   1.9236E+00
   4.5900E+02   1.9608E+00
   4.6000E+02   1.9355E+00
   4.6100E+02   1.8831E+00
   4.6200E+02   1.8151E+00
   4.6200E+02   1.4150E+00
   4.6200E+02   1.8194E+00
   4.6300E+02   1.7388E+00
   4.6400E+02   1.6931E+00
   4.6500E+02   1.7044E+00
   4.6600E+02   1.7675E+00
   4.6700E+02   1.8671E+00
   4.6800E+02   1.9634E+00
   4.6900E+02   2.0318E+00
   4.7000E+02   2.0683E+00
   4.7100E+02   2.0528E+00
   4.7200E+02   1.9964E+00
   4.7300E+02   1.9071E+00
   4.7400E+02   1.8272E+00
   4.7500E+02   1.7223E+00
   4.7600E+02   1.6357E+00
   4.7700E+02   1.5496E+00
   4.7800E+02   1.5223E+00
   4.7900E+02   1.5306E+00
   4.8000E+02   1.5734E+00
   4.8100E+02   1.6331E+00
   4.8200E+02   1.6771E+00
   4.8300E+02   1.7318E+00
   4.8400E+02   1.7558E+00
   4.8500E+02   1.7758E+00
   4.8600E+02   1.7710E+00
   4.8700E+02   1.7212E+00
   4.8800E+02   1.6479E+00
   4.8900E+02   1.5970E+00
   4.9000E+02   1.4612E+00
   4.9100E+02   1.2526E+00
   4.9200E+02   1.0391E+00
   4.9300E+02   9.6471E-01
   4.9400E+02   1.1715E+00
   4.9500E+02   1.4010E+00
   4.9600E+02   1.4690E+00
   4.9700E+02   1.2772E+00
   4.9800E+02  -2.6059E-01
   4.9900E+02  -2.6059E-01
   5.0000E+02  -2.6059E-01
   5.0000E+02   1.4150E+00
   5.0000E+02  -2.6059E-01
   5.0000E+02   1.4150E+00
   5.0000E+02   1.4150E+00
   5.0000E+02   1.4150E+00
   5.0000E+02  -2.6059E-01
   5.0000E+02   1.4150E+00
   5.0000E+02  -2.6059E-01
   5.0000E+02   1.4150E+00
   5.0000E+02  -2.6059E-01
   5.0000E+02   1.4150E+00
   5.0000E+02  -2.6059E-01
   5.0000E+02   1.4150E+00
   5.0000E+02  -2.6059E-01
