   3.9400E+02   8.1065E-18   1.6065E-02   5.5791E-02   3.3242E-19   4.6430E-03
  1.3804E-14
   3.9400E+02   8.1065E-18   1.6065E-02   3.7319E-02   3.3242E-19   4.6430E-03
  1.3803E-14
   3.9500E+02   8.1065E-18   1.5273E-02   4.0799E-02   3.3242E-19   4.6176E-03
  1.7745E-14
   3.9600E+02   8.1065E-18   1.4104E-02   4.3204E-02   3.3242E-19   4.5480E-03
  1.0678E-14
   3.9700E+02   8.1065E-18   1.2989E-02   4.4510E-02   3.3242E-19   4.4498E-03
  1.2921E-14
   3.9800E+02   8.1065E-18   1.2182E-02   4.5054E-02   3.3242E-19   4.3545E-03
  1.4659E-14
   3.9900E+02   8.1065E-18   1.1759E-02   4.4762E-02   3.3242E-19   4.2855E-03
  1.5494E-14
   4.0000E+02   8.1065E-18   1.1565E-02   4.4618E-02   3.3242E-19   4.2472E-03
  1.5874E-14
   4.0100E+02   8.1065E-18   1.1448E-02   4.4675E-02   3.3242E-19   4.2248E-03
  1.6115E-14
   4.0200E+02   8.1065E-18   1.1362E-02   4.4631E-02   3.3242E-19   4.2079E-03
  1.6297E-14
   4.0300E+02   8.1065E-18   1.1309E-02   4.4663E-02   3.3242E-19   4.1977E-03
  1.6415E-14
   4.0400E+02   8.1065E-18   1.1191E-02   4.4921E-02   3.3242E-19   4.1822E-03
  1.6686E-14
   4.0500E+02   8.1065E-18   1.0965E-02   4.5401E-02   3.3242E-19   4.1521E-03
  1.7207E-14
   4.0600E+02   8.1065E-18   1.0624E-02   4.6801E-02   3.3242E-19   4.1037E-03
  1.8023E-14
   4.0700E+02   8.1065E-18   1.0194E-02   4.6931E-02   3.3242E-19   4.0339E-03
  1.9114E-14
   4.0800E+02   8.1065E-18   9.9780E-03   4.6760E-02   3.3242E-19   3.9825E-03
  1.9564E-14
   4.0900E+02   8.1065E-18   1.0101E-02   4.5357E-02   3.3242E-19   3.9832E-03
  1.9190E-14
   4.1000E+02   8.1065E-18   1.0585E-02   4.4274E-02   3.3242E-19   4.0447E-03
  1.7892E-14
   4.1100E+02   8.1065E-18   1.1293E-02   4.3142E-02   3.3242E-19   4.1467E-03
  1.6224E-14
   4.1200E+02   8.1065E-18   1.1809E-02   4.2891E-02   3.3242E-19   4.2313E-03
  1.5202E-14
   4.1300E+02   8.1065E-18   1.1978E-02   4.3475E-02   3.3242E-19   4.2741E-03
  1.4960E-14
   4.1400E+02   8.1065E-18   1.1759E-02   4.4987E-02   3.3242E-19   4.2662E-03
  1.5516E-14
   4.1500E+02   8.1065E-18   1.1285E-02   4.5376E-02   3.3242E-19   4.2127E-03
  1.6573E-14
   4.1600E+02   8.1065E-18   1.1008E-02   4.5354E-02   3.3242E-19   4.1645E-03
  1.7130E-14
   4.1700E+02   8.1065E-18   1.1080E-02   4.4450E-02   3.3242E-19   4.1591E-03
  1.6880E-14
   4.1800E+02   8.1065E-18   1.1491E-02   4.3387E-02   3.3242E-19   4.2009E-03
  1.5856E-14
   4.1900E+02   8.1065E-18   1.2104E-02   4.2122E-02   3.3242E-19   4.2731E-03
  1.4452E-14
   4.2000E+02   8.1065E-18   1.2631E-02   4.1215E-02   3.3242E-19   4.3394E-03
  1.3315E-14
   4.2100E+02   8.1065E-18   1.3014E-02   4.1039E-02   3.3242E-19   4.3892E-03
  1.2540E-14
   4.2200E+02   8.1065E-18   1.3249E-02   4.1065E-02   3.3242E-19   4.4218E-03
  1.2073E-14
   4.2300E+02   8.1065E-18   1.3329E-02   4.1273E-02   3.3242E-19   4.4378E-03
  1.1932E-14
