-5.000000000000000000e+01 -2.219260328645571989e-01
-4.900000000000000000e+01 -2.176552174240518334e-01
-4.800000000000000000e+01 -2.230301090790040575e-01
-4.700000000000000000e+01 -2.295236492449422572e-01
-4.600000000000000000e+01 -2.500673210639966504e-01
-4.500000000000000000e+01 -2.593840497886488738e-01
-4.400000000000000000e+01 -2.527599454253819378e-01
-4.300000000000000000e+01 -2.491776791257740431e-01
-4.200000000000000000e+01 -2.444727428836515337e-01
-4.100000000000000000e+01 -2.402343354415586441e-01
-4.000000000000000000e+01 -2.436503224937180689e-01
-3.900000000000000000e+01 -2.538774611697860450e-01
-3.800000000000000000e+01 -2.512023675181027094e-01
-3.700000000000000000e+01 -2.472825999137415742e-01
-3.600000000000000000e+01 -2.431403273984231450e-01
-3.500000000000000000e+01 -2.433366220849186023e-01
-3.400000000000000000e+01 -2.626084968241415574e-01
-3.300000000000000000e+01 -2.779984962112595492e-01
-3.200000000000000000e+01 -2.752333820933526298e-01
-3.100000000000000000e+01 -2.751937454792438009e-01
-3.000000000000000000e+01 -2.804825432866420165e-01
-2.900000000000000000e+01 -2.874055717373823482e-01
-2.800000000000000000e+01 -2.863534845676413143e-01
-2.700000000000000000e+01 -2.803727672259662684e-01
-2.600000000000000000e+01 -2.899905271210967972e-01
-2.500000000000000000e+01 -3.071946273898466528e-01
-2.400000000000000000e+01 -3.163616214983214769e-01
-2.300000000000000000e+01 -3.234001893031282493e-01
-2.200000000000000000e+01 -3.299737139885572379e-01
-2.100000000000000000e+01 -3.355625814490825198e-01
-2.000000000000000000e+01 -3.291693825178338972e-01
-1.900000000000000000e+01 -3.130948222058954067e-01
-1.800000000000000000e+01 -3.158050164052656483e-01
-1.700000000000000000e+01 -3.362801984091283169e-01
-1.600000000000000000e+01 -3.481709403899609367e-01
-1.500000000000000000e+01 -3.468285251993696305e-01
-1.400000000000000000e+01 -3.497304589095924787e-01
-1.300000000000000000e+01 -3.461052485438630977e-01
-1.200000000000000000e+01 -3.563835908120910334e-01
-1.100000000000000000e+01 -3.655066331232589283e-01
-1.000000000000000000e+01 -3.697853365016772198e-01
-9.000000000000000000e+00 -3.883786010400634980e-01
-8.000000000000000000e+00 -4.163449592138601663e-01
-7.000000000000000000e+00 -4.311478547506893411e-01
-6.000000000000000000e+00 -4.277123454490248666e-01
-5.000000000000000000e+00 -4.392568447878322235e-01
-4.000000000000000000e+00 -4.816241900253236397e-01
-3.000000000000000000e+00 -5.229034410876832739e-01
-2.000000000000000000e+00 -5.654549065750490433e-01
-1.000000000000000000e+00 -6.908099797289324329e-01
0.000000000000000000e+00 -9.041663360411454908e-01
1.000000000000000000e+00 -8.497580924316785467e-01
2.000000000000000000e+00 -6.339073651301809775e-01
3.000000000000000000e+00 -5.518084159350526985e-01
4.000000000000000000e+00 -5.165932596976777758e-01
5.000000000000000000e+00 -4.732926280679146669e-01
6.000000000000000000e+00 -4.391037364426338963e-01
7.000000000000000000e+00 -4.335901267116486490e-01
8.000000000000000000e+00 -4.337082891124337536e-01
9.000000000000000000e+00 -4.130043586574679293e-01
1.000000000000000000e+01 -3.907769059613691587e-01
1.100000000000000000e+01 -3.791057574831514509e-01
1.200000000000000000e+01 -3.715103142124467350e-01
1.300000000000000000e+01 -3.618432108093206923e-01
1.400000000000000000e+01 -3.543563978268813308e-01
1.500000000000000000e+01 -3.529422295275834731e-01
1.600000000000000000e+01 -3.558983550775038918e-01
1.700000000000000000e+01 -3.482042503557505886e-01
1.800000000000000000e+01 -3.283252059466745254e-01
1.900000000000000000e+01 -3.133656583453676148e-01
2.000000000000000000e+01 -3.242722841697643910e-01
2.100000000000000000e+01 -3.382653283068539074e-01
2.200000000000000000e+01 -3.346382154949302801e-01
2.300000000000000000e+01 -3.267486915751495746e-01
2.400000000000000000e+01 -3.186050306487401840e-01
2.500000000000000000e+01 -3.067861701482946235e-01
2.600000000000000000e+01 -2.956876431890809731e-01
2.700000000000000000e+01 -2.821480065416010485e-01
2.800000000000000000e+01 -2.769793765392917773e-01
2.900000000000000000e+01 -2.809662429470589640e-01
3.000000000000000000e+01 -2.808469286128810194e-01
3.100000000000000000e+01 -2.772302314690235914e-01
3.200000000000000000e+01 -2.702269949892913137e-01
3.300000000000000000e+01 -2.656076146527990289e-01
3.400000000000000000e+01 -2.605640337215346936e-01
3.500000000000000000e+01 -2.362277060127095374e-01
3.600000000000000000e+01 -2.231442904300114938e-01
3.700000000000000000e+01 -2.348347354325583114e-01
3.800000000000000000e+01 -2.438309229940048006e-01
3.900000000000000000e+01 -2.493632755955423608e-01
4.000000000000000000e+01 -2.465170086236970204e-01
4.100000000000000000e+01 -2.427101307599298929e-01
4.200000000000000000e+01 -2.461216830845316672e-01
4.300000000000000000e+01 -2.467418024940244703e-01
4.400000000000000000e+01 -2.465018627375895333e-01
4.500000000000000000e+01 -2.510944427350060293e-01
4.600000000000000000e+01 -2.464593268953302607e-01
4.700000000000000000e+01 -2.305528148287916967e-01
4.800000000000000000e+01 -2.164260783038994551e-01
4.900000000000000000e+01 -2.110056128329542979e-01
5.000000000000000000e+01 -2.075514940017517407e-01
-5.000000000000000000e+01 1.556624989771762946e-01
-4.900000000000000000e+01 1.507726205836532329e-01
-4.800000000000000000e+01 1.554679329151346656e-01
-4.700000000000000000e+01 1.663973948987741425e-01
-4.600000000000000000e+01 1.859988193862468775e-01
-4.500000000000000000e+01 1.960457639371477045e-01
-4.400000000000000000e+01 1.964418205823423857e-01
-4.300000000000000000e+01 1.881731839878114931e-01
-4.200000000000000000e+01 1.781670057490109815e-01
-4.100000000000000000e+01 1.809008871323195544e-01
-4.000000000000000000e+01 1.943309308052045825e-01
-3.900000000000000000e+01 2.049275222076099578e-01
-3.800000000000000000e+01 2.027229000565628492e-01
-3.700000000000000000e+01 1.892220869957815521e-01
-3.600000000000000000e+01 1.624587671663977329e-01
-3.500000000000000000e+01 1.624676674165791146e-01
-3.400000000000000000e+01 1.883208954381279387e-01
-3.300000000000000000e+01 1.889806268339786766e-01
-3.200000000000000000e+01 1.816766264612825477e-01
-3.100000000000000000e+01 1.863114115934339510e-01
-3.000000000000000000e+01 1.972917594155403354e-01
-2.900000000000000000e+01 2.031013396787351988e-01
-2.800000000000000000e+01 1.928109321192480186e-01
-2.700000000000000000e+01 1.966403574076394101e-01
-2.600000000000000000e+01 2.130057501328526948e-01
-2.500000000000000000e+01 2.292691187154711485e-01
-2.400000000000000000e+01 2.391515592654334388e-01
-2.300000000000000000e+01 2.424788290477513930e-01
-2.200000000000000000e+01 2.479930417559168543e-01
-2.100000000000000000e+01 2.432280715625303735e-01
-2.000000000000000000e+01 2.216513257452530361e-01
-1.900000000000000000e+01 2.070493467356316342e-01
-1.800000000000000000e+01 2.252512056546601416e-01
-1.700000000000000000e+01 2.538029131229778690e-01
-1.600000000000000000e+01 2.649758133985408159e-01
-1.500000000000000000e+01 2.666068748956031964e-01
-1.400000000000000000e+01 2.644399699394389680e-01
-1.300000000000000000e+01 2.699151878793879522e-01
-1.200000000000000000e+01 2.833356732042758841e-01
-1.100000000000000000e+01 2.744543565485406122e-01
-1.000000000000000000e+01 2.771233978399659792e-01
-9.000000000000000000e+00 3.001542831754693275e-01
-8.000000000000000000e+00 3.242648395730208244e-01
-7.000000000000000000e+00 3.268299579349420170e-01
-6.000000000000000000e+00 3.257914751744063198e-01
-5.000000000000000000e+00 3.622435498342558291e-01
-4.000000000000000000e+00 4.052532781348217594e-01
-3.000000000000000000e+00 4.331283317221558127e-01
-2.000000000000000000e+00 4.966396896590072885e-01
-1.000000000000000000e+00 7.339154587239498095e-01
0.000000000000000000e+00 8.879899038928201760e-01
1.000000000000000000e+00 6.175876135738121997e-01
2.000000000000000000e+00 4.482932375303504968e-01
3.000000000000000000e+00 4.094918164790987691e-01
4.000000000000000000e+00 3.756903159961271776e-01
5.000000000000000000e+00 3.319617095297219267e-01
6.000000000000000000e+00 3.128565008151710236e-01
7.000000000000000000e+00 3.226163733048941773e-01
8.000000000000000000e+00 3.092532124857931830e-01
9.000000000000000000e+00 2.836229777572599753e-01
1.000000000000000000e+01 2.687292808419403101e-01
1.100000000000000000e+01 2.703406581089891070e-01
1.200000000000000000e+01 2.703935019553644903e-01
1.300000000000000000e+01 2.574621346176356185e-01
1.400000000000000000e+01 2.601059359925517733e-01
1.500000000000000000e+01 2.628894292899732754e-01
1.600000000000000000e+01 2.619725127331836712e-01
1.700000000000000000e+01 2.419058637285998736e-01
1.800000000000000000e+01 2.084933769100163758e-01
1.900000000000000000e+01 2.009137143863463093e-01
2.000000000000000000e+01 2.233954859658969505e-01
2.100000000000000000e+01 2.428546448964645499e-01
2.200000000000000000e+01 2.513959056094831057e-01
2.300000000000000000e+01 2.512689685621231073e-01
2.400000000000000000e+01 2.459595475774261353e-01
2.500000000000000000e+01 2.338362107304079174e-01
2.600000000000000000e+01 2.188207516182562318e-01
2.700000000000000000e+01 2.067989665099738972e-01
2.800000000000000000e+01 2.036874476685039403e-01
2.900000000000000000e+01 2.056204327987295466e-01
3.000000000000000000e+01 1.973837582893336606e-01
3.100000000000000000e+01 1.913057503806794291e-01
3.200000000000000000e+01 1.942531014997851690e-01
3.300000000000000000e+01 2.059987936949592979e-01
3.400000000000000000e+01 2.032012520352736717e-01
3.500000000000000000e+01 1.805619875059037704e-01
3.600000000000000000e+01 1.852522767602844955e-01
3.700000000000000000e+01 2.026607087705787069e-01
3.800000000000000000e+01 2.105820466870082508e-01
3.900000000000000000e+01 2.111674883336228936e-01
4.000000000000000000e+01 1.971743499479318984e-01
4.100000000000000000e+01 1.872900850826486052e-01
4.200000000000000000e+01 1.909100164880999650e-01
4.300000000000000000e+01 2.032932787236887973e-01
4.400000000000000000e+01 2.140506508635362515e-01
4.500000000000000000e+01 2.169417936225702948e-01
4.600000000000000000e+01 2.016683914158095003e-01
4.700000000000000000e+01 1.782690274067817160e-01
4.800000000000000000e+01 1.687167801953337321e-01
4.900000000000000000e+01 1.641737534206106908e-01
5.000000000000000000e+01 1.696062657555187925e-01
-5.000000000000000000e+01 -1.701040193115296861e-01
-4.900000000000000000e+01 -1.656360380805508847e-01
-4.800000000000000000e+01 -1.706754303913001758e-01
-4.700000000000000000e+01 -1.689145888271225970e-01
-4.600000000000000000e+01 -1.878276213546277440e-01
-4.500000000000000000e+01 -2.045727827963994827e-01
-4.400000000000000000e+01 -2.004217105760012774e-01
-4.300000000000000000e+01 -1.953796064542894229e-01
-4.200000000000000000e+01 -1.877063623283690141e-01
-4.100000000000000000e+01 -1.863070917485023514e-01
-4.000000000000000000e+01 -1.926536205290630965e-01
-3.900000000000000000e+01 -2.055535887314142440e-01
-3.800000000000000000e+01 -2.032082572942490728e-01
-3.700000000000000000e+01 -1.982280796979410675e-01
-3.600000000000000000e+01 -1.928932782356298226e-01
-3.500000000000000000e+01 -1.860062810267284206e-01
-3.400000000000000000e+01 -2.034425452123187761e-01
-3.300000000000000000e+01 -2.177260119984011644e-01
-3.200000000000000000e+01 -2.067315382531145218e-01
-3.100000000000000000e+01 -2.007967797203088489e-01
-3.000000000000000000e+01 -2.033170701746064291e-01
-2.900000000000000000e+01 -2.083949793918245252e-01
-2.800000000000000000e+01 -2.108176460029635990e-01
-2.700000000000000000e+01 -2.046842605563888029e-01
-2.600000000000000000e+01 -2.102812919943199133e-01
-2.500000000000000000e+01 -2.263771486893984275e-01
-2.400000000000000000e+01 -2.313529431364316769e-01
-2.300000000000000000e+01 -2.327641870294826221e-01
-2.200000000000000000e+01 -2.348056953328616914e-01
-2.100000000000000000e+01 -2.350517810272087504e-01
-2.000000000000000000e+01 -2.265611293786570501e-01
-1.900000000000000000e+01 -2.077228706742171860e-01
-1.800000000000000000e+01 -2.084559231825953984e-01
-1.700000000000000000e+01 -2.285547517666185191e-01
-1.600000000000000000e+01 -2.418725012253382933e-01
-1.500000000000000000e+01 -2.396004694303997540e-01
-1.400000000000000000e+01 -2.427700406705873837e-01
-1.300000000000000000e+01 -2.355608965387781528e-01
-1.200000000000000000e+01 -2.402908440176282356e-01
-1.100000000000000000e+01 -2.457200492441393991e-01
-1.000000000000000000e+01 -2.433221396049488061e-01
-9.000000000000000000e+00 -2.505928742862208458e-01
-8.000000000000000000e+00 -2.728976146546984172e-01
-7.000000000000000000e+00 -2.887246199922143819e-01
-6.000000000000000000e+00 -2.842200864757046808e-01
-5.000000000000000000e+00 -2.838125806454094846e-01
-4.000000000000000000e+00 -3.151514775553009295e-01
-3.000000000000000000e+00 -3.459168542142807556e-01
-2.000000000000000000e+00 -3.676081214968577870e-01
-1.000000000000000000e+00 -4.316722631785068209e-01
0.000000000000000000e+00 -6.388472173233659124e-01
1.000000000000000000e+00 -6.773480892299793554e-01
2.000000000000000000e+00 -4.734076039322356322e-01
3.000000000000000000e+00 -3.896111026422756640e-01
4.000000000000000000e+00 -3.693374295241379501e-01
5.000000000000000000e+00 -3.398847433100415372e-01
6.000000000000000000e+00 -3.070001729425270165e-01
7.000000000000000000e+00 -2.956947224558250653e-01
8.000000000000000000e+00 -3.004472258763007386e-01
9.000000000000000000e+00 -2.867953235600413375e-01
1.000000000000000000e+01 -2.663631545422661673e-01
1.100000000000000000e+01 -2.586565303378446923e-01
1.200000000000000000e+01 -2.601324815843483185e-01
1.300000000000000000e+01 -2.576703854519231118e-01
1.400000000000000000e+01 -2.487981998210573586e-01
1.500000000000000000e+01 -2.472697847042820696e-01
1.600000000000000000e+01 -2.499019789431513316e-01
1.700000000000000000e+01 -2.441766102198057176e-01
1.800000000000000000e+01 -2.292024494243826704e-01
1.900000000000000000e+01 -2.105002805927778942e-01
2.000000000000000000e+01 -2.149970245526183488e-01
2.100000000000000000e+01 -2.343529591857248240e-01
2.200000000000000000e+01 -2.357557434022643506e-01
2.300000000000000000e+01 -2.303762618429780751e-01
2.400000000000000000e+01 -2.273901956240868549e-01
2.500000000000000000e+01 -2.205925527465596725e-01
2.600000000000000000e+01 -2.123101766357034792e-01
2.700000000000000000e+01 -1.984648097942845746e-01
2.800000000000000000e+01 -1.913676508989058944e-01
2.900000000000000000e+01 -1.991527626699339526e-01
3.000000000000000000e+01 -2.018433019811796125e-01
3.100000000000000000e+01 -1.955135422960062874e-01
3.200000000000000000e+01 -1.914975310104929662e-01
3.300000000000000000e+01 -1.872193761204548890e-01
3.400000000000000000e+01 -1.875971910311584334e-01
3.500000000000000000e+01 -1.662724456511906201e-01
3.600000000000000000e+01 -1.542424575377726315e-01
3.700000000000000000e+01 -1.726596857783595784e-01
3.800000000000000000e+01 -1.877062993864087315e-01
3.900000000000000000e+01 -1.915318295339950017e-01
4.000000000000000000e+01 -1.886658274983522010e-01
4.100000000000000000e+01 -1.808243413995214155e-01
4.200000000000000000e+01 -1.796327414878654827e-01
4.300000000000000000e+01 -1.808672369683767267e-01
4.400000000000000000e+01 -1.802504197953113674e-01
4.500000000000000000e+01 -1.826795472713366453e-01
4.600000000000000000e+01 -1.731483923329296126e-01
4.700000000000000000e+01 -1.598742570471377022e-01
4.800000000000000000e+01 -1.514835841328720512e-01
4.900000000000000000e+01 -1.502628624298663063e-01
5.000000000000000000e+01 -1.476691231155147777e-01
