3.903614457831325748e-16 1.340813612239931629e+01
2.440221878914204667e-01 1.340813612239931629e+01
4.880443757800007054e-01 1.340813612239931629e+01
7.320665636714211999e-01 1.340813612239931629e+01
9.760887515600014108e-01 1.340813612239931629e+01
1.220110939451421794e+00 1.314116663071285274e+01
1.464133127342842400e+00 1.287419370655484485e+01
1.708155315231422611e+00 1.260743569210691462e+01
1.952177503122842994e+00 1.234110618652038127e+01
2.196199691011423205e+00 1.207541379505141776e+01
2.440221878902843589e+00 1.181056189360010578e+01
2.684244066791424022e+00 1.154674840900021060e+01
2.928266254682844405e+00 1.128416561516118399e+01
3.172288442571424838e+00 1.102299994531174399e+01
3.416310630462845221e+00 1.076343182034825396e+01
3.660332818354265605e+00 1.050563549343586978e+01
3.904355006242846038e+00 1.024977891079142900e+01
4.148377194134265977e+00 9.997984984953104615e+00
4.392399382022846410e+00 9.764515172130321830e+00
4.636421569914267238e+00 9.551210758226529762e+00
4.880443757802847671e+00 9.356980224247017475e+00
5.124465945694267610e+00 9.180842442304003370e+00
5.368488133582848043e+00 9.021918434135290710e+00
5.612510321474267982e+00 8.879424071831225618e+00
5.856532509365688810e+00 8.752663636091721600e+00
6.100554697254269243e+00 8.641024157941060935e+00
6.344576885145689182e+00 8.543970479528264050e+00
6.588599073034269615e+00 8.461040978311892502e+00
6.832621260925690443e+00 8.391843906767721961e+00
7.076643448814270876e+00 8.336054307011567133e+00
7.320665636705690815e+00 8.293411466273418853e+00
7.564687824594271248e+00 8.263716885342178742e+00
7.808710012485692076e+00 8.246832737786851553e+00
8.052732200374272509e+00 8.240020788289811549e+00
8.296754388265691560e+00 8.223109661629642630e+00
8.540776576157112387e+00 8.192009951512774890e+00
8.784798764045692820e+00 8.146882921052824855e+00
9.028820951937113648e+00 8.087961842235252163e+00
9.272843139825694081e+00 8.015549987376097363e+00
9.516865327717114909e+00 7.930018029094518361e+00
9.760887515605695341e+00 7.831800880008374932e+00
1.000490970349711439e+01 7.721394009823041138e+00
1.024893189138569483e+01 7.599349283473715744e+00
1.049295407927711565e+01 7.466270369180802113e+00
1.073697626716853648e+01 7.322807769883506346e+00
1.098099845505711691e+01 7.169653535175712911e+00
1.122502064294853596e+01 7.007535713800223220e+00
1.146904283083711640e+01 6.837212608780250278e+00
1.171306501872853723e+01 6.659466898323343820e+00
1.195708720661711766e+01 6.479589506956783040e+00
1.220110939450853849e+01 6.331802677941761992e+00
1.244513158239711892e+01 6.221110197163024935e+00
1.268915377028853975e+01 6.145667496406473695e+00
1.293317595817995880e+01 6.104229709022904515e+00
1.317719814606853923e+01 6.096117372746653551e+00
1.342122033395996006e+01 6.121197827166446004e+00
1.366524252184854049e+01 6.179881591513002981e+00
1.390926470973996132e+01 6.273133584052837719e+00
1.415328689762854175e+01 6.402499613131555911e+00
1.439730908551996080e+01 6.570149159944867812e+00
1.464133127340854124e+01 6.778936113652092921e+00
1.488535346129996206e+01 7.032479843148760068e+00
1.512937564919138289e+01 7.335269833861145727e+00
1.537339783707996332e+01 7.692798127702944022e+00
1.561742002497138415e+01 8.111725034806658741e+00
1.586144221285996281e+01 8.593113479373744923e+00
1.610546440075138364e+01 9.087129219660909030e+00
1.634948658863996585e+01 9.579660438861299809e+00
1.659350877653138312e+01 1.006748014223959053e+01
1.683753096441996533e+01 1.054723694897699460e+01
1.708155315231138616e+01 1.101549147399303585e+01
1.732557534020280698e+01 1.146875590049385352e+01
1.756959752809138564e+01 1.190353614072497557e+01
1.781361971598280647e+01 1.231637589702665991e+01
1.805764190387138513e+01 1.270390186379096420e+01
1.830166409176280595e+01 1.306286925586200809e+01
1.854568627965138816e+01 1.339020681192500284e+01
1.878970846754280899e+01 1.368306040520605471e+01
1.903373065543138765e+01 1.393883439836184301e+01
1.927775284332280847e+01 1.415522990637194134e+01
1.952177503121422930e+01 1.433027917937231166e+01
1.976579721910280796e+01 1.446323882599979527e+01
2.000981940699422879e+01 1.455986466167694360e+01
2.025384159488281099e+01 1.462093161399514507e+01
2.049786378277423182e+01 1.464598822778163623e+01
2.074188597066281048e+01 1.463484890017318563e+01
2.098590815855423131e+01 1.458759617010489684e+01
2.122993034644280996e+01 1.450457969983760265e+01
2.147395253433423079e+01 1.438641196609935768e+01
2.171797472222281300e+01 1.423396073513392679e+01
2.196199691011423383e+01 1.404833845095210165e+01
2.220601909800565466e+01 1.383088871834894462e+01
2.245004128589423331e+01 1.358317011037834021e+01
2.269406347378565414e+01 1.330693757321371429e+01
2.293808566167423280e+01 1.300412173863660747e+01
2.318210784956565362e+01 1.267680648491720419e+01
2.342613003745423583e+01 1.232720511046056444e+01
2.367015222534565666e+01 1.196723866267319636e+01
2.391417441323423532e+01 1.167462996698134781e+01
2.415819660112565614e+01 1.146143296439130133e+01
2.440221878901707697e+01 1.132351697142487446e+01
2.464624097690565563e+01 1.125823667590117694e+01
2.489026316479707646e+01 1.126434739424911236e+01
2.513428535268565867e+01 1.134196543429858295e+01
2.537830754057707949e+01 1.149257179264218642e+01
2.562232972846565815e+01 1.171905935146259559e+01
2.586635191635707898e+01 1.202582568503534866e+01
2.611037410424565763e+01 1.241891565287046895e+01
2.635439629213707846e+01 1.290622026566143532e+01
2.659841848002849929e+01 1.349774099916484182e+01
2.684244066791708150e+01 1.420593196571826411e+01
2.708646285580849877e+01 1.504613633741497303e+01
2.733048504369708098e+01 1.603713840961459880e+01
2.757450723158850181e+01 1.718124977132924158e+01
2.781852941947708047e+01 1.831804870840034738e+01
2.806255160736850129e+01 1.939241038916952320e+01
2.830657379525708350e+01 2.038508387818739109e+01
2.855059598314850078e+01 2.127753619593372036e+01
2.879461817103992161e+01 2.205252377127145635e+01
2.903864035892850382e+01 2.269464457215784847e+01
2.928266254681992464e+01 2.319084631438395050e+01
2.952668473470850330e+01 2.353086736438129023e+01
2.977070692259992413e+01 2.370758954622470682e+01
3.001472911048850634e+01 2.371728591321510038e+01
3.025875129837992361e+01 2.355975143838653807e+01
3.050277348626850582e+01 2.323831022292627324e+01
3.074679567415992665e+01 2.275969886853241064e+01
3.099081786205134748e+01 2.213383172904482876e+01
3.123484004993992613e+01 2.137345946658473750e+01
3.147886223783134696e+01 2.051289620567520444e+01
3.172288442571992562e+01 1.972205486076876468e+01
3.196690661361134644e+01 1.902968091605492873e+01
3.221092880149992510e+01 1.842744032997200421e+01
3.245495098939134948e+01 1.790823086994368651e+01
3.269897317727993169e+01 1.746604276921863530e+01
3.294299536517134896e+01 1.709584287442769224e+01
3.318701755305993117e+01 1.679347915921734824e+01
3.343103974095134845e+01 1.655560306737642051e+01
3.367506192884277283e+01 1.637960765095640525e+01
3.391908411673134793e+01 1.626357990184388314e+01
3.416310630462277231e+01 1.620626605524544317e+01
3.440712849251135452e+01 1.620704898304060038e+01
3.465115068040277180e+01 1.626593710563113149e+01
3.489517286829135401e+01 1.638356454305735710e+01
3.513919505618277128e+01 1.656120250918291603e+01
3.538321724407135349e+01 1.679184579253729126e+01
3.562723943196277077e+01 1.699934773028883939e+01
3.587126161985419515e+01 1.716457447761561994e+01
3.611528380774277025e+01 1.728624995162491373e+01
3.635930599563419463e+01 1.736342912655120330e+01
3.660332818352277684e+01 1.739551025599127598e+01
3.684735037141419411e+01 1.738224268555660856e+01
3.709137255930277632e+01 1.732373011403346652e+01
3.733539474719419360e+01 1.722042924371238826e+01
3.757941693508277581e+01 1.707314384446348754e+01
3.782343912297419308e+01 1.688301433945441588e+01
3.806746131086561746e+01 1.665150310129088140e+01
3.831148349875419967e+01 1.638037572372324391e+01
3.855550568664561695e+01 1.607167860438959650e+01
3.879952787453419916e+01 1.572771323667605614e+01
3.904355006242561643e+01 1.535100766213783352e+01
3.928757225031419864e+01 1.495846751258977214e+01
3.953159443820561592e+01 1.467382997032473924e+01
3.977561662609419812e+01 1.451962316465367486e+01
4.001963881398562251e+01 1.449181196241123715e+01
4.026366100187703978e+01 1.458967165509220365e+01
4.050768318976562199e+01 1.481575639343774853e+01
4.075170537765703926e+01 1.517601061563471276e+01
4.099572756554562147e+01 1.568003029450803076e+01
4.123974975343703875e+01 1.634149012418201252e+01
4.148377194132562096e+01 1.717876334401990945e+01
4.172779412921704534e+01 1.821577362679091294e+01
4.197181631710562044e+01 1.948313441869271756e+01
4.221583850499704482e+01 2.101965171861273518e+01
4.245986069288846210e+01 2.287429340185049753e+01
4.270388288077704431e+01 2.510876439751462286e+01
4.294790506866846158e+01 2.780087585957071639e+01
4.319192725655704379e+01 3.100608435431727727e+01
4.343594944444846817e+01 3.440349862364813305e+01
4.367997163233704327e+01 3.786558813722843553e+01
4.392399382022846765e+01 4.134026106639699094e+01
4.416801600811704276e+01 4.477010719634978386e+01
4.441203819600846714e+01 4.809384117423579852e+01
4.465606038389704935e+01 5.124803366870862220e+01
4.490008257178846662e+01 5.416906753078105652e+01
4.514410475967988390e+01 5.679523802151054213e+01
4.538812694756846611e+01 5.906890218943561877e+01
4.563214913545989049e+01 6.093857385198136001e+01
4.587617132334846559e+01 6.236085833065532569e+01
4.612019351123988997e+01 6.330212560990146642e+01
4.636421569912847218e+01 6.373983189957872497e+01
4.660823788701988946e+01 6.366341709990982878e+01
4.685226007490847167e+01 6.307472828405600751e+01
4.709628226279988894e+01 6.204715458278002416e+01
4.734030445069131332e+01 6.113433208872934443e+01
4.758432663857988842e+01 6.045904892069513892e+01
4.782834882647131280e+01 6.001368408056364956e+01
4.807237101435988791e+01 5.979324205817764692e+01
4.831639320225131229e+01 5.979525932749277928e+01
4.856041539013989450e+01 6.001975840486713309e+01
4.880443757803131177e+01 6.046924826845289402e+01
4.904845976591989398e+01 6.114877114963867655e+01
4.929248195381131126e+01 6.206599691984365563e+01
4.953650414170273564e+01 6.323136754915886115e+01
4.978052632959131074e+01 6.465829545072273277e+01
5.002454851748273512e+01 6.636342099125407401e+01
5.026857070537131733e+01 6.836693609557742946e+01
5.051259289326273461e+01 7.069298276119592117e+01
5.075661508115131682e+01 7.337013749434046872e+01
5.100063726904273409e+01 7.639243437896288924e+01
5.124465945693131630e+01 7.940904679365075935e+01
5.148868164482273357e+01 8.231214763549368740e+01
5.173270383271415795e+01 8.508092455548816702e+01
5.197672602060274016e+01 8.769499048368636807e+01
5.222074820849415744e+01 9.013463142098460423e+01
5.246477039638273965e+01 9.238105257027721962e+01
5.270879258427415692e+01 9.441661853820669137e+01
5.295281477216273913e+01 9.622508333081323428e+01
5.319683696005415641e+01 9.779180595906706230e+01
5.344085914794273862e+01 9.910394765719362908e+01
5.368488133583416300e+01 1.001506470016394843e+02
5.392890352372558027e+01 1.009231695905086781e+02
5.417292571161416248e+01 1.014150293993025542e+02
5.441694789950557976e+01 1.016220794545257036e+02
5.466097008739416196e+01 1.015425700522247041e+02
5.490499227528557924e+01 1.011185310700062843e+02
5.514901446317416145e+01 9.980165434538709235e+01
5.539303665106558583e+01 9.749284941098287049e+01
5.563705883895416093e+01 9.426182023982772762e+01
5.588108102684558531e+01 9.020423240482148231e+01
5.612510321473700259e+01 8.543701046628494566e+01
5.636912540262558480e+01 8.009275024040623236e+01
5.661314759051700207e+01 7.431361789913168536e+01
5.685716977840558428e+01 6.824512575803383641e+01
5.710119196629700156e+01 6.203016075808747587e+01
5.734521415418558377e+01 5.580359909446603695e+01
5.758923634207700815e+01 4.968777484503343800e+01
5.783325852996558325e+01 4.378898932883478778e+01
5.807728071785700763e+01 3.819515966984117483e+01
5.832130290574558984e+01 3.297461800671280230e+01
5.856532509363700711e+01 2.817599434628635535e+01
5.880934728152842439e+01 2.387555914765087195e+01
5.905336946941700660e+01 2.044707300510703263e+01
5.929739165730843098e+01 1.778234419994179305e+01
5.954141384519700608e+01 1.570460962024639251e+01
5.978543603308843046e+01 1.408463337267206583e+01
6.002945822097701267e+01 1.282756477229425407e+01
6.027348040886842995e+01 1.186378190195646987e+01
6.051750259675701216e+01 1.114249275804472816e+01
6.076152478464842943e+01 1.062727294897383601e+01
6.100554697253985381e+01 1.029299064234476546e+01
6.124956916042842892e+01 1.012375412990159163e+01
6.149359134831985330e+01 1.011164627282465567e+01
6.173761353620842840e+01 1.025610400922559684e+01
6.198163572409985278e+01 1.056387448774642834e+01
6.222565791198843499e+01 1.104954301796948712e+01
6.246968009987985226e+01 1.173669097375593218e+01
6.271370228776843447e+01 1.264178197142192239e+01
6.295772447565985175e+01 1.361426768217855887e+01
6.320174666355127613e+01 1.460599415457773098e+01
6.344576885143985123e+01 1.561057165902436239e+01
6.368979103933127561e+01 1.662100727363941033e+01
6.393381322721985782e+01 1.762977296454528542e+01
6.417783541511127510e+01 1.862888866175532243e+01
6.442185760299985020e+01 1.961001935374479288e+01
6.466587979089128169e+01 2.056458478105673393e+01
6.490990197877985679e+01 2.148387988244341074e+01
6.515392416667127407e+01 2.235920375492375101e+01
6.539794635456269134e+01 2.318199454435665885e+01
6.564196854245128065e+01 2.394396740289701242e+01
6.588599073034269793e+01 2.463725244438223427e+01
6.613001291823127303e+01 2.525452951009275182e+01
6.637403510612270452e+01 2.578915653267396024e+01
6.661805729401127962e+01 2.624682262332032323e+01
6.686207948190269690e+01 2.674176209030285278e+01
6.710610166979128621e+01 2.730733699993964692e+01
6.735012385768270349e+01 2.794761320412570171e+01
6.759414604557412076e+01 2.866725718797775002e+01
6.783816823346269587e+01 2.947159267582051001e+01
6.808219042135412735e+01 3.036666612234856899e+01
6.832621260924270246e+01 3.135932221453279212e+01
6.857023479713411973e+01 3.245729070058614241e+01
6.881425698502270905e+01 3.366928608151943791e+01
6.905827917291412632e+01 3.500512195611884891e+01
6.930230136080270142e+01 3.647584210515137926e+01
6.954632354869411870e+01 3.809387074588406819e+01
6.979034573658270801e+01 3.987318478899579333e+01
7.003436792447412529e+01 4.182951140103338616e+01
7.027839011236554256e+01 4.398055472504248797e+01
7.052241230025413188e+01 4.630831507544246506e+01
7.076643448814554915e+01 4.841757296051114423e+01
7.101045667603412426e+01 5.015602028530430800e+01
7.125447886392554153e+01 5.147770071017490778e+01
7.149850105181413085e+01 5.234693153347227934e+01
7.174252323970554812e+01 5.273990408431453147e+01
7.198654542759412323e+01 5.264576725623125242e+01
7.223056761548554050e+01 5.206712535819567478e+01
7.247458980337697199e+01 5.101991840276189549e+01
7.271861199126554709e+01 4.953269251162590336e+01
7.296263417915696436e+01 4.764530704753304491e+01
7.320665636704555368e+01 4.540716019411372173e+01
7.345067855493697095e+01 4.287504319586208368e+01
7.369470074282554606e+01 4.011075319172089593e+01
7.393872293071696333e+01 3.717860422252979902e+01
7.418274511860555265e+01 3.414297522050132727e+01
7.442676730649696992e+01 3.110255664266728814e+01
7.467078949438838720e+01 2.845518887167522237e+01
7.491481168227697651e+01 2.623249194567811315e+01
7.515883387016839379e+01 2.436858525532666775e+01
7.540285605805696889e+01 2.281044603026601081e+01
7.564687824594838617e+01 2.151542509307244089e+01
7.589090043383697548e+01 2.044931559524393450e+01
7.613492262172839276e+01 1.958485301525753997e+01
7.637894480961696786e+01 1.890055461502549861e+01
7.662296699750839934e+01 1.837982925864162453e+01
7.686698918539981662e+01 1.801030592040800826e+01
7.711101137328839172e+01 1.778334277139122577e+01
7.735503356117980900e+01 1.769368951127795242e+01
7.759905574906839831e+01 1.773928442824631091e+01
7.784307793695981559e+01 1.792117517680323502e+01
7.808710012484839069e+01 1.824355900090785809e+01
7.833112231273982218e+01 1.870402443316550745e+01
7.857514450062839728e+01 1.920270196224802461e+01
7.881916668851981456e+01 1.971138662042701029e+01
7.906318887641123183e+01 2.023017155648015830e+01
7.930721106429982115e+01 2.075914725816393869e+01
7.955123325219123842e+01 2.129840142103980227e+01
7.979525544007981352e+01 2.184801881615565478e+01
8.003927762797124501e+01 2.240808115684423285e+01
8.028329981585982011e+01 2.297866696455298907e+01
8.052732200375123739e+01 2.355985143402402215e+01
8.077134419163982670e+01 2.415170629773261268e+01
8.101536637953124398e+01 2.475429968991817375e+01
8.125938856741981908e+01 2.536769601011569364e+01
8.150341075531123636e+01 2.599195578653680272e+01
8.174743294320266784e+01 2.662713553921548382e+01
8.199145513109124295e+01 2.727328764322959742e+01
8.223547731898266022e+01 2.792855966521324262e+01
8.247949950687124954e+01 2.857145857915445930e+01
8.272352169476266681e+01 2.919439118026980040e+01
8.296754388265124192e+01 2.979542415146640266e+01
8.321156607054265919e+01 3.037266217188593842e+01
8.345558825843124851e+01 3.092425780579126737e+01
8.369961044632266578e+01 3.144842130157912763e+01
8.394363263421408305e+01 3.194343022841180613e+01
8.418765482210265816e+01 3.240763887834258128e+01
8.443167700999408964e+01 3.283948736227113585e+01
8.467569919788266475e+01 3.323751032949018480e+01
8.491972138577408202e+01 3.360034524285230617e+01
8.516374357366267134e+01 3.392674014407678129e+01
8.540776576155408861e+01 3.421556084745611770e+01
8.565178794944266372e+01 3.446579750400989184e+01
8.589581013733408099e+01 3.467657048305581213e+01
8.613983232522551248e+01 3.484356400938899156e+01
8.638385451311408758e+01 3.492586951210278556e+01
8.662787670100550486e+01 3.491162409138785705e+01
8.687189888889409417e+01 3.480094584618897358e+01
8.711592107678551145e+01 3.459475123894588933e+01
8.735994326467408655e+01 3.429474245942307675e+01
8.760396545256550382e+01 3.390338402631563497e+01
8.784798764045409314e+01 3.342386907658037387e+01
8.809200982834551041e+01 3.286007598732255275e+01
8.833603201623692769e+01 3.221651615453524187e+01
8.858005420412551700e+01 3.149827391183733738e+01
8.882407639201693428e+01 3.071093970784050242e+01
8.906809857990550938e+01 2.986053776944387295e+01
8.931212076779692666e+01 2.895344955769908424e+01
8.955614295568551597e+01 2.799633437280029113e+01
8.980016514357693325e+01 2.699604848279167157e+01
9.004418733146550835e+01 2.597102331055706159e+01
9.028820951935693984e+01 2.505356361248741948e+01
9.053223170724835711e+01 2.426983630579926299e+01
9.077625389513693221e+01 2.360918948719893962e+01
9.102027608302834949e+01 2.306280891179772752e+01
9.126429827091693880e+01 2.262352196434294882e+01
9.150832045880835608e+01 2.228564061022305154e+01
9.175234264669693118e+01 2.204483850851268301e+01
9.199636483458836267e+01 2.189805856586209032e+01
9.224038702247693777e+01 2.184344816219726226e+01
9.248440921036835505e+01 2.188032012406216609e+01
9.272843139825694436e+01 2.200913829307821956e+01
9.297245358614836164e+01 2.223152726459285589e+01
9.321647577403977891e+01 2.255030658316478664e+01
9.346049796192835402e+01 2.296955040398921710e+01
9.370452014981978550e+01 2.349467439012946457e+01
9.394854233770836061e+01 2.412958992591729057e+01
9.419256452559977788e+01 2.484665950010290203e+01
9.443658671348836720e+01 2.564148829406287788e+01
9.468060890137978447e+01 2.652012722811450018e+01
9.492463108926835957e+01 2.748939177777958065e+01
9.516865327715977685e+01 2.855694940070247512e+01
9.541267546505120833e+01 2.973141963505635132e+01
9.565669765293978344e+01 3.102248868430073614e+01
9.590071984083120071e+01 3.244104059959747843e+01
9.614474202871977582e+01 3.399930751749136704e+01
9.638876421661120730e+01 3.571104181606990124e+01
9.663278640449978241e+01 3.759171352626101736e+01
9.687680859239119968e+01 3.965873689248753919e+01
9.712083078027978900e+01 4.193173062940218898e+01
9.736485296817120627e+01 4.443281719190822088e+01
9.760887515606262355e+01 4.718696728041112465e+01
9.785289734395119865e+01 5.020339124485192173e+01
9.809691953184263014e+01 5.326766347908131394e+01
9.834094171973120524e+01 5.629073190818306216e+01
9.858496390762262251e+01 5.924514941751792918e+01
9.882898609551121183e+01 6.210282527354975457e+01
9.907300828340262910e+01 6.483545646114507122e+01
9.931703047129120421e+01 6.741498508969523584e+01
9.956105265918262148e+01 6.981407180326570483e+01
9.980507484707405297e+01 7.200657420354957594e+01
1.000490970349626281e+02 7.396801869265635787e+01
1.002931192228540453e+02 7.567605389469649424e+01
1.005371414107426347e+02 7.711087394744927792e+01
1.007811635986340519e+02 7.825560047509809181e+01
1.010251857865226270e+02 7.909661295002879910e+01
1.012692079744140443e+02 7.962381840667724475e+01
1.015132301623026336e+02 7.983085304065969012e+01
1.017572523501940509e+02 7.973315085231260468e+01
1.020012745380854682e+02 7.955126614126247375e+01
1.022452967259740575e+02 7.935077511463087774e+01
1.024893189138654748e+02 7.913182064097051693e+01
1.027333411017540499e+02 7.889455846840060360e+01
1.029773632896454671e+02 7.863915703996335083e+01
1.032213854775340565e+02 7.836579729436640207e+01
1.034654076654254737e+02 7.807467245235108066e+01
1.037094298533140488e+02 7.776598778913704280e+01
1.039534520412054803e+02 7.743996039321508817e+01
1.041974742290968976e+02 7.709681891198930259e+01
1.044414964169854727e+02 7.673680328459973055e+01
1.046855186048768900e+02 7.636016446239393929e+01
1.049295407927654793e+02 7.596716411754832166e+01
1.051735629806568966e+02 7.555807434020650248e+01
1.054175851685454717e+02 7.513317732476042465e+01
1.056616073564369032e+02 7.469940644685769371e+01
1.059056295443254783e+02 7.433988140688208546e+01
1.061496517322168955e+02 7.407843814909261937e+01
1.063936739201054849e+02 7.391405194352896046e+01
1.066376961079969021e+02 7.384607970716216130e+01
1.068817182958883194e+02 7.387425580916163881e+01
1.071257404837768945e+02 7.399869034002199442e+01
1.073697626716683260e+02 7.421986982879846551e+01
1.076137848595569011e+02 7.453866041495287220e+01
1.078578070474483184e+02 7.495631350383015956e+01
1.081018292353368935e+02 7.547447395740002207e+01
1.083458514232283250e+02 7.609519089547202952e+01
1.085898736111169001e+02 7.682093120656503515e+01
1.088338957990083173e+02 7.765459589339198487e+01
1.090779179868997488e+02 7.859953940441450015e+01
1.093219401747883239e+02 7.965959213205104561e+01
1.095659623626797412e+02 8.081145806569196566e+01
1.098099845505683163e+02 8.169919117339131276e+01
1.100540067384597478e+02 8.220348091102641774e+01
1.102980289263483229e+02 8.231714438195767514e+01
1.105420511142397402e+02 8.203855854268546466e+01
1.107860733021283295e+02 8.137169876830316184e+01
1.110300954900197468e+02 8.032604445579856645e+01
1.112741176779111640e+02 7.891635479839058576e+01
1.115181398657997391e+02 7.716232214437458481e+01
1.117621620536911706e+02 7.508811431987382434e+01
1.120061842415797457e+02 7.272182078155385909e+01
1.122502064294711630e+02 7.009482033107795473e+01
1.124942286173597523e+02 6.724109026260835265e+01
1.127382508052511696e+02 6.419647815062866414e+01
1.129822729931397447e+02 6.099795799131620555e+01
1.132262951810311620e+02 5.768289208626799791e+01
1.134703173689225935e+02 5.430378961371201996e+01
1.137143395568111686e+02 5.108474071051534793e+01
1.139583617447025858e+02 4.807664286745784921e+01
1.142023839325911752e+02 4.526462839589689224e+01
1.144464061204825924e+02 4.263494135956786835e+01
1.146904283083711675e+02 4.017485016886413973e+01
1.149344504962625848e+02 3.787256735328920598e+01
1.151784726841511741e+02 3.571717590015761346e+01
1.154224948720425914e+02 3.369856159990704469e+01
1.156665170599340087e+02 3.180735088938822841e+01
1.159105392478225980e+02 3.003485372776533069e+01
1.161545614357140153e+02 2.837301108130665739e+01
1.163985836236025904e+02 2.681434663024602472e+01
1.166426058114940076e+02 2.535192234391364963e+01
1.168866279993825970e+02 2.397929760207715688e+01
1.171306501872740142e+02 2.269049156715875526e+01
1.173746723751625893e+02 2.148790229372817606e+01
1.176186945630540208e+02 2.046680981111750341e+01
1.178627167509425959e+02 1.963777477763338197e+01
1.181067389388340132e+02 1.898105657091200626e+01
1.183507611267254305e+02 1.848138353875308937e+01
1.185947833146140198e+02 1.812736017807006661e+01
1.188388055025054371e+02 1.791103306829327124e+01
1.190828276903940122e+02 1.782759236177491857e+01
1.193268498782854437e+02 1.787519310844292164e+01
1.195708720661740188e+02 1.805488709958945748e+01
1.198148942540654360e+02 1.837066169712963060e+01
1.200589164419540253e+02 1.882958766010398932e+01
1.203029386298454426e+02 1.944208366005432609e+01
1.205469608177368599e+02 2.022231137230375353e+01
1.207909830056254350e+02 2.118872216562408539e+01
1.210350051935168665e+02 2.236478498930962999e+01
1.212790273814054416e+02 2.376438655428417590e+01
1.215230495692968589e+02 2.519282931731281039e+01
1.217670717571854340e+02 2.656855085101264180e+01
1.220110939450768655e+02 2.787400516038851350e+01
1.222551161329654406e+02 2.909185884190450722e+01
1.224991383208568578e+02 3.020536955639018473e+01
1.227431605087482893e+02 3.119876637406435549e+01
1.229871826966368644e+02 3.205762001241305370e+01
1.232312048845282817e+02 3.276919087082279702e+01
1.234752270724168568e+02 3.332274315447247659e+01
1.237192492603082883e+02 3.370981427306811895e+01
1.239632714481968634e+02 3.392443006973190478e+01
1.242072936360882807e+02 3.396325823080581330e+01
1.244513158239768700e+02 3.382569437088724129e+01
1.246953380118682873e+02 3.351387768512992693e+01
1.249393601997597045e+02 3.303263560226388051e+01
1.251833823876482796e+02 3.240009158523658073e+01
1.254274045755397111e+02 3.177340768892151246e+01
1.256714267634282862e+02 3.119985535859728998e+01
1.259154489513197035e+02 3.067697934504596446e+01
1.261594711392082928e+02 3.020256551755116448e+01
1.264034933270997101e+02 2.977462525874034327e+01
1.266475155149882852e+02 2.939138158396623624e+01
1.268915377028797025e+02 2.905125684951505249e+01
1.271355598907711340e+02 2.875286193081856112e+01
1.273795820786597091e+02 2.849498676664310892e+01
1.276236042665511263e+02 2.827659217919776324e+01
1.278676264544397156e+02 2.809680289275269516e+01
1.281116486423311187e+02 2.795490168501775941e+01
1.283556708302197080e+02 2.785032461662751402e+01
1.285996930181111395e+02 2.778265729422365027e+01
1.288437152059997004e+02 2.775163213250641192e+01
1.290877373938911319e+02 2.775166952315326796e+01
1.293317595817797212e+02 2.770391885150510802e+01
1.295757817696711243e+02 2.758288979358324156e+01
1.298198039575625558e+02 2.738954315504385306e+01
1.300638261454511451e+02 2.712540799909574929e+01
1.303078483333425481e+02 2.679256151042904932e+01
1.305518705212311374e+02 2.639360179526229189e+01
1.307958927091225405e+02 2.593161411559676566e+01
1.310399148970111298e+02 2.541013117153218204e+01
1.312839370849025613e+02 2.483308814645536344e+01
1.315279592727911222e+02 2.420477331492893924e+01
1.317719814606825537e+02 2.352977507918352984e+01
1.320160036485739852e+02 2.281292634746945680e+01
1.322600258364625461e+02 2.205924719392884725e+01
1.325040480243539776e+02 2.127388674634510579e+01
1.327480702122425669e+02 2.046206523469609806e+01
1.329920924001339699e+02 1.963459092693766905e+01
1.332361145880225592e+02 1.887515655771692380e+01
1.334801367759139907e+02 1.820386434379314267e+01
1.337241589638025516e+02 1.761330847545587019e+01
1.339681811516939831e+02 1.709710642354545840e+01
1.342122033395853862e+02 1.664978430488729799e+01
1.344562255274739755e+02 1.626668029730955567e+01
1.347002477153654070e+02 1.594386372176805011e+01
1.349442699032539679e+02 1.567806782633788920e+01
1.351882920911453994e+02 1.546663466266595144e+01
1.354323142790339887e+02 1.530747075210556396e+01
1.356763364669253917e+02 1.519901250533832027e+01
1.359203586548139810e+02 1.514020059510777116e+01
1.361643808427054125e+02 1.513046269334615523e+01
1.364084030305968156e+02 1.516970417846868635e+01
1.366524252184854049e+02 1.525830660134398720e+01
1.368964474063768364e+02 1.539246919279644921e+01
1.371404695942653973e+02 1.550189276187672505e+01
1.373844917821568288e+02 1.556183836531885234e+01
1.376285139700454181e+02 1.557172799256033002e+01
1.378725361579368212e+02 1.553146614246942470e+01
1.381165583458254105e+02 1.544144135873750656e+01
1.383605805337168135e+02 1.530251998722898854e+01
1.386046027216082450e+02 1.511603229556975414e+01
1.388486249094968343e+02 1.488375126596855758e+01
1.390926470973882374e+02 1.460786453407093255e+01
1.393366692852768267e+02 1.429094009494362894e+01
1.395806914731682582e+02 1.393588652777265402e+01
1.398247136610568191e+02 1.354590860048300982e+01
1.400687358489482506e+02 1.312445920078913986e+01
1.403127580368368399e+02 1.267518860005849390e+01
1.405567802247282430e+02 1.220189208872724862e+01
1.408008024126196744e+02 1.171091419963205560e+01
1.410448246005082638e+02 1.124253710954952368e+01
1.412888467883996668e+02 1.080771349933039893e+01
1.415328689762882561e+02 1.040397452921958532e+01
1.417768911641796592e+02 1.002907086821918270e+01
1.420209133520682485e+02 9.680952363429112140e+00
1.422649355399596800e+02 9.357749798845672373e+00
1.425089577278482409e+02 9.057758520727848150e+00
1.427529799157396724e+02 8.779423731906044637e+00
1.429970021036282617e+02 8.521327280173546015e+00
1.432410242915196648e+02 8.282175785536958657e+00
1.434850464794110962e+02 8.060789968869430666e+00
1.437290686672996856e+02 7.856095059853012152e+00
1.439730908551910886e+02 7.667112175955802300e+00
1.442171130430796779e+02 7.492950576356891546e+00
1.444611352309710810e+02 7.332800705472316771e+00
1.447051574188596703e+02 7.186696846240799630e+00
1.449491796067511018e+02 7.065995922379260996e+00
1.451932017946396627e+02 6.973646290962850713e+00
1.454372239825310942e+02 6.908582141307986646e+00
1.456812461704225257e+02 6.870058130484398617e+00
1.459252683583110866e+02 6.857635135065515364e+00
1.461692905462025180e+02 6.871171898199442296e+00
1.464133127340911074e+02 6.910822349269768239e+00
1.466573349219825104e+02 6.977038524854970447e+00
1.469013571098710997e+02 7.070579168677703308e+00
1.471453792977625312e+02 7.192524239907081451e+00
1.473894014856510921e+02 7.344295718662002592e+00
1.476334236735425236e+02 7.527685270566423448e+00
1.478774458614339267e+02 7.744889524600361952e+00
1.481214680493225160e+02 7.998553937512862255e+00
1.483654902372139475e+02 8.291826471506123397e+00
1.486095124251025084e+02 8.626267425528782340e+00
1.488535346129939398e+02 8.969155467845135732e+00
1.490975568008825292e+02 9.306994940814188766e+00
1.493415789887739322e+02 9.638216895462786482e+00
1.495856011766625215e+02 9.961235424838513097e+00
1.498296233645539530e+02 1.027445998455620924e+01
1.500736455524453561e+02 1.057630818580916277e+01
1.503176677403339454e+02 1.086521892064728867e+01
1.505616899282253769e+02 1.113966566991046214e+01
1.508057121161139378e+02 1.139816983707740761e+01
1.510497343040053693e+02 1.163931394659605978e+01
1.512937564918939586e+02 1.186175454276447994e+01
1.515377786797853616e+02 1.206423462570125515e+01
1.517818008676739510e+02 1.224559546368849894e+01
1.520258230555653540e+02 1.240478762692920078e+01
1.522698452434567855e+02 1.254088109580136745e+01
1.525138674313453748e+02 1.265771859348653550e+01
1.527578896192367779e+02 1.283372317910278326e+01
1.530019118071253672e+02 1.310020791074440538e+01
1.532459339950167987e+02 1.346269475303407326e+01
1.534899561829053596e+02 1.392881272303325346e+01
1.537339783707967911e+02 1.450856598382074303e+01
1.539780005586853804e+02 1.521469213308883894e+01
1.542220227465767834e+02 1.606312867400051658e+01
1.544660449344653728e+02 1.707361159077760249e+01
1.547100671223567758e+02 1.827043746567904847e+01
1.549540893102482073e+02 1.968343020808385191e+01
1.551981114981367966e+02 2.134916594015749070e+01
1.554421336860281997e+02 2.331252585198996030e+01
1.556861558739167890e+02 2.562866818771378163e+01
1.559301780618082205e+02 2.836553868767559194e+01
1.561742002496967814e+02 3.160707613863222676e+01
1.564182224375882129e+02 3.543314295973839734e+01
1.566622446254768022e+02 3.949572729620363276e+01
1.569062668133682052e+02 4.358632782729524280e+01
1.571502890012596367e+02 4.762227874603317446e+01
1.573943111891482260e+02 5.151453580594175463e+01
1.576383333770396291e+02 5.517078141104388322e+01
1.578823555649282184e+02 5.849896815733959698e+01
1.581263777528196215e+02 6.141111784203895496e+01
1.583703999407082108e+02 6.382716075751866214e+01
1.586144221285996423e+02 6.567858317714915017e+01
1.588584443164882032e+02 6.691165185130957127e+01
1.591024665043796347e+02 6.749000396358324849e+01
1.593464886922710662e+02 6.739642839290685572e+01
1.595905108801596270e+02 6.663371652896692865e+01
1.598345330680510585e+02 6.522452395202078890e+01
1.600785552559396479e+02 6.321025254141832761e+01
1.603225774438310509e+02 6.068060900978277061e+01
1.605665996317196402e+02 5.823841814880631773e+01
1.608106218196110717e+02 5.607144474245781396e+01
1.610546440074996326e+02 5.415598494889165693e+01
1.612986661953910641e+02 5.247152759945957712e+01
1.615426883832824672e+02 5.100038958236684294e+01
1.617867105711710565e+02 4.972740722241884015e+01
1.620307327590624880e+02 4.863967613245001331e+01
1.622747549469510489e+02 4.772633329529124779e+01
1.625187771348424803e+02 4.697837622585262807e+01
1.627627993227310697e+02 4.638851499830985858e+01
1.630068215106224727e+02 4.595105373097970869e+01
1.632508436985110620e+02 4.566179882949541025e+01
1.634948658864024935e+02 4.551799191666583511e+01
1.637388880742938966e+02 4.551826594587819841e+01
1.639829102621824859e+02 4.566262351935097286e+01
1.642269324500739174e+02 4.594111375885106696e+01
1.644709546379624783e+02 4.614834767817789185e+01
1.647149768258539098e+02 4.620583141199408317e+01
1.649589990137424991e+02 4.611300448480698577e+01
1.652030212016339021e+02 4.587077174302446991e+01
1.654470433895224915e+02 4.548148867064281831e+01
1.656910655774138945e+02 4.494892325584192605e+01
1.659350877653024838e+02 4.427819527192885118e+01
1.661791099531939153e+02 4.347569434082058848e+01
1.664231321410853184e+02 4.254897861296520034e+01
1.666671543289739077e+02 4.150665630992498478e+01
1.669111765168653392e+02 4.035825272477842418e+01
1.671551987047539001e+02 3.911406555135803842e+01
1.673992208926453316e+02 3.778501160909770107e+01
1.676432430805339209e+02 3.638246814390291917e+01
1.678872652684253239e+02 3.491811191305792050e+01
1.681312874563139133e+02 3.341142019391764961e+01
1.683753096442053163e+02 3.201043031543100881e+01
1.686193318320967478e+02 3.075720014820061721e+01
1.688633540199853371e+02 2.963881222916749891e+01
1.691073762078767402e+02 2.864398925975507737e+01
1.693513983957653295e+02 2.776290578508133322e+01
1.695954205836567610e+02 2.698702718921032329e+01
1.698394427715453219e+02 2.630897232746059444e+01
1.700834649594367534e+02 2.572239670812979284e+01
1.703274871473253427e+02 2.522189363963620679e+01
1.705715093352167457e+02 2.480291118814652762e+01
1.708155315231081772e+02 2.446168316049786284e+01
1.710595537109967665e+02 2.419517264676123602e+01
1.713035758988881696e+02 2.400102693693417422e+01
1.715475980867767589e+02 2.387754287404117548e+01
1.717916202746681620e+02 2.382364192861787089e+01
1.720356424625567513e+02 2.383634669493594060e+01
1.722796646504481828e+02 2.386731070899687879e+01
1.725236868383367437e+02 2.389799865788955913e+01
1.727677090262281752e+02 2.392840937384065469e+01
1.730117312141196066e+02 2.395854169859640947e+01
1.732557534020081675e+02 2.398839448349710679e+01
1.734997755898995990e+02 2.401796658955112918e+01
1.737437977777881883e+02 2.404725688750479407e+01
1.739878199656795914e+02 2.407626425791704960e+01
1.742318421535681807e+02 2.410498759122793544e+01
1.744758643414596122e+02 2.413342578783194980e+01
1.747198865293481731e+02 2.416157775814561859e+01
1.749639087172396046e+02 2.418944242267956213e+01
1.752079309051310076e+02 2.421701871210523294e+01
1.754519530930195970e+02 2.424430556732418296e+01
1.756959752809110284e+02 2.427130193953687254e+01
1.759399974687995893e+02 2.429958882732987391e+01
1.761840196566910208e+02 2.436060806990683858e+01
1.764280418445796101e+02 2.446690073247494013e+01
1.766720640324710132e+02 2.461905797314376088e+01
1.769160862203596025e+02 2.481792900031686955e+01
1.771601084082510340e+02 2.506462897668289358e+01
1.774041305961395949e+02 2.536054944719452564e+01
1.776481527840310264e+02 2.570737142770698469e+01
1.778921749719224579e+02 2.610708132662839631e+01
1.781361971598110188e+02 2.656198991086505146e+01
1.783802193477024502e+02 2.707475456961879345e+01
1.786242415355910111e+02 2.764840517627568772e+01
1.788682637234824426e+02 2.828637390077425451e+01
1.791122859113710319e+02 2.899252938261627222e+01
1.793563080992624350e+02 2.977121574044669217e+01
1.796003302871510243e+02 3.062729696754155029e+01
1.798443524750424558e+02 3.155860972647714391e+01
1.800883746629338589e+02 3.241081044008407730e+01
1.803323968508224482e+02 3.311175434372810145e+01
1.805764190387138797e+02 3.365075125968552072e+01
1.808204412266024406e+02 3.401947520965128291e+01
1.810644634144938721e+02 3.421217837753618340e+01
1.813084856023824614e+02 3.422584017945562351e+01
1.815525077902738644e+02 3.406024603793637340e+01
1.817965299781624537e+02 3.371799298917212440e+01
1.820405521660538568e+02 3.320442191855315883e+01
1.822845743539452883e+02 3.252747889565952732e+01
1.825285965418338776e+02 3.169751064004916330e+01
1.827726187297252807e+02 3.072700147517371150e+01
1.830166409176138700e+02 2.963026111420098729e+01
1.832606631055053015e+02 2.842307418154102550e+01
1.835046852933938624e+02 2.712232344653200755e+01
1.837487074812852939e+02 2.575866600472702217e+01
1.839927296691738832e+02 2.460895770790725123e+01
1.842367518570652862e+02 2.375152101852419051e+01
1.844807740449567177e+02 2.315890322002298163e+01
1.847247962328453070e+02 2.281250115527193145e+01
1.849688184207367101e+02 2.270158469638323950e+01
1.852128406086252994e+02 2.282274089084147661e+01
1.854568627965167025e+02 2.317969833281406622e+01
1.857008849844052918e+02 2.378351906347055689e+01
1.859449071722967233e+02 2.465317187493435469e+01
1.861889293601852842e+02 2.581652875727500529e+01
1.864329515480767157e+02 2.731185801379741562e+01
1.866769737359681471e+02 2.918992635330048557e+01
1.869209959238567080e+02 3.151687194583944418e+01
1.871650181117481395e+02 3.437807618892617256e+01
1.874090402996367288e+02 3.788335092107487156e+01
1.876530624875281319e+02 4.215003836677185944e+01
1.878970846754167212e+02 4.677470695914613685e+01
1.881411068633081527e+02 5.151426135927611938e+01
1.883851290511967136e+02 5.630502807507325258e+01
1.886291512390881451e+02 6.107594316531491074e+01
1.888731734269795481e+02 6.575011031834704056e+01
1.891171956148681375e+02 7.024672635413843125e+01
1.893612178027595689e+02 7.448331455675584323e+01
1.896052399906481298e+02 7.837818461711300699e+01
1.898492621785395613e+02 8.185301975695460897e+01
1.900932843664281506e+02 8.483547832743565209e+01
1.903373065543195537e+02 8.726169007976359637e+01
1.905813287422081430e+02 8.907852721798732887e+01
1.908253509300995745e+02 9.024553761856053313e+01
1.910693731179881354e+02 9.073644202298582684e+01
1.913133953058795669e+02 9.054011782839364741e+01
1.915574174937709984e+02 8.968275611652848056e+01
1.918014396816595593e+02 8.866167173814889679e+01
1.920454618695509907e+02 8.767789743149573667e+01
1.922894840574395516e+02 8.673044586357126207e+01
1.925335062453309831e+02 8.581837227063135742e+01
1.927775284332195724e+02 8.494077289676943110e+01
1.930215506211109755e+02 8.409678350874696662e+01
1.932655728089995648e+02 8.328557798400588297e+01
1.935095949968909963e+02 8.250636696831956840e+01
1.937536171847823994e+02 8.175839660034820611e+01
1.939976393726709887e+02 8.104094729997581226e+01
1.942416615605624202e+02 8.035333261781836711e+01
1.944856837484509811e+02 7.969489814340555256e+01
1.947297059363424125e+02 7.906502046940980222e+01
1.949737281242310019e+02 7.846310620987858897e+01
1.952177503121224049e+02 7.788859107006388172e+01
1.954617725000109942e+02 7.734363637665886415e+01
1.957057946879023973e+02 7.688939731842249614e+01
1.959498168757938288e+02 7.654999203596639745e+01
1.961938390636824181e+02 7.632391973140408936e+01
1.964378612515738212e+02 7.621018319840575828e+01
1.966818834394624105e+02 7.620828148749360764e+01
1.969259056273538420e+02 7.631820622686770150e+01
1.971699278152424029e+02 7.654044156095157803e+01
1.974139500031338343e+02 7.687596770602493734e+01
1.976579721910224237e+02 7.732626815947782006e+01
1.979019943789138267e+02 7.789334063703802258e+01
1.981460165668052582e+02 7.857971185079905752e+01
1.983900387546938475e+02 7.938845628127560872e+01
1.986340609425852506e+02 8.032321913880728914e+01
1.988780831304738399e+02 8.138824375435045511e+01
1.991221053183652430e+02 8.258840368815127420e+01
1.993661275062538323e+02 8.392140228443763306e+01
1.996101496941452638e+02 8.520382840945045189e+01
1.998541718820338247e+02 8.635150926778142377e+01
2.000981940699252561e+02 8.735850693403475020e+01
2.003422162578166876e+02 8.821956652488113093e+01
2.005862384457052485e+02 8.893016186372143750e+01
2.008302606335966800e+02 8.948653510548595591e+01
2.010742828214852693e+02 8.988572983622032098e+01
2.013183050093766724e+02 9.012561723973483652e+01
2.015623271972652617e+02 9.020491500708571664e+01
2.018063493851566932e+02 9.012319875402697278e+01
2.020503715730452541e+02 8.988090580410413111e+01
2.022943937609366856e+02 8.947933129023506638e+01
2.025384159488252749e+02 8.892061662343091655e+01
2.027824381367166779e+02 8.820773047221969421e+01
2.030264603246081094e+02 8.734444248929193577e+01
2.032704825124966703e+02 8.632855766359500649e+01
2.035145047003881018e+02 8.500287249704734904e+01
2.037585268882766911e+02 8.331355130703751399e+01
2.040025490761680942e+02 8.128316763448847837e+01
2.042465712640566835e+02 7.893843657152834226e+01
2.044905934519481150e+02 7.630963026591011555e+01
2.047346156398366759e+02 7.342992859618122736e+01
2.049786378277281074e+02 7.033472445117236305e+01
2.052226600156195389e+02 6.706090387703335409e+01
2.054666822035080997e+02 6.364612142549908924e+01
2.057107043913995312e+02 6.012809037846383120e+01
2.059547265792880921e+02 5.654390618828013970e+01
2.061987487671795236e+02 5.292941954330513710e+01
2.064427709550681129e+02 4.931867305554045089e+01
2.066867931429595160e+02 4.574341278545864498e+01
2.069308153308481053e+02 4.223268281013585579e+01
2.071748375187395368e+02 3.882039361013947598e+01
2.074188597066309399e+02 3.571064332876256486e+01
2.076628818945195292e+02 3.294854243262783200e+01
2.079069040824109607e+02 3.049127140866086805e+01
2.081509262702995215e+02 2.830190401580967929e+01
2.083949484581909530e+02 2.634854071261976216e+01
2.086389706460795423e+02 2.460357827343499793e+01
2.088829928339709454e+02 2.304309311037762242e+01
2.091270150218595347e+02 2.164631971302896574e+01
2.093710372097509378e+02 2.039520880865831032e+01
2.096150593976423693e+02 1.927405246951744999e+01
2.098590815855309586e+02 1.826916555097596984e+01
2.101031037734223617e+02 1.736861462449149585e+01
2.103471259613109510e+02 1.656198703939893591e+01
2.105911481492023825e+02 1.584019396396544366e+01
2.108351703370909433e+02 1.519530226592771882e+01
2.110791925249823748e+02 1.462206585474650211e+01
2.113232147128709641e+02 1.415668124421734220e+01
2.115672369007623672e+02 1.380840252336277629e+01
2.118112590886537987e+02 1.356921396416952774e+01
2.120552812765423880e+02 1.343368652583027156e+01
2.122993034644337911e+02 1.339877197368767803e+01
2.125433256523223804e+02 1.346368832828204631e+01
2.127873478402137835e+02 1.362989060278446196e+01
2.130313700281023728e+02 1.390112529194915858e+01
2.132753922159938043e+02 1.428357147652249459e+01
2.135194144038823651e+02 1.478607600176195369e+01
2.137634365917737966e+02 1.542049529186390444e+01
2.140074587796623860e+02 1.620216232958805946e+01
2.142514809675537890e+02 1.715050459271457228e+01
2.144955031554452205e+02 1.828984783509630674e+01
2.147395253433338098e+02 1.965045223158383081e+01
2.149835475312252129e+02 2.126423176765651135e+01
2.152275697191138022e+02 2.301116094229715969e+01
2.154715919070052337e+02 2.482262454977295718e+01
2.157156140948937946e+02 2.669175948527436759e+01
2.159596362827852261e+02 2.861060509986018729e+01
2.162036584706737870e+02 3.057012531254166277e+01
2.164476806585652184e+02 3.256024999877627124e+01
2.166917028464566499e+02 3.456993622407139100e+01
2.169357250343452108e+02 3.658724947774764757e+01
2.171797472222366423e+02 3.859946461382877203e+01
2.174237694101252316e+02 4.059318573730153901e+01
2.176677915980166347e+02 4.255448379709463325e+01
2.179118137859052240e+02 4.446905017254019299e+01
2.181558359737966555e+02 4.632236408679478501e+01
2.183998581616852164e+02 4.809987125728581958e+01
2.186438803495766479e+02 4.978717081946431477e+01
2.188879025374680793e+02 5.136742770918481682e+01
2.191319247253566402e+02 5.274683619606972940e+01
2.193759469132480717e+02 5.386959552880256297e+01
2.196199691011366326e+02 5.471793718053056921e+01
2.198639912890280641e+02 5.527826717975960236e+01
2.201080134769166534e+02 5.554152848423645139e+01
2.203520356648080565e+02 5.550344453200101924e+01
2.205960578526966458e+02 5.516463481701033800e+01
2.208400800405880773e+02 5.453059812445687982e+01
2.210841022284794803e+02 5.361156405979184569e+01
2.213281244163680697e+02 5.242221847364128706e+01
2.215721466042595011e+02 5.098131308171794274e+01
2.218161687921480620e+02 4.931117378022498343e+01
2.220601909800394935e+02 4.743712566660102681e+01
2.223042131679280828e+02 4.538685543998822425e+01
2.225482353558194859e+02 4.318973356525047080e+01
2.227922575437080752e+02 4.088499855825503460e+01
2.230362797315994783e+02 3.874522619150186387e+01
2.232803019194909098e+02 3.686430059409409665e+01
2.235243241073794991e+02 3.521497472365353332e+01
2.237683462952709021e+02 3.377398821914211169e+01
2.240123684831594915e+02 3.252152470048678623e+01
2.242563906710509229e+02 3.144075984936455725e+01
2.245004128589394838e+02 3.051748590346927870e+01
2.247444350468309153e+02 2.973980086090265473e+01
2.249884572347195046e+02 2.909785288961059280e+01
2.252324794226109077e+02 2.858363226006206403e+01
2.254765016105023392e+02 2.819080464728783397e+01
2.257205237983909285e+02 2.791458094104715570e+01
2.259645459862823316e+02 2.775161981396754030e+01
2.262085681741709209e+02 2.769996026908759745e+01
2.264525903620623239e+02 2.775898225787176798e+01
2.266966125499509133e+02 2.792608386035561452e+01
2.269406347378423447e+02 2.810285059138972841e+01
2.271846569257309056e+02 2.824230778068410430e+01
2.274286791136223371e+02 2.834389034899442095e+01
2.276727013015109264e+02 2.840718550662009889e+01
2.279167234894023295e+02 2.843193554781896282e+01
2.281607456772937610e+02 2.841803959875372954e+01
2.284047678651823503e+02 2.836555430240566267e+01
2.286487900530737534e+02 2.827469343392940004e+01
2.288928122409623427e+02 2.814582645012117368e+01
2.291368344288537742e+02 2.797947598675066061e+01
2.293808566167423351e+02 2.777631432751352847e+01
2.296248788046337665e+02 2.753715887794102457e+01
2.298689009925223274e+02 2.726296668696773651e+01
2.301129231804137589e+02 2.695482806746045412e+01
2.303569453683051904e+02 2.661395937529132993e+01
2.306009675561937513e+02 2.624256645852550207e+01
2.308449897440851828e+02 2.586883209298573760e+01
2.310890119319737721e+02 2.550553810456728243e+01
2.313330341198651752e+02 2.515239307259003709e+01
2.315770563077537645e+02 2.480911570833783841e+01
2.318210784956451960e+02 2.447543449047287822e+01
2.320651006835337569e+02 2.415108731526185082e+01
2.323091228714251884e+02 2.383582116086559921e+01
2.325531450593165914e+02 2.352939176522219711e+01
2.327971672472051807e+02 2.323156331686173104e+01
2.330411894350966122e+02 2.294210815815437599e+01
2.332852116229851731e+02 2.266080650050880507e+01
2.335292338108766046e+02 2.238744615094422130e+01
2.337732559987651939e+02 2.212182224967079947e+01
2.340172781866565970e+02 2.186373701812502190e+01
2.342613003745451863e+02 2.161299951713352385e+01
2.345053225624366178e+02 2.136945972640949520e+01
2.347493447503280208e+02 2.113403688882637255e+01
2.349933669382166102e+02 2.090704549589189654e+01
2.352373891261080416e+02 2.068826886982375513e+01
2.354814113139966025e+02 2.047749947723033870e+01
2.357254335018880340e+02 2.027453860273002206e+01
2.359694556897766233e+02 2.007919603823325616e+01
2.362134778776680264e+02 1.989128978713150175e+01
2.364575000655566157e+02 1.971064578282733493e+01
2.367015222534480188e+02 1.953709762092530866e+01
2.369455444413394503e+02 1.937048630457704590e+01
2.371895666292280396e+02 1.921066000238212723e+01
2.374335888171194426e+02 1.905747381835339382e+01
2.376776110050080320e+02 1.891078957347625789e+01
2.379216331928994634e+02 1.877047559835668622e+01
2.381656553807880243e+02 1.863640653657836666e+01
2.384096775686794558e+02 1.850789165926535063e+01
2.386536997565680451e+02 1.836575468720721105e+01
2.388977219444594482e+02 1.820109735089657477e+01
2.391417441323480375e+02 1.801454630339340923e+01
2.393857663202394690e+02 1.780680685709740629e+01
2.396297885081308721e+02 1.757865854261542893e+01
2.398738106960194614e+02 1.733095023804443002e+01
2.401178328839108644e+02 1.706459491125168171e+01
2.403618550717994538e+02 1.678056402072120079e+01
2.406058772596908852e+02 1.647988162288449132e+01
2.408498994475794461e+02 1.616361823595994451e+01
2.410939216354708776e+02 1.583288451151319087e+01
2.413379438233594669e+02 1.548882476600799407e+01
2.415819660112508700e+02 1.513261042467868123e+01
2.418259881991423015e+02 1.476543343003780251e+01
2.420700103870308908e+02 1.438849966633396704e+01
2.423140325749222939e+02 1.400344805529170600e+01
2.425580547628108832e+02 1.362592103590606740e+01
2.428020769507023147e+02 1.326284128754778813e+01
2.430460991385908756e+02 1.291359313417733112e+01
2.432901213264823070e+02 1.257759039405025625e+01
2.435341435143708679e+02 1.225427485791531090e+01
2.437781657022622994e+02 1.194311485143955309e+01
2.440221878901537309e+02 1.164360387704724253e+01
2.442662100780422918e+02 1.135525933044514169e+01
2.445102322659337233e+02 1.107762128752887243e+01
2.447542544538223126e+02 1.081025135762083345e+01
2.449982766417137157e+02 1.055273159912720615e+01
2.452422988296023050e+02 1.030466349411694083e+01
2.454863210174937365e+02 1.006566697834418633e+01
2.457303432053822974e+02 9.835379523636111898e+00
2.459743653932737288e+02 9.613455269571486994e+00
2.462183875811651319e+02 9.400549426052448254e+00
2.464624097690537212e+02 9.231389567518165862e+00
2.467064319569451527e+02 9.121205458237556130e+00
2.469504541448337136e+02 9.067941640732028574e+00
2.471944763327251451e+02 9.070610380514160909e+00
2.474384985206137344e+02 9.129261075336126297e+00
2.476825207085051375e+02 9.244981782225595524e+00
2.479265428963937268e+02 9.419932928531547844e+00
2.481705650842851583e+02 9.657414672264936328e+00
2.484145872721765613e+02 9.961970858049717492e+00
2.486586094600651506e+02 1.033953416220624888e+01
2.489026316479565821e+02 1.079761892905337284e+01
2.491466538358451430e+02 1.134557048419977221e+01
2.493906760237365745e+02 1.199488250984532733e+01
2.496346982116251638e+02 1.275959755834428222e+01
2.498787203995165669e+02 1.365681019243736571e+01
2.501227425874051562e+02 1.470371244485459172e+01
2.503667647752965593e+02 1.577835882752457408e+01
2.506107869631851486e+02 1.679621574252773186e+01
2.508548091510765801e+02 1.773682367276498439e+01
2.510988313389679831e+02 1.858039922059201388e+01
2.513428535268565724e+02 1.930852157631098720e+01
2.515868757147480039e+02 1.990479874285819406e+01
2.518308979026365648e+02 2.035548000875364139e+01
2.520749200905279963e+02 2.064998276895475371e+01
2.523189422784165856e+02 2.078130552698693023e+01
2.525629644663079887e+02 2.074630457613215739e+01
2.528069866541965780e+02 2.054581909316885557e+01
2.530510088420880095e+02 2.018463769443749101e+01
2.532950310299794126e+02 1.967130831526398893e+01
2.535390532178680019e+02 1.901780195224933934e+01
2.537830754057594049e+02 1.823904873723183684e+01
2.540270975936479942e+02 1.735703459553242567e+01
2.542711197815394257e+02 1.656473295106533783e+01
2.545151419694279866e+02 1.594074024080603991e+01
2.547591641573194181e+02 1.546848097056529525e+01
2.550031863452080074e+02 1.513568170902882315e+01
2.552472085330994105e+02 1.493383819803792001e+01
2.554912307209908420e+02 1.485785218281613673e+01
2.557352529088794313e+02 1.490581619071489783e+01
2.559792750967708344e+02 1.507893350336600946e+01
2.562232972846593952e+02 1.538156860848075347e+01
2.564673194725508552e+02 1.582143110112091655e+01
2.567113416604394160e+02 1.640990391304954699e+01
2.569553638483308191e+02 1.716253548755303981e+01
2.571993860362194368e+02 1.809972576703488656e+01
2.574434082241108399e+02 1.924764844748536419e+01
2.576874304120022430e+02 2.063946792461495505e+01
2.579314525998908607e+02 2.231099192026211142e+01
2.581754747877822638e+02 2.404814051671723618e+01
2.584194969756708247e+02 2.569757887932692597e+01
2.586635191635622846e+02 2.722394130074869878e+01
2.589075413514508455e+02 2.859287834732763756e+01
2.591515635393422485e+02 2.977233097038764242e+01
2.593955857272308663e+02 3.073377340717945216e+01
2.596396079151222693e+02 3.145335789824090966e+01
2.598836301030136724e+02 3.191289720487182890e+01
2.601276522909022901e+02 3.210062845003818666e+01
2.603716744787936932e+02 3.201171350394284332e+01
2.606156966666822541e+02 3.164844619917954560e+01
2.608597188545737140e+02 3.102015398607644769e+01
2.611037410424622749e+02 3.014279991431176953e+01
2.613477632303536780e+02 2.903830865049784293e+01
2.615917854182422957e+02 2.773365625483427621e+01
2.618358076061336988e+02 2.626683055570053682e+01
2.620798297940222596e+02 2.495672172238957387e+01
2.623238519819136627e+02 2.393390924330473979e+01
2.625678741698051226e+02 2.316786333448643376e+01
2.628118963576936835e+02 2.263625433198034997e+01
2.630559185455850866e+02 2.232386494506800645e+01
2.632999407334737043e+02 2.222186206233558181e+01
2.635439629213651074e+02 2.232737917720668008e+01
2.637879851092536683e+02 2.264338171014149381e+01
2.640320072971451282e+02 2.317880634111074656e+01
2.642760294850336891e+02 2.394898354626893067e+01
2.645200516729250921e+02 2.497637139568007569e+01
2.647640738608165520e+02 2.629164993418566709e+01
2.650080960487051129e+02 2.793525100880052037e+01
2.652521182365965160e+02 2.995943054912422454e+01
2.654961404244851337e+02 3.243103209320745606e+01
2.657401626123765368e+02 3.542605442366493662e+01
2.659841848002650977e+02 3.860209500188208409e+01
2.662282069881565576e+02 4.169872657635011137e+01
2.664722291760451185e+02 4.465381173660203018e+01
2.667162513639365216e+02 4.740434051785663883e+01
2.669602735518279815e+02 4.988862204796461697e+01
2.672042957397165424e+02 5.204856203837155704e+01
2.674483179276079454e+02 5.383191010460882353e+01
2.676923401154965632e+02 5.519435619218248945e+01
2.679363623033879662e+02 5.610135893850981148e+01
2.681803844912765271e+02 5.652960073028377508e+01
2.684244066791679870e+02 5.646798390662915068e+01
2.686684288670565479e+02 5.591810869473987111e+01
2.689124510549479510e+02 5.489420414492204969e+01
2.691564732428393540e+02 5.342251622615199125e+01
2.694004954307279718e+02 5.154018981612991723e+01
2.696445176186193748e+02 4.930428668624755062e+01
2.698885398065079357e+02 4.724145829536816166e+01
2.701325619943993956e+02 4.558906450451790704e+01
2.703765841822879565e+02 4.430949857078807952e+01
2.706206063701793596e+02 4.337422819199595381e+01
2.708646285580679773e+02 4.276273307672168045e+01
2.711086507459593804e+02 4.246175287145118205e+01
2.713526729338507835e+02 4.246480676858261205e+01
2.715966951217394012e+02 4.277196037222320513e+01
2.718407173096308043e+02 4.338982805267892928e+01
2.720847394975193652e+02 4.433181090809372193e+01
2.723287616854108251e+02 4.561858234750997809e+01
2.725727838732993860e+02 4.727884598650467041e+01
2.728168060611907890e+02 4.935040484252236581e+01
2.730608282490794068e+02 5.188159769592599702e+01
2.733048504369708098e+02 5.493317912414367044e+01
2.735488726248622129e+02 5.856731860930987210e+01
2.737928948127508306e+02 6.216800485429143208e+01
2.740369170006422337e+02 6.528964312264551495e+01
2.742809391885307946e+02 6.784024938634844659e+01
2.745249613764222545e+02 6.974231401250968077e+01
2.747689835643108154e+02 7.093671064998083864e+01
2.750130057522022184e+02 7.138574820352046402e+01
2.752570279400908362e+02 7.107514615684773673e+01
2.755010501279822392e+02 7.001478882437585582e+01
2.757450723158708001e+02 6.823820295608858544e+01
2.759890945037622032e+02 6.580079721175469842e+01
2.762331166916536631e+02 6.277699247447528563e+01
2.764771388795422240e+02 5.925645032168847592e+01
2.767211610674336271e+02 5.533966613402134271e+01
2.769651832553222448e+02 5.113322837774695984e+01
2.772092054432136479e+02 4.674505427696703208e+01
2.774532276311022088e+02 4.229036589960642800e+01
2.776972498189936687e+02 3.835165814024167474e+01
2.779412720068822296e+02 3.511540431433857634e+01
2.781852941947736326e+02 3.246250472417837329e+01
2.784293163826650925e+02 3.029962150363308382e+01
2.786733385705536534e+02 2.855375349611204072e+01
2.789173607584450565e+02 2.716814793680650908e+01
2.791613829463336742e+02 2.609922946937735588e+01
2.794054051342250773e+02 2.531431401898696976e+01
2.796494273221136382e+02 2.478993941644993271e+01
2.798934495100050981e+02 2.451069312532852607e+01
2.801374716978936590e+02 2.446845483077119709e+01
2.803814938857850620e+02 2.466200161455742190e+01
2.806255160736765220e+02 2.509694875369457989e+01
2.808695382615650828e+02 2.578602211725925741e+01
2.811135604494564859e+02 2.674968072081897219e+01
2.813575826373451036e+02 2.801310215605412424e+01
2.816016048252365067e+02 2.938435469634991648e+01
2.818456270131250676e+02 3.073567438843763711e+01
2.820896492010165275e+02 3.205833566769977949e+01
2.823336713889050884e+02 3.334347301171541034e+01
2.825776935767964915e+02 3.458217714871101833e+01
2.828217157646878945e+02 3.576559588916420296e+01
2.830657379525765123e+02 3.688503802616324379e+01
2.833097601404679153e+02 3.793207862793747154e+01
2.835537823283564762e+02 3.889866395834964408e+01
2.837978045162479361e+02 3.977721421133193758e+01
2.840418267041364970e+02 4.056072223428127899e+01
2.842858488920279001e+02 4.124284644728938076e+01
2.845298710799165178e+02 4.181799623725199666e+01
2.847738932678079209e+02 4.228140822022504608e+01
2.850179154556993240e+02 4.262921191736771220e+01
2.852619376435879417e+02 4.285761905219864332e+01
2.855059598314793448e+02 4.291514407128048703e+01
2.857499820193679057e+02 4.277247561130765519e+01
2.859940042072593656e+02 4.243160677893602184e+01
2.862380263951479265e+02 4.189728162051974891e+01
2.864820485830393295e+02 4.117688525095664431e+01
2.867260707709279473e+02 4.028027400316546647e+01
2.869700929588193503e+02 3.921955105827510835e+01
2.872141151467079112e+02 3.800879469511733078e+01
2.874581373345993711e+02 3.666374768358030423e+01
2.877021595224907742e+02 3.520147739050818103e+01
2.879461817103793351e+02 3.364001683163728984e+01
2.881902038982707950e+02 3.199799717445621994e+01
2.884342260861593559e+02 3.029428207533478101e+01
2.886782482740507589e+02 2.854761373901107291e+01
2.889222704619393767e+02 2.677627975796377768e+01
2.891662926498307797e+02 2.500172151307565471e+01
2.894103148377193406e+02 2.345989100369157754e+01
2.896543370256107437e+02 2.224480584790275017e+01
2.898983592135022036e+02 2.131463019376072765e+01
2.901423814013907645e+02 2.063828177203590286e+01
2.903864035892821676e+02 2.019369655265951380e+01
2.906304257771707853e+02 1.996662526802061066e+01
2.908744479650621884e+02 1.994986960606374637e+01
2.911184701529507493e+02 2.014290055440113392e+01
2.913624923408422092e+02 2.055183046588901519e+01
2.916065145287307701e+02 2.118973677331257832e+01
2.918505367166221731e+02 2.207736143962884157e+01
2.920945589045136330e+02 2.324423870109755086e+01
2.923385810924021939e+02 2.473033722736882467e+01
2.925826032802935970e+02 2.658834487318070927e+01
2.928266254681822147e+02 2.888677914483790232e+01
2.930706476560736178e+02 3.170697754524596945e+01
2.933146698439621787e+02 3.465632010877808966e+01
2.935586920318536386e+02 3.739693926899236232e+01
2.938027142197421995e+02 3.983966547443063178e+01
2.940467364076336025e+02 4.190070386017482917e+01
2.942907585955250624e+02 4.350638163362354760e+01
2.945347807834136233e+02 4.459751118958160276e+01
2.947788029713050264e+02 4.513300939074158435e+01
2.950228251591936441e+02 4.509246461767551750e+01
2.952668473470850472e+02 4.447742798836438993e+01
2.955108695349736081e+02 4.331131487695882498e+01
2.957548917228650112e+02 4.163792544831380127e+01
2.959989139107536289e+02 3.951871452403707252e+01
2.962429360986450320e+02 3.702904799821002513e+01
2.964869582865364350e+02 3.425376353796875151e+01
2.967309804744250528e+02 3.128239931298835330e+01
2.969750026623164558e+02 2.821144207785786051e+01
2.972190248502050167e+02 2.554538897099561368e+01
2.974630470380964766e+02 2.346061293006251347e+01
2.977070692259850375e+02 2.185273450909897974e+01
2.979510914138764406e+02 2.064485446094314014e+01
2.981951136017650583e+02 1.978141993482978833e+01
2.984391357896564614e+02 1.922395319602103214e+01
2.986831579775450223e+02 1.894818163491256158e+01
2.989271801654364822e+02 1.894226808523769634e+01
2.991712023533278852e+02 1.920595996653889159e+01
2.994152245412164461e+02 1.975057121838506546e+01
2.996592467291079060e+02 2.059979520882864534e+01
2.999032689169964669e+02 2.179143077785911942e+01
3.001472911048878700e+02 2.338019828320183535e+01
3.003913132927764877e+02 2.544194063333866396e+01
3.006353354806678908e+02 2.807966231315728223e+01
3.008793576685564517e+02 3.142601991813712559e+01
3.011233798564479116e+02 3.517837053737522979e+01
3.013674020443393147e+02 3.905567818186105455e+01
3.016114242322278756e+02 4.300458636157190995e+01
3.018554464201193355e+02 4.696426099049686798e+01
3.020994686080078964e+02 5.086772769435983577e+01
3.023434907958992994e+02 5.464360074214344820e+01
3.025875129837879172e+02 5.821815097417881191e+01
3.028315351716793202e+02 6.151763533497425129e+01
3.030755573595678811e+02 6.447078904919763431e+01
3.033195795474592842e+02 6.701136500497585757e+01
3.035636017353507441e+02 6.908059511958498433e+01
3.038076239232393050e+02 7.062944651201658530e+01
3.040516461111307081e+02 7.162055174063181084e+01
3.042956682990193258e+02 7.202970707062242184e+01
3.045396904869107289e+02 7.184685490717515677e+01
3.047837126747992897e+02 7.107753526221212326e+01
3.050277348626907497e+02 6.981780873654628294e+01
3.052717570505793105e+02 6.814109511353794346e+01
3.055157792384707136e+02 6.607863206901772912e+01
3.057598014263621735e+02 6.366811892323708832e+01
3.060038236142507344e+02 6.095257168110208568e+01
3.062478458021421375e+02 5.797904919734221352e+01
3.064918679900307552e+02 5.479730303822328352e+01
3.067358901779221583e+02 5.145840487506601590e+01
3.069799123658107192e+02 4.801340377382687308e+01
3.072239345537021791e+02 4.451206173900852292e+01
3.074679567415907400e+02 4.100170969181925784e+01
3.077119789294821430e+02 3.752625817131583830e+01
3.079560011173736029e+02 3.412538799898645436e+01
3.082000233052621638e+02 3.083393651289211235e+01
3.084440454931535669e+02 2.768148533988428284e+01
3.086880676810421846e+02 2.469486065509520856e+01
3.089320898689335877e+02 2.208610836542882794e+01
3.091761120568221486e+02 1.991389255457856322e+01
3.094201342447135517e+02 1.810162078462405688e+01
3.096641564326021694e+02 1.658834684936426385e+01
3.099081786204935725e+02 1.532544502905278883e+01
3.101522008083849755e+02 1.427405690790114257e+01
3.103962229962735933e+02 1.340312584088148284e+01
3.106402451841649963e+02 1.268788134511586208e+01
3.108842673720535572e+02 1.210867057349828713e+01
3.111282895599450171e+02 1.165005998650899954e+01
3.113723117478335780e+02 1.130014981227939153e+01
3.116163339357249811e+02 1.105005864515612757e+01
3.118603561236135988e+02 1.089354688048959829e+01
3.121043783115050019e+02 1.082675658173438293e+01
3.123484004993935628e+02 1.084805255713426320e+01
3.125924226872850227e+02 1.095732490716033070e+01
3.128364448751764257e+02 1.110234212109182472e+01
3.130804670630649866e+02 1.124880882363407508e+01
3.133244892509564465e+02 1.139673182332773571e+01
3.135685114388450074e+02 1.154611783473766806e+01
3.138125336267364105e+02 1.169697347610197724e+01
3.140565558146250282e+02 1.184930526694269126e+01
3.143005780025164313e+02 1.200311962569407243e+01
3.145446001904049922e+02 1.215842286729269439e+01
3.147886223782964521e+02 1.231522120078675719e+01
3.150326445661878552e+02 1.247352072690947544e+01
3.152766667540764161e+02 1.263332743566206773e+01
3.155206889419678760e+02 1.279464720388907750e+01
3.157647111298564369e+02 1.295748579282757085e+01
3.160087333177478399e+02 1.312184884567757059e+01
3.162527555056364577e+02 1.328774188513596144e+01
3.164967776935278607e+02 1.345483931711299874e+01
3.167407998814164216e+02 1.359247977522464268e+01
3.169848220693078247e+02 1.367962503608074876e+01
3.172288442571992846e+02 1.371529045522514245e+01
3.174728664450878455e+02 1.369907184284083357e+01
3.177168886329792485e+02 1.363115308848394669e+01
3.179609108208678663e+02 1.351230269050934041e+01
3.182049330087592693e+02 1.334385928175816183e+01
3.184489551966478302e+02 1.312770653271713783e+01
3.186929773845392901e+02 1.286623808999618213e+01
3.189369995724278510e+02 1.256231346263878024e+01
3.191810217603192541e+02 1.221920599270979046e+01
3.194250439482107140e+02 1.184054423325652827e+01
3.196690661360992749e+02 1.143024819987265417e+01
3.199130883239906780e+02 1.099246205846342761e+01
3.201571105118792957e+02 1.053148485904321952e+01
3.204011326997706988e+02 1.005222167075136497e+01
3.206451548876592597e+02 9.607693016231660721e+00
3.208891770755507196e+02 9.226144562258575377e+00
3.211331992634392805e+02 8.901546570877032494e+00
3.213772214513306835e+02 8.628886518876562661e+00
3.216212436392221434e+02 8.404040230114320664e+00
3.218652658271107043e+02 8.223667905051996740e+00
3.221092880150021074e+02 8.085131377559491739e+00
3.223533102028907251e+02 7.986429726760857939e+00
3.225973323907821282e+02 7.926151041118129292e+00
3.228413545786706891e+02 7.903438704503763290e+00
3.230853767665620921e+02 7.917971075441515794e+00
3.233293989544507099e+02 7.969953883604313560e+00
3.235734211423421129e+02 8.060125091522051477e+00
3.238174433302306738e+02 8.189772382592387601e+00
3.240614655181221337e+02 8.360763856524121351e+00
3.243054877060135368e+02 8.575354267444547318e+00
3.245495098939020977e+02 8.810827020299266010e+00
3.247935320817935576e+02 9.050758295491522887e+00
3.250375542696821185e+02 9.295161650235025164e+00
3.252815764575735216e+02 9.544047994324980522e+00
3.255255986454621393e+02 9.797425508824321838e+00
3.257696208333535424e+02 1.005529956567570871e+01
3.260136430212421033e+02 1.031767264827863428e+01
3.262576652091335632e+02 1.058454427325979630e+01
3.265016873970249662e+02 1.085591091347960102e+01
3.267457095849135271e+02 1.113176592248730401e+01
3.269897317728049870e+02 1.141209946053403357e+01
3.272337539606935479e+02 1.169689842224991416e+01
3.274777761485849510e+02 1.198614636620706975e+01
3.277217983364735687e+02 1.227982344640811796e+01
3.279658205243649718e+02 1.257790634594806356e+01
3.282098427122535327e+02 1.288049432590267251e+01
3.284538649001449926e+02 1.320222835031698061e+01
3.286978870880363957e+02 1.355443024473543545e+01
3.289419092759249565e+02 1.393909605257513817e+01
3.291859314638164165e+02 1.435844046560742093e+01
3.294299536517049773e+02 1.481491793102047438e+01
3.296739758395963804e+02 1.531124639345787664e+01
3.299179980274849981e+02 1.585043399112176488e+01
3.301620202153764012e+02 1.643580907008921699e+01
3.304060424032649621e+02 1.707105393170514418e+01
3.306500645911563652e+02 1.776024278669093093e+01
3.308940867790478251e+02 1.850788445604042209e+01
3.311381089669363860e+02 1.931897043578385009e+01
3.313821311548277890e+02 2.019902903040791031e+01
3.316261533427164068e+02 2.115418636070879543e+01
3.318701755306078098e+02 2.219123516844572563e+01
3.321141977184963707e+02 2.331727652325412592e+01
3.323582199063878306e+02 2.448439553199035501e+01
3.326022420942763915e+02 2.565236625563777295e+01
3.328462642821677946e+02 2.681587416925345124e+01
3.330902864700592545e+02 2.796938827383501902e+01
3.333343086579478154e+02 2.910720190903548854e+01
3.335783308458392185e+02 3.022347737532923517e+01
3.338223530337278362e+02 3.131229391771204362e+01
3.340663752216192393e+02 3.236769855106545180e+01
3.343103974095078001e+02 3.338375914072828721e+01
3.345544195973992601e+02 3.435461909491446164e+01
3.347984417852878209e+02 3.527455297675135171e+01
3.350424639731792240e+02 3.613802230736789767e+01
3.352864861610678417e+02 3.693973080568282086e+01
3.355305083489592448e+02 3.767467829914726707e+01
3.357745305368506479e+02 3.833821254049939853e+01
3.360185527247392656e+02 3.892583445798464226e+01
3.362625749126306687e+02 3.940088671894450556e+01
3.365065971005192296e+02 3.973581406006448447e+01
3.367506192884106326e+02 3.992696401441775578e+01
3.369946414762992504e+02 3.997224278410010356e+01
3.372386636641906534e+02 3.987115341835671956e+01
3.374826858520792143e+02 3.962480489284745744e+01
3.377267080399706742e+02 3.923589185812102897e+01
3.379707302278620773e+02 3.870864557444831178e+01
3.382147524157506382e+02 3.804875728220373787e+01
3.384587746036420981e+02 3.726327594827871081e+01
3.387027967915306590e+02 3.636048295730516600e+01
3.389468189794220621e+02 3.534974686144564515e+01
3.391908411673106798e+02 3.424136174897856222e+01
3.394348633552020829e+02 3.304637312529128934e+01
3.396788855430906438e+02 3.177639541431142689e+01
3.399229077309821037e+02 3.044499018129994283e+01
3.401669299188735067e+02 2.928135706633368684e+01
3.404109521067620676e+02 2.842071245118246736e+01
3.406549742946535275e+02 2.783858254518140285e+01
3.408989964825420884e+02 2.751868483280215827e+01
3.411430186704334915e+02 2.745216673521689899e+01
3.413870408583221092e+02 2.763719606083857272e+01
3.416310630462135123e+02 2.807887663730379657e+01
3.418750852341020732e+02 2.878948366932726799e+01
3.421191074219935331e+02 2.978903406374355711e+01
3.423631296098849361e+02 3.110622893256221388e+01
3.426071517977734970e+02 3.277983058597086341e+01
3.428511739856649569e+02 3.486056674014810852e+01
3.430951961735535178e+02 3.741369312612912523e+01
3.433392183614449209e+02 4.052239578956208277e+01
3.435832405493335386e+02 4.429228097100871508e+01
3.438272627372249417e+02 4.885368409032814441e+01
3.440712849251135026e+02 5.374343249392504163e+01
3.443153071130049057e+02 5.847084238061864170e+01
3.445593293008963656e+02 6.291282256569152054e+01
3.448033514887849265e+02 6.694603478443573863e+01
3.450473736766763295e+02 7.045250133519522251e+01
3.452913958645649473e+02 7.332529926414861166e+01
3.455354180524563503e+02 7.547396059339492069e+01
3.457794402403449112e+02 7.682919922467151252e+01
3.460234624282363711e+02 7.734662031891119227e+01
3.462674846161249320e+02 7.700913519284681286e+01
3.465115068040163351e+02 7.582789850308128621e+01
3.467555289919049528e+02 7.384169602459330406e+01
3.469995511797963559e+02 7.111482989352312245e+01
3.472435733676877589e+02 6.773366215081773589e+01
3.474875955555763767e+02 6.380207571898041863e+01
3.477316177434677797e+02 5.943956491842878620e+01
3.479756399313563406e+02 5.531255826968160250e+01
3.482196621192478005e+02 5.178865930339960499e+01
3.484636843071363614e+02 4.878748040192175495e+01
3.487077064950277645e+02 4.624288387010481216e+01
3.489517286829163822e+02 4.410057275792743781e+01
3.491957508708077853e+02 4.231616953307179330e+01
3.494397730586991884e+02 4.085368780799080923e+01
3.496837952465878061e+02 3.968432358504948354e+01
3.499278174344792092e+02 3.878550920300781968e+01
3.501718396223677701e+02 3.814018645347199055e+01
3.504158618102591731e+02 3.773626604393733430e+01
3.506598839981477909e+02 3.756624938461592222e+01
3.509039061860391939e+02 3.762699610043761567e+01
3.511479283739277548e+02 3.791962715633736281e+01
3.513919505618192147e+02 3.844955940340167189e+01
3.516359727497106178e+02 3.922507513620609387e+01
3.518799949375991787e+02 3.994680274454244540e+01
3.521240171254906386e+02 4.037490541030320657e+01
3.523680393133791995e+02 4.049974256478893153e+01
3.526120615012706025e+02 4.031849006601343177e+01
3.528560836891592203e+02 3.983524641345611172e+01
3.531001058770506233e+02 3.906087867670464675e+01
3.533441280649391842e+02 3.801261622632897996e+01
3.535881502528306441e+02 3.671341347733048366e+01
3.538321724407220472e+02 3.519111455802045185e+01
3.540761946286106081e+02 3.347746233886525857e+01
3.543202168165020680e+02 3.160700101479309510e+01
3.545642390043906289e+02 2.961592506540212355e+01
3.548082611922820320e+02 2.754092779733653629e+01
3.550522833801706497e+02 2.541809992546956209e+01
3.552963055680620528e+02 2.328192311285254590e+01
3.555403277559506137e+02 2.116529022134555049e+01
3.557843499438420736e+02 1.926977504546432840e+01
3.560283721317334766e+02 1.769057095124087198e+01
3.562723943196220375e+02 1.637645298751451861e+01
3.565164165075134974e+02 1.528659022833519998e+01
3.567604386954020583e+02 1.438845601347870051e+01
3.570044608832934614e+02 1.365622146009894777e+01
3.572484830711820223e+02 1.306952177740731891e+01
3.574925052590734822e+02 1.261251310839898920e+01
3.577365274469620431e+02 1.227315877552387668e+01
3.579805496348534462e+02 1.204269986676383475e+01
3.582245718227449061e+02 1.191527749670941638e+01
3.584685940106334670e+02 1.188768387793517967e+01
3.587126161985248700e+02 1.195922735520227675e+01
3.589566383864134878e+02 1.213170343020132691e+01
3.592006605743048908e+02 1.240947007271784308e+01
3.594446827621934517e+02 1.279943944974059455e+01
3.596887049500849116e+02 1.326412166676921345e+01
3.599327271379734725e+02 1.377270984178736057e+01
3.601767493258648756e+02 1.432892645926846420e+01
3.604207715137534933e+02 1.493692718794965302e+01
3.606647937016448964e+02 1.560135175392604445e+01
3.609088158895362994e+02 1.632738178426295050e+01
3.611528380774249172e+02 1.712080661518060865e+01
3.613968602653163202e+02 1.798809821407671450e+01
3.616408824532048811e+02 1.893649654546584316e+01
3.618849046410963410e+02 1.997410692202291216e+01
3.621289268289849019e+02 2.111001112723873163e+01
3.623729490168763050e+02 2.235439438409950341e+01
3.626169712047649227e+02 2.371869057940261172e+01
3.628609933926563258e+02 2.521574854753542638e+01
3.631050155805477289e+02 2.686002267791020515e+01
3.633490377684363466e+02 2.866739755518791455e+01
3.635930599563277497e+02 3.054316692008366374e+01
3.638370821442163106e+02 3.239157326933631253e+01
3.640811043321077136e+02 3.419339312259153019e+01
3.643251265199963314e+02 3.592895093953978147e+01
3.645691487078877344e+02 3.757846658737152268e+01
3.648131708957762953e+02 3.912242372367200716e+01
3.650571930836677552e+02 4.054194973158366366e+01
3.653012152715591583e+02 4.181919701092883201e+01
3.655452374594477192e+02 4.293771494322783866e+01
3.657892596473391791e+02 4.388280174159646663e+01
3.660332818352277400e+02 4.464182569009316381e+01
3.662773040231191430e+02 4.520450597180547447e+01
3.665213262110077608e+02 4.556314436210676178e+01
3.667653483988991638e+02 4.571280048957262920e+01
3.670093705867877247e+02 4.565140508704345734e+01
3.672533927746791846e+02 4.537976001155770689e+01
3.674974149625705877e+02 4.488725956602770140e+01
3.677414371504591486e+02 4.416993368428083500e+01
3.679854593383506085e+02 4.323875303415720595e+01
3.682294815262391694e+02 4.210777878219699488e+01
3.684735037141305725e+02 4.079380943208495580e+01
3.687175259020191902e+02 3.931596602699993070e+01
3.689615480899105933e+02 3.769523001790201988e+01
3.692055702777991542e+02 3.595394937807036939e+01
3.694495924656906141e+02 3.411532914781236059e+01
3.696936146535820171e+02 3.220292252130417410e+01
3.699376368414705780e+02 3.024013786513742374e+01
3.701816590293620379e+02 2.824977575019369169e+01
3.704256812172505988e+02 2.625360827034003108e+01
3.706697034051420019e+02 2.427201072113643576e+01
3.709137255930305628e+02 2.232365324413363439e+01
3.711577477809220227e+02 2.042586349780764365e+01
3.714017699688105836e+02 1.878685064127101612e+01
3.716457921567019866e+02 1.751504445244396635e+01
3.718898143445906044e+02 1.655206598183330158e+01
3.721338365324820074e+02 1.585538812934242614e+01
3.723778587203734105e+02 1.539519699249110474e+01
3.726218809082620282e+02 1.515225696439604874e+01
3.728659030961534313e+02 1.511656469670053937e+01
3.731099252840419922e+02 1.528665946969038814e+01
3.733539474719334521e+02 1.566952310503930512e+01
3.735979696598220130e+02 1.628105977636206347e+01
3.738419918477134161e+02 1.714720209209344404e+01
3.740860140356020338e+02 1.830575163346119894e+01
3.743300362234934369e+02 1.980913760532270373e+01
3.745740584113848399e+02 2.172837639446499125e+01
3.748180805992734577e+02 2.415865136952363557e+01
3.750621027871648607e+02 2.722635733497972765e+01
3.753061249750534216e+02 3.074781533706452308e+01
3.755501471629448815e+02 3.447369935598754154e+01
3.757941693508334424e+02 3.837164494111499380e+01
3.760381915387248455e+02 4.240156109744454227e+01
3.762822137266134632e+02 4.651598020910527964e+01
3.765262359145048663e+02 5.066072603800351715e+01
3.767702581023962694e+02 5.477590273647025043e+01
3.770142802902848871e+02 5.879719115415650066e+01
3.772583024781762902e+02 6.265742127375710879e+01
3.775023246660648510e+02 6.628837248845704266e+01
3.777463468539562541e+02 6.962273781494420177e+01
3.779903690418448718e+02 7.259617517586706015e+01
3.782343912297362749e+02 7.514935964327078466e+01
3.784784134176248358e+02 7.722994584246454508e+01
3.787224356055162957e+02 7.879435014006860172e+01
3.789664577934076988e+02 7.980981642318454305e+01
3.792104799812962597e+02 8.051691156471713384e+01
3.794545021691877196e+02 8.112692787803800343e+01
3.796985243570762805e+02 8.163757182878892138e+01
3.799425465449676835e+02 8.204691452790092399e+01
3.801865687328563013e+02 8.235340386945851776e+01
3.804305909207477043e+02 8.255587433497539962e+01
3.806746131086362652e+02 8.265355437726744015e+01
3.809186352965277251e+02 8.264607131857127342e+01
3.811626574844191282e+02 8.253345371931904140e+01
3.814066796723076891e+02 8.231613119654770117e+01
3.816507018601991490e+02 8.199493169351704580e+01
3.818947240480877099e+02 8.157107622487568221e+01
3.821387462359791130e+02 8.104617114396357636e+01
3.823827684238677307e+02 8.042219800090006743e+01
3.826267906117591338e+02 7.970150108090747665e+01
3.828708127996476946e+02 7.888661524495444155e+01
3.831148349875391546e+02 7.789252685171688029e+01
3.833588571754277154e+02 7.665313976116436834e+01
3.836028793633191185e+02 7.518060043547163218e+01
3.838469015512105784e+02 7.348916567329420957e+01
3.840909237390991393e+02 7.159497294289430158e+01
3.843349459269905424e+02 6.951578434894000225e+01
3.845789681148791033e+02 6.727070990721217925e+01
3.848229903027705632e+02 6.487991614237273552e+01
3.850670124906591241e+02 6.236432619953358625e+01
3.853110346785505271e+02 5.974531766489097606e+01
3.855550568664391449e+02 5.704442413534349043e+01
3.857990790543305479e+02 5.428304626512549191e+01
3.860431012422219510e+02 5.148217757109470227e+01
3.862871234301105687e+02 4.866214970892434621e+01
3.865311456180019718e+02 4.584240126830353290e+01
3.867751678058905327e+02 4.304130234946444489e+01
3.870191899937819926e+02 4.029451633027733237e+01
3.872632121816705535e+02 3.762884358172624388e+01
3.875072343695619566e+02 3.505178808805965929e+01
3.877512565574505743e+02 3.256970795417872466e+01
3.879952787453419774e+02 3.018783256086185318e+01
3.882393009332333804e+02 2.791029210645481129e+01
3.884833231211219982e+02 2.574015823220500110e+01
3.887273453090134012e+02 2.367949433675120829e+01
3.889713674969019621e+02 2.172941412599461231e+01
3.892153896847934220e+02 1.989014691688263525e+01
3.894594118726819829e+02 1.816110821855738777e+01
3.897034340605733860e+02 1.654097414438696489e+01
3.899474562484620037e+02 1.502775826635651768e+01
3.901914784363534068e+02 1.361888960023175521e+01
3.904355006242448098e+02 1.231129050758569399e+01
3.906795228121334276e+02 1.110155067935291129e+01
3.909235450000248306e+02 1.006053409444688462e+01
3.911675671879133915e+02 9.222245201072666987e+00
3.914115893758047946e+02 8.551268233364606175e+00
3.916556115636934123e+02 8.020521925494730198e+00
3.918996337515848154e+02 7.609444745300717017e+00
3.921436559394733763e+02 7.302667747382019847e+00
3.923876781273648362e+02 7.089055106152281738e+00
3.926317003152562393e+02 6.961028299461778701e+00
3.928757225031448002e+02 6.914116340239661263e+00
3.931197446910362601e+02 6.946694548108133915e+00
3.933637668789248210e+02 7.059890410570362818e+00
3.936077890668162240e+02 7.257648867771244738e+00
3.938518112547048418e+02 7.546962333456589178e+00
3.940958334425962448e+02 7.938284301452616099e+00
3.943398556304848057e+02 8.446160917126706025e+00
3.945838778183762656e+02 9.090063165533463163e+00
3.948279000062676687e+02 9.812286327054321688e+00
3.950719221941562296e+02 1.054420344255572317e+01
3.953159443820476895e+02 1.127970114884405639e+01
3.955599665699362504e+02 1.201217532870646565e+01
3.958039887578276534e+02 1.273461982437515161e+01
3.960480109457162712e+02 1.343973044737819755e+01
3.962920331336076742e+02 1.412002238388138231e+01
3.965360553214962351e+02 1.476795854177977851e+01
3.967800775093876950e+02 1.537608589152183214e+01
3.970240996972762559e+02 1.593717643866913036e+01
3.972681218851676590e+02 1.644436915595747806e+01
3.975121440730591189e+02 1.689130901194656786e+01
3.977561662609476798e+02 1.727227917709024752e+01
3.980001884488390829e+02 1.758232257222474004e+01
3.982442106367276438e+02 1.781734915135835706e+01
3.984882328246191037e+02 1.797425299800653065e+01
3.987322550125076646e+02 1.809032944462928683e+01
3.989762772003990676e+02 1.820042059242620525e+01
3.992202993882876854e+02 1.830440832275772323e+01
3.994643215761790884e+02 1.840218061300460661e+01
3.997083437640704915e+02 1.849363173759287449e+01
3.999523659519591092e+02 1.857866245846550868e+01
4.001963881398505123e+02 1.865718020450664483e+01
4.004404103277390732e+02 1.872909923945645261e+01
4.006844325156305331e+02 1.879434081791365685e+01
4.009284547035190940e+02 1.885283332900036868e+01
4.011724768914104970e+02 1.890451242734914317e+01
4.014164990792991148e+02 1.894932115105259030e+01
4.016605212671905178e+02 1.898721002629474697e+01
4.019045434550819209e+02 1.901813715837598551e+01
4.021485656429705386e+02 1.904206830891190094e+01
4.023925878308619417e+02 1.905898442097331724e+01
4.026366100187505026e+02 1.908371704561907123e+01
4.028806322066419625e+02 1.912989928526577899e+01
4.031246543945305234e+02 1.919768669849948139e+01
4.033686765824219265e+02 1.928730807065109332e+01
4.036126987703105442e+02 1.939906670119898990e+01
4.038567209582019473e+02 1.953334211511840479e+01
4.041007431460933503e+02 1.969059221167023210e+01
4.043447653339819681e+02 1.987135586769468176e+01
4.045887875218733711e+02 2.007625601613107591e+01
4.048328097097619320e+02 2.030600322436322713e+01
4.050768318976533351e+02 2.056139980123056787e+01
4.053208540855419528e+02 2.084334446586327161e+01
4.055648762734333559e+02 2.115283761645932969e+01
4.058088984613219168e+02 2.149098724213584788e+01
4.060529206492133767e+02 2.185901552683920102e+01
4.062969428371047798e+02 2.225824908158512727e+01
4.065409650249933406e+02 2.263878221781318700e+01
4.067849872128848006e+02 2.295104794140760518e+01
4.070290094007733614e+02 2.319206254782092103e+01
4.072730315886647645e+02 2.335950427062101653e+01
4.075170537765533822e+02 2.345175051680152478e+01
4.077610759644447853e+02 2.346790404449727419e+01
4.080050981523333462e+02 2.340780749242183134e+01
4.082491203402248061e+02 2.327204593202277749e+01
4.084931425281133670e+02 2.306193738446248886e+01
4.087371647160047701e+02 2.277951151735507551e+01
4.089811869038962300e+02 2.242747700283922541e+01
4.092252090917847909e+02 2.200917827107635816e+01
4.094692312796761939e+02 2.152854262471099034e+01
4.097132534675648117e+02 2.099001888360747259e+01
4.099572756554562147e+02 2.039850889949536850e+01
4.102012978433447756e+02 1.975930794951185732e+01
4.104453200312362355e+02 1.914596879115307715e+01
4.106893422191247964e+02 1.861972312003666019e+01
4.109333644070161995e+02 1.817436917814142561e+01
4.111773865949076026e+02 1.780474375980020341e+01
4.114214087827962203e+02 1.750662242035843974e+01
4.116654309706876234e+02 1.727663894984986115e+01
4.119094531585761843e+02 1.711222196112409222e+01
4.121534753464676442e+02 1.701154691832036647e+01
4.123974975343562051e+02 1.697350235140176267e+01
4.126415197222476081e+02 1.699766937976867709e+01
4.128855419101362259e+02 1.708431401621837153e+01
4.131295640980276289e+02 1.723439205303657573e+01
4.133735862859190320e+02 1.744956665601383605e+01
4.136176084738076497e+02 1.773223912036866068e+01
4.138616306616990528e+02 1.808559358580280119e+01
4.141056528495876137e+02 1.851364972082968663e+01
4.143496750374790736e+02 1.895235288447625521e+01
4.145936972253676345e+02 1.933444534531535552e+01
4.148377194132590375e+02 1.965611994210126312e+01
4.150817416011476553e+02 1.991413107736668309e+01
4.153257637890390583e+02 2.010584921899312505e+01
4.155697859769304614e+02 2.022930550967820551e+01
4.158138081648190791e+02 2.028322542619741142e+01
4.160578303527104822e+02 2.026705068374942087e+01
4.163018525405990431e+02 2.018094885896852375e+01
4.165458747284905030e+02 2.002581049965537119e+01
4.167898969163790639e+02 1.980323379094409120e+01
4.170339191042704670e+02 1.951549714708363581e+01
4.172779412921590847e+02 1.916552038618401355e+01
4.175219634800504878e+02 1.875681541297935340e+01
4.177659856679418908e+02 1.829342757437375511e+01
4.180100078558305086e+02 1.777987083757353659e+01
4.182540300437219116e+02 1.726579382138476504e+01
4.184980522316104725e+02 1.679454044730487539e+01
4.187420744195018756e+02 1.636339161198024428e+01
4.189860966073904933e+02 1.596989824513069500e+01
4.192301187952818964e+02 1.561185824116638265e+01
4.194741409831704573e+02 1.528729599963325825e+01
4.197181631710619172e+02 1.499444430912182469e+01
4.199621853589504781e+02 1.473172834279321997e+01
4.202062075468418811e+02 1.449775156285044808e+01
4.204502297347333410e+02 1.429128335764827895e+01
4.206942519226219019e+02 1.411124825824810358e+01
4.209382741105133050e+02 1.395671660221081645e+01
4.211822962984019227e+02 1.382689653117552453e+01
4.214263184862933258e+02 1.372112722572064492e+01
4.216703406741818867e+02 1.363887329661805659e+01
4.219143628620733466e+02 1.357972026575535551e+01
4.221583850499619075e+02 1.354337108333649375e+01
4.224024072378533106e+02 1.352964364033644173e+01
4.226464294257447705e+02 1.353846924705236532e+01
4.228904516136333314e+02 1.356989205993079395e+01
4.231344738015247344e+02 1.362406944998191172e+01
4.233784959894133522e+02 1.370127331707645446e+01
4.236225181773047552e+02 1.380189236551466081e+01
4.238665403651933161e+02 1.392643536752387412e+01
