  -1.5828E+01  -1.9855E+01  -3.6956E+01
  -1.5428E+01  -1.9321E+01  -3.5756E+01
  -1.5028E+01  -1.8790E+01  -3.4556E+01
  -1.4628E+01  -1.8256E+01  -3.3356E+01
  -1.4228E+01  -1.7731E+01  -3.2156E+01
  -1.3828E+01  -1.7210E+01  -3.0956E+01
  -1.3428E+01  -1.6696E+01  -2.9756E+01
  -1.3028E+01  -1.6201E+01  -2.8556E+01
  -1.2628E+01  -1.5745E+01  -2.7356E+01
  -1.2228E+01  -1.5368E+01  -2.6156E+01
  -1.1828E+01  -1.3876E+01  -2.4956E+01
  -1.1428E+01  -1.2481E+01  -2.3756E+01
  -1.1028E+01  -1.1097E+01  -2.2556E+01
  -1.0628E+01  -9.7138E+00  -2.1356E+01
  -1.0228E+01  -8.3265E+00  -2.0156E+01
  -9.8285E+00  -6.9334E+00  -1.8956E+01
  -9.4285E+00  -5.5374E+00  -1.7756E+01
  -9.0285E+00  -4.1838E+00  -1.6556E+01
  -8.6285E+00  -3.2720E+00  -1.5356E+01
  -8.2285E+00  -3.1059E+00  -1.4156E+01
  -7.8285E+00  -3.1071E+00  -1.2956E+01
  -7.4285E+00  -3.1240E+00  -1.1757E+01
  -7.0285E+00  -3.1479E+00  -1.0557E+01
  -6.6285E+00  -3.1860E+00  -9.3573E+00
  -6.2285E+00  -3.2545E+00  -8.1588E+00
  -5.8285E+00  -3.3822E+00  -6.9625E+00
  -5.4285E+00  -3.5936E+00  -5.7717E+00
  -5.0285E+00  -3.7700E+00  -4.5952E+00
  -4.6285E+00  -3.7359E+00  -3.4560E+00
  -4.2285E+00  -3.6782E+00  -2.4198E+00
  -3.8285E+00  -3.6141E+00  -1.6955E+00
  -3.4285E+00  -3.4794E+00  -1.9556E+00
  -3.0285E+00  -3.2856E+00  -4.9604E+00
  -2.6285E+00  -3.1596E+00  -2.4200E+01
  -2.2285E+00  -3.0666E+00  -2.4200E+01
  -1.8285E+00  -2.9755E+00  -2.4200E+01
  -1.4285E+00  -2.8938E+00  -2.4200E+01
  -1.0285E+00  -2.8277E+00  -2.4200E+01
  -6.2848E-01  -2.7797E+00  -2.4200E+01
  -2.2848E-01  -2.7517E+00  -2.4200E+01
   1.7152E-01  -2.7438E+00  -2.4200E+01
   5.7152E-01  -2.7546E+00  -2.4200E+01
   9.7152E-01  -2.7830E+00  -2.4200E+01
   1.3715E+00  -2.8302E+00  -2.4200E+01
   1.7715E+00  -2.9083E+00  -2.4200E+01
   2.1715E+00  -3.1057E+00  -2.4200E+01
   2.5715E+00  -3.5056E+00  -2.4200E+01
   2.9715E+00  -3.8167E+00  -2.4200E+01
   3.3715E+00  -6.2180E+00  -2.4200E+01
   3.7715E+00  -2.8296E+01  -2.4200E+01
   4.1715E+00  -2.8823E+01  -2.4200E+01
   4.5715E+00  -2.8811E+01  -2.4200E+01
   4.9715E+00  -2.8633E+01  -2.4200E+01
   5.3715E+00  -2.8491E+01  -2.4200E+01
   5.7715E+00  -2.8751E+01  -2.4200E+01
   6.1715E+00  -3.0065E+01  -2.4200E+01
   6.5715E+00  -3.1876E+01  -2.4200E+01
   6.9715E+00  -3.2298E+01  -2.4200E+01
   7.3715E+00  -3.2702E+01  -2.4200E+01
   7.7715E+00  -3.3027E+01  -2.4200E+01
   8.1715E+00  -3.3387E+01  -2.4200E+01
   8.5715E+00  -3.3880E+01  -2.4200E+01
   8.9715E+00  -4.9373E+01  -2.4200E+01
  -1.5828E+01  -2.0030E+01  -3.7131E+01
  -1.5428E+01  -1.9496E+01  -3.5931E+01
  -1.5028E+01  -1.8964E+01  -3.4731E+01
  -1.4628E+01  -1.8431E+01  -3.3531E+01
  -1.4228E+01  -1.7906E+01  -3.2331E+01
  -1.3828E+01  -1.7384E+01  -3.1131E+01
  -1.3428E+01  -1.6871E+01  -2.9931E+01
  -1.3028E+01  -1.6376E+01  -2.8731E+01
  -1.2628E+01  -1.5920E+01  -2.7531E+01
  -1.2228E+01  -1.5543E+01  -2.6331E+01
  -1.1828E+01  -1.4050E+01  -2.5131E+01
  -1.1428E+01  -1.2655E+01  -2.3931E+01
  -1.1028E+01  -1.1272E+01  -2.2731E+01
  -1.0628E+01  -9.8885E+00  -2.1531E+01
  -1.0228E+01  -8.5011E+00  -2.0331E+01
  -9.8285E+00  -7.1080E+00  -1.9131E+01
  -9.4285E+00  -5.7120E+00  -1.7931E+01
  -9.0285E+00  -4.3584E+00  -1.6731E+01
  -8.6285E+00  -3.4466E+00  -1.5531E+01
  -8.2285E+00  -3.2805E+00  -1.4331E+01
  -7.8285E+00  -3.2818E+00  -1.3131E+01
  -7.4285E+00  -3.2986E+00  -1.1931E+01
  -7.0285E+00  -3.3225E+00  -1.0731E+01
  -6.6285E+00  -3.3606E+00  -9.5320E+00
  -6.2285E+00  -3.4292E+00  -8.3334E+00
  -5.8285E+00  -3.5568E+00  -7.1371E+00
  -5.4285E+00  -3.7682E+00  -5.9463E+00
  -5.0285E+00  -3.9447E+00  -4.7698E+00
  -4.6285E+00  -3.9106E+00  -3.6306E+00
  -4.2285E+00  -3.8530E+00  -2.5945E+00
  -3.8285E+00  -3.7899E+00  -1.8701E+00
  -3.4285E+00  -3.6545E+00  -2.1302E+00
  -3.0285E+00  -3.4602E+00  -5.1350E+00
  -2.6285E+00  -3.3342E+00  -2.4375E+01
  -2.2285E+00  -3.2412E+00  -2.4375E+01
  -1.8285E+00  -3.1502E+00  -2.4375E+01
  -1.4285E+00  -3.0684E+00  -2.4375E+01
  -1.0285E+00  -3.0023E+00  -2.4375E+01
  -6.2848E-01  -2.9543E+00  -2.4375E+01
  -2.2848E-01  -2.9263E+00  -2.4375E+01
   1.7152E-01  -2.9184E+00  -2.4375E+01
   5.7152E-01  -2.9292E+00  -2.4375E+01
   9.7152E-01  -2.9576E+00  -2.4375E+01
   1.3715E+00  -3.0049E+00  -2.4375E+01
   1.7715E+00  -3.0830E+00  -2.4375E+01
   2.1715E+00  -3.2803E+00  -2.4375E+01
   2.5715E+00  -3.6802E+00  -2.4375E+01
   2.9715E+00  -3.9913E+00  -2.4375E+01
   3.3715E+00  -6.3927E+00  -2.4375E+01
   3.7715E+00  -2.8470E+01  -2.4375E+01
   4.1715E+00  -2.8997E+01  -2.4375E+01
   4.5715E+00  -2.8985E+01  -2.4375E+01
   4.9715E+00  -2.8807E+01  -2.4375E+01
   5.3715E+00  -2.8665E+01  -2.4375E+01
   5.7715E+00  -2.8926E+01  -2.4375E+01
   6.1715E+00  -3.0240E+01  -2.4375E+01
   6.5715E+00  -3.2050E+01  -2.4375E+01
   6.9715E+00  -3.2472E+01  -2.4375E+01
   7.3715E+00  -3.2877E+01  -2.4375E+01
   7.7715E+00  -3.3202E+01  -2.4375E+01
   8.1715E+00  -3.3562E+01  -2.4375E+01
   8.5715E+00  -3.4055E+01  -2.4375E+01
   8.9715E+00  -4.9548E+01  -2.4375E+01
  -1.5828E+01  -1.9887E+01  -3.7090E+01
  -1.5428E+01  -1.9355E+01  -3.5890E+01
  -1.5028E+01  -1.8823E+01  -3.4690E+01
  -1.4628E+01  -1.8288E+01  -3.3490E+01
  -1.4228E+01  -1.7764E+01  -3.2290E+01
  -1.3828E+01  -1.7238E+01  -3.1090E+01
  -1.3428E+01  -1.6721E+01  -2.9890E+01
  -1.3028E+01  -1.6220E+01  -2.8690E+01
  -1.2628E+01  -1.5749E+01  -2.7490E+01
  -1.2228E+01  -1.5342E+01  -2.6290E+01
  -1.1828E+01  -1.3806E+01  -2.5090E+01
  -1.1428E+01  -1.2394E+01  -2.3890E+01
  -1.1028E+01  -1.1007E+01  -2.2690E+01
  -1.0628E+01  -9.6167E+00  -2.1490E+01
  -1.0228E+01  -8.2182E+00  -2.0290E+01
  -9.8285E+00  -6.8129E+00  -1.9090E+01
  -9.4285E+00  -5.4083E+00  -1.7890E+01
  -9.0285E+00  -4.0758E+00  -1.6690E+01
  -8.6285E+00  -3.3005E+00  -1.5490E+01
  -8.2285E+00  -3.1831E+00  -1.4290E+01
  -7.8285E+00  -3.1919E+00  -1.3090E+01
  -7.4285E+00  -3.2118E+00  -1.1890E+01
  -7.0285E+00  -3.2379E+00  -1.0690E+01
  -6.6285E+00  -3.2764E+00  -9.4908E+00
  -6.2285E+00  -3.3428E+00  -8.2923E+00
  -5.8285E+00  -3.4638E+00  -7.0960E+00
  -5.4285E+00  -3.6699E+00  -5.9052E+00
  -5.0285E+00  -3.8784E+00  -4.7287E+00
  -4.6285E+00  -3.8737E+00  -3.5895E+00
  -4.2285E+00  -3.8219E+00  -2.5533E+00
  -3.8285E+00  -3.7641E+00  -1.8290E+00
  -3.4285E+00  -3.6286E+00  -2.0891E+00
  -3.0285E+00  -3.4303E+00  -5.0939E+00
  -2.6285E+00  -3.3017E+00  -2.4333E+01
  -2.2285E+00  -3.2067E+00  -2.4333E+01
  -1.8285E+00  -3.1148E+00  -2.4333E+01
  -1.4285E+00  -3.0343E+00  -2.4333E+01
  -1.0285E+00  -2.9719E+00  -2.4333E+01
  -6.2848E-01  -2.9294E+00  -2.4333E+01
  -2.2848E-01  -2.9080E+00  -2.4333E+01
   1.7152E-01  -2.9066E+00  -2.4333E+01
   5.7152E-01  -2.9233E+00  -2.4333E+01
   9.7152E-01  -2.9569E+00  -2.4333E+01
   1.3715E+00  -3.0085E+00  -2.4333E+01
   1.7715E+00  -3.0907E+00  -2.4333E+01
   2.1715E+00  -3.2931E+00  -2.4333E+01
   2.5715E+00  -3.6994E+00  -2.4333E+01
   2.9715E+00  -4.0160E+00  -2.4333E+01
   3.3715E+00  -6.4196E+00  -2.4333E+01
   3.7715E+00  -2.8376E+01  -2.4333E+01
   4.1715E+00  -2.8890E+01  -2.4333E+01
   4.5715E+00  -2.8869E+01  -2.4333E+01
   4.9715E+00  -2.8673E+01  -2.4333E+01
   5.3715E+00  -2.8494E+01  -2.4333E+01
   5.7715E+00  -2.8675E+01  -2.4333E+01
   6.1715E+00  -2.9691E+01  -2.4333E+01
   6.5715E+00  -3.1899E+01  -2.4333E+01
   6.9715E+00  -3.2456E+01  -2.4333E+01
   7.3715E+00  -3.2861E+01  -2.4333E+01
   7.7715E+00  -3.3193E+01  -2.4333E+01
   8.1715E+00  -3.3544E+01  -2.4333E+01
   8.5715E+00  -3.4033E+01  -2.4333E+01
   8.9715E+00  -4.9506E+01  -2.4333E+01
  -1.5828E+01  -1.9561E+01  -3.7049E+01
  -1.5428E+01  -1.9029E+01  -3.5849E+01
  -1.5028E+01  -1.8496E+01  -3.4649E+01
  -1.4628E+01  -1.7962E+01  -3.3449E+01
  -1.4228E+01  -1.7435E+01  -3.2249E+01
  -1.3828E+01  -1.6908E+01  -3.1049E+01
  -1.3428E+01  -1.6389E+01  -2.9849E+01
  -1.3028E+01  -1.5883E+01  -2.8649E+01
  -1.2628E+01  -1.5402E+01  -2.7449E+01
  -1.2228E+01  -1.4974E+01  -2.6249E+01
  -1.1828E+01  -1.4650E+01  -2.5049E+01
  -1.1428E+01  -1.3216E+01  -2.3849E+01
  -1.1028E+01  -1.1842E+01  -2.2649E+01
  -1.0628E+01  -1.0471E+01  -2.1449E+01
  -1.0228E+01  -9.0945E+00  -2.0249E+01
  -9.8285E+00  -7.7088E+00  -1.9049E+01
  -9.4285E+00  -6.3170E+00  -1.7849E+01
  -9.0285E+00  -4.9282E+00  -1.6649E+01
  -8.6285E+00  -3.6695E+00  -1.5449E+01
  -8.2285E+00  -3.1043E+00  -1.4249E+01
  -7.8285E+00  -3.0848E+00  -1.3049E+01
  -7.4285E+00  -3.1071E+00  -1.1850E+01
  -7.0285E+00  -3.1362E+00  -1.0650E+01
  -6.6285E+00  -3.1762E+00  -9.4503E+00
  -6.2285E+00  -3.2403E+00  -8.2518E+00
  -5.8285E+00  -3.3526E+00  -7.0554E+00
  -5.4285E+00  -3.5480E+00  -5.8647E+00
  -5.0285E+00  -3.7987E+00  -4.6882E+00
  -4.6285E+00  -3.8672E+00  -3.5490E+00
  -4.2285E+00  -3.8221E+00  -2.5128E+00
  -3.8285E+00  -3.7679E+00  -1.7884E+00
  -3.4285E+00  -3.6251E+00  -2.0486E+00
  -3.0285E+00  -3.4156E+00  -5.0534E+00
  -2.6285E+00  -3.2833E+00  -2.4293E+01
  -2.2285E+00  -3.1886E+00  -2.4293E+01
  -1.8285E+00  -3.1002E+00  -2.4293E+01
  -1.4285E+00  -3.0271E+00  -2.4293E+01
  -1.0285E+00  -2.9752E+00  -2.4293E+01
  -6.2848E-01  -2.9445E+00  -2.4293E+01
  -2.2848E-01  -2.9337E+00  -2.4293E+01
   1.7152E-01  -2.9410E+00  -2.4293E+01
   5.7152E-01  -2.9649E+00  -2.4293E+01
   9.7152E-01  -3.0043E+00  -2.4293E+01
   1.3715E+00  -3.0607E+00  -2.4293E+01
   1.7715E+00  -3.1476E+00  -2.4293E+01
   2.1715E+00  -3.3565E+00  -2.4293E+01
   2.5715E+00  -3.7719E+00  -2.4293E+01
   2.9715E+00  -4.0950E+00  -2.4293E+01
   3.3715E+00  -6.5130E+00  -2.4293E+01
   3.7715E+00  -2.8275E+01  -2.4293E+01
   4.1715E+00  -2.8791E+01  -2.4293E+01
   4.5715E+00  -2.8766E+01  -2.4293E+01
   4.9715E+00  -2.8555E+01  -2.4293E+01
   5.3715E+00  -2.8352E+01  -2.4293E+01
   5.7715E+00  -2.8504E+01  -2.4293E+01
   6.1715E+00  -2.9361E+01  -2.4293E+01
   6.5715E+00  -3.1406E+01  -2.4293E+01
   6.9715E+00  -3.2748E+01  -2.4293E+01
   7.3715E+00  -3.3111E+01  -2.4293E+01
   7.7715E+00  -3.3447E+01  -2.4293E+01
   8.1715E+00  -3.3895E+01  -2.4293E+01
   8.5715E+00  -3.4363E+01  -2.4293E+01
   8.9715E+00  -4.9466E+01  -2.4293E+01
  -1.5828E+01  -1.9480E+01  -3.7025E+01
  -1.5428E+01  -1.8949E+01  -3.5825E+01
  -1.5028E+01  -1.8415E+01  -3.4625E+01
  -1.4628E+01  -1.7882E+01  -3.3425E+01
  -1.4228E+01  -1.7352E+01  -3.2225E+01
  -1.3828E+01  -1.6825E+01  -3.1025E+01
  -1.3428E+01  -1.6306E+01  -2.9825E+01
  -1.3028E+01  -1.5796E+01  -2.8625E+01
  -1.2628E+01  -1.5309E+01  -2.7425E+01
  -1.2228E+01  -1.4869E+01  -2.6225E+01
  -1.1828E+01  -1.4524E+01  -2.5025E+01
  -1.1428E+01  -1.3065E+01  -2.3825E+01
  -1.1028E+01  -1.1686E+01  -2.2625E+01
  -1.0628E+01  -1.0306E+01  -2.1425E+01
  -1.0228E+01  -8.9187E+00  -2.0225E+01
  -9.8285E+00  -7.5247E+00  -1.9025E+01
  -9.4285E+00  -6.1279E+00  -1.7825E+01
  -9.0285E+00  -4.7377E+00  -1.6625E+01
  -8.6285E+00  -3.5059E+00  -1.5425E+01
  -8.2285E+00  -3.0264E+00  -1.4225E+01
  -7.8285E+00  -3.0103E+00  -1.3025E+01
  -7.4285E+00  -3.0347E+00  -1.1825E+01
  -7.0285E+00  -3.0654E+00  -1.0625E+01
  -6.6285E+00  -3.1059E+00  -9.4256E+00
  -6.2285E+00  -3.1674E+00  -8.2270E+00
  -5.8285E+00  -3.2713E+00  -7.0307E+00
  -5.4285E+00  -3.4521E+00  -5.8399E+00
  -5.0285E+00  -3.7160E+00  -4.6634E+00
  -4.6285E+00  -3.8611E+00  -3.5242E+00
  -4.2285E+00  -3.8295E+00  -2.4881E+00
  -3.8285E+00  -3.7803E+00  -1.7637E+00
  -3.4285E+00  -3.6322E+00  -2.0238E+00
  -3.0285E+00  -3.4139E+00  -5.0286E+00
  -2.6285E+00  -3.2815E+00  -2.4268E+01
  -2.2285E+00  -3.1926E+00  -2.4268E+01
  -1.8285E+00  -3.1139E+00  -2.4268E+01
  -1.4285E+00  -3.0534E+00  -2.4268E+01
  -1.0285E+00  -3.0145E+00  -2.4268E+01
  -6.2848E-01  -2.9952E+00  -2.4268E+01
  -2.2848E-01  -2.9935E+00  -2.4268E+01
   1.7152E-01  -3.0081E+00  -2.4268E+01
   5.7152E-01  -3.0379E+00  -2.4268E+01
   9.7152E-01  -3.0818E+00  -2.4268E+01
   1.3715E+00  -3.1421E+00  -2.4268E+01
   1.7715E+00  -3.2328E+00  -2.4268E+01
   2.1715E+00  -3.4476E+00  -2.4268E+01
   2.5715E+00  -3.8713E+00  -2.4268E+01
   2.9715E+00  -4.1996E+00  -2.4268E+01
   3.3715E+00  -6.6393E+00  -2.4268E+01
   3.7715E+00  -2.8221E+01  -2.4268E+01
   4.1715E+00  -2.8740E+01  -2.4268E+01
   4.5715E+00  -2.8712E+01  -2.4268E+01
   4.9715E+00  -2.8493E+01  -2.4268E+01
   5.3715E+00  -2.8281E+01  -2.4268E+01
   5.7715E+00  -2.8430E+01  -2.4268E+01
   6.1715E+00  -2.9197E+01  -2.4268E+01
   6.5715E+00  -3.0945E+01  -2.4268E+01
   6.9715E+00  -3.2757E+01  -2.4268E+01
   7.3715E+00  -3.3128E+01  -2.4268E+01
   7.7715E+00  -3.3462E+01  -2.4268E+01
   8.1715E+00  -3.3897E+01  -2.4268E+01
   8.5715E+00  -3.4375E+01  -2.4268E+01
   8.9715E+00  -4.9441E+01  -2.4268E+01
  -1.5828E+01  -1.9437E+01  -3.7010E+01
  -1.5428E+01  -1.8906E+01  -3.5810E+01
  -1.5028E+01  -1.8372E+01  -3.4610E+01
  -1.4628E+01  -1.7841E+01  -3.3410E+01
  -1.4228E+01  -1.7308E+01  -3.2210E+01
  -1.3828E+01  -1.6783E+01  -3.1010E+01
  -1.3428E+01  -1.6263E+01  -2.9810E+01
  -1.3028E+01  -1.5752E+01  -2.8610E+01
  -1.2628E+01  -1.5262E+01  -2.7410E+01
  -1.2228E+01  -1.4816E+01  -2.6210E+01
  -1.1828E+01  -1.4459E+01  -2.5010E+01
  -1.1428E+01  -1.2981E+01  -2.3810E+01
  -1.1028E+01  -1.1594E+01  -2.2610E+01
  -1.0628E+01  -1.0207E+01  -2.1410E+01
  -1.0228E+01  -8.8143E+00  -2.0210E+01
  -9.8285E+00  -7.4174E+00  -1.9010E+01
  -9.4285E+00  -6.0190E+00  -1.7810E+01
  -9.0285E+00  -4.6280E+00  -1.6610E+01
  -8.6285E+00  -3.4058E+00  -1.5410E+01
  -8.2285E+00  -2.9745E+00  -1.4210E+01
  -7.8285E+00  -2.9640E+00  -1.3010E+01
  -7.4285E+00  -2.9894E+00  -1.1810E+01
  -7.0285E+00  -3.0209E+00  -1.0610E+01
  -6.6285E+00  -3.0614E+00  -9.4110E+00
  -6.2285E+00  -3.1210E+00  -8.2125E+00
  -5.8285E+00  -3.2190E+00  -7.0161E+00
  -5.4285E+00  -3.3883E+00  -5.8254E+00
  -5.0285E+00  -3.6535E+00  -4.6489E+00
  -4.6285E+00  -3.8557E+00  -3.5097E+00
  -4.2285E+00  -3.8404E+00  -2.4735E+00
  -3.8285E+00  -3.7955E+00  -1.7491E+00
  -3.4285E+00  -3.6430E+00  -2.0093E+00
  -3.0285E+00  -3.4182E+00  -5.0141E+00
  -2.6285E+00  -3.2881E+00  -2.4254E+01
  -2.2285E+00  -3.2072E+00  -2.4254E+01
  -1.8285E+00  -3.1395E+00  -2.4254E+01
  -1.4285E+00  -3.0908E+00  -2.4254E+01
  -1.0285E+00  -3.0626E+00  -2.4254E+01
  -6.2848E-01  -3.0519E+00  -2.4254E+01
  -2.2848E-01  -3.0569E+00  -2.4254E+01
   1.7152E-01  -3.0768E+00  -2.4254E+01
   5.7152E-01  -3.1108E+00  -2.4254E+01
   9.7152E-01  -3.1579E+00  -2.4254E+01
   1.3715E+00  -3.2207E+00  -2.4254E+01
   1.7715E+00  -3.3141E+00  -2.4254E+01
   2.1715E+00  -3.5333E+00  -2.4254E+01
   2.5715E+00  -3.9634E+00  -2.4254E+01
   2.9715E+00  -4.2948E+00  -2.4254E+01
   3.3715E+00  -6.7580E+00  -2.4254E+01
   3.7715E+00  -2.8205E+01  -2.4254E+01
   4.1715E+00  -2.8729E+01  -2.4254E+01
   4.5715E+00  -2.8699E+01  -2.4254E+01
   4.9715E+00  -2.8476E+01  -2.4254E+01
   5.3715E+00  -2.8263E+01  -2.4254E+01
   5.7715E+00  -2.8418E+01  -2.4254E+01
   6.1715E+00  -2.9141E+01  -2.4254E+01
   6.5715E+00  -3.0724E+01  -2.4254E+01
   6.9715E+00  -3.2774E+01  -2.4254E+01
   7.3715E+00  -3.3153E+01  -2.4254E+01
   7.7715E+00  -3.3485E+01  -2.4254E+01
   8.1715E+00  -3.3912E+01  -2.4254E+01
   8.5715E+00  -3.4399E+01  -2.4254E+01
   8.9715E+00  -4.9427E+01  -2.4254E+01
  -1.5828E+01  -1.9427E+01  -3.7006E+01
  -1.5428E+01  -1.8895E+01  -3.5806E+01
  -1.5028E+01  -1.8362E+01  -3.4606E+01
  -1.4628E+01  -1.7830E+01  -3.3406E+01
  -1.4228E+01  -1.7297E+01  -3.2206E+01
  -1.3828E+01  -1.6772E+01  -3.1006E+01
  -1.3428E+01  -1.6252E+01  -2.9806E+01
  -1.3028E+01  -1.5740E+01  -2.8606E+01
  -1.2628E+01  -1.5249E+01  -2.7406E+01
  -1.2228E+01  -1.4802E+01  -2.6206E+01
  -1.1828E+01  -1.4442E+01  -2.5006E+01
  -1.1428E+01  -1.2954E+01  -2.3806E+01
  -1.1028E+01  -1.1562E+01  -2.2606E+01
  -1.0628E+01  -1.0173E+01  -2.1406E+01
  -1.0228E+01  -8.7786E+00  -2.0206E+01
  -9.8285E+00  -7.3814E+00  -1.9006E+01
  -9.4285E+00  -5.9826E+00  -1.7806E+01
  -9.0285E+00  -4.5911E+00  -1.6606E+01
  -8.6285E+00  -3.3675E+00  -1.5407E+01
  -8.2285E+00  -2.9526E+00  -1.4207E+01
  -7.8285E+00  -2.9454E+00  -1.3007E+01
  -7.4285E+00  -2.9712E+00  -1.1807E+01
  -7.0285E+00  -3.0029E+00  -1.0607E+01
  -6.6285E+00  -3.0433E+00  -9.4075E+00
  -6.2285E+00  -3.1018E+00  -8.2089E+00
  -5.8285E+00  -3.1965E+00  -7.0126E+00
  -5.4285E+00  -3.3592E+00  -5.8218E+00
  -5.0285E+00  -3.6220E+00  -4.6453E+00
  -4.6285E+00  -3.8553E+00  -3.5061E+00
  -4.2285E+00  -3.8528E+00  -2.4700E+00
  -3.8285E+00  -3.8099E+00  -1.7456E+00
  -3.4285E+00  -3.6552E+00  -2.0057E+00
  -3.0285E+00  -3.4273E+00  -5.0105E+00
  -2.6285E+00  -3.3008E+00  -2.4250E+01
  -2.2285E+00  -3.2276E+00  -2.4250E+01
  -1.8285E+00  -3.1685E+00  -2.4250E+01
  -1.4285E+00  -3.1279E+00  -2.4250E+01
  -1.0285E+00  -3.1062E+00  -2.4250E+01
  -6.2848E-01  -3.1005E+00  -2.4250E+01
  -2.2848E-01  -3.1093E+00  -2.4250E+01
   1.7152E-01  -3.1323E+00  -2.4250E+01
   5.7152E-01  -3.1685E+00  -2.4250E+01
   9.7152E-01  -3.2172E+00  -2.4250E+01
   1.3715E+00  -3.2812E+00  -2.4250E+01
   1.7715E+00  -3.3761E+00  -2.4250E+01
   2.1715E+00  -3.5978E+00  -2.4250E+01
   2.5715E+00  -4.0317E+00  -2.4250E+01
   2.9715E+00  -4.3638E+00  -2.4250E+01
   3.3715E+00  -6.8491E+00  -2.4250E+01
   3.7715E+00  -2.8227E+01  -2.4250E+01
   4.1715E+00  -2.8755E+01  -2.4250E+01
   4.5715E+00  -2.8724E+01  -2.4250E+01
   4.9715E+00  -2.8500E+01  -2.4250E+01
   5.3715E+00  -2.8289E+01  -2.4250E+01
   5.7715E+00  -2.8452E+01  -2.4250E+01
   6.1715E+00  -2.9163E+01  -2.4250E+01
   6.5715E+00  -3.0691E+01  -2.4250E+01
   6.9715E+00  -3.2808E+01  -2.4250E+01
   7.3715E+00  -3.3191E+01  -2.4250E+01
   7.7715E+00  -3.3522E+01  -2.4250E+01
   8.1715E+00  -3.3946E+01  -2.4250E+01
   8.5715E+00  -3.4438E+01  -2.4250E+01
   8.9715E+00  -4.9423E+01  -2.4250E+01
  -1.5828E+01  -1.9420E+01  -3.7004E+01
  -1.5428E+01  -1.8889E+01  -3.5804E+01
  -1.5028E+01  -1.8355E+01  -3.4604E+01
  -1.4628E+01  -1.7823E+01  -3.3404E+01
  -1.4228E+01  -1.7290E+01  -3.2204E+01
  -1.3828E+01  -1.6766E+01  -3.1004E+01
  -1.3428E+01  -1.6245E+01  -2.9804E+01
  -1.3028E+01  -1.5733E+01  -2.8604E+01
  -1.2628E+01  -1.5242E+01  -2.7404E+01
  -1.2228E+01  -1.4793E+01  -2.6204E+01
  -1.1828E+01  -1.4432E+01  -2.5004E+01
  -1.1428E+01  -1.2937E+01  -2.3804E+01
  -1.1028E+01  -1.1543E+01  -2.2604E+01
  -1.0628E+01  -1.0153E+01  -2.1404E+01
  -1.0228E+01  -8.7591E+00  -2.0204E+01
  -9.8285E+00  -7.3614E+00  -1.9004E+01
  -9.4285E+00  -5.9622E+00  -1.7804E+01
  -9.0285E+00  -4.5707E+00  -1.6604E+01
  -8.6285E+00  -3.3507E+00  -1.5404E+01
  -8.2285E+00  -2.9426E+00  -1.4204E+01
  -7.8285E+00  -2.9370E+00  -1.3005E+01
  -7.4285E+00  -2.9629E+00  -1.1805E+01
  -7.0285E+00  -2.9948E+00  -1.0605E+01
  -6.6285E+00  -3.0352E+00  -9.4054E+00
  -6.2285E+00  -3.0932E+00  -8.2069E+00
  -5.8285E+00  -3.1864E+00  -7.0105E+00
  -5.4285E+00  -3.3459E+00  -5.8198E+00
  -5.0285E+00  -3.6064E+00  -4.6433E+00
  -4.6285E+00  -3.8533E+00  -3.5041E+00
  -4.2285E+00  -3.8584E+00  -2.4679E+00
  -3.8285E+00  -3.8161E+00  -1.7435E+00
  -3.4285E+00  -3.6609E+00  -2.0037E+00
  -3.0285E+00  -3.4325E+00  -5.0085E+00
  -2.6285E+00  -3.3089E+00  -2.4248E+01
  -2.2285E+00  -3.2406E+00  -2.4248E+01
  -1.8285E+00  -3.1861E+00  -2.4248E+01
  -1.4285E+00  -3.1494E+00  -2.4248E+01
  -1.0285E+00  -3.1306E+00  -2.4248E+01
  -6.2848E-01  -3.1274E+00  -2.4248E+01
  -2.2848E-01  -3.1382E+00  -2.4248E+01
   1.7152E-01  -3.1627E+00  -2.4248E+01
   5.7152E-01  -3.2000E+00  -2.4248E+01
   9.7152E-01  -3.2493E+00  -2.4248E+01
   1.3715E+00  -3.3139E+00  -2.4248E+01
   1.7715E+00  -3.4094E+00  -2.4248E+01
   2.1715E+00  -3.6322E+00  -2.4248E+01
   2.5715E+00  -4.0677E+00  -2.4248E+01
   2.9715E+00  -4.3994E+00  -2.4248E+01
   3.3715E+00  -6.9015E+00  -2.4248E+01
   3.7715E+00  -2.8261E+01  -2.4248E+01
   4.1715E+00  -2.8789E+01  -2.4248E+01
   4.5715E+00  -2.8758E+01  -2.4248E+01
   4.9715E+00  -2.8533E+01  -2.4248E+01
   5.3715E+00  -2.8324E+01  -2.4248E+01
   5.7715E+00  -2.8489E+01  -2.4248E+01
   6.1715E+00  -2.9191E+01  -2.4248E+01
   6.5715E+00  -3.0686E+01  -2.4248E+01
   6.9715E+00  -3.2845E+01  -2.4248E+01
   7.3715E+00  -3.3232E+01  -2.4248E+01
   7.7715E+00  -3.3562E+01  -2.4248E+01
   8.1715E+00  -3.3985E+01  -2.4248E+01
   8.5715E+00  -3.4479E+01  -2.4248E+01
   8.9715E+00  -4.9421E+01  -2.4248E+01
  -1.5828E+01  -1.9414E+01  -3.7002E+01
  -1.5428E+01  -1.8883E+01  -3.5802E+01
  -1.5028E+01  -1.8349E+01  -3.4602E+01
  -1.4628E+01  -1.7817E+01  -3.3402E+01
  -1.4228E+01  -1.7284E+01  -3.2202E+01
  -1.3828E+01  -1.6759E+01  -3.1002E+01
  -1.3428E+01  -1.6238E+01  -2.9802E+01
  -1.3028E+01  -1.5726E+01  -2.8602E+01
  -1.2628E+01  -1.5235E+01  -2.7402E+01
  -1.2228E+01  -1.4786E+01  -2.6202E+01
  -1.1828E+01  -1.4423E+01  -2.5002E+01
  -1.1428E+01  -1.2924E+01  -2.3802E+01
  -1.1028E+01  -1.1529E+01  -2.2602E+01
  -1.0628E+01  -1.0139E+01  -2.1402E+01
  -1.0228E+01  -8.7443E+00  -2.0202E+01
  -9.8285E+00  -7.3463E+00  -1.9002E+01
  -9.4285E+00  -5.9468E+00  -1.7802E+01
  -9.0285E+00  -4.5552E+00  -1.6602E+01
  -8.6285E+00  -3.3382E+00  -1.5402E+01
  -8.2285E+00  -2.9360E+00  -1.4202E+01
  -7.8285E+00  -2.9315E+00  -1.3002E+01
  -7.4285E+00  -2.9575E+00  -1.1802E+01
  -7.0285E+00  -2.9894E+00  -1.0602E+01
  -6.6285E+00  -3.0298E+00  -9.4030E+00
  -6.2285E+00  -3.0876E+00  -8.2044E+00
  -5.8285E+00  -3.1800E+00  -7.0081E+00
  -5.4285E+00  -3.3378E+00  -5.8173E+00
  -5.0285E+00  -3.5967E+00  -4.6408E+00
  -4.6285E+00  -3.8508E+00  -3.5016E+00
  -4.2285E+00  -3.8608E+00  -2.4655E+00
  -3.8285E+00  -3.8190E+00  -1.7411E+00
  -3.4285E+00  -3.6634E+00  -2.0012E+00
  -3.0285E+00  -3.4347E+00  -5.0061E+00
  -2.6285E+00  -3.3128E+00  -2.4246E+01
  -2.2285E+00  -3.2471E+00  -2.4246E+01
  -1.8285E+00  -3.1950E+00  -2.4246E+01
  -1.4285E+00  -3.1602E+00  -2.4246E+01
  -1.0285E+00  -3.1431E+00  -2.4246E+01
  -6.2848E-01  -3.1412E+00  -2.4246E+01
  -2.2848E-01  -3.1532E+00  -2.4246E+01
   1.7152E-01  -3.1786E+00  -2.4246E+01
   5.7152E-01  -3.2164E+00  -2.4246E+01
   9.7152E-01  -3.2661E+00  -2.4246E+01
   1.3715E+00  -3.3309E+00  -2.4246E+01
   1.7715E+00  -3.4267E+00  -2.4246E+01
   2.1715E+00  -3.6500E+00  -2.4246E+01
   2.5715E+00  -4.0863E+00  -2.4246E+01
   2.9715E+00  -4.4175E+00  -2.4246E+01
   3.3715E+00  -6.9306E+00  -2.4246E+01
   3.7715E+00  -2.8296E+01  -2.4246E+01
   4.1715E+00  -2.8824E+01  -2.4246E+01
   4.5715E+00  -2.8794E+01  -2.4246E+01
   4.9715E+00  -2.8568E+01  -2.4246E+01
   5.3715E+00  -2.8359E+01  -2.4246E+01
   5.7715E+00  -2.8525E+01  -2.4246E+01
   6.1715E+00  -2.9222E+01  -2.4246E+01
   6.5715E+00  -3.0696E+01  -2.4246E+01
   6.9715E+00  -3.2883E+01  -2.4246E+01
   7.3715E+00  -3.3272E+01  -2.4246E+01
   7.7715E+00  -3.3602E+01  -2.4246E+01
   8.1715E+00  -3.4024E+01  -2.4246E+01
   8.5715E+00  -3.4519E+01  -2.4246E+01
   8.9715E+00  -4.9419E+01  -2.4246E+01
  -1.5828E+01  -1.9410E+01  -3.7001E+01
  -1.5428E+01  -1.8879E+01  -3.5801E+01
  -1.5028E+01  -1.8345E+01  -3.4601E+01
  -1.4628E+01  -1.7814E+01  -3.3401E+01
  -1.4228E+01  -1.7280E+01  -3.2201E+01
  -1.3828E+01  -1.6756E+01  -3.1001E+01
  -1.3428E+01  -1.6235E+01  -2.9801E+01
  -1.3028E+01  -1.5723E+01  -2.8601E+01
  -1.2628E+01  -1.5231E+01  -2.7401E+01
  -1.2228E+01  -1.4781E+01  -2.6201E+01
  -1.1828E+01  -1.4417E+01  -2.5001E+01
  -1.1428E+01  -1.2916E+01  -2.3801E+01
  -1.1028E+01  -1.1520E+01  -2.2601E+01
  -1.0628E+01  -1.0130E+01  -2.1401E+01
  -1.0228E+01  -8.7348E+00  -2.0201E+01
  -9.8285E+00  -7.3366E+00  -1.9001E+01
  -9.4285E+00  -5.9369E+00  -1.7801E+01
  -9.0285E+00  -4.5453E+00  -1.6601E+01
  -8.6285E+00  -3.3297E+00  -1.5401E+01
  -8.2285E+00  -2.9320E+00  -1.4201E+01
  -7.8285E+00  -2.9282E+00  -1.3001E+01
  -7.4285E+00  -2.9543E+00  -1.1801E+01
  -7.0285E+00  -2.9863E+00  -1.0601E+01
  -6.6285E+00  -3.0267E+00  -9.4021E+00
  -6.2285E+00  -3.0843E+00  -8.2035E+00
  -5.8285E+00  -3.1762E+00  -7.0072E+00
  -5.4285E+00  -3.3326E+00  -5.8164E+00
  -5.0285E+00  -3.5904E+00  -4.6399E+00
  -4.6285E+00  -3.8499E+00  -3.5007E+00
  -4.2285E+00  -3.8637E+00  -2.4646E+00
  -3.8285E+00  -3.8221E+00  -1.7402E+00
  -3.4285E+00  -3.6663E+00  -2.0003E+00
  -3.0285E+00  -3.4374E+00  -5.0051E+00
  -2.6285E+00  -3.3167E+00  -2.4245E+01
  -2.2285E+00  -3.2529E+00  -2.4245E+01
  -1.8285E+00  -3.2026E+00  -2.4245E+01
  -1.4285E+00  -3.1692E+00  -2.4245E+01
  -1.0285E+00  -3.1534E+00  -2.4245E+01
  -6.2848E-01  -3.1525E+00  -2.4245E+01
  -2.2848E-01  -3.1654E+00  -2.4245E+01
   1.7152E-01  -3.1914E+00  -2.4245E+01
   5.7152E-01  -3.2295E+00  -2.4245E+01
   9.7152E-01  -3.2795E+00  -2.4245E+01
   1.3715E+00  -3.3445E+00  -2.4245E+01
   1.7715E+00  -3.4404E+00  -2.4245E+01
   2.1715E+00  -3.6641E+00  -2.4245E+01
   2.5715E+00  -4.1009E+00  -2.4245E+01
   2.9715E+00  -4.4317E+00  -2.4245E+01
   3.3715E+00  -6.9535E+00  -2.4245E+01
   3.7715E+00  -2.8335E+01  -2.4245E+01
   4.1715E+00  -2.8863E+01  -2.4245E+01
   4.5715E+00  -2.8832E+01  -2.4245E+01
   4.9715E+00  -2.8606E+01  -2.4245E+01
   5.3715E+00  -2.8398E+01  -2.4245E+01
   5.7715E+00  -2.8565E+01  -2.4245E+01
   6.1715E+00  -2.9257E+01  -2.4245E+01
   6.5715E+00  -3.0718E+01  -2.4245E+01
   6.9715E+00  -3.2923E+01  -2.4245E+01
   7.3715E+00  -3.3314E+01  -2.4245E+01
   7.7715E+00  -3.3644E+01  -2.4245E+01
   8.1715E+00  -3.4065E+01  -2.4245E+01
   8.5715E+00  -3.4561E+01  -2.4245E+01
   8.9715E+00  -4.9418E+01  -2.4245E+01
  -1.5828E+01  -1.9407E+01  -3.7000E+01
  -1.5428E+01  -1.8876E+01  -3.5800E+01
  -1.5028E+01  -1.8342E+01  -3.4600E+01
  -1.4628E+01  -1.7811E+01  -3.3400E+01
  -1.4228E+01  -1.7277E+01  -3.2200E+01
  -1.3828E+01  -1.6753E+01  -3.1000E+01
  -1.3428E+01  -1.6232E+01  -2.9800E+01
  -1.3028E+01  -1.5720E+01  -2.8600E+01
  -1.2628E+01  -1.5227E+01  -2.7400E+01
  -1.2228E+01  -1.4777E+01  -2.6200E+01
  -1.1828E+01  -1.4412E+01  -2.5000E+01
  -1.1428E+01  -1.2910E+01  -2.3800E+01
  -1.1028E+01  -1.1513E+01  -2.2600E+01
  -1.0628E+01  -1.0123E+01  -2.1400E+01
  -1.0228E+01  -8.7274E+00  -2.0200E+01
  -9.8285E+00  -7.3290E+00  -1.9000E+01
  -9.4285E+00  -5.9292E+00  -1.7800E+01
  -9.0285E+00  -4.5377E+00  -1.6600E+01
  -8.6285E+00  -3.3238E+00  -1.5400E+01
  -8.2285E+00  -2.9289E+00  -1.4200E+01
  -7.8285E+00  -2.9257E+00  -1.3000E+01
  -7.4285E+00  -2.9519E+00  -1.1800E+01
  -7.0285E+00  -2.9838E+00  -1.0600E+01
  -6.6285E+00  -3.0243E+00  -9.4010E+00
  -6.2285E+00  -3.0818E+00  -8.2024E+00
  -5.8285E+00  -3.1734E+00  -7.0061E+00
  -5.4285E+00  -3.3291E+00  -5.8153E+00
  -5.0285E+00  -3.5863E+00  -4.6388E+00
  -4.6285E+00  -3.8489E+00  -3.4996E+00
  -4.2285E+00  -3.8651E+00  -2.4635E+00
  -3.8285E+00  -3.8236E+00  -1.7391E+00
  -3.4285E+00  -3.6677E+00  -1.9992E+00
  -3.0285E+00  -3.4386E+00  -5.0041E+00
  -2.6285E+00  -3.3187E+00  -2.4244E+01
  -2.2285E+00  -3.2560E+00  -2.4244E+01
  -1.8285E+00  -3.2066E+00  -2.4244E+01
  -1.4285E+00  -3.1741E+00  -2.4244E+01
  -1.0285E+00  -3.1589E+00  -2.4244E+01
  -6.2848E-01  -3.1587E+00  -2.4244E+01
  -2.2848E-01  -3.1720E+00  -2.4244E+01
   1.7152E-01  -3.1983E+00  -2.4244E+01
   5.7152E-01  -3.2367E+00  -2.4244E+01
   9.7152E-01  -3.2868E+00  -2.4244E+01
   1.3715E+00  -3.3518E+00  -2.4244E+01
   1.7715E+00  -3.4478E+00  -2.4244E+01
   2.1715E+00  -3.6718E+00  -2.4244E+01
   2.5715E+00  -4.1088E+00  -2.4244E+01
   2.9715E+00  -4.4393E+00  -2.4244E+01
   3.3715E+00  -6.9666E+00  -2.4244E+01
   3.7715E+00  -2.8374E+01  -2.4244E+01
   4.1715E+00  -2.8903E+01  -2.4244E+01
   4.5715E+00  -2.8872E+01  -2.4244E+01
   4.9715E+00  -2.8645E+01  -2.4244E+01
   5.3715E+00  -2.8437E+01  -2.4244E+01
   5.7715E+00  -2.8604E+01  -2.4244E+01
   6.1715E+00  -2.9294E+01  -2.4244E+01
   6.5715E+00  -3.0746E+01  -2.4244E+01
   6.9715E+00  -3.2963E+01  -2.4244E+01
   7.3715E+00  -3.3356E+01  -2.4244E+01
   7.7715E+00  -3.3686E+01  -2.4244E+01
   8.1715E+00  -3.4106E+01  -2.4244E+01
   8.5715E+00  -3.4603E+01  -2.4244E+01
   8.9715E+00  -4.9417E+01  -2.4244E+01
  -1.5828E+01  -1.9397E+01  -3.6997E+01
  -1.5428E+01  -1.8865E+01  -3.5797E+01
  -1.5028E+01  -1.8332E+01  -3.4597E+01
  -1.4628E+01  -1.7800E+01  -3.3397E+01
  -1.4228E+01  -1.7266E+01  -3.2197E+01
  -1.3828E+01  -1.6742E+01  -3.0997E+01
  -1.3428E+01  -1.6221E+01  -2.9797E+01
  -1.3028E+01  -1.5708E+01  -2.8597E+01
  -1.2628E+01  -1.5215E+01  -2.7397E+01
  -1.2228E+01  -1.4763E+01  -2.6197E+01
  -1.1828E+01  -1.4396E+01  -2.4997E+01
  -1.1428E+01  -1.2889E+01  -2.3797E+01
  -1.1028E+01  -1.1491E+01  -2.2597E+01
  -1.0628E+01  -1.0100E+01  -2.1397E+01
  -1.0228E+01  -8.7037E+00  -2.0197E+01
  -9.8285E+00  -7.3045E+00  -1.8997E+01
  -9.4285E+00  -5.9043E+00  -1.7797E+01
  -9.0285E+00  -4.5131E+00  -1.6597E+01
  -8.6285E+00  -3.3084E+00  -1.5397E+01
  -8.2285E+00  -2.9228E+00  -1.4197E+01
  -7.8285E+00  -2.9206E+00  -1.2997E+01
  -7.4285E+00  -2.9469E+00  -1.1797E+01
  -7.0285E+00  -2.9790E+00  -1.0597E+01
  -6.6285E+00  -3.0195E+00  -9.3977E+00
  -6.2285E+00  -3.0770E+00  -8.1992E+00
  -5.8285E+00  -3.1681E+00  -7.0028E+00
  -5.4285E+00  -3.3231E+00  -5.8121E+00
  -5.0285E+00  -3.5793E+00  -4.6356E+00
  -4.6285E+00  -3.8460E+00  -3.4964E+00
  -4.2285E+00  -3.8662E+00  -2.4602E+00
  -3.8285E+00  -3.8250E+00  -1.7358E+00
  -3.4285E+00  -3.6684E+00  -1.9960E+00
  -3.0285E+00  -3.4384E+00  -5.0008E+00
  -2.6285E+00  -3.3188E+00  -2.4240E+01
  -2.2285E+00  -3.2570E+00  -2.4240E+01
  -1.8285E+00  -3.2085E+00  -2.4240E+01
  -1.4285E+00  -3.1771E+00  -2.4240E+01
  -1.0285E+00  -3.1629E+00  -2.4240E+01
  -6.2848E-01  -3.1635E+00  -2.4240E+01
  -2.2848E-01  -3.1775E+00  -2.4240E+01
   1.7152E-01  -3.2044E+00  -2.4240E+01
   5.7152E-01  -3.2432E+00  -2.4240E+01
   9.7152E-01  -3.2936E+00  -2.4240E+01
   1.3715E+00  -3.3589E+00  -2.4240E+01
   1.7715E+00  -3.4551E+00  -2.4240E+01
   2.1715E+00  -3.6794E+00  -2.4240E+01
   2.5715E+00  -4.1168E+00  -2.4240E+01
   2.9715E+00  -4.4475E+00  -2.4240E+01
   3.3715E+00  -6.9791E+00  -2.4240E+01
   3.7715E+00  -2.8407E+01  -2.4240E+01
   4.1715E+00  -2.8935E+01  -2.4240E+01
   4.5715E+00  -2.8903E+01  -2.4240E+01
   4.9715E+00  -2.8676E+01  -2.4240E+01
   5.3715E+00  -2.8466E+01  -2.4240E+01
   5.7715E+00  -2.8632E+01  -2.4240E+01
   6.1715E+00  -2.9312E+01  -2.4240E+01
   6.5715E+00  -3.0731E+01  -2.4240E+01
   6.9715E+00  -3.2995E+01  -2.4240E+01
   7.3715E+00  -3.3396E+01  -2.4240E+01
   7.7715E+00  -3.3725E+01  -2.4240E+01
   8.1715E+00  -3.4143E+01  -2.4240E+01
   8.5715E+00  -3.4642E+01  -2.4240E+01
   8.9715E+00  -4.9413E+01  -2.4240E+01
  -1.5828E+01  -1.9378E+01  -3.6991E+01
  -1.5428E+01  -1.8847E+01  -3.5791E+01
  -1.5028E+01  -1.8313E+01  -3.4591E+01
  -1.4628E+01  -1.7782E+01  -3.3391E+01
  -1.4228E+01  -1.7247E+01  -3.2191E+01
  -1.3828E+01  -1.6724E+01  -3.0991E+01
  -1.3428E+01  -1.6201E+01  -2.9791E+01
  -1.3028E+01  -1.5688E+01  -2.8591E+01
  -1.2628E+01  -1.5194E+01  -2.7391E+01
  -1.2228E+01  -1.4739E+01  -2.6191E+01
  -1.1828E+01  -1.4368E+01  -2.4991E+01
  -1.1428E+01  -1.2852E+01  -2.3791E+01
  -1.1028E+01  -1.1451E+01  -2.2591E+01
  -1.0628E+01  -1.0058E+01  -2.1391E+01
  -1.0228E+01  -8.6608E+00  -2.0191E+01
  -9.8285E+00  -7.2605E+00  -1.8991E+01
  -9.4285E+00  -5.8596E+00  -1.7791E+01
  -9.0285E+00  -4.4690E+00  -1.6591E+01
  -8.6285E+00  -3.2797E+00  -1.5391E+01
  -8.2285E+00  -2.9117E+00  -1.4191E+01
  -7.8285E+00  -2.9112E+00  -1.2991E+01
  -7.4285E+00  -2.9379E+00  -1.1791E+01
  -7.0285E+00  -2.9702E+00  -1.0591E+01
  -6.6285E+00  -3.0108E+00  -9.3918E+00
  -6.2285E+00  -3.0681E+00  -8.1932E+00
  -5.8285E+00  -3.1587E+00  -6.9969E+00
  -5.4285E+00  -3.3121E+00  -5.8061E+00
  -5.0285E+00  -3.5669E+00  -4.6296E+00
  -4.6285E+00  -3.8412E+00  -3.4904E+00
  -4.2285E+00  -3.8693E+00  -2.4543E+00
  -3.8285E+00  -3.8288E+00  -1.7299E+00
  -3.4285E+00  -3.6703E+00  -1.9900E+00
  -3.0285E+00  -3.4381E+00  -4.9949E+00
  -2.6285E+00  -3.3188E+00  -2.4234E+01
  -2.2285E+00  -3.2586E+00  -2.4234E+01
  -1.8285E+00  -3.2119E+00  -2.4234E+01
  -1.4285E+00  -3.1823E+00  -2.4234E+01
  -1.0285E+00  -3.1699E+00  -2.4234E+01
  -6.2848E-01  -3.1720E+00  -2.4234E+01
  -2.2848E-01  -3.1873E+00  -2.4234E+01
   1.7152E-01  -3.2152E+00  -2.4234E+01
   5.7152E-01  -3.2548E+00  -2.4234E+01
   9.7152E-01  -3.3057E+00  -2.4234E+01
   1.3715E+00  -3.3714E+00  -2.4234E+01
   1.7715E+00  -3.4680E+00  -2.4234E+01
   2.1715E+00  -3.6929E+00  -2.4234E+01
   2.5715E+00  -4.1313E+00  -2.4234E+01
   2.9715E+00  -4.4625E+00  -2.4234E+01
   3.3715E+00  -6.9996E+00  -2.4234E+01
   3.7715E+00  -2.8431E+01  -2.4234E+01
   4.1715E+00  -2.8957E+01  -2.4234E+01
   4.5715E+00  -2.8924E+01  -2.4234E+01
   4.9715E+00  -2.8696E+01  -2.4234E+01
   5.3715E+00  -2.8485E+01  -2.4234E+01
   5.7715E+00  -2.8647E+01  -2.4234E+01
   6.1715E+00  -2.9313E+01  -2.4234E+01
   6.5715E+00  -3.0673E+01  -2.4234E+01
   6.9715E+00  -3.3013E+01  -2.4234E+01
   7.3715E+00  -3.3431E+01  -2.4234E+01
   7.7715E+00  -3.3760E+01  -2.4234E+01
   8.1715E+00  -3.4175E+01  -2.4234E+01
   8.5715E+00  -3.4676E+01  -2.4234E+01
   8.9715E+00  -4.9407E+01  -2.4234E+01
  -1.5828E+01  -1.9345E+01  -3.6976E+01
  -1.5428E+01  -1.8813E+01  -3.5776E+01
  -1.5028E+01  -1.8280E+01  -3.4576E+01
  -1.4628E+01  -1.7749E+01  -3.3376E+01
  -1.4228E+01  -1.7213E+01  -3.2176E+01
  -1.3828E+01  -1.6690E+01  -3.0976E+01
  -1.3428E+01  -1.6167E+01  -2.9776E+01
  -1.3028E+01  -1.5653E+01  -2.8576E+01
  -1.2628E+01  -1.5158E+01  -2.7376E+01
  -1.2228E+01  -1.4700E+01  -2.6176E+01
  -1.1828E+01  -1.4322E+01  -2.4976E+01
  -1.1428E+01  -1.2793E+01  -2.3776E+01
  -1.1028E+01  -1.1386E+01  -2.2576E+01
  -1.0628E+01  -9.9903E+00  -2.1376E+01
  -1.0228E+01  -8.5905E+00  -2.0176E+01
  -9.8285E+00  -7.1886E+00  -1.8976E+01
  -9.4285E+00  -5.7867E+00  -1.7776E+01
  -9.0285E+00  -4.3974E+00  -1.6576E+01
  -8.6285E+00  -3.2318E+00  -1.5376E+01
  -8.2285E+00  -2.8889E+00  -1.4176E+01
  -7.8285E+00  -2.8909E+00  -1.2976E+01
  -7.4285E+00  -2.9181E+00  -1.1776E+01
  -7.0285E+00  -2.9507E+00  -1.0576E+01
  -6.6285E+00  -2.9914E+00  -9.3768E+00
  -6.2285E+00  -3.0485E+00  -8.1783E+00
  -5.8285E+00  -3.1380E+00  -6.9819E+00
  -5.4285E+00  -3.2891E+00  -5.7912E+00
  -5.0285E+00  -3.5414E+00  -4.6147E+00
  -4.6285E+00  -3.8271E+00  -3.4755E+00
  -4.2285E+00  -3.8684E+00  -2.4393E+00
  -3.8285E+00  -3.8296E+00  -1.7149E+00
  -3.4285E+00  -3.6675E+00  -1.9751E+00
  -3.0285E+00  -3.4315E+00  -4.9799E+00
  -2.6285E+00  -3.3129E+00  -2.4219E+01
  -2.2285E+00  -3.2550E+00  -2.4219E+01
  -1.8285E+00  -3.2112E+00  -2.4219E+01
  -1.4285E+00  -3.1845E+00  -2.4219E+01
  -1.0285E+00  -3.1747E+00  -2.4219E+01
  -6.2848E-01  -3.1789E+00  -2.4219E+01
  -2.2848E-01  -3.1959E+00  -2.4219E+01
   1.7152E-01  -3.2252E+00  -2.4219E+01
   5.7152E-01  -3.2658E+00  -2.4219E+01
   9.7152E-01  -3.3175E+00  -2.4219E+01
   1.3715E+00  -3.3837E+00  -2.4219E+01
   1.7715E+00  -3.4809E+00  -2.4219E+01
   2.1715E+00  -3.7067E+00  -2.4219E+01
   2.5715E+00  -4.1463E+00  -2.4219E+01
   2.9715E+00  -4.4782E+00  -2.4219E+01
   3.3715E+00  -7.0232E+00  -2.4219E+01
   3.7715E+00  -2.8440E+01  -2.4219E+01
   4.1715E+00  -2.8964E+01  -2.4219E+01
   4.5715E+00  -2.8929E+01  -2.4219E+01
   4.9715E+00  -2.8699E+01  -2.4219E+01
   5.3715E+00  -2.8486E+01  -2.4219E+01
   5.7715E+00  -2.8643E+01  -2.4219E+01
   6.1715E+00  -2.9284E+01  -2.4219E+01
   6.5715E+00  -3.0572E+01  -2.4219E+01
   6.9715E+00  -3.2993E+01  -2.4219E+01
   7.3715E+00  -3.3456E+01  -2.4219E+01
   7.7715E+00  -3.3784E+01  -2.4219E+01
   8.1715E+00  -3.4195E+01  -2.4219E+01
   8.5715E+00  -3.4700E+01  -2.4219E+01
   8.9715E+00  -4.9392E+01  -2.4219E+01
  -1.5828E+01  -1.9324E+01  -3.6973E+01
  -1.5428E+01  -1.8792E+01  -3.5773E+01
  -1.5028E+01  -1.8259E+01  -3.4573E+01
  -1.4628E+01  -1.7728E+01  -3.3373E+01
  -1.4228E+01  -1.7192E+01  -3.2173E+01
  -1.3828E+01  -1.6670E+01  -3.0973E+01
  -1.3428E+01  -1.6145E+01  -2.9773E+01
  -1.3028E+01  -1.5631E+01  -2.8573E+01
  -1.2628E+01  -1.5134E+01  -2.7373E+01
  -1.2228E+01  -1.4673E+01  -2.6173E+01
  -1.1828E+01  -1.4288E+01  -2.4973E+01
  -1.1428E+01  -1.2741E+01  -2.3773E+01
  -1.1028E+01  -1.1327E+01  -2.2573E+01
  -1.0628E+01  -9.9286E+00  -2.1373E+01
  -1.0228E+01  -8.5267E+00  -2.0173E+01
  -9.8285E+00  -7.1234E+00  -1.8973E+01
  -9.4285E+00  -5.7207E+00  -1.7773E+01
  -9.0285E+00  -4.3319E+00  -1.6573E+01
  -8.6285E+00  -3.1880E+00  -1.5373E+01
  -8.2285E+00  -2.8749E+00  -1.4173E+01
  -7.8285E+00  -2.8798E+00  -1.2973E+01
  -7.4285E+00  -2.9074E+00  -1.1773E+01
  -7.0285E+00  -2.9403E+00  -1.0573E+01
  -6.6285E+00  -2.9811E+00  -9.3735E+00
  -6.2285E+00  -3.0379E+00  -8.1749E+00
  -5.8285E+00  -3.1260E+00  -6.9786E+00
  -5.4285E+00  -3.2738E+00  -5.7878E+00
  -5.0285E+00  -3.5226E+00  -4.6113E+00
  -4.6285E+00  -3.8236E+00  -3.4721E+00
  -4.2285E+00  -3.8843E+00  -2.4360E+00
  -3.8285E+00  -3.8463E+00  -1.7116E+00
  -3.4285E+00  -3.6800E+00  -1.9717E+00
  -3.0285E+00  -3.4398E+00  -4.9766E+00
  -2.6285E+00  -3.3224E+00  -2.4216E+01
  -2.2285E+00  -3.2684E+00  -2.4216E+01
  -1.8285E+00  -3.2287E+00  -2.4216E+01
  -1.4285E+00  -3.2060E+00  -2.4216E+01
  -1.0285E+00  -3.1996E+00  -2.4216E+01
  -6.2848E-01  -3.2064E+00  -2.4216E+01
  -2.2848E-01  -3.2255E+00  -2.4216E+01
   1.7152E-01  -3.2563E+00  -2.4216E+01
   5.7152E-01  -3.2981E+00  -2.4216E+01
   9.7152E-01  -3.3505E+00  -2.4216E+01
   1.3715E+00  -3.4174E+00  -2.4216E+01
   1.7715E+00  -3.5152E+00  -2.4216E+01
   2.1715E+00  -3.7420E+00  -2.4216E+01
   2.5715E+00  -4.1832E+00  -2.4216E+01
   2.9715E+00  -4.5160E+00  -2.4216E+01
   3.3715E+00  -7.0720E+00  -2.4216E+01
   3.7715E+00  -2.8455E+01  -2.4216E+01
   4.1715E+00  -2.8979E+01  -2.4216E+01
   4.5715E+00  -2.8943E+01  -2.4216E+01
   4.9715E+00  -2.8710E+01  -2.4216E+01
   5.3715E+00  -2.8497E+01  -2.4216E+01
   5.7715E+00  -2.8650E+01  -2.4216E+01
   6.1715E+00  -2.9268E+01  -2.4216E+01
   6.5715E+00  -3.0490E+01  -2.4216E+01
   6.9715E+00  -3.2957E+01  -2.4216E+01
   7.3715E+00  -3.3491E+01  -2.4216E+01
   7.7715E+00  -3.3818E+01  -2.4216E+01
   8.1715E+00  -3.4223E+01  -2.4216E+01
   8.5715E+00  -3.4732E+01  -2.4216E+01
   8.9715E+00  -4.9389E+01  -2.4216E+01
  -1.5828E+01  -1.9323E+01  -3.6972E+01
  -1.5428E+01  -1.8791E+01  -3.5772E+01
  -1.5028E+01  -1.8258E+01  -3.4572E+01
  -1.4628E+01  -1.7727E+01  -3.3372E+01
  -1.4228E+01  -1.7191E+01  -3.2172E+01
  -1.3828E+01  -1.6668E+01  -3.0972E+01
  -1.3428E+01  -1.6144E+01  -2.9772E+01
  -1.3028E+01  -1.5629E+01  -2.8572E+01
  -1.2628E+01  -1.5132E+01  -2.7372E+01
  -1.2228E+01  -1.4671E+01  -2.6172E+01
  -1.1828E+01  -1.4286E+01  -2.4972E+01
  -1.1428E+01  -1.2733E+01  -2.3772E+01
  -1.1028E+01  -1.1316E+01  -2.2572E+01
  -1.0628E+01  -9.9174E+00  -2.1372E+01
  -1.0228E+01  -8.5159E+00  -2.0172E+01
  -9.8285E+00  -7.1130E+00  -1.8972E+01
  -9.4285E+00  -5.7104E+00  -1.7772E+01
  -9.0285E+00  -4.3204E+00  -1.6572E+01
  -8.6285E+00  -3.1701E+00  -1.5372E+01
  -8.2285E+00  -2.8690E+00  -1.4172E+01
  -7.8285E+00  -2.8755E+00  -1.2972E+01
  -7.4285E+00  -2.9032E+00  -1.1772E+01
  -7.0285E+00  -2.9361E+00  -1.0572E+01
  -6.6285E+00  -2.9770E+00  -9.3728E+00
  -6.2285E+00  -3.0336E+00  -8.1742E+00
  -5.8285E+00  -3.1208E+00  -6.9779E+00
  -5.4285E+00  -3.2665E+00  -5.7871E+00
  -5.0285E+00  -3.5129E+00  -4.6106E+00
  -4.6285E+00  -3.8238E+00  -3.4714E+00
  -4.2285E+00  -3.8993E+00  -2.4353E+00
  -3.8285E+00  -3.8617E+00  -1.7109E+00
  -3.4285E+00  -3.6922E+00  -1.9710E+00
  -3.0285E+00  -3.4491E+00  -4.9759E+00
  -2.6285E+00  -3.3336E+00  -2.4215E+01
  -2.2285E+00  -3.2836E+00  -2.4215E+01
  -1.8285E+00  -3.2475E+00  -2.4215E+01
  -1.4285E+00  -3.2278E+00  -2.4215E+01
  -1.0285E+00  -3.2235E+00  -2.4215E+01
  -6.2848E-01  -3.2318E+00  -2.4215E+01
  -2.2848E-01  -3.2519E+00  -2.4215E+01
   1.7152E-01  -3.2835E+00  -2.4215E+01
   5.7152E-01  -3.3257E+00  -2.4215E+01
   9.7152E-01  -3.3784E+00  -2.4215E+01
   1.3715E+00  -3.4455E+00  -2.4215E+01
   1.7715E+00  -3.5435E+00  -2.4215E+01
   2.1715E+00  -3.7709E+00  -2.4215E+01
   2.5715E+00  -4.2132E+00  -2.4215E+01
   2.9715E+00  -4.5460E+00  -2.4215E+01
   3.3715E+00  -7.1147E+00  -2.4215E+01
   3.7715E+00  -2.8490E+01  -2.4215E+01
   4.1715E+00  -2.9017E+01  -2.4215E+01
   4.5715E+00  -2.8981E+01  -2.4215E+01
   4.9715E+00  -2.8748E+01  -2.4215E+01
   5.3715E+00  -2.8535E+01  -2.4215E+01
   5.7715E+00  -2.8691E+01  -2.4215E+01
   6.1715E+00  -2.9306E+01  -2.4215E+01
   6.5715E+00  -3.0513E+01  -2.4215E+01
   6.9715E+00  -3.2981E+01  -2.4215E+01
   7.3715E+00  -3.3531E+01  -2.4215E+01
   7.7715E+00  -3.3857E+01  -2.4215E+01
   8.1715E+00  -3.4260E+01  -2.4215E+01
   8.5715E+00  -3.4771E+01  -2.4215E+01
   8.9715E+00  -4.9388E+01  -2.4215E+01
  -1.5828E+01  -1.9351E+01  -3.6984E+01
  -1.5428E+01  -1.8819E+01  -3.5784E+01
  -1.5028E+01  -1.8286E+01  -3.4584E+01
  -1.4628E+01  -1.7754E+01  -3.3384E+01
  -1.4228E+01  -1.7219E+01  -3.2184E+01
  -1.3828E+01  -1.6696E+01  -3.0984E+01
  -1.3428E+01  -1.6173E+01  -2.9784E+01
  -1.3028E+01  -1.5658E+01  -2.8584E+01
  -1.2628E+01  -1.5162E+01  -2.7384E+01
  -1.2228E+01  -1.4704E+01  -2.6184E+01
  -1.1828E+01  -1.4324E+01  -2.4984E+01
  -1.1428E+01  -1.2778E+01  -2.3784E+01
  -1.1028E+01  -1.1365E+01  -2.2584E+01
  -1.0628E+01  -9.9687E+00  -2.1384E+01
  -1.0228E+01  -8.5690E+00  -2.0184E+01
  -9.8285E+00  -7.1673E+00  -1.8984E+01
  -9.4285E+00  -5.7654E+00  -1.7784E+01
  -9.0285E+00  -4.3733E+00  -1.6584E+01
  -8.6285E+00  -3.1948E+00  -1.5384E+01
  -8.2285E+00  -2.8822E+00  -1.4184E+01
  -7.8285E+00  -2.8882E+00  -1.2984E+01
  -7.4285E+00  -2.9157E+00  -1.1784E+01
  -7.0285E+00  -2.9485E+00  -1.0585E+01
  -6.6285E+00  -2.9893E+00  -9.3852E+00
  -6.2285E+00  -3.0458E+00  -8.1866E+00
  -5.8285E+00  -3.1331E+00  -6.9903E+00
  -5.4285E+00  -3.2787E+00  -5.7995E+00
  -5.0285E+00  -3.5252E+00  -4.6230E+00
  -4.6285E+00  -3.8373E+00  -3.4838E+00
  -4.2285E+00  -3.9131E+00  -2.4477E+00
  -3.8285E+00  -3.8743E+00  -1.7233E+00
  -3.4285E+00  -3.7059E+00  -1.9834E+00
  -3.0285E+00  -3.4639E+00  -4.9882E+00
  -2.6285E+00  -3.3501E+00  -2.4228E+01
  -2.2285E+00  -3.3017E+00  -2.4228E+01
  -1.8285E+00  -3.2664E+00  -2.4228E+01
  -1.4285E+00  -3.2467E+00  -2.4228E+01
  -1.0285E+00  -3.2420E+00  -2.4228E+01
  -6.2848E-01  -3.2498E+00  -2.4228E+01
  -2.2848E-01  -3.2694E+00  -2.4228E+01
   1.7152E-01  -3.3004E+00  -2.4228E+01
   5.7152E-01  -3.3421E+00  -2.4228E+01
   9.7152E-01  -3.3943E+00  -2.4228E+01
   1.3715E+00  -3.4610E+00  -2.4228E+01
   1.7715E+00  -3.5588E+00  -2.4228E+01
   2.1715E+00  -3.7860E+00  -2.4228E+01
   2.5715E+00  -4.2279E+00  -2.4228E+01
   2.9715E+00  -4.5598E+00  -2.4228E+01
   3.3715E+00  -7.1371E+00  -2.4228E+01
   3.7715E+00  -2.8557E+01  -2.4228E+01
   4.1715E+00  -2.9088E+01  -2.4228E+01
   4.5715E+00  -2.9053E+01  -2.4228E+01
   4.9715E+00  -2.8822E+01  -2.4228E+01
   5.3715E+00  -2.8611E+01  -2.4228E+01
   5.7715E+00  -2.8773E+01  -2.4228E+01
   6.1715E+00  -2.9403E+01  -2.4228E+01
   6.5715E+00  -3.0658E+01  -2.4228E+01
   6.9715E+00  -3.3095E+01  -2.4228E+01
   7.3715E+00  -3.3587E+01  -2.4228E+01
   7.7715E+00  -3.3913E+01  -2.4228E+01
   8.1715E+00  -3.4318E+01  -2.4228E+01
   8.5715E+00  -3.4829E+01  -2.4228E+01
   8.9715E+00  -4.9401E+01  -2.4228E+01
  -1.5828E+01  -1.9392E+01  -3.6996E+01
  -1.5428E+01  -1.8861E+01  -3.5796E+01
  -1.5028E+01  -1.8327E+01  -3.4596E+01
  -1.4628E+01  -1.7796E+01  -3.3396E+01
  -1.4228E+01  -1.7261E+01  -3.2196E+01
  -1.3828E+01  -1.6738E+01  -3.0996E+01
  -1.3428E+01  -1.6216E+01  -2.9796E+01
  -1.3028E+01  -1.5703E+01  -2.8596E+01
  -1.2628E+01  -1.5210E+01  -2.7396E+01
  -1.2228E+01  -1.4756E+01  -2.6196E+01
  -1.1828E+01  -1.4387E+01  -2.4996E+01
  -1.1428E+01  -1.2864E+01  -2.3796E+01
  -1.1028E+01  -1.1460E+01  -2.2596E+01
  -1.0628E+01  -1.0067E+01  -2.1396E+01
  -1.0228E+01  -8.6706E+00  -2.0196E+01
  -9.8285E+00  -7.2715E+00  -1.8996E+01
  -9.4285E+00  -5.8712E+00  -1.7796E+01
  -9.0285E+00  -4.4776E+00  -1.6596E+01
  -8.6285E+00  -3.2561E+00  -1.5396E+01
  -8.2285E+00  -2.9036E+00  -1.4196E+01
  -7.8285E+00  -2.9066E+00  -1.2996E+01
  -7.4285E+00  -2.9333E+00  -1.1796E+01
  -7.0285E+00  -2.9657E+00  -1.0596E+01
  -6.6285E+00  -3.0064E+00  -9.3967E+00
  -6.2285E+00  -3.0632E+00  -8.1981E+00
  -5.8285E+00  -3.1515E+00  -7.0018E+00
  -5.4285E+00  -3.2998E+00  -5.8110E+00
  -5.0285E+00  -3.5492E+00  -4.6345E+00
  -4.6285E+00  -3.8495E+00  -3.4953E+00
  -4.2285E+00  -3.9076E+00  -2.4592E+00
  -3.8285E+00  -3.8671E+00  -1.7348E+00
  -3.4285E+00  -3.7036E+00  -1.9949E+00
  -3.0285E+00  -3.4670E+00  -4.9998E+00
  -2.6285E+00  -3.3537E+00  -2.4239E+01
  -2.2285E+00  -3.3033E+00  -2.4239E+01
  -1.8285E+00  -3.2650E+00  -2.4239E+01
  -1.4285E+00  -3.2417E+00  -2.4239E+01
  -1.0285E+00  -3.2336E+00  -2.4239E+01
  -6.2848E-01  -3.2385E+00  -2.4239E+01
  -2.2848E-01  -3.2556E+00  -2.4239E+01
   1.7152E-01  -3.2846E+00  -2.4239E+01
   5.7152E-01  -3.3246E+00  -2.4239E+01
   9.7152E-01  -3.3756E+00  -2.4239E+01
   1.3715E+00  -3.4413E+00  -2.4239E+01
   1.7715E+00  -3.5381E+00  -2.4239E+01
   2.1715E+00  -3.7640E+00  -2.4239E+01
   2.5715E+00  -4.2041E+00  -2.4239E+01
   2.9715E+00  -4.5342E+00  -2.4239E+01
   3.3715E+00  -7.1103E+00  -2.4239E+01
   3.7715E+00  -2.8644E+01  -2.4239E+01
   4.1715E+00  -2.9179E+01  -2.4239E+01
   4.5715E+00  -2.9147E+01  -2.4239E+01
   4.9715E+00  -2.8918E+01  -2.4239E+01
   5.3715E+00  -2.8712E+01  -2.4239E+01
   5.7715E+00  -2.8885E+01  -2.4239E+01
   6.1715E+00  -2.9553E+01  -2.4239E+01
   6.5715E+00  -3.0927E+01  -2.4239E+01
   6.9715E+00  -3.3230E+01  -2.4239E+01
   7.3715E+00  -3.3647E+01  -2.4239E+01
   7.7715E+00  -3.3973E+01  -2.4239E+01
   8.1715E+00  -3.4386E+01  -2.4239E+01
   8.5715E+00  -3.4893E+01  -2.4239E+01
   8.9715E+00  -4.9412E+01  -2.4239E+01
  -1.5828E+01  -1.9441E+01  -3.7011E+01
  -1.5428E+01  -1.8910E+01  -3.5811E+01
  -1.5028E+01  -1.8376E+01  -3.4611E+01
  -1.4628E+01  -1.7844E+01  -3.3411E+01
  -1.4228E+01  -1.7311E+01  -3.2211E+01
  -1.3828E+01  -1.6786E+01  -3.1011E+01
  -1.3428E+01  -1.6266E+01  -2.9811E+01
  -1.3028E+01  -1.5755E+01  -2.8611E+01
  -1.2628E+01  -1.5265E+01  -2.7411E+01
  -1.2228E+01  -1.4819E+01  -2.6211E+01
  -1.1828E+01  -1.4461E+01  -2.5011E+01
  -1.1428E+01  -1.2963E+01  -2.3811E+01
  -1.1028E+01  -1.1569E+01  -2.2611E+01
  -1.0628E+01  -1.0180E+01  -2.1411E+01
  -1.0228E+01  -8.7869E+00  -2.0211E+01
  -9.8285E+00  -7.3909E+00  -1.9011E+01
  -9.4285E+00  -5.9928E+00  -1.7811E+01
  -9.0285E+00  -4.5997E+00  -1.6611E+01
  -8.6285E+00  -3.3468E+00  -1.5411E+01
  -8.2285E+00  -2.9354E+00  -1.4211E+01
  -7.8285E+00  -2.9329E+00  -1.3011E+01
  -7.4285E+00  -2.9587E+00  -1.1811E+01
  -7.0285E+00  -2.9905E+00  -1.0611E+01
  -6.6285E+00  -3.0309E+00  -9.4116E+00
  -6.2285E+00  -3.0882E+00  -8.2130E+00
  -5.8285E+00  -3.1786E+00  -7.0167E+00
  -5.4285E+00  -3.3317E+00  -5.8259E+00
  -5.0285E+00  -3.5858E+00  -4.6494E+00
  -4.6285E+00  -3.8612E+00  -3.5102E+00
  -4.2285E+00  -3.8909E+00  -2.4741E+00
  -3.8285E+00  -3.8480E+00  -1.7497E+00
  -3.4285E+00  -3.6920E+00  -2.0098E+00
  -3.0285E+00  -3.4636E+00  -5.0146E+00
  -2.6285E+00  -3.3492E+00  -2.4254E+01
  -2.2285E+00  -3.2936E+00  -2.4254E+01
  -1.8285E+00  -3.2490E+00  -2.4254E+01
  -1.4285E+00  -3.2192E+00  -2.4254E+01
  -1.0285E+00  -3.2053E+00  -2.4254E+01
  -6.2848E-01  -3.2054E+00  -2.4254E+01
  -2.2848E-01  -3.2187E+00  -2.4254E+01
   1.7152E-01  -3.2446E+00  -2.4254E+01
   5.7152E-01  -3.2822E+00  -2.4254E+01
   9.7152E-01  -3.3314E+00  -2.4254E+01
   1.3715E+00  -3.3957E+00  -2.4254E+01
   1.7715E+00  -3.4912E+00  -2.4254E+01
   2.1715E+00  -3.7149E+00  -2.4254E+01
   2.5715E+00  -4.1520E+00  -2.4254E+01
   2.9715E+00  -4.4800E+00  -2.4254E+01
   3.3715E+00  -7.0422E+00  -2.4254E+01
   3.7715E+00  -2.8743E+01  -2.4254E+01
   4.1715E+00  -2.9279E+01  -2.4254E+01
   4.5715E+00  -2.9250E+01  -2.4254E+01
   4.9715E+00  -2.9026E+01  -2.4254E+01
   5.3715E+00  -2.8823E+01  -2.4254E+01
   5.7715E+00  -2.9004E+01  -2.4254E+01
   6.1715E+00  -2.9718E+01  -2.4254E+01
   6.5715E+00  -3.1252E+01  -2.4254E+01
   6.9715E+00  -3.3330E+01  -2.4254E+01
   7.3715E+00  -3.3713E+01  -2.4254E+01
   7.7715E+00  -3.4042E+01  -2.4254E+01
   8.1715E+00  -3.4466E+01  -2.4254E+01
   8.5715E+00  -3.4963E+01  -2.4254E+01
   8.9715E+00  -4.9427E+01  -2.4254E+01
  -1.5828E+01  -1.9463E+01  -3.7018E+01
  -1.5428E+01  -1.8932E+01  -3.5818E+01
  -1.5028E+01  -1.8398E+01  -3.4618E+01
  -1.4628E+01  -1.7866E+01  -3.3418E+01
  -1.4228E+01  -1.7334E+01  -3.2218E+01
  -1.3828E+01  -1.6808E+01  -3.1018E+01
  -1.3428E+01  -1.6289E+01  -2.9818E+01
  -1.3028E+01  -1.5778E+01  -2.8618E+01
  -1.2628E+01  -1.5289E+01  -2.7418E+01
  -1.2228E+01  -1.4846E+01  -2.6218E+01
  -1.1828E+01  -1.4494E+01  -2.5018E+01
  -1.1428E+01  -1.3010E+01  -2.3818E+01
  -1.1028E+01  -1.1621E+01  -2.2618E+01
  -1.0628E+01  -1.0234E+01  -2.1418E+01
  -1.0228E+01  -8.8435E+00  -2.0218E+01
  -9.8285E+00  -7.4490E+00  -1.9018E+01
  -9.4285E+00  -6.0518E+00  -1.7818E+01
  -9.0285E+00  -4.6598E+00  -1.6618E+01
  -8.6285E+00  -3.4064E+00  -1.5418E+01
  -8.2285E+00  -2.9571E+00  -1.4218E+01
  -7.8285E+00  -2.9497E+00  -1.3018E+01
  -7.4285E+00  -2.9749E+00  -1.1818E+01
  -7.0285E+00  -3.0064E+00  -1.0618E+01
  -6.6285E+00  -3.0466E+00  -9.4188E+00
  -6.2285E+00  -3.1043E+00  -8.2203E+00
  -5.8285E+00  -3.1967E+00  -7.0240E+00
  -5.4285E+00  -3.3543E+00  -5.8332E+00
  -5.0285E+00  -3.6122E+00  -4.6567E+00
  -4.6285E+00  -3.8619E+00  -3.5175E+00
  -4.2285E+00  -3.8697E+00  -2.4813E+00
  -3.8285E+00  -3.8255E+00  -1.7570E+00
  -3.4285E+00  -3.6749E+00  -2.0171E+00
  -3.0285E+00  -3.4527E+00  -5.0219E+00
  -2.6285E+00  -3.3363E+00  -2.4261E+01
  -2.2285E+00  -3.2748E+00  -2.4261E+01
  -1.8285E+00  -3.2239E+00  -2.4261E+01
  -1.4285E+00  -3.1883E+00  -2.4261E+01
  -1.0285E+00  -3.1695E+00  -2.4261E+01
  -6.2848E-01  -3.1660E+00  -2.4261E+01
  -2.2848E-01  -3.1765E+00  -2.4261E+01
   1.7152E-01  -3.2002E+00  -2.4261E+01
   5.7152E-01  -3.2363E+00  -2.4261E+01
   9.7152E-01  -3.2844E+00  -2.4261E+01
   1.3715E+00  -3.3479E+00  -2.4261E+01
   1.7715E+00  -3.4425E+00  -2.4261E+01
   2.1715E+00  -3.6645E+00  -2.4261E+01
   2.5715E+00  -4.0990E+00  -2.4261E+01
   2.9715E+00  -4.4261E+00  -2.4261E+01
   3.3715E+00  -6.9688E+00  -2.4261E+01
   3.7715E+00  -2.8817E+01  -2.4261E+01
   4.1715E+00  -2.9351E+01  -2.4261E+01
   4.5715E+00  -2.9323E+01  -2.4261E+01
   4.9715E+00  -2.9101E+01  -2.4261E+01
   5.3715E+00  -2.8899E+01  -2.4261E+01
   5.7715E+00  -2.9082E+01  -2.4261E+01
   6.1715E+00  -2.9821E+01  -2.4261E+01
   6.5715E+00  -3.1447E+01  -2.4261E+01
   6.9715E+00  -3.3395E+01  -2.4261E+01
   7.3715E+00  -3.3770E+01  -2.4261E+01
   7.7715E+00  -3.4101E+01  -2.4261E+01
   8.1715E+00  -3.4531E+01  -2.4261E+01
   8.5715E+00  -3.5021E+01  -2.4261E+01
   8.9715E+00  -4.9434E+01  -2.4261E+01
  -1.5828E+01  -1.9456E+01  -3.7015E+01
  -1.5428E+01  -1.8925E+01  -3.5815E+01
  -1.5028E+01  -1.8391E+01  -3.4615E+01
  -1.4628E+01  -1.7859E+01  -3.3415E+01
  -1.4228E+01  -1.7327E+01  -3.2215E+01
  -1.3828E+01  -1.6802E+01  -3.1015E+01
  -1.3428E+01  -1.6282E+01  -2.9815E+01
  -1.3028E+01  -1.5771E+01  -2.8615E+01
  -1.2628E+01  -1.5282E+01  -2.7415E+01
  -1.2228E+01  -1.4838E+01  -2.6215E+01
  -1.1828E+01  -1.4485E+01  -2.5015E+01
  -1.1428E+01  -1.3004E+01  -2.3815E+01
  -1.1028E+01  -1.1615E+01  -2.2615E+01
  -1.0628E+01  -1.0230E+01  -2.1415E+01
  -1.0228E+01  -8.8388E+00  -2.0215E+01
  -9.8285E+00  -7.4437E+00  -1.9015E+01
  -9.4285E+00  -6.0461E+00  -1.7815E+01
  -9.0285E+00  -4.6547E+00  -1.6615E+01
  -8.6285E+00  -3.4147E+00  -1.5415E+01
  -8.2285E+00  -2.9611E+00  -1.4215E+01
  -7.8285E+00  -2.9516E+00  -1.3015E+01
  -7.4285E+00  -2.9768E+00  -1.1816E+01
  -7.0285E+00  -3.0082E+00  -1.0616E+01
  -6.6285E+00  -3.0483E+00  -9.4163E+00
  -6.2285E+00  -3.1063E+00  -8.2178E+00
  -5.8285E+00  -3.1998E+00  -7.0214E+00
  -5.4285E+00  -3.3599E+00  -5.8307E+00
  -5.0285E+00  -3.6196E+00  -4.6542E+00
  -4.6285E+00  -3.8547E+00  -3.5150E+00
  -4.2285E+00  -3.8525E+00  -2.4788E+00
  -3.8285E+00  -3.8082E+00  -1.7544E+00
  -3.4285E+00  -3.6598E+00  -2.0146E+00
  -3.0285E+00  -3.4396E+00  -5.0194E+00
  -2.6285E+00  -3.3209E+00  -2.4259E+01
  -2.2285E+00  -3.2551E+00  -2.4259E+01
  -1.8285E+00  -3.2004E+00  -2.4259E+01
  -1.4285E+00  -3.1618E+00  -2.4259E+01
  -1.0285E+00  -3.1409E+00  -2.4259E+01
  -6.2848E-01  -3.1360E+00  -2.4259E+01
  -2.2848E-01  -3.1457E+00  -2.4259E+01
   1.7152E-01  -3.1689E+00  -2.4259E+01
   5.7152E-01  -3.2047E+00  -2.4259E+01
   9.7152E-01  -3.2528E+00  -2.4259E+01
   1.3715E+00  -3.3164E+00  -2.4259E+01
   1.7715E+00  -3.4108E+00  -2.4259E+01
   2.1715E+00  -3.6323E+00  -2.4259E+01
   2.5715E+00  -4.0658E+00  -2.4259E+01
   2.9715E+00  -4.3932E+00  -2.4259E+01
   3.3715E+00  -6.9196E+00  -2.4259E+01
   3.7715E+00  -2.8862E+01  -2.4259E+01
   4.1715E+00  -2.9392E+01  -2.4259E+01
   4.5715E+00  -2.9364E+01  -2.4259E+01
   4.9715E+00  -2.9142E+01  -2.4259E+01
   5.3715E+00  -2.8938E+01  -2.4259E+01
   5.7715E+00  -2.9115E+01  -2.4259E+01
   6.1715E+00  -2.9851E+01  -2.4259E+01
   6.5715E+00  -3.1471E+01  -2.4259E+01
   6.9715E+00  -3.3439E+01  -2.4259E+01
   7.3715E+00  -3.3814E+01  -2.4259E+01
   7.7715E+00  -3.4145E+01  -2.4259E+01
   8.1715E+00  -3.4576E+01  -2.4259E+01
   8.5715E+00  -3.5063E+01  -2.4259E+01
   8.9715E+00  -4.9432E+01  -2.4259E+01
  -1.5828E+01  -1.9419E+01  -3.7001E+01
  -1.5428E+01  -1.8888E+01  -3.5801E+01
  -1.5028E+01  -1.8354E+01  -3.4601E+01
  -1.4628E+01  -1.7823E+01  -3.3401E+01
  -1.4228E+01  -1.7290E+01  -3.2201E+01
  -1.3828E+01  -1.6765E+01  -3.1001E+01
  -1.3428E+01  -1.6244E+01  -2.9801E+01
  -1.3028E+01  -1.5733E+01  -2.8601E+01
  -1.2628E+01  -1.5242E+01  -2.7401E+01
  -1.2228E+01  -1.4794E+01  -2.6201E+01
  -1.1828E+01  -1.4433E+01  -2.5001E+01
  -1.1428E+01  -1.2942E+01  -2.3801E+01
  -1.1028E+01  -1.1551E+01  -2.2601E+01
  -1.0628E+01  -1.0163E+01  -2.1401E+01
  -1.0228E+01  -8.7697E+00  -2.0201E+01
  -9.8285E+00  -7.3722E+00  -1.9001E+01
  -9.4285E+00  -5.9730E+00  -1.7801E+01
  -9.0285E+00  -4.5823E+00  -1.6601E+01
  -8.6285E+00  -3.3689E+00  -1.5401E+01
  -8.2285E+00  -2.9428E+00  -1.4201E+01
  -7.8285E+00  -2.9350E+00  -1.3001E+01
  -7.4285E+00  -2.9606E+00  -1.1801E+01
  -7.0285E+00  -2.9923E+00  -1.0601E+01
  -6.6285E+00  -3.0326E+00  -9.4020E+00
  -6.2285E+00  -3.0905E+00  -8.2035E+00
  -5.8285E+00  -3.1837E+00  -7.0071E+00
  -5.4285E+00  -3.3432E+00  -5.8164E+00
  -5.0285E+00  -3.6026E+00  -4.6399E+00
  -4.6285E+00  -3.8407E+00  -3.5007E+00
  -4.2285E+00  -3.8405E+00  -2.4645E+00
  -3.8285E+00  -3.7976E+00  -1.7401E+00
  -3.4285E+00  -3.6476E+00  -2.0003E+00
  -3.0285E+00  -3.4253E+00  -5.0051E+00
  -2.6285E+00  -3.3047E+00  -2.4245E+01
  -2.2285E+00  -3.2375E+00  -2.4245E+01
  -1.8285E+00  -3.1823E+00  -2.4245E+01
  -1.4285E+00  -3.1443E+00  -2.4245E+01
  -1.0285E+00  -3.1246E+00  -2.4245E+01
  -6.2848E-01  -3.1211E+00  -2.4245E+01
  -2.2848E-01  -3.1320E+00  -2.4245E+01
   1.7152E-01  -3.1564E+00  -2.4245E+01
   5.7152E-01  -3.1933E+00  -2.4245E+01
   9.7152E-01  -3.2423E+00  -2.4245E+01
   1.3715E+00  -3.3066E+00  -2.4245E+01
   1.7715E+00  -3.4016E+00  -2.4245E+01
   2.1715E+00  -3.6238E+00  -2.4245E+01
   2.5715E+00  -4.0582E+00  -2.4245E+01
   2.9715E+00  -4.3871E+00  -2.4245E+01
   3.3715E+00  -6.9058E+00  -2.4245E+01
   3.7715E+00  -2.8874E+01  -2.4245E+01
   4.1715E+00  -2.9400E+01  -2.4245E+01
   4.5715E+00  -2.9369E+01  -2.4245E+01
   4.9715E+00  -2.9145E+01  -2.4245E+01
   5.3715E+00  -2.8937E+01  -2.4245E+01
   5.7715E+00  -2.9104E+01  -2.4245E+01
   6.1715E+00  -2.9813E+01  -2.4245E+01
   6.5715E+00  -3.1332E+01  -2.4245E+01
   6.9715E+00  -3.3458E+01  -2.4245E+01
   7.3715E+00  -3.3841E+01  -2.4245E+01
   7.7715E+00  -3.4172E+01  -2.4245E+01
   8.1715E+00  -3.4598E+01  -2.4245E+01
   8.5715E+00  -3.5088E+01  -2.4245E+01
   8.9715E+00  -4.9418E+01  -2.4245E+01
  -1.5828E+01  -1.9389E+01  -3.6995E+01
  -1.5428E+01  -1.8858E+01  -3.5795E+01
  -1.5028E+01  -1.8324E+01  -3.4595E+01
  -1.4628E+01  -1.7793E+01  -3.3395E+01
  -1.4228E+01  -1.7259E+01  -3.2195E+01
  -1.3828E+01  -1.6735E+01  -3.0995E+01
  -1.3428E+01  -1.6213E+01  -2.9795E+01
  -1.3028E+01  -1.5700E+01  -2.8595E+01
  -1.2628E+01  -1.5207E+01  -2.7395E+01
  -1.2228E+01  -1.4754E+01  -2.6195E+01
  -1.1828E+01  -1.4386E+01  -2.4995E+01
  -1.1428E+01  -1.2879E+01  -2.3795E+01
  -1.1028E+01  -1.1482E+01  -2.2595E+01
  -1.0628E+01  -1.0091E+01  -2.1395E+01
  -1.0228E+01  -8.6936E+00  -2.0195E+01
  -9.8285E+00  -7.2936E+00  -1.8995E+01
  -9.4285E+00  -5.8930E+00  -1.7795E+01
  -9.0285E+00  -4.5025E+00  -1.6595E+01
  -8.6285E+00  -3.3106E+00  -1.5395E+01
  -8.2285E+00  -2.9253E+00  -1.4195E+01
  -7.8285E+00  -2.9216E+00  -1.2995E+01
  -7.4285E+00  -2.9479E+00  -1.1795E+01
  -7.0285E+00  -2.9800E+00  -1.0595E+01
  -6.6285E+00  -3.0205E+00  -9.3960E+00
  -6.2285E+00  -3.0781E+00  -8.1974E+00
  -5.8285E+00  -3.1699E+00  -7.0011E+00
  -5.4285E+00  -3.3265E+00  -5.8103E+00
  -5.0285E+00  -3.5836E+00  -4.6338E+00
  -4.6285E+00  -3.8392E+00  -3.4946E+00
  -4.2285E+00  -3.8520E+00  -2.4585E+00
  -3.8285E+00  -3.8107E+00  -1.7341E+00
  -3.4285E+00  -3.6564E+00  -1.9942E+00
  -3.0285E+00  -3.4288E+00  -4.9990E+00
  -2.6285E+00  -3.3075E+00  -2.4239E+01
  -2.2285E+00  -3.2421E+00  -2.4239E+01
  -1.8285E+00  -3.1903E+00  -2.4239E+01
  -1.4285E+00  -3.1563E+00  -2.4239E+01
  -1.0285E+00  -3.1405E+00  -2.4239E+01
  -6.2848E-01  -3.1401E+00  -2.4239E+01
  -2.2848E-01  -3.1535E+00  -2.4239E+01
   1.7152E-01  -3.1800E+00  -2.4239E+01
   5.7152E-01  -3.2186E+00  -2.4239E+01
   9.7152E-01  -3.2689E+00  -2.4239E+01
   1.3715E+00  -3.3341E+00  -2.4239E+01
   1.7715E+00  -3.4301E+00  -2.4239E+01
   2.1715E+00  -3.6538E+00  -2.4239E+01
   2.5715E+00  -4.0904E+00  -2.4239E+01
   2.9715E+00  -4.4212E+00  -2.4239E+01
   3.3715E+00  -6.9425E+00  -2.4239E+01
   3.7715E+00  -2.8883E+01  -2.4239E+01
   4.1715E+00  -2.9408E+01  -2.4239E+01
   4.5715E+00  -2.9376E+01  -2.4239E+01
   4.9715E+00  -2.9148E+01  -2.4239E+01
   5.3715E+00  -2.8937E+01  -2.4239E+01
   5.7715E+00  -2.9098E+01  -2.4239E+01
   6.1715E+00  -2.9774E+01  -2.4239E+01
   6.5715E+00  -3.1180E+01  -2.4239E+01
   6.9715E+00  -3.3469E+01  -2.4239E+01
   7.3715E+00  -3.3873E+01  -2.4239E+01
   7.7715E+00  -3.4203E+01  -2.4239E+01
   8.1715E+00  -3.4621E+01  -2.4239E+01
   8.5715E+00  -3.5118E+01  -2.4239E+01
   8.9715E+00  -4.9412E+01  -2.4239E+01
  -1.5828E+01  -1.9383E+01  -3.6992E+01
  -1.5428E+01  -1.8851E+01  -3.5792E+01
  -1.5028E+01  -1.8318E+01  -3.4592E+01
  -1.4628E+01  -1.7786E+01  -3.3392E+01
  -1.4228E+01  -1.7252E+01  -3.2192E+01
  -1.3828E+01  -1.6728E+01  -3.0992E+01
  -1.3428E+01  -1.6206E+01  -2.9792E+01
  -1.3028E+01  -1.5693E+01  -2.8592E+01
  -1.2628E+01  -1.5199E+01  -2.7392E+01
  -1.2228E+01  -1.4745E+01  -2.6192E+01
  -1.1828E+01  -1.4374E+01  -2.4992E+01
  -1.1428E+01  -1.2862E+01  -2.3792E+01
  -1.1028E+01  -1.1461E+01  -2.2592E+01
  -1.0628E+01  -1.0068E+01  -2.1392E+01
  -1.0228E+01  -8.6699E+00  -2.0192E+01
  -9.8285E+00  -7.2699E+00  -1.8992E+01
  -9.4285E+00  -5.8693E+00  -1.7792E+01
  -9.0285E+00  -4.4780E+00  -1.6592E+01
  -8.6285E+00  -3.2829E+00  -1.5392E+01
  -8.2285E+00  -2.9151E+00  -1.4192E+01
  -7.8285E+00  -2.9140E+00  -1.2992E+01
  -7.4285E+00  -2.9406E+00  -1.1793E+01
  -7.0285E+00  -2.9728E+00  -1.0593E+01
  -6.6285E+00  -3.0134E+00  -9.3934E+00
  -6.2285E+00  -3.0707E+00  -8.1948E+00
  -5.8285E+00  -3.1616E+00  -6.9985E+00
  -5.4285E+00  -3.3158E+00  -5.8077E+00
  -5.0285E+00  -3.5712E+00  -4.6312E+00
  -4.6285E+00  -3.8413E+00  -3.4920E+00
  -4.2285E+00  -3.8662E+00  -2.4559E+00
  -3.8285E+00  -3.8258E+00  -1.7315E+00
  -3.4285E+00  -3.6677E+00  -1.9916E+00
  -3.0285E+00  -3.4360E+00  -4.9964E+00
  -2.6285E+00  -3.3156E+00  -2.4236E+01
  -2.2285E+00  -3.2536E+00  -2.4236E+01
  -1.8285E+00  -3.2058E+00  -2.4236E+01
  -1.4285E+00  -3.1755E+00  -2.4236E+01
  -1.0285E+00  -3.1625E+00  -2.4236E+01
  -6.2848E-01  -3.1642E+00  -2.4236E+01
  -2.2848E-01  -3.1790E+00  -2.4236E+01
   1.7152E-01  -3.2066E+00  -2.4236E+01
   5.7152E-01  -3.2460E+00  -2.4236E+01
   9.7152E-01  -3.2968E+00  -2.4236E+01
   1.3715E+00  -3.3625E+00  -2.4236E+01
   1.7715E+00  -3.4590E+00  -2.4236E+01
   2.1715E+00  -3.6837E+00  -2.4236E+01
   2.5715E+00  -4.1217E+00  -2.4236E+01
   2.9715E+00  -4.4533E+00  -2.4236E+01
   3.3715E+00  -6.9828E+00  -2.4236E+01
   3.7715E+00  -2.8912E+01  -2.4236E+01
   4.1715E+00  -2.9439E+01  -2.4236E+01
   4.5715E+00  -2.9407E+01  -2.4236E+01
   4.9715E+00  -2.9179E+01  -2.4236E+01
   5.3715E+00  -2.8968E+01  -2.4236E+01
   5.7715E+00  -2.9130E+01  -2.4236E+01
   6.1715E+00  -2.9800E+01  -2.4236E+01
   6.5715E+00  -3.1173E+01  -2.4236E+01
   6.9715E+00  -3.3496E+01  -2.4236E+01
   7.3715E+00  -3.3910E+01  -2.4236E+01
   7.7715E+00  -3.4238E+01  -2.4236E+01
   8.1715E+00  -3.4654E+01  -2.4236E+01
   8.5715E+00  -3.5155E+01  -2.4236E+01
   8.9715E+00  -4.9409E+01  -2.4236E+01
  -1.5828E+01  -1.9404E+01  -3.7000E+01
  -1.5428E+01  -1.8872E+01  -3.5800E+01
  -1.5028E+01  -1.8339E+01  -3.4600E+01
  -1.4628E+01  -1.7807E+01  -3.3400E+01
  -1.4228E+01  -1.7273E+01  -3.2200E+01
  -1.3828E+01  -1.6749E+01  -3.1000E+01
  -1.3428E+01  -1.6228E+01  -2.9800E+01
  -1.3028E+01  -1.5715E+01  -2.8600E+01
  -1.2628E+01  -1.5223E+01  -2.7400E+01
  -1.2228E+01  -1.4771E+01  -2.6200E+01
  -1.1828E+01  -1.4405E+01  -2.5000E+01
  -1.1428E+01  -1.2897E+01  -2.3800E+01
  -1.1028E+01  -1.1498E+01  -2.2600E+01
  -1.0628E+01  -1.0106E+01  -2.1400E+01
  -1.0228E+01  -8.7103E+00  -2.0200E+01
  -9.8285E+00  -7.3117E+00  -1.9000E+01
  -9.4285E+00  -5.9119E+00  -1.7800E+01
  -9.0285E+00  -4.5194E+00  -1.6600E+01
  -8.6285E+00  -3.3017E+00  -1.5400E+01
  -8.2285E+00  -2.9229E+00  -1.4200E+01
  -7.8285E+00  -2.9216E+00  -1.3000E+01
  -7.4285E+00  -2.9480E+00  -1.1800E+01
  -7.0285E+00  -2.9801E+00  -1.0600E+01
  -6.6285E+00  -3.0206E+00  -9.4010E+00
  -6.2285E+00  -3.0779E+00  -8.2024E+00
  -5.8285E+00  -3.1687E+00  -7.0061E+00
  -5.4285E+00  -3.3226E+00  -5.8153E+00
  -5.0285E+00  -3.5780E+00  -4.6388E+00
  -4.6285E+00  -3.8510E+00  -3.4996E+00
  -4.2285E+00  -3.8772E+00  -2.4635E+00
  -3.8285E+00  -3.8363E+00  -1.7391E+00
  -3.4285E+00  -3.6779E+00  -1.9992E+00
  -3.0285E+00  -3.4462E+00  -5.0041E+00
  -2.6285E+00  -3.3271E+00  -2.4244E+01
  -2.2285E+00  -3.2671E+00  -2.4244E+01
  -1.8285E+00  -3.2206E+00  -2.4244E+01
  -1.4285E+00  -3.1910E+00  -2.4244E+01
  -1.0285E+00  -3.1781E+00  -2.4244E+01
  -6.2848E-01  -3.1795E+00  -2.4244E+01
  -2.2848E-01  -3.1941E+00  -2.4244E+01
   1.7152E-01  -3.2213E+00  -2.4244E+01
   5.7152E-01  -3.2603E+00  -2.4244E+01
   9.7152E-01  -3.3108E+00  -2.4244E+01
   1.3715E+00  -3.3762E+00  -2.4244E+01
   1.7715E+00  -3.4725E+00  -2.4244E+01
   2.1715E+00  -3.6971E+00  -2.4244E+01
   2.5715E+00  -4.1351E+00  -2.4244E+01
   2.9715E+00  -4.4661E+00  -2.4244E+01
   3.3715E+00  -7.0019E+00  -2.4244E+01
   3.7715E+00  -2.8972E+01  -2.4244E+01
   4.1715E+00  -2.9503E+01  -2.4244E+01
   4.5715E+00  -2.9472E+01  -2.4244E+01
   4.9715E+00  -2.9244E+01  -2.4244E+01
   5.3715E+00  -2.9036E+01  -2.4244E+01
   5.7715E+00  -2.9205E+01  -2.4244E+01
   6.1715E+00  -2.9888E+01  -2.4244E+01
   6.5715E+00  -3.1313E+01  -2.4244E+01
   6.9715E+00  -3.3561E+01  -2.4244E+01
   7.3715E+00  -3.3961E+01  -2.4244E+01
   7.7715E+00  -3.4289E+01  -2.4244E+01
   8.1715E+00  -3.4707E+01  -2.4244E+01
   8.5715E+00  -3.5207E+01  -2.4244E+01
   8.9715E+00  -4.9417E+01  -2.4244E+01
  -1.5828E+01  -1.9445E+01  -3.7012E+01
  -1.5428E+01  -1.8914E+01  -3.5812E+01
  -1.5028E+01  -1.8380E+01  -3.4612E+01
  -1.4628E+01  -1.7848E+01  -3.3412E+01
  -1.4228E+01  -1.7316E+01  -3.2212E+01
  -1.3828E+01  -1.6791E+01  -3.1012E+01
  -1.3428E+01  -1.6271E+01  -2.9812E+01
  -1.3028E+01  -1.5760E+01  -2.8612E+01
  -1.2628E+01  -1.5270E+01  -2.7412E+01
  -1.2228E+01  -1.4825E+01  -2.6212E+01
  -1.1828E+01  -1.4469E+01  -2.5012E+01
  -1.1428E+01  -1.2977E+01  -2.3812E+01
  -1.1028E+01  -1.1584E+01  -2.2612E+01
  -1.0628E+01  -1.0195E+01  -2.1412E+01
  -1.0228E+01  -8.8024E+00  -2.0212E+01
  -9.8285E+00  -7.4067E+00  -1.9012E+01
  -9.4285E+00  -6.0089E+00  -1.7812E+01
  -9.0285E+00  -4.6157E+00  -1.6612E+01
  -8.6285E+00  -3.3625E+00  -1.5412E+01
  -8.2285E+00  -2.9440E+00  -1.4212E+01
  -7.8285E+00  -2.9395E+00  -1.3012E+01
  -7.4285E+00  -2.9651E+00  -1.1812E+01
  -7.0285E+00  -2.9968E+00  -1.0612E+01
  -6.6285E+00  -3.0371E+00  -9.4126E+00
  -6.2285E+00  -3.0946E+00  -8.2141E+00
  -5.8285E+00  -3.1863E+00  -7.0177E+00
  -5.4285E+00  -3.3424E+00  -5.8270E+00
  -5.0285E+00  -3.5998E+00  -4.6505E+00
  -4.6285E+00  -3.8612E+00  -3.5113E+00
  -4.2285E+00  -3.8765E+00  -2.4751E+00
  -3.8285E+00  -3.8340E+00  -1.7507E+00
  -3.4285E+00  -3.6788E+00  -2.0109E+00
  -3.0285E+00  -3.4510E+00  -5.0157E+00
  -2.6285E+00  -3.3328E+00  -2.4255E+01
  -2.2285E+00  -3.2719E+00  -2.4255E+01
  -1.8285E+00  -3.2235E+00  -2.4255E+01
  -1.4285E+00  -3.1912E+00  -2.4255E+01
  -1.0285E+00  -3.1754E+00  -2.4255E+01
  -6.2848E-01  -3.1743E+00  -2.4255E+01
  -2.2848E-01  -3.1865E+00  -2.4255E+01
   1.7152E-01  -3.2118E+00  -2.4255E+01
   5.7152E-01  -3.2492E+00  -2.4255E+01
   9.7152E-01  -3.2983E+00  -2.4255E+01
   1.3715E+00  -3.3627E+00  -2.4255E+01
   1.7715E+00  -3.4581E+00  -2.4255E+01
   2.1715E+00  -3.6814E+00  -2.4255E+01
   2.5715E+00  -4.1177E+00  -2.4255E+01
   2.9715E+00  -4.4470E+00  -2.4255E+01
   3.3715E+00  -6.9817E+00  -2.4255E+01
   3.7715E+00  -2.9054E+01  -2.4255E+01
   4.1715E+00  -2.9590E+01  -2.4255E+01
   4.5715E+00  -2.9561E+01  -2.4255E+01
   4.9715E+00  -2.9337E+01  -2.4255E+01
   5.3715E+00  -2.9133E+01  -2.4255E+01
   5.7715E+00  -2.9311E+01  -2.4255E+01
   6.1715E+00  -3.0033E+01  -2.4255E+01
   6.5715E+00  -3.1593E+01  -2.4255E+01
   6.9715E+00  -3.3639E+01  -2.4255E+01
   7.3715E+00  -3.4020E+01  -2.4255E+01
   7.7715E+00  -3.4349E+01  -2.4255E+01
   8.1715E+00  -3.4774E+01  -2.4255E+01
   8.5715E+00  -3.5269E+01  -2.4255E+01
   8.9715E+00  -4.9428E+01  -2.4255E+01
  -1.5828E+01  -1.9495E+01  -3.7028E+01
  -1.5428E+01  -1.8964E+01  -3.5828E+01
  -1.5028E+01  -1.8430E+01  -3.4628E+01
  -1.4628E+01  -1.7898E+01  -3.3428E+01
  -1.4228E+01  -1.7367E+01  -3.2228E+01
  -1.3828E+01  -1.6841E+01  -3.1028E+01
  -1.3428E+01  -1.6322E+01  -2.9828E+01
  -1.3028E+01  -1.5812E+01  -2.8628E+01
  -1.2628E+01  -1.5326E+01  -2.7428E+01
  -1.2228E+01  -1.4887E+01  -2.6228E+01
  -1.1828E+01  -1.4544E+01  -2.5028E+01
  -1.1428E+01  -1.3074E+01  -2.3828E+01
  -1.1028E+01  -1.1686E+01  -2.2628E+01
  -1.0628E+01  -1.0301E+01  -2.1428E+01
  -1.0228E+01  -8.9119E+00  -2.0228E+01
  -9.8285E+00  -7.5191E+00  -1.9028E+01
  -9.4285E+00  -6.1235E+00  -1.7828E+01
  -9.0285E+00  -4.7316E+00  -1.6628E+01
  -8.6285E+00  -3.4558E+00  -1.5428E+01
  -8.2285E+00  -2.9787E+00  -1.4228E+01
  -7.8285E+00  -2.9679E+00  -1.3028E+01
  -7.4285E+00  -2.9925E+00  -1.1828E+01
  -7.0285E+00  -3.0236E+00  -1.0629E+01
  -6.6285E+00  -3.0636E+00  -9.4292E+00
  -6.2285E+00  -3.1216E+00  -8.2306E+00
  -5.8285E+00  -3.2155E+00  -7.0343E+00
  -5.4285E+00  -3.3764E+00  -5.8435E+00
  -5.0285E+00  -3.6368E+00  -4.6670E+00
  -4.6285E+00  -3.8707E+00  -3.5278E+00
  -4.2285E+00  -3.8681E+00  -2.4917E+00
  -3.8285E+00  -3.8231E+00  -1.7673E+00
  -3.4285E+00  -3.6733E+00  -2.0274E+00
  -3.0285E+00  -3.4523E+00  -5.0323E+00
  -2.6285E+00  -3.3340E+00  -2.4272E+01
  -2.2285E+00  -3.2695E+00  -2.4272E+01
  -1.8285E+00  -3.2163E+00  -2.4272E+01
  -1.4285E+00  -3.1784E+00  -2.4272E+01
  -1.0285E+00  -3.1573E+00  -2.4272E+01
  -6.2848E-01  -3.1515E+00  -2.4272E+01
  -2.2848E-01  -3.1599E+00  -2.4272E+01
   1.7152E-01  -3.1819E+00  -2.4272E+01
   5.7152E-01  -3.2167E+00  -2.4272E+01
   9.7152E-01  -3.2639E+00  -2.4272E+01
   1.3715E+00  -3.3267E+00  -2.4272E+01
   1.7715E+00  -3.4206E+00  -2.4272E+01
   2.1715E+00  -3.6416E+00  -2.4272E+01
   2.5715E+00  -4.0747E+00  -2.4272E+01
   2.9715E+00  -4.4018E+00  -2.4272E+01
   3.3715E+00  -6.9250E+00  -2.4272E+01
   3.7715E+00  -2.9152E+01  -2.4272E+01
   4.1715E+00  -2.9690E+01  -2.4272E+01
   4.5715E+00  -2.9664E+01  -2.4272E+01
   4.9715E+00  -2.9445E+01  -2.4272E+01
   5.3715E+00  -2.9246E+01  -2.4272E+01
   5.7715E+00  -2.9436E+01  -2.4272E+01
   6.1715E+00  -3.0211E+01  -2.4272E+01
   6.5715E+00  -3.1939E+01  -2.4272E+01
   6.9715E+00  -3.3716E+01  -2.4272E+01
   7.3715E+00  -3.4086E+01  -2.4272E+01
   7.7715E+00  -3.4418E+01  -2.4272E+01
   8.1715E+00  -3.4853E+01  -2.4272E+01
   8.5715E+00  -3.5338E+01  -2.4272E+01
   8.9715E+00  -4.9445E+01  -2.4272E+01
  -1.5828E+01  -1.9533E+01  -3.7042E+01
  -1.5428E+01  -1.9002E+01  -3.5842E+01
  -1.5028E+01  -1.8469E+01  -3.4642E+01
  -1.4628E+01  -1.7935E+01  -3.3442E+01
  -1.4228E+01  -1.7407E+01  -3.2242E+01
  -1.3828E+01  -1.6880E+01  -3.1042E+01
  -1.3428E+01  -1.6361E+01  -2.9842E+01
  -1.3028E+01  -1.5853E+01  -2.8642E+01
  -1.2628E+01  -1.5369E+01  -2.7442E+01
  -1.2228E+01  -1.4936E+01  -2.6242E+01
  -1.1828E+01  -1.4603E+01  -2.5042E+01
  -1.1428E+01  -1.3148E+01  -2.3842E+01
  -1.1028E+01  -1.1764E+01  -2.2642E+01
  -1.0628E+01  -1.0382E+01  -2.1442E+01
  -1.0228E+01  -8.9962E+00  -2.0242E+01
  -9.8285E+00  -7.6066E+00  -1.9042E+01
  -9.4285E+00  -6.2136E+00  -1.7842E+01
  -9.0285E+00  -4.8224E+00  -1.6642E+01
  -8.6285E+00  -3.5358E+00  -1.5442E+01
  -8.2285E+00  -3.0133E+00  -1.4242E+01
  -7.8285E+00  -2.9960E+00  -1.3042E+01
  -7.4285E+00  -3.0197E+00  -1.1842E+01
  -7.0285E+00  -3.0502E+00  -1.0642E+01
  -6.6285E+00  -3.0900E+00  -9.4430E+00
  -6.2285E+00  -3.1487E+00  -8.2445E+00
  -5.8285E+00  -3.2450E+00  -7.0481E+00
  -5.4285E+00  -3.4114E+00  -5.8574E+00
  -5.0285E+00  -3.6736E+00  -4.6809E+00
  -4.6285E+00  -3.8764E+00  -3.5417E+00
  -4.2285E+00  -3.8596E+00  -2.5055E+00
  -3.8285E+00  -3.8122E+00  -1.7811E+00
  -3.4285E+00  -3.6665E+00  -2.0413E+00
  -3.0285E+00  -3.4510E+00  -5.0461E+00
  -2.6285E+00  -3.3315E+00  -2.4286E+01
  -2.2285E+00  -3.2626E+00  -2.4286E+01
  -1.8285E+00  -3.2040E+00  -2.4286E+01
  -1.4285E+00  -3.1604E+00  -2.4286E+01
  -1.0285E+00  -3.1341E+00  -2.4286E+01
  -6.2848E-01  -3.1240E+00  -2.4286E+01
  -2.2848E-01  -3.1290E+00  -2.4286E+01
   1.7152E-01  -3.1482E+00  -2.4286E+01
   5.7152E-01  -3.1809E+00  -2.4286E+01
   9.7152E-01  -3.2265E+00  -2.4286E+01
   1.3715E+00  -3.2881E+00  -2.4286E+01
   1.7715E+00  -3.3807E+00  -2.4286E+01
   2.1715E+00  -3.5996E+00  -2.4286E+01
   2.5715E+00  -4.0296E+00  -2.4286E+01
   2.9715E+00  -4.3553E+00  -2.4286E+01
   3.3715E+00  -6.8625E+00  -2.4286E+01
   3.7715E+00  -2.9240E+01  -2.4286E+01
   4.1715E+00  -2.9778E+01  -2.4286E+01
   4.5715E+00  -2.9754E+01  -2.4286E+01
   4.9715E+00  -2.9539E+01  -2.4286E+01
   5.3715E+00  -2.9342E+01  -2.4286E+01
   5.7715E+00  -2.9537E+01  -2.4286E+01
   6.1715E+00  -3.0353E+01  -2.4286E+01
   6.5715E+00  -3.2217E+01  -2.4286E+01
   6.9715E+00  -3.3784E+01  -2.4286E+01
   7.3715E+00  -3.4149E+01  -2.4286E+01
   7.7715E+00  -3.4483E+01  -2.4286E+01
   8.1715E+00  -3.4925E+01  -2.4286E+01
   8.5715E+00  -3.5400E+01  -2.4286E+01
   8.9715E+00  -4.9459E+01  -2.4286E+01
  -1.5828E+01  -1.9555E+01  -3.7048E+01
  -1.5428E+01  -1.9024E+01  -3.5848E+01
  -1.5028E+01  -1.8490E+01  -3.4648E+01
  -1.4628E+01  -1.7956E+01  -3.3448E+01
  -1.4228E+01  -1.7429E+01  -3.2248E+01
  -1.3828E+01  -1.6902E+01  -3.1048E+01
  -1.3428E+01  -1.6383E+01  -2.9848E+01
  -1.3028E+01  -1.5876E+01  -2.8648E+01
  -1.2628E+01  -1.5394E+01  -2.7448E+01
  -1.2228E+01  -1.4964E+01  -2.6248E+01
  -1.1828E+01  -1.4638E+01  -2.5048E+01
  -1.1428E+01  -1.3192E+01  -2.3848E+01
  -1.1028E+01  -1.1811E+01  -2.2648E+01
  -1.0628E+01  -1.0431E+01  -2.1448E+01
  -1.0228E+01  -9.0478E+00  -2.0248E+01
  -9.8285E+00  -7.6600E+00  -1.9048E+01
  -9.4285E+00  -6.2682E+00  -1.7848E+01
  -9.0285E+00  -4.8780E+00  -1.6648E+01
  -8.6285E+00  -3.5883E+00  -1.5448E+01
  -8.2285E+00  -3.0370E+00  -1.4248E+01
  -7.8285E+00  -3.0143E+00  -1.3048E+01
  -7.4285E+00  -3.0373E+00  -1.1848E+01
  -7.0285E+00  -3.0674E+00  -1.0648E+01
  -6.6285E+00  -3.1071E+00  -9.4489E+00
  -6.2285E+00  -3.1665E+00  -8.2503E+00
  -5.8285E+00  -3.2650E+00  -7.0540E+00
  -5.4285E+00  -3.4362E+00  -5.8632E+00
  -5.0285E+00  -3.6996E+00  -4.6867E+00
  -4.6285E+00  -3.8763E+00  -3.5475E+00
  -4.2285E+00  -3.8502E+00  -2.5114E+00
  -3.8285E+00  -3.8012E+00  -1.7870E+00
  -3.4285E+00  -3.6576E+00  -2.0471E+00
  -3.0285E+00  -3.4452E+00  -5.0519E+00
  -2.6285E+00  -3.3243E+00  -2.4291E+01
  -2.2285E+00  -3.2513E+00  -2.4291E+01
  -1.8285E+00  -3.1880E+00  -2.4291E+01
  -1.4285E+00  -3.1399E+00  -2.4291E+01
  -1.0285E+00  -3.1095E+00  -2.4291E+01
  -6.2848E-01  -3.0962E+00  -2.4291E+01
  -2.2848E-01  -3.0985E+00  -2.4291E+01
   1.7152E-01  -3.1157E+00  -2.4291E+01
   5.7152E-01  -3.1468E+00  -2.4291E+01
   9.7152E-01  -3.1913E+00  -2.4291E+01
   1.3715E+00  -3.2520E+00  -2.4291E+01
   1.7715E+00  -3.3436E+00  -2.4291E+01
   2.1715E+00  -3.5609E+00  -2.4291E+01
   2.5715E+00  -3.9886E+00  -2.4291E+01
   2.9715E+00  -4.3134E+00  -2.4291E+01
   3.3715E+00  -6.8054E+00  -2.4291E+01
   3.7715E+00  -2.9311E+01  -2.4291E+01
   4.1715E+00  -2.9848E+01  -2.4291E+01
   4.5715E+00  -2.9825E+01  -2.4291E+01
   4.9715E+00  -2.9612E+01  -2.4291E+01
   5.3715E+00  -2.9417E+01  -2.4291E+01
   5.7715E+00  -2.9615E+01  -2.4291E+01
   6.1715E+00  -3.0461E+01  -2.4291E+01
   6.5715E+00  -3.2419E+01  -2.4291E+01
   6.9715E+00  -3.3839E+01  -2.4291E+01
   7.3715E+00  -3.4202E+01  -2.4291E+01
   7.7715E+00  -3.4538E+01  -2.4291E+01
   8.1715E+00  -3.4984E+01  -2.4291E+01
   8.5715E+00  -3.5451E+01  -2.4291E+01
   8.9715E+00  -4.9464E+01  -2.4291E+01
  -1.5828E+01  -1.9565E+01  -3.7051E+01
  -1.5428E+01  -1.9034E+01  -3.5851E+01
  -1.5028E+01  -1.8500E+01  -3.4651E+01
  -1.4628E+01  -1.7966E+01  -3.3451E+01
  -1.4228E+01  -1.7439E+01  -3.2251E+01
  -1.3828E+01  -1.6912E+01  -3.1051E+01
  -1.3428E+01  -1.6393E+01  -2.9851E+01
  -1.3028E+01  -1.5887E+01  -2.8651E+01
  -1.2628E+01  -1.5406E+01  -2.7451E+01
  -1.2228E+01  -1.4978E+01  -2.6251E+01
  -1.1828E+01  -1.4655E+01  -2.5051E+01
  -1.1428E+01  -1.3215E+01  -2.3851E+01
  -1.1028E+01  -1.1835E+01  -2.2651E+01
  -1.0628E+01  -1.0456E+01  -2.1451E+01
  -1.0228E+01  -9.0744E+00  -2.0251E+01
  -9.8285E+00  -7.6876E+00  -1.9051E+01
  -9.4285E+00  -6.2966E+00  -1.7851E+01
  -9.0285E+00  -4.9069E+00  -1.6651E+01
  -8.6285E+00  -3.6179E+00  -1.5451E+01
  -8.2285E+00  -3.0529E+00  -1.4251E+01
  -7.8285E+00  -3.0265E+00  -1.3051E+01
  -7.4285E+00  -3.0491E+00  -1.1851E+01
  -7.0285E+00  -3.0790E+00  -1.0651E+01
  -6.6285E+00  -3.1186E+00  -9.4516E+00
  -6.2285E+00  -3.1786E+00  -8.2531E+00
  -5.8285E+00  -3.2789E+00  -7.0567E+00
  -5.4285E+00  -3.4538E+00  -5.8660E+00
  -5.0285E+00  -3.7180E+00  -4.6895E+00
  -4.6285E+00  -3.8759E+00  -3.5503E+00
  -4.2285E+00  -3.8442E+00  -2.5141E+00
  -3.8285E+00  -3.7943E+00  -1.7897E+00
  -3.4285E+00  -3.6515E+00  -2.0499E+00
  -3.0285E+00  -3.4405E+00  -5.0547E+00
  -2.6285E+00  -3.3180E+00  -2.4294E+01
  -2.2285E+00  -3.2419E+00  -2.4294E+01
  -1.8285E+00  -3.1751E+00  -2.4294E+01
  -1.4285E+00  -3.1237E+00  -2.4294E+01
  -1.0285E+00  -3.0906E+00  -2.4294E+01
  -6.2848E-01  -3.0751E+00  -2.4294E+01
  -2.2848E-01  -3.0757E+00  -2.4294E+01
   1.7152E-01  -3.0916E+00  -2.4294E+01
   5.7152E-01  -3.1217E+00  -2.4294E+01
   9.7152E-01  -3.1656E+00  -2.4294E+01
   1.3715E+00  -3.2257E+00  -2.4294E+01
   1.7715E+00  -3.3167E+00  -2.4294E+01
   2.1715E+00  -3.5330E+00  -2.4294E+01
   2.5715E+00  -3.9591E+00  -2.4294E+01
   2.9715E+00  -4.2837E+00  -2.4294E+01
   3.3715E+00  -6.7635E+00  -2.4294E+01
   3.7715E+00  -2.9371E+01  -2.4294E+01
   4.1715E+00  -2.9907E+01  -2.4294E+01
   4.5715E+00  -2.9884E+01  -2.4294E+01
   4.9715E+00  -2.9672E+01  -2.4294E+01
   5.3715E+00  -2.9478E+01  -2.4294E+01
   5.7715E+00  -2.9674E+01  -2.4294E+01
   6.1715E+00  -3.0537E+01  -2.4294E+01
   6.5715E+00  -3.2535E+01  -2.4294E+01
   6.9715E+00  -3.3888E+01  -2.4294E+01
   7.3715E+00  -3.4250E+01  -2.4294E+01
   7.7715E+00  -3.4587E+01  -2.4294E+01
   8.1715E+00  -3.5035E+01  -2.4294E+01
   8.5715E+00  -3.5497E+01  -2.4294E+01
   8.9715E+00  -4.9467E+01  -2.4294E+01
  -1.5828E+01  -1.9563E+01  -3.7050E+01
  -1.5428E+01  -1.9032E+01  -3.5850E+01
  -1.5028E+01  -1.8498E+01  -3.4650E+01
  -1.4628E+01  -1.7964E+01  -3.3450E+01
  -1.4228E+01  -1.7437E+01  -3.2250E+01
  -1.3828E+01  -1.6910E+01  -3.1050E+01
  -1.3428E+01  -1.6391E+01  -2.9850E+01
  -1.3028E+01  -1.5885E+01  -2.8650E+01
  -1.2628E+01  -1.5404E+01  -2.7450E+01
  -1.2228E+01  -1.4975E+01  -2.6250E+01
  -1.1828E+01  -1.4652E+01  -2.5050E+01
  -1.1428E+01  -1.3213E+01  -2.3850E+01
  -1.1028E+01  -1.1833E+01  -2.2650E+01
  -1.0628E+01  -1.0455E+01  -2.1450E+01
  -1.0228E+01  -9.0739E+00  -2.0250E+01
  -9.8285E+00  -7.6871E+00  -1.9050E+01
  -9.4285E+00  -6.2959E+00  -1.7850E+01
  -9.0285E+00  -4.9064E+00  -1.6650E+01
  -8.6285E+00  -3.6224E+00  -1.5450E+01
  -8.2285E+00  -3.0585E+00  -1.4250E+01
  -7.8285E+00  -3.0307E+00  -1.3050E+01
  -7.4285E+00  -3.0534E+00  -1.1850E+01
  -7.0285E+00  -3.0832E+00  -1.0651E+01
  -6.6285E+00  -3.1229E+00  -9.4512E+00
  -6.2285E+00  -3.1832E+00  -8.2527E+00
  -5.8285E+00  -3.2846E+00  -7.0563E+00
  -5.4285E+00  -3.4616E+00  -5.8656E+00
  -5.0285E+00  -3.7264E+00  -4.6891E+00
  -4.6285E+00  -3.8751E+00  -3.5499E+00
  -4.2285E+00  -3.8410E+00  -2.5137E+00
  -3.8285E+00  -3.7907E+00  -1.7893E+00
  -3.4285E+00  -3.6478E+00  -2.0495E+00
  -3.0285E+00  -3.4368E+00  -5.0543E+00
  -2.6285E+00  -3.3129E+00  -2.4294E+01
  -2.2285E+00  -3.2346E+00  -2.4294E+01
  -1.8285E+00  -3.1657E+00  -2.4294E+01
  -1.4285E+00  -3.1125E+00  -2.4294E+01
  -1.0285E+00  -3.0780E+00  -2.4294E+01
  -6.2848E-01  -3.0615E+00  -2.4294E+01
  -2.2848E-01  -3.0614E+00  -2.4294E+01
   1.7152E-01  -3.0769E+00  -2.4294E+01
   5.7152E-01  -3.1068E+00  -2.4294E+01
   9.7152E-01  -3.1505E+00  -2.4294E+01
   1.3715E+00  -3.2106E+00  -2.4294E+01
   1.7715E+00  -3.3014E+00  -2.4294E+01
   2.1715E+00  -3.5174E+00  -2.4294E+01
   2.5715E+00  -3.9429E+00  -2.4294E+01
   2.9715E+00  -4.2676E+00  -2.4294E+01
   3.3715E+00  -6.7395E+00  -2.4294E+01
   3.7715E+00  -2.9417E+01  -2.4294E+01
   4.1715E+00  -2.9950E+01  -2.4294E+01
   4.5715E+00  -2.9927E+01  -2.4294E+01
   4.9715E+00  -2.9715E+01  -2.4294E+01
   5.3715E+00  -2.9519E+01  -2.4294E+01
   5.7715E+00  -2.9711E+01  -2.4294E+01
   6.1715E+00  -3.0572E+01  -2.4294E+01
   6.5715E+00  -3.2568E+01  -2.4294E+01
   6.9715E+00  -3.3932E+01  -2.4294E+01
   7.3715E+00  -3.4293E+01  -2.4294E+01
   7.7715E+00  -3.4631E+01  -2.4294E+01
   8.1715E+00  -3.5079E+01  -2.4294E+01
   8.5715E+00  -3.5540E+01  -2.4294E+01
   8.9715E+00  -4.9467E+01  -2.4294E+01
