   0.0000E+00   1.4150E+00
   0.0000E+00   1.1274E+00
   1.0000E+00   1.1256E+00
   2.0000E+00   1.0885E+00
   3.0000E+00   1.0491E+00
   4.0000E+00   1.0059E+00
   5.0000E+00   9.6527E-01
   6.0000E+00   9.3861E-01
   7.0000E+00   9.2082E-01
   8.0000E+00   9.1591E-01
   9.0000E+00   9.0772E-01
   1.0000E+01   8.8718E-01
   1.1000E+01   8.5428E-01
   1.2000E+01   8.0935E-01
   1.3000E+01   7.8538E-01
   1.4000E+01   8.0210E-01
   1.5000E+01   8.5612E-01
   1.6000E+01   9.4795E-01
   1.7000E+01   1.0378E+00
   1.8000E+01   1.1012E+00
   1.9000E+01   1.1434E+00
   2.0000E+01   1.1641E+00
   2.1000E+01   1.1624E+00
   2.2000E+01   1.1443E+00
   2.3000E+01   1.1092E+00
   2.4000E+01   1.0636E+00
   2.5000E+01   1.0538E+00
   2.6000E+01   1.0894E+00
   2.7000E+01   1.1700E+00
   2.8000E+01   1.2868E+00
   2.9000E+01   1.3543E+00
   3.0000E+01   1.3751E+00
   3.1000E+01   1.3430E+00
   3.2000E+01   1.2769E+00
   3.3000E+01   1.2297E+00
   3.4000E+01   1.2105E+00
   3.5000E+01   1.2166E+00
   3.6000E+01   1.2368E+00
   3.7000E+01   1.2391E+00
   3.8000E+01   1.2207E+00
   3.9000E+01   1.1845E+00
   4.0000E+01   1.1611E+00
   4.1000E+01   1.1958E+00
   4.2000E+01   1.2941E+00
   4.3000E+01   1.4554E+00
   4.4000E+01   1.6273E+00
   4.5000E+01   1.7443E+00
   4.6000E+01   1.7986E+00
   4.7000E+01   1.7941E+00
   4.8000E+01   1.7770E+00
   4.9000E+01   1.7855E+00
   5.0000E+01   1.8214E+00
   5.1000E+01   1.8838E+00
   5.2000E+01   1.9447E+00
   5.3000E+01   1.9851E+00
   5.4000E+01   2.0048E+00
   5.5000E+01   2.0022E+00
   5.6000E+01   1.9430E+00
   5.7000E+01   1.8093E+00
   5.8000E+01   1.5965E+00
   5.9000E+01   1.3214E+00
   6.0000E+01   1.1096E+00
   6.1000E+01   1.0127E+00
   6.1000E+01   1.4150E+00
   6.1000E+01   1.0129E+00
   6.2000E+01   1.0278E+00
   6.3000E+01   1.1426E+00
   6.4000E+01   1.2557E+00
   6.5000E+01   1.3487E+00
   6.6000E+01   1.4016E+00
   6.7000E+01   1.4380E+00
   6.8000E+01   1.4943E+00
   6.9000E+01   1.5446E+00
   7.0000E+01   1.6386E+00
   7.1000E+01   1.7085E+00
   7.2000E+01   1.7179E+00
   7.3000E+01   1.6414E+00
   7.4000E+01   1.5310E+00
   7.5000E+01   1.4070E+00
   7.6000E+01   1.2966E+00
   7.7000E+01   1.2498E+00
   7.8000E+01   1.2652E+00
   7.9000E+01   1.3134E+00
   8.0000E+01   1.3578E+00
   8.1000E+01   1.3941E+00
   8.2000E+01   1.4442E+00
   8.3000E+01   1.4765E+00
   8.4000E+01   1.5156E+00
   8.5000E+01   1.5365E+00
   8.6000E+01   1.5423E+00
   8.7000E+01   1.5352E+00
   8.8000E+01   1.4904E+00
   8.9000E+01   1.4468E+00
   9.0000E+01   1.4166E+00
   9.1000E+01   1.3611E+00
   9.2000E+01   1.3396E+00
   9.3000E+01   1.3619E+00
   9.4000E+01   1.3898E+00
   9.5000E+01   1.4480E+00
   9.6000E+01   1.5257E+00
   9.7000E+01   1.6211E+00
   9.8000E+01   1.7302E+00
   9.9000E+01   1.8078E+00
   1.0000E+02   1.8676E+00
   1.0100E+02   1.8994E+00
   1.0200E+02   1.8992E+00
   1.0300E+02   1.8921E+00
   1.0400E+02   1.8881E+00
   1.0500E+02   1.8726E+00
   1.0600E+02   1.8701E+00
   1.0700E+02   1.8697E+00
   1.0800E+02   1.8787E+00
   1.0900E+02   1.8989E+00
   1.1000E+02   1.9149E+00
   1.1100E+02   1.9014E+00
   1.1200E+02   1.8485E+00
   1.1300E+02   1.7818E+00
   1.1400E+02   1.6594E+00
   1.1500E+02   1.5711E+00
   1.1600E+02   1.4398E+00
   1.1700E+02   1.3627E+00
   1.1800E+02   1.2793E+00
   1.1900E+02   1.2515E+00
   1.2000E+02   1.2735E+00
   1.2100E+02   1.3744E+00
   1.2200E+02   1.4455E+00
   1.2300E+02   1.5082E+00
   1.2400E+02   1.5306E+00
   1.2500E+02   1.5148E+00
   1.2600E+02   1.4842E+00
   1.2700E+02   1.4569E+00
   1.2800E+02   1.4469E+00
   1.2900E+02   1.4433E+00
   1.3000E+02   1.4341E+00
   1.3100E+02   1.4063E+00
   1.3200E+02   1.3531E+00
   1.3300E+02   1.2802E+00
   1.3400E+02   1.2213E+00
   1.3500E+02   1.1937E+00
   1.3600E+02   1.1800E+00
   1.3700E+02   1.1903E+00
   1.3800E+02   1.1871E+00
   1.3900E+02   1.1645E+00
   1.4000E+02   1.1056E+00
   1.4100E+02   1.0410E+00
   1.4200E+02   9.8281E-01
   1.4300E+02   9.2890E-01
   1.4400E+02   8.8154E-01
   1.4500E+02   8.4660E-01
   1.4600E+02   8.3752E-01
   1.4700E+02   8.5505E-01
   1.4800E+02   9.1079E-01
   1.4900E+02   9.6966E-01
   1.5000E+02   1.0209E+00
   1.5100E+02   1.0648E+00
   1.5200E+02   1.0982E+00
   1.5300E+02   1.1192E+00
   1.5400E+02   1.1851E+00
   1.5500E+02   1.3183E+00
   1.5600E+02   1.4727E+00
   1.5700E+02   1.6553E+00
   1.5800E+02   1.7890E+00
   1.5900E+02   1.8285E+00
   1.6000E+02   1.8046E+00
   1.6100E+02   1.7339E+00
   1.6200E+02   1.6865E+00
   1.6300E+02   1.6617E+00
   1.6400E+02   1.6617E+00
   1.6500E+02   1.6625E+00
   1.6600E+02   1.6374E+00
   1.6700E+02   1.5808E+00
   1.6800E+02   1.5028E+00
   1.6900E+02   1.4593E+00
   1.7000E+02   1.4136E+00
   1.7100E+02   1.3832E+00
   1.7200E+02   1.3772E+00
   1.7300E+02   1.3804E+00
   1.7400E+02   1.3819E+00
   1.7500E+02   1.3848E+00
   1.7600E+02   1.3871E+00
   1.7700E+02   1.3969E+00
   1.7800E+02   1.4213E+00
   1.7900E+02   1.4636E+00
   1.8000E+02   1.5132E+00
   1.8100E+02   1.5343E+00
   1.8200E+02   1.5135E+00
   1.8300E+02   1.4710E+00
   1.8400E+02   1.3863E+00
   1.8500E+02   1.3566E+00
   1.8600E+02   1.3974E+00
   1.8700E+02   1.5164E+00
   1.8800E+02   1.6978E+00
   1.8900E+02   1.8329E+00
   1.9000E+02   1.9248E+00
   1.9100E+02   1.9573E+00
   1.9200E+02   1.9425E+00
   1.9300E+02   1.9239E+00
   1.9400E+02   1.9077E+00
   1.9500E+02   1.8877E+00
   1.9600E+02   1.8831E+00
   1.9700E+02   1.8858E+00
   1.9800E+02   1.9079E+00
   1.9900E+02   1.9302E+00
   2.0000E+02   1.9403E+00
   2.0100E+02   1.9542E+00
   2.0200E+02   1.9534E+00
   2.0300E+02   1.9224E+00
   2.0400E+02   1.9100E+00
   2.0500E+02   1.8263E+00
   2.0600E+02   1.7353E+00
   2.0700E+02   1.6121E+00
   2.0800E+02   1.4474E+00
   2.0900E+02   1.3413E+00
   2.1000E+02   1.2266E+00
   2.1100E+02   1.1654E+00
   2.1200E+02   1.1281E+00
   2.1300E+02   1.1681E+00
   2.1400E+02   1.2170E+00
   2.1500E+02   1.3491E+00
   2.1600E+02   1.4630E+00
   2.1700E+02   1.5754E+00
   2.1800E+02   1.6580E+00
   2.1900E+02   1.7239E+00
   2.2000E+02   1.7446E+00
   2.2100E+02   1.7207E+00
   2.2200E+02   1.6614E+00
   2.2300E+02   1.5860E+00
   2.2400E+02   1.5047E+00
   2.2500E+02   1.4540E+00
   2.2600E+02   1.4429E+00
   2.2700E+02   1.4506E+00
   2.2800E+02   1.4536E+00
   2.2900E+02   1.4445E+00
   2.3000E+02   1.4307E+00
   2.3100E+02   1.4086E+00
   2.3200E+02   1.3801E+00
   2.3300E+02   1.3606E+00
   2.3400E+02   1.3270E+00
   2.3500E+02   1.3133E+00
   2.3600E+02   1.3006E+00
   2.3700E+02   1.2861E+00
   2.3800E+02   1.2559E+00
   2.3900E+02   1.2559E+00
   2.4000E+02   1.2270E+00
   2.4100E+02   1.1860E+00
   2.4200E+02   1.1454E+00
   2.4300E+02   1.1025E+00
   2.4400E+02   1.0615E+00
   2.4400E+02   1.4150E+00
   2.4400E+02   1.0671E+00
   2.4400E+02   1.4150E+00
   2.4400E+02   1.4150E+00
   2.4400E+02   1.4150E+00
   2.4400E+02   1.0671E+00
   2.4500E+02   1.0195E+00
   2.4500E+02   1.4150E+00
   2.4500E+02   1.0233E+00
   2.4600E+02   9.8152E-01
   2.4700E+02   9.5967E-01
   2.4800E+02   9.8804E-01
   2.4800E+02   1.4150E+00
   2.4800E+02   9.7730E-01
   2.4900E+02   1.0511E+00
   2.5000E+02   1.1593E+00
   2.5100E+02   1.2743E+00
   2.5200E+02   1.3167E+00
   2.5300E+02   1.2969E+00
   2.5400E+02   1.2232E+00
   2.5500E+02   1.1771E+00
   2.5600E+02   1.1826E+00
   2.5700E+02   1.2569E+00
   2.5800E+02   1.3671E+00
   2.5900E+02   1.4677E+00
   2.6000E+02   1.5063E+00
   2.6100E+02   1.4700E+00
   2.6200E+02   1.4039E+00
   2.6300E+02   1.3482E+00
   2.6400E+02   1.3668E+00
   2.6500E+02   1.4472E+00
   2.6600E+02   1.5966E+00
   2.6700E+02   1.7094E+00
   2.6800E+02   1.7522E+00
   2.6900E+02   1.7303E+00
   2.7000E+02   1.6582E+00
   2.7100E+02   1.6288E+00
   2.7200E+02   1.6499E+00
   2.7300E+02   1.7277E+00
   2.7400E+02   1.8123E+00
   2.7500E+02   1.8534E+00
   2.7600E+02   1.8162E+00
   2.7700E+02   1.7016E+00
   2.7800E+02   1.5258E+00
   2.7900E+02   1.4230E+00
   2.8000E+02   1.3890E+00
   2.8100E+02   1.4204E+00
   2.8200E+02   1.5062E+00
   2.8300E+02   1.5770E+00
   2.8400E+02   1.6135E+00
   2.8500E+02   1.6300E+00
   2.8600E+02   1.6178E+00
   2.8700E+02   1.5822E+00
   2.8800E+02   1.4624E+00
   2.8900E+02   1.4159E+00
   2.9000E+02   1.3214E+00
   2.9100E+02   1.3033E+00
   2.9200E+02   1.3825E+00
   2.9300E+02   1.5015E+00
   2.9400E+02   1.6225E+00
   2.9500E+02   1.6540E+00
   2.9600E+02   1.5848E+00
   2.9700E+02   1.4322E+00
   2.9800E+02   1.3089E+00
   2.9900E+02   1.2856E+00
   3.0000E+02   1.3600E+00
   3.0100E+02   1.5219E+00
   3.0200E+02   1.7105E+00
   3.0300E+02   1.8142E+00
   3.0400E+02   1.8556E+00
   3.0500E+02   1.8369E+00
   3.0600E+02   1.7810E+00
   3.0700E+02   1.6772E+00
   3.0800E+02   1.5236E+00
   3.0900E+02   1.3291E+00
   3.1000E+02   1.1670E+00
   3.1100E+02   1.0647E+00
   3.1200E+02   1.0347E+00
   3.1300E+02   1.0522E+00
   3.1400E+02   1.0736E+00
   3.1500E+02   1.0955E+00
   3.1600E+02   1.1180E+00
   3.1700E+02   1.1372E+00
   3.1800E+02   1.1296E+00
   3.1900E+02   1.0698E+00
   3.1900E+02   1.4150E+00
   3.1900E+02   1.0960E+00
   3.1900E+02   1.4150E+00
   3.1900E+02   1.0960E+00
   3.1900E+02   1.4150E+00
   3.1900E+02   1.4150E+00
   3.1900E+02   1.0960E+00
   3.2000E+02   1.0308E+00
   3.2000E+02   1.4150E+00
   3.2000E+02   1.0345E+00
   3.2100E+02   9.4889E-01
   3.2200E+02   9.0913E-01
   3.2300E+02   9.0037E-01
   3.2400E+02   9.5496E-01
   3.2500E+02   9.7470E-01
   3.2500E+02   1.4150E+00
   3.2500E+02   9.6648E-01
   3.2500E+02   1.4150E+00
   3.2500E+02   1.4150E+00
   3.2500E+02   1.4150E+00
   3.2500E+02   9.6648E-01
   3.2500E+02   1.4150E+00
   3.2500E+02   9.6648E-01
   3.2500E+02   1.4150E+00
   3.2500E+02   9.6648E-01
   3.2600E+02   1.0130E+00
   3.2600E+02   1.4150E+00
   3.2600E+02   1.0130E+00
   3.2700E+02   1.0578E+00
   3.2700E+02   1.4150E+00
   3.2700E+02   1.0578E+00
   3.2800E+02   1.1043E+00
   3.2900E+02   1.1477E+00
   3.3000E+02   1.2361E+00
   3.3100E+02   1.3124E+00
   3.3200E+02   1.3655E+00
   3.3300E+02   1.4419E+00
   3.3400E+02   1.5178E+00
   3.3500E+02   1.5684E+00
   3.3600E+02   1.5931E+00
   3.3700E+02   1.5988E+00
   3.3800E+02   1.5858E+00
   3.3900E+02   1.5277E+00
   3.4000E+02   1.4658E+00
   3.4100E+02   1.4397E+00
   3.4200E+02   1.4686E+00
   3.4300E+02   1.6128E+00
   3.4400E+02   1.7482E+00
   3.4500E+02   1.8471E+00
   3.4600E+02   1.8867E+00
   3.4700E+02   1.8372E+00
   3.4800E+02   1.7340E+00
   3.4900E+02   1.6329E+00
   3.5000E+02   1.5859E+00
   3.5100E+02   1.5806E+00
   3.5200E+02   1.6061E+00
   3.5300E+02   1.5871E+00
   3.5400E+02   1.5170E+00
   3.5500E+02   1.4123E+00
   3.5600E+02   1.2491E+00
   3.5700E+02   1.1243E+00
   3.5800E+02   1.0770E+00
   3.5900E+02   1.1071E+00
   3.6000E+02   1.1604E+00
   3.6100E+02   1.2570E+00
   3.6200E+02   1.3483E+00
   3.6300E+02   1.4174E+00
   3.6400E+02   1.5340E+00
   3.6500E+02   1.6069E+00
   3.6600E+02   1.6541E+00
   3.6700E+02   1.6583E+00
   3.6800E+02   1.6229E+00
   3.6900E+02   1.5614E+00
   3.7000E+02   1.4651E+00
   3.7100E+02   1.3278E+00
   3.7200E+02   1.1991E+00
   3.7300E+02   1.1822E+00
   3.7400E+02   1.2569E+00
   3.7500E+02   1.4229E+00
   3.7600E+02   1.6274E+00
   3.7700E+02   1.7796E+00
   3.7800E+02   1.8626E+00
   3.7900E+02   1.9071E+00
   3.8000E+02   1.9166E+00
   3.8100E+02   1.9161E+00
   3.8200E+02   1.9079E+00
   3.8300E+02   1.8910E+00
   3.8400E+02   1.8443E+00
   3.8500E+02   1.7992E+00
   3.8600E+02   1.7120E+00
   3.8700E+02   1.6044E+00
   3.8800E+02   1.4503E+00
   3.8900E+02   1.3280E+00
   3.9000E+02   1.1527E+00
   3.9100E+02   9.9051E-01
   3.9200E+02   8.6184E-01
   3.9300E+02   8.4406E-01
   3.9400E+02   9.3501E-01
   3.9400E+02   1.4150E+00
   3.9400E+02   8.9110E-01
   3.9500E+02   1.0145E+00
   3.9600E+02   1.1360E+00
   3.9700E+02   1.2103E+00
   3.9800E+02   1.2540E+00
   3.9900E+02   1.2646E+00
   4.0000E+02   1.2708E+00
   4.0100E+02   1.2781E+00
   4.0200E+02   1.2808E+00
   4.0300E+02   1.2840E+00
   4.0400E+02   1.2939E+00
   4.0500E+02   1.3117E+00
   4.0600E+02   1.3565E+00
   4.0700E+02   1.3665E+00
   4.0800E+02   1.3686E+00
   4.0900E+02   1.3315E+00
   4.1000E+02   1.2970E+00
   4.1100E+02   1.2523E+00
   4.1200E+02   1.2305E+00
   4.1300E+02   1.2380E+00
   4.1400E+02   1.2809E+00
   4.1500E+02   1.2991E+00
   4.1600E+02   1.3069E+00
   4.1700E+02   1.2841E+00
   4.1800E+02   1.2492E+00
   4.1900E+02   1.1994E+00
   4.2000E+02   1.1580E+00
   4.2100E+02   1.1404E+00
   4.2200E+02   1.1321E+00
   4.2300E+02   1.1334E+00
