   0.0000E+00   1.4150E+00
   0.0000E+00   1.4150E+00
   1.0000E+00   1.2754E+00
   2.0000E+00   1.1725E+00
   3.0000E+00   1.1078E+00
   4.0000E+00   1.0806E+00
   5.0000E+00   1.0918E+00
   6.0000E+00   1.1417E+00
   7.0000E+00   1.1997E+00
   8.0000E+00   1.2650E+00
   9.0000E+00   1.3307E+00
   1.0000E+01   1.3931E+00
   1.1000E+01   1.4384E+00
   1.2000E+01   1.4542E+00
   1.3000E+01   1.4417E+00
   1.4000E+01   1.4040E+00
   1.5000E+01   1.3808E+00
   1.6000E+01   1.3857E+00
   1.7000E+01   1.4165E+00
   1.8000E+01   1.4723E+00
   1.9000E+01   1.5007E+00
   2.0000E+01   1.4986E+00
   2.1000E+01   1.4656E+00
   2.2000E+01   1.4047E+00
   2.3000E+01   1.3457E+00
   2.4000E+01   1.2916E+00
   2.5000E+01   1.2384E+00
   2.6000E+01   1.1890E+00
   2.7000E+01   1.1422E+00
   2.8000E+01   1.0899E+00
   2.9000E+01   1.0380E+00
   3.0000E+01   9.8795E-01
   3.1000E+01   9.6688E-01
   3.2000E+01   9.7712E-01
   3.3000E+01   1.0177E+00
   3.4000E+01   1.0732E+00
   3.5000E+01   1.1023E+00
   3.6000E+01   1.1088E+00
   3.7000E+01   1.0902E+00
   3.8000E+01   1.0707E+00
   3.9000E+01   1.0776E+00
   4.0000E+01   1.1146E+00
   4.1000E+01   1.1602E+00
   4.2000E+01   1.2185E+00
   4.3000E+01   1.2759E+00
   4.4000E+01   1.3199E+00
   4.5000E+01   1.3558E+00
   4.6000E+01   1.3973E+00
   4.7000E+01   1.4527E+00
   4.8000E+01   1.5249E+00
   4.9000E+01   1.6044E+00
   5.0000E+01   1.6509E+00
   5.1000E+01   1.6343E+00
   5.2000E+01   1.5555E+00
   5.3000E+01   1.4179E+00
   5.4000E+01   1.2918E+00
   5.5000E+01   1.2017E+00
   5.6000E+01   1.1522E+00
   5.7000E+01   1.1402E+00
   5.8000E+01   1.1788E+00
   5.9000E+01   1.2714E+00
   6.0000E+01   1.4084E+00
   6.1000E+01   1.5907E+00
   6.2000E+01   1.7164E+00
   6.3000E+01   1.7723E+00
   6.4000E+01   1.7568E+00
   6.5000E+01   1.6824E+00
   6.6000E+01   1.6346E+00
   6.7000E+01   1.6143E+00
   6.8000E+01   1.6241E+00
   6.9000E+01   1.6547E+00
   7.0000E+01   1.6836E+00
   7.1000E+01   1.7080E+00
   7.2000E+01   1.7260E+00
   7.3000E+01   1.7290E+00
   7.4000E+01   1.6848E+00
   7.5000E+01   1.5924E+00
   7.6000E+01   1.4628E+00
   7.7000E+01   1.3155E+00
   7.8000E+01   1.2059E+00
   7.9000E+01   1.1339E+00
   8.0000E+01   1.1057E+00
   8.1000E+01   1.1021E+00
   8.2000E+01   1.1058E+00
   8.3000E+01   1.1163E+00
   8.4000E+01   1.1365E+00
   8.5000E+01   1.1732E+00
   8.6000E+01   1.2522E+00
   8.7000E+01   1.3675E+00
   8.8000E+01   1.5189E+00
   8.9000E+01   1.6513E+00
   9.0000E+01   1.7209E+00
   9.1000E+01   1.7316E+00
   9.2000E+01   1.6861E+00
   9.3000E+01   1.6188E+00
   9.4000E+01   1.5509E+00
   9.5000E+01   1.4796E+00
   9.6000E+01   1.4129E+00
   9.7000E+01   1.3869E+00
   9.8000E+01   1.4184E+00
   9.9000E+01   1.5119E+00
   1.0000E+02   1.6496E+00
   1.0100E+02   1.7711E+00
   1.0200E+02   1.8652E+00
   1.0300E+02   1.9293E+00
   1.0400E+02   1.9635E+00
   1.0500E+02   1.9715E+00
   1.0600E+02   1.9477E+00
   1.0700E+02   1.9123E+00
   1.0800E+02   1.8559E+00
   1.0900E+02   1.8305E+00
   1.1000E+02   1.8416E+00
   1.1100E+02   1.8901E+00
   1.1200E+02   1.9483E+00
   1.1300E+02   1.9640E+00
   1.1400E+02   1.9298E+00
   1.1500E+02   1.8494E+00
   1.1600E+02   1.7517E+00
   1.1700E+02   1.7067E+00
   1.1800E+02   1.7163E+00
   1.1900E+02   1.7791E+00
   1.2000E+02   1.8632E+00
   1.2100E+02   1.9218E+00
   1.2200E+02   1.9570E+00
   1.2300E+02   1.9671E+00
   1.2400E+02   1.9679E+00
   1.2500E+02   1.9738E+00
   1.2600E+02   1.9848E+00
   1.2700E+02   1.9999E+00
   1.2800E+02   2.0049E+00
   1.2900E+02   1.9888E+00
   1.3000E+02   1.9505E+00
   1.3100E+02   1.8890E+00
   1.3200E+02   1.8292E+00
   1.3300E+02   1.7622E+00
   1.3400E+02   1.6958E+00
   1.3500E+02   1.6254E+00
   1.3500E+02   1.4150E+00
   1.3500E+02   1.6267E+00
   1.3600E+02   1.5522E+00
   1.3700E+02   1.4919E+00
   1.3800E+02   1.4281E+00
   1.3900E+02   1.3865E+00
   1.4000E+02   1.3943E+00
   1.4100E+02   1.4721E+00
   1.4200E+02   1.6100E+00
   1.4300E+02   1.8050E+00
   1.4400E+02   1.9317E+00
   1.4500E+02   1.9760E+00
   1.4600E+02   1.9393E+00
   1.4700E+02   1.8280E+00
   1.4800E+02   1.7212E+00
   1.4900E+02   1.5825E+00
   1.5000E+02   1.4537E+00
   1.5100E+02   1.3565E+00
   1.5200E+02   1.3191E+00
   1.5300E+02   1.3901E+00
   1.5400E+02   1.4981E+00
   1.5500E+02   1.6496E+00
   1.5600E+02   1.6944E+00
   1.5700E+02   1.5913E+00
   1.5800E+02   1.4300E+00
   1.5900E+02   1.2252E+00
   1.6000E+02   1.1695E+00
   1.6100E+02   1.2766E+00
   1.6200E+02   1.4926E+00
   1.6300E+02   1.7725E+00
   1.6400E+02   1.9230E+00
   1.6500E+02   1.9598E+00
   1.6600E+02   1.8800E+00
   1.6700E+02   1.7566E+00
   1.6800E+02   1.6391E+00
   1.6900E+02   1.5318E+00
   1.7000E+02   1.4586E+00
   1.7100E+02   1.4359E+00
   1.7200E+02   1.4820E+00
   1.7300E+02   1.5805E+00
   1.7400E+02   1.7470E+00
   1.7500E+02   1.8708E+00
   1.7600E+02   1.8983E+00
   1.7700E+02   1.8371E+00
   1.7800E+02   1.6826E+00
   1.7900E+02   1.5693E+00
   1.8000E+02   1.5231E+00
   1.8100E+02   1.5721E+00
   1.8200E+02   1.6353E+00
   1.8300E+02   1.6870E+00
   1.8400E+02   1.6922E+00
   1.8500E+02   1.6390E+00
   1.8600E+02   1.5906E+00
   1.8700E+02   1.5841E+00
   1.8800E+02   1.6596E+00
   1.8900E+02   1.7598E+00
   1.9000E+02   1.8999E+00
   1.9100E+02   1.9807E+00
   1.9200E+02   1.9728E+00
   1.9300E+02   1.8499E+00
   1.9400E+02   1.7500E+00
   1.9500E+02   1.6734E+00
   1.9600E+02   1.6549E+00
   1.9700E+02   1.7111E+00
   1.9800E+02   1.7755E+00
   1.9800E+02   1.4150E+00
   1.9800E+02   1.7701E+00
   1.9900E+02   1.8483E+00
   2.0000E+02   1.9175E+00
   2.0100E+02   1.9703E+00
   2.0200E+02   1.9750E+00
   2.0300E+02   1.8816E+00
   2.0400E+02   1.7589E+00
   2.0500E+02   1.5167E+00
   2.0600E+02   1.3115E+00
   2.0700E+02   1.1781E+00
   2.0800E+02   1.1495E+00
   2.0900E+02   1.2137E+00
   2.1000E+02   1.2818E+00
   2.1100E+02   1.3067E+00
   2.1200E+02   1.2940E+00
   2.1300E+02   1.2381E+00
   2.1400E+02   1.1753E+00
   2.1500E+02   1.1416E+00
   2.1600E+02   1.1079E+00
   2.1700E+02   1.0903E+00
   2.1800E+02   1.0952E+00
   2.1900E+02   1.1248E+00
   2.2000E+02   1.1985E+00
   2.2100E+02   1.2572E+00
   2.2200E+02   1.3492E+00
   2.2300E+02   1.4294E+00
   2.2400E+02   1.5578E+00
   2.2500E+02   1.6581E+00
   2.2600E+02   1.7245E+00
   2.2700E+02   1.7296E+00
   2.2800E+02   1.6795E+00
   2.2900E+02   1.6120E+00
   2.3000E+02   1.5771E+00
   2.3100E+02   1.6133E+00
   2.3200E+02   1.6908E+00
   2.3300E+02   1.7930E+00
   2.3400E+02   1.8964E+00
   2.3500E+02   1.9559E+00
   2.3600E+02   1.9810E+00
   2.3700E+02   1.9791E+00
   2.3800E+02   1.9284E+00
   2.3900E+02   1.8809E+00
   2.4000E+02   1.8186E+00
   2.4100E+02   1.7224E+00
   2.4200E+02   1.6307E+00
   2.4300E+02   1.5587E+00
   2.4400E+02   1.5163E+00
   2.4500E+02   1.4742E+00
   2.4600E+02   1.4212E+00
   2.4700E+02   1.3757E+00
   2.4800E+02   1.3123E+00
   2.4900E+02   1.2625E+00
   2.5000E+02   1.2242E+00
   2.5100E+02   1.2057E+00
   2.5200E+02   1.2067E+00
   2.5300E+02   1.2404E+00
   2.5400E+02   1.3426E+00
   2.5500E+02   1.4005E+00
   2.5600E+02   1.5463E+00
   2.5700E+02   1.6513E+00
   2.5800E+02   1.6781E+00
   2.5900E+02   1.6377E+00
   2.6000E+02   1.5508E+00
   2.6100E+02   1.4923E+00
   2.6200E+02   1.5279E+00
   2.6300E+02   1.6396E+00
   2.6400E+02   1.7699E+00
   2.6500E+02   1.8780E+00
   2.6600E+02   1.9585E+00
   2.6700E+02   1.9736E+00
   2.6800E+02   1.9482E+00
   2.6900E+02   1.9046E+00
   2.7000E+02   1.8282E+00
   2.7100E+02   1.7380E+00
   2.7200E+02   1.6337E+00
   2.7300E+02   1.5686E+00
   2.7400E+02   1.5501E+00
   2.7500E+02   1.5652E+00
   2.7600E+02   1.6343E+00
   2.7700E+02   1.6893E+00
   2.7800E+02   1.7572E+00
   2.7900E+02   1.8137E+00
   2.8000E+02   1.8817E+00
   2.8100E+02   1.9107E+00
   2.8200E+02   1.8944E+00
   2.8300E+02   1.8374E+00
   2.8400E+02   1.7515E+00
   2.8500E+02   1.6654E+00
   2.8600E+02   1.6182E+00
   2.8700E+02   1.5598E+00
   2.8800E+02   1.5135E+00
   2.8900E+02   1.5050E+00
   2.9000E+02   1.5259E+00
   2.9100E+02   1.5730E+00
   2.9200E+02   1.5960E+00
   2.9300E+02   1.5889E+00
   2.9400E+02   1.4998E+00
   2.9500E+02   1.4385E+00
   2.9600E+02   1.3513E+00
   2.9700E+02   1.2497E+00
   2.9800E+02   1.1305E+00
   2.9900E+02   1.0503E+00
   3.0000E+02   9.9997E-01
   3.0100E+02   1.0068E+00
   3.0200E+02   1.0799E+00
   3.0300E+02   1.2119E+00
   3.0400E+02   1.2995E+00
   3.0500E+02   1.3680E+00
   3.0600E+02   1.4006E+00
   3.0700E+02   1.4011E+00
   3.0800E+02   1.3973E+00
   3.0900E+02   1.3966E+00
   3.1000E+02   1.3978E+00
   3.1100E+02   1.4010E+00
   3.1200E+02   1.4072E+00
   3.1200E+02   1.4150E+00
   3.1200E+02   1.4063E+00
   3.1200E+02   1.4150E+00
   3.1200E+02   1.4063E+00
   3.1300E+02   1.4165E+00
   3.1400E+02   1.4418E+00
   3.1500E+02   1.4444E+00
   3.1500E+02   1.4150E+00
   3.1500E+02   1.4150E+00
   3.1500E+02   1.4438E+00
   3.1600E+02   1.4426E+00
   3.1600E+02   1.4150E+00
   3.1600E+02   1.4436E+00
   3.1700E+02   1.4221E+00
   3.1800E+02   1.3963E+00
   3.1900E+02   1.3626E+00
   3.2000E+02   1.3791E+00
   3.2100E+02   1.4137E+00
   3.2200E+02   1.5008E+00
   3.2300E+02   1.6273E+00
   3.2400E+02   1.7114E+00
   3.2500E+02   1.8042E+00
   3.2600E+02   1.8042E+00
   3.2600E+02   1.4150E+00
   3.2600E+02   1.8812E+00
   3.2700E+02   1.9435E+00
   3.2800E+02   1.9462E+00
   3.2900E+02   1.9046E+00
   3.3000E+02   1.8148E+00
   3.3100E+02   1.6917E+00
   3.3200E+02   1.5780E+00
   3.3300E+02   1.4935E+00
   3.3400E+02   1.4191E+00
   3.3500E+02   1.3679E+00
   3.3600E+02   1.3725E+00
   3.3700E+02   1.4148E+00
   3.3800E+02   1.5261E+00
   3.3900E+02   1.5974E+00
   3.4000E+02   1.6257E+00
   3.4100E+02   1.6108E+00
   3.4200E+02   1.5575E+00
   3.4300E+02   1.5383E+00
   3.4400E+02   1.5663E+00
   3.4500E+02   1.6420E+00
   3.4600E+02   1.7288E+00
   3.4700E+02   1.7625E+00
   3.4800E+02   1.6984E+00
   3.4900E+02   1.5423E+00
   3.5000E+02   1.3651E+00
   3.5100E+02   1.2323E+00
   3.5200E+02   1.2108E+00
   3.5300E+02   1.2743E+00
   3.5400E+02   1.4120E+00
   3.5500E+02   1.4910E+00
   3.5600E+02   1.4951E+00
   3.5700E+02   1.4159E+00
   3.5800E+02   1.3207E+00
   3.5900E+02   1.2982E+00
   3.6000E+02   1.3710E+00
   3.6100E+02   1.5157E+00
   3.6200E+02   1.7118E+00
   3.6300E+02   1.8069E+00
   3.6400E+02   1.8032E+00
   3.6500E+02   1.6887E+00
   3.6600E+02   1.5623E+00
   3.6700E+02   1.4925E+00
   3.6800E+02   1.4803E+00
   3.6900E+02   1.5365E+00
   3.7000E+02   1.5827E+00
   3.7100E+02   1.5817E+00
   3.7200E+02   1.5417E+00
   3.7300E+02   1.4485E+00
   3.7400E+02   1.3414E+00
   3.7500E+02   1.2416E+00
   3.7600E+02   1.1549E+00
   3.7700E+02   1.1098E+00
   3.7800E+02   1.0514E+00
   3.7800E+02   1.4150E+00
   3.7800E+02   1.0587E+00
   3.7800E+02   1.4150E+00
   3.7800E+02   1.4150E+00
   3.7800E+02   1.0587E+00
   3.7800E+02   1.4150E+00
   3.7800E+02   1.0587E+00
   3.7800E+02   1.4150E+00
   3.7800E+02   1.0587E+00
   3.7800E+02   1.4150E+00
   3.7800E+02   1.0587E+00
   3.7900E+02   1.0157E+00
   3.7900E+02   1.4150E+00
   3.7900E+02   1.0157E+00
   3.7900E+02   1.4150E+00
   3.7900E+02   1.0157E+00
