   0.0000E+00   1.4150E+00
   0.0000E+00   6.1058E-01
   1.0000E+00   6.1675E-01
   2.0000E+00   8.8012E-01
   3.0000E+00   1.0725E+00
   4.0000E+00   1.1733E+00
   5.0000E+00   1.1853E+00
   6.0000E+00   1.1293E+00
   7.0000E+00   1.0769E+00
   8.0000E+00   1.0243E+00
   9.0000E+00   9.8061E-01
   1.0000E+01   9.5432E-01
   1.1000E+01   9.8221E-01
   1.2000E+01   1.0669E+00
   1.3000E+01   1.2067E+00
   1.4000E+01   1.3476E+00
   1.5000E+01   1.4177E+00
   1.6000E+01   1.4174E+00
   1.7000E+01   1.3489E+00
   1.8000E+01   1.2535E+00
   1.9000E+01   1.1866E+00
   2.0000E+01   1.1433E+00
   2.1000E+01   1.1272E+00
   2.2000E+01   1.1638E+00
   2.3000E+01   1.2745E+00
   2.4000E+01   1.4555E+00
   2.5000E+01   1.7086E+00
   2.6000E+01   1.9154E+00
   2.7000E+01   2.0178E+00
   2.8000E+01   2.0076E+00
   2.9000E+01   1.9013E+00
   3.0000E+01   1.7866E+00
   3.1000E+01   1.7006E+00
   3.2000E+01   1.6393E+00
   3.3000E+01   1.6115E+00
   3.4000E+01   1.6151E+00
   3.5000E+01   1.6532E+00
   3.6000E+01   1.7241E+00
   3.7000E+01   1.8230E+00
   3.8000E+01   1.9038E+00
   3.9000E+01   1.9559E+00
   4.0000E+01   1.9775E+00
   4.1000E+01   1.9800E+00
   4.2000E+01   1.9974E+00
   4.3000E+01   2.0351E+00
   4.4000E+01   2.0903E+00
   4.5000E+01   2.1497E+00
   4.6000E+01   2.1573E+00
   4.7000E+01   2.1114E+00
   4.8000E+01   2.0075E+00
   4.9000E+01   1.8807E+00
   5.0000E+01   1.8093E+00
   5.1000E+01   1.7913E+00
   5.2000E+01   1.8296E+00
   5.3000E+01   1.8863E+00
   5.4000E+01   1.8962E+00
   5.5000E+01   1.8608E+00
   5.6000E+01   1.7778E+00
   5.7000E+01   1.6793E+00
   5.8000E+01   1.6022E+00
   5.9000E+01   1.5485E+00
   6.0000E+01   1.5147E+00
   6.1000E+01   1.4963E+00
   6.2000E+01   1.4780E+00
   6.3000E+01   1.4651E+00
   6.4000E+01   1.4611E+00
   6.5000E+01   1.4795E+00
   6.6000E+01   1.5363E+00
   6.7000E+01   1.6355E+00
   6.8000E+01   1.7671E+00
   6.9000E+01   1.8737E+00
   7.0000E+01   1.9209E+00
   7.1000E+01   1.9092E+00
   7.2000E+01   1.8440E+00
   7.3000E+01   1.7887E+00
   7.4000E+01   1.7644E+00
   7.5000E+01   1.7690E+00
   7.6000E+01   1.7956E+00
   7.7000E+01   1.7941E+00
   7.8000E+01   1.7546E+00
   7.9000E+01   1.6721E+00
   8.0000E+01   1.5686E+00
   8.1000E+01   1.5233E+00
   8.2000E+01   1.5488E+00
   8.3000E+01   1.6477E+00
   8.4000E+01   1.7959E+00
   8.5000E+01   1.9019E+00
   8.6000E+01   1.9530E+00
   8.7000E+01   1.9526E+00
   8.8000E+01   1.9168E+00
   8.9000E+01   1.8919E+00
   9.0000E+01   1.8745E+00
   9.1000E+01   1.8723E+00
   9.2000E+01   1.8796E+00
   9.3000E+01   1.8950E+00
   9.4000E+01   1.9129E+00
   9.5000E+01   1.9371E+00
   9.6000E+01   1.9733E+00
   9.7000E+01   1.9973E+00
   9.8000E+01   2.0283E+00
   9.9000E+01   2.0600E+00
   1.0000E+02   2.0791E+00
   1.0100E+02   2.0804E+00
   1.0200E+02   2.0637E+00
   1.0300E+02   2.0298E+00
   1.0400E+02   1.9769E+00
   1.0500E+02   1.9088E+00
   1.0600E+02   1.8187E+00
   1.0600E+02   1.4150E+00
   1.0600E+02   1.8258E+00
   1.0700E+02   1.7193E+00
   1.0800E+02   1.6574E+00
   1.0900E+02   1.6476E+00
   1.1000E+02   1.6955E+00
   1.1100E+02   1.7763E+00
   1.1200E+02   1.8573E+00
   1.1300E+02   1.8916E+00
   1.1400E+02   1.8852E+00
   1.1500E+02   1.8430E+00
   1.1600E+02   1.7906E+00
   1.1700E+02   1.7251E+00
   1.1800E+02   1.6661E+00
   1.1900E+02   1.6054E+00
   1.2000E+02   1.5958E+00
   1.2100E+02   1.6497E+00
   1.2200E+02   1.7389E+00
   1.2300E+02   1.8438E+00
   1.2400E+02   1.9419E+00
   1.2500E+02   1.9757E+00
   1.2600E+02   1.9673E+00
   1.2700E+02   1.9344E+00
   1.2800E+02   1.9253E+00
   1.2900E+02   1.9462E+00
   1.3000E+02   1.9842E+00
   1.3100E+02   2.0275E+00
   1.3200E+02   2.0124E+00
   1.3300E+02   1.9135E+00
   1.3400E+02   1.8128E+00
   1.3500E+02   1.6734E+00
   1.3600E+02   1.6247E+00
   1.3700E+02   1.6854E+00
   1.3800E+02   1.7994E+00
   1.3900E+02   1.9575E+00
   1.4000E+02   2.0278E+00
   1.4100E+02   2.0201E+00
   1.4200E+02   1.9386E+00
   1.4300E+02   1.8456E+00
   1.4400E+02   1.8181E+00
   1.4500E+02   1.8635E+00
   1.4600E+02   1.9463E+00
   1.4700E+02   2.0350E+00
   1.4700E+02   1.4150E+00
   1.4700E+02   2.0213E+00
   1.4800E+02   2.0897E+00
   1.4900E+02   2.1196E+00
   1.5000E+02   2.1207E+00
   1.5100E+02   2.1125E+00
   1.5200E+02   2.0997E+00
   1.5300E+02   2.0807E+00
   1.5400E+02   2.0580E+00
   1.5500E+02   2.0402E+00
   1.5600E+02   2.0215E+00
   1.5700E+02   2.0037E+00
   1.5800E+02   1.9823E+00
   1.5900E+02   1.9490E+00
   1.6000E+02   1.9229E+00
   1.6100E+02   1.8845E+00
   1.6200E+02   1.8394E+00
   1.6300E+02   1.8231E+00
   1.6400E+02   1.8336E+00
   1.6500E+02   1.8860E+00
   1.6600E+02   1.9390E+00
   1.6700E+02   1.9964E+00
   1.6800E+02   2.0416E+00
   1.6900E+02   2.0897E+00
   1.7000E+02   2.1237E+00
   1.7100E+02   2.1293E+00
   1.7200E+02   2.1182E+00
   1.7300E+02   2.0890E+00
   1.7400E+02   2.0669E+00
   1.7500E+02   2.0563E+00
   1.7600E+02   2.0594E+00
   1.7700E+02   2.0705E+00
   1.7800E+02   2.0868E+00
   1.7900E+02   2.0907E+00
   1.8000E+02   2.0805E+00
   1.8100E+02   2.0661E+00
   1.8200E+02   2.0527E+00
   1.8300E+02   2.0259E+00
   1.8400E+02   1.9891E+00
   1.8500E+02   1.9691E+00
   1.8600E+02   1.9449E+00
   1.8700E+02   1.9370E+00
   1.8800E+02   1.9460E+00
   1.8900E+02   1.9557E+00
   1.9000E+02   1.9640E+00
   1.9100E+02   1.9666E+00
   1.9200E+02   1.9573E+00
   1.9300E+02   1.9455E+00
   1.9400E+02   1.9301E+00
   1.9500E+02   1.9271E+00
   1.9600E+02   1.9276E+00
   1.9700E+02   1.9333E+00
   1.9800E+02   1.9417E+00
   1.9900E+02   1.9558E+00
   2.0000E+02   1.9740E+00
   2.0100E+02   1.9961E+00
   2.0200E+02   2.0295E+00
   2.0300E+02   2.0295E+00
   2.0400E+02   2.0687E+00
   2.0500E+02   2.0803E+00
   2.0600E+02   2.0843E+00
   2.0700E+02   2.0663E+00
   2.0800E+02   2.0187E+00
   2.0900E+02   1.9696E+00
   2.1000E+02   1.9608E+00
   2.1100E+02   1.9852E+00
   2.1200E+02   2.0641E+00
   2.1300E+02   2.1308E+00
   2.1400E+02   2.1629E+00
   2.1500E+02   2.1391E+00
   2.1600E+02   2.0744E+00
   2.1700E+02   1.9866E+00
   2.1800E+02   1.9264E+00
   2.1900E+02   1.8822E+00
   2.2000E+02   1.8457E+00
   2.2100E+02   1.8328E+00
   2.2200E+02   1.8163E+00
   2.2300E+02   1.8015E+00
   2.2400E+02   1.7852E+00
   2.2500E+02   1.7797E+00
   2.2600E+02   1.7826E+00
   2.2700E+02   1.7967E+00
   2.2800E+02   1.8080E+00
   2.2900E+02   1.8383E+00
   2.3000E+02   1.8790E+00
   2.3100E+02   1.9192E+00
   2.3200E+02   1.9700E+00
   2.3300E+02   1.9778E+00
   2.3400E+02   1.9264E+00
   2.3500E+02   1.8350E+00
   2.3600E+02   1.6631E+00
   2.3700E+02   1.5550E+00
   2.3800E+02   1.4895E+00
   2.3900E+02   1.4843E+00
   2.4000E+02   1.5500E+00
   2.4100E+02   1.6098E+00
   2.4200E+02   1.6880E+00
   2.4300E+02   1.7901E+00
   2.4400E+02   1.9005E+00
   2.4500E+02   1.9442E+00
   2.4600E+02   1.9078E+00
   2.4700E+02   1.8211E+00
   2.4800E+02   1.6819E+00
   2.4900E+02   1.5905E+00
   2.5000E+02   1.5750E+00
   2.5100E+02   1.6373E+00
   2.5200E+02   1.7079E+00
   2.5300E+02   1.7665E+00
   2.5400E+02   1.8066E+00
   2.5500E+02   1.8231E+00
   2.5600E+02   1.8255E+00
   2.5700E+02   1.8294E+00
   2.5800E+02   1.8360E+00
   2.5900E+02   1.8389E+00
   2.6000E+02   1.8310E+00
   2.6100E+02   1.8026E+00
   2.6200E+02   1.7346E+00
   2.6300E+02   1.6355E+00
   2.6400E+02   1.5829E+00
   2.6500E+02   1.5646E+00
   2.6600E+02   1.6033E+00
   2.6700E+02   1.7098E+00
   2.6800E+02   1.8040E+00
   2.6900E+02   1.8569E+00
   2.7000E+02   1.8754E+00
   2.7100E+02   1.8593E+00
   2.7200E+02   1.8570E+00
   2.7300E+02   1.9044E+00
   2.7400E+02   1.9397E+00
   2.7500E+02   2.0317E+00
   2.7600E+02   2.1013E+00
   2.7700E+02   2.1387E+00
   2.7800E+02   2.1373E+00
   2.7900E+02   2.0958E+00
   2.8000E+02   2.0135E+00
   2.8100E+02   1.9587E+00
   2.8200E+02   1.8214E+00
   2.8300E+02   1.7384E+00
   2.8400E+02   1.6445E+00
   2.8500E+02   1.5921E+00
   2.8600E+02   1.5848E+00
   2.8700E+02   1.5998E+00
   2.8800E+02   1.5868E+00
   2.8900E+02   1.5453E+00
   2.9000E+02   1.4623E+00
   2.9100E+02   1.4166E+00
   2.9200E+02   1.3138E+00
   2.9300E+02   1.2099E+00
   2.9400E+02   1.1042E+00
   2.9500E+02   1.0151E+00
   2.9600E+02   9.7622E-01
   2.9700E+02   1.0046E+00
   2.9800E+02   1.0831E+00
   2.9900E+02   1.2243E+00
   3.0000E+02   1.3634E+00
   3.0100E+02   1.4733E+00
   3.0200E+02   1.6338E+00
   3.0300E+02   1.7317E+00
   3.0400E+02   1.7949E+00
   3.0500E+02   1.7959E+00
   3.0600E+02   1.7241E+00
   3.0700E+02   1.6670E+00
   3.0800E+02   1.6462E+00
   3.0900E+02   1.6584E+00
   3.1000E+02   1.7190E+00
   3.1100E+02   1.7610E+00
   3.1200E+02   1.8049E+00
   3.1300E+02   1.8289E+00
   3.1400E+02   1.8381E+00
   3.1500E+02   1.8375E+00
   3.1600E+02   1.8171E+00
   3.1700E+02   1.8102E+00
   3.1800E+02   1.7826E+00
   3.1900E+02   1.7584E+00
   3.2000E+02   1.7442E+00
   3.2100E+02   1.7456E+00
   3.2200E+02   1.7592E+00
   3.2300E+02   1.7849E+00
   3.2400E+02   1.8023E+00
   3.2500E+02   1.8572E+00
   3.2600E+02   1.9198E+00
   3.2700E+02   1.9593E+00
   3.2800E+02   1.9886E+00
   3.2900E+02   1.9892E+00
   3.3000E+02   1.9808E+00
   3.3100E+02   1.9797E+00
   3.3200E+02   1.9951E+00
   3.3300E+02   2.0095E+00
   3.3400E+02   2.0369E+00
   3.3500E+02   2.0588E+00
   3.3600E+02   2.0691E+00
   3.3700E+02   2.0861E+00
   3.3800E+02   2.0889E+00
   3.3900E+02   2.0859E+00
   3.4000E+02   2.0696E+00
   3.4100E+02   2.0696E+00
   3.4200E+02   2.0388E+00
   3.4300E+02   1.9935E+00
   3.4400E+02   1.9935E+00
   3.4500E+02   1.9622E+00
   3.4600E+02   1.9345E+00
   3.4700E+02   1.9241E+00
   3.4800E+02   1.9253E+00
   3.4900E+02   1.9392E+00
   3.5000E+02   1.9184E+00
   3.5100E+02   1.8511E+00
   3.5200E+02   1.7716E+00
   3.5300E+02   1.5927E+00
   3.5400E+02   1.4829E+00
   3.5500E+02   1.4336E+00
   3.5600E+02   1.4659E+00
   3.5700E+02   1.5313E+00
   3.5800E+02   1.6303E+00
   3.5900E+02   1.7440E+00
   3.6000E+02   1.8529E+00
   3.6100E+02   1.9684E+00
   3.6200E+02   2.0544E+00
   3.6300E+02   2.1000E+00
   3.6400E+02   2.0990E+00
   3.6500E+02   2.0625E+00
   3.6600E+02   2.0223E+00
   3.6700E+02   1.9988E+00
   3.6800E+02   1.9784E+00
   3.6900E+02   1.9672E+00
   3.7000E+02   1.9827E+00
   3.7100E+02   2.0537E+00
   3.7200E+02   2.0537E+00
   3.7300E+02   2.1139E+00
   3.7400E+02   2.1308E+00
   3.7500E+02   2.0961E+00
   3.7600E+02   2.0071E+00
   3.7700E+02   1.9412E+00
   3.7800E+02   1.8887E+00
   3.7900E+02   1.8817E+00
   3.8000E+02   1.9362E+00
   3.8100E+02   1.9709E+00
   3.8200E+02   2.0156E+00
   3.8300E+02   2.0434E+00
   3.8400E+02   2.0617E+00
   3.8500E+02   2.0726E+00
   3.8600E+02   2.0849E+00
   3.8700E+02   2.0911E+00
   3.8800E+02   2.0920E+00
   3.8900E+02   2.0895E+00
   3.9000E+02   2.0669E+00
   3.9100E+02   2.0186E+00
   3.9200E+02   1.9834E+00
   3.9300E+02   1.9411E+00
   3.9400E+02   1.8993E+00
   3.9500E+02   1.8801E+00
   3.9600E+02   1.8745E+00
   3.9700E+02   1.8612E+00
   3.9800E+02   1.8521E+00
   3.9900E+02   1.8372E+00
   4.0000E+02   1.8168E+00
   4.0100E+02   1.8026E+00
   4.0200E+02   1.7592E+00
   4.0300E+02   1.7050E+00
   4.0400E+02   1.6588E+00
   4.0500E+02   1.6319E+00
   4.0600E+02   1.6385E+00
   4.0700E+02   1.6961E+00
   4.0800E+02   1.7356E+00
   4.0900E+02   1.8032E+00
   4.1000E+02   1.9060E+00
   4.1100E+02   2.0047E+00
   4.1200E+02   2.1072E+00
   4.1300E+02   2.1223E+00
   4.1400E+02   2.0189E+00
   4.1500E+02   1.8930E+00
   4.1600E+02   1.7001E+00
   4.1700E+02   1.5990E+00
   4.1800E+02   1.6079E+00
   4.1900E+02   1.7293E+00
   4.2000E+02   1.8960E+00
   4.2100E+02   1.9898E+00
   4.2200E+02   1.9962E+00
   4.2300E+02   1.9163E+00
   4.2400E+02   1.8251E+00
   4.2500E+02   1.7897E+00
   4.2600E+02   1.8115E+00
   4.2700E+02   1.9092E+00
   4.2800E+02   2.0019E+00
   4.2900E+02   2.0870E+00
   4.3000E+02   2.1466E+00
   4.3100E+02   2.1868E+00
   4.3200E+02   2.1881E+00
   4.3300E+02   2.1343E+00
   4.3400E+02   2.0763E+00
   4.3500E+02   1.9656E+00
   4.3600E+02   1.8833E+00
   4.3700E+02   1.8512E+00
   4.3800E+02   1.8858E+00
   4.3900E+02   1.9513E+00
   4.4000E+02   1.9742E+00
   4.4100E+02   1.9004E+00
   4.4200E+02   1.7823E+00
   4.4300E+02   1.5535E+00
   4.4400E+02   1.4424E+00
   4.4500E+02   1.4650E+00
   4.4600E+02   1.6378E+00
   4.4700E+02   1.9273E+00
   4.4800E+02   2.1113E+00
   4.4900E+02   2.1682E+00
   4.5000E+02   2.0856E+00
   4.5100E+02   1.8664E+00
   4.5200E+02   1.7284E+00
   4.5300E+02   1.6267E+00
   4.5400E+02   1.6028E+00
   4.5500E+02   1.6307E+00
   4.5600E+02   1.6846E+00
   4.5700E+02   1.7474E+00
   4.5800E+02   1.8204E+00
   4.5900E+02   1.9050E+00
   4.6000E+02   1.9188E+00
   4.6100E+02   1.8613E+00
   4.6200E+02   1.7674E+00
   4.6300E+02   1.6414E+00
   4.6400E+02   1.5785E+00
   4.6500E+02   1.6125E+00
   4.6600E+02   1.6934E+00
   4.6700E+02   1.8041E+00
   4.6800E+02   1.8683E+00
   4.6900E+02   1.8933E+00
   4.7000E+02   1.8795E+00
   4.7100E+02   1.8581E+00
   4.7200E+02   1.8660E+00
   4.7300E+02   1.9039E+00
   4.7400E+02   1.9708E+00
   4.7500E+02   2.0095E+00
   4.7600E+02   2.0206E+00
   4.7700E+02   1.9875E+00
   4.7800E+02   1.9210E+00
   4.7900E+02   1.8360E+00
   4.8000E+02   1.8093E+00
   4.8100E+02   1.7829E+00
   4.8200E+02   1.7772E+00
   4.8300E+02   1.7869E+00
   4.8400E+02   1.8114E+00
   4.8500E+02   1.8155E+00
   4.8600E+02   1.8493E+00
   4.8700E+02   1.8719E+00
   4.8800E+02   1.8871E+00
   4.8900E+02   1.9036E+00
   4.9000E+02   1.9069E+00
   4.9100E+02   1.9063E+00
   4.9200E+02   1.8981E+00
   4.9300E+02   1.8885E+00
   4.9400E+02   1.8877E+00
   4.9500E+02   1.8873E+00
   4.9600E+02   1.8981E+00
   4.9700E+02   1.9241E+00
   4.9800E+02   1.9234E+00
   4.9900E+02   1.8846E+00
   5.0000E+02   1.7954E+00
   5.0100E+02   1.6373E+00
   5.0200E+02   1.4860E+00
   5.0300E+02   1.4304E+00
   5.0400E+02   1.4671E+00
   5.0500E+02   1.5972E+00
   5.0600E+02   1.7643E+00
   5.0700E+02   1.8104E+00
   5.0800E+02   1.7547E+00
   5.0900E+02   1.5713E+00
   5.1000E+02   1.3879E+00
   5.1100E+02   1.2571E+00
   5.1200E+02   1.2096E+00
   5.1300E+02   1.2338E+00
   5.1400E+02   1.2963E+00
   5.1500E+02   1.3830E+00
   5.1600E+02   1.4808E+00
   5.1700E+02   1.6104E+00
   5.1800E+02   1.7090E+00
   5.1900E+02   1.7560E+00
   5.2000E+02   1.7619E+00
   5.2100E+02   1.7236E+00
   5.2200E+02   1.6809E+00
   5.2300E+02   1.6237E+00
   5.2400E+02   1.5443E+00
   5.2500E+02   1.4800E+00
   5.2600E+02   1.4510E+00
   5.2700E+02   1.4811E+00
   5.2800E+02   1.5731E+00
   5.2900E+02   1.6944E+00
   5.3000E+02   1.8063E+00
   5.3100E+02   1.8750E+00
   5.3200E+02   1.9274E+00
   5.3300E+02   1.9385E+00
   5.3400E+02   1.9138E+00
   5.3500E+02   1.8198E+00
   5.3600E+02   1.7828E+00
   5.3700E+02   1.6633E+00
   5.3800E+02   1.5788E+00
   5.3900E+02   1.4997E+00
   5.4000E+02   1.4515E+00
   5.4100E+02   1.4161E+00
   5.4200E+02   1.3822E+00
   5.4300E+02   1.3557E+00
   5.4400E+02   1.3295E+00
   5.4500E+02   1.3269E+00
   5.4600E+02   1.3746E+00
   5.4700E+02   1.4201E+00
   5.4800E+02   1.5459E+00
   5.4900E+02   1.6493E+00
   5.5000E+02   1.7644E+00
   5.5100E+02   1.8043E+00
   5.5200E+02   1.8490E+00
   5.5300E+02   1.8553E+00
   5.5400E+02   1.8220E+00
   5.5500E+02   1.7512E+00
   5.5600E+02   1.6207E+00
   5.5700E+02   1.5386E+00
   5.5800E+02   1.5139E+00
   5.5900E+02   1.5856E+00
   5.6000E+02   1.6690E+00
   5.6100E+02   1.7740E+00
   5.6200E+02   1.8282E+00
   5.6300E+02   1.8315E+00
   5.6300E+02   1.4150E+00
   5.6300E+02   1.8337E+00
   5.6400E+02   1.7908E+00
   5.6500E+02   1.7436E+00
   5.6600E+02   1.7193E+00
   5.6700E+02   1.7141E+00
   5.6800E+02   1.7245E+00
   5.6900E+02   1.7304E+00
   5.7000E+02   1.7281E+00
   5.7100E+02   1.7210E+00
   5.7200E+02   1.7094E+00
   5.7300E+02   1.7231E+00
   5.7400E+02   1.7630E+00
   5.7500E+02   1.8444E+00
   5.7600E+02   1.9380E+00
   5.7700E+02   1.9861E+00
   5.7800E+02   1.9948E+00
   5.7900E+02   1.9599E+00
   5.8000E+02   1.9055E+00
   5.8100E+02   1.8723E+00
   5.8200E+02   1.8749E+00
   5.8300E+02   1.9135E+00
   5.8400E+02   1.9388E+00
   5.8500E+02   1.9595E+00
   5.8600E+02   1.9603E+00
   5.8700E+02   1.9416E+00
   5.8800E+02   1.9175E+00
   5.8900E+02   1.9055E+00
   5.9000E+02   1.8998E+00
   5.9100E+02   1.9035E+00
   5.9200E+02   1.9079E+00
   5.9300E+02   1.9026E+00
   5.9400E+02   1.8814E+00
   5.9500E+02   1.8580E+00
   5.9600E+02   1.8337E+00
   5.9700E+02   1.7941E+00
   5.9800E+02   1.7446E+00
   5.9900E+02   1.6808E+00
   6.0000E+02   1.6434E+00
   6.0100E+02   1.6469E+00
   6.0200E+02   1.7073E+00
   6.0300E+02   1.7641E+00
   6.0400E+02   1.8421E+00
   6.0500E+02   1.9133E+00
   6.0600E+02   1.9685E+00
   6.0700E+02   1.9962E+00
   6.0800E+02   2.0171E+00
   6.0900E+02   2.0276E+00
   6.1000E+02   2.0302E+00
   6.1100E+02   2.0270E+00
   6.1200E+02   2.0303E+00
   6.1300E+02   2.0427E+00
   6.1400E+02   2.0575E+00
   6.1500E+02   2.0731E+00
   6.1600E+02   2.0602E+00
   6.1700E+02   2.0017E+00
   6.1800E+02   1.9314E+00
   6.1900E+02   1.8218E+00
   6.2000E+02   1.7373E+00
   6.2100E+02   1.6427E+00
   6.2200E+02   1.5501E+00
   6.2300E+02   1.4965E+00
   6.2400E+02   1.4776E+00
   6.2500E+02   1.5260E+00
   6.2600E+02   1.5689E+00
   6.2700E+02   1.6699E+00
   6.2800E+02   1.7819E+00
   6.2900E+02   1.8452E+00
   6.3000E+02   1.9357E+00
   6.3100E+02   1.9842E+00
   6.3200E+02   1.9796E+00
   6.3300E+02   1.9175E+00
   6.3400E+02   1.8096E+00
   6.3500E+02   1.6931E+00
   6.3600E+02   1.6557E+00
   6.3700E+02   1.7041E+00
   6.3800E+02   1.8061E+00
   6.3900E+02   1.9153E+00
   6.4000E+02   1.9867E+00
   6.4100E+02   1.9968E+00
   6.4200E+02   1.9608E+00
   6.4300E+02   1.9213E+00
   6.4400E+02   1.9007E+00
   6.4500E+02   1.9026E+00
   6.4600E+02   1.9179E+00
   6.4700E+02   1.9344E+00
   6.4800E+02   1.9520E+00
   6.4900E+02   1.9665E+00
   6.5000E+02   1.9729E+00
   6.5100E+02   1.9893E+00
   6.5200E+02   2.0121E+00
   6.5300E+02   2.0285E+00
   6.5400E+02   2.0568E+00
   6.5500E+02   2.0677E+00
   6.5600E+02   2.0562E+00
   6.5700E+02   2.0140E+00
   6.5800E+02   1.9686E+00
   6.5900E+02   1.9375E+00
   6.6000E+02   1.9391E+00
   6.6100E+02   1.9758E+00
   6.6200E+02   2.0041E+00
   6.6300E+02   2.0208E+00
   6.6400E+02   2.0149E+00
   6.6500E+02   1.9769E+00
   6.6600E+02   1.9613E+00
   6.6700E+02   1.9435E+00
   6.6800E+02   1.9413E+00
   6.6900E+02   1.9505E+00
   6.7000E+02   1.9845E+00
   6.7100E+02   2.0258E+00
   6.7200E+02   2.0554E+00
   6.7300E+02   2.0885E+00
   6.7400E+02   2.1174E+00
   6.7500E+02   2.1148E+00
   6.7600E+02   2.0933E+00
   6.7700E+02   2.0332E+00
   6.7800E+02   1.9894E+00
   6.7900E+02   1.9662E+00
   6.8000E+02   1.9684E+00
   6.8100E+02   1.9957E+00
   6.8200E+02   2.0104E+00
   6.8300E+02   2.0031E+00
   6.8400E+02   1.9693E+00
   6.8500E+02   1.9209E+00
   6.8600E+02   1.8864E+00
   6.8700E+02   1.8778E+00
   6.8800E+02   1.8953E+00
   6.8900E+02   1.9360E+00
   6.9000E+02   1.9756E+00
   6.9100E+02   1.9937E+00
   6.9200E+02   2.0038E+00
   6.9300E+02   2.0001E+00
   6.9400E+02   1.9983E+00
   6.9500E+02   2.0009E+00
   6.9600E+02   2.0078E+00
   6.9700E+02   2.0089E+00
   6.9800E+02   2.0079E+00
   6.9900E+02   2.0023E+00
   7.0000E+02   1.9804E+00
   7.0100E+02   1.9561E+00
   7.0200E+02   1.9219E+00
   7.0300E+02   1.8779E+00
   7.0400E+02   1.8157E+00
   7.0500E+02   1.7960E+00
   7.0600E+02   1.7704E+00
   7.0700E+02   1.7787E+00
   7.0800E+02   1.8146E+00
   7.0900E+02   1.8637E+00
   7.1000E+02   1.8774E+00
   7.1100E+02   1.8244E+00
   7.1200E+02   1.7948E+00
   7.1300E+02   1.7144E+00
   7.1400E+02   1.6567E+00
   7.1500E+02   1.6249E+00
   7.1600E+02   1.6190E+00
   7.1700E+02   1.5889E+00
   7.1800E+02   1.5099E+00
   7.1900E+02   1.3858E+00
   7.2000E+02   1.1836E+00
   7.2100E+02   1.0210E+00
   7.2200E+02   9.3779E-01
   7.2300E+02   9.4099E-01
   7.2300E+02   1.4150E+00
   7.2300E+02   9.3759E-01
   7.2400E+02   1.0136E+00
   7.2500E+02   1.1220E+00
   7.2600E+02   1.2226E+00
   7.2700E+02   1.3029E+00
   7.2800E+02   1.3559E+00
   7.2900E+02   1.3729E+00
   7.3000E+02   1.3444E+00
   7.3100E+02   1.2855E+00
   7.3200E+02   1.1781E+00
   7.3300E+02   1.1099E+00
   7.3400E+02   1.1086E+00
   7.3500E+02   1.1732E+00
   7.3600E+02   1.2654E+00
   7.3700E+02   1.4087E+00
   7.3800E+02   1.5219E+00
   7.3900E+02   1.6476E+00
   7.4000E+02   1.7553E+00
   7.4100E+02   1.8133E+00
   7.4200E+02   1.8066E+00
   7.4300E+02   1.7260E+00
   7.4400E+02   1.6039E+00
   7.4500E+02   1.4918E+00
   7.4600E+02   1.4358E+00
   7.4700E+02   1.3857E+00
   7.4800E+02   1.3575E+00
   7.4900E+02   1.3316E+00
   7.5000E+02   1.3084E+00
   7.5100E+02   1.2916E+00
   7.5200E+02   1.2910E+00
   7.5300E+02   1.3238E+00
   7.5400E+02   1.3587E+00
   7.5400E+02   1.4150E+00
   7.5400E+02   1.3541E+00
   7.5500E+02   1.4267E+00
   7.5600E+02   1.5322E+00
   7.5700E+02   1.6173E+00
   7.5800E+02   1.6814E+00
   7.5900E+02   1.7418E+00
   7.6000E+02   1.7921E+00
   7.6100E+02   1.7869E+00
   7.6200E+02   1.7294E+00
   7.6300E+02   1.6518E+00
   7.6400E+02   1.5823E+00
   7.6500E+02   1.5129E+00
   7.6600E+02   1.4500E+00
   7.6700E+02   1.3959E+00
   7.6800E+02   1.3536E+00
   7.6900E+02   1.3278E+00
   7.7000E+02   1.3231E+00
   7.7100E+02   1.3292E+00
   7.7200E+02   1.3803E+00
   7.7200E+02   1.4150E+00
   7.7200E+02   1.3494E+00
   7.7300E+02   1.3899E+00
   7.7400E+02   1.4432E+00
   7.7500E+02   1.5258E+00
   7.7600E+02   1.5889E+00
   7.7700E+02   1.6426E+00
   7.7800E+02   1.6807E+00
   7.7900E+02   1.7024E+00
   7.8000E+02   1.7062E+00
   7.8100E+02   1.6909E+00
   7.8200E+02   1.6584E+00
   7.8300E+02   1.6119E+00
   7.8400E+02   1.5727E+00
   7.8500E+02   1.5458E+00
   7.8600E+02   1.5351E+00
   7.8700E+02   1.5364E+00
   7.8800E+02   1.5407E+00
   7.8900E+02   1.5588E+00
   7.9000E+02   1.5725E+00
   7.9100E+02   1.6047E+00
   7.9200E+02   1.6468E+00
   7.9300E+02   1.6468E+00
   7.9400E+02   1.6972E+00
   7.9500E+02   1.7120E+00
   7.9600E+02   1.7143E+00
   7.9700E+02   1.6857E+00
   7.9800E+02   1.6275E+00
   7.9900E+02   1.5839E+00
   8.0000E+02   1.5524E+00
   8.0100E+02   1.5302E+00
   8.0200E+02   1.5235E+00
   8.0300E+02   1.5242E+00
   8.0400E+02   1.5293E+00
   8.0500E+02   1.5333E+00
   8.0600E+02   1.5494E+00
   8.0700E+02   1.5644E+00
   8.0800E+02   1.5835E+00
   8.0900E+02   1.6069E+00
   8.1000E+02   1.6201E+00
   8.1100E+02   1.6375E+00
   8.1200E+02   1.6372E+00
   8.1300E+02   1.6190E+00
   8.1400E+02   1.6009E+00
   8.1500E+02   1.5853E+00
   8.1600E+02   1.5862E+00
   8.1700E+02   1.5981E+00
   8.1800E+02   1.6198E+00
   8.1900E+02   1.6271E+00
   8.2000E+02   1.5968E+00
   8.2100E+02   1.5658E+00
   8.2200E+02   1.5259E+00
   8.2300E+02   1.5158E+00
   8.2400E+02   1.5555E+00
   8.2500E+02   1.6577E+00
   8.2600E+02   1.7320E+00
   8.2700E+02   1.7984E+00
   8.2800E+02   1.8040E+00
   8.2900E+02   1.7262E+00
   8.3000E+02   1.6801E+00
   8.3100E+02   1.5917E+00
   8.3200E+02   1.5429E+00
   8.3300E+02   1.5063E+00
   8.3400E+02   1.4902E+00
   8.3500E+02   1.5094E+00
   8.3600E+02   1.5912E+00
   8.3700E+02   1.6980E+00
   8.3800E+02   1.7860E+00
   8.3900E+02   1.8611E+00
   8.4000E+02   1.8990E+00
   8.4100E+02   1.8986E+00
   8.4200E+02   1.8551E+00
   8.4300E+02   1.7862E+00
   8.4400E+02   1.6410E+00
   8.4500E+02   1.4343E+00
   8.4600E+02   1.3149E+00
   8.4700E+02   1.2783E+00
   8.4800E+02   1.3462E+00
   8.4800E+02   1.4150E+00
   8.4800E+02   1.3350E+00
   8.4900E+02   1.4952E+00
   8.5000E+02   1.6239E+00
   8.5100E+02   1.6343E+00
   8.5200E+02   1.5177E+00
   8.5300E+02   1.3224E+00
   8.5400E+02   1.1698E+00
   8.5500E+02   1.1686E+00
   8.5600E+02   1.2877E+00
   8.5700E+02   1.5216E+00
   8.5800E+02   1.7304E+00
   8.5900E+02   1.8969E+00
   8.6000E+02   1.9765E+00
   8.6100E+02   2.0109E+00
   8.6200E+02   2.0001E+00
   8.6300E+02   1.9430E+00
   8.6400E+02   1.8604E+00
   8.6500E+02   1.7543E+00
   8.6600E+02   1.6786E+00
   8.6700E+02   1.6536E+00
   8.6800E+02   1.6795E+00
   8.6900E+02   1.7247E+00
   8.7000E+02   1.7815E+00
   8.7100E+02   1.8364E+00
   8.7200E+02   1.9049E+00
   8.7300E+02   1.9626E+00
   8.7400E+02   1.9812E+00
   8.7500E+02   1.9639E+00
   8.7600E+02   1.9149E+00
   8.7700E+02   1.8405E+00
   8.7800E+02   1.7837E+00
   8.7900E+02   1.7131E+00
   8.8000E+02   1.6542E+00
   8.8100E+02   1.6275E+00
   8.8200E+02   1.6366E+00
   8.8300E+02   1.6966E+00
   8.8400E+02   1.7530E+00
   8.8500E+02   1.8198E+00
   8.8600E+02   1.9034E+00
   8.8700E+02   1.9546E+00
   8.8800E+02   2.0084E+00
   8.8900E+02   2.0124E+00
   8.9000E+02   1.9518E+00
   8.9100E+02   1.8358E+00
   8.9200E+02   1.7322E+00
   8.9300E+02   1.6367E+00
   8.9400E+02   1.6370E+00
   8.9500E+02   1.7187E+00
   8.9500E+02   1.4150E+00
   8.9500E+02   1.7150E+00
   8.9600E+02   1.9019E+00
   8.9700E+02   2.0232E+00
   8.9800E+02   2.0788E+00
   8.9900E+02   2.0523E+00
   9.0000E+02   1.9809E+00
   9.0100E+02   1.9441E+00
   9.0200E+02   1.9673E+00
   9.0300E+02   2.0137E+00
   9.0400E+02   2.1156E+00
   9.0500E+02   2.1731E+00
   9.0600E+02   2.1894E+00
   9.0700E+02   2.1597E+00
   9.0800E+02   2.0836E+00
   9.0900E+02   2.0115E+00
   9.1000E+02   1.8999E+00
   9.1100E+02   1.8271E+00
   9.1200E+02   1.7227E+00
   9.1300E+02   1.6918E+00
   9.1400E+02   1.7249E+00
   9.1500E+02   1.8099E+00
   9.1600E+02   1.9371E+00
   9.1700E+02   2.0179E+00
   9.1800E+02   2.0457E+00
   9.1900E+02   2.0163E+00
   9.2000E+02   1.9824E+00
   9.2100E+02   1.9575E+00
   9.2200E+02   1.9499E+00
   9.2300E+02   1.9579E+00
   9.2400E+02   1.9416E+00
   9.2500E+02   1.8999E+00
   9.2600E+02   1.8067E+00
   9.2700E+02   1.6541E+00
   9.2800E+02   1.5406E+00
   9.2900E+02   1.4975E+00
   9.3000E+02   1.5261E+00
   9.3100E+02   1.6157E+00
   9.3200E+02   1.7414E+00
   9.3300E+02   1.8269E+00
   9.3400E+02   1.9409E+00
   9.3500E+02   2.0118E+00
   9.3600E+02   2.0465E+00
   9.3700E+02   1.9929E+00
   9.3800E+02   1.8899E+00
   9.3900E+02   1.7233E+00
   9.4000E+02   1.5843E+00
   9.4100E+02   1.5163E+00
   9.4200E+02   1.5307E+00
   9.4300E+02   1.5858E+00
   9.4400E+02   1.6481E+00
   9.4500E+02   1.6824E+00
   9.4600E+02   1.7048E+00
   9.4700E+02   1.7136E+00
   9.4800E+02   1.7349E+00
   9.4900E+02   1.7804E+00
   9.5000E+02   1.8144E+00
   9.5100E+02   1.8731E+00
   9.5200E+02   1.9113E+00
   9.5300E+02   1.9134E+00
   9.5400E+02   1.8808E+00
   9.5500E+02   1.8514E+00
   9.5600E+02   1.8248E+00
   9.5700E+02   1.7901E+00
   9.5800E+02   1.7517E+00
   9.5900E+02   1.7217E+00
   9.6000E+02   1.7022E+00
   9.6100E+02   1.6988E+00
   9.6200E+02   1.7118E+00
   9.6300E+02   1.7196E+00
   9.6400E+02   1.7351E+00
   9.6500E+02   1.7561E+00
   9.6600E+02   1.7561E+00
   9.6700E+02   1.7784E+00
   9.6800E+02   1.8067E+00
   9.6900E+02   1.8177E+00
   9.7000E+02   1.8495E+00
   9.7100E+02   1.8824E+00
   9.7200E+02   1.8971E+00
   9.7300E+02   1.9014E+00
   9.7400E+02   1.8905E+00
   9.7500E+02   1.8676E+00
   9.7600E+02   1.8324E+00
   9.7700E+02   1.8067E+00
   9.7800E+02   1.7442E+00
   9.7900E+02   1.7051E+00
   9.8000E+02   1.7080E+00
   9.8100E+02   1.7676E+00
   9.8200E+02   1.8132E+00
   9.8300E+02   1.8802E+00
   9.8400E+02   1.9433E+00
   9.8500E+02   1.9852E+00
   9.8600E+02   2.0060E+00
   9.8700E+02   2.0118E+00
   9.8800E+02   1.9876E+00
   9.8900E+02   1.9558E+00
   9.9000E+02   1.9439E+00
   9.9100E+02   1.9009E+00
   9.9200E+02   1.8685E+00
   9.9300E+02   1.8309E+00
   9.9300E+02   1.4150E+00
   9.9300E+02   1.8403E+00
   9.9400E+02   1.7976E+00
   9.9500E+02   1.7182E+00
   9.9600E+02   1.5809E+00
   9.9700E+02   1.4345E+00
   9.9700E+02   1.4150E+00
   9.9700E+02   1.4658E+00
   9.9800E+02   1.3121E+00
   9.9900E+02   1.2878E+00
   1.0000E+03   1.3716E+00
   1.0000E+03   1.4150E+00
   1.0000E+03   1.3500E+00
   1.0010E+03   1.5424E+00
   1.0020E+03   1.7575E+00
   1.0030E+03   1.9151E+00
   1.0040E+03   2.0086E+00
   1.0050E+03   2.0234E+00
   1.0060E+03   2.0004E+00
   1.0070E+03   1.9509E+00
   1.0080E+03   1.9105E+00
   1.0090E+03   1.8624E+00
   1.0100E+03   1.8068E+00
   1.0110E+03   1.7620E+00
   1.0120E+03   1.7338E+00
   1.0130E+03   1.7198E+00
   1.0140E+03   1.6769E+00
   1.0150E+03   1.5937E+00
   1.0160E+03   1.5014E+00
   1.0160E+03   1.4150E+00
   1.0160E+03   1.5179E+00
   1.0170E+03   1.3807E+00
   1.0180E+03   1.2913E+00
   1.0190E+03   1.3026E+00
   1.0190E+03   1.4150E+00
   1.0190E+03   1.2942E+00
   1.0200E+03   1.4016E+00
   1.0210E+03   1.5502E+00
   1.0220E+03   1.7035E+00
   1.0230E+03   1.7843E+00
   1.0240E+03   1.8044E+00
   1.0250E+03   1.7723E+00
   1.0260E+03   1.7411E+00
   1.0270E+03   1.6749E+00
   1.0280E+03   1.6197E+00
   1.0290E+03   1.5431E+00
   1.0300E+03   1.5027E+00
   1.0310E+03   1.4646E+00
   1.0320E+03   1.4384E+00
   1.0330E+03   1.4264E+00
   1.0330E+03   1.4150E+00
   1.0330E+03   1.4302E+00
   1.0330E+03   1.4150E+00
   1.0330E+03   1.4150E+00
   1.0330E+03   1.4150E+00
   1.0330E+03   1.4302E+00
   1.0330E+03   1.4150E+00
   1.0330E+03   1.4302E+00
   1.0330E+03   1.4150E+00
   1.0330E+03   1.4302E+00
   1.0340E+03   1.4129E+00
   1.0340E+03   1.4150E+00
   1.0340E+03   1.4129E+00
   1.0350E+03   1.3886E+00
   1.0350E+03   1.4150E+00
   1.0350E+03   1.3886E+00
   1.0360E+03   1.3499E+00
   1.0370E+03   1.3325E+00
   1.0380E+03   1.3668E+00
   1.0380E+03   1.4150E+00
   1.0380E+03   1.3555E+00
   1.0390E+03   1.4319E+00
   1.0400E+03   1.5785E+00
   1.0410E+03   1.6925E+00
   1.0420E+03   1.7674E+00
   1.0430E+03   1.7606E+00
   1.0440E+03   1.6783E+00
   1.0450E+03   1.5896E+00
   1.0460E+03   1.5241E+00
   1.0470E+03   1.4788E+00
   1.0480E+03   1.4604E+00
   1.0490E+03   1.4408E+00
   1.0490E+03   1.4150E+00
   1.0490E+03   1.4446E+00
   1.0490E+03   1.4150E+00
   1.0490E+03   1.4150E+00
   1.0490E+03   1.4150E+00
   1.0490E+03   1.4446E+00
   1.0490E+03   1.4150E+00
   1.0490E+03   1.4446E+00
   1.0490E+03   1.4150E+00
   1.0490E+03   1.4446E+00
   1.0500E+03   1.4154E+00
   1.0500E+03   1.4150E+00
   1.0500E+03   1.4154E+00
   1.0500E+03   1.4150E+00
   1.0500E+03   1.4154E+00
