   0.0000E+00   1.4150E+00
   0.0000E+00   6.0859E-01
   1.0000E+00   6.0801E-01
   2.0000E+00   5.8756E-01
   3.0000E+00   5.7031E-01
   4.0000E+00   5.5964E-01
   5.0000E+00   5.7367E-01
   6.0000E+00   6.0911E-01
   7.0000E+00   6.6841E-01
   8.0000E+00   7.3891E-01
   9.0000E+00   8.0639E-01
   1.0000E+01   8.6627E-01
   1.1000E+01   9.2514E-01
   1.2000E+01   9.6019E-01
   1.3000E+01   9.6072E-01
   1.4000E+01   9.2312E-01
   1.5000E+01   8.4919E-01
   1.6000E+01   7.8203E-01
   1.7000E+01   7.5042E-01
   1.8000E+01   7.4882E-01
   1.9000E+01   7.7916E-01
   2.0000E+01   8.2238E-01
   2.1000E+01   8.6570E-01
   2.2000E+01   9.0065E-01
   2.3000E+01   9.4158E-01
   2.4000E+01   9.7123E-01
   2.5000E+01   9.9033E-01
   2.6000E+01   9.9901E-01
   2.7000E+01   9.9545E-01
   2.8000E+01   9.7201E-01
   2.9000E+01   9.3835E-01
   3.0000E+01   8.8064E-01
   3.1000E+01   8.0990E-01
   3.2000E+01   7.6939E-01
   3.3000E+01   7.7045E-01
   3.4000E+01   8.0972E-01
   3.5000E+01   8.7797E-01
   3.6000E+01   9.0098E-01
   3.7000E+01   8.7312E-01
   3.8000E+01   7.9500E-01
   3.9000E+01   6.8292E-01
   4.0000E+01   6.3059E-01
   4.1000E+01   6.3647E-01
   4.2000E+01   7.0957E-01
   4.3000E+01   8.1406E-01
   4.4000E+01   9.2125E-01
   4.5000E+01   1.0174E+00
   4.6000E+01   1.1120E+00
   4.7000E+01   1.1732E+00
   4.8000E+01   1.1769E+00
   4.9000E+01   1.1205E+00
   5.0000E+01   1.0092E+00
   5.1000E+01   8.7131E-01
   5.2000E+01   7.7023E-01
   5.3000E+01   7.1090E-01
   5.4000E+01   6.8427E-01
   5.5000E+01   6.7374E-01
   5.6000E+01   6.6135E-01
   5.7000E+01   6.4516E-01
   5.8000E+01   6.2690E-01
   5.9000E+01   6.3195E-01
   6.0000E+01   6.7595E-01
   6.1000E+01   7.5474E-01
   6.2000E+01   8.7717E-01
   6.3000E+01   9.8493E-01
   6.4000E+01   1.0554E+00
   6.5000E+01   1.0884E+00
   6.6000E+01   1.0865E+00
   6.7000E+01   1.0634E+00
   6.8000E+01   1.0259E+00
   6.9000E+01   9.7728E-01
   7.0000E+01   9.1532E-01
   7.1000E+01   8.8265E-01
   7.2000E+01   8.8608E-01
   7.3000E+01   9.2894E-01
   7.4000E+01   9.9755E-01
   7.5000E+01   1.0338E+00
   7.6000E+01   1.0258E+00
   7.7000E+01   9.7418E-01
   7.8000E+01   8.8692E-01
   7.9000E+01   8.0198E-01
   8.0000E+01   7.3557E-01
   8.1000E+01   6.6994E-01
   8.2000E+01   6.2215E-01
   8.3000E+01   5.9421E-01
   8.4000E+01   5.9015E-01
   8.5000E+01   6.0981E-01
   8.6000E+01   6.4041E-01
   8.7000E+01   6.6178E-01
   8.8000E+01   6.6854E-01
   8.9000E+01   6.6317E-01
   9.0000E+01   6.5512E-01
   9.1000E+01   6.5624E-01
   9.2000E+01   6.7097E-01
   9.3000E+01   6.9028E-01
   9.4000E+01   7.2545E-01
   9.5000E+01   7.8753E-01
   9.6000E+01   8.7558E-01
   9.7000E+01   9.8979E-01
   9.8000E+01   1.0887E+00
   9.9000E+01   1.1281E+00
   1.0000E+02   1.1121E+00
   1.0100E+02   1.0358E+00
   1.0200E+02   9.7249E-01
   1.0300E+02   9.5280E-01
   1.0400E+02   9.7739E-01
   1.0500E+02   1.0400E+00
   1.0600E+02   1.1117E+00
   1.0700E+02   1.1764E+00
   1.0800E+02   1.2227E+00
   1.0900E+02   1.2624E+00
   1.1000E+02   1.2822E+00
   1.1100E+02   1.2865E+00
   1.1200E+02   1.2726E+00
   1.1300E+02   1.2441E+00
   1.1400E+02   1.1938E+00
   1.1500E+02   1.1228E+00
   1.1600E+02   1.0306E+00
   1.1700E+02   9.2487E-01
   1.1800E+02   8.3434E-01
   1.1900E+02   7.7119E-01
   1.2000E+02   7.3109E-01
   1.2100E+02   7.1455E-01
   1.2200E+02   7.2120E-01
   1.2300E+02   7.4022E-01
   1.2400E+02   7.8267E-01
   1.2500E+02   8.3864E-01
   1.2600E+02   8.8823E-01
   1.2700E+02   9.3881E-01
   1.2800E+02   9.8825E-01
   1.2900E+02   1.0246E+00
   1.3000E+02   1.0384E+00
   1.3100E+02   1.0277E+00
   1.3200E+02   9.9622E-01
   1.3300E+02   9.4632E-01
   1.3400E+02   8.8493E-01
   1.3500E+02   8.2796E-01
   1.3600E+02   7.5266E-01
   1.3700E+02   7.1462E-01
   1.3800E+02   7.2919E-01
   1.3900E+02   7.9939E-01
   1.4000E+02   9.2507E-01
   1.4100E+02   1.0360E+00
   1.4200E+02   1.0660E+00
   1.4300E+02   1.0245E+00
   1.4400E+02   9.1067E-01
   1.4500E+02   7.9026E-01
   1.4600E+02   7.0660E-01
   1.4700E+02   6.5313E-01
   1.4800E+02   6.3403E-01
   1.4900E+02   6.3370E-01
   1.5000E+02   6.4809E-01
   1.5100E+02   6.7317E-01
   1.5200E+02   7.0434E-01
   1.5300E+02   7.2632E-01
   1.5400E+02   7.3105E-01
   1.5500E+02   7.1843E-01
   1.5500E+02   1.4150E+00
   1.5500E+02   7.1884E-01
   1.5600E+02   6.9802E-01
   1.5700E+02   7.5330E-01
   1.5800E+02   8.5998E-01
   1.5900E+02   1.0175E+00
   1.6000E+02   1.2624E+00
   1.6100E+02   1.3701E+00
   1.6200E+02   1.3931E+00
   1.6300E+02   1.2961E+00
   1.6400E+02   1.1264E+00
   1.6500E+02   1.0167E+00
   1.6600E+02   9.6196E-01
   1.6700E+02   9.5518E-01
   1.6800E+02   9.7044E-01
   1.6900E+02   9.7246E-01
   1.7000E+02   9.5383E-01
   1.7100E+02   9.1585E-01
   1.7200E+02   9.0344E-01
   1.7300E+02   9.7181E-01
   1.7300E+02   1.4150E+00
   1.7300E+02   9.3744E-01
   1.7400E+02   1.0414E+00
   1.7500E+02   1.2160E+00
   1.7600E+02   1.4004E+00
   1.7700E+02   1.4879E+00
   1.7800E+02   1.5197E+00
   1.7900E+02   1.4665E+00
   1.8000E+02   1.4100E+00
   1.8100E+02   1.2997E+00
   1.8200E+02   1.1863E+00
   1.8300E+02   1.0415E+00
   1.8400E+02   9.4598E-01
   1.8500E+02   8.6898E-01
   1.8600E+02   8.1922E-01
   1.8700E+02   8.1519E-01
   1.8800E+02   8.2529E-01
   1.8900E+02   8.4801E-01
   1.9000E+02   8.6492E-01
   1.9100E+02   8.9011E-01
   1.9200E+02   9.0315E-01
   1.9300E+02   8.8565E-01
   1.9400E+02   8.2328E-01
   1.9500E+02   7.9637E-01
   1.9600E+02   7.6622E-01
   1.9700E+02   7.6392E-01
   1.9800E+02   8.2009E-01
   1.9900E+02   8.3117E-01
   2.0000E+02   8.6312E-01
   2.0100E+02   8.8760E-01
   2.0200E+02   8.9207E-01
   2.0300E+02   8.9234E-01
   2.0400E+02   8.9837E-01
   2.0500E+02   9.0461E-01
   2.0600E+02   9.1719E-01
   2.0700E+02   9.1719E-01
   2.0800E+02   9.2902E-01
   2.0900E+02   9.3938E-01
   2.1000E+02   9.4574E-01
   2.1100E+02   9.4702E-01
   2.1200E+02   9.3891E-01
   2.1300E+02   9.2724E-01
   2.1400E+02   9.1049E-01
   2.1500E+02   8.8214E-01
   2.1600E+02   8.1131E-01
   2.1700E+02   7.1040E-01
   2.1800E+02   6.3708E-01
   2.1800E+02   1.4150E+00
   2.1800E+02   6.7865E-01
   2.1900E+02   5.9822E-01
   2.2000E+02   5.6011E-01
   2.2100E+02   5.6527E-01
   2.2200E+02   6.0383E-01
   2.2200E+02   1.4150E+00
   2.2200E+02   5.9953E-01
   2.2300E+02   6.4706E-01
   2.2400E+02   6.6030E-01
   2.2500E+02   6.4608E-01
   2.2500E+02   1.4150E+00
   2.2500E+02   6.5253E-01
   2.2500E+02   1.4150E+00
   2.2500E+02   1.4150E+00
   2.2500E+02   1.4150E+00
   2.2500E+02   6.5253E-01
   2.2500E+02   1.4150E+00
   2.2500E+02   6.5253E-01
   2.2600E+02   6.1749E-01
   2.2600E+02   1.4150E+00
   2.2600E+02   6.2064E-01
   2.2700E+02   5.9628E-01
   2.2800E+02   6.0608E-01
   2.2800E+02   1.4150E+00
   2.2800E+02   6.0104E-01
   2.2800E+02   1.4150E+00
   2.2800E+02   1.4150E+00
   2.2800E+02   1.4150E+00
   2.2800E+02   6.0104E-01
   2.2800E+02   1.4150E+00
   2.2800E+02   6.0104E-01
   2.2800E+02   1.4150E+00
   2.2800E+02   6.0104E-01
   2.2800E+02   1.4150E+00
   2.2800E+02   6.0104E-01
   2.2900E+02   6.3227E-01
   2.2900E+02   1.4150E+00
   2.2900E+02   6.3227E-01
   2.3000E+02   7.0217E-01
   2.3100E+02   7.7330E-01
   2.3200E+02   8.3482E-01
   2.3300E+02   8.8451E-01
   2.3400E+02   9.1390E-01
   2.3500E+02   9.2759E-01
   2.3600E+02   9.0214E-01
   2.3700E+02   8.6089E-01
   2.3800E+02   8.0351E-01
   2.3900E+02   7.5377E-01
   2.4000E+02   7.1176E-01
   2.4100E+02   6.9088E-01
   2.4200E+02   6.8946E-01
   2.4300E+02   7.0212E-01
   2.4400E+02   7.3388E-01
   2.4500E+02   7.8500E-01
   2.4600E+02   8.2985E-01
   2.4700E+02   8.5464E-01
   2.4800E+02   8.5903E-01
   2.4900E+02   8.4319E-01
   2.5000E+02   8.1363E-01
   2.5100E+02   8.0306E-01
   2.5200E+02   8.0829E-01
   2.5300E+02   8.4627E-01
   2.5400E+02   8.6259E-01
   2.5500E+02   8.8547E-01
   2.5600E+02   9.1060E-01
   2.5700E+02   9.1813E-01
   2.5800E+02   9.3413E-01
   2.5900E+02   9.6585E-01
   2.5900E+02   1.4150E+00
   2.5900E+02   9.5969E-01
   2.5900E+02   1.4150E+00
   2.5900E+02   1.4150E+00
   2.5900E+02   1.4150E+00
   2.5900E+02   9.5969E-01
   2.6000E+02   1.0116E+00
   2.6000E+02   1.4150E+00
   2.6000E+02   9.9930E-01
   2.6100E+02   1.0577E+00
   2.6200E+02   1.0947E+00
   2.6300E+02   1.0933E+00
   2.6400E+02   1.0214E+00
   2.6400E+02   1.4150E+00
   2.6400E+02   1.0630E+00
   2.6500E+02   9.9498E-01
   2.6600E+02   9.3784E-01
   2.6700E+02   9.2765E-01
   2.6800E+02   9.5427E-01
   2.6800E+02   1.4150E+00
   2.6800E+02   9.4926E-01
   2.6900E+02   1.0145E+00
   2.7000E+02   1.0980E+00
   2.7100E+02   1.1915E+00
   2.7200E+02   1.2631E+00
   2.7300E+02   1.3181E+00
   2.7400E+02   1.3589E+00
   2.7500E+02   1.3434E+00
   2.7600E+02   1.2960E+00
   2.7700E+02   1.2107E+00
   2.7800E+02   1.1663E+00
   2.7900E+02   1.1923E+00
   2.8000E+02   1.2680E+00
   2.8100E+02   1.3658E+00
   2.8200E+02   1.4424E+00
   2.8300E+02   1.4839E+00
   2.8400E+02   1.4754E+00
   2.8500E+02   1.4423E+00
   2.8600E+02   1.4152E+00
   2.8700E+02   1.3964E+00
   2.8800E+02   1.3918E+00
   2.8900E+02   1.4057E+00
   2.9000E+02   1.4523E+00
   2.9100E+02   1.5465E+00
   2.9200E+02   1.6751E+00
   2.9300E+02   1.7980E+00
   2.9400E+02   1.8769E+00
   2.9500E+02   1.9070E+00
   2.9600E+02   1.8619E+00
   2.9700E+02   1.8181E+00
   2.9800E+02   1.7289E+00
   2.9900E+02   1.5998E+00
   3.0000E+02   1.4806E+00
   3.0100E+02   1.3674E+00
   3.0200E+02   1.3016E+00
   3.0300E+02   1.2957E+00
   3.0400E+02   1.3447E+00
   3.0500E+02   1.3821E+00
   3.0600E+02   1.3973E+00
   3.0700E+02   1.3809E+00
   3.0800E+02   1.3332E+00
   3.0900E+02   1.2661E+00
   3.1000E+02   1.1585E+00
   3.1100E+02   1.0273E+00
   3.1100E+02   1.4150E+00
   3.1100E+02   1.0704E+00
   3.1200E+02   9.3233E-01
   3.1300E+02   8.7576E-01
   3.1400E+02   9.6149E-01
   3.1500E+02   1.1136E+00
   3.1600E+02   1.3822E+00
   3.1700E+02   1.5900E+00
   3.1800E+02   1.7100E+00
   3.1900E+02   1.7275E+00
   3.2000E+02   1.6734E+00
   3.2100E+02   1.6116E+00
   3.2200E+02   1.5920E+00
   3.2300E+02   1.5937E+00
   3.2400E+02   1.6269E+00
   3.2500E+02   1.7021E+00
   3.2600E+02   1.7978E+00
   3.2700E+02   1.8993E+00
   3.2800E+02   2.0309E+00
   3.2900E+02   2.0551E+00
   3.3000E+02   1.9358E+00
   3.3100E+02   1.7908E+00
   3.3200E+02   1.5273E+00
   3.3300E+02   1.3326E+00
   3.3400E+02   1.2024E+00
   3.3500E+02   1.1434E+00
   3.3600E+02   1.1251E+00
   3.3700E+02   1.0942E+00
   3.3800E+02   1.0623E+00
   3.3900E+02   1.0425E+00
   3.4000E+02   1.0441E+00
   3.4100E+02   1.0891E+00
   3.4200E+02   1.1927E+00
   3.4300E+02   1.3624E+00
   3.4400E+02   1.4968E+00
   3.4500E+02   1.5356E+00
   3.4600E+02   1.4404E+00
   3.4700E+02   1.3131E+00
   3.4800E+02   1.1198E+00
   3.4900E+02   1.0280E+00
   3.4900E+02   1.4150E+00
   3.4900E+02   1.0330E+00
   3.5000E+02   9.7630E-01
   3.5100E+02   9.8455E-01
   3.5100E+02   1.4150E+00
   3.5100E+02   9.8227E-01
   3.5100E+02   1.4150E+00
   3.5100E+02   1.4150E+00
   3.5100E+02   1.4150E+00
   3.5100E+02   9.8227E-01
   3.5100E+02   1.4150E+00
   3.5100E+02   9.8227E-01
   3.5100E+02   1.4150E+00
   3.5100E+02   9.8227E-01
   3.5200E+02   1.0204E+00
   3.5200E+02   1.4150E+00
   3.5200E+02   1.0204E+00
   3.5300E+02   1.0815E+00
   3.5300E+02   1.4150E+00
   3.5300E+02   1.0815E+00
   3.5400E+02   1.1754E+00
   3.5500E+02   1.2718E+00
   3.5600E+02   1.3567E+00
   3.5700E+02   1.4105E+00
   3.5800E+02   1.4283E+00
   3.5900E+02   1.4152E+00
   3.6000E+02   1.3825E+00
   3.6100E+02   1.3274E+00
   3.6200E+02   1.2687E+00
   3.6300E+02   1.1938E+00
   3.6400E+02   1.1240E+00
   3.6500E+02   1.0798E+00
   3.6600E+02   1.0433E+00
   3.6700E+02   1.0304E+00
   3.6800E+02   1.0629E+00
   3.6900E+02   1.1629E+00
   3.7000E+02   1.2597E+00
   3.7100E+02   1.4013E+00
   3.7200E+02   1.4833E+00
   3.7300E+02   1.5190E+00
   3.7400E+02   1.4699E+00
   3.7500E+02   1.4251E+00
   3.7600E+02   1.3329E+00
   3.7700E+02   1.1721E+00
   3.7800E+02   1.0345E+00
   3.7900E+02   9.1401E-01
   3.8000E+02   8.5554E-01
   3.8100E+02   9.0844E-01
   3.8100E+02   1.4150E+00
   3.8100E+02   8.7698E-01
   3.8200E+02   1.0019E+00
   3.8300E+02   1.1220E+00
   3.8400E+02   1.2790E+00
   3.8500E+02   1.4207E+00
   3.8600E+02   1.5859E+00
   3.8700E+02   1.6776E+00
   3.8800E+02   1.6865E+00
   3.8900E+02   1.5975E+00
   3.9000E+02   1.4274E+00
   3.9100E+02   1.2347E+00
   3.9200E+02   1.0927E+00
   3.9300E+02   1.0168E+00
   3.9400E+02   9.6997E-01
   3.9500E+02   9.4264E-01
   3.9600E+02   9.3824E-01
   3.9700E+02   9.5084E-01
   3.9800E+02   9.6408E-01
   3.9900E+02   9.7603E-01
   4.0000E+02   9.7325E-01
   4.0100E+02   9.4117E-01
   4.0200E+02   9.0930E-01
   4.0300E+02   8.6470E-01
   4.0400E+02   8.1890E-01
   4.0500E+02   7.0224E-01
   4.0600E+02   6.3095E-01
   4.0600E+02   1.4150E+00
   4.0600E+02   6.3995E-01
   4.0700E+02   5.8964E-01
   4.0800E+02   6.0488E-01
   4.0800E+02   1.4150E+00
   4.0800E+02   5.9787E-01
   4.0800E+02   1.4150E+00
   4.0800E+02   5.9787E-01
   4.0800E+02   1.4150E+00
   4.0800E+02   5.9787E-01
   4.0900E+02   6.8714E-01
   4.1000E+02   8.1631E-01
   4.1100E+02   8.4961E-01
   4.1200E+02   8.9551E-01
   4.1300E+02   9.1405E-01
   4.1400E+02   9.0366E-01
   4.1500E+02   8.8281E-01
   4.1600E+02   8.5116E-01
   4.1700E+02   8.2037E-01
   4.1800E+02   7.9107E-01
   4.1800E+02   1.4150E+00
   4.1800E+02   7.9107E-01
   4.1900E+02   7.6036E-01
   4.2000E+02   7.5246E-01
   4.2100E+02   7.5888E-01
   4.2200E+02   7.8058E-01
   4.2300E+02   8.2004E-01
   4.2400E+02   9.5096E-01
   4.2400E+02   1.4150E+00
   4.2400E+02   8.8625E-01
   4.2500E+02   9.9229E-01
   4.2600E+02   1.0661E+00
   4.2700E+02   1.1112E+00
   4.2800E+02   1.1129E+00
   4.2900E+02   1.0819E+00
   4.3000E+02   1.0201E+00
   4.3000E+02   1.4150E+00
   4.3000E+02   1.0349E+00
   4.3000E+02   1.4150E+00
   4.3000E+02   1.4150E+00
   4.3000E+02   1.4150E+00
   4.3000E+02   1.0349E+00
   4.3000E+02   1.4150E+00
   4.3000E+02   1.0349E+00
   4.3100E+02   9.7698E-01
   4.3200E+02   9.1637E-01
   4.3300E+02   8.6533E-01
   4.3400E+02   8.4524E-01
   4.3500E+02   8.5650E-01
   4.3600E+02   9.5613E-01
   4.3600E+02   1.4150E+00
   4.3600E+02   8.9440E-01
   4.3700E+02   9.7399E-01
   4.3800E+02   1.0205E+00
   4.3900E+02   1.0153E+00
   4.4000E+02   9.5790E-01
   4.4100E+02   8.2924E-01
   4.4200E+02   7.5882E-01
   4.4300E+02   6.8285E-01
   4.4400E+02   6.5086E-01
   4.4500E+02   6.4744E-01
   4.4600E+02   7.2678E-01
   4.4700E+02   8.5072E-01
   4.4700E+02   1.4150E+00
   4.4700E+02   8.0237E-01
   4.4800E+02   9.7997E-01
   4.4900E+02   1.1828E+00
   4.5000E+02   1.2903E+00
   4.5100E+02   1.2741E+00
   4.5200E+02   1.1438E+00
   4.5300E+02   9.5987E-01
   4.5400E+02   8.5598E-01
   4.5500E+02   8.7009E-01
   4.5500E+02   1.4150E+00
   4.5500E+02   8.5839E-01
   4.5600E+02   9.6667E-01
   4.5700E+02   1.1341E+00
   4.5800E+02   1.2551E+00
   4.5900E+02   1.3045E+00
   4.6000E+02   1.2796E+00
   4.6100E+02   1.2550E+00
   4.6200E+02   1.2104E+00
   4.6300E+02   1.1677E+00
   4.6400E+02   1.1488E+00
   4.6500E+02   1.1142E+00
   4.6600E+02   1.1012E+00
   4.6700E+02   1.0789E+00
   4.6800E+02   1.0711E+00
   4.6900E+02   1.0488E+00
   4.7000E+02   1.0321E+00
   4.7000E+02   1.4150E+00
   4.7000E+02   1.0428E+00
   4.7000E+02   1.4150E+00
   4.7000E+02   1.4150E+00
   4.7000E+02   1.4150E+00
   4.7000E+02   1.0428E+00
   4.7000E+02   1.4150E+00
   4.7000E+02   1.0428E+00
   4.7000E+02   1.4150E+00
   4.7000E+02   1.0428E+00
   4.7100E+02   1.0226E+00
   4.7100E+02   1.4150E+00
   4.7100E+02   1.0226E+00
   4.7100E+02   1.4150E+00
   4.7100E+02   1.0226E+00
