   0.0000E+00   1.4150E+00
   0.0000E+00   1.0526E+00
   1.0000E+00   1.0535E+00
   2.0000E+00   1.0829E+00
   3.0000E+00   1.1035E+00
   4.0000E+00   1.1557E+00
   5.0000E+00   1.2358E+00
   6.0000E+00   1.3507E+00
   7.0000E+00   1.4849E+00
   8.0000E+00   1.5970E+00
   9.0000E+00   1.6854E+00
   1.0000E+01   1.7549E+00
   1.1000E+01   1.7915E+00
   1.2000E+01   1.7801E+00
   1.3000E+01   1.7192E+00
   1.4000E+01   1.6064E+00
   1.5000E+01   1.4851E+00
   1.6000E+01   1.4134E+00
   1.7000E+01   1.3890E+00
   1.8000E+01   1.4147E+00
   1.9000E+01   1.4682E+00
   2.0000E+01   1.5172E+00
   2.1000E+01   1.5646E+00
   2.2000E+01   1.6089E+00
   2.3000E+01   1.6406E+00
   2.4000E+01   1.6598E+00
   2.5000E+01   1.6633E+00
   2.6000E+01   1.6533E+00
   2.7000E+01   1.6566E+00
   2.8000E+01   1.6924E+00
   2.9000E+01   1.7492E+00
   3.0000E+01   1.8364E+00
   3.1000E+01   1.8836E+00
   3.2000E+01   1.8605E+00
   3.3000E+01   1.7678E+00
   3.4000E+01   1.6161E+00
   3.5000E+01   1.5158E+00
   3.6000E+01   1.5044E+00
   3.7000E+01   1.5786E+00
   3.8000E+01   1.7229E+00
   3.9000E+01   1.8120E+00
   4.0000E+01   1.8070E+00
   4.1000E+01   1.7154E+00
   4.2000E+01   1.5541E+00
   4.3000E+01   1.4385E+00
   4.4000E+01   1.3930E+00
   4.5000E+01   1.4144E+00
   4.6000E+01   1.4879E+00
   4.7000E+01   1.5465E+00
   4.8000E+01   1.5903E+00
   4.9000E+01   1.6163E+00
   5.0000E+01   1.6240E+00
   5.1000E+01   1.6094E+00
   5.2000E+01   1.5695E+00
   5.3000E+01   1.5079E+00
   5.4000E+01   1.4439E+00
   5.5000E+01   1.4252E+00
   5.6000E+01   1.4529E+00
   5.7000E+01   1.5283E+00
   5.8000E+01   1.6234E+00
   5.9000E+01   1.7025E+00
   6.0000E+01   1.7650E+00
   6.1000E+01   1.8081E+00
   6.2000E+01   1.8257E+00
   6.3000E+01   1.8075E+00
   6.4000E+01   1.7503E+00
   6.5000E+01   1.6615E+00
   6.6000E+01   1.5652E+00
   6.7000E+01   1.5045E+00
   6.8000E+01   1.4665E+00
   6.9000E+01   1.4573E+00
   7.0000E+01   1.4626E+00
   7.1000E+01   1.4761E+00
   7.2000E+01   1.4974E+00
   7.3000E+01   1.5241E+00
   7.4000E+01   1.5395E+00
   7.5000E+01   1.5341E+00
   7.6000E+01   1.5086E+00
   7.7000E+01   1.4614E+00
   7.8000E+01   1.4204E+00
   7.9000E+01   1.3737E+00
   8.0000E+01   1.3336E+00
   8.1000E+01   1.2988E+00
   8.2000E+01   1.3044E+00
   8.3000E+01   1.3596E+00
   8.4000E+01   1.4579E+00
   8.5000E+01   1.5922E+00
   8.6000E+01   1.6909E+00
   8.7000E+01   1.7483E+00
   8.8000E+01   1.7638E+00
   8.9000E+01   1.7488E+00
   9.0000E+01   1.7411E+00
   9.1000E+01   1.7488E+00
   9.2000E+01   1.7653E+00
   9.3000E+01   1.7859E+00
   9.4000E+01   1.8157E+00
   9.5000E+01   1.8537E+00
   9.6000E+01   1.8945E+00
   9.7000E+01   1.9274E+00
   9.8000E+01   1.9244E+00
   9.9000E+01   1.8876E+00
   1.0000E+02   1.8154E+00
   1.0100E+02   1.7468E+00
   1.0200E+02   1.7336E+00
   1.0300E+02   1.7766E+00
   1.0400E+02   1.8743E+00
   1.0500E+02   1.9610E+00
   1.0600E+02   1.9733E+00
   1.0700E+02   1.9157E+00
   1.0800E+02   1.7863E+00
   1.0900E+02   1.6343E+00
   1.1000E+02   1.5037E+00
   1.1100E+02   1.3824E+00
   1.1200E+02   1.2793E+00
   1.1300E+02   1.2358E+00
   1.1400E+02   1.2689E+00
   1.1500E+02   1.3808E+00
   1.1600E+02   1.5633E+00
   1.1700E+02   1.7080E+00
   1.1800E+02   1.7841E+00
   1.1900E+02   1.7887E+00
   1.2000E+02   1.7317E+00
   1.2100E+02   1.6658E+00
   1.2200E+02   1.6146E+00
   1.2300E+02   1.5701E+00
   1.2400E+02   1.5409E+00
   1.2500E+02   1.5562E+00
   1.2600E+02   1.6195E+00
   1.2700E+02   1.7294E+00
   1.2800E+02   1.8747E+00
   1.2900E+02   1.9976E+00
   1.3000E+02   2.0802E+00
   1.3100E+02   2.1282E+00
   1.3200E+02   2.1455E+00
   1.3200E+02   1.4150E+00
   1.3200E+02   2.1455E+00
   1.3300E+02   2.1253E+00
   1.3400E+02   2.0819E+00
   1.3500E+02   2.0015E+00
   1.3600E+02   1.9209E+00
   1.3700E+02   1.8720E+00
   1.3800E+02   1.8795E+00
   1.3900E+02   1.9309E+00
   1.4000E+02   1.9637E+00
   1.4100E+02   1.9544E+00
   1.4200E+02   1.8855E+00
   1.4300E+02   1.7849E+00
   1.4400E+02   1.6737E+00
   1.4500E+02   1.6313E+00
   1.4600E+02   1.6610E+00
   1.4700E+02   1.7448E+00
   1.4800E+02   1.8175E+00
   1.4900E+02   1.8172E+00
   1.5000E+02   1.7432E+00
   1.5100E+02   1.5856E+00
   1.5200E+02   1.4742E+00
   1.5300E+02   1.4220E+00
   1.5400E+02   1.4359E+00
   1.5500E+02   1.5085E+00
   1.5600E+02   1.5722E+00
   1.5700E+02   1.6280E+00
   1.5800E+02   1.6826E+00
   1.5900E+02   1.7068E+00
   1.6000E+02   1.7413E+00
   1.6100E+02   1.7683E+00
   1.6200E+02   1.8042E+00
   1.6300E+02   1.8374E+00
   1.6400E+02   1.8329E+00
   1.6500E+02   1.8040E+00
   1.6600E+02   1.7309E+00
   1.6700E+02   1.6359E+00
   1.6800E+02   1.5688E+00
   1.6900E+02   1.5561E+00
   1.7000E+02   1.5872E+00
   1.7100E+02   1.6259E+00
   1.7200E+02   1.6776E+00
   1.7300E+02   1.7262E+00
   1.7400E+02   1.7515E+00
   1.7500E+02   1.7953E+00
   1.7600E+02   1.8489E+00
   1.7700E+02   1.9058E+00
   1.7800E+02   1.9792E+00
   1.7900E+02   2.0305E+00
   1.8000E+02   2.0394E+00
   1.8100E+02   1.9971E+00
   1.8200E+02   1.9237E+00
   1.8300E+02   1.8658E+00
   1.8400E+02   1.8543E+00
   1.8500E+02   1.8996E+00
   1.8600E+02   1.9913E+00
   1.8700E+02   2.0758E+00
   1.8800E+02   2.0806E+00
   1.8900E+02   1.9930E+00
   1.9000E+02   1.8393E+00
   1.9100E+02   1.6954E+00
   1.9200E+02   1.5417E+00
   1.9300E+02   1.4173E+00
   1.9400E+02   1.3077E+00
   1.9500E+02   1.1994E+00
   1.9600E+02   1.1477E+00
   1.9700E+02   1.1308E+00
   1.9800E+02   1.1316E+00
   1.9900E+02   1.1258E+00
   2.0000E+02   1.1093E+00
   2.0100E+02   1.0947E+00
   2.0200E+02   1.0641E+00
   2.0300E+02   1.0600E+00
   2.0400E+02   1.0823E+00
   2.0500E+02   1.1367E+00
   2.0600E+02   1.2311E+00
   2.0700E+02   1.3140E+00
   2.0800E+02   1.4003E+00
   2.0900E+02   1.4838E+00
   2.1000E+02   1.5578E+00
   2.1100E+02   1.5912E+00
   2.1200E+02   1.5675E+00
   2.1300E+02   1.4862E+00
   2.1400E+02   1.3892E+00
   2.1500E+02   1.3248E+00
   2.1600E+02   1.3231E+00
   2.1700E+02   1.3896E+00
   2.1800E+02   1.4320E+00
   2.1900E+02   1.4422E+00
   2.2000E+02   1.4023E+00
   2.2100E+02   1.2956E+00
   2.2200E+02   1.2059E+00
   2.2300E+02   1.2122E+00
   2.2400E+02   1.3032E+00
   2.2500E+02   1.4420E+00
   2.2600E+02   1.6192E+00
   2.2700E+02   1.7357E+00
   2.2800E+02   1.7876E+00
   2.2900E+02   1.7672E+00
   2.3000E+02   1.7433E+00
   2.3100E+02   1.7347E+00
   2.3200E+02   1.7436E+00
   2.3300E+02   1.7693E+00
   2.3400E+02   1.7853E+00
   2.3500E+02   1.7655E+00
   2.3600E+02   1.7276E+00
   2.3700E+02   1.6553E+00
   2.3800E+02   1.5963E+00
   2.3900E+02   1.5303E+00
   2.4000E+02   1.4863E+00
   2.4100E+02   1.4393E+00
   2.4200E+02   1.4185E+00
   2.4300E+02   1.4057E+00
   2.4400E+02   1.4047E+00
   2.4500E+02   1.4143E+00
   2.4600E+02   1.4495E+00
   2.4700E+02   1.4965E+00
   2.4800E+02   1.5760E+00
   2.4900E+02   1.6441E+00
   2.5000E+02   1.6745E+00
   2.5100E+02   1.6462E+00
   2.5200E+02   1.5751E+00
   2.5300E+02   1.4987E+00
   2.5400E+02   1.4679E+00
   2.5500E+02   1.5134E+00
   2.5600E+02   1.6116E+00
   2.5700E+02   1.7304E+00
   2.5800E+02   1.8299E+00
   2.5900E+02   1.9154E+00
   2.6000E+02   1.9874E+00
   2.6100E+02   2.0145E+00
   2.6200E+02   2.0430E+00
   2.6300E+02   2.0459E+00
   2.6400E+02   2.0357E+00
   2.6500E+02   1.9906E+00
   2.6600E+02   1.9526E+00
   2.6700E+02   1.8455E+00
   2.6800E+02   1.7962E+00
   2.6900E+02   1.7121E+00
   2.7000E+02   1.6715E+00
   2.7100E+02   1.6865E+00
   2.7200E+02   1.7341E+00
   2.7300E+02   1.7940E+00
   2.7400E+02   1.8328E+00
   2.7500E+02   1.8600E+00
   2.7600E+02   1.8761E+00
   2.7700E+02   1.8516E+00
   2.7800E+02   1.8223E+00
   2.7900E+02   1.7731E+00
   2.8000E+02   1.6752E+00
   2.8100E+02   1.6167E+00
   2.8200E+02   1.5724E+00
   2.8300E+02   1.5633E+00
   2.8400E+02   1.6015E+00
   2.8500E+02   1.6449E+00
   2.8600E+02   1.7044E+00
   2.8700E+02   1.8076E+00
   2.8800E+02   1.9262E+00
   2.8900E+02   1.9594E+00
   2.9000E+02   1.8883E+00
   2.9100E+02   1.7196E+00
   2.9200E+02   1.4859E+00
   2.9200E+02   1.4150E+00
   2.9200E+02   1.4914E+00
   2.9300E+02   1.3041E+00
   2.9400E+02   1.1848E+00
   2.9500E+02   1.1479E+00
   2.9600E+02   1.1582E+00
   2.9700E+02   1.1595E+00
   2.9800E+02   1.1478E+00
   2.9900E+02   1.1186E+00
   3.0000E+02   1.1187E+00
   3.0100E+02   1.1844E+00
   3.0200E+02   1.2673E+00
   3.0300E+02   1.4033E+00
   3.0400E+02   1.5758E+00
   3.0500E+02   1.7083E+00
   3.0600E+02   1.8079E+00
   3.0700E+02   1.8534E+00
   3.0800E+02   1.8720E+00
   3.0900E+02   1.8409E+00
   3.1000E+02   1.7975E+00
   3.1100E+02   1.6935E+00
   3.1200E+02   1.6216E+00
   3.1300E+02   1.5881E+00
   3.1400E+02   1.6138E+00
   3.1500E+02   1.6873E+00
   3.1600E+02   1.7461E+00
   3.1700E+02   1.8126E+00
   3.1800E+02   1.8487E+00
   3.1900E+02   1.8826E+00
   3.2000E+02   1.8857E+00
   3.2100E+02   1.8751E+00
   3.2200E+02   1.8258E+00
   3.2300E+02   1.7751E+00
   3.2400E+02   1.7015E+00
   3.2500E+02   1.6315E+00
   3.2600E+02   1.5594E+00
   3.2700E+02   1.4759E+00
   3.2800E+02   1.4290E+00
   3.2900E+02   1.3989E+00
   3.3000E+02   1.3772E+00
   3.3100E+02   1.3816E+00
   3.3200E+02   1.4229E+00
   3.3300E+02   1.5285E+00
   3.3400E+02   1.6484E+00
   3.3500E+02   1.8099E+00
   3.3600E+02   1.8630E+00
   3.3700E+02   1.8218E+00
   3.3800E+02   1.6772E+00
   3.3900E+02   1.4940E+00
   3.4000E+02   1.4051E+00
   3.4100E+02   1.4166E+00
   3.4200E+02   1.5347E+00
   3.4300E+02   1.7249E+00
   3.4400E+02   1.8249E+00
   3.4500E+02   1.8991E+00
   3.4600E+02   1.9179E+00
   3.4700E+02   1.9137E+00
   3.4800E+02   1.9184E+00
   3.4900E+02   1.9251E+00
   3.5000E+02   1.9414E+00
   3.5100E+02   1.9433E+00
   3.5200E+02   1.9249E+00
   3.5300E+02   1.8642E+00
   3.5400E+02   1.8193E+00
   3.5500E+02   1.7483E+00
   3.5600E+02   1.6447E+00
   3.5700E+02   1.5359E+00
   3.5800E+02   1.4580E+00
   3.5800E+02   1.4150E+00
   3.5800E+02   1.4594E+00
   3.5900E+02   1.3940E+00
   3.6000E+02   1.4145E+00
   3.6100E+02   1.5094E+00
   3.6200E+02   1.6700E+00
   3.6300E+02   1.8074E+00
   3.6400E+02   1.9030E+00
   3.6500E+02   1.9422E+00
   3.6600E+02   1.9399E+00
   3.6700E+02   1.9286E+00
   3.6800E+02   1.9171E+00
   3.6900E+02   1.9001E+00
   3.7000E+02   1.9001E+00
   3.7100E+02   1.8792E+00
   3.7200E+02   1.8617E+00
   3.7300E+02   1.8411E+00
   3.7400E+02   1.8324E+00
   3.7500E+02   1.8316E+00
   3.7600E+02   1.8535E+00
   3.7700E+02   1.9201E+00
   3.7800E+02   1.9327E+00
   3.7900E+02   1.9485E+00
   3.8000E+02   1.9295E+00
   3.8100E+02   1.8594E+00
   3.8200E+02   1.8266E+00
   3.8300E+02   1.7976E+00
   3.8400E+02   1.8104E+00
   3.8500E+02   1.8419E+00
   3.8600E+02   1.8830E+00
   3.8700E+02   1.8761E+00
   3.8800E+02   1.8228E+00
   3.8900E+02   1.7499E+00
   3.9000E+02   1.6480E+00
   3.9100E+02   1.5827E+00
   3.9200E+02   1.5316E+00
   3.9300E+02   1.5285E+00
   3.9400E+02   1.5371E+00
   3.9500E+02   1.5610E+00
   3.9600E+02   1.6167E+00
   3.9700E+02   1.6522E+00
   3.9800E+02   1.6858E+00
   3.9900E+02   1.7343E+00
   4.0000E+02   1.7651E+00
   4.0100E+02   1.8007E+00
   4.0200E+02   1.8184E+00
   4.0300E+02   1.8131E+00
   4.0400E+02   1.7773E+00
   4.0500E+02   1.7304E+00
   4.0600E+02   1.7148E+00
   4.0700E+02   1.7479E+00
   4.0800E+02   1.8057E+00
   4.0900E+02   1.9121E+00
   4.1000E+02   1.9730E+00
   4.1100E+02   1.9664E+00
   4.1200E+02   1.9056E+00
   4.1300E+02   1.8031E+00
   4.1400E+02   1.7280E+00
   4.1500E+02   1.7069E+00
   4.1600E+02   1.7391E+00
   4.1700E+02   1.7678E+00
   4.1800E+02   1.6676E+00
   4.1900E+02   1.4266E+00
   4.2000E+02   1.0221E+00
   4.2100E+02   6.1068E-01
   4.2200E+02   3.6000E-01
   4.2300E+02   3.8610E-01
   4.2400E+02   5.8336E-01
   4.2400E+02   1.4150E+00
   4.2400E+02   5.5825E-01
   4.2500E+02   9.3911E-01
   4.2600E+02   1.2383E+00
   4.2700E+02   1.5256E+00
   4.2800E+02   1.7832E+00
   4.2900E+02   1.9536E+00
   4.3000E+02   2.0318E+00
   4.3100E+02   1.9747E+00
   4.3200E+02   1.8571E+00
   4.3300E+02   1.7252E+00
   4.3400E+02   1.6750E+00
   4.3500E+02   1.7201E+00
   4.3600E+02   1.8655E+00
   4.3700E+02   1.9926E+00
   4.3800E+02   2.0591E+00
   4.3900E+02   2.0420E+00
   4.4000E+02   1.9535E+00
   4.4100E+02   1.8657E+00
   4.4200E+02   1.8067E+00
   4.4300E+02   1.7365E+00
   4.4400E+02   1.6885E+00
   4.4500E+02   1.6158E+00
   4.4600E+02   1.5203E+00
   4.4700E+02   1.4184E+00
   4.4800E+02   1.2865E+00
   4.4900E+02   1.1827E+00
   4.5000E+02   1.1407E+00
   4.5100E+02   1.1603E+00
   4.5200E+02   1.2037E+00
   4.5300E+02   1.2371E+00
   4.5400E+02   1.2330E+00
   4.5500E+02   1.1927E+00
   4.5600E+02   1.1690E+00
   4.5700E+02   1.1857E+00
   4.5800E+02   1.2922E+00
   4.5900E+02   1.3729E+00
   4.6000E+02   1.5389E+00
   4.6100E+02   1.6811E+00
   4.6200E+02   1.7819E+00
   4.6300E+02   1.8349E+00
   4.6400E+02   1.8746E+00
   4.6500E+02   1.9223E+00
   4.6600E+02   2.0212E+00
   4.6700E+02   2.0705E+00
   4.6800E+02   2.0895E+00
   4.6900E+02   2.0296E+00
   4.7000E+02   1.8949E+00
   4.7100E+02   1.6645E+00
   4.7200E+02   1.4334E+00
   4.7300E+02   1.3252E+00
   4.7400E+02   1.3629E+00
   4.7500E+02   1.5121E+00
   4.7600E+02   1.6925E+00
   4.7700E+02   1.8119E+00
   4.7800E+02   1.8729E+00
   4.7900E+02   1.8569E+00
   4.8000E+02   1.8113E+00
   4.8100E+02   1.7021E+00
   4.8200E+02   1.5485E+00
   4.8300E+02   1.3793E+00
   4.8400E+02   1.1898E+00
   4.8500E+02   1.0837E+00
   4.8600E+02   1.0255E+00
   4.8600E+02   1.4150E+00
   4.8600E+02   1.0276E+00
   4.8700E+02   1.0100E+00
   4.8800E+02   1.0617E+00
   4.8900E+02   1.1748E+00
   4.9000E+02   1.3695E+00
   4.9100E+02   1.6030E+00
   4.9200E+02   1.7648E+00
   4.9300E+02   1.8552E+00
   4.9400E+02   1.8549E+00
   4.9500E+02   1.7876E+00
   4.9600E+02   1.6929E+00
   4.9700E+02   1.5740E+00
   4.9800E+02   1.4944E+00
   4.9900E+02   1.3975E+00
   5.0000E+02   1.3197E+00
   5.0100E+02   1.2845E+00
   5.0200E+02   1.2776E+00
   5.0300E+02   1.3079E+00
   5.0400E+02   1.3725E+00
   5.0400E+02   1.4150E+00
   5.0400E+02   1.3361E+00
   5.0500E+02   1.4038E+00
   5.0600E+02   1.4803E+00
   5.0700E+02   1.5550E+00
   5.0800E+02   1.5860E+00
   5.0900E+02   1.5987E+00
   5.1000E+02   1.5717E+00
   5.1100E+02   1.5474E+00
   5.1200E+02   1.5336E+00
   5.1300E+02   1.5334E+00
   5.1400E+02   1.5624E+00
   5.1500E+02   1.5997E+00
   5.1600E+02   1.6529E+00
   5.1700E+02   1.7059E+00
   5.1800E+02   1.7854E+00
   5.1900E+02   1.8541E+00
   5.2000E+02   1.8575E+00
   5.2100E+02   1.8153E+00
   5.2200E+02   1.7119E+00
   5.2300E+02   1.6381E+00
   5.2400E+02   1.6399E+00
   5.2500E+02   1.7093E+00
   5.2600E+02   1.8231E+00
   5.2700E+02   1.9335E+00
   5.2800E+02   1.9653E+00
   5.2900E+02   1.9279E+00
   5.3000E+02   1.8301E+00
   5.3000E+02   1.4150E+00
   5.3000E+02   1.8532E+00
   5.3100E+02   1.7468E+00
   5.3200E+02   1.6348E+00
   5.3300E+02   1.5462E+00
   5.3400E+02   1.4608E+00
   5.3500E+02   1.3788E+00
   5.3600E+02   1.3125E+00
   5.3700E+02   1.2780E+00
   5.3800E+02   1.2643E+00
   5.3900E+02   1.3219E+00
   5.4000E+02   1.3687E+00
   5.4100E+02   1.4816E+00
   5.4200E+02   1.6228E+00
   5.4300E+02   1.7085E+00
   5.4400E+02   1.7104E+00
   5.4500E+02   1.6166E+00
   5.4600E+02   1.5408E+00
   5.4700E+02   1.4664E+00
   5.4800E+02   1.4150E+00
   5.4900E+02   1.3824E+00
   5.5000E+02   1.3852E+00
   5.5100E+02   1.4124E+00
   5.5200E+02   1.4712E+00
   5.5300E+02   1.5968E+00
   5.5400E+02   1.6689E+00
   5.5500E+02   1.7466E+00
   5.5600E+02   1.7761E+00
   5.5700E+02   1.7750E+00
   5.5800E+02   1.7550E+00
   5.5900E+02   1.7240E+00
   5.6000E+02   1.6882E+00
   5.6100E+02   1.6254E+00
   5.6200E+02   1.5692E+00
   5.6300E+02   1.5421E+00
   5.6400E+02   1.4867E+00
   5.6500E+02   1.4308E+00
   5.6600E+02   1.3949E+00
   5.6700E+02   1.3156E+00
   5.6800E+02   1.2145E+00
   5.6900E+02   1.1137E+00
   5.7000E+02   1.0354E+00
   5.7000E+02   1.4150E+00
   5.7000E+02   1.0420E+00
   5.7100E+02   1.0108E+00
   5.7200E+02   1.0283E+00
   5.7300E+02   1.0998E+00
   5.7400E+02   1.2345E+00
   5.7500E+02   1.4142E+00
   5.7600E+02   1.6215E+00
   5.7700E+02   1.8775E+00
   5.7800E+02   2.0214E+00
   5.7900E+02   2.0403E+00
   5.8000E+02   1.9138E+00
   5.8100E+02   1.7152E+00
   5.8200E+02   1.5744E+00
   5.8300E+02   1.5094E+00
   5.8400E+02   1.5246E+00
   5.8500E+02   1.6058E+00
   5.8600E+02   1.6698E+00
   5.8700E+02   1.7532E+00
   5.8800E+02   1.8118E+00
   5.8900E+02   1.8689E+00
   5.9000E+02   1.9032E+00
   5.9100E+02   1.9075E+00
   5.9200E+02   1.8770E+00
   5.9300E+02   1.8560E+00
   5.9400E+02   1.8319E+00
   5.9500E+02   1.8151E+00
   5.9600E+02   1.8030E+00
   5.9700E+02   1.8006E+00
   5.9800E+02   1.8063E+00
   5.9900E+02   1.8211E+00
   6.0000E+02   1.8454E+00
   6.0100E+02   1.8700E+00
   6.0200E+02   1.8920E+00
   6.0300E+02   1.8955E+00
   6.0400E+02   1.8954E+00
   6.0500E+02   1.8957E+00
   6.0600E+02   1.8984E+00
   6.0700E+02   1.9036E+00
   6.0800E+02   1.9153E+00
   6.0900E+02   1.9153E+00
   6.1000E+02   1.9526E+00
   6.1100E+02   1.9799E+00
   6.1200E+02   1.9916E+00
   6.1300E+02   2.0082E+00
   6.1400E+02   2.0172E+00
   6.1500E+02   2.0106E+00
   6.1600E+02   1.9983E+00
   6.1700E+02   1.9550E+00
   6.1800E+02   1.8666E+00
   6.1900E+02   1.7919E+00
   6.2000E+02   1.6725E+00
   6.2100E+02   1.5571E+00
   6.2200E+02   1.4777E+00
   6.2300E+02   1.4164E+00
   6.2400E+02   1.3596E+00
   6.2500E+02   1.2896E+00
   6.2600E+02   1.1961E+00
   6.2700E+02   1.1068E+00
   6.2800E+02   1.0164E+00
   6.2900E+02   9.4188E-01
   6.3000E+02   8.9927E-01
   6.3100E+02   8.9950E-01
   6.3200E+02   9.0953E-01
   6.3300E+02   8.9760E-01
   6.3400E+02   8.8155E-01
   6.3500E+02   8.3034E-01
   6.3600E+02   8.1671E-01
   6.3700E+02   8.5622E-01
   6.3800E+02   9.0165E-01
   6.3800E+02   1.4150E+00
   6.3800E+02   8.8168E-01
   6.3900E+02   9.9474E-01
   6.4000E+02   1.0908E+00
   6.4100E+02   1.2081E+00
   6.4200E+02   1.3250E+00
   6.4300E+02   1.4104E+00
   6.4400E+02   1.4710E+00
   6.4500E+02   1.4781E+00
   6.4600E+02   1.4326E+00
   6.4700E+02   1.3272E+00
   6.4800E+02   1.2090E+00
   6.4900E+02   1.0473E+00
   6.4900E+02   1.4150E+00
   6.4900E+02   1.0833E+00
   6.4900E+02   1.4150E+00
   6.4900E+02   1.4150E+00
   6.4900E+02   1.0833E+00
   6.4900E+02   1.4150E+00
   6.4900E+02   1.0833E+00
   6.4900E+02   1.4150E+00
   6.4900E+02   1.0833E+00
   6.5000E+02   9.4273E-01
   6.5100E+02   7.9408E-01
   6.5200E+02   7.8113E-01
   6.5300E+02   9.4462E-01
   6.5300E+02   1.4150E+00
   6.5300E+02   8.8337E-01
   6.5400E+02   1.1594E+00
   6.5500E+02   1.5179E+00
   6.5600E+02   1.7930E+00
   6.5700E+02   1.8855E+00
   6.5800E+02   1.8105E+00
   6.5900E+02   1.5656E+00
   6.6000E+02   1.3237E+00
   6.6100E+02   1.0580E+00
   6.6200E+02   7.8118E-01
   6.6300E+02   5.4986E-01
   6.6400E+02   4.2679E-01
   6.6500E+02   5.0019E-01
   6.6500E+02   1.4150E+00
   6.6500E+02   4.5781E-01
   6.6500E+02   1.4150E+00
   6.6500E+02   1.4150E+00
   6.6500E+02   1.4150E+00
   6.6500E+02   4.5781E-01
   6.6500E+02   1.4150E+00
   6.6500E+02   4.5781E-01
   6.6500E+02   1.4150E+00
   6.6500E+02   4.5781E-01
   6.6500E+02   1.4150E+00
   6.6500E+02   4.5781E-01
   6.6500E+02   1.4150E+00
   6.6500E+02   4.5781E-01
