   0.0000E+00   1.4150E+00
   0.0000E+00   1.0216E+00
   1.0000E+00   1.0222E+00
   2.0000E+00   1.0413E+00
   3.0000E+00   1.0559E+00
   4.0000E+00   1.0560E+00
   5.0000E+00   1.0433E+00
   6.0000E+00   1.0170E+00
   7.0000E+00   9.9864E-01
   8.0000E+00   1.0102E+00
   9.0000E+00   1.0498E+00
   1.0000E+01   1.1204E+00
   1.1000E+01   1.2183E+00
   1.2000E+01   1.3311E+00
   1.3000E+01   1.4694E+00
   1.4000E+01   1.6262E+00
   1.5000E+01   1.7422E+00
   1.6000E+01   1.7928E+00
   1.7000E+01   1.7709E+00
   1.8000E+01   1.6878E+00
   1.9000E+01   1.6110E+00
   2.0000E+01   1.5780E+00
   2.1000E+01   1.5908E+00
   2.2000E+01   1.6398E+00
   2.3000E+01   1.6532E+00
   2.4000E+01   1.6069E+00
   2.5000E+01   1.4984E+00
   2.5000E+01   1.4150E+00
   2.5000E+01   1.5018E+00
   2.6000E+01   1.3443E+00
   2.7000E+01   1.2433E+00
   2.8000E+01   1.2399E+00
   2.9000E+01   1.3336E+00
   3.0000E+01   1.4299E+00
   3.1000E+01   1.5577E+00
   3.2000E+01   1.6241E+00
   3.3000E+01   1.6728E+00
   3.4000E+01   1.6965E+00
   3.5000E+01   1.7145E+00
   3.6000E+01   1.7457E+00
   3.7000E+01   1.7659E+00
   3.8000E+01   1.7684E+00
   3.9000E+01   1.7412E+00
   4.0000E+01   1.6550E+00
   4.1000E+01   1.5309E+00
   4.2000E+01   1.4016E+00
   4.3000E+01   1.3343E+00
   4.4000E+01   1.3506E+00
   4.5000E+01   1.4218E+00
   4.6000E+01   1.5221E+00
   4.7000E+01   1.5808E+00
   4.8000E+01   1.5817E+00
   4.9000E+01   1.5376E+00
   5.0000E+01   1.4982E+00
   5.1000E+01   1.5071E+00
   5.2000E+01   1.5532E+00
   5.3000E+01   1.6585E+00
   5.4000E+01   1.7286E+00
   5.5000E+01   1.7284E+00
   5.6000E+01   1.6813E+00
   5.7000E+01   1.5686E+00
   5.8000E+01   1.4355E+00
   5.9000E+01   1.3602E+00
   6.0000E+01   1.2920E+00
   6.1000E+01   1.2582E+00
   6.2000E+01   1.2665E+00
   6.3000E+01   1.3253E+00
   6.4000E+01   1.3731E+00
   6.5000E+01   1.4405E+00
   6.6000E+01   1.4848E+00
   6.7000E+01   1.4542E+00
   6.8000E+01   1.3696E+00
   6.9000E+01   1.2276E+00
   7.0000E+01   1.1321E+00
   7.1000E+01   1.1120E+00
   7.2000E+01   1.1601E+00
   7.3000E+01   1.2397E+00
   7.4000E+01   1.2714E+00
   7.5000E+01   1.2425E+00
   7.6000E+01   1.1475E+00
   7.7000E+01   1.0365E+00
   7.8000E+01   9.8423E-01
   7.9000E+01   1.0129E+00
   8.0000E+01   1.1252E+00
   8.1000E+01   1.2651E+00
   8.2000E+01   1.4208E+00
   8.3000E+01   1.5822E+00
   8.4000E+01   1.7368E+00
   8.5000E+01   1.8290E+00
   8.6000E+01   1.8283E+00
   8.7000E+01   1.7407E+00
   8.8000E+01   1.5407E+00
   8.9000E+01   1.3189E+00
   9.0000E+01   1.1559E+00
   9.1000E+01   1.0658E+00
   9.2000E+01   1.0529E+00
   9.3000E+01   1.0547E+00
   9.4000E+01   1.0417E+00
   9.5000E+01   1.0151E+00
   9.5000E+01   1.4150E+00
   9.5000E+01   1.0221E+00
   9.6000E+01   9.8788E-01
   9.7000E+01   1.0084E+00
   9.8000E+01   1.1284E+00
   9.9000E+01   1.3224E+00
   1.0000E+02   1.6158E+00
   1.0000E+02   1.4150E+00
   1.0000E+02   1.6059E+00
   1.0100E+02   1.8280E+00
   1.0200E+02   1.9046E+00
   1.0300E+02   1.8276E+00
   1.0400E+02   1.6217E+00
   1.0500E+02   1.4240E+00
   1.0600E+02   1.3024E+00
   1.0700E+02   1.2112E+00
   1.0800E+02   1.1826E+00
   1.0900E+02   1.1639E+00
   1.1000E+02   1.1483E+00
   1.1100E+02   1.1365E+00
   1.1200E+02   1.1222E+00
   1.1300E+02   1.0599E+00
   1.1300E+02   1.4150E+00
   1.1300E+02   1.0856E+00
   1.1400E+02   1.0029E+00
   1.1500E+02   8.6891E-01
   1.1600E+02   7.3078E-01
   1.1700E+02   5.7185E-01
   1.1800E+02   3.7756E-01
   1.1900E+02   2.2650E-01
   1.2000E+02   8.3454E-02
   1.2100E+02   2.2371E-02
   1.2200E+02   6.8802E-02
   1.2300E+02   1.9112E-01
   1.2400E+02   4.0888E-01
   1.2500E+02   6.0163E-01
   1.2600E+02   8.2610E-01
   1.2700E+02   1.0476E+00
   1.2800E+02   1.2869E+00
   1.2900E+02   1.4417E+00
   1.3000E+02   1.5781E+00
   1.3100E+02   1.6441E+00
   1.3200E+02   1.6815E+00
   1.3300E+02   1.6818E+00
   1.3400E+02   1.6519E+00
   1.3500E+02   1.5968E+00
   1.3600E+02   1.5707E+00
   1.3700E+02   1.5934E+00
   1.3800E+02   1.6658E+00
   1.3900E+02   1.8058E+00
   1.4000E+02   1.8901E+00
   1.4100E+02   1.8980E+00
   1.4200E+02   1.8262E+00
   1.4300E+02   1.6638E+00
   1.4400E+02   1.5144E+00
   1.4500E+02   1.3823E+00
   1.4600E+02   1.2624E+00
   1.4700E+02   1.1816E+00
   1.4800E+02   1.1132E+00
   1.4900E+02   1.0785E+00
   1.5000E+02   1.0489E+00
   1.5100E+02   1.0437E+00
   1.5200E+02   1.0748E+00
   1.5300E+02   1.1633E+00
   1.5400E+02   1.2754E+00
   1.5500E+02   1.3901E+00
   1.5600E+02   1.4319E+00
   1.5700E+02   1.3703E+00
   1.5800E+02   1.1843E+00
   1.5900E+02   9.6937E-01
   1.6000E+02   7.9940E-01
   1.6100E+02   7.3706E-01
   1.6200E+02   7.5385E-01
   1.6300E+02   8.3977E-01
   1.6400E+02   9.1428E-01
   1.6500E+02   9.8261E-01
   1.6500E+02   1.4150E+00
   1.6500E+02   9.7133E-01
   1.6500E+02   1.4150E+00
   1.6500E+02   1.4150E+00
   1.6500E+02   1.4150E+00
   1.6500E+02   9.7133E-01
   1.6600E+02   1.0377E+00
   1.6700E+02   1.0881E+00
   1.6800E+02   1.1198E+00
   1.6900E+02   1.1271E+00
   1.7000E+02   1.1160E+00
   1.7100E+02   1.0860E+00
   1.7200E+02   1.0441E+00
   1.7300E+02   1.0232E+00
   1.7400E+02   1.0232E+00
   1.7500E+02   1.0232E+00
   1.7500E+02   1.4150E+00
   1.7500E+02   9.1516E-01
   1.7600E+02   9.5826E-01
   1.7700E+02   1.0660E+00
   1.7800E+02   1.2609E+00
   1.7900E+02   1.4248E+00
   1.8000E+02   1.6196E+00
   1.8100E+02   1.7692E+00
   1.8200E+02   1.9051E+00
   1.8300E+02   1.9508E+00
   1.8400E+02   1.8876E+00
   1.8500E+02   1.8175E+00
   1.8500E+02   1.4150E+00
   1.8500E+02   1.7244E+00
   1.8600E+02   1.4446E+00
   1.8700E+02   1.2163E+00
   1.8800E+02   1.0942E+00
   1.8900E+02   1.0736E+00
   1.9000E+02   1.1400E+00
   1.9100E+02   1.2205E+00
   1.9200E+02   1.2648E+00
   1.9300E+02   1.2901E+00
   1.9400E+02   1.2960E+00
   1.9500E+02   1.2745E+00
   1.9600E+02   1.2373E+00
   1.9700E+02   1.1326E+00
   1.9800E+02   1.0933E+00
   1.9900E+02   1.0456E+00
   2.0000E+02   1.0274E+00
   2.0100E+02   1.0473E+00
   2.0200E+02   1.0826E+00
   2.0300E+02   1.1215E+00
   2.0400E+02   1.1447E+00
   2.0500E+02   1.1578E+00
   2.0600E+02   1.1661E+00
   2.0700E+02   1.1863E+00
   2.0800E+02   1.2045E+00
   2.0900E+02   1.2254E+00
   2.1000E+02   1.2518E+00
   2.1100E+02   1.3093E+00
   2.1200E+02   1.3455E+00
   2.1300E+02   1.3972E+00
   2.1400E+02   1.4293E+00
   2.1500E+02   1.4015E+00
   2.1600E+02   1.2998E+00
   2.1700E+02   1.1444E+00
   2.1800E+02   1.0215E+00
   2.1900E+02   9.2678E-01
   2.2000E+02   8.7542E-01
   2.2100E+02   8.8626E-01
   2.2200E+02   9.2164E-01
   2.2300E+02   9.8495E-01
   2.2300E+02   1.4150E+00
   2.2300E+02   9.6242E-01
   2.2400E+02   1.0356E+00
   2.2500E+02   1.1262E+00
   2.2600E+02   1.2158E+00
   2.2700E+02   1.2709E+00
   2.2800E+02   1.3137E+00
   2.2900E+02   1.3260E+00
   2.3000E+02   1.3623E+00
   2.3100E+02   1.4207E+00
   2.3200E+02   1.5161E+00
   2.3300E+02   1.5960E+00
   2.3400E+02   1.6309E+00
   2.3500E+02   1.5931E+00
   2.3600E+02   1.4995E+00
   2.3700E+02   1.3522E+00
   2.3800E+02   1.2663E+00
   2.3900E+02   1.2636E+00
   2.4000E+02   1.3458E+00
   2.4100E+02   1.4513E+00
   2.4200E+02   1.5239E+00
   2.4300E+02   1.5299E+00
   2.4400E+02   1.4846E+00
   2.4500E+02   1.4038E+00
   2.4600E+02   1.3168E+00
   2.4700E+02   1.2389E+00
   2.4800E+02   1.1445E+00
   2.4900E+02   1.0908E+00
   2.5000E+02   1.0716E+00
   2.5100E+02   1.0950E+00
   2.5200E+02   1.1312E+00
   2.5300E+02   1.1660E+00
   2.5400E+02   1.2138E+00
   2.5500E+02   1.2726E+00
   2.5600E+02   1.3356E+00
   2.5700E+02   1.3979E+00
   2.5800E+02   1.4639E+00
   2.5900E+02   1.5175E+00
   2.6000E+02   1.5587E+00
   2.6100E+02   1.5793E+00
   2.6200E+02   1.5563E+00
   2.6300E+02   1.4965E+00
   2.6400E+02   1.4287E+00
   2.6500E+02   1.3617E+00
   2.6600E+02   1.3278E+00
   2.6700E+02   1.3348E+00
   2.6800E+02   1.3827E+00
   2.6900E+02   1.4129E+00
   2.7000E+02   1.4334E+00
   2.7100E+02   1.4373E+00
   2.7200E+02   1.4212E+00
   2.7300E+02   1.3848E+00
   2.7400E+02   1.3147E+00
   2.7500E+02   1.2185E+00
   2.7600E+02   1.1199E+00
   2.7700E+02   1.0589E+00
   2.7800E+02   1.0356E+00
   2.7900E+02   1.0520E+00
   2.8000E+02   1.0981E+00
   2.8100E+02   1.1023E+00
   2.8200E+02   1.0292E+00
   2.8200E+02   1.4150E+00
   2.8200E+02   1.0710E+00
   2.8300E+02   9.9060E-01
   2.8400E+02   8.6481E-01
   2.8500E+02   7.8430E-01
   2.8600E+02   6.9999E-01
   2.8700E+02   6.3000E-01
   2.8700E+02   1.4150E+00
   2.8700E+02   6.3901E-01
   2.8800E+02   6.0247E-01
   2.8900E+02   6.2317E-01
   2.9000E+02   7.0263E-01
   2.9100E+02   8.5608E-01
   2.9200E+02   1.0110E+00
   2.9300E+02   1.1809E+00
   2.9400E+02   1.3170E+00
   2.9500E+02   1.4402E+00
   2.9600E+02   1.5207E+00
   2.9700E+02   1.5001E+00
   2.9800E+02   1.4175E+00
   2.9900E+02   1.2216E+00
   3.0000E+02   1.0438E+00
   3.0100E+02   9.1531E-01
   3.0200E+02   8.6073E-01
   3.0300E+02   8.6975E-01
   3.0400E+02   9.3457E-01
   3.0400E+02   1.4150E+00
   3.0400E+02   9.0986E-01
   3.0500E+02   1.0148E+00
   3.0600E+02   1.1750E+00
   3.0700E+02   1.3687E+00
   3.0800E+02   1.5280E+00
   3.0900E+02   1.5961E+00
   3.1000E+02   1.5795E+00
   3.1100E+02   1.4850E+00
   3.1200E+02   1.4144E+00
   3.1300E+02   1.3855E+00
   3.1400E+02   1.4049E+00
   3.1500E+02   1.4639E+00
   3.1600E+02   1.4622E+00
   3.1700E+02   1.4196E+00
   3.1800E+02   1.2895E+00
   3.1900E+02   1.1423E+00
   3.2000E+02   1.0599E+00
   3.2100E+02   1.0860E+00
   3.2200E+02   1.2074E+00
   3.2300E+02   1.3196E+00
   3.2400E+02   1.4080E+00
   3.2500E+02   1.4144E+00
   3.2600E+02   1.3463E+00
   3.2700E+02   1.2191E+00
   3.2800E+02   1.1455E+00
   3.2900E+02   1.0962E+00
   3.3000E+02   1.0900E+00
   3.3100E+02   1.1150E+00
   3.3200E+02   1.1424E+00
   3.3300E+02   1.1771E+00
   3.3400E+02   1.2424E+00
   3.3500E+02   1.2858E+00
   3.3600E+02   1.3475E+00
   3.3700E+02   1.3763E+00
   3.3800E+02   1.4095E+00
   3.3900E+02   1.4103E+00
   3.4000E+02   1.3328E+00
   3.4100E+02   1.1808E+00
   3.4200E+02   1.0028E+00
   3.4300E+02   7.8341E-01
   3.4400E+02   6.4754E-01
   3.4500E+02   5.8001E-01
   3.4600E+02   5.6419E-01
   3.4700E+02   5.5249E-01
   3.4800E+02   5.2736E-01
   3.4900E+02   4.7606E-01
   3.5000E+02   3.8027E-01
   3.5100E+02   3.2532E-01
   3.5200E+02   2.6642E-01
   3.5200E+02   1.4150E+00
   3.5200E+02   2.8315E-01
   3.5200E+02   1.4150E+00
   3.5200E+02   1.4150E+00
   3.5200E+02   1.4150E+00
   3.5200E+02   2.8315E-01
   3.5200E+02   1.4150E+00
   3.5200E+02   2.8315E-01
   3.5200E+02   1.4150E+00
   3.5200E+02   2.8315E-01
   3.5300E+02   1.9939E-01
   3.5300E+02   1.4150E+00
   3.5300E+02   1.9939E-01
   3.5400E+02   1.1276E-01
   3.5400E+02   1.4150E+00
   3.5400E+02   1.1276E-01
   3.5500E+02   6.3671E-02
   3.5600E+02   9.2098E-02
   3.5700E+02   1.7968E-01
   3.5700E+02   1.4150E+00
   3.5700E+02   1.3299E-01
   3.5800E+02   2.4858E-01
   3.5900E+02   3.5528E-01
   3.6000E+02   4.5234E-01
   3.6100E+02   5.6935E-01
   3.6100E+02   1.4150E+00
   3.6100E+02   5.3607E-01
   3.6100E+02   1.4150E+00
   3.6100E+02   1.4150E+00
   3.6100E+02   1.4150E+00
   3.6100E+02   5.3607E-01
   3.6100E+02   1.4150E+00
   3.6100E+02   5.3607E-01
   3.6100E+02   1.4150E+00
   3.6100E+02   5.3607E-01
   3.6200E+02   6.1595E-01
   3.6200E+02   1.4150E+00
   3.6200E+02   6.1595E-01
   3.6300E+02   6.7822E-01
   3.6300E+02   1.4150E+00
   3.6300E+02   6.7822E-01
   3.6400E+02   7.2553E-01
   3.6500E+02   7.4832E-01
   3.6600E+02   7.5472E-01
   3.6700E+02   7.4924E-01
   3.6800E+02   7.3646E-01
   3.6900E+02   7.1619E-01
   3.7000E+02   6.9231E-01
   3.7100E+02   6.8228E-01
   3.7200E+02   6.8680E-01
   3.7300E+02   7.2714E-01
   3.7400E+02   7.3515E-01
   3.7500E+02   7.8262E-01
   3.7600E+02   8.2177E-01
   3.7700E+02   8.2177E-01
   3.7800E+02   8.3573E-01
   3.7900E+02   8.1094E-01
   3.8000E+02   7.4590E-01
   3.8100E+02   6.9910E-01
   3.8200E+02   6.3690E-01
   3.8300E+02   6.3908E-01
   3.8400E+02   7.0396E-01
   3.8500E+02   7.5208E-01
   3.8600E+02   8.3647E-01
   3.8700E+02   8.5869E-01
   3.8800E+02   8.4640E-01
   3.8900E+02   8.1836E-01
   3.9000E+02   8.0727E-01
   3.9100E+02   8.7283E-01
   3.9200E+02   1.0043E+00
   3.9200E+02   1.4150E+00
   3.9200E+02   9.4018E-01
   3.9300E+02   1.0884E+00
   3.9400E+02   1.1674E+00
   3.9500E+02   1.1562E+00
   3.9600E+02   1.0496E+00
   3.9600E+02   1.4150E+00
   3.9600E+02   1.0651E+00
   3.9700E+02   8.8188E-01
   3.9800E+02   7.4658E-01
   3.9900E+02   6.5907E-01
   4.0000E+02   6.4789E-01
   4.0100E+02   6.6754E-01
   4.0200E+02   6.8848E-01
   4.0300E+02   7.0040E-01
   4.0400E+02   6.9682E-01
   4.0500E+02   6.8975E-01
   4.0600E+02   6.6689E-01
   4.0700E+02   6.5226E-01
   4.0800E+02   6.3425E-01
   4.0900E+02   6.1604E-01
   4.0900E+02   1.4150E+00
   4.0900E+02   6.2720E-01
   4.0900E+02   1.4150E+00
   4.0900E+02   6.2720E-01
   4.0900E+02   1.4150E+00
   4.0900E+02   1.4150E+00
   4.0900E+02   6.2720E-01
   4.0900E+02   1.4150E+00
   4.0900E+02   6.2720E-01
   4.0900E+02   1.4150E+00
   4.0900E+02   6.2720E-01
   4.0900E+02   1.4150E+00
   4.0900E+02   6.2720E-01
   4.0900E+02   1.4150E+00
   4.0900E+02   6.2720E-01
