   0.0000E+00   1.4150E+00
   0.0000E+00   9.8108E-01
   1.0000E+00   9.7991E-01
   2.0000E+00   9.6347E-01
   3.0000E+00   9.9854E-01
   4.0000E+00   1.0835E+00
   5.0000E+00   1.2207E+00
   6.0000E+00   1.3582E+00
   7.0000E+00   1.4556E+00
   8.0000E+00   1.5156E+00
   9.0000E+00   1.5341E+00
   1.0000E+01   1.5417E+00
   1.1000E+01   1.5543E+00
   1.2000E+01   1.5762E+00
   1.3000E+01   1.5959E+00
   1.4000E+01   1.5996E+00
   1.5000E+01   1.5742E+00
   1.6000E+01   1.5342E+00
   1.7000E+01   1.4660E+00
   1.8000E+01   1.4216E+00
   1.9000E+01   1.4159E+00
   2.0000E+01   1.4492E+00
   2.1000E+01   1.5133E+00
   2.2000E+01   1.5709E+00
   2.3000E+01   1.6093E+00
   2.4000E+01   1.6278E+00
   2.5000E+01   1.6247E+00
   2.6000E+01   1.5955E+00
   2.7000E+01   1.5468E+00
   2.8000E+01   1.4650E+00
   2.9000E+01   1.3700E+00
   3.0000E+01   1.2928E+00
   3.1000E+01   1.2472E+00
   3.2000E+01   1.2260E+00
   3.3000E+01   1.2376E+00
   3.4000E+01   1.3011E+00
   3.5000E+01   1.4120E+00
   3.6000E+01   1.5757E+00
   3.7000E+01   1.7480E+00
   3.8000E+01   1.8310E+00
   3.9000E+01   1.8281E+00
   4.0000E+01   1.7382E+00
   4.1000E+01   1.6110E+00
   4.2000E+01   1.5323E+00
   4.3000E+01   1.5085E+00
   4.4000E+01   1.5353E+00
   4.5000E+01   1.5750E+00
   4.6000E+01   1.5833E+00
   4.7000E+01   1.5615E+00
   4.8000E+01   1.5086E+00
   4.9000E+01   1.4737E+00
   5.0000E+01   1.4803E+00
   5.1000E+01   1.5297E+00
   5.2000E+01   1.6218E+00
   5.3000E+01   1.6985E+00
   5.4000E+01   1.7247E+00
   5.5000E+01   1.7005E+00
   5.6000E+01   1.6296E+00
   5.7000E+01   1.5898E+00
   5.8000E+01   1.6118E+00
   5.9000E+01   1.6937E+00
   6.0000E+01   1.8275E+00
   6.1000E+01   1.9247E+00
   6.2000E+01   1.9536E+00
   6.3000E+01   1.9146E+00
   6.4000E+01   1.8203E+00
   6.5000E+01   1.7467E+00
   6.6000E+01   1.7110E+00
   6.7000E+01   1.7138E+00
   6.8000E+01   1.7500E+00
   6.9000E+01   1.7850E+00
   7.0000E+01   1.8143E+00
   7.1000E+01   1.8461E+00
   7.2000E+01   1.8674E+00
   7.3000E+01   1.8712E+00
   7.4000E+01   1.8542E+00
   7.5000E+01   1.8180E+00
   7.6000E+01   1.7632E+00
   7.7000E+01   1.6945E+00
   7.8000E+01   1.6096E+00
   7.9000E+01   1.5158E+00
   8.0000E+01   1.4327E+00
   8.1000E+01   1.4008E+00
   8.2000E+01   1.4244E+00
   8.3000E+01   1.5025E+00
   8.4000E+01   1.5930E+00
   8.5000E+01   1.6433E+00
   8.6000E+01   1.6510E+00
   8.7000E+01   1.6151E+00
   8.8000E+01   1.5625E+00
   8.9000E+01   1.5128E+00
   9.0000E+01   1.4686E+00
   9.1000E+01   1.4277E+00
   9.2000E+01   1.3910E+00
   9.3000E+01   1.3510E+00
   9.4000E+01   1.3113E+00
   9.5000E+01   1.2718E+00
   9.6000E+01   1.2509E+00
   9.7000E+01   1.2491E+00
   9.8000E+01   1.2683E+00
   9.9000E+01   1.3106E+00
   1.0000E+02   1.3430E+00
   1.0100E+02   1.3645E+00
   1.0200E+02   1.3715E+00
   1.0300E+02   1.3638E+00
   1.0400E+02   1.3471E+00
   1.0500E+02   1.3167E+00
   1.0600E+02   1.2745E+00
   1.0700E+02   1.2286E+00
   1.0800E+02   1.2339E+00
   1.0900E+02   1.3005E+00
   1.1000E+02   1.4192E+00
   1.1100E+02   1.5791E+00
   1.1200E+02   1.6762E+00
   1.1300E+02   1.6947E+00
   1.1400E+02   1.6372E+00
   1.1500E+02   1.5289E+00
   1.1600E+02   1.4367E+00
   1.1700E+02   1.3698E+00
   1.1700E+02   1.4150E+00
   1.1700E+02   1.3707E+00
   1.1800E+02   1.3260E+00
   1.1900E+02   1.3280E+00
   1.2000E+02   1.4039E+00
   1.2100E+02   1.5662E+00
   1.2200E+02   1.7789E+00
   1.2300E+02   2.0158E+00
   1.2400E+02   2.1316E+00
   1.2500E+02   2.1269E+00
   1.2600E+02   1.9980E+00
   1.2700E+02   1.8278E+00
   1.2800E+02   1.6867E+00
   1.2900E+02   1.5452E+00
   1.3000E+02   1.4162E+00
   1.3100E+02   1.3091E+00
   1.3200E+02   1.2595E+00
   1.3300E+02   1.2519E+00
   1.3400E+02   1.3008E+00
   1.3500E+02   1.3720E+00
   1.3600E+02   1.4451E+00
   1.3700E+02   1.5748E+00
   1.3800E+02   1.7006E+00
   1.3900E+02   1.8358E+00
   1.4000E+02   1.9640E+00
   1.4100E+02   2.0625E+00
   1.4200E+02   2.1486E+00
   1.4300E+02   2.1621E+00
   1.4400E+02   2.0994E+00
   1.4500E+02   1.9278E+00
   1.4600E+02   1.7244E+00
   1.4700E+02   1.5745E+00
   1.4800E+02   1.5011E+00
   1.4900E+02   1.5230E+00
   1.5000E+02   1.5973E+00
   1.5100E+02   1.6614E+00
   1.5200E+02   1.6905E+00
   1.5300E+02   1.6859E+00
   1.5400E+02   1.6575E+00
   1.5500E+02   1.6282E+00
   1.5600E+02   1.5883E+00
   1.5700E+02   1.5319E+00
   1.5800E+02   1.4878E+00
   1.5900E+02   1.4878E+00
   1.6000E+02   1.5494E+00
   1.6100E+02   1.6135E+00
   1.6200E+02   1.7101E+00
   1.6300E+02   1.7627E+00
   1.6400E+02   1.7734E+00
   1.6500E+02   1.7365E+00
   1.6600E+02   1.7010E+00
   1.6700E+02   1.6764E+00
   1.6800E+02   1.6783E+00
   1.6900E+02   1.6964E+00
   1.7000E+02   1.6966E+00
   1.7100E+02   1.6529E+00
   1.7200E+02   1.5371E+00
   1.7300E+02   1.4188E+00
   1.7400E+02   1.2622E+00
   1.7500E+02   1.1383E+00
   1.7600E+02   1.0603E+00
   1.7700E+02   9.9906E-01
   1.7800E+02   9.8765E-01
   1.7900E+02   1.0300E+00
   1.8000E+02   1.1359E+00
   1.8100E+02   1.3099E+00
   1.8200E+02   1.4388E+00
   1.8300E+02   1.5446E+00
   1.8400E+02   1.6110E+00
   1.8500E+02   1.6189E+00
   1.8600E+02   1.5802E+00
   1.8700E+02   1.5189E+00
   1.8800E+02   1.4289E+00
   1.8900E+02   1.2971E+00
   1.9000E+02   1.2234E+00
   1.9100E+02   1.2462E+00
   1.9200E+02   1.3384E+00
   1.9300E+02   1.4504E+00
   1.9400E+02   1.5406E+00
   1.9500E+02   1.5662E+00
   1.9600E+02   1.5298E+00
   1.9700E+02   1.4662E+00
   1.9800E+02   1.4086E+00
   1.9900E+02   1.3662E+00
   2.0000E+02   1.3492E+00
   2.0100E+02   1.3345E+00
   2.0200E+02   1.3089E+00
   2.0300E+02   1.2641E+00
   2.0400E+02   1.1860E+00
   2.0500E+02   1.1467E+00
   2.0600E+02   1.0962E+00
   2.0700E+02   1.0777E+00
   2.0800E+02   1.0790E+00
   2.0900E+02   1.1110E+00
   2.1000E+02   1.1643E+00
   2.1100E+02   1.2496E+00
   2.1200E+02   1.3944E+00
   2.1300E+02   1.4817E+00
   2.1400E+02   1.4981E+00
   2.1500E+02   1.4367E+00
   2.1600E+02   1.3198E+00
   2.1700E+02   1.2068E+00
   2.1800E+02   1.1759E+00
   2.1900E+02   1.2352E+00
   2.2000E+02   1.3030E+00
   2.2100E+02   1.3855E+00
   2.2200E+02   1.4137E+00
   2.2300E+02   1.3863E+00
   2.2400E+02   1.3360E+00
   2.2500E+02   1.2811E+00
   2.2600E+02   1.2690E+00
   2.2700E+02   1.3019E+00
   2.2800E+02   1.3260E+00
   2.2900E+02   1.3500E+00
   2.3000E+02   1.3679E+00
   2.3100E+02   1.3692E+00
   2.3200E+02   1.3583E+00
   2.3300E+02   1.3330E+00
   2.3400E+02   1.2876E+00
   2.3500E+02   1.2532E+00
   2.3600E+02   1.2208E+00
   2.3700E+02   1.1989E+00
   2.3800E+02   1.1952E+00
   2.3900E+02   1.2064E+00
   2.4000E+02   1.2204E+00
   2.4100E+02   1.2343E+00
   2.4200E+02   1.2389E+00
   2.4300E+02   1.2365E+00
   2.4400E+02   1.2314E+00
   2.4500E+02   1.2332E+00
   2.4600E+02   1.2477E+00
   2.4700E+02   1.2622E+00
   2.4800E+02   1.2692E+00
   2.4900E+02   1.2721E+00
   2.5000E+02   1.2606E+00
   2.5100E+02   1.2308E+00
   2.5200E+02   1.2150E+00
   2.5300E+02   1.2010E+00
   2.5400E+02   1.1868E+00
   2.5500E+02   1.1754E+00
   2.5600E+02   1.1710E+00
   2.5700E+02   1.1892E+00
   2.5800E+02   1.2118E+00
   2.5900E+02   1.2330E+00
   2.6000E+02   1.2465E+00
   2.6100E+02   1.2832E+00
   2.6200E+02   1.3044E+00
   2.6300E+02   1.3257E+00
   2.6400E+02   1.3396E+00
   2.6500E+02   1.3396E+00
   2.6600E+02   1.3463E+00
   2.6700E+02   1.3439E+00
   2.6800E+02   1.3102E+00
   2.6900E+02   1.2377E+00
   2.7000E+02   1.1109E+00
   2.7000E+02   1.4150E+00
   2.7000E+02   1.1593E+00
   2.7100E+02   1.0319E+00
   2.7200E+02   9.6470E-01
   2.7300E+02   9.6342E-01
   2.7400E+02   1.0093E+00
   2.7500E+02   1.1067E+00
   2.7600E+02   1.1658E+00
   2.7700E+02   1.1734E+00
   2.7800E+02   1.1198E+00
   2.7900E+02   1.0620E+00
   2.8000E+02   1.0164E+00
   2.8100E+02   9.9050E-01
   2.8200E+02   9.8033E-01
   2.8300E+02   1.0025E+00
   2.8400E+02   1.0892E+00
   2.8500E+02   1.2570E+00
   2.8600E+02   1.4751E+00
   2.8700E+02   1.7117E+00
   2.8800E+02   1.8686E+00
   2.8900E+02   1.9310E+00
   2.9000E+02   1.9081E+00
   2.9100E+02   1.8577E+00
   2.9200E+02   1.7995E+00
   2.9300E+02   1.7413E+00
   2.9400E+02   1.6787E+00
   2.9500E+02   1.6353E+00
   2.9600E+02   1.5866E+00
   2.9700E+02   1.5602E+00
   2.9800E+02   1.5389E+00
   2.9900E+02   1.5306E+00
   3.0000E+02   1.5322E+00
   3.0100E+02   1.5456E+00
   3.0200E+02   1.5668E+00
   3.0300E+02   1.5819E+00
   3.0400E+02   1.6004E+00
   3.0500E+02   1.6206E+00
   3.0600E+02   1.6216E+00
   3.0700E+02   1.5787E+00
   3.0800E+02   1.4981E+00
   3.0900E+02   1.3555E+00
   3.1000E+02   1.1514E+00
   3.1100E+02   1.0029E+00
   3.1200E+02   8.8285E-01
   3.1300E+02   8.2734E-01
   3.1400E+02   8.1495E-01
   3.1500E+02   8.6131E-01
   3.1600E+02   9.0858E-01
   3.1600E+02   1.4150E+00
   3.1600E+02   8.9415E-01
   3.1700E+02   9.9450E-01
   3.1800E+02   1.1078E+00
   3.1900E+02   1.1905E+00
   3.2000E+02   1.2085E+00
   3.2100E+02   1.1800E+00
   3.2200E+02   1.1280E+00
   3.2300E+02   1.1152E+00
   3.2400E+02   1.1436E+00
   3.2500E+02   1.2186E+00
   3.2600E+02   1.2783E+00
   3.2700E+02   1.3149E+00
   3.2800E+02   1.3190E+00
   3.2900E+02   1.2956E+00
   3.3000E+02   1.2677E+00
   3.3100E+02   1.2709E+00
   3.3200E+02   1.3029E+00
   3.3300E+02   1.3808E+00
   3.3400E+02   1.4173E+00
   3.3500E+02   1.4132E+00
   3.3600E+02   1.3442E+00
   3.3700E+02   1.2244E+00
   3.3800E+02   1.1158E+00
   3.3900E+02   1.0527E+00
   3.4000E+02   1.0533E+00
   3.4100E+02   1.0945E+00
   3.4200E+02   1.1476E+00
   3.4300E+02   1.2156E+00
   3.4400E+02   1.3005E+00
   3.4500E+02   1.3901E+00
   3.4600E+02   1.4358E+00
   3.4700E+02   1.4822E+00
   3.4800E+02   1.5005E+00
   3.4900E+02   1.4954E+00
   3.5000E+02   1.4920E+00
   3.5100E+02   1.4890E+00
   3.5200E+02   1.4888E+00
   3.5300E+02   1.4864E+00
   3.5400E+02   1.4623E+00
   3.5500E+02   1.4153E+00
   3.5600E+02   1.3379E+00
   3.5700E+02   1.2485E+00
   3.5800E+02   1.2052E+00
   3.5900E+02   1.2228E+00
   3.6000E+02   1.2796E+00
   3.6100E+02   1.3538E+00
   3.6200E+02   1.4486E+00
   3.6300E+02   1.5499E+00
   3.6400E+02   1.6428E+00
   3.6500E+02   1.7327E+00
   3.6600E+02   1.7609E+00
   3.6700E+02   1.7203E+00
   3.6800E+02   1.6595E+00
   3.6900E+02   1.5775E+00
   3.7000E+02   1.5543E+00
   3.7100E+02   1.6223E+00
   3.7200E+02   1.7305E+00
   3.7300E+02   1.8085E+00
   3.7400E+02   1.8994E+00
   3.7500E+02   1.9369E+00
   3.7600E+02   1.9369E+00
   3.7700E+02   1.9231E+00
   3.7800E+02   1.9091E+00
   3.7900E+02   1.9038E+00
   3.8000E+02   1.8966E+00
   3.8100E+02   1.8900E+00
   3.8200E+02   1.8828E+00
   3.8300E+02   1.8740E+00
   3.8400E+02   1.8627E+00
   3.8500E+02   1.8211E+00
   3.8600E+02   1.7659E+00
   3.8700E+02   1.6799E+00
   3.8800E+02   1.5698E+00
   3.8900E+02   1.4521E+00
   3.9000E+02   1.3758E+00
   3.9100E+02   1.3002E+00
   3.9200E+02   1.2506E+00
   3.9300E+02   1.2617E+00
   3.9400E+02   1.3823E+00
   3.9500E+02   1.4876E+00
   3.9600E+02   1.6997E+00
   3.9700E+02   1.8224E+00
   3.9800E+02   1.8580E+00
   3.9900E+02   1.8050E+00
   4.0000E+02   1.6571E+00
   4.0100E+02   1.5044E+00
   4.0200E+02   1.4060E+00
   4.0300E+02   1.2741E+00
   4.0400E+02   1.1551E+00
   4.0500E+02   1.1108E+00
   4.0600E+02   1.1107E+00
   4.0700E+02   1.1943E+00
   4.0800E+02   1.2544E+00
   4.0900E+02   1.3340E+00
   4.1000E+02   1.4019E+00
   4.1100E+02   1.4676E+00
   4.1200E+02   1.4973E+00
   4.1300E+02   1.5098E+00
   4.1400E+02   1.4902E+00
   4.1500E+02   1.4714E+00
   4.1600E+02   1.4227E+00
   4.1700E+02   1.3642E+00
   4.1800E+02   1.2790E+00
   4.1900E+02   1.1894E+00
   4.2000E+02   1.1430E+00
   4.2100E+02   1.1111E+00
   4.2200E+02   1.1177E+00
   4.2300E+02   1.1539E+00
   4.2400E+02   1.1812E+00
   4.2500E+02   1.1999E+00
   4.2600E+02   1.1963E+00
   4.2700E+02   1.1588E+00
   4.2800E+02   1.1295E+00
   4.2900E+02   1.0857E+00
   4.3000E+02   1.0325E+00
   4.3000E+02   1.4150E+00
   4.3000E+02   1.0548E+00
   4.3100E+02   9.9353E-01
   4.3200E+02   9.6161E-01
   4.3300E+02   9.7597E-01
   4.3300E+02   1.4150E+00
   4.3300E+02   9.7413E-01
   4.3400E+02   1.0296E+00
   4.3500E+02   1.1306E+00
   4.3600E+02   1.2453E+00
   4.3700E+02   1.3735E+00
   4.3800E+02   1.4969E+00
   4.3900E+02   1.6246E+00
   4.4000E+02   1.7104E+00
   4.4100E+02   1.7229E+00
   4.4200E+02   1.6697E+00
   4.4300E+02   1.5891E+00
   4.4400E+02   1.4774E+00
   4.4500E+02   1.4038E+00
   4.4600E+02   1.2941E+00
   4.4700E+02   1.1952E+00
   4.4800E+02   1.1783E+00
   4.4900E+02   1.2342E+00
   4.5000E+02   1.3582E+00
   4.5100E+02   1.4454E+00
   4.5200E+02   1.5934E+00
   4.5300E+02   1.6762E+00
   4.5400E+02   1.7635E+00
   4.5500E+02   1.8182E+00
   4.5600E+02   1.8093E+00
   4.5700E+02   1.7312E+00
   4.5800E+02   1.5845E+00
   4.5900E+02   1.4590E+00
   4.6000E+02   1.4187E+00
   4.6100E+02   1.4570E+00
   4.6200E+02   1.5662E+00
   4.6300E+02   1.6505E+00
   4.6400E+02   1.7040E+00
   4.6500E+02   1.7002E+00
   4.6600E+02   1.6491E+00
   4.6700E+02   1.6148E+00
   4.6800E+02   1.6466E+00
   4.6900E+02   1.7032E+00
   4.7000E+02   1.8221E+00
   4.7100E+02   1.9084E+00
   4.7200E+02   1.9173E+00
   4.7300E+02   1.8707E+00
   4.7400E+02   1.7656E+00
   4.7500E+02   1.6838E+00
   4.7600E+02   1.6497E+00
   4.7700E+02   1.6709E+00
   4.7800E+02   1.7032E+00
   4.7900E+02   1.7478E+00
   4.8000E+02   1.7690E+00
   4.8100E+02   1.7869E+00
   4.8200E+02   1.7872E+00
   4.8300E+02   1.7748E+00
   4.8400E+02   1.7257E+00
   4.8500E+02   1.6694E+00
   4.8600E+02   1.6365E+00
   4.8700E+02   1.5418E+00
   4.8800E+02   1.5037E+00
   4.8900E+02   1.4260E+00
   4.9000E+02   1.3801E+00
   4.9100E+02   1.3394E+00
   4.9200E+02   1.3300E+00
   4.9300E+02   1.3461E+00
   4.9400E+02   1.3990E+00
   4.9400E+02   1.4150E+00
   4.9400E+02   1.3731E+00
   4.9500E+02   1.4193E+00
   4.9600E+02   1.4872E+00
   4.9700E+02   1.5533E+00
   4.9800E+02   1.6277E+00
   4.9900E+02   1.6670E+00
   5.0000E+02   1.6823E+00
   5.0100E+02   1.6741E+00
   5.0200E+02   1.6532E+00
   5.0300E+02   1.6005E+00
   5.0400E+02   1.5649E+00
   5.0500E+02   1.4758E+00
   5.0600E+02   1.4236E+00
   5.0700E+02   1.3397E+00
   5.0800E+02   1.2400E+00
   5.0900E+02   1.1209E+00
   5.1000E+02   1.0725E+00
   5.1100E+02   1.0914E+00
   5.1200E+02   1.1944E+00
   5.1300E+02   1.2747E+00
   5.1400E+02   1.3773E+00
   5.1500E+02   1.4343E+00
   5.1600E+02   1.4412E+00
   5.1700E+02   1.4054E+00
   5.1800E+02   1.3523E+00
   5.1900E+02   1.2959E+00
   5.2000E+02   1.2206E+00
   5.2100E+02   1.1433E+00
   5.2200E+02   1.0787E+00
   5.2200E+02   1.4150E+00
   5.2200E+02   1.0849E+00
   5.2200E+02   1.4150E+00
   5.2200E+02   1.0849E+00
   5.2200E+02   1.4150E+00
   5.2200E+02   1.0849E+00
   5.2200E+02   1.4150E+00
   5.2200E+02   1.0849E+00
   5.2200E+02   1.4150E+00
   5.2200E+02   1.0849E+00
   5.2200E+02   1.4150E+00
   5.2200E+02   1.0849E+00
   5.2200E+02   1.4150E+00
   5.2200E+02   1.0849E+00
   5.2200E+02   1.4150E+00
   5.2200E+02   1.0849E+00
