   0.0000E+00   1.4150E+00
   0.0000E+00   9.6324E-01
   1.0000E+00   9.6210E-01
   2.0000E+00   9.3958E-01
   3.0000E+00   9.4489E-01
   4.0000E+00   9.7420E-01
   5.0000E+00   9.9328E-01
   6.0000E+00   9.9451E-01
   7.0000E+00   9.7871E-01
   8.0000E+00   9.4922E-01
   9.0000E+00   9.4290E-01
   1.0000E+01   9.6637E-01
   1.1000E+01   1.0194E+00
   1.2000E+01   1.0947E+00
   1.3000E+01   1.1423E+00
   1.4000E+01   1.1541E+00
   1.5000E+01   1.1301E+00
   1.6000E+01   1.0817E+00
   1.7000E+01   1.0531E+00
   1.8000E+01   1.0524E+00
   1.9000E+01   1.0839E+00
   2.0000E+01   1.1265E+00
   2.1000E+01   1.2136E+00
   2.2000E+01   1.3372E+00
   2.3000E+01   1.4939E+00
   2.4000E+01   1.6557E+00
   2.5000E+01   1.7501E+00
   2.6000E+01   1.7749E+00
   2.7000E+01   1.7279E+00
   2.8000E+01   1.6381E+00
   2.9000E+01   1.5310E+00
   3.0000E+01   1.4078E+00
   3.1000E+01   1.2690E+00
   3.2000E+01   1.1123E+00
   3.3000E+01   9.3485E-01
   3.4000E+01   7.3246E-01
   3.5000E+01   5.0972E-01
   3.6000E+01   3.4518E-01
   3.7000E+01   3.1338E-01
   3.8000E+01   4.0536E-01
   3.9000E+01   6.1478E-01
   4.0000E+01   8.2954E-01
   4.1000E+01   9.6944E-01
   4.2000E+01   1.0464E+00
   4.3000E+01   1.0575E+00
   4.4000E+01   1.0607E+00
   4.5000E+01   1.0737E+00
   4.6000E+01   1.0991E+00
   4.7000E+01   1.1298E+00
   4.8000E+01   1.1709E+00
   4.9000E+01   1.2161E+00
   5.0000E+01   1.2687E+00
   5.1000E+01   1.3274E+00
   5.2000E+01   1.3917E+00
   5.3000E+01   1.4598E+00
   5.4000E+01   1.5321E+00
   5.5000E+01   1.6025E+00
   5.6000E+01   1.6544E+00
   5.7000E+01   1.6752E+00
   5.8000E+01   1.6708E+00
   5.9000E+01   1.6435E+00
   6.0000E+01   1.6118E+00
   6.1000E+01   1.5680E+00
   6.2000E+01   1.5211E+00
   6.3000E+01   1.4595E+00
   6.4000E+01   1.4015E+00
   6.5000E+01   1.3319E+00
   6.6000E+01   1.2537E+00
   6.7000E+01   1.1960E+00
   6.8000E+01   1.1894E+00
   6.9000E+01   1.2360E+00
   7.0000E+01   1.3369E+00
   7.1000E+01   1.4591E+00
   7.2000E+01   1.5587E+00
   7.3000E+01   1.6286E+00
   7.4000E+01   1.6770E+00
   7.5000E+01   1.6858E+00
   7.6000E+01   1.6416E+00
   7.7000E+01   1.5497E+00
   7.8000E+01   1.4053E+00
   7.9000E+01   1.2964E+00
   8.0000E+01   1.2895E+00
   8.1000E+01   1.3716E+00
   8.2000E+01   1.5460E+00
   8.3000E+01   1.6754E+00
   8.4000E+01   1.6954E+00
   8.5000E+01   1.6051E+00
   8.6000E+01   1.4244E+00
   8.7000E+01   1.2741E+00
   8.8000E+01   1.2003E+00
   8.9000E+01   1.2050E+00
   9.0000E+01   1.2766E+00
   9.1000E+01   1.3374E+00
   9.2000E+01   1.3701E+00
   9.3000E+01   1.3726E+00
   9.4000E+01   1.3452E+00
   9.5000E+01   1.2977E+00
   9.6000E+01   1.2206E+00
   9.7000E+01   1.1228E+00
   9.8000E+01   1.0122E+00
   9.9000E+01   9.4898E-01
   1.0000E+02   9.4467E-01
   1.0100E+02   9.9509E-01
   1.0200E+02   1.0885E+00
   1.0300E+02   1.1911E+00
   1.0400E+02   1.2991E+00
   1.0500E+02   1.4039E+00
   1.0600E+02   1.4994E+00
   1.0700E+02   1.5452E+00
   1.0800E+02   1.5354E+00
   1.0900E+02   1.4750E+00
   1.1000E+02   1.3893E+00
   1.1100E+02   1.3218E+00
   1.1200E+02   1.2692E+00
   1.1300E+02   1.2375E+00
   1.1400E+02   1.2168E+00
   1.1500E+02   1.2032E+00
   1.1600E+02   1.1964E+00
   1.1700E+02   1.1951E+00
   1.1800E+02   1.1789E+00
   1.1900E+02   1.1321E+00
   1.2000E+02   1.0551E+00
   1.2100E+02   9.4939E-01
   1.2200E+02   8.5557E-01
   1.2300E+02   7.9726E-01
   1.2400E+02   7.7434E-01
   1.2500E+02   7.8463E-01
   1.2600E+02   8.0550E-01
   1.2700E+02   8.2745E-01
   1.2800E+02   8.5177E-01
   1.2900E+02   8.7260E-01
   1.3000E+02   8.9368E-01
   1.3100E+02   9.0703E-01
   1.3200E+02   9.1633E-01
   1.3300E+02   9.2546E-01
   1.3400E+02   9.4376E-01
   1.3500E+02   9.7251E-01
   1.3600E+02   1.0134E+00
   1.3700E+02   1.0732E+00
   1.3800E+02   1.1638E+00
   1.3900E+02   1.2947E+00
   1.4000E+02   1.4551E+00
   1.4100E+02   1.6299E+00
   1.4200E+02   1.7251E+00
   1.4200E+02   1.4150E+00
   1.4200E+02   1.7240E+00
   1.4300E+02   1.7304E+00
   1.4400E+02   1.6573E+00
   1.4500E+02   1.5298E+00
   1.4600E+02   1.4441E+00
   1.4700E+02   1.4112E+00
   1.4800E+02   1.4238E+00
   1.4900E+02   1.4559E+00
   1.5000E+02   1.4593E+00
   1.5100E+02   1.4340E+00
   1.5200E+02   1.3871E+00
   1.5300E+02   1.3173E+00
   1.5400E+02   1.2750E+00
   1.5500E+02   1.2261E+00
   1.5600E+02   1.1875E+00
   1.5700E+02   1.1590E+00
   1.5800E+02   1.1106E+00
   1.5900E+02   1.0546E+00
   1.6000E+02   9.9793E-01
   1.6100E+02   9.5019E-01
   1.6200E+02   9.4388E-01
   1.6300E+02   9.7538E-01
   1.6400E+02   1.0475E+00
   1.6500E+02   1.1124E+00
   1.6600E+02   1.2125E+00
   1.6700E+02   1.2465E+00
   1.6800E+02   1.3182E+00
   1.6900E+02   1.3468E+00
   1.7000E+02   1.3355E+00
   1.7100E+02   1.2877E+00
   1.7200E+02   1.2134E+00
   1.7300E+02   1.1590E+00
   1.7400E+02   1.1154E+00
   1.7500E+02   1.0980E+00
   1.7600E+02   1.1027E+00
   1.7700E+02   1.1447E+00
   1.7800E+02   1.2413E+00
   1.7900E+02   1.3711E+00
   1.8000E+02   1.4694E+00
   1.8100E+02   1.5593E+00
   1.8200E+02   1.5810E+00
   1.8300E+02   1.5447E+00
   1.8400E+02   1.4435E+00
   1.8500E+02   1.3025E+00
   1.8600E+02   1.0704E+00
   1.8700E+02   7.9704E-01
   1.8800E+02   5.2814E-01
   1.8900E+02   4.1816E-01
   1.9000E+02   5.1370E-01
   1.9100E+02   7.4132E-01
   1.9200E+02   1.0412E+00
   1.9300E+02   1.2428E+00
   1.9400E+02   1.3298E+00
   1.9500E+02   1.2972E+00
   1.9600E+02   1.2078E+00
   1.9700E+02   1.1346E+00
   1.9800E+02   1.0803E+00
   1.9900E+02   1.0172E+00
   1.9900E+02   1.4150E+00
   1.9900E+02   1.0205E+00
   2.0000E+02   9.5808E-01
   2.0100E+02   9.0730E-01
   2.0200E+02   8.5149E-01
   2.0300E+02   8.3104E-01
   2.0400E+02   7.5882E-01
   2.0500E+02   6.3528E-01
   2.0600E+02   4.7252E-01
   2.0700E+02   2.4568E-01
   2.0800E+02   1.1740E-01
   2.0900E+02   9.0974E-02
   2.1000E+02   2.1033E-01
   2.1000E+02   1.4150E+00
   2.1000E+02   1.6969E-01
   2.1100E+02   3.6020E-01
   2.1200E+02   5.1435E-01
   2.1300E+02   6.0468E-01
   2.1400E+02   6.0917E-01
   2.1500E+02   5.7053E-01
   2.1600E+02   5.5493E-01
   2.1700E+02   5.6826E-01
   2.1800E+02   6.0401E-01
   2.1800E+02   1.4150E+00
   2.1800E+02   6.0390E-01
   2.1900E+02   6.7007E-01
   2.2000E+02   7.2988E-01
   2.2100E+02   7.7081E-01
   2.2200E+02   7.9090E-01
   2.2300E+02   8.0604E-01
   2.2400E+02   8.1498E-01
   2.2500E+02   8.4819E-01
   2.2600E+02   8.6803E-01
   2.2700E+02   9.0104E-01
   2.2800E+02   9.4006E-01
   2.2900E+02   9.8511E-01
   2.3000E+02   9.8511E-01
   2.3000E+02   1.4150E+00
   2.3000E+02   9.8090E-01
   2.3000E+02   1.4150E+00
   2.3000E+02   1.4150E+00
   2.3000E+02   1.4150E+00
   2.3000E+02   9.8090E-01
   2.3000E+02   1.4150E+00
   2.3000E+02   9.8090E-01
   2.3000E+02   1.4150E+00
   2.3000E+02   9.8090E-01
   2.3100E+02   1.0188E+00
   2.3100E+02   1.4150E+00
   2.3100E+02   1.0188E+00
   2.3200E+02   1.0485E+00
   2.3200E+02   1.4150E+00
   2.3200E+02   1.0485E+00
   2.3300E+02   1.0706E+00
   2.3400E+02   1.0870E+00
   2.3500E+02   1.1033E+00
   2.3600E+02   1.1528E+00
   2.3700E+02   1.2143E+00
   2.3800E+02   1.3028E+00
   2.3900E+02   1.3976E+00
   2.4000E+02   1.4503E+00
   2.4100E+02   1.4841E+00
   2.4200E+02   1.4870E+00
   2.4300E+02   1.4661E+00
   2.4400E+02   1.4187E+00
   2.4500E+02   1.3857E+00
   2.4600E+02   1.3107E+00
   2.4700E+02   1.2515E+00
   2.4800E+02   1.2237E+00
   2.4900E+02   1.2291E+00
   2.5000E+02   1.2420E+00
   2.5100E+02   1.2561E+00
   2.5200E+02   1.2575E+00
   2.5300E+02   1.2412E+00
   2.5400E+02   1.2351E+00
   2.5500E+02   1.2370E+00
   2.5600E+02   1.2901E+00
   2.5700E+02   1.3359E+00
   2.5800E+02   1.3787E+00
   2.5900E+02   1.4620E+00
   2.6000E+02   1.5410E+00
   2.6100E+02   1.5991E+00
   2.6200E+02   1.6547E+00
   2.6300E+02   1.6272E+00
   2.6400E+02   1.5053E+00
   2.6500E+02   1.3452E+00
   2.6600E+02   1.1309E+00
   2.6700E+02   1.0744E+00
   2.6800E+02   1.2101E+00
   2.6900E+02   1.4131E+00
   2.7000E+02   1.7259E+00
   2.7100E+02   1.9047E+00
   2.7200E+02   1.9302E+00
   2.7300E+02   1.8163E+00
   2.7400E+02   1.6133E+00
   2.7500E+02   1.4424E+00
   2.7600E+02   1.3433E+00
   2.7700E+02   1.2575E+00
   2.7800E+02   1.2002E+00
   2.7900E+02   1.1717E+00
   2.8000E+02   1.1418E+00
   2.8100E+02   1.1302E+00
   2.8200E+02   1.1471E+00
   2.8300E+02   1.2051E+00
   2.8400E+02   1.2864E+00
   2.8500E+02   1.4092E+00
   2.8600E+02   1.5144E+00
   2.8700E+02   1.5398E+00
   2.8800E+02   1.5045E+00
   2.8900E+02   1.4170E+00
   2.9000E+02   1.3298E+00
   2.9100E+02   1.2814E+00
   2.9200E+02   1.2779E+00
   2.9300E+02   1.3031E+00
   2.9400E+02   1.3080E+00
   2.9500E+02   1.2827E+00
   2.9600E+02   1.2130E+00
   2.9700E+02   1.1577E+00
   2.9800E+02   1.1489E+00
   2.9900E+02   1.2307E+00
   3.0000E+02   1.3763E+00
   3.0100E+02   1.5564E+00
   3.0200E+02   1.7338E+00
   3.0300E+02   1.8508E+00
   3.0400E+02   1.9364E+00
   3.0500E+02   1.9683E+00
   3.0600E+02   1.9207E+00
   3.0700E+02   1.8414E+00
   3.0800E+02   1.6665E+00
   3.0900E+02   1.4727E+00
   3.1000E+02   1.3380E+00
   3.1100E+02   1.2608E+00
   3.1200E+02   1.2507E+00
   3.1300E+02   1.2684E+00
   3.1400E+02   1.3034E+00
   3.1500E+02   1.3372E+00
   3.1600E+02   1.3752E+00
   3.1700E+02   1.4150E+00
   3.1800E+02   1.5068E+00
   3.1900E+02   1.6574E+00
   3.2000E+02   1.7673E+00
   3.2100E+02   1.8764E+00
   3.2200E+02   1.8860E+00
   3.2300E+02   1.8083E+00
   3.2400E+02   1.6263E+00
   3.2500E+02   1.4252E+00
   3.2600E+02   1.3003E+00
   3.2700E+02   1.1947E+00
   3.2800E+02   1.1608E+00
   3.2900E+02   1.1572E+00
   3.3000E+02   1.1862E+00
   3.3100E+02   1.2825E+00
   3.3200E+02   1.3312E+00
   3.3300E+02   1.4044E+00
   3.3400E+02   1.4264E+00
   3.3500E+02   1.4109E+00
   3.3600E+02   1.3579E+00
   3.3700E+02   1.3234E+00
   3.3800E+02   1.3227E+00
   3.3900E+02   1.3488E+00
   3.4000E+02   1.4010E+00
   3.4100E+02   1.4631E+00
   3.4200E+02   1.5214E+00
   3.4300E+02   1.6058E+00
   3.4400E+02   1.6413E+00
   3.4500E+02   1.6287E+00
   3.4600E+02   1.5286E+00
   3.4700E+02   1.4191E+00
   3.4800E+02   1.2594E+00
   3.4900E+02   1.2085E+00
   3.5000E+02   1.2760E+00
   3.5100E+02   1.4548E+00
   3.5200E+02   1.6933E+00
   3.5300E+02   1.8698E+00
   3.5400E+02   1.9772E+00
   3.5500E+02   2.0133E+00
   3.5600E+02   2.0006E+00
   3.5700E+02   1.9778E+00
   3.5800E+02   1.9526E+00
   3.5900E+02   1.9174E+00
   3.6000E+02   1.8950E+00
   3.6100E+02   1.8391E+00
   3.6200E+02   1.7998E+00
   3.6300E+02   1.7337E+00
   3.6400E+02   1.6547E+00
   3.6500E+02   1.5971E+00
   3.6600E+02   1.5381E+00
   3.6700E+02   1.4932E+00
   3.6800E+02   1.4187E+00
   3.6900E+02   1.3935E+00
   3.7000E+02   1.3366E+00
   3.7100E+02   1.2888E+00
   3.7200E+02   1.2527E+00
   3.7300E+02   1.2447E+00
   3.7400E+02   1.2536E+00
   3.7500E+02   1.2823E+00
   3.7600E+02   1.3125E+00
   3.7700E+02   1.3286E+00
   3.7800E+02   1.3316E+00
   3.7900E+02   1.3167E+00
   3.8000E+02   1.2540E+00
   3.8100E+02   1.1518E+00
   3.8100E+02   1.4150E+00
   3.8100E+02   1.1692E+00
   3.8200E+02   1.0139E+00
   3.8300E+02   8.0537E-01
   3.8400E+02   7.0194E-01
   3.8500E+02   6.8977E-01
   3.8600E+02   7.7377E-01
   3.8700E+02   9.0142E-01
   3.8800E+02   9.9355E-01
   3.8900E+02   1.0396E+00
   3.9000E+02   1.0403E+00
   3.9100E+02   1.0206E+00
   3.9100E+02   1.4150E+00
   3.9100E+02   1.0226E+00
   3.9100E+02   1.4150E+00
   3.9100E+02   1.0226E+00
   3.9200E+02   1.0016E+00
   3.9300E+02   9.8934E-01
   3.9400E+02   9.8779E-01
   3.9500E+02   9.8779E-01
   3.9600E+02   9.7492E-01
   3.9700E+02   9.7492E-01
   3.9700E+02   1.4150E+00
   3.9700E+02   1.4150E+00
   3.9700E+02   9.7611E-01
   3.9800E+02   9.5555E-01
   3.9900E+02   9.3714E-01
   4.0000E+02   9.1192E-01
   4.0100E+02   8.4784E-01
   4.0100E+02   1.4150E+00
   4.0100E+02   8.7016E-01
   4.0200E+02   7.9559E-01
   4.0300E+02   7.8107E-01
   4.0400E+02   8.2608E-01
   4.0500E+02   8.7193E-01
   4.0500E+02   1.4150E+00
   4.0500E+02   8.6117E-01
   4.0600E+02   9.9771E-01
   4.0700E+02   1.1018E+00
   4.0800E+02   1.1730E+00
   4.0900E+02   1.2227E+00
   4.1000E+02   1.2263E+00
   4.1100E+02   1.2289E+00
   4.1200E+02   1.2385E+00
   4.1300E+02   1.2485E+00
   4.1400E+02   1.2613E+00
   4.1500E+02   1.2763E+00
   4.1600E+02   1.2994E+00
   4.1700E+02   1.3262E+00
   4.1800E+02   1.3550E+00
   4.1900E+02   1.3734E+00
   4.2000E+02   1.3910E+00
   4.2100E+02   1.4101E+00
   4.2200E+02   1.4128E+00
   4.2300E+02   1.3915E+00
   4.2400E+02   1.3264E+00
   4.2500E+02   1.2180E+00
   4.2600E+02   1.1396E+00
   4.2700E+02   1.0772E+00
   4.2800E+02   1.0602E+00
   4.2900E+02   1.1140E+00
   4.3000E+02   1.1378E+00
   4.3100E+02   1.1862E+00
   4.3200E+02   1.2014E+00
   4.3300E+02   1.1997E+00
   4.3400E+02   1.2125E+00
   4.3500E+02   1.2693E+00
   4.3600E+02   1.3958E+00
   4.3700E+02   1.5875E+00
   4.3800E+02   1.8049E+00
   4.3900E+02   1.9642E+00
   4.4000E+02   2.1047E+00
   4.4100E+02   2.1862E+00
   4.4200E+02   2.1957E+00
   4.4300E+02   2.1450E+00
   4.4400E+02   1.9767E+00
   4.4500E+02   1.7692E+00
   4.4600E+02   1.5326E+00
   4.4700E+02   1.4350E+00
   4.4800E+02   1.4320E+00
   4.4900E+02   1.5249E+00
   4.5000E+02   1.6124E+00
   4.5100E+02   1.6440E+00
   4.5200E+02   1.6203E+00
   4.5300E+02   1.5538E+00
   4.5400E+02   1.4854E+00
   4.5500E+02   1.4242E+00
   4.5600E+02   1.3513E+00
   4.5700E+02   1.2941E+00
   4.5800E+02   1.2692E+00
   4.5900E+02   1.2801E+00
   4.6000E+02   1.3403E+00
   4.6100E+02   1.3860E+00
   4.6200E+02   1.4063E+00
   4.6300E+02   1.3658E+00
   4.6400E+02   1.2625E+00
   4.6500E+02   1.1351E+00
   4.6600E+02   1.0735E+00
   4.6700E+02   1.0909E+00
   4.6800E+02   1.1882E+00
   4.6900E+02   1.3286E+00
   4.7000E+02   1.4543E+00
   4.7100E+02   1.5599E+00
   4.7200E+02   1.6304E+00
   4.7300E+02   1.6650E+00
   4.7400E+02   1.6889E+00
   4.7500E+02   1.6914E+00
   4.7600E+02   1.6757E+00
   4.7700E+02   1.6484E+00
   4.7800E+02   1.6224E+00
   4.7900E+02   1.5980E+00
   4.8000E+02   1.5732E+00
   4.8100E+02   1.5513E+00
   4.8200E+02   1.5383E+00
   4.8300E+02   1.5363E+00
   4.8400E+02   1.5404E+00
   4.8500E+02   1.5292E+00
   4.8600E+02   1.5041E+00
   4.8700E+02   1.4372E+00
   4.8800E+02   1.3825E+00
   4.8900E+02   1.3255E+00
   4.9000E+02   1.3156E+00
   4.9100E+02   1.3657E+00
   4.9200E+02   1.4219E+00
   4.9300E+02   1.4875E+00
   4.9400E+02   1.5038E+00
   4.9500E+02   1.4516E+00
   4.9600E+02   1.4156E+00
   4.9700E+02   1.3753E+00
   4.9800E+02   1.3875E+00
   4.9900E+02   1.4440E+00
   5.0000E+02   1.5479E+00
   5.0100E+02   1.6293E+00
   5.0200E+02   1.6622E+00
   5.0300E+02   1.6605E+00
   5.0400E+02   1.6213E+00
   5.0500E+02   1.5781E+00
   5.0600E+02   1.5313E+00
   5.0700E+02   1.5059E+00
   5.0800E+02   1.4658E+00
   5.0900E+02   1.4036E+00
   5.1000E+02   1.2985E+00
   5.1100E+02   1.1511E+00
   5.1200E+02   1.0299E+00
   5.1300E+02   9.6486E-01
   5.1400E+02   9.3082E-01
   5.1500E+02   9.6765E-01
   5.1600E+02   1.0030E+00
   5.1600E+02   1.4150E+00
   5.1600E+02   9.9658E-01
   5.1600E+02   1.4150E+00
   5.1600E+02   1.4150E+00
   5.1600E+02   1.4150E+00
   5.1600E+02   9.9658E-01
   5.1600E+02   1.4150E+00
   5.1600E+02   9.9658E-01
   5.1600E+02   1.4150E+00
   5.1600E+02   9.9658E-01
   5.1700E+02   1.0143E+00
   5.1700E+02   1.4150E+00
   5.1700E+02   1.0160E+00
   5.1700E+02   1.4150E+00
   5.1700E+02   1.0160E+00
