   0.0000E+00   1.4150E+00
   0.0000E+00   1.0007E+00
   1.0000E+00   9.9993E-01
   2.0000E+00   9.7320E-01
   3.0000E+00   9.4260E-01
   4.0000E+00   9.1279E-01
   5.0000E+00   8.7461E-01
   6.0000E+00   8.4048E-01
   7.0000E+00   8.0816E-01
   8.0000E+00   7.8066E-01
   9.0000E+00   7.5294E-01
   1.0000E+01   7.4911E-01
   1.1000E+01   7.7445E-01
   1.2000E+01   8.3144E-01
   1.3000E+01   9.0964E-01
   1.4000E+01   9.7343E-01
   1.5000E+01   1.0136E+00
   1.6000E+01   1.0279E+00
   1.7000E+01   1.0202E+00
   1.8000E+01   1.0166E+00
   1.9000E+01   1.0242E+00
   2.0000E+01   1.0389E+00
   2.1000E+01   1.0510E+00
   2.2000E+01   1.0595E+00
   2.3000E+01   1.0543E+00
   2.4000E+01   1.0423E+00
   2.5000E+01   1.0195E+00
   2.6000E+01   9.9016E-01
   2.7000E+01   9.5344E-01
   2.8000E+01   9.0984E-01
   2.9000E+01   8.6871E-01
   3.0000E+01   8.5205E-01
   3.1000E+01   8.5897E-01
   3.2000E+01   8.9051E-01
   3.3000E+01   9.3498E-01
   3.4000E+01   9.7756E-01
   3.5000E+01   1.0115E+00
   3.6000E+01   1.0395E+00
   3.7000E+01   1.0706E+00
   3.8000E+01   1.0912E+00
   3.9000E+01   1.1117E+00
   4.0000E+01   1.1324E+00
   4.1000E+01   1.1408E+00
   4.2000E+01   1.1310E+00
   4.3000E+01   1.1024E+00
   4.4000E+01   1.0536E+00
   4.5000E+01   1.0175E+00
   4.6000E+01   1.0015E+00
   4.7000E+01   1.0098E+00
   4.8000E+01   1.0392E+00
   4.9000E+01   1.0519E+00
   5.0000E+01   1.0276E+00
   5.0000E+01   1.4150E+00
   5.0000E+01   1.0296E+00
   5.1000E+01   9.7095E-01
   5.2000E+01   8.6864E-01
   5.3000E+01   8.2198E-01
   5.4000E+01   8.1562E-01
   5.5000E+01   8.7944E-01
   5.6000E+01   9.3211E-01
   5.7000E+01   9.7156E-01
   5.8000E+01   9.5311E-01
   5.9000E+01   8.7289E-01
   6.0000E+01   7.9410E-01
   6.1000E+01   7.3287E-01
   6.2000E+01   7.2587E-01
   6.3000E+01   7.6943E-01
   6.4000E+01   8.3840E-01
   6.5000E+01   9.2044E-01
   6.6000E+01   1.0068E+00
   6.7000E+01   1.0922E+00
   6.8000E+01   1.1635E+00
   6.9000E+01   1.2123E+00
   7.0000E+01   1.2208E+00
   7.1000E+01   1.2059E+00
   7.2000E+01   1.1489E+00
   7.3000E+01   1.0797E+00
   7.3000E+01   1.4150E+00
   7.3000E+01   1.1018E+00
   7.4000E+01   1.0142E+00
   7.5000E+01   9.0023E-01
   7.6000E+01   7.7547E-01
   7.7000E+01   6.6459E-01
   7.8000E+01   6.1921E-01
   7.9000E+01   5.6417E-01
   8.0000E+01   5.2492E-01
   8.1000E+01   5.0473E-01
   8.2000E+01   4.8823E-01
   8.3000E+01   4.8338E-01
   8.4000E+01   4.9542E-01
   8.5000E+01   5.2911E-01
   8.6000E+01   5.8250E-01
   8.6000E+01   1.4150E+00
   8.6000E+01   5.4057E-01
   8.7000E+01   6.0426E-01
   8.7000E+01   1.4150E+00
   8.7000E+01   5.9054E-01
   8.8000E+01   6.1625E-01
   8.9000E+01   5.9036E-01
   9.0000E+01   5.0815E-01
   9.1000E+01   3.9278E-01
   9.2000E+01   3.2745E-01
   9.3000E+01   3.1039E-01
   9.4000E+01   3.6082E-01
   9.5000E+01   4.4574E-01
   9.6000E+01   5.7587E-01
   9.6000E+01   1.4150E+00
   9.6000E+01   5.4080E-01
   9.7000E+01   6.4879E-01
   9.8000E+01   7.6578E-01
   9.9000E+01   8.5930E-01
   1.0000E+02   9.0475E-01
   1.0100E+02   8.3626E-01
   1.0200E+02   7.6570E-01
   1.0300E+02   6.2594E-01
   1.0400E+02   5.5677E-01
   1.0500E+02   5.2775E-01
   1.0600E+02   5.5298E-01
   1.0600E+02   1.4150E+00
   1.0600E+02   5.5279E-01
   1.0600E+02   1.4150E+00
   1.0600E+02   1.4150E+00
   1.0600E+02   5.5279E-01
   1.0600E+02   1.4150E+00
   1.0600E+02   5.5279E-01
   1.0600E+02   1.4150E+00
   1.0600E+02   5.5279E-01
   1.0600E+02   1.4150E+00
   1.0600E+02   5.5279E-01
   1.0700E+02   6.2165E-01
   1.0700E+02   1.4150E+00
   1.0700E+02   6.2165E-01
   1.0800E+02   6.7864E-01
   1.0800E+02   1.4150E+00
   1.0800E+02   6.7864E-01
   1.0900E+02   7.2656E-01
   1.1000E+02   7.4108E-01
   1.1100E+02   7.5394E-01
   1.1200E+02   7.7229E-01
   1.1300E+02   7.8729E-01
   1.1400E+02   8.1085E-01
   1.1500E+02   8.1977E-01
   1.1600E+02   8.1178E-01
   1.1700E+02   7.8076E-01
   1.1800E+02   7.4098E-01
   1.1900E+02   6.9073E-01
   1.2000E+02   6.7370E-01
   1.2100E+02   6.8048E-01
   1.2200E+02   7.1736E-01
   1.2300E+02   7.6317E-01
   1.2400E+02   8.0236E-01
   1.2500E+02   8.3483E-01
   1.2600E+02   8.5555E-01
   1.2700E+02   8.8263E-01
   1.2800E+02   8.9415E-01
   1.2900E+02   9.0141E-01
   1.3000E+02   9.0800E-01
   1.3100E+02   9.1957E-01
   1.3200E+02   9.3977E-01
   1.3300E+02   9.5800E-01
   1.3400E+02   9.9079E-01
   1.3500E+02   1.0113E+00
   1.3600E+02   1.0309E+00
   1.3700E+02   1.0391E+00
   1.3800E+02   1.0461E+00
   1.3900E+02   1.0705E+00
   1.4000E+02   1.1325E+00
   1.4100E+02   1.2231E+00
   1.4200E+02   1.3003E+00
   1.4300E+02   1.3535E+00
   1.4400E+02   1.3634E+00
   1.4500E+02   1.3201E+00
   1.4600E+02   1.2738E+00
   1.4700E+02   1.2500E+00
   1.4800E+02   1.2783E+00
   1.4900E+02   1.3411E+00
   1.5000E+02   1.4271E+00
   1.5100E+02   1.4843E+00
   1.5200E+02   1.4873E+00
   1.5300E+02   1.4580E+00
   1.5400E+02   1.4062E+00
   1.5500E+02   1.3839E+00
   1.5600E+02   1.3953E+00
   1.5700E+02   1.4380E+00
   1.5800E+02   1.4987E+00
   1.5900E+02   1.5229E+00
   1.6000E+02   1.5302E+00
   1.6100E+02   1.5089E+00
   1.6200E+02   1.4788E+00
   1.6300E+02   1.4309E+00
   1.6400E+02   1.3664E+00
   1.6500E+02   1.2786E+00
   1.6600E+02   1.2459E+00
   1.6700E+02   1.2767E+00
   1.6800E+02   1.3691E+00
   1.6900E+02   1.4705E+00
   1.7000E+02   1.5712E+00
   1.7100E+02   1.5826E+00
   1.7200E+02   1.5022E+00
   1.7300E+02   1.3861E+00
   1.7400E+02   1.2284E+00
   1.7500E+02   1.0590E+00
   1.7600E+02   9.2743E-01
   1.7700E+02   7.8318E-01
   1.7800E+02   6.9251E-01
   1.7900E+02   6.7434E-01
   1.8000E+02   7.1318E-01
   1.8100E+02   8.0155E-01
   1.8200E+02   8.4418E-01
   1.8300E+02   8.6045E-01
   1.8400E+02   8.2892E-01
   1.8500E+02   7.8792E-01
   1.8600E+02   7.4957E-01
   1.8700E+02   7.4483E-01
   1.8800E+02   7.8043E-01
   1.8900E+02   7.9393E-01
   1.9000E+02   8.2966E-01
   1.9100E+02   8.4945E-01
   1.9200E+02   8.5570E-01
   1.9300E+02   8.6037E-01
   1.9400E+02   8.8094E-01
   1.9500E+02   9.1351E-01
   1.9600E+02   9.7601E-01
   1.9700E+02   1.0007E+00
   1.9800E+02   1.0080E+00
   1.9900E+02   9.7874E-01
   2.0000E+02   9.3431E-01
   2.0100E+02   9.0616E-01
   2.0200E+02   9.3965E-01
   2.0300E+02   1.0283E+00
   2.0400E+02   1.1879E+00
   2.0500E+02   1.3498E+00
   2.0600E+02   1.4534E+00
   2.0700E+02   1.4928E+00
   2.0800E+02   1.4714E+00
   2.0900E+02   1.4273E+00
   2.1000E+02   1.3964E+00
   2.1100E+02   1.3688E+00
   2.1200E+02   1.3357E+00
   2.1300E+02   1.3095E+00
   2.1400E+02   1.2552E+00
   2.1500E+02   1.2157E+00
   2.1600E+02   1.1333E+00
   2.1700E+02   1.0974E+00
   2.1800E+02   1.0828E+00
   2.1900E+02   1.1094E+00
   2.2000E+02   1.1384E+00
   2.2100E+02   1.1528E+00
   2.2200E+02   1.1454E+00
   2.2300E+02   1.1061E+00
   2.2400E+02   1.0779E+00
   2.2500E+02   1.0860E+00
   2.2600E+02   1.1514E+00
   2.2700E+02   1.2712E+00
   2.2800E+02   1.3960E+00
   2.2900E+02   1.4872E+00
   2.3000E+02   1.5039E+00
   2.3100E+02   1.4362E+00
   2.3200E+02   1.3894E+00
   2.3300E+02   1.3352E+00
   2.3400E+02   1.3185E+00
   2.3500E+02   1.3355E+00
   2.3600E+02   1.3590E+00
   2.3700E+02   1.3529E+00
   2.3800E+02   1.3121E+00
   2.3900E+02   1.2200E+00
   2.4000E+02   1.1507E+00
   2.4100E+02   1.0936E+00
   2.4200E+02   1.0641E+00
   2.4300E+02   1.0584E+00
   2.4400E+02   1.0682E+00
   2.4500E+02   1.0778E+00
   2.4600E+02   1.0977E+00
   2.4700E+02   1.1026E+00
   2.4800E+02   1.1369E+00
   2.4900E+02   1.2162E+00
   2.5000E+02   1.3034E+00
   2.5100E+02   1.4109E+00
   2.5200E+02   1.4972E+00
   2.5300E+02   1.5378E+00
   2.5400E+02   1.5143E+00
   2.5500E+02   1.4573E+00
   2.5600E+02   1.3935E+00
   2.5700E+02   1.2847E+00
   2.5800E+02   1.1260E+00
   2.5900E+02   1.0441E+00
   2.6000E+02   9.6791E-01
   2.6100E+02   9.8325E-01
   2.6200E+02   1.0638E+00
   2.6300E+02   1.2102E+00
   2.6400E+02   1.3142E+00
   2.6500E+02   1.3363E+00
   2.6600E+02   1.2844E+00
   2.6700E+02   1.1893E+00
   2.6800E+02   1.1462E+00
   2.6900E+02   1.1734E+00
   2.7000E+02   1.2613E+00
   2.7100E+02   1.3894E+00
   2.7200E+02   1.5043E+00
   2.7300E+02   1.5996E+00
   2.7400E+02   1.6707E+00
   2.7500E+02   1.6951E+00
   2.7600E+02   1.6744E+00
   2.7700E+02   1.6013E+00
   2.7800E+02   1.4756E+00
   2.7900E+02   1.3400E+00
   2.8000E+02   1.2643E+00
   2.8100E+02   1.2748E+00
   2.8200E+02   1.3285E+00
   2.8300E+02   1.4029E+00
   2.8400E+02   1.4129E+00
   2.8500E+02   1.3634E+00
   2.8600E+02   1.2429E+00
   2.8700E+02   1.1417E+00
   2.8800E+02   1.1213E+00
   2.8900E+02   1.1897E+00
   2.9000E+02   1.3409E+00
   2.9100E+02   1.4492E+00
   2.9200E+02   1.5255E+00
   2.9300E+02   1.5384E+00
   2.9400E+02   1.4765E+00
   2.9500E+02   1.4199E+00
   2.9600E+02   1.3245E+00
   2.9700E+02   1.1890E+00
   2.9800E+02   1.0837E+00
   2.9900E+02   1.0166E+00
   3.0000E+02   9.9602E-01
   3.0100E+02   1.0320E+00
   3.0200E+02   1.1362E+00
   3.0300E+02   1.2319E+00
   3.0400E+02   1.2963E+00
   3.0500E+02   1.3507E+00
   3.0600E+02   1.3829E+00
   3.0700E+02   1.4040E+00
   3.0800E+02   1.4067E+00
   3.0900E+02   1.3920E+00
   3.1000E+02   1.3776E+00
   3.1100E+02   1.4039E+00
   3.1200E+02   1.4749E+00
   3.1300E+02   1.5940E+00
   3.1400E+02   1.7370E+00
   3.1500E+02   1.8140E+00
   3.1600E+02   1.8317E+00
   3.1700E+02   1.7974E+00
   3.1800E+02   1.7204E+00
   3.1900E+02   1.6808E+00
   3.2000E+02   1.6827E+00
   3.2100E+02   1.7262E+00
   3.2200E+02   1.7599E+00
   3.2300E+02   1.7820E+00
   3.2400E+02   1.7687E+00
   3.2500E+02   1.7325E+00
   3.2600E+02   1.7046E+00
   3.2700E+02   1.6728E+00
   3.2800E+02   1.6659E+00
   3.2900E+02   1.6668E+00
   3.3000E+02   1.6825E+00
   3.3100E+02   1.7540E+00
   3.3200E+02   1.8159E+00
   3.3300E+02   1.9456E+00
   3.3400E+02   2.0333E+00
   3.3500E+02   2.0441E+00
   3.3600E+02   1.9679E+00
   3.3700E+02   1.8720E+00
   3.3800E+02   1.7843E+00
   3.3900E+02   1.7321E+00
   3.4000E+02   1.7218E+00
   3.4100E+02   1.7508E+00
   3.4200E+02   1.7622E+00
   3.4300E+02   1.7222E+00
   3.4400E+02   1.6488E+00
   3.4500E+02   1.6000E+00
   3.4600E+02   1.5506E+00
   3.4700E+02   1.5625E+00
   3.4800E+02   1.5941E+00
   3.4900E+02   1.6652E+00
   3.5000E+02   1.7274E+00
   3.5100E+02   1.7418E+00
   3.5200E+02   1.7220E+00
   3.5300E+02   1.6950E+00
   3.5400E+02   1.6481E+00
   3.5500E+02   1.6194E+00
   3.5600E+02   1.5766E+00
   3.5700E+02   1.5638E+00
   3.5800E+02   1.5740E+00
   3.5900E+02   1.6239E+00
   3.6000E+02   1.7188E+00
   3.6100E+02   1.7677E+00
   3.6200E+02   1.7657E+00
   3.6300E+02   1.7085E+00
   3.6400E+02   1.5779E+00
   3.6500E+02   1.4387E+00
   3.6500E+02   1.4150E+00
   3.6500E+02   1.4519E+00
   3.6600E+02   1.3442E+00
   3.6700E+02   1.2931E+00
   3.6800E+02   1.2848E+00
   3.6900E+02   1.3428E+00
   3.7000E+02   1.3899E+00
   3.7100E+02   1.5113E+00
   3.7200E+02   1.6656E+00
   3.7300E+02   1.7954E+00
   3.7400E+02   1.8654E+00
   3.7500E+02   1.8709E+00
   3.7600E+02   1.8245E+00
   3.7700E+02   1.7711E+00
   3.7800E+02   1.7238E+00
   3.7900E+02   1.6982E+00
   3.8000E+02   1.6829E+00
   3.8100E+02   1.6816E+00
   3.8200E+02   1.6888E+00
   3.8300E+02   1.6982E+00
   3.8400E+02   1.7134E+00
   3.8500E+02   1.6823E+00
   3.8600E+02   1.5750E+00
   3.8700E+02   1.4497E+00
   3.8800E+02   1.2980E+00
   3.8900E+02   1.2135E+00
   3.9000E+02   1.2292E+00
   3.9100E+02   1.3558E+00
   3.9200E+02   1.5348E+00
   3.9300E+02   1.6952E+00
   3.9400E+02   1.8097E+00
   3.9500E+02   1.8629E+00
   3.9600E+02   1.8757E+00
   3.9700E+02   1.8692E+00
   3.9800E+02   1.8342E+00
   3.9900E+02   1.8038E+00
   4.0000E+02   1.7482E+00
   4.0100E+02   1.7298E+00
   4.0200E+02   1.7402E+00
   4.0300E+02   1.7850E+00
   4.0400E+02   1.8186E+00
   4.0500E+02   1.8741E+00
   4.0600E+02   1.9135E+00
   4.0700E+02   1.9427E+00
   4.0800E+02   1.9512E+00
   4.0900E+02   1.9063E+00
   4.1000E+02   1.8503E+00
   4.1100E+02   1.7499E+00
   4.1200E+02   1.6430E+00
   4.1300E+02   1.5931E+00
   4.1400E+02   1.5951E+00
   4.1500E+02   1.6440E+00
   4.1600E+02   1.7061E+00
   4.1700E+02   1.7381E+00
   4.1800E+02   1.7631E+00
   4.1900E+02   1.7793E+00
   4.2000E+02   1.7430E+00
   4.2100E+02   1.6791E+00
   4.2200E+02   1.5644E+00
   4.2300E+02   1.4155E+00
   4.2400E+02   1.2630E+00
   4.2500E+02   1.1411E+00
   4.2600E+02   1.0860E+00
   4.2700E+02   1.0505E+00
   4.2800E+02   1.0634E+00
   4.2900E+02   1.1114E+00
   4.3000E+02   1.1760E+00
   4.3100E+02   1.2938E+00
   4.3200E+02   1.4128E+00
   4.3300E+02   1.5287E+00
   4.3400E+02   1.6471E+00
   4.3500E+02   1.7328E+00
   4.3600E+02   1.7836E+00
   4.3700E+02   1.7964E+00
   4.3800E+02   1.7572E+00
   4.3900E+02   1.7201E+00
   4.4000E+02   1.7193E+00
   4.4100E+02   1.7580E+00
   4.4200E+02   1.8391E+00
   4.4300E+02   1.9463E+00
   4.4400E+02   1.9826E+00
   4.4500E+02   1.9652E+00
   4.4600E+02   1.9018E+00
   4.4700E+02   1.8180E+00
   4.4800E+02   1.7863E+00
   4.4900E+02   1.8062E+00
   4.5000E+02   1.8829E+00
   4.5100E+02   1.9251E+00
   4.5200E+02   1.9030E+00
   4.5300E+02   1.8174E+00
   4.5400E+02   1.6501E+00
   4.5500E+02   1.4921E+00
   4.5600E+02   1.4395E+00
   4.5700E+02   1.4941E+00
   4.5800E+02   1.5841E+00
   4.5900E+02   1.7150E+00
   4.6000E+02   1.8076E+00
   4.6100E+02   1.8469E+00
   4.6200E+02   1.8722E+00
   4.6300E+02   1.8923E+00
   4.6400E+02   1.9149E+00
   4.6500E+02   1.9453E+00
   4.6600E+02   1.9557E+00
   4.6700E+02   1.9386E+00
   4.6800E+02   1.8511E+00
   4.6900E+02   1.7670E+00
   4.7000E+02   1.5998E+00
   4.7100E+02   1.4507E+00
   4.7200E+02   1.3511E+00
   4.7300E+02   1.2372E+00
   4.7400E+02   1.1665E+00
   4.7500E+02   1.1182E+00
   4.7600E+02   1.1228E+00
   4.7700E+02   1.1608E+00
   4.7800E+02   1.2156E+00
   4.7900E+02   1.2497E+00
   4.8000E+02   1.2442E+00
   4.8100E+02   1.1869E+00
   4.8200E+02   1.1589E+00
   4.8300E+02   1.0873E+00
   4.8300E+02   1.4150E+00
   4.8300E+02   1.0992E+00
   4.8400E+02   1.0166E+00
   4.8400E+02   1.4150E+00
   4.8400E+02   1.0303E+00
   4.8500E+02   9.5212E-01
   4.8600E+02   8.6348E-01
   4.8700E+02   7.8852E-01
   4.8800E+02   7.5243E-01
   4.8900E+02   6.9470E-01
   4.9000E+02   6.7448E-01
   4.9100E+02   6.6646E-01
   4.9200E+02   6.9365E-01
   4.9300E+02   7.1709E-01
   4.9400E+02   7.3951E-01
   4.9500E+02   7.5820E-01
   4.9600E+02   7.7226E-01
   4.9700E+02   7.7688E-01
   4.9800E+02   7.9552E-01
   4.9900E+02   8.5440E-01
   5.0000E+02   9.3054E-01
   5.0000E+02   1.4150E+00
   5.0000E+02   9.1468E-01
   5.0100E+02   1.0176E+00
   5.0200E+02   1.1321E+00
   5.0300E+02   1.2129E+00
   5.0400E+02   1.2802E+00
   5.0500E+02   1.3433E+00
   5.0600E+02   1.3441E+00
   5.0700E+02   1.2926E+00
   5.0800E+02   1.2076E+00
   5.0900E+02   1.0532E+00
   5.1000E+02   9.6257E-01
   5.1100E+02   9.2429E-01
   5.1200E+02   9.6040E-01
   5.1200E+02   1.4150E+00
   5.1200E+02   9.4610E-01
   5.1300E+02   1.0199E+00
   5.1400E+02   1.0876E+00
   5.1500E+02   1.1197E+00
   5.1600E+02   1.1326E+00
   5.1700E+02   1.1287E+00
   5.1800E+02   1.1352E+00
   5.1900E+02   1.1610E+00
   5.2000E+02   1.1814E+00
   5.2100E+02   1.2162E+00
   5.2200E+02   1.2593E+00
   5.2300E+02   1.2731E+00
   5.2400E+02   1.3073E+00
   5.2500E+02   1.3272E+00
   5.2600E+02   1.4029E+00
   5.2700E+02   1.4976E+00
   5.2800E+02   1.6308E+00
   5.2900E+02   1.7563E+00
   5.3000E+02   1.8216E+00
   5.3100E+02   1.8155E+00
   5.3200E+02   1.7372E+00
   5.3300E+02   1.6265E+00
   5.3400E+02   1.5200E+00
   5.3500E+02   1.4561E+00
   5.3600E+02   1.4041E+00
   5.3700E+02   1.3606E+00
   5.3800E+02   1.3504E+00
   5.3900E+02   1.3662E+00
   5.4000E+02   1.4063E+00
   5.4100E+02   1.4404E+00
   5.4200E+02   1.4379E+00
   5.4300E+02   1.4107E+00
   5.4400E+02   1.3530E+00
   5.4500E+02   1.3237E+00
   5.4600E+02   1.3440E+00
   5.4700E+02   1.4149E+00
   5.4800E+02   1.5378E+00
   5.4900E+02   1.6179E+00
   5.5000E+02   1.6543E+00
   5.5100E+02   1.6351E+00
   5.5200E+02   1.5724E+00
   5.5300E+02   1.5106E+00
   5.5400E+02   1.4482E+00
   5.5500E+02   1.4200E+00
   5.5600E+02   1.3898E+00
   5.5700E+02   1.3757E+00
   5.5800E+02   1.3867E+00
   5.5800E+02   1.4150E+00
   5.5800E+02   1.3791E+00
   5.5900E+02   1.4045E+00
   5.6000E+02   1.4329E+00
   5.6100E+02   1.4524E+00
   5.6200E+02   1.4501E+00
   5.6300E+02   1.4213E+00
   5.6400E+02   1.4173E+00
   5.6500E+02   1.4439E+00
   5.6600E+02   1.5120E+00
   5.6700E+02   1.6229E+00
   5.6800E+02   1.6787E+00
   5.6900E+02   1.6875E+00
   5.7000E+02   1.6289E+00
   5.7100E+02   1.4636E+00
   5.7200E+02   1.3686E+00
   5.7300E+02   1.3766E+00
   5.7400E+02   1.5262E+00
   5.7500E+02   1.7981E+00
   5.7600E+02   2.0417E+00
   5.7700E+02   2.1668E+00
   5.7800E+02   2.1448E+00
   5.7900E+02   2.0024E+00
   5.8000E+02   1.8156E+00
   5.8100E+02   1.6659E+00
   5.8200E+02   1.5443E+00
   5.8300E+02   1.4703E+00
   5.8400E+02   1.4409E+00
   5.8500E+02   1.4793E+00
   5.8600E+02   1.5567E+00
   5.8700E+02   1.6987E+00
   5.8800E+02   1.7912E+00
   5.8900E+02   1.7965E+00
   5.9000E+02   1.7435E+00
   5.9100E+02   1.6257E+00
   5.9200E+02   1.5478E+00
   5.9300E+02   1.5497E+00
   5.9400E+02   1.6075E+00
   5.9500E+02   1.7045E+00
   5.9600E+02   1.7433E+00
   5.9700E+02   1.6864E+00
   5.9800E+02   1.5366E+00
   5.9900E+02   1.3609E+00
   6.0000E+02   1.2286E+00
   6.0100E+02   1.1904E+00
   6.0200E+02   1.2317E+00
   6.0300E+02   1.3223E+00
   6.0400E+02   1.3538E+00
   6.0500E+02   1.3213E+00
   6.0600E+02   1.2065E+00
   6.0700E+02   1.1086E+00
   6.0800E+02   1.0539E+00
   6.0900E+02   1.0745E+00
   6.1000E+02   1.2077E+00
   6.1100E+02   1.2979E+00
   6.1200E+02   1.4085E+00
   6.1300E+02   1.5001E+00
   6.1400E+02   1.5602E+00
   6.1500E+02   1.6159E+00
   6.1600E+02   1.6458E+00
   6.1700E+02   1.6734E+00
   6.1800E+02   1.6800E+00
   6.1900E+02   1.6815E+00
   6.2000E+02   1.6721E+00
   6.2100E+02   1.6046E+00
   6.2200E+02   1.6046E+00
   6.2300E+02   1.5658E+00
   6.2400E+02   1.5150E+00
   6.2500E+02   1.4843E+00
   6.2600E+02   1.4447E+00
   6.2700E+02   1.4260E+00
   6.2800E+02   1.4411E+00
   6.2900E+02   1.5108E+00
   6.3000E+02   1.5894E+00
   6.3100E+02   1.6760E+00
   6.3200E+02   1.7100E+00
   6.3300E+02   1.7311E+00
   6.3400E+02   1.7179E+00
   6.3500E+02   1.6778E+00
   6.3600E+02   1.5597E+00
   6.3700E+02   1.4150E+00
   6.3800E+02   1.2157E+00
   6.3900E+02   1.1483E+00
   6.4000E+02   1.2247E+00
   6.4100E+02   1.4120E+00
   6.4200E+02   1.6997E+00
   6.4300E+02   1.8980E+00
   6.4400E+02   1.9848E+00
   6.4500E+02   1.9451E+00
   6.4600E+02   1.8678E+00
   6.4700E+02   1.8245E+00
   6.4800E+02   1.8314E+00
   6.4900E+02   1.8932E+00
   6.5000E+02   1.9351E+00
   6.5100E+02   1.9182E+00
   6.5200E+02   1.8168E+00
   6.5300E+02   1.6829E+00
   6.5400E+02   1.5013E+00
   6.5500E+02   1.4299E+00
   6.5600E+02   1.4231E+00
   6.5700E+02   1.5085E+00
   6.5800E+02   1.5975E+00
   6.5900E+02   1.6829E+00
   6.6000E+02   1.7621E+00
   6.6100E+02   1.8294E+00
   6.6200E+02   1.8590E+00
   6.6300E+02   1.8142E+00
   6.6400E+02   1.6893E+00
   6.6500E+02   1.4805E+00
   6.6600E+02   1.3231E+00
   6.6700E+02   1.2212E+00
   6.6800E+02   1.1983E+00
   6.6900E+02   1.2567E+00
   6.7000E+02   1.3362E+00
   6.7100E+02   1.4125E+00
   6.7200E+02   1.5286E+00
   6.7300E+02   1.6401E+00
   6.7400E+02   1.7336E+00
   6.7500E+02   1.7748E+00
   6.7600E+02   1.7679E+00
   6.7700E+02   1.7365E+00
   6.7800E+02   1.6812E+00
   6.7900E+02   1.6415E+00
   6.8000E+02   1.5746E+00
   6.8100E+02   1.5443E+00
   6.8200E+02   1.4969E+00
   6.8300E+02   1.4791E+00
   6.8400E+02   1.4712E+00
   6.8500E+02   1.4681E+00
   6.8600E+02   1.4396E+00
   6.8700E+02   1.4139E+00
   6.8800E+02   1.3582E+00
   6.8900E+02   1.3054E+00
   6.9000E+02   1.3103E+00
   6.9100E+02   1.3701E+00
   6.9200E+02   1.4792E+00
   6.9300E+02   1.6034E+00
   6.9400E+02   1.6633E+00
   6.9500E+02   1.6565E+00
   6.9600E+02   1.5902E+00
   6.9700E+02   1.4909E+00
   6.9800E+02   1.4074E+00
   6.9900E+02   1.3065E+00
   7.0000E+02   1.2297E+00
   7.0100E+02   1.1803E+00
   7.0200E+02   1.1962E+00
   7.0300E+02   1.2702E+00
   7.0400E+02   1.3541E+00
   7.0500E+02   1.4585E+00
   7.0600E+02   1.5358E+00
   7.0700E+02   1.5791E+00
   7.0800E+02   1.5906E+00
   7.0900E+02   1.5827E+00
   7.1000E+02   1.5558E+00
   7.1100E+02   1.5353E+00
   7.1200E+02   1.4955E+00
   7.1300E+02   1.4683E+00
   7.1400E+02   1.4667E+00
   7.1500E+02   1.4839E+00
   7.1600E+02   1.5129E+00
   7.1700E+02   1.5442E+00
   7.1800E+02   1.5814E+00
   7.1900E+02   1.5963E+00
   7.2000E+02   1.6228E+00
   7.2100E+02   1.6657E+00
   7.2200E+02   1.7204E+00
   7.2300E+02   1.8125E+00
   7.2400E+02   1.9020E+00
   7.2500E+02   1.9768E+00
   7.2600E+02   2.0143E+00
   7.2700E+02   2.0114E+00
   7.2800E+02   1.9831E+00
   7.2900E+02   1.9624E+00
   7.3000E+02   1.8806E+00
   7.3100E+02   1.8277E+00
   7.3200E+02   1.7924E+00
   7.3300E+02   1.7288E+00
   7.3400E+02   1.6811E+00
   7.3500E+02   1.6324E+00
   7.3600E+02   1.6092E+00
   7.3700E+02   1.6099E+00
   7.3800E+02   1.6408E+00
   7.3900E+02   1.6693E+00
   7.4000E+02   1.7449E+00
   7.4100E+02   1.7880E+00
   7.4200E+02   1.8650E+00
   7.4300E+02   1.9389E+00
   7.4400E+02   2.0027E+00
   7.4500E+02   2.0340E+00
   7.4600E+02   2.0353E+00
   7.4700E+02   2.0066E+00
   7.4800E+02   1.9298E+00
   7.4900E+02   1.8505E+00
   7.5000E+02   1.7288E+00
   7.5100E+02   1.5887E+00
   7.5200E+02   1.4722E+00
   7.5300E+02   1.4411E+00
   7.5400E+02   1.4712E+00
   7.5500E+02   1.5529E+00
   7.5600E+02   1.6456E+00
   7.5700E+02   1.6882E+00
   7.5800E+02   1.7200E+00
   7.5900E+02   1.7293E+00
   7.6000E+02   1.6711E+00
   7.6100E+02   1.6249E+00
   7.6200E+02   1.4927E+00
   7.6300E+02   1.3613E+00
   7.6400E+02   1.2719E+00
   7.6500E+02   1.2585E+00
   7.6600E+02   1.3305E+00
   7.6700E+02   1.4097E+00
   7.6800E+02   1.4725E+00
   7.6900E+02   1.5096E+00
   7.7000E+02   1.5032E+00
   7.7100E+02   1.4937E+00
   7.7200E+02   1.5165E+00
   7.7300E+02   1.5957E+00
   7.7400E+02   1.6858E+00
   7.7500E+02   1.7625E+00
   7.7600E+02   1.8459E+00
   7.7700E+02   1.8943E+00
   7.7800E+02   1.9118E+00
   7.7900E+02   1.9057E+00
   7.8000E+02   1.8710E+00
   7.8100E+02   1.8239E+00
   7.8200E+02   1.7474E+00
   7.8300E+02   1.6625E+00
   7.8400E+02   1.6062E+00
   7.8500E+02   1.5607E+00
   7.8600E+02   1.5529E+00
   7.8700E+02   1.5796E+00
   7.8800E+02   1.6698E+00
   7.8900E+02   1.8104E+00
   7.9000E+02   2.0313E+00
   7.9100E+02   2.1386E+00
   7.9200E+02   2.1193E+00
   7.9300E+02   1.9362E+00
   7.9400E+02   1.6720E+00
   7.9500E+02   1.4509E+00
   7.9600E+02   1.3669E+00
   7.9700E+02   1.4103E+00
   7.9800E+02   1.5583E+00
   7.9900E+02   1.6899E+00
   8.0000E+02   1.7604E+00
   8.0100E+02   1.7743E+00
   8.0200E+02   1.7363E+00
   8.0300E+02   1.6573E+00
   8.0400E+02   1.5169E+00
   8.0500E+02   1.4282E+00
   8.0600E+02   1.2891E+00
   8.0700E+02   1.2482E+00
   8.0800E+02   1.3163E+00
   8.0900E+02   1.4809E+00
   8.1000E+02   1.7062E+00
   8.1100E+02   1.8314E+00
   8.1200E+02   1.8444E+00
   8.1300E+02   1.7511E+00
   8.1400E+02   1.5967E+00
   8.1500E+02   1.5118E+00
   8.1600E+02   1.4742E+00
   8.1700E+02   1.4956E+00
   8.1800E+02   1.5403E+00
   8.1900E+02   1.5497E+00
   8.2000E+02   1.5193E+00
   8.2100E+02   1.4894E+00
   8.2200E+02   1.4472E+00
   8.2300E+02   1.4453E+00
   8.2400E+02   1.4901E+00
   8.2500E+02   1.5387E+00
   8.2600E+02   1.6225E+00
   8.2700E+02   1.6792E+00
   8.2800E+02   1.7685E+00
   8.2900E+02   1.8551E+00
   8.3000E+02   1.8957E+00
   8.3100E+02   1.8505E+00
   8.3200E+02   1.7936E+00
   8.3300E+02   1.6420E+00
   8.3400E+02   1.5278E+00
   8.3500E+02   1.4887E+00
   8.3600E+02   1.5226E+00
   8.3700E+02   1.5951E+00
   8.3800E+02   1.6521E+00
   8.3900E+02   1.6636E+00
   8.4000E+02   1.6296E+00
   8.4100E+02   1.5606E+00
   8.4200E+02   1.5223E+00
   8.4300E+02   1.5396E+00
   8.4400E+02   1.5964E+00
   8.4500E+02   1.6836E+00
   8.4600E+02   1.7156E+00
   8.4700E+02   1.6881E+00
   8.4800E+02   1.6196E+00
   8.4900E+02   1.5054E+00
   8.5000E+02   1.4284E+00
   8.5100E+02   1.4059E+00
   8.5100E+02   1.4150E+00
   8.5100E+02   1.4059E+00
   8.5200E+02   1.4191E+00
   8.5300E+02   1.4791E+00
   8.5400E+02   1.5378E+00
   8.5500E+02   1.6153E+00
   8.5600E+02   1.7049E+00
   8.5700E+02   1.7383E+00
   8.5800E+02   1.7397E+00
   8.5900E+02   1.7015E+00
   8.6000E+02   1.5980E+00
   8.6100E+02   1.4810E+00
   8.6200E+02   1.4239E+00
   8.6300E+02   1.4280E+00
   8.6400E+02   1.5043E+00
   8.6500E+02   1.5735E+00
   8.6600E+02   1.6552E+00
   8.6700E+02   1.7110E+00
   8.6800E+02   1.7610E+00
   8.6900E+02   1.7984E+00
   8.7000E+02   1.8395E+00
   8.7100E+02   1.8688E+00
   8.7200E+02   1.8893E+00
   8.7300E+02   1.9068E+00
   8.7400E+02   1.9173E+00
   8.7500E+02   1.9333E+00
   8.7600E+02   1.9389E+00
   8.7700E+02   1.9367E+00
   8.7800E+02   1.9177E+00
   8.7900E+02   1.8619E+00
   8.8000E+02   1.8290E+00
   8.8100E+02   1.7580E+00
   8.8200E+02   1.6380E+00
   8.8300E+02   1.4661E+00
   8.8400E+02   1.3106E+00
   8.8500E+02   1.1618E+00
   8.8600E+02   1.1049E+00
   8.8700E+02   1.0982E+00
   8.8800E+02   1.1368E+00
   8.8900E+02   1.1767E+00
   8.9000E+02   1.1953E+00
   8.9100E+02   1.2068E+00
   8.9200E+02   1.2135E+00
   8.9300E+02   1.2281E+00
   8.9400E+02   1.2435E+00
   8.9500E+02   1.2624E+00
   8.9600E+02   1.2670E+00
   8.9700E+02   1.2263E+00
   8.9800E+02   1.1675E+00
   8.9900E+02   1.0358E+00
   8.9900E+02   1.4150E+00
   8.9900E+02   1.0824E+00
   8.9900E+02   1.4150E+00
   8.9900E+02   1.0824E+00
   8.9900E+02   1.4150E+00
   8.9900E+02   1.0824E+00
   8.9900E+02   1.4150E+00
   8.9900E+02   1.0824E+00
   8.9900E+02   1.4150E+00
   8.9900E+02   1.0824E+00
   8.9900E+02   1.4150E+00
   8.9900E+02   1.0824E+00
   8.9900E+02   1.4150E+00
   8.9900E+02   1.0824E+00
   8.9900E+02   1.4150E+00
   8.9900E+02   1.0824E+00
