   0.0000E+00   1.4150E+00
   0.0000E+00   1.3407E+00
   1.0000E+00   1.3422E+00
   2.0000E+00   1.4101E+00
   3.0000E+00   1.4390E+00
   4.0000E+00   1.4151E+00
   5.0000E+00   1.3358E+00
   6.0000E+00   1.2141E+00
   7.0000E+00   1.1306E+00
   8.0000E+00   1.1027E+00
   9.0000E+00   1.1313E+00
   1.0000E+01   1.1959E+00
   1.1000E+01   1.2266E+00
   1.2000E+01   1.2104E+00
   1.3000E+01   1.1485E+00
   1.4000E+01   1.0633E+00
   1.5000E+01   1.0166E+00
   1.6000E+01   1.0155E+00
   1.7000E+01   1.0640E+00
   1.8000E+01   1.1320E+00
   1.9000E+01   1.2023E+00
   2.0000E+01   1.2516E+00
   2.1000E+01   1.2916E+00
   2.2000E+01   1.3293E+00
   2.3000E+01   1.3708E+00
   2.4000E+01   1.4232E+00
   2.5000E+01   1.4850E+00
   2.6000E+01   1.5478E+00
   2.7000E+01   1.6176E+00
   2.8000E+01   1.6838E+00
   2.9000E+01   1.7485E+00
   3.0000E+01   1.7853E+00
   3.1000E+01   1.7618E+00
   3.2000E+01   1.6774E+00
   3.3000E+01   1.5342E+00
   3.4000E+01   1.4176E+00
   3.5000E+01   1.3785E+00
   3.6000E+01   1.4189E+00
   3.7000E+01   1.5354E+00
   3.8000E+01   1.6360E+00
   3.9000E+01   1.6709E+00
   4.0000E+01   1.6461E+00
   4.1000E+01   1.5682E+00
   4.2000E+01   1.5122E+00
   4.3000E+01   1.5056E+00
   4.4000E+01   1.5490E+00
   4.5000E+01   1.6323E+00
   4.6000E+01   1.6933E+00
   4.7000E+01   1.7100E+00
   4.8000E+01   1.6874E+00
   4.9000E+01   1.6308E+00
   5.0000E+01   1.5930E+00
   5.1000E+01   1.5829E+00
   5.2000E+01   1.5976E+00
   5.3000E+01   1.6319E+00
   5.4000E+01   1.6573E+00
   5.5000E+01   1.6726E+00
   5.6000E+01   1.6742E+00
   5.7000E+01   1.6618E+00
   5.8000E+01   1.6227E+00
   5.9000E+01   1.5571E+00
   6.0000E+01   1.4636E+00
   6.1000E+01   1.3612E+00
   6.2000E+01   1.2756E+00
   6.3000E+01   1.2130E+00
   6.4000E+01   1.1699E+00
   6.5000E+01   1.1468E+00
   6.6000E+01   1.1468E+00
   6.7000E+01   1.1694E+00
   6.8000E+01   1.2081E+00
   6.9000E+01   1.2629E+00
   7.0000E+01   1.3101E+00
   7.1000E+01   1.3538E+00
   7.2000E+01   1.3910E+00
   7.3000E+01   1.4168E+00
   7.4000E+01   1.4212E+00
   7.5000E+01   1.4032E+00
   7.6000E+01   1.3636E+00
   7.7000E+01   1.3176E+00
   7.8000E+01   1.2696E+00
   7.9000E+01   1.2223E+00
   8.0000E+01   1.1819E+00
   8.1000E+01   1.1628E+00
   8.2000E+01   1.1812E+00
   8.3000E+01   1.2374E+00
   8.4000E+01   1.3235E+00
   8.5000E+01   1.3702E+00
   8.6000E+01   1.3590E+00
   8.7000E+01   1.2891E+00
   8.8000E+01   1.1719E+00
   8.9000E+01   1.0726E+00
   9.0000E+01   1.0230E+00
   9.1000E+01   1.0132E+00
   9.2000E+01   1.0326E+00
   9.3000E+01   1.0347E+00
   9.4000E+01   1.0148E+00
   9.5000E+01   9.7025E-01
   9.6000E+01   9.1884E-01
   9.7000E+01   9.0315E-01
   9.8000E+01   9.2896E-01
   9.9000E+01   9.9372E-01
   1.0000E+02   1.0913E+00
   1.0100E+02   1.1833E+00
   1.0200E+02   1.2762E+00
   1.0300E+02   1.3587E+00
   1.0400E+02   1.4291E+00
   1.0500E+02   1.4553E+00
   1.0600E+02   1.4363E+00
   1.0700E+02   1.3757E+00
   1.0800E+02   1.3102E+00
   1.0900E+02   1.2877E+00
   1.1000E+02   1.3133E+00
   1.1100E+02   1.3819E+00
   1.1200E+02   1.4610E+00
   1.1300E+02   1.5131E+00
   1.1400E+02   1.5444E+00
   1.1500E+02   1.5518E+00
   1.1600E+02   1.5651E+00
   1.1700E+02   1.5976E+00
   1.1800E+02   1.6489E+00
   1.1900E+02   1.7202E+00
   1.2000E+02   1.7504E+00
   1.2100E+02   1.7075E+00
   1.2200E+02   1.5882E+00
   1.2300E+02   1.4108E+00
   1.2400E+02   1.2264E+00
   1.2500E+02   1.0766E+00
   1.2600E+02   9.5276E-01
   1.2700E+02   8.5733E-01
   1.2800E+02   8.0355E-01
   1.2900E+02   7.9596E-01
   1.3000E+02   8.3266E-01
   1.3100E+02   9.1428E-01
   1.3200E+02   1.0134E+00
   1.3300E+02   1.1262E+00
   1.3400E+02   1.2577E+00
   1.3500E+02   1.3929E+00
   1.3600E+02   1.4580E+00
   1.3700E+02   1.4473E+00
   1.3800E+02   1.3627E+00
   1.3900E+02   1.2347E+00
   1.4000E+02   1.1826E+00
   1.4100E+02   1.2090E+00
   1.4200E+02   1.3158E+00
   1.4300E+02   1.4571E+00
   1.4400E+02   1.5391E+00
   1.4500E+02   1.5551E+00
   1.4600E+02   1.5048E+00
   1.4700E+02   1.4180E+00
   1.4800E+02   1.3403E+00
   1.4900E+02   1.2663E+00
   1.5000E+02   1.2100E+00
   1.5100E+02   1.1710E+00
   1.5200E+02   1.1727E+00
   1.5300E+02   1.2139E+00
   1.5400E+02   1.2907E+00
   1.5500E+02   1.3652E+00
   1.5600E+02   1.4029E+00
   1.5700E+02   1.4034E+00
   1.5800E+02   1.3688E+00
   1.5900E+02   1.3544E+00
   1.6000E+02   1.3919E+00
   1.6100E+02   1.4810E+00
   1.6200E+02   1.6235E+00
   1.6300E+02   1.7414E+00
   1.6400E+02   1.8170E+00
   1.6500E+02   1.8506E+00
   1.6600E+02   1.8387E+00
   1.6700E+02   1.7907E+00
   1.6800E+02   1.7032E+00
   1.6900E+02   1.5789E+00
   1.7000E+02   1.4318E+00
   1.7100E+02   1.3264E+00
   1.7200E+02   1.2788E+00
   1.7300E+02   1.2925E+00
   1.7400E+02   1.3544E+00
   1.7500E+02   1.4043E+00
   1.7600E+02   1.4288E+00
   1.7700E+02   1.4316E+00
   1.7800E+02   1.4274E+00
   1.7900E+02   1.4636E+00
   1.8000E+02   1.5465E+00
   1.8100E+02   1.6775E+00
   1.8200E+02   1.8135E+00
   1.8300E+02   1.8583E+00
   1.8400E+02   1.8092E+00
   1.8500E+02   1.6623E+00
   1.8600E+02   1.4837E+00
   1.8700E+02   1.3930E+00
   1.8800E+02   1.3955E+00
   1.8900E+02   1.4865E+00
   1.9000E+02   1.6082E+00
   1.9100E+02   1.6645E+00
   1.9200E+02   1.6567E+00
   1.9300E+02   1.5857E+00
   1.9400E+02   1.5108E+00
   1.9500E+02   1.4883E+00
   1.9600E+02   1.5180E+00
   1.9700E+02   1.6020E+00
   1.9800E+02   1.6515E+00
   1.9900E+02   1.6191E+00
   2.0000E+02   1.5058E+00
   2.0100E+02   1.3125E+00
   2.0200E+02   1.1598E+00
   2.0300E+02   1.1181E+00
   2.0400E+02   1.1827E+00
   2.0500E+02   1.3514E+00
   2.0600E+02   1.5031E+00
   2.0700E+02   1.5964E+00
   2.0800E+02   1.6351E+00
   2.0900E+02   1.6193E+00
   2.1000E+02   1.5989E+00
   2.1100E+02   1.5840E+00
   2.1200E+02   1.5754E+00
   2.1300E+02   1.5684E+00
   2.1400E+02   1.5443E+00
   2.1500E+02   1.4993E+00
   2.1600E+02   1.4336E+00
   2.1700E+02   1.3564E+00
   2.1800E+02   1.3115E+00
   2.1900E+02   1.3083E+00
   2.2000E+02   1.3431E+00
   2.2100E+02   1.3952E+00
   2.2200E+02   1.4009E+00
   2.2300E+02   1.3554E+00
   2.2400E+02   1.2563E+00
   2.2500E+02   1.1386E+00
   2.2600E+02   1.0634E+00
   2.2700E+02   1.0373E+00
   2.2800E+02   1.0597E+00
   2.2900E+02   1.1084E+00
   2.3000E+02   1.1462E+00
   2.3100E+02   1.1675E+00
   2.3200E+02   1.1767E+00
   2.3300E+02   1.1745E+00
   2.3400E+02   1.1668E+00
   2.3500E+02   1.1392E+00
   2.3600E+02   1.1202E+00
   2.3700E+02   1.1038E+00
   2.3800E+02   1.1106E+00
   2.3900E+02   1.1369E+00
   2.4000E+02   1.1901E+00
   2.4100E+02   1.2144E+00
   2.4200E+02   1.1939E+00
   2.4300E+02   1.1305E+00
   2.4400E+02   1.0228E+00
   2.4500E+02   9.4966E-01
   2.4600E+02   9.3874E-01
   2.4700E+02   9.9150E-01
   2.4800E+02   1.1015E+00
   2.4900E+02   1.1779E+00
   2.5000E+02   1.1915E+00
   2.5100E+02   1.1422E+00
   2.5200E+02   1.0389E+00
   2.5300E+02   9.3176E-01
   2.5400E+02   8.3025E-01
   2.5500E+02   7.4031E-01
   2.5600E+02   6.6047E-01
   2.5600E+02   1.4150E+00
   2.5600E+02   1.4150E+00
   2.5600E+02   1.4150E+00
   2.5600E+02   1.4150E+00
   2.5600E+02   6.6094E-01
   2.5600E+02   1.4150E+00
   2.5600E+02   6.6094E-01
   2.5600E+02   1.4150E+00
   2.5600E+02   6.6094E-01
   2.5700E+02   6.1547E-01
   2.5700E+02   1.4150E+00
   2.5700E+02   6.1277E-01
   2.5800E+02   5.9910E-01
   2.5800E+02   1.4150E+00
   2.5800E+02   5.9910E-01
   2.5800E+02   1.4150E+00
   2.5800E+02   1.4150E+00
   2.5800E+02   5.9910E-01
   2.5800E+02   1.4150E+00
   2.5800E+02   5.9910E-01
   2.5800E+02   1.4150E+00
   2.5800E+02   5.9910E-01
   2.5800E+02   1.4150E+00
   2.5800E+02   5.9910E-01
   2.5900E+02   6.1993E-01
   2.5900E+02   1.4150E+00
   2.5900E+02   6.1993E-01
   2.6000E+02   6.6853E-01
   2.6000E+02   1.4150E+00
   2.6000E+02   6.6853E-01
   2.6100E+02   7.2031E-01
   2.6200E+02   7.7639E-01
   2.6300E+02   8.1843E-01
   2.6400E+02   8.7202E-01
   2.6500E+02   9.5707E-01
   2.6600E+02   1.0347E+00
   2.6700E+02   1.1406E+00
   2.6800E+02   1.2445E+00
   2.6900E+02   1.2864E+00
   2.7000E+02   1.2675E+00
   2.7100E+02   1.1860E+00
   2.7200E+02   1.0671E+00
   2.7300E+02   1.0031E+00
   2.7400E+02   9.2787E-01
   2.7500E+02   8.8147E-01
   2.7600E+02   8.5788E-01
   2.7700E+02   8.6099E-01
   2.7800E+02   8.9839E-01
   2.7900E+02   9.2886E-01
   2.8000E+02   9.6766E-01
   2.8100E+02   9.9947E-01
   2.8100E+02   1.4150E+00
   2.8100E+02   9.9223E-01
   2.8100E+02   1.4150E+00
   2.8100E+02   1.4150E+00
   2.8100E+02   9.9223E-01
   2.8100E+02   1.4150E+00
   2.8100E+02   9.9223E-01
   2.8100E+02   1.4150E+00
   2.8100E+02   9.9223E-01
   2.8100E+02   1.4150E+00
   2.8100E+02   9.9223E-01
   2.8200E+02   1.0133E+00
   2.8200E+02   1.4150E+00
   2.8200E+02   1.0133E+00
   2.8300E+02   1.0228E+00
   2.8300E+02   1.4150E+00
   2.8300E+02   1.0228E+00
   2.8300E+02   1.4150E+00
   2.8300E+02   1.4150E+00
   2.8300E+02   1.4150E+00
   2.8300E+02   1.0228E+00
   2.8300E+02   1.4150E+00
   2.8300E+02   1.0228E+00
   2.8300E+02   1.4150E+00
   2.8300E+02   1.0228E+00
   2.8400E+02   1.0163E+00
   2.8400E+02   1.4150E+00
   2.8400E+02   1.0163E+00
   2.8500E+02   9.9117E-01
   2.8500E+02   1.4150E+00
   2.8500E+02   9.9117E-01
   2.8600E+02   9.3477E-01
   2.8700E+02   8.8001E-01
   2.8800E+02   8.4545E-01
   2.8900E+02   8.4833E-01
   2.9000E+02   8.7125E-01
   2.9100E+02   9.3568E-01
   2.9200E+02   9.9161E-01
   2.9200E+02   1.4150E+00
   2.9200E+02   9.8608E-01
   2.9200E+02   1.4150E+00
   2.9200E+02   1.4150E+00
   2.9200E+02   1.4150E+00
   2.9200E+02   9.8608E-01
   2.9200E+02   1.4150E+00
   2.9200E+02   9.8608E-01
   2.9200E+02   1.4150E+00
   2.9200E+02   9.8608E-01
   2.9300E+02   1.0317E+00
   2.9300E+02   1.4150E+00
   2.9300E+02   1.0317E+00
   2.9400E+02   1.0654E+00
   2.9400E+02   1.4150E+00
   2.9400E+02   1.0654E+00
   2.9500E+02   1.0866E+00
   2.9600E+02   1.0635E+00
   2.9700E+02   1.0320E+00
   2.9700E+02   1.4150E+00
   2.9700E+02   1.0464E+00
   2.9800E+02   9.7966E-01
   2.9900E+02   8.8899E-01
   3.0000E+02   7.7155E-01
   3.0100E+02   6.4739E-01
   3.0200E+02   5.1954E-01
   3.0300E+02   3.8523E-01
   3.0400E+02   3.4261E-01
   3.0500E+02   3.9159E-01
   3.0600E+02   5.2557E-01
   3.0600E+02   1.4150E+00
   3.0600E+02   5.2086E-01
   3.0700E+02   7.1085E-01
   3.0800E+02   8.6547E-01
   3.0900E+02   9.4506E-01
   3.1000E+02   9.6099E-01
   3.1100E+02   9.6321E-01
   3.1200E+02   9.9539E-01
   3.1200E+02   1.4150E+00
   3.1200E+02   9.8661E-01
   3.1300E+02   1.0433E+00
   3.1400E+02   1.1165E+00
   3.1500E+02   1.2162E+00
   3.1600E+02   1.2633E+00
   3.1700E+02   1.3165E+00
   3.1800E+02   1.3546E+00
   3.1900E+02   1.3740E+00
   3.2000E+02   1.3604E+00
   3.2100E+02   1.3248E+00
   3.2200E+02   1.2678E+00
   3.2300E+02   1.2255E+00
   3.2400E+02   1.1934E+00
   3.2500E+02   1.1814E+00
   3.2600E+02   1.1946E+00
   3.2700E+02   1.2168E+00
   3.2800E+02   1.2497E+00
   3.2900E+02   1.3477E+00
   3.3000E+02   1.3820E+00
   3.3100E+02   1.4152E+00
   3.3200E+02   1.3878E+00
   3.3300E+02   1.3070E+00
   3.3400E+02   1.1693E+00
   3.3500E+02   1.0994E+00
   3.3600E+02   1.0947E+00
   3.3700E+02   1.1432E+00
   3.3800E+02   1.2557E+00
   3.3900E+02   1.3231E+00
   3.4000E+02   1.3251E+00
   3.4100E+02   1.2353E+00
   3.4200E+02   1.1794E+00
   3.4300E+02   1.1020E+00
   3.4400E+02   1.0699E+00
   3.4500E+02   1.0433E+00
   3.4600E+02   1.0399E+00
   3.4700E+02   1.0460E+00
   3.4800E+02   1.0849E+00
   3.4900E+02   1.0849E+00
   3.5000E+02   1.1197E+00
   3.5100E+02   1.1662E+00
   3.5200E+02   1.1887E+00
   3.5300E+02   1.2264E+00
   3.5400E+02   1.2434E+00
   3.5500E+02   1.2705E+00
   3.5600E+02   1.2800E+00
   3.5700E+02   1.2893E+00
   3.5800E+02   1.3237E+00
   3.5900E+02   1.3720E+00
   3.6000E+02   1.4492E+00
   3.6100E+02   1.5673E+00
   3.6200E+02   1.6467E+00
   3.6300E+02   1.6421E+00
   3.6400E+02   1.5481E+00
   3.6500E+02   1.3892E+00
   3.6600E+02   1.2201E+00
   3.6700E+02   1.0755E+00
   3.6700E+02   1.4150E+00
   3.6700E+02   1.0969E+00
   3.6800E+02   1.0193E+00
   3.6900E+02   9.8914E-01
   3.7000E+02   1.0118E+00
   3.7100E+02   1.0853E+00
   3.7200E+02   1.2397E+00
   3.7300E+02   1.4085E+00
   3.7400E+02   1.5334E+00
   3.7500E+02   1.5960E+00
   3.7600E+02   1.5904E+00
   3.7700E+02   1.5291E+00
   3.7800E+02   1.4870E+00
   3.7900E+02   1.4300E+00
   3.8000E+02   1.3791E+00
   3.8100E+02   1.3353E+00
   3.8200E+02   1.3267E+00
   3.8300E+02   1.3549E+00
   3.8400E+02   1.3977E+00
   3.8500E+02   1.4673E+00
   3.8600E+02   1.4716E+00
   3.8700E+02   1.4289E+00
   3.8800E+02   1.3105E+00
   3.8900E+02   1.1823E+00
   3.9000E+02   1.1009E+00
   3.9100E+02   1.0917E+00
   3.9200E+02   1.1352E+00
   3.9300E+02   1.1953E+00
   3.9400E+02   1.2698E+00
   3.9500E+02   1.3609E+00
   3.9600E+02   1.4429E+00
   3.9700E+02   1.5491E+00
   3.9800E+02   1.6183E+00
   3.9900E+02   1.6605E+00
   4.0000E+02   1.6946E+00
   4.0100E+02   1.7184E+00
   4.0200E+02   1.7362E+00
   4.0300E+02   1.7520E+00
   4.0400E+02   1.7524E+00
   4.0500E+02   1.7385E+00
   4.0600E+02   1.6899E+00
   4.0700E+02   1.6263E+00
   4.0800E+02   1.5438E+00
   4.0900E+02   1.4795E+00
   4.1000E+02   1.4560E+00
   4.1100E+02   1.4744E+00
   4.1200E+02   1.5342E+00
   4.1300E+02   1.5717E+00
   4.1400E+02   1.5775E+00
   4.1500E+02   1.5542E+00
   4.1600E+02   1.5110E+00
   4.1700E+02   1.5061E+00
   4.1800E+02   1.5593E+00
   4.1900E+02   1.6532E+00
   4.2000E+02   1.7866E+00
   4.2100E+02   1.8246E+00
   4.2200E+02   1.7440E+00
   4.2300E+02   1.5387E+00
   4.2400E+02   1.3150E+00
   4.2500E+02   1.1579E+00
   4.2600E+02   1.1366E+00
   4.2700E+02   1.2433E+00
   4.2800E+02   1.4054E+00
   4.2900E+02   1.5296E+00
   4.3000E+02   1.5863E+00
   4.3100E+02   1.5794E+00
   4.3200E+02   1.5352E+00
   4.3300E+02   1.4977E+00
   4.3400E+02   1.4693E+00
   4.3500E+02   1.4486E+00
   4.3600E+02   1.4583E+00
   4.3700E+02   1.5232E+00
   4.3800E+02   1.6254E+00
   4.3900E+02   1.8009E+00
   4.4000E+02   1.9490E+00
   4.4100E+02   2.0303E+00
   4.4200E+02   2.0317E+00
   4.4300E+02   1.9600E+00
   4.4400E+02   1.8619E+00
   4.4500E+02   1.7830E+00
   4.4600E+02   1.7006E+00
   4.4700E+02   1.6304E+00
   4.4800E+02   1.6001E+00
   4.4900E+02   1.6200E+00
   4.5000E+02   1.6871E+00
   4.5100E+02   1.7737E+00
   4.5200E+02   1.8404E+00
   4.5300E+02   1.8228E+00
   4.5400E+02   1.7510E+00
   4.5500E+02   1.5923E+00
   4.5600E+02   1.4940E+00
   4.5700E+02   1.4345E+00
   4.5800E+02   1.4344E+00
   4.5900E+02   1.4736E+00
   4.6000E+02   1.4831E+00
   4.6100E+02   1.4351E+00
   4.6200E+02   1.3839E+00
   4.6300E+02   1.2828E+00
   4.6400E+02   1.2507E+00
   4.6500E+02   1.3084E+00
   4.6600E+02   1.4014E+00
   4.6700E+02   1.5503E+00
   4.6800E+02   1.6153E+00
   4.6900E+02   1.5609E+00
   4.7000E+02   1.4351E+00
   4.7100E+02   1.3071E+00
   4.7200E+02   1.2721E+00
   4.7300E+02   1.3786E+00
   4.7400E+02   1.5614E+00
   4.7500E+02   1.8123E+00
   4.7600E+02   1.9743E+00
   4.7700E+02   2.0461E+00
   4.7800E+02   2.0122E+00
   4.7900E+02   1.9518E+00
   4.8000E+02   1.8898E+00
   4.8100E+02   1.8386E+00
   4.8200E+02   1.8171E+00
   4.8300E+02   1.7893E+00
   4.8400E+02   1.7509E+00
   4.8500E+02   1.7236E+00
   4.8600E+02   1.6783E+00
   4.8700E+02   1.6556E+00
   4.8800E+02   1.6725E+00
   4.8900E+02   1.7016E+00
   4.9000E+02   1.7415E+00
   4.9100E+02   1.7723E+00
   4.9200E+02   1.7593E+00
   4.9300E+02   1.6827E+00
   4.9400E+02   1.6077E+00
   4.9500E+02   1.5165E+00
   4.9600E+02   1.4588E+00
   4.9700E+02   1.4322E+00
   4.9800E+02   1.4343E+00
   4.9900E+02   1.4659E+00
   5.0000E+02   1.5200E+00
   5.0100E+02   1.6270E+00
   5.0200E+02   1.7163E+00
   5.0300E+02   1.7926E+00
   5.0400E+02   1.8066E+00
   5.0500E+02   1.7650E+00
   5.0600E+02   1.7141E+00
   5.0700E+02   1.6596E+00
   5.0800E+02   1.6266E+00
   5.0900E+02   1.6095E+00
   5.1000E+02   1.6076E+00
   5.1100E+02   1.6034E+00
   5.1200E+02   1.5897E+00
   5.1300E+02   1.5731E+00
   5.1400E+02   1.5709E+00
   5.1500E+02   1.5456E+00
   5.1600E+02   1.4992E+00
   5.1700E+02   1.4298E+00
   5.1800E+02   1.3955E+00
   5.1900E+02   1.3464E+00
   5.2000E+02   1.3020E+00
   5.2100E+02   1.2746E+00
   5.2200E+02   1.2814E+00
   5.2300E+02   1.3554E+00
   5.2400E+02   1.4715E+00
   5.2500E+02   1.6689E+00
   5.2600E+02   1.8266E+00
   5.2700E+02   1.9009E+00
   5.2800E+02   1.8750E+00
   5.2900E+02   1.7542E+00
   5.3000E+02   1.6305E+00
   5.3100E+02   1.5891E+00
   5.3200E+02   1.6151E+00
   5.3300E+02   1.6726E+00
   5.3400E+02   1.7807E+00
   5.3500E+02   1.8668E+00
   5.3600E+02   2.0091E+00
   5.3700E+02   2.1039E+00
   5.3800E+02   2.1530E+00
   5.3900E+02   2.0975E+00
   5.4000E+02   1.9374E+00
   5.4100E+02   1.7859E+00
   5.4200E+02   1.6358E+00
   5.4300E+02   1.5836E+00
   5.4400E+02   1.6155E+00
   5.4500E+02   1.7028E+00
   5.4600E+02   1.7359E+00
   5.4700E+02   1.6619E+00
   5.4800E+02   1.5500E+00
   5.4900E+02   1.4063E+00
   5.5000E+02   1.2656E+00
   5.5100E+02   1.1553E+00
   5.5200E+02   1.1139E+00
   5.5300E+02   1.0904E+00
   5.5400E+02   1.0845E+00
   5.5500E+02   1.0938E+00
   5.5600E+02   1.1101E+00
   5.5700E+02   1.1340E+00
   5.5800E+02   1.1447E+00
   5.5900E+02   1.1636E+00
   5.6000E+02   1.1805E+00
   5.6100E+02   1.1882E+00
   5.6200E+02   1.1830E+00
   5.6300E+02   1.1582E+00
   5.6400E+02   1.1277E+00
   5.6500E+02   1.0951E+00
   5.6600E+02   1.0869E+00
   5.6700E+02   1.1138E+00
   5.6800E+02   1.1352E+00
   5.6900E+02   1.1683E+00
   5.7000E+02   1.1891E+00
   5.7100E+02   1.1968E+00
   5.7200E+02   1.2072E+00
   5.7300E+02   1.2204E+00
   5.7400E+02   1.2579E+00
   5.7500E+02   1.3216E+00
   5.7600E+02   1.3796E+00
   5.7700E+02   1.4325E+00
   5.7800E+02   1.4937E+00
   5.7900E+02   1.5242E+00
   5.8000E+02   1.5499E+00
   5.8100E+02   1.5362E+00
   5.8200E+02   1.4801E+00
   5.8300E+02   1.3902E+00
   5.8400E+02   1.2534E+00
   5.8500E+02   1.1876E+00
   5.8600E+02   1.1971E+00
   5.8700E+02   1.2603E+00
   5.8800E+02   1.3903E+00
   5.8900E+02   1.5022E+00
   5.9000E+02   1.6094E+00
   5.9100E+02   1.6774E+00
   5.9200E+02   1.7246E+00
   5.9300E+02   1.7416E+00
   5.9400E+02   1.7381E+00
   5.9500E+02   1.7160E+00
   5.9600E+02   1.6607E+00
   5.9700E+02   1.6297E+00
   5.9800E+02   1.6011E+00
   5.9900E+02   1.5787E+00
   6.0000E+02   1.5516E+00
   6.0100E+02   1.5338E+00
   6.0200E+02   1.5104E+00
   6.0300E+02   1.4872E+00
   6.0400E+02   1.4869E+00
   6.0500E+02   1.5211E+00
   6.0600E+02   1.5783E+00
   6.0700E+02   1.7004E+00
   6.0800E+02   1.7754E+00
   6.0900E+02   1.8269E+00
   6.1000E+02   1.8289E+00
   6.1100E+02   1.8005E+00
   6.1200E+02   1.7463E+00
   6.1300E+02   1.6854E+00
   6.1400E+02   1.6419E+00
   6.1500E+02   1.5805E+00
   6.1600E+02   1.5092E+00
   6.1700E+02   1.4740E+00
   6.1800E+02   1.4220E+00
   6.1900E+02   1.3744E+00
   6.2000E+02   1.3307E+00
   6.2100E+02   1.2879E+00
   6.2200E+02   1.2553E+00
   6.2300E+02   1.2388E+00
   6.2400E+02   1.2761E+00
   6.2500E+02   1.3692E+00
   6.2600E+02   1.4806E+00
   6.2700E+02   1.6612E+00
   6.2800E+02   1.7294E+00
   6.2900E+02   1.7021E+00
   6.3000E+02   1.5673E+00
   6.3100E+02   1.3673E+00
   6.3200E+02   1.2209E+00
   6.3300E+02   1.1508E+00
   6.3400E+02   1.1608E+00
   6.3500E+02   1.2032E+00
   6.3600E+02   1.2802E+00
   6.3700E+02   1.3746E+00
   6.3800E+02   1.4549E+00
   6.3900E+02   1.5434E+00
   6.4000E+02   1.5789E+00
   6.4100E+02   1.5529E+00
   6.4200E+02   1.4815E+00
   6.4300E+02   1.3845E+00
   6.4400E+02   1.3136E+00
   6.4500E+02   1.2765E+00
   6.4600E+02   1.2742E+00
   6.4700E+02   1.2791E+00
   6.4800E+02   1.2863E+00
   6.4900E+02   1.3012E+00
   6.5000E+02   1.3094E+00
   6.5100E+02   1.2985E+00
   6.5200E+02   1.2621E+00
   6.5300E+02   1.2000E+00
   6.5400E+02   1.0889E+00
   6.5500E+02   1.0196E+00
   6.5600E+02   9.9559E-01
   6.5700E+02   1.0046E+00
   6.5700E+02   1.4150E+00
   6.5700E+02   1.0012E+00
   6.5800E+02   1.0469E+00
   6.5900E+02   1.0941E+00
   6.6000E+02   1.1335E+00
   6.6100E+02   1.1489E+00
   6.6200E+02   1.1564E+00
   6.6300E+02   1.1713E+00
   6.6400E+02   1.2027E+00
   6.6500E+02   1.2239E+00
   6.6600E+02   1.2610E+00
   6.6700E+02   1.3305E+00
   6.6800E+02   1.4114E+00
   6.6900E+02   1.5284E+00
   6.7000E+02   1.6401E+00
   6.7100E+02   1.7242E+00
   6.7200E+02   1.7501E+00
   6.7300E+02   1.7276E+00
   6.7400E+02   1.6649E+00
   6.7500E+02   1.5964E+00
   6.7600E+02   1.5135E+00
   6.7700E+02   1.4332E+00
   6.7800E+02   1.4024E+00
   6.7900E+02   1.4138E+00
   6.7900E+02   1.4150E+00
   6.7900E+02   1.4128E+00
   6.8000E+02   1.5105E+00
   6.8100E+02   1.6783E+00
   6.8200E+02   1.8082E+00
   6.8300E+02   1.8952E+00
   6.8400E+02   1.8952E+00
   6.8500E+02   1.8204E+00
   6.8600E+02   1.7093E+00
   6.8700E+02   1.6192E+00
   6.8800E+02   1.5896E+00
   6.8900E+02   1.5818E+00
   6.9000E+02   1.6017E+00
   6.9100E+02   1.6429E+00
   6.9200E+02   1.7054E+00
   6.9300E+02   1.7936E+00
   6.9400E+02   1.8582E+00
   6.9500E+02   1.9030E+00
   6.9600E+02   1.9108E+00
   6.9700E+02   1.8905E+00
   6.9800E+02   1.8414E+00
   6.9800E+02   1.4150E+00
   6.9800E+02   1.8440E+00
   6.9900E+02   1.7659E+00
   7.0000E+02   1.6623E+00
   7.0100E+02   1.5243E+00
   7.0200E+02   1.4363E+00
   7.0300E+02   1.4213E+00
   7.0400E+02   1.4678E+00
   7.0500E+02   1.5232E+00
   7.0600E+02   1.6215E+00
   7.0700E+02   1.6764E+00
   7.0800E+02   1.7714E+00
   7.0900E+02   1.8010E+00
   7.1000E+02   1.8186E+00
   7.1100E+02   1.8040E+00
   7.1200E+02   1.7470E+00
   7.1300E+02   1.6740E+00
   7.1400E+02   1.5866E+00
   7.1500E+02   1.5403E+00
   7.1600E+02   1.4984E+00
   7.1700E+02   1.4700E+00
   7.1800E+02   1.4596E+00
   7.1900E+02   1.4785E+00
   7.2000E+02   1.5079E+00
   7.2100E+02   1.5371E+00
   7.2200E+02   1.5788E+00
   7.2300E+02   1.6083E+00
   7.2400E+02   1.6208E+00
   7.2500E+02   1.6210E+00
   7.2600E+02   1.5882E+00
   7.2700E+02   1.5241E+00
   7.2800E+02   1.4288E+00
   7.2900E+02   1.3591E+00
   7.3000E+02   1.2769E+00
   7.3100E+02   1.1968E+00
   7.3200E+02   1.1604E+00
   7.3300E+02   1.1684E+00
   7.3400E+02   1.2363E+00
   7.3500E+02   1.3449E+00
   7.3600E+02   1.5387E+00
   7.3700E+02   1.7100E+00
   7.3800E+02   1.8108E+00
   7.3900E+02   1.8413E+00
   7.4000E+02   1.8171E+00
   7.4100E+02   1.7671E+00
   7.4200E+02   1.6887E+00
   7.4300E+02   1.6108E+00
   7.4400E+02   1.5188E+00
   7.4500E+02   1.4458E+00
   7.4600E+02   1.3859E+00
   7.4700E+02   1.3467E+00
   7.4800E+02   1.3374E+00
   7.4900E+02   1.3649E+00
   7.5000E+02   1.4136E+00
   7.5100E+02   1.4897E+00
   7.5200E+02   1.5900E+00
   7.5300E+02   1.6095E+00
   7.5400E+02   1.5183E+00
   7.5500E+02   1.4029E+00
   7.5600E+02   1.1928E+00
   7.5700E+02   1.0271E+00
   7.5800E+02   9.1549E-01
   7.5900E+02   8.6878E-01
   7.6000E+02   8.6297E-01
   7.6100E+02   8.9021E-01
   7.6200E+02   9.6881E-01
   7.6200E+02   1.4150E+00
   7.6200E+02   9.3201E-01
   7.6200E+02   1.4150E+00
   7.6200E+02   9.3201E-01
   7.6200E+02   1.4150E+00
   7.6200E+02   1.4150E+00
   7.6200E+02   9.3201E-01
   7.6200E+02   1.4150E+00
   7.6200E+02   9.3201E-01
   7.6200E+02   1.4150E+00
   7.6200E+02   9.3201E-01
   7.6300E+02   1.0105E+00
   7.6300E+02   1.4150E+00
   7.6300E+02   1.0105E+00
   7.6300E+02   1.4150E+00
   7.6300E+02   1.0105E+00
