   3.9400E+02  -1.3827E+01
   3.9400E+02  -1.3827E+01
   3.9500E+02  -1.3827E+01
   3.9600E+02  -1.3827E+01
   3.9700E+02  -1.3827E+01
   3.9800E+02  -1.3827E+01
   3.9900E+02  -1.3827E+01
   4.0000E+02  -1.3827E+01
   4.0100E+02  -1.3827E+01
   4.0200E+02  -1.3827E+01
   4.0300E+02  -1.3827E+01
   4.0400E+02  -1.3827E+01
   4.0500E+02  -1.3827E+01
   4.0600E+02  -1.3827E+01
   4.0700E+02  -1.3827E+01
   4.0800E+02  -1.3827E+01
   4.0900E+02  -1.3827E+01
   4.1000E+02  -1.3827E+01
   4.1100E+02  -1.3827E+01
   4.1200E+02  -1.3827E+01
   4.1300E+02  -1.3827E+01
   4.1400E+02  -1.3827E+01
   4.1500E+02  -1.3827E+01
   4.1600E+02  -1.3827E+01
   4.1700E+02  -1.3827E+01
   4.1800E+02  -1.3827E+01
   4.1900E+02  -1.3827E+01
   4.2000E+02  -1.3827E+01
   4.2100E+02  -1.3827E+01
   4.2200E+02  -1.3827E+01
   4.2300E+02  -1.3827E+01
