   0.0000E+00   1.4150E+00
   0.0000E+00   1.4374E+00
   1.0000E+00   1.4390E+00
   2.0000E+00   1.4763E+00
   3.0000E+00   1.4951E+00
   4.0000E+00   1.4831E+00
   5.0000E+00   1.4398E+00
   6.0000E+00   1.3607E+00
   7.0000E+00   1.2540E+00
   8.0000E+00   1.1760E+00
   9.0000E+00   1.1475E+00
   1.0000E+01   1.1661E+00
   1.1000E+01   1.2250E+00
   1.2000E+01   1.2635E+00
   1.3000E+01   1.2772E+00
   1.4000E+01   1.2575E+00
   1.5000E+01   1.2277E+00
   1.6000E+01   1.1849E+00
   1.7000E+01   1.1393E+00
   1.8000E+01   1.0902E+00
   1.9000E+01   1.0491E+00
   2.0000E+01   1.0217E+00
   2.1000E+01   1.0158E+00
   2.2000E+01   1.0279E+00
   2.3000E+01   1.0615E+00
   2.4000E+01   1.1064E+00
   2.5000E+01   1.1663E+00
   2.6000E+01   1.2418E+00
   2.7000E+01   1.3129E+00
   2.8000E+01   1.3552E+00
   2.9000E+01   1.3661E+00
   3.0000E+01   1.3452E+00
   3.1000E+01   1.3256E+00
   3.2000E+01   1.3458E+00
   3.3000E+01   1.4081E+00
   3.4000E+01   1.5080E+00
   3.5000E+01   1.5932E+00
   3.6000E+01   1.6208E+00
   3.7000E+01   1.5894E+00
   3.8000E+01   1.5051E+00
   3.9000E+01   1.4213E+00
   4.0000E+01   1.3897E+00
   4.1000E+01   1.4013E+00
   4.2000E+01   1.4583E+00
   4.3000E+01   1.5038E+00
   4.4000E+01   1.5179E+00
   4.5000E+01   1.4993E+00
   4.6000E+01   1.4551E+00
   4.7000E+01   1.4383E+00
   4.8000E+01   1.4650E+00
   4.9000E+01   1.5309E+00
   5.0000E+01   1.6333E+00
   5.1000E+01   1.7112E+00
   5.2000E+01   1.7507E+00
   5.3000E+01   1.7517E+00
   5.4000E+01   1.7201E+00
   5.5000E+01   1.7019E+00
   5.6000E+01   1.6996E+00
   5.7000E+01   1.7143E+00
   5.8000E+01   1.7380E+00
   5.9000E+01   1.7393E+00
   6.0000E+01   1.7151E+00
   6.1000E+01   1.6623E+00
   6.2000E+01   1.5930E+00
   6.3000E+01   1.5423E+00
   6.4000E+01   1.5028E+00
   6.5000E+01   1.4745E+00
   6.6000E+01   1.4577E+00
   6.7000E+01   1.4460E+00
   6.8000E+01   1.4403E+00
   6.9000E+01   1.4396E+00
   7.0000E+01   1.4471E+00
   7.1000E+01   1.4743E+00
   7.2000E+01   1.5168E+00
   7.3000E+01   1.5773E+00
   7.4000E+01   1.6277E+00
   7.5000E+01   1.6409E+00
   7.6000E+01   1.6183E+00
   7.7000E+01   1.5578E+00
   7.8000E+01   1.4903E+00
   7.9000E+01   1.4343E+00
   8.0000E+01   1.3916E+00
   8.1000E+01   1.3599E+00
   8.2000E+01   1.3470E+00
   8.3000E+01   1.3548E+00
   8.4000E+01   1.3832E+00
   8.5000E+01   1.4300E+00
   8.6000E+01   1.4572E+00
   8.7000E+01   1.4487E+00
   8.8000E+01   1.4051E+00
   8.9000E+01   1.3310E+00
   9.0000E+01   1.2848E+00
   9.1000E+01   1.2820E+00
   9.2000E+01   1.3242E+00
   9.3000E+01   1.4027E+00
   9.4000E+01   1.4674E+00
   9.5000E+01   1.5111E+00
   9.6000E+01   1.5346E+00
   9.7000E+01   1.5463E+00
   9.8000E+01   1.5874E+00
   9.9000E+01   1.6582E+00
   1.0000E+02   1.7631E+00
   1.0100E+02   1.8876E+00
   1.0200E+02   1.9464E+00
   1.0300E+02   1.9449E+00
   1.0400E+02   1.8812E+00
   1.0500E+02   1.7676E+00
   1.0600E+02   1.6427E+00
   1.0700E+02   1.5073E+00
   1.0800E+02   1.3611E+00
   1.0900E+02   1.2460E+00
   1.1000E+02   1.2307E+00
   1.1100E+02   1.3201E+00
   1.1200E+02   1.5084E+00
   1.1300E+02   1.7238E+00
   1.1400E+02   1.8777E+00
   1.1500E+02   1.9629E+00
   1.1600E+02   1.9803E+00
   1.1700E+02   1.9558E+00
   1.1800E+02   1.9121E+00
   1.1900E+02   1.8481E+00
   1.2000E+02   1.7669E+00
   1.2100E+02   1.6996E+00
   1.2200E+02   1.6694E+00
   1.2300E+02   1.6772E+00
   1.2400E+02   1.7224E+00
   1.2500E+02   1.7524E+00
   1.2600E+02   1.7496E+00
   1.2700E+02   1.7148E+00
   1.2800E+02   1.6487E+00
   1.2900E+02   1.5697E+00
   1.3000E+02   1.4910E+00
   1.3100E+02   1.4143E+00
   1.3200E+02   1.3368E+00
   1.3300E+02   1.3036E+00
   1.3400E+02   1.3237E+00
   1.3500E+02   1.3982E+00
   1.3600E+02   1.5142E+00
   1.3700E+02   1.6259E+00
   1.3800E+02   1.7101E+00
   1.3900E+02   1.7838E+00
   1.4000E+02   1.8309E+00
   1.4100E+02   1.8419E+00
   1.4200E+02   1.8167E+00
   1.4300E+02   1.7520E+00
   1.4400E+02   1.6644E+00
   1.4500E+02   1.6040E+00
   1.4600E+02   1.5696E+00
   1.4700E+02   1.5633E+00
   1.4800E+02   1.5747E+00
   1.4900E+02   1.5803E+00
   1.5000E+02   1.5810E+00
   1.5100E+02   1.5764E+00
   1.5200E+02   1.5772E+00
   1.5300E+02   1.5982E+00
   1.5400E+02   1.6411E+00
   1.5500E+02   1.7078E+00
   1.5600E+02   1.7733E+00
   1.5700E+02   1.8291E+00
   1.5800E+02   1.8721E+00
   1.5900E+02   1.9017E+00
   1.6000E+02   1.9167E+00
   1.6100E+02   1.9128E+00
   1.6100E+02   1.4150E+00
   1.6100E+02   1.9132E+00
   1.6200E+02   1.8855E+00
   1.6300E+02   1.8547E+00
   1.6400E+02   1.8254E+00
   1.6500E+02   1.8233E+00
   1.6600E+02   1.8385E+00
   1.6700E+02   1.8718E+00
   1.6800E+02   1.8804E+00
   1.6900E+02   1.8258E+00
   1.7000E+02   1.7728E+00
   1.7100E+02   1.6461E+00
   1.7200E+02   1.5397E+00
   1.7300E+02   1.4514E+00
   1.7400E+02   1.4037E+00
   1.7500E+02   1.3624E+00
   1.7600E+02   1.3815E+00
   1.7700E+02   1.4410E+00
   1.7800E+02   1.5757E+00
   1.7900E+02   1.7335E+00
   1.8000E+02   1.8693E+00
   1.8100E+02   1.9456E+00
   1.8200E+02   1.9778E+00
   1.8300E+02   1.9710E+00
   1.8400E+02   1.9432E+00
   1.8500E+02   1.9084E+00
   1.8600E+02   1.8348E+00
   1.8700E+02   1.7823E+00
   1.8800E+02   1.7014E+00
   1.8900E+02   1.6293E+00
   1.9000E+02   1.5355E+00
   1.9100E+02   1.4834E+00
   1.9200E+02   1.4173E+00
   1.9300E+02   1.3678E+00
   1.9400E+02   1.3319E+00
   1.9500E+02   1.3120E+00
   1.9600E+02   1.3257E+00
   1.9700E+02   1.3491E+00
   1.9800E+02   1.3830E+00
   1.9900E+02   1.4393E+00
   2.0000E+02   1.5241E+00
   2.0100E+02   1.6004E+00
   2.0200E+02   1.6832E+00
   2.0300E+02   1.7563E+00
   2.0400E+02   1.8059E+00
   2.0500E+02   1.8532E+00
   2.0600E+02   1.8852E+00
   2.0700E+02   1.8911E+00
   2.0800E+02   1.8774E+00
   2.0900E+02   1.8335E+00
   2.1000E+02   1.7828E+00
   2.1100E+02   1.7257E+00
   2.1200E+02   1.7006E+00
   2.1300E+02   1.7019E+00
   2.1400E+02   1.7116E+00
   2.1500E+02   1.7114E+00
   2.1600E+02   1.6943E+00
   2.1700E+02   1.6497E+00
   2.1800E+02   1.6331E+00
   2.1900E+02   1.6306E+00
   2.2000E+02   1.6631E+00
   2.2100E+02   1.7458E+00
   2.2200E+02   1.8016E+00
   2.2300E+02   1.8538E+00
   2.2400E+02   1.8662E+00
   2.2500E+02   1.8291E+00
   2.2600E+02   1.8004E+00
   2.2700E+02   1.7630E+00
   2.2800E+02   1.7469E+00
   2.2900E+02   1.7449E+00
   2.3000E+02   1.7489E+00
   2.3100E+02   1.7489E+00
   2.3200E+02   1.7395E+00
   2.3300E+02   1.7323E+00
   2.3400E+02   1.7297E+00
   2.3500E+02   1.7294E+00
   2.3600E+02   1.7326E+00
   2.3700E+02   1.7472E+00
   2.3800E+02   1.7505E+00
   2.3900E+02   1.7401E+00
   2.4000E+02   1.7271E+00
   2.4100E+02   1.6872E+00
   2.4200E+02   1.6686E+00
   2.4300E+02   1.6309E+00
   2.4400E+02   1.5785E+00
   2.4500E+02   1.5215E+00
   2.4600E+02   1.4918E+00
   2.4700E+02   1.4796E+00
   2.4800E+02   1.4852E+00
   2.4900E+02   1.5072E+00
   2.5000E+02   1.5315E+00
   2.5100E+02   1.5446E+00
   2.5200E+02   1.5499E+00
   2.5300E+02   1.5442E+00
   2.5400E+02   1.5089E+00
   2.5500E+02   1.4403E+00
   2.5600E+02   1.3452E+00
   2.5700E+02   1.2309E+00
   2.5800E+02   1.1300E+00
   2.5900E+02   1.0633E+00
   2.6000E+02   1.0533E+00
   2.6100E+02   1.0702E+00
   2.6200E+02   1.1046E+00
   2.6300E+02   1.1550E+00
   2.6400E+02   1.1909E+00
   2.6500E+02   1.2631E+00
   2.6600E+02   1.3151E+00
   2.6700E+02   1.3437E+00
   2.6800E+02   1.3618E+00
   2.6900E+02   1.3829E+00
   2.7000E+02   1.4361E+00
   2.7100E+02   1.5388E+00
   2.7200E+02   1.6792E+00
   2.7300E+02   1.8101E+00
   2.7400E+02   1.8655E+00
   2.7500E+02   1.8534E+00
   2.7600E+02   1.7877E+00
   2.7700E+02   1.6681E+00
   2.7800E+02   1.5605E+00
   2.7900E+02   1.4853E+00
   2.8000E+02   1.4128E+00
   2.8100E+02   1.3461E+00
   2.8200E+02   1.3075E+00
   2.8300E+02   1.2815E+00
   2.8400E+02   1.2891E+00
   2.8500E+02   1.3151E+00
   2.8600E+02   1.3585E+00
   2.8700E+02   1.4379E+00
   2.8800E+02   1.5591E+00
   2.8900E+02   1.6396E+00
   2.9000E+02   1.6990E+00
   2.9100E+02   1.7184E+00
   2.9200E+02   1.6978E+00
   2.9300E+02   1.6746E+00
   2.9400E+02   1.6263E+00
   2.9500E+02   1.5541E+00
   2.9600E+02   1.5305E+00
   2.9700E+02   1.5087E+00
   2.9800E+02   1.5474E+00
   2.9900E+02   1.6174E+00
   3.0000E+02   1.6950E+00
   3.0100E+02   1.7447E+00
   3.0200E+02   1.7463E+00
   3.0300E+02   1.7111E+00
   3.0400E+02   1.6190E+00
   3.0500E+02   1.5092E+00
   3.0600E+02   1.4026E+00
   3.0700E+02   1.2399E+00
   3.0800E+02   1.1237E+00
   3.0900E+02   1.0549E+00
   3.1000E+02   1.0816E+00
   3.1100E+02   1.1913E+00
   3.1200E+02   1.2991E+00
   3.1300E+02   1.4334E+00
   3.1400E+02   1.5811E+00
   3.1500E+02   1.6929E+00
   3.1600E+02   1.7702E+00
   3.1700E+02   1.8191E+00
   3.1800E+02   1.8329E+00
   3.1900E+02   1.8128E+00
   3.2000E+02   1.7574E+00
   3.2100E+02   1.6748E+00
   3.2200E+02   1.5826E+00
   3.2300E+02   1.4653E+00
   3.2400E+02   1.3967E+00
   3.2500E+02   1.3638E+00
   3.2600E+02   1.3939E+00
   3.2700E+02   1.4614E+00
   3.2800E+02   1.5399E+00
   3.2900E+02   1.5873E+00
   3.3000E+02   1.5906E+00
   3.3100E+02   1.5628E+00
   3.3200E+02   1.5377E+00
   3.3300E+02   1.5216E+00
   3.3400E+02   1.5135E+00
   3.3500E+02   1.5151E+00
   3.3600E+02   1.5279E+00
   3.3700E+02   1.5880E+00
   3.3800E+02   1.6352E+00
   3.3900E+02   1.6759E+00
   3.4000E+02   1.7251E+00
   3.4100E+02   1.7767E+00
   3.4200E+02   1.8116E+00
   3.4300E+02   1.8528E+00
   3.4400E+02   1.8659E+00
   3.4500E+02   1.8518E+00
   3.4600E+02   1.8287E+00
   3.4700E+02   1.7868E+00
   3.4800E+02   1.7313E+00
   3.4900E+02   1.6989E+00
   3.5000E+02   1.6602E+00
   3.5100E+02   1.6261E+00
   3.5200E+02   1.5971E+00
   3.5300E+02   1.5840E+00
   3.5400E+02   1.5663E+00
   3.5500E+02   1.5676E+00
   3.5600E+02   1.5886E+00
   3.5700E+02   1.6204E+00
   3.5800E+02   1.6902E+00
   3.5900E+02   1.7111E+00
   3.6000E+02   1.6956E+00
   3.6100E+02   1.6403E+00
   3.6200E+02   1.5345E+00
   3.6300E+02   1.4351E+00
   3.6400E+02   1.3911E+00
   3.6500E+02   1.3989E+00
   3.6600E+02   1.4603E+00
   3.6700E+02   1.5381E+00
   3.6800E+02   1.5794E+00
   3.6900E+02   1.6078E+00
   3.7000E+02   1.6065E+00
   3.7100E+02   1.5818E+00
   3.7200E+02   1.5612E+00
   3.7300E+02   1.5181E+00
   3.7400E+02   1.4649E+00
   3.7500E+02   1.4388E+00
   3.7600E+02   1.4591E+00
   3.7700E+02   1.5184E+00
   3.7800E+02   1.6149E+00
   3.7900E+02   1.6885E+00
   3.8000E+02   1.7127E+00
   3.8100E+02   1.6978E+00
   3.8200E+02   1.6545E+00
   3.8300E+02   1.6271E+00
   3.8400E+02   1.6294E+00
   3.8500E+02   1.6624E+00
   3.8600E+02   1.6975E+00
   3.8700E+02   1.7368E+00
   3.8800E+02   1.7619E+00
   3.8900E+02   1.7875E+00
   3.9000E+02   1.7945E+00
   3.9100E+02   1.8196E+00
   3.9200E+02   1.8636E+00
   3.9300E+02   1.9129E+00
   3.9400E+02   1.9606E+00
   3.9500E+02   2.0045E+00
   3.9600E+02   2.0547E+00
   3.9700E+02   2.0842E+00
   3.9800E+02   2.1027E+00
   3.9900E+02   2.0760E+00
   4.0000E+02   1.9894E+00
   4.0100E+02   1.8783E+00
   4.0200E+02   1.7955E+00
   4.0300E+02   1.7009E+00
   4.0400E+02   1.6369E+00
   4.0500E+02   1.5945E+00
   4.0600E+02   1.5448E+00
   4.0700E+02   1.5246E+00
   4.0800E+02   1.4722E+00
   4.0900E+02   1.4393E+00
   4.0900E+02   1.4150E+00
   4.0900E+02   1.4397E+00
   4.1000E+02   1.3961E+00
   4.1100E+02   1.3525E+00
   4.1200E+02   1.3231E+00
   4.1300E+02   1.3040E+00
   4.1400E+02   1.3048E+00
   4.1500E+02   1.3317E+00
   4.1600E+02   1.3842E+00
   4.1700E+02   1.4643E+00
   4.1800E+02   1.5404E+00
   4.1900E+02   1.5740E+00
   4.2000E+02   1.5763E+00
   4.2100E+02   1.5602E+00
   4.2200E+02   1.5550E+00
   4.2300E+02   1.5593E+00
   4.2400E+02   1.5822E+00
   4.2500E+02   1.5986E+00
   4.2600E+02   1.5896E+00
   4.2700E+02   1.5415E+00
   4.2800E+02   1.4461E+00
   4.2900E+02   1.4019E+00
   4.3000E+02   1.3657E+00
   4.3100E+02   1.3862E+00
   4.3200E+02   1.4686E+00
   4.3300E+02   1.5912E+00
   4.3400E+02   1.6614E+00
   4.3500E+02   1.7106E+00
   4.3600E+02   1.7170E+00
   4.3700E+02   1.7006E+00
   4.3800E+02   1.6753E+00
   4.3900E+02   1.6281E+00
   4.4000E+02   1.5813E+00
   4.4100E+02   1.5504E+00
   4.4200E+02   1.5498E+00
   4.4300E+02   1.5864E+00
   4.4400E+02   1.6290E+00
   4.4500E+02   1.6996E+00
   4.4600E+02   1.7531E+00
   4.4700E+02   1.7965E+00
   4.4800E+02   1.8114E+00
   4.4900E+02   1.8192E+00
   4.5000E+02   1.8303E+00
   4.5100E+02   1.8405E+00
   4.5200E+02   1.8467E+00
   4.5300E+02   1.8368E+00
   4.5400E+02   1.8188E+00
   4.5500E+02   1.7765E+00
   4.5600E+02   1.7166E+00
   4.5700E+02   1.6264E+00
   4.5800E+02   1.5931E+00
   4.5900E+02   1.5265E+00
   4.6000E+02   1.4611E+00
   4.6100E+02   1.4131E+00
   4.6200E+02   1.3660E+00
   4.6300E+02   1.3356E+00
   4.6400E+02   1.3092E+00
   4.6500E+02   1.2602E+00
   4.6600E+02   1.1976E+00
   4.6700E+02   1.1338E+00
   4.6800E+02   1.0560E+00
   4.6800E+02   1.4150E+00
   4.6800E+02   1.0736E+00
   4.6900E+02   1.0090E+00
   4.7000E+02   9.6672E-01
   4.7100E+02   9.5865E-01
   4.7200E+02   9.8687E-01
   4.7200E+02   1.4150E+00
   4.7200E+02   9.7617E-01
   4.7300E+02   1.0557E+00
   4.7400E+02   1.1720E+00
   4.7500E+02   1.3714E+00
   4.7600E+02   1.5327E+00
   4.7700E+02   1.6702E+00
   4.7800E+02   1.7607E+00
   4.7900E+02   1.7905E+00
   4.8000E+02   1.7824E+00
   4.8100E+02   1.7551E+00
   4.8200E+02   1.7147E+00
   4.8300E+02   1.6797E+00
   4.8400E+02   1.6083E+00
   4.8500E+02   1.5784E+00
   4.8600E+02   1.5150E+00
   4.8700E+02   1.4653E+00
   4.8800E+02   1.4393E+00
   4.8900E+02   1.4348E+00
   4.9000E+02   1.4537E+00
   4.9100E+02   1.5078E+00
   4.9200E+02   1.5455E+00
   4.9300E+02   1.5917E+00
   4.9400E+02   1.6250E+00
   4.9500E+02   1.6488E+00
   4.9600E+02   1.6554E+00
   4.9700E+02   1.6559E+00
   4.9800E+02   1.6457E+00
   4.9900E+02   1.6248E+00
   5.0000E+02   1.5907E+00
   5.0100E+02   1.5685E+00
   5.0200E+02   1.5465E+00
   5.0300E+02   1.5175E+00
   5.0400E+02   1.4988E+00
   5.0500E+02   1.4560E+00
   5.0600E+02   1.4318E+00
   5.0700E+02   1.3931E+00
   5.0800E+02   1.3760E+00
   5.0900E+02   1.3843E+00
   5.1000E+02   1.4062E+00
   5.1100E+02   1.4518E+00
   5.1200E+02   1.4766E+00
   5.1300E+02   1.4856E+00
   5.1400E+02   1.4783E+00
   5.1500E+02   1.4653E+00
   5.1600E+02   1.4616E+00
   5.1700E+02   1.4664E+00
   5.1800E+02   1.4844E+00
   5.1900E+02   1.4860E+00
   5.2000E+02   1.4257E+00
   5.2100E+02   1.3612E+00
   5.2200E+02   1.2331E+00
   5.2300E+02   1.1014E+00
   5.2400E+02   1.0353E+00
   5.2500E+02   1.0419E+00
   5.2600E+02   1.1048E+00
   5.2700E+02   1.1851E+00
   5.2800E+02   1.2736E+00
   5.2900E+02   1.3626E+00
   5.3000E+02   1.4366E+00
   5.3100E+02   1.5124E+00
   5.3200E+02   1.5599E+00
   5.3300E+02   1.5768E+00
   5.3400E+02   1.5701E+00
   5.3500E+02   1.5437E+00
   5.3600E+02   1.5012E+00
   5.3700E+02   1.4349E+00
   5.3800E+02   1.3769E+00
   5.3900E+02   1.3607E+00
   5.4000E+02   1.4169E+00
   5.4100E+02   1.5636E+00
   5.4200E+02   1.7578E+00
   5.4300E+02   1.8673E+00
   5.4400E+02   1.8346E+00
   5.4500E+02   1.7265E+00
   5.4600E+02   1.4867E+00
   5.4700E+02   1.3285E+00
   5.4800E+02   1.2539E+00
   5.4900E+02   1.2897E+00
   5.5000E+02   1.3704E+00
   5.5100E+02   1.4252E+00
   5.5200E+02   1.4521E+00
   5.5300E+02   1.4395E+00
   5.5400E+02   1.3993E+00
   5.5500E+02   1.3577E+00
   5.5600E+02   1.3151E+00
   5.5700E+02   1.2826E+00
   5.5800E+02   1.2740E+00
   5.5900E+02   1.2883E+00
   5.6000E+02   1.3373E+00
   5.6100E+02   1.4231E+00
   5.6200E+02   1.5372E+00
   5.6300E+02   1.5930E+00
   5.6400E+02   1.6451E+00
   5.6500E+02   1.6543E+00
   5.6600E+02   1.6403E+00
   5.6700E+02   1.5498E+00
   5.6800E+02   1.4904E+00
   5.6900E+02   1.3791E+00
   5.7000E+02   1.2393E+00
   5.7100E+02   1.1375E+00
   5.7200E+02   1.0655E+00
   5.7200E+02   1.4150E+00
   5.7200E+02   1.0685E+00
   5.7300E+02   1.0124E+00
   5.7400E+02   9.8823E-01
   5.7500E+02   1.0101E+00
   5.7500E+02   1.4150E+00
   5.7500E+02   1.0020E+00
   5.7600E+02   1.0562E+00
   5.7700E+02   1.1483E+00
   5.7800E+02   1.2201E+00
   5.7900E+02   1.2615E+00
   5.8000E+02   1.2558E+00
   5.8100E+02   1.2318E+00
   5.8200E+02   1.2268E+00
   5.8300E+02   1.2604E+00
   5.8400E+02   1.3459E+00
   5.8400E+02   1.4150E+00
   5.8400E+02   1.3357E+00
   5.8500E+02   1.4486E+00
   5.8600E+02   1.5677E+00
   5.8700E+02   1.6525E+00
   5.8800E+02   1.7465E+00
   5.8900E+02   1.7918E+00
   5.9000E+02   1.7859E+00
   5.9100E+02   1.7053E+00
   5.9200E+02   1.5865E+00
   5.9300E+02   1.4156E+00
   5.9400E+02   1.3086E+00
   5.9500E+02   1.2859E+00
   5.9600E+02   1.3577E+00
   5.9700E+02   1.4494E+00
   5.9800E+02   1.5224E+00
   5.9900E+02   1.5236E+00
   6.0000E+02   1.4684E+00
   6.0100E+02   1.4325E+00
   6.0200E+02   1.4291E+00
   6.0300E+02   1.4756E+00
   6.0400E+02   1.5859E+00
   6.0500E+02   1.6577E+00
   6.0600E+02   1.6844E+00
   6.0700E+02   1.6461E+00
   6.0800E+02   1.5203E+00
   6.0900E+02   1.4187E+00
   6.1000E+02   1.3485E+00
   6.1100E+02   1.3426E+00
   6.1200E+02   1.3988E+00
   6.1300E+02   1.4449E+00
   6.1400E+02   1.4829E+00
   6.1500E+02   1.5014E+00
   6.1600E+02   1.5002E+00
   6.1700E+02   1.5103E+00
   6.1800E+02   1.5330E+00
   6.1900E+02   1.5875E+00
   6.2000E+02   1.6351E+00
   6.2100E+02   1.6767E+00
   6.2200E+02   1.6708E+00
   6.2300E+02   1.6212E+00
   6.2400E+02   1.5713E+00
   6.2500E+02   1.5143E+00
   6.2600E+02   1.4925E+00
   6.2700E+02   1.4976E+00
   6.2800E+02   1.5289E+00
   6.2900E+02   1.5820E+00
   6.3000E+02   1.6562E+00
   6.3100E+02   1.7680E+00
   6.3200E+02   1.8557E+00
   6.3300E+02   1.8644E+00
   6.3400E+02   1.7767E+00
   6.3500E+02   1.5750E+00
   6.3600E+02   1.3431E+00
   6.3700E+02   1.1938E+00
   6.3800E+02   1.1858E+00
   6.3900E+02   1.2842E+00
   6.4000E+02   1.4410E+00
   6.4100E+02   1.5515E+00
   6.4200E+02   1.5633E+00
   6.4300E+02   1.4781E+00
   6.4400E+02   1.4184E+00
   6.4500E+02   1.3543E+00
   6.4600E+02   1.3268E+00
   6.4700E+02   1.3345E+00
   6.4800E+02   1.3406E+00
   6.4900E+02   1.3102E+00
   6.5000E+02   1.2624E+00
   6.5100E+02   1.1686E+00
   6.5200E+02   1.0772E+00
   6.5200E+02   1.4150E+00
   6.5200E+02   1.0791E+00
   6.5200E+02   1.4150E+00
   6.5200E+02   1.0791E+00
   6.5200E+02   1.4150E+00
   6.5200E+02   1.0791E+00
   6.5200E+02   1.4150E+00
   6.5200E+02   1.0791E+00
   6.5200E+02   1.4150E+00
   6.5200E+02   1.0791E+00
   6.5200E+02   1.4150E+00
   6.5200E+02   1.0791E+00
   6.5200E+02   1.4150E+00
   6.5200E+02   1.0791E+00
   6.5200E+02   1.4150E+00
   6.5200E+02   1.0791E+00
