   0.0000E+00   1.4150E+00
   0.0000E+00   1.6037E+00
   1.0000E+00   1.6035E+00
   2.0000E+00   1.5879E+00
   3.0000E+00   1.5414E+00
   4.0000E+00   1.4956E+00
   5.0000E+00   1.4848E+00
   6.0000E+00   1.5084E+00
   7.0000E+00   1.5661E+00
   8.0000E+00   1.6111E+00
   9.0000E+00   1.6137E+00
   1.0000E+01   1.5701E+00
   1.1000E+01   1.4869E+00
   1.2000E+01   1.4134E+00
   1.3000E+01   1.3841E+00
   1.4000E+01   1.4016E+00
   1.5000E+01   1.4629E+00
   1.6000E+01   1.5500E+00
   1.7000E+01   1.6683E+00
   1.8000E+01   1.8095E+00
   1.9000E+01   1.9625E+00
   2.0000E+01   2.0166E+00
   2.1000E+01   1.9343E+00
   2.2000E+01   1.7145E+00
   2.3000E+01   1.3820E+00
   2.4000E+01   1.1274E+00
   2.5000E+01   9.9973E-01
   2.6000E+01   9.9622E-01
   2.7000E+01   1.0981E+00
   2.8000E+01   1.2086E+00
   2.9000E+01   1.3014E+00
   3.0000E+01   1.3785E+00
   3.1000E+01   1.4461E+00
   3.2000E+01   1.5084E+00
   3.3000E+01   1.5640E+00
   3.4000E+01   1.6108E+00
   3.5000E+01   1.6544E+00
   3.6000E+01   1.6967E+00
   3.7000E+01   1.7411E+00
   3.8000E+01   1.7796E+00
   3.9000E+01   1.8167E+00
   4.0000E+01   1.8533E+00
   4.1000E+01   1.8897E+00
   4.2000E+01   1.9156E+00
   4.3000E+01   1.9405E+00
   4.4000E+01   1.9672E+00
   4.5000E+01   1.9935E+00
   4.6000E+01   2.0119E+00
   4.7000E+01   2.0267E+00
   4.8000E+01   2.0293E+00
   4.9000E+01   2.0174E+00
   5.0000E+01   1.9980E+00
   5.1000E+01   1.9801E+00
   5.2000E+01   1.9731E+00
   5.3000E+01   1.9789E+00
   5.4000E+01   1.9926E+00
   5.5000E+01   1.9873E+00
   5.6000E+01   1.9435E+00
   5.7000E+01   1.8641E+00
   5.8000E+01   1.7525E+00
   5.9000E+01   1.6658E+00
   6.0000E+01   1.6250E+00
   6.1000E+01   1.6333E+00
   6.2000E+01   1.6850E+00
   6.3000E+01   1.7362E+00
   6.4000E+01   1.7745E+00
   6.5000E+01   1.7980E+00
   6.6000E+01   1.8134E+00
   6.7000E+01   1.8284E+00
   6.8000E+01   1.8517E+00
   6.9000E+01   1.8787E+00
   7.0000E+01   1.9111E+00
   7.1000E+01   1.9370E+00
   7.2000E+01   1.9558E+00
   7.3000E+01   1.9684E+00
   7.4000E+01   1.9761E+00
   7.5000E+01   1.9792E+00
   7.6000E+01   1.9794E+00
   7.7000E+01   1.9763E+00
   7.8000E+01   1.9759E+00
   7.9000E+01   1.9869E+00
   8.0000E+01   2.0111E+00
   8.1000E+01   2.0475E+00
   8.2000E+01   2.0907E+00
   8.3000E+01   2.1167E+00
   8.4000E+01   2.1335E+00
   8.5000E+01   2.1378E+00
   8.6000E+01   2.1318E+00
   8.7000E+01   2.1156E+00
   8.8000E+01   2.0947E+00
   8.9000E+01   2.0640E+00
   9.0000E+01   2.0351E+00
   9.1000E+01   2.0149E+00
   9.2000E+01   2.0059E+00
   9.3000E+01   2.0066E+00
   9.4000E+01   2.0067E+00
   9.5000E+01   1.9992E+00
   9.6000E+01   1.9868E+00
   9.7000E+01   1.9805E+00
   9.8000E+01   1.9772E+00
   9.9000E+01   1.9902E+00
   1.0000E+02   2.0197E+00
   1.0100E+02   2.0571E+00
   1.0200E+02   2.0758E+00
   1.0300E+02   2.0640E+00
   1.0400E+02   2.0211E+00
   1.0500E+02   1.9469E+00
   1.0600E+02   1.8896E+00
   1.0700E+02   1.8475E+00
   1.0800E+02   1.8257E+00
   1.0900E+02   1.8187E+00
   1.1000E+02   1.8089E+00
   1.1100E+02   1.7890E+00
   1.1200E+02   1.7638E+00
   1.1200E+02   1.4150E+00
   1.1200E+02   1.7654E+00
   1.1300E+02   1.7301E+00
   1.1400E+02   1.6892E+00
   1.1500E+02   1.6630E+00
   1.1600E+02   1.6291E+00
   1.1700E+02   1.5885E+00
   1.1800E+02   1.5385E+00
   1.1900E+02   1.4675E+00
   1.2000E+02   1.3979E+00
   1.2100E+02   1.3210E+00
   1.2200E+02   1.3006E+00
   1.2300E+02   1.3282E+00
   1.2400E+02   1.3880E+00
   1.2500E+02   1.4826E+00
   1.2600E+02   1.5742E+00
   1.2700E+02   1.6618E+00
   1.2800E+02   1.7473E+00
   1.2900E+02   1.8175E+00
   1.3000E+02   1.8581E+00
   1.3100E+02   1.8615E+00
   1.3200E+02   1.8329E+00
   1.3300E+02   1.7972E+00
   1.3400E+02   1.7507E+00
   1.3500E+02   1.7155E+00
   1.3600E+02   1.6784E+00
   1.3700E+02   1.6457E+00
   1.3800E+02   1.6046E+00
   1.3900E+02   1.5638E+00
   1.4000E+02   1.5236E+00
   1.4100E+02   1.4718E+00
   1.4200E+02   1.4170E+00
   1.4300E+02   1.3762E+00
   1.4400E+02   1.3237E+00
   1.4500E+02   1.3218E+00
   1.4600E+02   1.3844E+00
   1.4700E+02   1.4787E+00
   1.4800E+02   1.6314E+00
   1.4900E+02   1.7073E+00
   1.5000E+02   1.7143E+00
   1.5100E+02   1.6549E+00
   1.5200E+02   1.5187E+00
   1.5300E+02   1.4531E+00
   1.5400E+02   1.4160E+00
   1.5500E+02   1.4296E+00
   1.5600E+02   1.4771E+00
   1.5700E+02   1.4884E+00
   1.5800E+02   1.4765E+00
   1.5900E+02   1.4368E+00
   1.6000E+02   1.3863E+00
   1.6100E+02   1.3582E+00
   1.6200E+02   1.3505E+00
   1.6300E+02   1.3680E+00
   1.6400E+02   1.3952E+00
   1.6500E+02   1.3992E+00
   1.6600E+02   1.3877E+00
   1.6700E+02   1.3608E+00
   1.6800E+02   1.3337E+00
   1.6900E+02   1.3268E+00
   1.7000E+02   1.3402E+00
   1.7100E+02   1.3683E+00
   1.7200E+02   1.4087E+00
   1.7300E+02   1.4793E+00
   1.7400E+02   1.5643E+00
   1.7500E+02   1.6735E+00
   1.7600E+02   1.7835E+00
   1.7700E+02   1.8587E+00
   1.7800E+02   1.9076E+00
   1.7900E+02   1.9406E+00
   1.8000E+02   1.9530E+00
   1.8100E+02   1.9443E+00
   1.8200E+02   1.9101E+00
   1.8300E+02   1.8940E+00
   1.8400E+02   1.8830E+00
   1.8500E+02   1.9071E+00
   1.8600E+02   1.9663E+00
   1.8700E+02   2.0425E+00
   1.8800E+02   2.0679E+00
   1.8900E+02   1.9971E+00
   1.9000E+02   1.8360E+00
   1.9100E+02   1.7203E+00
   1.9200E+02   1.6108E+00
   1.9300E+02   1.5974E+00
   1.9400E+02   1.6874E+00
   1.9500E+02   1.8146E+00
   1.9600E+02   1.9011E+00
   1.9700E+02   1.9103E+00
   1.9800E+02   1.8400E+00
   1.9900E+02   1.7459E+00
   2.0000E+02   1.6250E+00
   2.0100E+02   1.4572E+00
   2.0200E+02   1.3381E+00
   2.0300E+02   1.2240E+00
   2.0400E+02   1.2318E+00
   2.0500E+02   1.3730E+00
   2.0600E+02   1.6007E+00
   2.0700E+02   1.8580E+00
   2.0800E+02   1.9646E+00
   2.0900E+02   1.9010E+00
   2.1000E+02   1.6962E+00
   2.1100E+02   1.4636E+00
   2.1200E+02   1.3887E+00
   2.1300E+02   1.4625E+00
   2.1400E+02   1.6812E+00
   2.1500E+02   1.9094E+00
   2.1600E+02   2.0106E+00
   2.1700E+02   1.9943E+00
   2.1800E+02   1.8606E+00
   2.1900E+02   1.7280E+00
   2.2000E+02   1.6298E+00
   2.2100E+02   1.5697E+00
   2.2200E+02   1.5561E+00
   2.2300E+02   1.5963E+00
   2.2400E+02   1.6553E+00
   2.2500E+02   1.7917E+00
   2.2600E+02   1.8985E+00
   2.2700E+02   1.9729E+00
   2.2800E+02   1.9413E+00
   2.2900E+02   1.8152E+00
   2.3000E+02   1.5767E+00
   2.3100E+02   1.4144E+00
   2.3200E+02   1.2819E+00
   2.3300E+02   1.2162E+00
   2.3400E+02   1.2102E+00
   2.3500E+02   1.2692E+00
   2.3600E+02   1.3613E+00
   2.3700E+02   1.5163E+00
   2.3800E+02   1.7016E+00
   2.3900E+02   1.8378E+00
   2.4000E+02   1.9345E+00
   2.4100E+02   1.9628E+00
   2.4200E+02   1.9428E+00
   2.4300E+02   1.8696E+00
   2.4400E+02   1.7915E+00
   2.4500E+02   1.6450E+00
   2.4600E+02   1.4991E+00
   2.4700E+02   1.4168E+00
   2.4800E+02   1.4127E+00
   2.4900E+02   1.4708E+00
   2.5000E+02   1.5698E+00
   2.5100E+02   1.7255E+00
   2.5200E+02   1.8440E+00
   2.5300E+02   2.0383E+00
   2.5400E+02   2.1424E+00
   2.5500E+02   2.1404E+00
   2.5600E+02   2.0232E+00
   2.5700E+02   1.7963E+00
   2.5800E+02   1.5807E+00
   2.5900E+02   1.4864E+00
   2.6000E+02   1.5322E+00
   2.6100E+02   1.6685E+00
   2.6200E+02   1.7819E+00
   2.6300E+02   1.8037E+00
   2.6400E+02   1.7202E+00
   2.6500E+02   1.5783E+00
   2.6600E+02   1.4260E+00
   2.6700E+02   1.2938E+00
   2.6800E+02   1.1906E+00
   2.6900E+02   1.1298E+00
   2.7000E+02   1.1032E+00
   2.7100E+02   1.1147E+00
   2.7200E+02   1.1485E+00
   2.7300E+02   1.2526E+00
   2.7400E+02   1.3103E+00
   2.7500E+02   1.4173E+00
   2.7600E+02   1.5660E+00
   2.7700E+02   1.7218E+00
   2.7800E+02   1.8107E+00
   2.7900E+02   1.8850E+00
   2.8000E+02   1.9238E+00
   2.8100E+02   1.9052E+00
   2.8200E+02   1.8393E+00
   2.8300E+02   1.7165E+00
   2.8400E+02   1.5400E+00
   2.8500E+02   1.3360E+00
   2.8600E+02   1.2551E+00
   2.8700E+02   1.2868E+00
   2.8800E+02   1.4227E+00
   2.8900E+02   1.6255E+00
   2.9000E+02   1.7552E+00
   2.9100E+02   1.8080E+00
   2.9200E+02   1.7993E+00
   2.9300E+02   1.7789E+00
   2.9400E+02   1.7792E+00
   2.9500E+02   1.8023E+00
   2.9600E+02   1.8352E+00
   2.9700E+02   1.8782E+00
   2.9800E+02   1.8999E+00
   2.9900E+02   1.9023E+00
   3.0000E+02   1.8954E+00
   3.0100E+02   1.8927E+00
   3.0200E+02   1.9175E+00
   3.0300E+02   1.9414E+00
   3.0400E+02   1.9692E+00
   3.0500E+02   1.9647E+00
   3.0600E+02   1.9063E+00
   3.0700E+02   1.8150E+00
   3.0800E+02   1.6538E+00
   3.0900E+02   1.5230E+00
   3.1000E+02   1.4514E+00
   3.1100E+02   1.4321E+00
   3.1200E+02   1.4518E+00
   3.1300E+02   1.4520E+00
   3.1400E+02   1.4276E+00
   3.1500E+02   1.3892E+00
   3.1600E+02   1.3284E+00
   3.1700E+02   1.3164E+00
   3.1800E+02   1.3634E+00
   3.1900E+02   1.4296E+00
   3.2000E+02   1.5519E+00
   3.2100E+02   1.6458E+00
   3.2200E+02   1.7068E+00
   3.2300E+02   1.7328E+00
   3.2400E+02   1.7279E+00
   3.2500E+02   1.6970E+00
   3.2600E+02   1.6644E+00
   3.2700E+02   1.6216E+00
   3.2800E+02   1.5412E+00
   3.2900E+02   1.4798E+00
   3.3000E+02   1.4222E+00
   3.3100E+02   1.3828E+00
   3.3200E+02   1.3460E+00
   3.3300E+02   1.3452E+00
   3.3400E+02   1.3891E+00
   3.3500E+02   1.4302E+00
   3.3600E+02   1.5103E+00
   3.3700E+02   1.6047E+00
   3.3800E+02   1.7007E+00
   3.3900E+02   1.7912E+00
   3.4000E+02   1.8424E+00
   3.4100E+02   1.8664E+00
   3.4200E+02   1.8445E+00
   3.4300E+02   1.7840E+00
   3.4400E+02   1.7254E+00
   3.4500E+02   1.6908E+00
   3.4600E+02   1.6877E+00
   3.4700E+02   1.7052E+00
   3.4800E+02   1.7209E+00
   3.4900E+02   1.7314E+00
   3.5000E+02   1.7362E+00
   3.5100E+02   1.7347E+00
   3.5200E+02   1.7099E+00
   3.5300E+02   1.6862E+00
   3.5400E+02   1.6390E+00
   3.5500E+02   1.5799E+00
   3.5600E+02   1.5553E+00
   3.5700E+02   1.5930E+00
   3.5800E+02   1.6817E+00
   3.5900E+02   1.7311E+00
   3.6000E+02   1.7922E+00
   3.6100E+02   1.8330E+00
   3.6200E+02   1.8371E+00
   3.6300E+02   1.8284E+00
   3.6400E+02   1.8315E+00
   3.6500E+02   1.8622E+00
   3.6600E+02   1.8861E+00
   3.6700E+02   1.9164E+00
   3.6800E+02   1.9445E+00
   3.6900E+02   1.9562E+00
   3.7000E+02   1.9554E+00
   3.7100E+02   1.9463E+00
   3.7200E+02   1.9152E+00
   3.7300E+02   1.8930E+00
   3.7400E+02   1.8739E+00
   3.7500E+02   1.8613E+00
   3.7600E+02   1.8566E+00
   3.7700E+02   1.8769E+00
   3.7800E+02   1.8940E+00
   3.7900E+02   1.9115E+00
   3.8000E+02   1.9100E+00
   3.8100E+02   1.9012E+00
   3.8200E+02   1.8681E+00
   3.8300E+02   1.8448E+00
   3.8400E+02   1.8340E+00
   3.8500E+02   1.8305E+00
   3.8600E+02   1.8349E+00
   3.8700E+02   1.8500E+00
   3.8800E+02   1.8594E+00
   3.8900E+02   1.8771E+00
   3.9000E+02   1.8846E+00
   3.9100E+02   1.8863E+00
   3.9200E+02   1.8622E+00
   3.9300E+02   1.8272E+00
   3.9400E+02   1.8272E+00
   3.9500E+02   1.7603E+00
   3.9600E+02   1.6491E+00
   3.9700E+02   1.5047E+00
   3.9800E+02   1.3815E+00
   3.9900E+02   1.2547E+00
   4.0000E+02   1.1926E+00
   4.0100E+02   1.1854E+00
   4.0200E+02   1.2002E+00
   4.0300E+02   1.2209E+00
   4.0400E+02   1.2312E+00
   4.0500E+02   1.2336E+00
   4.0600E+02   1.2433E+00
   4.0700E+02   1.2975E+00
   4.0800E+02   1.3637E+00
   4.0900E+02   1.4585E+00
   4.1000E+02   1.5793E+00
   4.1100E+02   1.6531E+00
   4.1200E+02   1.6916E+00
   4.1300E+02   1.6874E+00
   4.1400E+02   1.6758E+00
   4.1500E+02   1.6823E+00
   4.1600E+02   1.7104E+00
   4.1700E+02   1.7390E+00
   4.1800E+02   1.7968E+00
   4.1900E+02   1.8639E+00
   4.2000E+02   1.9677E+00
   4.2100E+02   2.0475E+00
   4.2200E+02   2.0996E+00
   4.2300E+02   2.0601E+00
   4.2400E+02   1.9493E+00
   4.2500E+02   1.7603E+00
   4.2600E+02   1.6050E+00
   4.2700E+02   1.5549E+00
   4.2800E+02   1.6457E+00
   4.2900E+02   1.7617E+00
   4.3000E+02   1.8828E+00
   4.3100E+02   1.9249E+00
   4.3200E+02   1.8901E+00
   4.3300E+02   1.8060E+00
   4.3400E+02   1.7604E+00
   4.3500E+02   1.7941E+00
   4.3600E+02   1.9071E+00
   4.3700E+02   2.0779E+00
   4.3800E+02   2.1363E+00
   4.3900E+02   2.0331E+00
   4.4000E+02   1.8900E+00
   4.4100E+02   1.6103E+00
   4.4200E+02   1.3867E+00
   4.4300E+02   1.2491E+00
   4.4400E+02   1.1981E+00
   4.4500E+02   1.2382E+00
   4.4600E+02   1.3581E+00
   4.4700E+02   1.4831E+00
   4.4800E+02   1.7071E+00
   4.4900E+02   1.9478E+00
   4.5000E+02   2.0819E+00
   4.5100E+02   2.0950E+00
   4.5200E+02   1.9962E+00
   4.5300E+02   1.8526E+00
   4.5400E+02   1.7813E+00
   4.5500E+02   1.7920E+00
   4.5600E+02   1.8703E+00
   4.5700E+02   1.9608E+00
   4.5800E+02   1.9586E+00
   4.5900E+02   1.8793E+00
   4.6000E+02   1.7289E+00
   4.6100E+02   1.5484E+00
   4.6200E+02   1.4490E+00
   4.6300E+02   1.4127E+00
   4.6400E+02   1.4408E+00
   4.6500E+02   1.4629E+00
   4.6600E+02   1.4512E+00
   4.6700E+02   1.4290E+00
   4.6800E+02   1.3708E+00
   4.6900E+02   1.3283E+00
   4.7000E+02   1.3333E+00
   4.7100E+02   1.3826E+00
   4.7200E+02   1.4528E+00
   4.7300E+02   1.5376E+00
   4.7400E+02   1.5946E+00
   4.7500E+02   1.6356E+00
   4.7600E+02   1.6603E+00
   4.7700E+02   1.6566E+00
   4.7800E+02   1.6159E+00
   4.7900E+02   1.5808E+00
   4.8000E+02   1.5107E+00
   4.8100E+02   1.4808E+00
   4.8200E+02   1.4964E+00
   4.8300E+02   1.5629E+00
   4.8400E+02   1.6161E+00
   4.8500E+02   1.6313E+00
   4.8600E+02   1.5687E+00
   4.8700E+02   1.4514E+00
   4.8800E+02   1.3227E+00
   4.8900E+02   1.1833E+00
   4.9000E+02   1.0719E+00
   4.9000E+02   1.4150E+00
   4.9000E+02   1.0893E+00
   4.9100E+02   1.0030E+00
   4.9200E+02   9.7063E-01
   4.9300E+02   1.0368E+00
   4.9400E+02   1.2297E+00
   4.9500E+02   1.5065E+00
   4.9600E+02   1.8099E+00
   4.9700E+02   1.9646E+00
   4.9800E+02   1.9758E+00
   4.9900E+02   1.8391E+00
   5.0000E+02   1.6827E+00
   5.0100E+02   1.5817E+00
   5.0200E+02   1.5630E+00
   5.0300E+02   1.6244E+00
   5.0400E+02   1.6785E+00
   5.0500E+02   1.7340E+00
   5.0600E+02   1.7864E+00
   5.0700E+02   1.8116E+00
   5.0800E+02   1.8223E+00
   5.0900E+02   1.8452E+00
   5.1000E+02   1.8563E+00
   5.1100E+02   1.8665E+00
   5.1200E+02   1.8482E+00
   5.1300E+02   1.8221E+00
   5.1400E+02   1.7595E+00
   5.1500E+02   1.6763E+00
   5.1600E+02   1.5976E+00
   5.1700E+02   1.5275E+00
   5.1800E+02   1.4951E+00
   5.1900E+02   1.4756E+00
   5.2000E+02   1.4858E+00
   5.2100E+02   1.5636E+00
   5.2200E+02   1.6170E+00
   5.2300E+02   1.6954E+00
   5.2400E+02   1.7447E+00
   5.2500E+02   1.7412E+00
   5.2600E+02   1.6948E+00
   5.2700E+02   1.6323E+00
   5.2800E+02   1.5983E+00
   5.2900E+02   1.6050E+00
   5.3000E+02   1.6505E+00
   5.3100E+02   1.6998E+00
   5.3200E+02   1.7499E+00
   5.3300E+02   1.8079E+00
   5.3400E+02   1.8562E+00
   5.3500E+02   1.8827E+00
   5.3600E+02   1.8429E+00
   5.3700E+02   1.7337E+00
   5.3800E+02   1.5310E+00
   5.3900E+02   1.4042E+00
   5.4000E+02   1.3498E+00
   5.4100E+02   1.4089E+00
   5.4200E+02   1.5761E+00
   5.4300E+02   1.7763E+00
   5.4400E+02   1.9052E+00
   5.4500E+02   1.9815E+00
   5.4600E+02   2.0009E+00
   5.4700E+02   2.0031E+00
   5.4800E+02   2.0134E+00
   5.4900E+02   2.0376E+00
   5.5000E+02   2.0525E+00
   5.5100E+02   2.0650E+00
   5.5200E+02   2.0737E+00
   5.5300E+02   2.0704E+00
   5.5400E+02   2.0407E+00
   5.5500E+02   2.0043E+00
   5.5600E+02   1.9536E+00
   5.5700E+02   1.8808E+00
   5.5800E+02   1.8623E+00
   5.5900E+02   1.8054E+00
   5.6000E+02   1.7537E+00
   5.6100E+02   1.7262E+00
   5.6200E+02   1.7079E+00
   5.6300E+02   1.6912E+00
   5.6400E+02   1.6635E+00
   5.6500E+02   1.6434E+00
   5.6600E+02   1.6288E+00
   5.6700E+02   1.6266E+00
   5.6800E+02   1.6408E+00
   5.6900E+02   1.7019E+00
   5.7000E+02   1.7101E+00
   5.7100E+02   1.7336E+00
   5.7200E+02   1.7313E+00
   5.7300E+02   1.7053E+00
   5.7400E+02   1.6910E+00
   5.7500E+02   1.7007E+00
   5.7600E+02   1.7262E+00
   5.7700E+02   1.8097E+00
   5.7800E+02   1.8526E+00
   5.7900E+02   1.8947E+00
   5.8000E+02   1.9037E+00
   5.8100E+02   1.8859E+00
   5.8200E+02   1.8579E+00
   5.8300E+02   1.8426E+00
   5.8400E+02   1.8331E+00
   5.8500E+02   1.8296E+00
   5.8600E+02   1.8329E+00
   5.8700E+02   1.8435E+00
   5.8800E+02   1.8614E+00
   5.8900E+02   1.8990E+00
   5.9000E+02   1.9191E+00
   5.9100E+02   1.9319E+00
   5.9200E+02   1.9406E+00
   5.9300E+02   1.9408E+00
   5.9400E+02   1.9266E+00
   5.9500E+02   1.9093E+00
   5.9600E+02   1.8851E+00
   5.9700E+02   1.8606E+00
   5.9800E+02   1.8214E+00
   5.9900E+02   1.7413E+00
   6.0000E+02   1.6305E+00
   6.0100E+02   1.5210E+00
   6.0200E+02   1.4607E+00
   6.0300E+02   1.4871E+00
   6.0400E+02   1.5542E+00
   6.0500E+02   1.7015E+00
   6.0600E+02   1.7679E+00
   6.0700E+02   1.7728E+00
   6.0800E+02   1.6867E+00
   6.0900E+02   1.5961E+00
   6.1000E+02   1.5224E+00
   6.1100E+02   1.5012E+00
   6.1200E+02   1.5177E+00
   6.1300E+02   1.5880E+00
   6.1400E+02   1.6573E+00
   6.1500E+02   1.7519E+00
   6.1600E+02   1.8053E+00
   6.1700E+02   1.8849E+00
   6.1800E+02   1.9102E+00
   6.1900E+02   1.8885E+00
   6.2000E+02   1.8150E+00
   6.2100E+02   1.7232E+00
   6.2200E+02   1.6695E+00
   6.2300E+02   1.6639E+00
   6.2400E+02   1.7022E+00
   6.2500E+02   1.7120E+00
   6.2600E+02   1.6799E+00
   6.2700E+02   1.5691E+00
   6.2800E+02   1.4653E+00
   6.2900E+02   1.3685E+00
   6.3000E+02   1.3295E+00
   6.3100E+02   1.3601E+00
   6.3200E+02   1.4473E+00
   6.3300E+02   1.5423E+00
   6.3400E+02   1.5850E+00
   6.3500E+02   1.5930E+00
   6.3600E+02   1.5608E+00
   6.3700E+02   1.5481E+00
   6.3800E+02   1.5550E+00
   6.3900E+02   1.5820E+00
   6.4000E+02   1.6337E+00
   6.4100E+02   1.6814E+00
   6.4200E+02   1.6997E+00
   6.4300E+02   1.7047E+00
   6.4400E+02   1.6939E+00
   6.4500E+02   1.6595E+00
   6.4600E+02   1.6180E+00
   6.4700E+02   1.5635E+00
   6.4800E+02   1.5277E+00
   6.4900E+02   1.4853E+00
   6.5000E+02   1.4482E+00
   6.5100E+02   1.4359E+00
   6.5200E+02   1.4435E+00
   6.5300E+02   1.4986E+00
   6.5400E+02   1.6561E+00
   6.5500E+02   1.7760E+00
   6.5600E+02   1.9557E+00
   6.5700E+02   2.0470E+00
   6.5800E+02   2.0732E+00
   6.5900E+02   2.0013E+00
   6.6000E+02   1.9010E+00
   6.6100E+02   1.7980E+00
   6.6200E+02   1.6480E+00
   6.6300E+02   1.4899E+00
   6.6400E+02   1.3807E+00
   6.6500E+02   1.3129E+00
   6.6600E+02   1.3072E+00
   6.6700E+02   1.3752E+00
   6.6800E+02   1.4471E+00
   6.6900E+02   1.5550E+00
   6.7000E+02   1.6813E+00
   6.7100E+02   1.7947E+00
   6.7100E+02   1.4150E+00
   6.7100E+02   1.7738E+00
   6.7200E+02   1.8744E+00
   6.7300E+02   1.9189E+00
   6.7400E+02   1.8995E+00
   6.7500E+02   1.8568E+00
   6.7600E+02   1.8162E+00
   6.7700E+02   1.7937E+00
   6.7800E+02   1.8021E+00
   6.7900E+02   1.8238E+00
   6.8000E+02   1.8226E+00
   6.8100E+02   1.7926E+00
   6.8200E+02   1.7264E+00
   6.8300E+02   1.6266E+00
   6.8400E+02   1.5842E+00
   6.8500E+02   1.5909E+00
   6.8600E+02   1.6645E+00
   6.8700E+02   1.7567E+00
   6.8800E+02   1.7988E+00
   6.8900E+02   1.7637E+00
   6.9000E+02   1.6630E+00
   6.9100E+02   1.4823E+00
   6.9200E+02   1.3646E+00
   6.9300E+02   1.2610E+00
   6.9400E+02   1.1842E+00
   6.9500E+02   1.1453E+00
   6.9600E+02   1.1569E+00
   6.9700E+02   1.2141E+00
   6.9800E+02   1.3292E+00
   6.9900E+02   1.3902E+00
   7.0000E+02   1.4203E+00
   7.0100E+02   1.4040E+00
   7.0200E+02   1.3199E+00
   7.0300E+02   1.2055E+00
   7.0400E+02   1.1231E+00
   7.0500E+02   1.0547E+00
   7.0500E+02   1.4150E+00
   7.0500E+02   1.0645E+00
   7.0500E+02   1.4150E+00
   7.0500E+02   1.0645E+00
   7.0500E+02   1.4150E+00
   7.0500E+02   1.4150E+00
   7.0500E+02   1.0645E+00
   7.0500E+02   1.4150E+00
   7.0500E+02   1.0645E+00
   7.0500E+02   1.4150E+00
   7.0500E+02   1.0645E+00
   7.0500E+02   1.4150E+00
   7.0500E+02   1.0645E+00
   7.0500E+02   1.4150E+00
   7.0500E+02   1.0645E+00
