   0.0000E+00   1.4150E+00
   0.0000E+00   1.0082E+00
   1.0000E+00   1.0074E+00
   2.0000E+00   9.6691E-01
   3.0000E+00   9.0492E-01
   4.0000E+00   8.5275E-01
   5.0000E+00   8.1200E-01
   6.0000E+00   7.8901E-01
   7.0000E+00   7.7807E-01
   8.0000E+00   7.8063E-01
   9.0000E+00   7.9867E-01
   1.0000E+01   8.2895E-01
   1.1000E+01   8.6308E-01
   1.2000E+01   9.0192E-01
   1.3000E+01   9.2554E-01
   1.4000E+01   9.5028E-01
   1.5000E+01   9.8528E-01
   1.6000E+01   1.0410E+00
   1.7000E+01   1.1275E+00
   1.8000E+01   1.2343E+00
   1.9000E+01   1.3254E+00
   2.0000E+01   1.3567E+00
   2.1000E+01   1.3313E+00
   2.2000E+01   1.2474E+00
   2.3000E+01   1.1546E+00
   2.4000E+01   1.0827E+00
   2.5000E+01   1.0267E+00
   2.6000E+01   9.9326E-01
   2.7000E+01   1.0118E+00
   2.8000E+01   1.0940E+00
   2.9000E+01   1.2434E+00
   3.0000E+01   1.4479E+00
   3.1000E+01   1.6300E+00
   3.2000E+01   1.7631E+00
   3.3000E+01   1.8450E+00
   3.4000E+01   1.8771E+00
   3.5000E+01   1.8882E+00
   3.6000E+01   1.8828E+00
   3.7000E+01   1.8606E+00
   3.8000E+01   1.8197E+00
   3.9000E+01   1.7386E+00
   4.0000E+01   1.6119E+00
   4.1000E+01   1.4413E+00
   4.2000E+01   1.2584E+00
   4.3000E+01   1.1795E+00
   4.4000E+01   1.2193E+00
   4.5000E+01   1.3771E+00
   4.6000E+01   1.6096E+00
   4.7000E+01   1.7649E+00
   4.8000E+01   1.8495E+00
   4.9000E+01   1.8551E+00
   5.0000E+01   1.8088E+00
   5.1000E+01   1.7588E+00
   5.2000E+01   1.7024E+00
   5.3000E+01   1.6547E+00
   5.4000E+01   1.5978E+00
   5.5000E+01   1.5415E+00
   5.6000E+01   1.4774E+00
   5.7000E+01   1.4142E+00
   5.8000E+01   1.3715E+00
   5.9000E+01   1.3830E+00
   6.0000E+01   1.4463E+00
   6.1000E+01   1.5595E+00
   6.2000E+01   1.6572E+00
   6.3000E+01   1.6855E+00
   6.4000E+01   1.6440E+00
   6.5000E+01   1.5383E+00
   6.6000E+01   1.4276E+00
   6.7000E+01   1.3539E+00
   6.8000E+01   1.3095E+00
   6.9000E+01   1.2981E+00
   7.0000E+01   1.3046E+00
   7.1000E+01   1.3245E+00
   7.2000E+01   1.3551E+00
   7.3000E+01   1.4013E+00
   7.4000E+01   1.4443E+00
   7.5000E+01   1.4956E+00
   7.6000E+01   1.5364E+00
   7.7000E+01   1.5792E+00
   7.8000E+01   1.6244E+00
   7.9000E+01   1.6666E+00
   8.0000E+01   1.7026E+00
   8.1000E+01   1.7391E+00
   8.2000E+01   1.7620E+00
   8.3000E+01   1.7691E+00
   8.4000E+01   1.7600E+00
   8.5000E+01   1.7339E+00
   8.6000E+01   1.6715E+00
   8.7000E+01   1.5696E+00
   8.8000E+01   1.4349E+00
   8.9000E+01   1.2923E+00
   9.0000E+01   1.2025E+00
   9.1000E+01   1.1715E+00
   9.2000E+01   1.1989E+00
   9.3000E+01   1.2712E+00
   9.4000E+01   1.3555E+00
   9.5000E+01   1.4587E+00
   9.6000E+01   1.5770E+00
   9.7000E+01   1.6855E+00
   9.8000E+01   1.7412E+00
   9.9000E+01   1.7483E+00
   1.0000E+02   1.7052E+00
   1.0100E+02   1.6323E+00
   1.0200E+02   1.5677E+00
   1.0300E+02   1.4840E+00
   1.0400E+02   1.4064E+00
   1.0500E+02   1.3285E+00
   1.0600E+02   1.2686E+00
   1.0700E+02   1.2241E+00
   1.0800E+02   1.1924E+00
   1.0900E+02   1.1777E+00
   1.1000E+02   1.1747E+00
   1.1100E+02   1.1851E+00
   1.1200E+02   1.2077E+00
   1.1300E+02   1.2299E+00
   1.1400E+02   1.2627E+00
   1.1500E+02   1.2949E+00
   1.1600E+02   1.3335E+00
   1.1700E+02   1.3570E+00
   1.1800E+02   1.3602E+00
   1.1900E+02   1.3449E+00
   1.2000E+02   1.3140E+00
   1.2100E+02   1.2888E+00
   1.2200E+02   1.2742E+00
   1.2300E+02   1.2693E+00
   1.2400E+02   1.2766E+00
   1.2500E+02   1.3142E+00
   1.2600E+02   1.3860E+00
   1.2700E+02   1.4879E+00
   1.2800E+02   1.6028E+00
   1.2900E+02   1.6729E+00
   1.3000E+02   1.6972E+00
   1.3100E+02   1.6751E+00
   1.3200E+02   1.6371E+00
   1.3300E+02   1.6448E+00
   1.3400E+02   1.7014E+00
   1.3500E+02   1.8058E+00
   1.3600E+02   1.9070E+00
   1.3700E+02   1.9366E+00
   1.3800E+02   1.8888E+00
   1.3900E+02   1.7715E+00
   1.4000E+02   1.6418E+00
   1.4100E+02   1.5857E+00
   1.4200E+02   1.5949E+00
   1.4300E+02   1.6710E+00
   1.4300E+02   1.4150E+00
   1.4300E+02   1.6697E+00
   1.4400E+02   1.7542E+00
   1.4500E+02   1.7790E+00
   1.4600E+02   1.7547E+00
   1.4700E+02   1.6790E+00
   1.4800E+02   1.6040E+00
   1.4900E+02   1.5470E+00
   1.5000E+02   1.4864E+00
   1.5100E+02   1.4335E+00
   1.5200E+02   1.4057E+00
   1.5300E+02   1.3563E+00
   1.5400E+02   1.3225E+00
   1.5500E+02   1.2843E+00
   1.5600E+02   1.2785E+00
   1.5700E+02   1.3079E+00
   1.5800E+02   1.3711E+00
   1.5900E+02   1.4567E+00
   1.6000E+02   1.5661E+00
   1.6100E+02   1.6383E+00
   1.6200E+02   1.7200E+00
   1.6300E+02   1.8075E+00
   1.6400E+02   1.8705E+00
   1.6500E+02   1.9109E+00
   1.6600E+02   1.9471E+00
   1.6700E+02   1.9567E+00
   1.6800E+02   1.8991E+00
   1.6900E+02   1.8077E+00
   1.7000E+02   1.6424E+00
   1.7100E+02   1.4604E+00
   1.7200E+02   1.3600E+00
   1.7300E+02   1.3557E+00
   1.7400E+02   1.4364E+00
   1.7500E+02   1.5557E+00
   1.7600E+02   1.6137E+00
   1.7700E+02   1.6072E+00
   1.7800E+02   1.5437E+00
   1.7900E+02   1.4416E+00
   1.8000E+02   1.3297E+00
   1.8100E+02   1.1990E+00
   1.8200E+02   1.0474E+00
   1.8300E+02   9.6939E-01
   1.8400E+02   9.5747E-01
   1.8500E+02   1.0300E+00
   1.8600E+02   1.1863E+00
   1.8700E+02   1.3623E+00
   1.8800E+02   1.4500E+00
   1.8900E+02   1.5080E+00
   1.9000E+02   1.5046E+00
   1.9100E+02   1.4962E+00
   1.9200E+02   1.4968E+00
   1.9300E+02   1.5062E+00
   1.9400E+02   1.5239E+00
   1.9500E+02   1.5698E+00
   1.9600E+02   1.6255E+00
   1.9700E+02   1.7188E+00
   1.9800E+02   1.8247E+00
   1.9900E+02   1.9036E+00
   2.0000E+02   1.9217E+00
   2.0100E+02   1.8795E+00
   2.0200E+02   1.8185E+00
   2.0300E+02   1.7435E+00
   2.0400E+02   1.6604E+00
   2.0500E+02   1.6031E+00
   2.0600E+02   1.5138E+00
   2.0700E+02   1.4589E+00
   2.0800E+02   1.4194E+00
   2.0900E+02   1.3599E+00
   2.1000E+02   1.3269E+00
   2.1100E+02   1.3352E+00
   2.1200E+02   1.3851E+00
   2.1300E+02   1.4663E+00
   2.1400E+02   1.5696E+00
   2.1500E+02   1.6023E+00
   2.1600E+02   1.5556E+00
   2.1700E+02   1.4778E+00
   2.1800E+02   1.3778E+00
   2.1900E+02   1.2903E+00
   2.2000E+02   1.2455E+00
   2.2100E+02   1.2325E+00
   2.2200E+02   1.2731E+00
   2.2300E+02   1.3090E+00
   2.2400E+02   1.4148E+00
   2.2400E+02   1.4150E+00
   2.2400E+02   1.4002E+00
   2.2500E+02   1.5547E+00
   2.2600E+02   1.6909E+00
   2.2700E+02   1.7640E+00
   2.2800E+02   1.8197E+00
   2.2900E+02   1.8385E+00
   2.3000E+02   1.8294E+00
   2.3100E+02   1.8108E+00
   2.3200E+02   1.7638E+00
   2.3300E+02   1.7066E+00
   2.3400E+02   1.6588E+00
   2.3500E+02   1.6010E+00
   2.3600E+02   1.5654E+00
   2.3700E+02   1.5278E+00
   2.3800E+02   1.4798E+00
   2.3900E+02   1.4283E+00
   2.4000E+02   1.3474E+00
   2.4100E+02   1.2542E+00
   2.4200E+02   1.1842E+00
   2.4300E+02   1.1233E+00
   2.4400E+02   1.0916E+00
   2.4500E+02   1.0855E+00
   2.4600E+02   1.1485E+00
   2.4700E+02   1.2629E+00
   2.4800E+02   1.4375E+00
   2.4900E+02   1.6705E+00
   2.5000E+02   1.8123E+00
   2.5100E+02   1.9006E+00
   2.5200E+02   1.8961E+00
   2.5300E+02   1.8503E+00
   2.5400E+02   1.7909E+00
   2.5500E+02   1.7208E+00
   2.5600E+02   1.6175E+00
   2.5700E+02   1.5610E+00
   2.5800E+02   1.4777E+00
   2.5900E+02   1.4355E+00
   2.6000E+02   1.3972E+00
   2.6100E+02   1.3531E+00
   2.6200E+02   1.2927E+00
   2.6300E+02   1.2471E+00
   2.6400E+02   1.1822E+00
   2.6500E+02   1.1198E+00
   2.6600E+02   1.0786E+00
   2.6700E+02   1.0534E+00
   2.6800E+02   1.0496E+00
   2.6900E+02   1.0369E+00
   2.6900E+02   1.4150E+00
   2.6900E+02   1.0378E+00
   2.7000E+02   9.9756E-01
   2.7100E+02   9.3101E-01
   2.7200E+02   8.3949E-01
   2.7300E+02   7.5964E-01
   2.7400E+02   7.5285E-01
   2.7500E+02   8.1743E-01
   2.7600E+02   8.5128E-01
   2.7700E+02   9.4503E-01
   2.7800E+02   9.9988E-01
   2.7800E+02   1.4150E+00
   2.7800E+02   9.8835E-01
   2.7900E+02   1.0497E+00
   2.8000E+02   1.1055E+00
   2.8100E+02   1.1192E+00
   2.8200E+02   1.1084E+00
   2.8300E+02   1.0632E+00
   2.8400E+02   1.0211E+00
   2.8500E+02   1.0395E+00
   2.8600E+02   1.1744E+00
   2.8700E+02   1.3726E+00
   2.8800E+02   1.5668E+00
   2.8900E+02   1.7380E+00
   2.9000E+02   1.8227E+00
   2.9100E+02   1.8187E+00
   2.9200E+02   1.7629E+00
   2.9300E+02   1.7083E+00
   2.9400E+02   1.6748E+00
   2.9500E+02   1.6485E+00
   2.9600E+02   1.6278E+00
   2.9700E+02   1.6011E+00
   2.9800E+02   1.5793E+00
   2.9900E+02   1.5376E+00
   3.0000E+02   1.5252E+00
   3.0100E+02   1.5230E+00
   3.0200E+02   1.5589E+00
   3.0300E+02   1.5869E+00
   3.0400E+02   1.6625E+00
   3.0500E+02   1.7608E+00
   3.0600E+02   1.8348E+00
   3.0700E+02   1.9529E+00
   3.0800E+02   2.0454E+00
   3.0900E+02   2.0659E+00
   3.1000E+02   2.0185E+00
   3.1100E+02   1.9082E+00
   3.1200E+02   1.8163E+00
   3.1300E+02   1.7608E+00
   3.1400E+02   1.7367E+00
   3.1500E+02   1.7576E+00
   3.1600E+02   1.7922E+00
   3.1700E+02   1.8193E+00
   3.1800E+02   1.8723E+00
   3.1900E+02   1.9209E+00
   3.2000E+02   1.9462E+00
   3.2100E+02   1.9574E+00
   3.2200E+02   1.9426E+00
   3.2300E+02   1.9017E+00
   3.2400E+02   1.8482E+00
   3.2500E+02   1.8044E+00
   3.2600E+02   1.7286E+00
   3.2700E+02   1.6386E+00
   3.2800E+02   1.5828E+00
   3.2900E+02   1.5669E+00
   3.3000E+02   1.5762E+00
   3.3100E+02   1.6054E+00
   3.3200E+02   1.6241E+00
   3.3300E+02   1.6259E+00
   3.3400E+02   1.6075E+00
   3.3500E+02   1.6002E+00
   3.3600E+02   1.6066E+00
   3.3700E+02   1.6383E+00
   3.3800E+02   1.6900E+00
   3.3900E+02   1.7074E+00
   3.4000E+02   1.6886E+00
   3.4100E+02   1.6098E+00
   3.4200E+02   1.4838E+00
   3.4300E+02   1.3500E+00
   3.4400E+02   1.2577E+00
   3.4500E+02   1.2142E+00
   3.4600E+02   1.2254E+00
   3.4700E+02   1.2267E+00
   3.4800E+02   1.1714E+00
   3.4900E+02   1.0329E+00
   3.4900E+02   1.4150E+00
   3.4900E+02   1.0638E+00
   3.5000E+02   8.9473E-01
   3.5100E+02   7.5012E-01
   3.5200E+02   6.8325E-01
   3.5300E+02   7.1857E-01
   3.5400E+02   8.0937E-01
   3.5500E+02   9.0483E-01
   3.5600E+02   9.4742E-01
   3.5700E+02   9.3421E-01
   3.5800E+02   8.9351E-01
   3.5900E+02   8.6277E-01
   3.6000E+02   8.7034E-01
   3.6100E+02   9.1306E-01
   3.6200E+02   9.5442E-01
   3.6200E+02   1.4150E+00
   3.6200E+02   9.5182E-01
   3.6200E+02   1.4150E+00
   3.6200E+02   9.5182E-01
   3.6200E+02   1.4150E+00
   3.6200E+02   1.4150E+00
   3.6200E+02   9.5182E-01
   3.6200E+02   1.4150E+00
   3.6200E+02   9.5182E-01
   3.6200E+02   1.4150E+00
   3.6200E+02   9.5182E-01
   3.6300E+02   1.0073E+00
   3.6300E+02   1.4150E+00
   3.6300E+02   1.0073E+00
   3.6300E+02   1.4150E+00
   3.6300E+02   1.0073E+00
