   0.0000E+00   1.4150E+00
   0.0000E+00   1.0100E+00
   1.0000E+00   1.0086E+00
   2.0000E+00   9.6665E-01
   3.0000E+00   9.5119E-01
   4.0000E+00   9.5955E-01
   5.0000E+00   9.8063E-01
   6.0000E+00   1.0218E+00
   7.0000E+00   1.0803E+00
   8.0000E+00   1.1390E+00
   9.0000E+00   1.1856E+00
   1.0000E+01   1.2161E+00
   1.1000E+01   1.2388E+00
   1.2000E+01   1.2569E+00
   1.3000E+01   1.2677E+00
   1.4000E+01   1.2758E+00
   1.5000E+01   1.2807E+00
   1.6000E+01   1.2974E+00
   1.7000E+01   1.3221E+00
   1.8000E+01   1.3600E+00
   1.9000E+01   1.4091E+00
   2.0000E+01   1.4639E+00
   2.1000E+01   1.5145E+00
   2.2000E+01   1.5684E+00
   2.3000E+01   1.6185E+00
   2.4000E+01   1.6491E+00
   2.5000E+01   1.6603E+00
   2.6000E+01   1.6498E+00
   2.7000E+01   1.6204E+00
   2.8000E+01   1.5702E+00
   2.9000E+01   1.5057E+00
   3.0000E+01   1.4160E+00
   3.1000E+01   1.3239E+00
   3.2000E+01   1.2571E+00
   3.3000E+01   1.2189E+00
   3.4000E+01   1.2055E+00
   3.5000E+01   1.2126E+00
   3.6000E+01   1.2307E+00
   3.7000E+01   1.2564E+00
   3.8000E+01   1.2934E+00
   3.9000E+01   1.3245E+00
   4.0000E+01   1.3291E+00
   4.1000E+01   1.3116E+00
   4.2000E+01   1.2685E+00
   4.3000E+01   1.2404E+00
   4.4000E+01   1.2587E+00
   4.5000E+01   1.3213E+00
   4.6000E+01   1.4296E+00
   4.7000E+01   1.5170E+00
   4.8000E+01   1.5380E+00
   4.9000E+01   1.4986E+00
   5.0000E+01   1.4000E+00
   5.1000E+01   1.3041E+00
   5.2000E+01   1.2381E+00
   5.3000E+01   1.2044E+00
   5.4000E+01   1.2001E+00
   5.5000E+01   1.2185E+00
   5.6000E+01   1.2600E+00
   5.7000E+01   1.3204E+00
   5.8000E+01   1.3994E+00
   5.9000E+01   1.4568E+00
   6.0000E+01   1.4878E+00
   6.1000E+01   1.4886E+00
   6.2000E+01   1.4654E+00
   6.3000E+01   1.4390E+00
   6.4000E+01   1.4123E+00
   6.5000E+01   1.3841E+00
   6.6000E+01   1.3547E+00
   6.7000E+01   1.3229E+00
   6.8000E+01   1.2888E+00
   6.9000E+01   1.2563E+00
   7.0000E+01   1.2244E+00
   7.1000E+01   1.2125E+00
   7.2000E+01   1.2183E+00
   7.3000E+01   1.2432E+00
   7.4000E+01   1.2789E+00
   7.5000E+01   1.3154E+00
   7.6000E+01   1.3479E+00
   7.7000E+01   1.3800E+00
   7.8000E+01   1.4013E+00
   7.9000E+01   1.4029E+00
   8.0000E+01   1.3836E+00
   8.1000E+01   1.3456E+00
   8.2000E+01   1.2898E+00
   8.3000E+01   1.2365E+00
   8.4000E+01   1.1747E+00
   8.5000E+01   1.1127E+00
   8.6000E+01   1.0866E+00
   8.7000E+01   1.1238E+00
   8.8000E+01   1.2270E+00
   8.9000E+01   1.3911E+00
   9.0000E+01   1.5260E+00
   9.1000E+01   1.5779E+00
   9.2000E+01   1.5535E+00
   9.3000E+01   1.4556E+00
   9.4000E+01   1.3524E+00
   9.5000E+01   1.2722E+00
   9.6000E+01   1.2120E+00
   9.7000E+01   1.1771E+00
   9.8000E+01   1.1765E+00
   9.9000E+01   1.2139E+00
   1.0000E+02   1.2899E+00
   1.0100E+02   1.3889E+00
   1.0200E+02   1.4469E+00
   1.0300E+02   1.4461E+00
   1.0400E+02   1.3872E+00
   1.0500E+02   1.2938E+00
   1.0600E+02   1.2583E+00
   1.0700E+02   1.2959E+00
   1.0800E+02   1.4009E+00
   1.0900E+02   1.5473E+00
   1.1000E+02   1.6394E+00
   1.1100E+02   1.6622E+00
   1.1200E+02   1.6214E+00
   1.1300E+02   1.5463E+00
   1.1400E+02   1.4997E+00
   1.1500E+02   1.4897E+00
   1.1600E+02   1.5136E+00
   1.1700E+02   1.5612E+00
   1.1800E+02   1.6239E+00
   1.1900E+02   1.6993E+00
   1.2000E+02   1.7835E+00
   1.2100E+02   1.8745E+00
   1.2200E+02   1.9481E+00
   1.2300E+02   2.0149E+00
   1.2400E+02   2.0695E+00
   1.2500E+02   2.0865E+00
   1.2600E+02   2.0435E+00
   1.2700E+02   1.9402E+00
   1.2800E+02   1.7784E+00
   1.2900E+02   1.6397E+00
   1.3000E+02   1.5810E+00
   1.3100E+02   1.6000E+00
   1.3200E+02   1.6906E+00
   1.3300E+02   1.7739E+00
   1.3400E+02   1.8217E+00
   1.3500E+02   1.8315E+00
   1.3600E+02   1.8090E+00
   1.3700E+02   1.7894E+00
   1.3800E+02   1.7864E+00
   1.3900E+02   1.8003E+00
   1.4000E+02   1.8249E+00
   1.4100E+02   1.8344E+00
   1.4200E+02   1.8217E+00
   1.4300E+02   1.7871E+00
   1.4300E+02   1.4150E+00
   1.4300E+02   1.7876E+00
   1.4400E+02   1.7260E+00
   1.4500E+02   1.6750E+00
   1.4600E+02   1.5969E+00
   1.4700E+02   1.5367E+00
   1.4800E+02   1.4936E+00
   1.4900E+02   1.4691E+00
   1.5000E+02   1.4809E+00
   1.5100E+02   1.5121E+00
   1.5200E+02   1.5577E+00
   1.5300E+02   1.5929E+00
   1.5400E+02   1.5997E+00
   1.5500E+02   1.5882E+00
   1.5600E+02   1.5623E+00
   1.5700E+02   1.4945E+00
   1.5800E+02   1.4480E+00
   1.5900E+02   1.3652E+00
   1.6000E+02   1.2792E+00
   1.6100E+02   1.2248E+00
   1.6200E+02   1.1964E+00
   1.6300E+02   1.2022E+00
   1.6400E+02   1.2442E+00
   1.6500E+02   1.2757E+00
   1.6600E+02   1.3770E+00
   1.6700E+02   1.4512E+00
   1.6800E+02   1.5333E+00
   1.6900E+02   1.5549E+00
   1.7000E+02   1.5300E+00
   1.7100E+02   1.4511E+00
   1.7200E+02   1.3866E+00
   1.7300E+02   1.3372E+00
   1.7400E+02   1.3208E+00
   1.7500E+02   1.3276E+00
   1.7600E+02   1.3389E+00
   1.7700E+02   1.3449E+00
   1.7800E+02   1.3562E+00
   1.7900E+02   1.3555E+00
   1.8000E+02   1.3252E+00
   1.8100E+02   1.2513E+00
   1.8200E+02   1.1568E+00
   1.8300E+02   1.0876E+00
   1.8400E+02   1.0786E+00
   1.8500E+02   1.1807E+00
   1.8600E+02   1.3734E+00
   1.8700E+02   1.6255E+00
   1.8800E+02   1.8058E+00
   1.8900E+02   1.8954E+00
   1.9000E+02   1.8773E+00
   1.9100E+02   1.7937E+00
   1.9200E+02   1.6652E+00
   1.9300E+02   1.5392E+00
   1.9400E+02   1.4165E+00
   1.9500E+02   1.2648E+00
   1.9600E+02   1.1901E+00
   1.9700E+02   1.1761E+00
   1.9800E+02   1.2262E+00
   1.9900E+02   1.2848E+00
   2.0000E+02   1.3157E+00
   2.0100E+02   1.3117E+00
   2.0200E+02   1.2924E+00
   2.0300E+02   1.2730E+00
   2.0400E+02   1.2668E+00
   2.0500E+02   1.2843E+00
   2.0600E+02   1.3342E+00
   2.0700E+02   1.3576E+00
   2.0800E+02   1.3887E+00
   2.0900E+02   1.4015E+00
   2.1000E+02   1.4125E+00
   2.1100E+02   1.4364E+00
   2.1200E+02   1.5088E+00
   2.1300E+02   1.6362E+00
   2.1400E+02   1.7307E+00
   2.1500E+02   1.8414E+00
   2.1600E+02   1.9089E+00
   2.1700E+02   1.9229E+00
   2.1800E+02   1.9041E+00
   2.1900E+02   1.8900E+00
   2.2000E+02   1.9056E+00
   2.2100E+02   1.9300E+00
   2.2200E+02   1.9768E+00
   2.2300E+02   1.9989E+00
   2.2400E+02   1.9865E+00
   2.2500E+02   1.9405E+00
   2.2600E+02   1.8813E+00
   2.2700E+02   1.8140E+00
   2.2800E+02   1.7448E+00
   2.2900E+02   1.6724E+00
   2.3000E+02   1.6101E+00
   2.3100E+02   1.5645E+00
   2.3200E+02   1.5470E+00
   2.3300E+02   1.5525E+00
   2.3400E+02   1.5669E+00
   2.3500E+02   1.6096E+00
   2.3600E+02   1.6424E+00
   2.3700E+02   1.6812E+00
   2.3800E+02   1.7128E+00
   2.3900E+02   1.7175E+00
   2.4000E+02   1.6745E+00
   2.4100E+02   1.5921E+00
   2.4200E+02   1.5483E+00
   2.4300E+02   1.5128E+00
   2.4400E+02   1.5156E+00
   2.4500E+02   1.5685E+00
   2.4600E+02   1.5977E+00
   2.4700E+02   1.5987E+00
   2.4800E+02   1.5688E+00
   2.4900E+02   1.4983E+00
   2.5000E+02   1.4443E+00
   2.5100E+02   1.3860E+00
   2.5200E+02   1.3393E+00
   2.5300E+02   1.3048E+00
   2.5400E+02   1.3139E+00
   2.5500E+02   1.3625E+00
   2.5600E+02   1.4268E+00
   2.5700E+02   1.5665E+00
   2.5800E+02   1.6765E+00
   2.5900E+02   1.7503E+00
   2.6000E+02   1.8007E+00
   2.6100E+02   1.8340E+00
   2.6200E+02   1.8779E+00
   2.6300E+02   1.9393E+00
   2.6400E+02   2.0005E+00
   2.6500E+02   2.0368E+00
   2.6600E+02   2.0244E+00
   2.6700E+02   1.9428E+00
   2.6800E+02   1.7738E+00
   2.6900E+02   1.5346E+00
   2.7000E+02   1.3783E+00
   2.7100E+02   1.2703E+00
   2.7200E+02   1.2346E+00
   2.7300E+02   1.2656E+00
   2.7400E+02   1.3097E+00
   2.7500E+02   1.3787E+00
   2.7600E+02   1.4140E+00
   2.7700E+02   1.4878E+00
   2.7800E+02   1.5073E+00
   2.7900E+02   1.4733E+00
   2.8000E+02   1.4157E+00
   2.8100E+02   1.3219E+00
   2.8200E+02   1.2342E+00
   2.8300E+02   1.1472E+00
   2.8400E+02   1.0764E+00
   2.8500E+02   1.0160E+00
   2.8600E+02   9.8710E-01
   2.8700E+02   9.9499E-01
   2.8700E+02   1.4150E+00
   2.8700E+02   9.9054E-01
   2.8800E+02   1.0282E+00
   2.8900E+02   1.0874E+00
   2.9000E+02   1.1412E+00
   2.9100E+02   1.2231E+00
   2.9200E+02   1.2877E+00
   2.9300E+02   1.3801E+00
   2.9400E+02   1.4274E+00
   2.9500E+02   1.5005E+00
   2.9600E+02   1.5424E+00
   2.9700E+02   1.5513E+00
   2.9800E+02   1.5236E+00
   2.9900E+02   1.4540E+00
   3.0000E+02   1.3497E+00
   3.0100E+02   1.2516E+00
   3.0200E+02   1.1923E+00
   3.0300E+02   1.1483E+00
   3.0400E+02   1.1277E+00
   3.0500E+02   1.1060E+00
   3.0600E+02   1.0491E+00
   3.0600E+02   1.4150E+00
   3.0600E+02   1.0631E+00
   3.0600E+02   1.4150E+00
   3.0600E+02   1.4150E+00
   3.0600E+02   1.4150E+00
   3.0600E+02   1.0631E+00
   3.0600E+02   1.4150E+00
   3.0600E+02   1.0631E+00
   3.0600E+02   1.4150E+00
   3.0600E+02   1.0631E+00
   3.0700E+02   1.0038E+00
   3.0700E+02   1.4150E+00
   3.0700E+02   1.0038E+00
   3.0800E+02   9.3689E-01
   3.0800E+02   1.4150E+00
   3.0800E+02   9.3689E-01
   3.0900E+02   9.2037E-01
   3.1000E+02   9.7579E-01
   3.1000E+02   1.4150E+00
   3.1000E+02   9.5217E-01
   3.1100E+02   1.0451E+00
   3.1200E+02   1.1699E+00
   3.1300E+02   1.2383E+00
   3.1400E+02   1.2220E+00
   3.1500E+02   1.0934E+00
   3.1600E+02   1.0273E+00
   3.1700E+02   9.5107E-01
   3.1800E+02   9.2985E-01
   3.1900E+02   9.6455E-01
   3.2000E+02   1.0139E+00
   3.2100E+02   1.0205E+00
   3.2200E+02   9.7705E-01
   3.2300E+02   8.8376E-01
   3.2400E+02   7.9168E-01
   3.2500E+02   7.7133E-01
   3.2600E+02   8.2424E-01
   3.2700E+02   9.6073E-01
   3.2700E+02   1.4150E+00
   3.2700E+02   9.1582E-01
   3.2800E+02   1.0581E+00
   3.2900E+02   1.1754E+00
   3.3000E+02   1.2565E+00
   3.3100E+02   1.3293E+00
   3.3200E+02   1.3694E+00
   3.3300E+02   1.3998E+00
   3.3400E+02   1.4057E+00
   3.3500E+02   1.4021E+00
   3.3600E+02   1.3868E+00
   3.3700E+02   1.3599E+00
   3.3800E+02   1.3216E+00
   3.3900E+02   1.2819E+00
   3.4000E+02   1.2654E+00
   3.4100E+02   1.2818E+00
   3.4200E+02   1.3485E+00
   3.4300E+02   1.3782E+00
   3.4400E+02   1.4317E+00
   3.4500E+02   1.4681E+00
   3.4600E+02   1.4726E+00
   3.4700E+02   1.4638E+00
   3.4800E+02   1.4804E+00
   3.4900E+02   1.5203E+00
   3.5000E+02   1.5999E+00
   3.5100E+02   1.6577E+00
   3.5200E+02   1.7168E+00
   3.5300E+02   1.7771E+00
   3.5400E+02   1.8131E+00
   3.5500E+02   1.8315E+00
   3.5600E+02   1.7944E+00
   3.5700E+02   1.6940E+00
   3.5800E+02   1.5147E+00
   3.5900E+02   1.3574E+00
   3.6000E+02   1.2162E+00
   3.6100E+02   1.1700E+00
   3.6200E+02   1.1879E+00
   3.6300E+02   1.2361E+00
   3.6400E+02   1.2714E+00
   3.6500E+02   1.3104E+00
   3.6600E+02   1.3515E+00
   3.6700E+02   1.3868E+00
   3.6800E+02   1.4432E+00
   3.6900E+02   1.5253E+00
   3.7000E+02   1.6162E+00
   3.7100E+02   1.6888E+00
   3.7200E+02   1.7560E+00
   3.7300E+02   1.7992E+00
   3.7400E+02   1.8165E+00
   3.7500E+02   1.8158E+00
   3.7600E+02   1.7930E+00
   3.7700E+02   1.7416E+00
   3.7800E+02   1.6778E+00
   3.7900E+02   1.6209E+00
   3.8000E+02   1.5995E+00
   3.8100E+02   1.5988E+00
   3.8200E+02   1.6266E+00
   3.8300E+02   1.6651E+00
   3.8400E+02   1.6804E+00
   3.8500E+02   1.7008E+00
   3.8600E+02   1.7243E+00
   3.8700E+02   1.7635E+00
   3.8800E+02   1.8080E+00
   3.8900E+02   1.8710E+00
   3.9000E+02   1.9444E+00
   3.9100E+02   1.9771E+00
   3.9200E+02   1.9753E+00
   3.9300E+02   1.9267E+00
   3.9400E+02   1.8846E+00
   3.9500E+02   1.8528E+00
   3.9600E+02   1.8622E+00
   3.9700E+02   1.9050E+00
   3.9800E+02   1.9294E+00
   3.9900E+02   1.9316E+00
   4.0000E+02   1.8905E+00
   4.0100E+02   1.8426E+00
   4.0200E+02   1.7569E+00
   4.0300E+02   1.6733E+00
   4.0400E+02   1.5868E+00
   4.0500E+02   1.4973E+00
   4.0600E+02   1.4228E+00
   4.0700E+02   1.3612E+00
   4.0800E+02   1.2935E+00
   4.0900E+02   1.2284E+00
   4.1000E+02   1.2039E+00
   4.1100E+02   1.2175E+00
   4.1200E+02   1.2474E+00
   4.1300E+02   1.3597E+00
   4.1400E+02   1.4166E+00
   4.1500E+02   1.5417E+00
   4.1600E+02   1.6886E+00
   4.1700E+02   1.8636E+00
   4.1800E+02   1.9684E+00
   4.1900E+02   1.9528E+00
   4.2000E+02   1.8196E+00
   4.2100E+02   1.6137E+00
   4.2200E+02   1.4172E+00
   4.2300E+02   1.2567E+00
   4.2400E+02   1.1808E+00
   4.2500E+02   1.1568E+00
   4.2600E+02   1.1862E+00
   4.2700E+02   1.2676E+00
   4.2800E+02   1.4028E+00
   4.2900E+02   1.6029E+00
   4.3000E+02   1.7163E+00
   4.3100E+02   1.7970E+00
   4.3200E+02   1.8050E+00
   4.3300E+02   1.7748E+00
   4.3400E+02   1.7410E+00
   4.3500E+02   1.7258E+00
   4.3600E+02   1.7247E+00
   4.3700E+02   1.7261E+00
   4.3800E+02   1.7147E+00
   4.3900E+02   1.6859E+00
   4.4000E+02   1.6325E+00
   4.4100E+02   1.5925E+00
   4.4200E+02   1.6065E+00
   4.4300E+02   1.6579E+00
   4.4400E+02   1.7630E+00
   4.4500E+02   1.8892E+00
   4.4600E+02   1.9321E+00
   4.4700E+02   1.8993E+00
   4.4800E+02   1.8144E+00
   4.4900E+02   1.6986E+00
   4.5000E+02   1.6642E+00
   4.5100E+02   1.6956E+00
   4.5200E+02   1.8029E+00
   4.5300E+02   1.8827E+00
   4.5400E+02   1.8709E+00
   4.5500E+02   1.7758E+00
   4.5600E+02   1.5712E+00
   4.5700E+02   1.3863E+00
   4.5800E+02   1.2506E+00
   4.5900E+02   1.1818E+00
   4.6000E+02   1.1855E+00
   4.6100E+02   1.1986E+00
   4.6200E+02   1.2061E+00
   4.6300E+02   1.2093E+00
   4.6400E+02   1.2090E+00
   4.6500E+02   1.2221E+00
   4.6600E+02   1.2726E+00
   4.6700E+02   1.3119E+00
   4.6800E+02   1.3678E+00
   4.6900E+02   1.4103E+00
   4.7000E+02   1.4396E+00
   4.7100E+02   1.4461E+00
   4.7200E+02   1.4341E+00
   4.7300E+02   1.4082E+00
   4.7400E+02   1.3647E+00
   4.7500E+02   1.3107E+00
   4.7600E+02   1.2482E+00
   4.7700E+02   1.2344E+00
   4.7800E+02   1.2875E+00
   4.7900E+02   1.3756E+00
   4.8000E+02   1.4589E+00
   4.8100E+02   1.5369E+00
   4.8200E+02   1.5762E+00
   4.8300E+02   1.5762E+00
   4.8400E+02   1.5498E+00
   4.8500E+02   1.4893E+00
   4.8600E+02   1.4350E+00
   4.8700E+02   1.3826E+00
   4.8800E+02   1.3017E+00
   4.8900E+02   1.2056E+00
   4.9000E+02   1.0828E+00
   4.9100E+02   1.0153E+00
   4.9100E+02   1.4150E+00
   4.9100E+02   1.0269E+00
   4.9200E+02   9.6229E-01
   4.9300E+02   9.8755E-01
   4.9300E+02   1.4150E+00
   4.9300E+02   9.7656E-01
   4.9400E+02   1.0791E+00
   4.9500E+02   1.2518E+00
   4.9600E+02   1.4484E+00
   4.9700E+02   1.6420E+00
   4.9800E+02   1.8190E+00
   4.9900E+02   2.0018E+00
   5.0000E+02   2.1114E+00
   5.0100E+02   2.1244E+00
   5.0200E+02   2.0490E+00
   5.0300E+02   1.9343E+00
   5.0400E+02   1.8046E+00
   5.0500E+02   1.7143E+00
   5.0600E+02   1.6751E+00
   5.0700E+02   1.6778E+00
   5.0800E+02   1.6551E+00
   5.0900E+02   1.5917E+00
   5.1000E+02   1.4907E+00
   5.1100E+02   1.3881E+00
   5.1200E+02   1.2926E+00
   5.1300E+02   1.2514E+00
   5.1400E+02   1.2608E+00
   5.1500E+02   1.2900E+00
   5.1600E+02   1.3105E+00
   5.1700E+02   1.3001E+00
   5.1800E+02   1.2573E+00
   5.1900E+02   1.2164E+00
   5.2000E+02   1.1755E+00
   5.2100E+02   1.1318E+00
   5.2200E+02   1.0992E+00
   5.2300E+02   1.0856E+00
   5.2400E+02   1.0607E+00
   5.2500E+02   1.0524E+00
   5.2600E+02   1.0482E+00
   5.2700E+02   1.0469E+00
   5.2800E+02   1.0351E+00
   5.2800E+02   1.4150E+00
   5.2800E+02   1.0355E+00
   5.2800E+02   1.4150E+00
   5.2800E+02   1.0355E+00
   5.2800E+02   1.4150E+00
   5.2800E+02   1.0355E+00
   5.2800E+02   1.4150E+00
   5.2800E+02   1.0355E+00
   5.2800E+02   1.4150E+00
   5.2800E+02   1.0355E+00
   5.2800E+02   1.4150E+00
   5.2800E+02   1.0355E+00
   5.2800E+02   1.4150E+00
   5.2800E+02   1.0355E+00
   5.2800E+02   1.4150E+00
   5.2800E+02   1.0355E+00
   5.2900E+02   1.0150E+00
