   3.9400E+02   8.1065E-18   5.5791E-02   9.2646E-05
   3.9400E+02   8.1065E-18   3.7319E-02   9.2646E-05
   3.9500E+02   8.1065E-18   4.0799E-02   1.1028E-04
   3.9600E+02   8.1065E-18   4.3204E-02   1.6467E-04
   3.9700E+02   8.1065E-18   4.4510E-02   2.4274E-04
   3.9800E+02   8.1065E-18   4.5054E-02   3.2505E-04
   3.9900E+02   8.1065E-18   4.4762E-02   3.8481E-04
   4.0000E+02   8.1065E-18   4.4618E-02   4.1710E-04
   4.0100E+02   8.1065E-18   4.4675E-02   4.3639E-04
   4.0200E+02   8.1065E-18   4.4631E-02   4.5143E-04
   4.0300E+02   8.1065E-18   4.4663E-02   4.6069E-04
   4.0400E+02   8.1065E-18   4.4921E-02   4.7469E-04
   4.0500E+02   8.1065E-18   4.5401E-02   5.0200E-04
   4.0600E+02   8.1065E-18   4.6801E-02   5.4592E-04
   4.0700E+02   8.1065E-18   4.6931E-02   6.1070E-04
   4.0800E+02   8.1065E-18   4.6760E-02   6.5928E-04
   4.0900E+02   8.1065E-18   4.5357E-02   6.5924E-04
   4.1000E+02   8.1065E-18   4.4274E-02   6.0092E-04
   4.1100E+02   8.1065E-18   4.3142E-02   5.0677E-04
   4.1200E+02   8.1065E-18   4.2891E-02   4.3076E-04
   4.1300E+02   8.1065E-18   4.3475E-02   3.9314E-04
   4.1400E+02   8.1065E-18   4.4987E-02   3.9954E-04
   4.1500E+02   8.1065E-18   4.5376E-02   4.4689E-04
   4.1600E+02   8.1065E-18   4.5354E-02   4.9049E-04
   4.1700E+02   8.1065E-18   4.4450E-02   4.9594E-04
   4.1800E+02   8.1065E-18   4.3387E-02   4.5796E-04
   4.1900E+02   8.1065E-18   4.2122E-02   3.9200E-04
   4.2000E+02   8.1065E-18   4.1215E-02   3.3258E-04
   4.2100E+02   8.1065E-18   4.1039E-02   2.8951E-04
   4.2200E+02   8.1065E-18   4.1065E-02   2.6239E-04
   4.2300E+02   8.1065E-18   4.1273E-02   2.4936E-04
