   3.9400E+02  -1.2534E+00
   3.9400E+02  -1.4281E+00
   3.9500E+02  -1.3893E+00
   3.9600E+02  -1.3645E+00
   3.9700E+02  -1.3515E+00
   3.9800E+02  -1.3463E+00
   3.9900E+02  -1.3491E+00
   4.0000E+02  -1.3505E+00
   4.0100E+02  -1.3499E+00
   4.0200E+02  -1.3504E+00
   4.0300E+02  -1.3501E+00
   4.0400E+02  -1.3476E+00
   4.0500E+02  -1.3429E+00
   4.0600E+02  -1.3297E+00
   4.0700E+02  -1.3285E+00
   4.0800E+02  -1.3301E+00
   4.0900E+02  -1.3434E+00
   4.1000E+02  -1.3539E+00
   4.1100E+02  -1.3651E+00
   4.1200E+02  -1.3676E+00
   4.1300E+02  -1.3618E+00
   4.1400E+02  -1.3469E+00
   4.1500E+02  -1.3432E+00
   4.1600E+02  -1.3434E+00
   4.1700E+02  -1.3521E+00
   4.1800E+02  -1.3626E+00
   4.1900E+02  -1.3755E+00
   4.2000E+02  -1.3849E+00
   4.2100E+02  -1.3868E+00
   4.2200E+02  -1.3865E+00
   4.2300E+02  -1.3843E+00
