   0.0000E+00   1.4150E+00
   0.0000E+00   1.0022E+00
   1.0000E+00   1.0007E+00
   2.0000E+00   9.5589E-01
   3.0000E+00   9.4502E-01
   4.0000E+00   9.6347E-01
   5.0000E+00   1.0145E+00
   6.0000E+00   1.0970E+00
   7.0000E+00   1.2102E+00
   8.0000E+00   1.3558E+00
   9.0000E+00   1.5307E+00
   1.0000E+01   1.6499E+00
   1.1000E+01   1.6654E+00
   1.2000E+01   1.5783E+00
   1.3000E+01   1.3924E+00
   1.4000E+01   1.2110E+00
   1.5000E+01   1.0775E+00
   1.6000E+01   9.9514E-01
   1.7000E+01   9.6085E-01
   1.8000E+01   9.9622E-01
   1.9000E+01   1.1010E+00
   2.0000E+01   1.2810E+00
   2.1000E+01   1.5137E+00
   2.2000E+01   1.6486E+00
   2.3000E+01   1.6497E+00
   2.4000E+01   1.5159E+00
   2.5000E+01   1.2888E+00
   2.6000E+01   1.1206E+00
   2.7000E+01   1.0473E+00
   2.8000E+01   1.0678E+00
   2.9000E+01   1.1607E+00
   3.0000E+01   1.2708E+00
   3.1000E+01   1.3794E+00
   3.2000E+01   1.5050E+00
   3.3000E+01   1.6201E+00
   3.4000E+01   1.7067E+00
   3.5000E+01   1.7592E+00
   3.6000E+01   1.7755E+00
   3.7000E+01   1.7504E+00
   3.8000E+01   1.6701E+00
   3.9000E+01   1.5356E+00
   4.0000E+01   1.3495E+00
   4.1000E+01   1.1666E+00
   4.2000E+01   1.0832E+00
   4.3000E+01   1.0972E+00
   4.4000E+01   1.2120E+00
   4.5000E+01   1.3480E+00
   4.6000E+01   1.4533E+00
   4.7000E+01   1.5237E+00
   4.8000E+01   1.5575E+00
   4.9000E+01   1.5715E+00
   5.0000E+01   1.5744E+00
   5.1000E+01   1.5673E+00
   5.2000E+01   1.5465E+00
   5.3000E+01   1.5200E+00
   5.4000E+01   1.4676E+00
   5.5000E+01   1.4024E+00
   5.6000E+01   1.3167E+00
   5.7000E+01   1.2310E+00
   5.8000E+01   1.1627E+00
   5.9000E+01   1.1070E+00
   6.0000E+01   1.0607E+00
   6.1000E+01   1.0415E+00
   6.2000E+01   1.0521E+00
   6.3000E+01   1.0916E+00
   6.4000E+01   1.1591E+00
   6.5000E+01   1.2257E+00
   6.6000E+01   1.3002E+00
   6.7000E+01   1.3701E+00
   6.8000E+01   1.4397E+00
   6.9000E+01   1.4935E+00
   7.0000E+01   1.5250E+00
   7.1000E+01   1.5361E+00
   7.2000E+01   1.5280E+00
   7.3000E+01   1.5054E+00
   7.4000E+01   1.4631E+00
   7.5000E+01   1.4119E+00
   7.6000E+01   1.3652E+00
   7.7000E+01   1.3846E+00
   7.8000E+01   1.4719E+00
   7.9000E+01   1.6270E+00
   8.0000E+01   1.7907E+00
   8.1000E+01   1.8826E+00
   8.2000E+01   1.8963E+00
   8.3000E+01   1.8329E+00
   8.4000E+01   1.7489E+00
   8.5000E+01   1.7190E+00
   8.6000E+01   1.7414E+00
   8.7000E+01   1.8139E+00
   8.8000E+01   1.8802E+00
   8.9000E+01   1.8855E+00
   9.0000E+01   1.8338E+00
   9.1000E+01   1.7219E+00
   9.2000E+01   1.5983E+00
   9.3000E+01   1.4905E+00
   9.4000E+01   1.3983E+00
   9.5000E+01   1.3205E+00
   9.6000E+01   1.2690E+00
   9.7000E+01   1.2509E+00
   9.8000E+01   1.2678E+00
   9.9000E+01   1.3128E+00
   1.0000E+02   1.3531E+00
   1.0100E+02   1.3785E+00
   1.0200E+02   1.3883E+00
   1.0300E+02   1.3889E+00
   1.0400E+02   1.4278E+00
   1.0500E+02   1.5163E+00
   1.0600E+02   1.6545E+00
   1.0700E+02   1.8160E+00
   1.0800E+02   1.9222E+00
   1.0900E+02   1.9440E+00
   1.1000E+02   1.8857E+00
   1.1100E+02   1.7804E+00
   1.1200E+02   1.7114E+00
   1.1300E+02   1.6961E+00
   1.1400E+02   1.7316E+00
   1.1500E+02   1.7987E+00
   1.1600E+02   1.8357E+00
   1.1700E+02   1.8421E+00
   1.1800E+02   1.8158E+00
   1.1900E+02   1.7738E+00
   1.2000E+02   1.7383E+00
   1.2100E+02   1.7120E+00
   1.2200E+02   1.6952E+00
   1.2300E+02   1.6864E+00
   1.2400E+02   1.6884E+00
   1.2500E+02   1.6964E+00
   1.2600E+02   1.7150E+00
   1.2700E+02   1.7365E+00
   1.2800E+02   1.7543E+00
   1.2900E+02   1.7725E+00
   1.3000E+02   1.7909E+00
   1.3100E+02   1.8114E+00
   1.3200E+02   1.8422E+00
   1.3300E+02   1.8867E+00
   1.3400E+02   1.9318E+00
   1.3500E+02   1.9742E+00
   1.3600E+02   1.9952E+00
   1.3700E+02   1.9983E+00
   1.3800E+02   1.9837E+00
   1.3900E+02   1.9534E+00
   1.4000E+02   1.9073E+00
   1.4100E+02   1.8441E+00
   1.4200E+02   1.7719E+00
   1.4200E+02   1.4150E+00
   1.4200E+02   1.7723E+00
   1.4300E+02   1.7233E+00
   1.4400E+02   1.7160E+00
   1.4500E+02   1.7440E+00
   1.4600E+02   1.8094E+00
   1.4700E+02   1.8434E+00
   1.4800E+02   1.8564E+00
   1.4900E+02   1.8460E+00
   1.5000E+02   1.8187E+00
   1.5100E+02   1.8084E+00
   1.5200E+02   1.8176E+00
   1.5300E+02   1.8495E+00
   1.5400E+02   1.8873E+00
   1.5500E+02   1.8925E+00
   1.5600E+02   1.8611E+00
   1.5700E+02   1.8037E+00
   1.5800E+02   1.7288E+00
   1.5900E+02   1.6952E+00
   1.6000E+02   1.7139E+00
   1.6100E+02   1.7576E+00
   1.6200E+02   1.8274E+00
   1.6300E+02   1.9020E+00
   1.6400E+02   1.9493E+00
   1.6500E+02   1.9981E+00
   1.6600E+02   2.0072E+00
   1.6700E+02   1.9894E+00
   1.6800E+02   1.9264E+00
   1.6900E+02   1.8464E+00
   1.7000E+02   1.7963E+00
   1.7100E+02   1.7526E+00
   1.7200E+02   1.7545E+00
   1.7300E+02   1.7721E+00
   1.7400E+02   1.8149E+00
   1.7500E+02   1.8655E+00
   1.7600E+02   1.9339E+00
   1.7700E+02   1.9804E+00
   1.7800E+02   2.0381E+00
   1.7900E+02   2.0660E+00
   1.8000E+02   2.0828E+00
   1.8100E+02   2.0821E+00
   1.8200E+02   2.0690E+00
   1.8300E+02   2.0306E+00
   1.8400E+02   1.9933E+00
   1.8500E+02   1.9457E+00
   1.8600E+02   1.8485E+00
   1.8700E+02   1.7770E+00
   1.8800E+02   1.6608E+00
   1.8900E+02   1.5362E+00
   1.9000E+02   1.4780E+00
   1.9100E+02   1.4938E+00
   1.9200E+02   1.6056E+00
   1.9300E+02   1.6985E+00
   1.9400E+02   1.7646E+00
   1.9500E+02   1.7552E+00
   1.9600E+02   1.6577E+00
   1.9700E+02   1.5719E+00
   1.9800E+02   1.5481E+00
   1.9900E+02   1.6208E+00
   2.0000E+02   1.7967E+00
   2.0100E+02   1.9260E+00
   2.0200E+02   2.0000E+00
   2.0300E+02   1.9433E+00
   2.0400E+02   1.8317E+00
   2.0500E+02   1.6607E+00
   2.0600E+02   1.5633E+00
   2.0700E+02   1.5438E+00
   2.0800E+02   1.5916E+00
   2.0900E+02   1.6561E+00
   2.1000E+02   1.7106E+00
   2.1100E+02   1.7594E+00
   2.1200E+02   1.7820E+00
   2.1300E+02   1.7761E+00
   2.1400E+02   1.7160E+00
   2.1500E+02   1.6165E+00
   2.1600E+02   1.4518E+00
   2.1700E+02   1.3266E+00
   2.1800E+02   1.2723E+00
   2.1900E+02   1.3016E+00
   2.2000E+02   1.3735E+00
   2.2100E+02   1.4696E+00
   2.2200E+02   1.5508E+00
   2.2300E+02   1.6331E+00
   2.2400E+02   1.6946E+00
   2.2500E+02   1.7301E+00
   2.2600E+02   1.7349E+00
   2.2700E+02   1.7082E+00
   2.2800E+02   1.6667E+00
   2.2900E+02   1.6243E+00
   2.3000E+02   1.6062E+00
   2.3100E+02   1.6081E+00
   2.3200E+02   1.6399E+00
   2.3300E+02   1.6769E+00
   2.3400E+02   1.7275E+00
   2.3500E+02   1.7782E+00
   2.3600E+02   1.8409E+00
   2.3700E+02   1.9094E+00
   2.3800E+02   1.9602E+00
   2.3900E+02   1.9904E+00
   2.4000E+02   1.9859E+00
   2.4100E+02   1.8990E+00
   2.4200E+02   1.7817E+00
   2.4300E+02   1.5595E+00
   2.4400E+02   1.3540E+00
   2.4500E+02   1.2385E+00
   2.4600E+02   1.2472E+00
   2.4700E+02   1.3677E+00
   2.4800E+02   1.4749E+00
   2.4900E+02   1.5739E+00
   2.5000E+02   1.6116E+00
   2.5100E+02   1.5951E+00
   2.5200E+02   1.5755E+00
   2.5300E+02   1.5701E+00
   2.5400E+02   1.5790E+00
   2.5500E+02   1.6009E+00
   2.5600E+02   1.6348E+00
   2.5700E+02   1.6805E+00
   2.5800E+02   1.7379E+00
   2.5900E+02   1.7810E+00
   2.6000E+02   1.8289E+00
   2.6100E+02   1.8486E+00
   2.6200E+02   1.8402E+00
   2.6300E+02   1.8099E+00
   2.6400E+02   1.8024E+00
   2.6500E+02   1.8415E+00
   2.6600E+02   1.9108E+00
   2.6700E+02   2.0101E+00
   2.6800E+02   2.0624E+00
   2.6900E+02   2.0383E+00
   2.7000E+02   1.9505E+00
   2.7100E+02   1.7977E+00
   2.7200E+02   1.6204E+00
   2.7300E+02   1.4892E+00
   2.7400E+02   1.3670E+00
   2.7500E+02   1.2530E+00
   2.7600E+02   1.1948E+00
   2.7700E+02   1.1922E+00
   2.7800E+02   1.2646E+00
   2.7900E+02   1.3455E+00
   2.8000E+02   1.4114E+00
   2.8100E+02   1.4879E+00
   2.8200E+02   1.5421E+00
   2.8300E+02   1.5830E+00
   2.8400E+02   1.6274E+00
   2.8500E+02   1.6975E+00
   2.8600E+02   1.7653E+00
   2.8700E+02   1.8145E+00
   2.8800E+02   1.8157E+00
   2.8900E+02   1.7625E+00
   2.9000E+02   1.6411E+00
   2.9100E+02   1.5502E+00
   2.9200E+02   1.5280E+00
   2.9300E+02   1.5839E+00
   2.9400E+02   1.6840E+00
   2.9500E+02   1.7837E+00
   2.9600E+02   1.8201E+00
   2.9700E+02   1.7881E+00
   2.9800E+02   1.6950E+00
   2.9900E+02   1.6058E+00
   3.0000E+02   1.5811E+00
   3.0100E+02   1.6293E+00
   3.0200E+02   1.6866E+00
   3.0300E+02   1.7650E+00
   3.0400E+02   1.8065E+00
   3.0500E+02   1.8253E+00
   3.0600E+02   1.8199E+00
   3.0700E+02   1.8158E+00
   3.0800E+02   1.8128E+00
   3.0900E+02   1.8133E+00
   3.1000E+02   1.8130E+00
   3.1100E+02   1.7904E+00
   3.1200E+02   1.7186E+00
   3.1300E+02   1.6678E+00
   3.1400E+02   1.5677E+00
   3.1500E+02   1.5002E+00
   3.1600E+02   1.4559E+00
   3.1700E+02   1.4421E+00
   3.1800E+02   1.4486E+00
   3.1900E+02   1.4684E+00
   3.2000E+02   1.4976E+00
   3.2100E+02   1.5199E+00
   3.2200E+02   1.5471E+00
   3.2300E+02   1.6373E+00
   3.2400E+02   1.6847E+00
   3.2500E+02   1.7377E+00
   3.2600E+02   1.7976E+00
   3.2700E+02   1.8318E+00
   3.2800E+02   1.8392E+00
   3.2900E+02   1.8150E+00
   3.2900E+02   1.4150E+00
   3.2900E+02   1.8236E+00
   3.3000E+02   1.7922E+00
   3.3100E+02   1.7708E+00
   3.3200E+02   1.7536E+00
   3.3300E+02   1.7443E+00
   3.3400E+02   1.7305E+00
   3.3500E+02   1.6916E+00
   3.3600E+02   1.6308E+00
   3.3700E+02   1.5621E+00
   3.3800E+02   1.4942E+00
   3.3900E+02   1.4406E+00
   3.4000E+02   1.4150E+00
   3.4000E+02   1.4150E+00
   3.4000E+02   1.4171E+00
   3.4100E+02   1.4071E+00
   3.4200E+02   1.4210E+00
   3.4300E+02   1.4700E+00
   3.4400E+02   1.5562E+00
   3.4500E+02   1.6183E+00
   3.4600E+02   1.6834E+00
   3.4700E+02   1.6997E+00
   3.4800E+02   1.6770E+00
   3.4900E+02   1.6071E+00
   3.5000E+02   1.5507E+00
   3.5100E+02   1.5002E+00
   3.5200E+02   1.4685E+00
   3.5300E+02   1.4396E+00
   3.5400E+02   1.4298E+00
   3.5500E+02   1.4379E+00
   3.5600E+02   1.4524E+00
   3.5700E+02   1.4924E+00
   3.5800E+02   1.5467E+00
   3.5900E+02   1.5884E+00
   3.6000E+02   1.6892E+00
   3.6100E+02   1.7318E+00
   3.6200E+02   1.7869E+00
   3.6300E+02   1.8335E+00
   3.6400E+02   1.8659E+00
   3.6500E+02   1.8639E+00
   3.6600E+02   1.8250E+00
   3.6700E+02   1.7461E+00
   3.6800E+02   1.6084E+00
   3.6900E+02   1.4820E+00
   3.7000E+02   1.4293E+00
   3.7100E+02   1.4334E+00
   3.7200E+02   1.5316E+00
   3.7300E+02   1.6187E+00
   3.7400E+02   1.6982E+00
   3.7500E+02   1.7668E+00
   3.7600E+02   1.8247E+00
   3.7700E+02   1.8852E+00
   3.7800E+02   1.9281E+00
   3.7900E+02   1.9580E+00
   3.8000E+02   1.9851E+00
   3.8100E+02   1.9923E+00
   3.8200E+02   1.9645E+00
   3.8300E+02   1.9367E+00
   3.8400E+02   1.8708E+00
   3.8500E+02   1.8187E+00
   3.8600E+02   1.7656E+00
   3.8700E+02   1.7097E+00
   3.8800E+02   1.6657E+00
   3.8900E+02   1.6448E+00
   3.9000E+02   1.6346E+00
   3.9100E+02   1.6456E+00
   3.9200E+02   1.6578E+00
   3.9300E+02   1.6615E+00
   3.9400E+02   1.6436E+00
   3.9500E+02   1.5998E+00
   3.9600E+02   1.5611E+00
   3.9700E+02   1.5525E+00
   3.9800E+02   1.5797E+00
   3.9900E+02   1.6592E+00
   4.0000E+02   1.7338E+00
   4.0100E+02   1.7993E+00
   4.0200E+02   1.8337E+00
   4.0300E+02   1.8296E+00
   4.0400E+02   1.8159E+00
   4.0500E+02   1.8242E+00
   4.0600E+02   1.8475E+00
   4.0700E+02   1.9016E+00
   4.0800E+02   1.9458E+00
   4.0900E+02   1.9535E+00
   4.1000E+02   1.9193E+00
   4.1100E+02   1.8629E+00
   4.1200E+02   1.7982E+00
   4.1300E+02   1.7865E+00
   4.1400E+02   1.8199E+00
   4.1500E+02   1.9237E+00
   4.1600E+02   2.0231E+00
   4.1700E+02   2.1015E+00
   4.1800E+02   2.1489E+00
   4.1900E+02   2.1817E+00
   4.2000E+02   2.1527E+00
   4.2100E+02   1.9999E+00
   4.2200E+02   1.8378E+00
   4.2300E+02   1.5509E+00
   4.2400E+02   1.3575E+00
   4.2500E+02   1.2552E+00
   4.2600E+02   1.2867E+00
   4.2700E+02   1.4118E+00
   4.2800E+02   1.5435E+00
   4.2900E+02   1.6458E+00
   4.3000E+02   1.6939E+00
   4.3100E+02   1.7153E+00
   4.3200E+02   1.7098E+00
   4.3300E+02   1.6665E+00
   4.3400E+02   1.6333E+00
   4.3500E+02   1.5897E+00
   4.3600E+02   1.5545E+00
   4.3700E+02   1.5494E+00
   4.3800E+02   1.5938E+00
   4.3900E+02   1.6020E+00
   4.4000E+02   1.6263E+00
   4.4100E+02   1.6376E+00
   4.4200E+02   1.6286E+00
   4.4300E+02   1.6240E+00
   4.4400E+02   1.6365E+00
   4.4500E+02   1.6849E+00
   4.4600E+02   1.7227E+00
   4.4700E+02   1.7580E+00
   4.4800E+02   1.7611E+00
   4.4900E+02   1.7167E+00
   4.5000E+02   1.6297E+00
   4.5100E+02   1.5303E+00
   4.5200E+02   1.4690E+00
   4.5300E+02   1.4331E+00
   4.5400E+02   1.4245E+00
   4.5500E+02   1.4656E+00
   4.5600E+02   1.5078E+00
   4.5700E+02   1.6220E+00
   4.5800E+02   1.7428E+00
   4.5900E+02   1.8335E+00
   4.6000E+02   1.8847E+00
   4.6100E+02   1.8572E+00
   4.6200E+02   1.7904E+00
   4.6300E+02   1.7054E+00
   4.6400E+02   1.6564E+00
   4.6500E+02   1.6384E+00
   4.6600E+02   1.6547E+00
   4.6700E+02   1.6637E+00
   4.6800E+02   1.6585E+00
   4.6900E+02   1.6495E+00
   4.7000E+02   1.6110E+00
   4.7100E+02   1.5798E+00
   4.7200E+02   1.5422E+00
   4.7300E+02   1.4858E+00
   4.7400E+02   1.4321E+00
   4.7500E+02   1.4394E+00
   4.7600E+02   1.5453E+00
   4.7700E+02   1.6671E+00
   4.7800E+02   1.8787E+00
   4.7900E+02   1.9893E+00
   4.8000E+02   1.9884E+00
   4.8100E+02   1.8867E+00
   4.8200E+02   1.6993E+00
   4.8300E+02   1.5828E+00
   4.8400E+02   1.5292E+00
   4.8500E+02   1.5700E+00
   4.8600E+02   1.6101E+00
   4.8700E+02   1.6032E+00
   4.8800E+02   1.5073E+00
   4.8900E+02   1.3995E+00
   4.9000E+02   1.2399E+00
   4.9100E+02   1.1961E+00
   4.9200E+02   1.2476E+00
   4.9300E+02   1.3925E+00
   4.9400E+02   1.5791E+00
   4.9500E+02   1.6959E+00
   4.9600E+02   1.7373E+00
   4.9700E+02   1.7106E+00
   4.9800E+02   1.6359E+00
   4.9900E+02   1.5696E+00
   5.0000E+02   1.4379E+00
   5.0100E+02   1.3458E+00
   5.0200E+02   1.2285E+00
   5.0300E+02   1.1823E+00
   5.0400E+02   1.2015E+00
   5.0500E+02   1.2691E+00
   5.0600E+02   1.3699E+00
   5.0700E+02   1.4448E+00
   5.0800E+02   1.5544E+00
   5.0900E+02   1.6629E+00
   5.1000E+02   1.7438E+00
   5.1100E+02   1.7552E+00
   5.1200E+02   1.7251E+00
   5.1300E+02   1.6503E+00
   5.1400E+02   1.5591E+00
   5.1500E+02   1.5087E+00
   5.1600E+02   1.4502E+00
   5.1700E+02   1.4092E+00
   5.1800E+02   1.3683E+00
   5.1900E+02   1.3284E+00
   5.2000E+02   1.2838E+00
   5.2100E+02   1.2521E+00
   5.2200E+02   1.1880E+00
   5.2300E+02   1.1513E+00
   5.2400E+02   1.0666E+00
   5.2500E+02   1.0241E+00
   5.2600E+02   9.8135E-01
   5.2700E+02   9.6223E-01
   5.2800E+02   9.6531E-01
   5.2900E+02   9.8367E-01
   5.3000E+02   1.0124E+00
   5.3000E+02   1.4150E+00
   5.3000E+02   1.0025E+00
   5.3000E+02   1.4150E+00
   5.3000E+02   1.4150E+00
   5.3000E+02   1.4150E+00
   5.3000E+02   1.0025E+00
   5.3000E+02   1.4150E+00
   5.3000E+02   1.0025E+00
   5.3000E+02   1.4150E+00
   5.3000E+02   1.0025E+00
   5.3000E+02   1.4150E+00
   5.3000E+02   1.0025E+00
   5.3000E+02   1.4150E+00
   5.3000E+02   1.0025E+00
