   0.0000E+00   1.4150E+00
   0.0000E+00   1.3742E+00
   1.0000E+00   1.3725E+00
   2.0000E+00   1.3167E+00
   3.0000E+00   1.2802E+00
   4.0000E+00   1.2738E+00
   5.0000E+00   1.3007E+00
   6.0000E+00   1.3569E+00
   7.0000E+00   1.4160E+00
   8.0000E+00   1.4736E+00
   9.0000E+00   1.5144E+00
   1.0000E+01   1.5463E+00
   1.1000E+01   1.5478E+00
   1.2000E+01   1.5082E+00
   1.3000E+01   1.4254E+00
   1.4000E+01   1.3153E+00
   1.5000E+01   1.2424E+00
   1.6000E+01   1.2273E+00
   1.7000E+01   1.2725E+00
   1.8000E+01   1.3671E+00
   1.9000E+01   1.4746E+00
   2.0000E+01   1.5850E+00
   2.1000E+01   1.6936E+00
   2.2000E+01   1.8029E+00
   2.3000E+01   1.8753E+00
   2.4000E+01   1.9044E+00
   2.5000E+01   1.8931E+00
   2.6000E+01   1.8414E+00
   2.7000E+01   1.7528E+00
   2.8000E+01   1.6284E+00
   2.9000E+01   1.4589E+00
   3.0000E+01   1.2948E+00
   3.1000E+01   1.2010E+00
   3.2000E+01   1.1826E+00
   3.3000E+01   1.2438E+00
   3.4000E+01   1.3346E+00
   3.5000E+01   1.3996E+00
   3.6000E+01   1.4294E+00
   3.7000E+01   1.4264E+00
   3.8000E+01   1.4376E+00
   3.9000E+01   1.5125E+00
   4.0000E+01   1.6527E+00
   4.1000E+01   1.8530E+00
   4.2000E+01   2.0050E+00
   4.3000E+01   2.0070E+00
   4.4000E+01   1.8587E+00
   4.5000E+01   1.5624E+00
   4.6000E+01   1.3173E+00
   4.7000E+01   1.2392E+00
   4.8000E+01   1.3223E+00
   4.9000E+01   1.5645E+00
   5.0000E+01   1.7758E+00
   5.1000E+01   1.8714E+00
   5.2000E+01   1.8534E+00
   5.3000E+01   1.7341E+00
   5.4000E+01   1.6322E+00
   5.5000E+01   1.5867E+00
   5.6000E+01   1.6004E+00
   5.7000E+01   1.6645E+00
   5.8000E+01   1.7092E+00
   5.9000E+01   1.7241E+00
   6.0000E+01   1.7091E+00
   6.1000E+01   1.6686E+00
   6.2000E+01   1.6423E+00
   6.3000E+01   1.6291E+00
   6.4000E+01   1.6320E+00
   6.5000E+01   1.6376E+00
   6.6000E+01   1.6050E+00
   6.7000E+01   1.5298E+00
   6.8000E+01   1.4139E+00
   6.9000E+01   1.2774E+00
   7.0000E+01   1.2058E+00
   7.1000E+01   1.2015E+00
   7.2000E+01   1.2620E+00
   7.3000E+01   1.3644E+00
   7.4000E+01   1.4477E+00
   7.5000E+01   1.5143E+00
   7.6000E+01   1.5628E+00
   7.7000E+01   1.6072E+00
   7.8000E+01   1.6494E+00
   7.9000E+01   1.7021E+00
   8.0000E+01   1.7595E+00
   8.1000E+01   1.8060E+00
   8.2000E+01   1.8237E+00
   8.2000E+01   1.4150E+00
   8.2000E+01   1.8237E+00
   8.3000E+01   1.8125E+00
   8.4000E+01   1.7701E+00
   8.5000E+01   1.7587E+00
   8.6000E+01   1.8006E+00
   8.7000E+01   1.8928E+00
   8.8000E+01   2.0533E+00
   8.9000E+01   2.1701E+00
   9.0000E+01   2.2150E+00
   9.1000E+01   2.1876E+00
   9.2000E+01   2.0922E+00
   9.3000E+01   2.0071E+00
   9.4000E+01   1.9595E+00
   9.5000E+01   1.9454E+00
   9.6000E+01   1.9582E+00
   9.7000E+01   1.9210E+00
   9.8000E+01   1.8635E+00
   9.9000E+01   1.7418E+00
   1.0000E+02   1.5880E+00
   1.0100E+02   1.4688E+00
   1.0200E+02   1.4298E+00
   1.0300E+02   1.4462E+00
   1.0400E+02   1.5212E+00
   1.0500E+02   1.6263E+00
   1.0600E+02   1.7282E+00
   1.0700E+02   1.8585E+00
   1.0800E+02   2.0001E+00
   1.0900E+02   2.0671E+00
   1.1000E+02   2.0802E+00
   1.1100E+02   2.0360E+00
   1.1200E+02   1.9534E+00
   1.1300E+02   1.9052E+00
   1.1400E+02   1.8845E+00
   1.1500E+02   1.8882E+00
   1.1600E+02   1.9062E+00
   1.1700E+02   1.9135E+00
   1.1800E+02   1.9150E+00
   1.1900E+02   1.9120E+00
   1.2000E+02   1.9059E+00
   1.2100E+02   1.9013E+00
   1.2200E+02   1.8966E+00
   1.2300E+02   1.8943E+00
   1.2400E+02   1.8806E+00
   1.2500E+02   1.8555E+00
   1.2600E+02   1.8178E+00
   1.2700E+02   1.7771E+00
   1.2800E+02   1.7423E+00
   1.2900E+02   1.7399E+00
   1.3000E+02   1.7601E+00
   1.3100E+02   1.8144E+00
   1.3200E+02   1.8609E+00
   1.3300E+02   1.8964E+00
   1.3400E+02   1.9334E+00
   1.3500E+02   1.9534E+00
   1.3600E+02   1.9709E+00
   1.3700E+02   1.9791E+00
   1.3800E+02   1.9840E+00
   1.3900E+02   1.9866E+00
   1.4000E+02   1.9916E+00
   1.4100E+02   2.0010E+00
   1.4200E+02   2.0128E+00
   1.4300E+02   2.0271E+00
   1.4400E+02   2.0387E+00
   1.4500E+02   2.0445E+00
   1.4600E+02   2.0473E+00
   1.4700E+02   2.0419E+00
   1.4800E+02   2.0297E+00
   1.4900E+02   2.0079E+00
   1.5000E+02   1.9593E+00
   1.5100E+02   1.9404E+00
   1.5200E+02   1.9297E+00
   1.5300E+02   1.9438E+00
   1.5400E+02   1.9911E+00
   1.5500E+02   2.0227E+00
   1.5600E+02   2.0150E+00
   1.5700E+02   1.9711E+00
   1.5800E+02   1.8727E+00
   1.5900E+02   1.7941E+00
   1.6000E+02   1.7464E+00
   1.6100E+02   1.7538E+00
   1.6200E+02   1.8079E+00
   1.6300E+02   1.8598E+00
   1.6400E+02   1.8772E+00
   1.6500E+02   1.8441E+00
   1.6600E+02   1.7946E+00
   1.6700E+02   1.7321E+00
   1.6800E+02   1.7014E+00
   1.6900E+02   1.7083E+00
   1.7000E+02   1.7424E+00
   1.7100E+02   1.7678E+00
   1.7200E+02   1.8104E+00
   1.7300E+02   1.8642E+00
   1.7400E+02   1.9158E+00
   1.7500E+02   1.9343E+00
   1.7600E+02   1.9175E+00
   1.7700E+02   1.8657E+00
   1.7800E+02   1.8154E+00
   1.7900E+02   1.7632E+00
   1.8000E+02   1.7427E+00
   1.8100E+02   1.7662E+00
   1.8200E+02   1.8054E+00
   1.8300E+02   1.8338E+00
   1.8400E+02   1.8822E+00
   1.8400E+02   1.4150E+00
   1.8400E+02   1.8728E+00
   1.8500E+02   1.9307E+00
   1.8600E+02   1.9424E+00
   1.8700E+02   1.9421E+00
   1.8800E+02   1.8949E+00
   1.8900E+02   1.8354E+00
   1.9000E+02   1.7655E+00
   1.9100E+02   1.7408E+00
   1.9200E+02   1.7648E+00
   1.9300E+02   1.8487E+00
   1.9400E+02   1.9638E+00
   1.9500E+02   2.0164E+00
   1.9600E+02   2.0164E+00
   1.9700E+02   1.9428E+00
   1.9800E+02   1.8971E+00
   1.9900E+02   1.8702E+00
   2.0000E+02   1.8818E+00
   2.0100E+02   1.9217E+00
   2.0200E+02   1.9521E+00
   2.0300E+02   1.9157E+00
   2.0400E+02   1.8184E+00
   2.0500E+02   1.6421E+00
   2.0600E+02   1.4618E+00
   2.0700E+02   1.3317E+00
   2.0800E+02   1.2169E+00
   2.0900E+02   1.1383E+00
   2.1000E+02   1.1298E+00
   2.1100E+02   1.2407E+00
   2.1200E+02   1.3724E+00
   2.1300E+02   1.5563E+00
   2.1400E+02   1.7512E+00
   2.1500E+02   1.8371E+00
   2.1600E+02   1.8415E+00
   2.1700E+02   1.7776E+00
   2.1800E+02   1.7002E+00
   2.1900E+02   1.6280E+00
   2.2000E+02   1.5833E+00
   2.2100E+02   1.5493E+00
   2.2200E+02   1.5190E+00
   2.2300E+02   1.4882E+00
   2.2400E+02   1.4544E+00
   2.2500E+02   1.4341E+00
   2.2600E+02   1.4279E+00
   2.2700E+02   1.4275E+00
   2.2800E+02   1.4373E+00
   2.2900E+02   1.4572E+00
   2.3000E+02   1.5104E+00
   2.3100E+02   1.6094E+00
   2.3200E+02   1.7253E+00
   2.3300E+02   1.8075E+00
   2.3400E+02   1.8607E+00
   2.3500E+02   1.8247E+00
   2.3600E+02   1.7555E+00
   2.3700E+02   1.6347E+00
   2.3800E+02   1.5725E+00
   2.3900E+02   1.5650E+00
   2.4000E+02   1.6266E+00
   2.4100E+02   1.6648E+00
   2.4200E+02   1.6865E+00
   2.4300E+02   1.6745E+00
   2.4400E+02   1.6385E+00
   2.4500E+02   1.6212E+00
   2.4600E+02   1.6420E+00
   2.4700E+02   1.7103E+00
   2.4800E+02   1.7605E+00
   2.4900E+02   1.8354E+00
   2.5000E+02   1.8686E+00
   2.5100E+02   1.8521E+00
   2.5200E+02   1.8156E+00
   2.5300E+02   1.7866E+00
   2.5400E+02   1.8070E+00
   2.5500E+02   1.8792E+00
   2.5600E+02   1.9935E+00
   2.5700E+02   2.0974E+00
   2.5800E+02   2.1532E+00
   2.5900E+02   2.1671E+00
   2.6000E+02   2.1459E+00
   2.6100E+02   2.1160E+00
   2.6200E+02   2.0881E+00
   2.6300E+02   2.0801E+00
   2.6400E+02   2.0579E+00
   2.6500E+02   1.9981E+00
   2.6600E+02   1.8690E+00
   2.6700E+02   1.7027E+00
   2.6800E+02   1.5049E+00
   2.6900E+02   1.3729E+00
   2.7000E+02   1.3441E+00
   2.7100E+02   1.4040E+00
   2.7200E+02   1.5356E+00
   2.7300E+02   1.5864E+00
   2.7400E+02   1.5485E+00
   2.7500E+02   1.4154E+00
   2.7600E+02   1.3288E+00
   2.7700E+02   1.2532E+00
   2.7800E+02   1.2564E+00
   2.7900E+02   1.3373E+00
   2.8000E+02   1.3836E+00
   2.8100E+02   1.4100E+00
   2.8200E+02   1.3836E+00
   2.8300E+02   1.2899E+00
   2.8400E+02   1.2435E+00
   2.8500E+02   1.2792E+00
   2.8600E+02   1.3987E+00
   2.8700E+02   1.6381E+00
   2.8800E+02   1.8397E+00
   2.8900E+02   1.9516E+00
   2.9000E+02   1.9482E+00
   2.9100E+02   1.8364E+00
   2.9200E+02   1.7112E+00
   2.9300E+02   1.6044E+00
   2.9400E+02   1.5306E+00
   2.9500E+02   1.4822E+00
   2.9600E+02   1.4229E+00
   2.9700E+02   1.3839E+00
   2.9800E+02   1.3219E+00
   2.9900E+02   1.2588E+00
   3.0000E+02   1.2163E+00
   3.0100E+02   1.2027E+00
   3.0200E+02   1.2296E+00
   3.0300E+02   1.2699E+00
   3.0400E+02   1.2974E+00
   3.0500E+02   1.3279E+00
   3.0600E+02   1.3575E+00
   3.0700E+02   1.3746E+00
   3.0800E+02   1.4257E+00
   3.0900E+02   1.5130E+00
   3.1000E+02   1.6324E+00
   3.1100E+02   1.7925E+00
   3.1200E+02   1.8950E+00
   3.1300E+02   1.9499E+00
   3.1400E+02   1.9663E+00
   3.1500E+02   1.9425E+00
   3.1600E+02   1.9182E+00
   3.1700E+02   1.8704E+00
   3.1800E+02   1.8214E+00
   3.1900E+02   1.7796E+00
   3.2000E+02   1.7407E+00
   3.2100E+02   1.7196E+00
   3.2200E+02   1.7134E+00
   3.2300E+02   1.7184E+00
   3.2400E+02   1.7503E+00
   3.2500E+02   1.7773E+00
   3.2600E+02   1.8281E+00
   3.2700E+02   1.8694E+00
   3.2800E+02   1.8611E+00
   3.2900E+02   1.8105E+00
   3.3000E+02   1.7067E+00
   3.3100E+02   1.5908E+00
   3.3200E+02   1.4594E+00
   3.3300E+02   1.3376E+00
   3.3400E+02   1.1995E+00
   3.3500E+02   1.0946E+00
   3.3600E+02   1.0358E+00
   3.3700E+02   1.0086E+00
   3.3700E+02   1.4150E+00
   3.3700E+02   1.0087E+00
   3.3800E+02   1.0200E+00
   3.3900E+02   1.0429E+00
   3.4000E+02   1.0682E+00
   3.4100E+02   1.0839E+00
   3.4200E+02   1.0987E+00
   3.4300E+02   1.1177E+00
   3.4400E+02   1.1546E+00
   3.4500E+02   1.1798E+00
   3.4600E+02   1.1977E+00
   3.4700E+02   1.2761E+00
   3.4800E+02   1.3745E+00
   3.4900E+02   1.4741E+00
   3.5000E+02   1.6232E+00
   3.5100E+02   1.6963E+00
   3.5200E+02   1.6732E+00
   3.5300E+02   1.5975E+00
   3.5400E+02   1.4641E+00
   3.5500E+02   1.4023E+00
   3.5600E+02   1.4142E+00
   3.5700E+02   1.5100E+00
   3.5800E+02   1.6381E+00
   3.5900E+02   1.7433E+00
   3.6000E+02   1.7851E+00
   3.6100E+02   1.7826E+00
   3.6200E+02   1.7664E+00
   3.6300E+02   1.7963E+00
   3.6400E+02   1.8399E+00
   3.6500E+02   1.9391E+00
   3.6600E+02   2.0280E+00
   3.6700E+02   2.0616E+00
   3.6800E+02   2.0458E+00
   3.6900E+02   1.9602E+00
   3.7000E+02   1.8649E+00
   3.7100E+02   1.7820E+00
   3.7200E+02   1.6632E+00
   3.7300E+02   1.5342E+00
   3.7400E+02   1.4229E+00
   3.7500E+02   1.3427E+00
   3.7600E+02   1.2279E+00
   3.7700E+02   1.1480E+00
   3.7800E+02   1.1063E+00
   3.7900E+02   1.1392E+00
   3.8000E+02   1.2726E+00
   3.8100E+02   1.4133E+00
   3.8200E+02   1.5681E+00
   3.8300E+02   1.6775E+00
   3.8400E+02   1.7068E+00
   3.8500E+02   1.6874E+00
   3.8600E+02   1.6397E+00
   3.8700E+02   1.5706E+00
   3.8800E+02   1.4716E+00
   3.8900E+02   1.3622E+00
   3.9000E+02   1.2862E+00
   3.9100E+02   1.2644E+00
   3.9200E+02   1.3251E+00
   3.9300E+02   1.3660E+00
   3.9400E+02   1.4191E+00
   3.9500E+02   1.4636E+00
   3.9600E+02   1.4808E+00
   3.9700E+02   1.4708E+00
   3.9700E+02   1.4150E+00
   3.9700E+02   1.4786E+00
   3.9800E+02   1.4457E+00
   3.9900E+02   1.3981E+00
   4.0000E+02   1.3175E+00
   4.0100E+02   1.2299E+00
   4.0200E+02   1.1954E+00
   4.0300E+02   1.2175E+00
   4.0400E+02   1.3002E+00
   4.0500E+02   1.3677E+00
   4.0600E+02   1.4381E+00
   4.0700E+02   1.5001E+00
   4.0800E+02   1.5282E+00
   4.0900E+02   1.5258E+00
   4.1000E+02   1.4689E+00
   4.1100E+02   1.3685E+00
   4.1200E+02   1.1943E+00
   4.1300E+02   1.0662E+00
   4.1300E+02   1.4150E+00
   4.1300E+02   1.0681E+00
   4.1400E+02   9.8568E-01
   4.1500E+02   9.7678E-01
   4.1600E+02   1.0235E+00
   4.1700E+02   1.0947E+00
   4.1800E+02   1.1271E+00
   4.1900E+02   1.1464E+00
   4.2000E+02   1.1438E+00
   4.2100E+02   1.1459E+00
   4.2200E+02   1.1589E+00
   4.2300E+02   1.1794E+00
   4.2400E+02   1.2312E+00
   4.2500E+02   1.2667E+00
   4.2600E+02   1.2930E+00
   4.2700E+02   1.3179E+00
   4.2800E+02   1.3491E+00
   4.2900E+02   1.4047E+00
   4.3000E+02   1.4690E+00
   4.3100E+02   1.5686E+00
   4.3200E+02   1.6665E+00
   4.3300E+02   1.7436E+00
   4.3400E+02   1.8018E+00
   4.3500E+02   1.8493E+00
   4.3600E+02   1.8750E+00
   4.3700E+02   1.8905E+00
   4.3800E+02   1.9056E+00
   4.3900E+02   1.9103E+00
   4.4000E+02   1.9076E+00
   4.4100E+02   1.8821E+00
   4.4200E+02   1.8441E+00
   4.4300E+02   1.8074E+00
   4.4400E+02   1.7407E+00
   4.4500E+02   1.6782E+00
   4.4600E+02   1.5902E+00
   4.4700E+02   1.5542E+00
   4.4800E+02   1.5196E+00
   4.4900E+02   1.5625E+00
   4.5000E+02   1.6494E+00
   4.5100E+02   1.8049E+00
   4.5200E+02   1.9689E+00
   4.5300E+02   2.0654E+00
   4.5400E+02   2.1003E+00
   4.5500E+02   2.0612E+00
   4.5600E+02   2.0037E+00
   4.5700E+02   1.9114E+00
   4.5800E+02   1.8185E+00
   4.5900E+02   1.6949E+00
   4.6000E+02   1.6157E+00
   4.6100E+02   1.6229E+00
   4.6200E+02   1.7006E+00
   4.6300E+02   1.8176E+00
   4.6400E+02   1.9336E+00
   4.6500E+02   1.9964E+00
   4.6600E+02   1.9894E+00
   4.6700E+02   1.9460E+00
   4.6800E+02   1.9051E+00
   4.6900E+02   1.8964E+00
   4.7000E+02   1.9127E+00
   4.7100E+02   1.9417E+00
   4.7200E+02   1.9635E+00
   4.7300E+02   1.9624E+00
   4.7400E+02   1.9362E+00
   4.7500E+02   1.9142E+00
   4.7600E+02   1.9019E+00
   4.7700E+02   1.9145E+00
   4.7800E+02   1.9521E+00
   4.7900E+02   2.0034E+00
   4.8000E+02   2.0217E+00
   4.8100E+02   2.0250E+00
   4.8200E+02   2.0024E+00
   4.8300E+02   1.9506E+00
   4.8400E+02   1.9035E+00
   4.8500E+02   1.8159E+00
   4.8600E+02   1.7228E+00
   4.8700E+02   1.6278E+00
   4.8800E+02   1.6043E+00
   4.8900E+02   1.6514E+00
   4.9000E+02   1.7835E+00
   4.9100E+02   1.8651E+00
   4.9200E+02   1.9112E+00
   4.9300E+02   1.8653E+00
   4.9400E+02   1.7930E+00
   4.9500E+02   1.7099E+00
   4.9600E+02   1.7229E+00
   4.9700E+02   1.7978E+00
   4.9800E+02   1.9674E+00
   4.9900E+02   2.0786E+00
   5.0000E+02   2.0541E+00
   5.0100E+02   1.9040E+00
   5.0200E+02   1.7127E+00
   5.0300E+02   1.4413E+00
   5.0400E+02   1.2801E+00
   5.0500E+02   1.1389E+00
   5.0600E+02   1.0704E+00
   5.0700E+02   1.0418E+00
   5.0800E+02   1.0555E+00
   5.0900E+02   1.0937E+00
   5.1000E+02   1.1647E+00
   5.1100E+02   1.2243E+00
   5.1200E+02   1.2747E+00
   5.1300E+02   1.2974E+00
   5.1400E+02   1.3132E+00
   5.1500E+02   1.3564E+00
   5.1600E+02   1.4053E+00
   5.1700E+02   1.4462E+00
   5.1800E+02   1.5236E+00
   5.1900E+02   1.5607E+00
   5.2000E+02   1.5688E+00
   5.2100E+02   1.5418E+00
   5.2200E+02   1.5050E+00
   5.2300E+02   1.4825E+00
   5.2400E+02   1.4776E+00
   5.2500E+02   1.4889E+00
   5.2600E+02   1.5366E+00
   5.2700E+02   1.5707E+00
   5.2800E+02   1.6116E+00
   5.2900E+02   1.6918E+00
   5.3000E+02   1.7183E+00
   5.3100E+02   1.7006E+00
   5.3200E+02   1.6510E+00
   5.3300E+02   1.5045E+00
   5.3400E+02   1.4297E+00
   5.3500E+02   1.4125E+00
   5.3600E+02   1.4714E+00
   5.3700E+02   1.6279E+00
   5.3800E+02   1.7421E+00
   5.3900E+02   1.7873E+00
   5.4000E+02   1.7486E+00
   5.4100E+02   1.6200E+00
   5.4200E+02   1.5350E+00
   5.4300E+02   1.5375E+00
   5.4400E+02   1.6165E+00
   5.4500E+02   1.7653E+00
   5.4600E+02   1.8562E+00
   5.4700E+02   1.8246E+00
   5.4800E+02   1.6601E+00
   5.4900E+02   1.4051E+00
   5.5000E+02   1.1708E+00
   5.5100E+02   1.0512E+00
   5.5200E+02   1.0307E+00
   5.5300E+02   1.0906E+00
   5.5400E+02   1.1571E+00
   5.5500E+02   1.2300E+00
   5.5600E+02   1.3186E+00
   5.5700E+02   1.4055E+00
   5.5800E+02   1.4533E+00
   5.5900E+02   1.5085E+00
   5.6000E+02   1.5229E+00
   5.6100E+02   1.5286E+00
   5.6200E+02   1.5383E+00
   5.6300E+02   1.5609E+00
   5.6400E+02   1.5778E+00
   5.6500E+02   1.5856E+00
   5.6600E+02   1.5644E+00
   5.6700E+02   1.5121E+00
   5.6800E+02   1.4610E+00
   5.6900E+02   1.4159E+00
   5.7000E+02   1.4241E+00
   5.7100E+02   1.5070E+00
   5.7200E+02   1.6322E+00
   5.7300E+02   1.7666E+00
   5.7400E+02   1.8017E+00
   5.7500E+02   1.7237E+00
   5.7600E+02   1.5456E+00
   5.7700E+02   1.3936E+00
   5.7800E+02   1.2784E+00
   5.7900E+02   1.2475E+00
   5.8000E+02   1.2914E+00
   5.8100E+02   1.3550E+00
   5.8100E+02   1.4150E+00
   5.8100E+02   1.3416E+00
   5.8200E+02   1.4162E+00
   5.8300E+02   1.5036E+00
   5.8400E+02   1.6075E+00
   5.8500E+02   1.6849E+00
   5.8600E+02   1.7826E+00
   5.8700E+02   1.8238E+00
   5.8800E+02   1.8767E+00
   5.8900E+02   1.8746E+00
   5.9000E+02   1.8239E+00
   5.9100E+02   1.7216E+00
   5.9200E+02   1.5721E+00
   5.9300E+02   1.4377E+00
   5.9400E+02   1.3362E+00
   5.9500E+02   1.2713E+00
   5.9600E+02   1.2487E+00
   5.9700E+02   1.2319E+00
   5.9800E+02   1.2258E+00
   5.9900E+02   1.2325E+00
   6.0000E+02   1.2490E+00
   6.0100E+02   1.2739E+00
   6.0200E+02   1.3074E+00
   6.0300E+02   1.3409E+00
   6.0400E+02   1.3524E+00
   6.0500E+02   1.3724E+00
   6.0600E+02   1.3786E+00
   6.0700E+02   1.3679E+00
   6.0800E+02   1.3511E+00
   6.0900E+02   1.2960E+00
   6.1000E+02   1.2348E+00
   6.1100E+02   1.1127E+00
   6.1200E+02   1.0640E+00
   6.1300E+02   1.0430E+00
   6.1400E+02   1.0833E+00
   6.1500E+02   1.1988E+00
   6.1600E+02   1.2876E+00
   6.1700E+02   1.3260E+00
   6.1800E+02   1.2893E+00
   6.1900E+02   1.2189E+00
   6.2000E+02   1.1338E+00
   6.2100E+02   1.1003E+00
   6.2200E+02   1.1175E+00
   6.2300E+02   1.1873E+00
   6.2400E+02   1.2443E+00
   6.2500E+02   1.2761E+00
   6.2600E+02   1.2803E+00
   6.2700E+02   1.2545E+00
   6.2800E+02   1.2294E+00
   6.2900E+02   1.2016E+00
   6.3000E+02   1.1542E+00
   6.3100E+02   1.1234E+00
   6.3200E+02   1.0939E+00
   6.3300E+02   1.0758E+00
   6.3400E+02   1.0702E+00
   6.3500E+02   1.0642E+00
   6.3600E+02   1.0490E+00
   6.3700E+02   1.0352E+00
   6.3700E+02   1.4150E+00
   6.3700E+02   1.0382E+00
   6.3700E+02   1.4150E+00
   6.3700E+02   1.0382E+00
   6.3700E+02   1.4150E+00
   6.3700E+02   1.0382E+00
   6.3700E+02   1.4150E+00
   6.3700E+02   1.0382E+00
   6.3700E+02   1.4150E+00
   6.3700E+02   1.0382E+00
   6.3700E+02   1.4150E+00
   6.3700E+02   1.0382E+00
   6.3700E+02   1.4150E+00
   6.3700E+02   1.0382E+00
   6.3700E+02   1.4150E+00
   6.3700E+02   1.0382E+00
