   0.0000E+00   1.4150E+00
   0.0000E+00   1.2114E+00
   1.0000E+00   1.2087E+00
   2.0000E+00   1.1369E+00
   3.0000E+00   1.0801E+00
   4.0000E+00   1.0310E+00
   5.0000E+00   9.9546E-01
   6.0000E+00   9.6869E-01
   7.0000E+00   9.5708E-01
   8.0000E+00   9.6776E-01
   9.0000E+00   9.9851E-01
   1.0000E+01   1.0546E+00
   1.1000E+01   1.0996E+00
   1.2000E+01   1.1012E+00
   1.3000E+01   1.0565E+00
   1.4000E+01   9.6570E-01
   1.5000E+01   9.0067E-01
   1.6000E+01   9.3121E-01
   1.7000E+01   1.0546E+00
   1.8000E+01   1.2777E+00
   1.9000E+01   1.4851E+00
   2.0000E+01   1.6196E+00
   2.1000E+01   1.6700E+00
   2.2000E+01   1.6408E+00
   2.3000E+01   1.5904E+00
   2.4000E+01   1.5482E+00
   2.5000E+01   1.5080E+00
   2.6000E+01   1.4733E+00
   2.7000E+01   1.4679E+00
   2.8000E+01   1.4952E+00
   2.9000E+01   1.5608E+00
   3.0000E+01   1.6531E+00
   3.1000E+01   1.7411E+00
   3.2000E+01   1.8190E+00
   3.3000E+01   1.8839E+00
   3.4000E+01   1.9314E+00
   3.5000E+01   1.9319E+00
   3.6000E+01   1.8836E+00
   3.7000E+01   1.7843E+00
   3.8000E+01   1.6515E+00
   3.9000E+01   1.5662E+00
   4.0000E+01   1.5465E+00
   4.1000E+01   1.5847E+00
   4.2000E+01   1.6585E+00
   4.3000E+01   1.6826E+00
   4.4000E+01   1.6486E+00
   4.5000E+01   1.5597E+00
   4.6000E+01   1.4467E+00
   4.7000E+01   1.3872E+00
   4.8000E+01   1.3819E+00
   4.9000E+01   1.4326E+00
   5.0000E+01   1.5007E+00
   5.1000E+01   1.5181E+00
   5.2000E+01   1.4832E+00
   5.3000E+01   1.4004E+00
   5.4000E+01   1.3052E+00
   5.5000E+01   1.2633E+00
   5.6000E+01   1.2673E+00
   5.7000E+01   1.3200E+00
   5.8000E+01   1.3827E+00
   5.9000E+01   1.4230E+00
   6.0000E+01   1.4435E+00
   6.1000E+01   1.4426E+00
   6.2000E+01   1.4421E+00
   6.3000E+01   1.4530E+00
   6.4000E+01   1.4813E+00
   6.5000E+01   1.5113E+00
   6.6000E+01   1.5473E+00
   6.7000E+01   1.5751E+00
   6.8000E+01   1.5980E+00
   6.9000E+01   1.6130E+00
   7.0000E+01   1.6139E+00
   7.1000E+01   1.5983E+00
   7.2000E+01   1.5676E+00
   7.3000E+01   1.5232E+00
   7.4000E+01   1.5071E+00
   7.5000E+01   1.5279E+00
   7.6000E+01   1.5831E+00
   7.7000E+01   1.6673E+00
   7.8000E+01   1.7069E+00
   7.9000E+01   1.6991E+00
   8.0000E+01   1.6384E+00
   8.1000E+01   1.5488E+00
   8.2000E+01   1.4816E+00
   8.3000E+01   1.4435E+00
   8.4000E+01   1.4346E+00
   8.5000E+01   1.4478E+00
   8.6000E+01   1.4624E+00
   8.7000E+01   1.4718E+00
   8.8000E+01   1.4795E+00
   8.9000E+01   1.4903E+00
   9.0000E+01   1.5083E+00
   9.1000E+01   1.5371E+00
   9.2000E+01   1.5756E+00
   9.3000E+01   1.6280E+00
   9.4000E+01   1.6924E+00
   9.5000E+01   1.7776E+00
   9.6000E+01   1.8786E+00
   9.7000E+01   1.9597E+00
   9.8000E+01   1.9899E+00
   9.9000E+01   1.9665E+00
   1.0000E+02   1.8909E+00
   1.0000E+02   1.4150E+00
   1.0000E+02   1.8938E+00
   1.0000E+02   1.4150E+00
   1.0000E+02   1.8938E+00
   1.0000E+02   1.4150E+00
   1.0000E+02   1.8938E+00
   1.0000E+02   1.4150E+00
   1.0000E+02   1.8938E+00
   1.0100E+02   1.7964E+00
   1.0200E+02   1.7019E+00
   1.0300E+02   1.6004E+00
   1.0400E+02   1.4998E+00
   1.0500E+02   1.4481E+00
   1.0600E+02   1.3749E+00
   1.0700E+02   1.3007E+00
   1.0800E+02   1.2564E+00
   1.0900E+02   1.2473E+00
   1.1000E+02   1.2677E+00
   1.1000E+02   1.4150E+00
   1.1000E+02   1.2677E+00
   1.1100E+02   1.3411E+00
   1.1200E+02   1.4582E+00
   1.1300E+02   1.5142E+00
   1.1400E+02   1.4617E+00
   1.1500E+02   1.4061E+00
   1.1600E+02   1.2447E+00
   1.1700E+02   1.1853E+00
   1.1800E+02   1.2518E+00
   1.1900E+02   1.3699E+00
   1.2000E+02   1.5859E+00
   1.2000E+02   1.4150E+00
   1.2000E+02   1.5859E+00
   1.2100E+02   1.7606E+00
   1.2200E+02   1.8595E+00
   1.2300E+02   1.8914E+00
   1.2400E+02   1.8728E+00
   1.2500E+02   1.8757E+00
   1.2600E+02   1.9031E+00
   1.2700E+02   1.9607E+00
   1.2800E+02   2.0193E+00
   1.2900E+02   2.0518E+00
   1.3000E+02   2.0645E+00
   1.3100E+02   2.0557E+00
   1.3200E+02   2.0197E+00
   1.3300E+02   1.9555E+00
   1.3400E+02   1.8445E+00
   1.3500E+02   1.7332E+00
   1.3600E+02   1.6112E+00
   1.3700E+02   1.5762E+00
   1.3800E+02   1.6013E+00
   1.3900E+02   1.7048E+00
   1.4000E+02   1.7790E+00
   1.4100E+02   1.7839E+00
   1.4200E+02   1.7094E+00
   1.4300E+02   1.5519E+00
   1.4400E+02   1.4520E+00
   1.4500E+02   1.4568E+00
   1.4600E+02   1.5885E+00
   1.4700E+02   1.7873E+00
   1.4800E+02   1.9515E+00
   1.4900E+02   2.0267E+00
   1.5000E+02   1.9914E+00
   1.5100E+02   1.8647E+00
   1.5200E+02   1.7499E+00
   1.5300E+02   1.6837E+00
   1.5400E+02   1.6762E+00
   1.5500E+02   1.7032E+00
   1.5600E+02   1.6876E+00
   1.5700E+02   1.5932E+00
   1.5800E+02   1.4404E+00
   1.5900E+02   1.2799E+00
   1.6000E+02   1.1425E+00
   1.6100E+02   1.0824E+00
   1.6200E+02   1.0825E+00
   1.6300E+02   1.1319E+00
   1.6400E+02   1.1926E+00
   1.6500E+02   1.2679E+00
   1.6600E+02   1.3273E+00
   1.6700E+02   1.3855E+00
   1.6800E+02   1.4266E+00
   1.6900E+02   1.4836E+00
   1.7000E+02   1.5382E+00
   1.7100E+02   1.5961E+00
   1.7200E+02   1.6570E+00
   1.7300E+02   1.7624E+00
   1.7400E+02   1.8656E+00
   1.7500E+02   1.9718E+00
   1.7600E+02   1.9998E+00
   1.7700E+02   1.9548E+00
   1.7800E+02   1.8320E+00
   1.7900E+02   1.7347E+00
   1.8000E+02   1.6173E+00
   1.8100E+02   1.5413E+00
   1.8200E+02   1.4740E+00
   1.8300E+02   1.4413E+00
   1.8400E+02   1.4394E+00
   1.8500E+02   1.4788E+00
   1.8600E+02   1.5474E+00
   1.8700E+02   1.6073E+00
   1.8800E+02   1.6459E+00
   1.8900E+02   1.6548E+00
   1.9000E+02   1.6440E+00
   1.9100E+02   1.6444E+00
   1.9200E+02   1.6607E+00
   1.9300E+02   1.7017E+00
   1.9400E+02   1.7220E+00
   1.9500E+02   1.7503E+00
   1.9600E+02   1.7586E+00
   1.9700E+02   1.7443E+00
   1.9800E+02   1.7251E+00
   1.9900E+02   1.7172E+00
   2.0000E+02   1.7213E+00
   2.0100E+02   1.7402E+00
   2.0200E+02   1.7687E+00
   2.0300E+02   1.8098E+00
   2.0400E+02   1.8898E+00
   2.0500E+02   1.9887E+00
   2.0600E+02   2.0757E+00
   2.0700E+02   2.1294E+00
   2.0800E+02   2.1188E+00
   2.0900E+02   2.0393E+00
   2.1000E+02   1.9812E+00
   2.1100E+02   1.9050E+00
   2.1200E+02   1.8600E+00
   2.1300E+02   1.8331E+00
   2.1400E+02   1.8185E+00
   2.1500E+02   1.8122E+00
   2.1600E+02   1.8034E+00
   2.1700E+02   1.7960E+00
   2.1800E+02   1.8034E+00
   2.1900E+02   1.8162E+00
   2.2000E+02   1.8515E+00
   2.2100E+02   1.9207E+00
   2.2200E+02   1.9617E+00
   2.2300E+02   1.9810E+00
   2.2400E+02   1.9915E+00
   2.2500E+02   1.9853E+00
   2.2600E+02   1.9756E+00
   2.2700E+02   1.9774E+00
   2.2800E+02   1.9833E+00
   2.2900E+02   1.9980E+00
   2.3000E+02   1.9800E+00
   2.3100E+02   1.9333E+00
   2.3200E+02   1.8421E+00
   2.3300E+02   1.7278E+00
   2.3400E+02   1.6160E+00
   2.3500E+02   1.5704E+00
   2.3600E+02   1.5618E+00
   2.3700E+02   1.5929E+00
   2.3800E+02   1.6284E+00
   2.3900E+02   1.6696E+00
   2.4000E+02   1.6994E+00
   2.4100E+02   1.7379E+00
   2.4200E+02   1.7557E+00
   2.4300E+02   1.7567E+00
   2.4400E+02   1.7471E+00
   2.4500E+02   1.7351E+00
   2.4600E+02   1.7413E+00
   2.4700E+02   1.7849E+00
   2.4800E+02   1.8114E+00
   2.4900E+02   1.8678E+00
   2.5000E+02   1.9292E+00
   2.5100E+02   1.9792E+00
   2.5200E+02   2.0208E+00
   2.5300E+02   2.0344E+00
   2.5400E+02   1.9992E+00
   2.5500E+02   1.9181E+00
   2.5600E+02   1.7785E+00
   2.5700E+02   1.6331E+00
   2.5800E+02   1.5774E+00
   2.5900E+02   1.6036E+00
   2.6000E+02   1.7143E+00
   2.6100E+02   1.8154E+00
   2.6200E+02   1.9025E+00
   2.6300E+02   1.9245E+00
   2.6400E+02   1.9055E+00
   2.6500E+02   1.8934E+00
   2.6600E+02   1.9111E+00
   2.6700E+02   1.9892E+00
   2.6800E+02   2.0267E+00
   2.6900E+02   2.0925E+00
   2.7000E+02   2.1248E+00
   2.7100E+02   2.1232E+00
   2.7200E+02   2.1040E+00
   2.7300E+02   2.0472E+00
   2.7400E+02   1.9609E+00
   2.7500E+02   1.9066E+00
   2.7600E+02   1.8166E+00
   2.7700E+02   1.7424E+00
   2.7800E+02   1.7027E+00
   2.7900E+02   1.6989E+00
   2.8000E+02   1.7182E+00
   2.8100E+02   1.7415E+00
   2.8200E+02   1.7561E+00
   2.8300E+02   1.7607E+00
   2.8400E+02   1.7603E+00
   2.8500E+02   1.7432E+00
   2.8600E+02   1.7075E+00
   2.8700E+02   1.6483E+00
   2.8800E+02   1.5943E+00
   2.8900E+02   1.5318E+00
   2.9000E+02   1.4934E+00
   2.9100E+02   1.4640E+00
   2.9200E+02   1.4648E+00
   2.9300E+02   1.5037E+00
   2.9400E+02   1.6132E+00
   2.9500E+02   1.7299E+00
   2.9600E+02   1.8626E+00
   2.9700E+02   1.9172E+00
   2.9800E+02   1.8793E+00
   2.9900E+02   1.8033E+00
   3.0000E+02   1.6680E+00
   3.0100E+02   1.5799E+00
   3.0200E+02   1.5332E+00
   3.0300E+02   1.5165E+00
   3.0400E+02   1.5342E+00
   3.0500E+02   1.5758E+00
   3.0600E+02   1.6315E+00
   3.0700E+02   1.7033E+00
   3.0800E+02   1.7575E+00
   3.0900E+02   1.7472E+00
   3.1000E+02   1.6950E+00
   3.1100E+02   1.6258E+00
   3.1200E+02   1.5550E+00
   3.1300E+02   1.5630E+00
   3.1400E+02   1.6041E+00
   3.1500E+02   1.7086E+00
   3.1600E+02   1.8058E+00
   3.1700E+02   1.8575E+00
   3.1800E+02   1.8793E+00
   3.1900E+02   1.8667E+00
   3.2000E+02   1.8376E+00
   3.2100E+02   1.7920E+00
   3.2200E+02   1.7205E+00
   3.2300E+02   1.6593E+00
   3.2400E+02   1.5854E+00
   3.2500E+02   1.5025E+00
   3.2600E+02   1.4438E+00
   3.2700E+02   1.3775E+00
   3.2800E+02   1.3400E+00
   3.2900E+02   1.3443E+00
   3.3000E+02   1.3895E+00
   3.3100E+02   1.4469E+00
   3.3200E+02   1.5332E+00
   3.3300E+02   1.6237E+00
   3.3400E+02   1.7535E+00
   3.3500E+02   1.8325E+00
   3.3600E+02   1.8644E+00
   3.3700E+02   1.8264E+00
   3.3700E+02   1.4150E+00
   3.3700E+02   1.8301E+00
   3.3800E+02   1.7179E+00
   3.3900E+02   1.5881E+00
   3.4000E+02   1.4877E+00
   3.4100E+02   1.4473E+00
   3.4200E+02   1.4502E+00
   3.4300E+02   1.4795E+00
   3.4400E+02   1.5256E+00
   3.4500E+02   1.5679E+00
   3.4600E+02   1.6537E+00
   3.4700E+02   1.7119E+00
   3.4800E+02   1.7551E+00
   3.4900E+02   1.7894E+00
   3.5000E+02   1.7980E+00
   3.5100E+02   1.8085E+00
   3.5200E+02   1.8286E+00
   3.5300E+02   1.8556E+00
   3.5400E+02   1.8934E+00
   3.5500E+02   1.9099E+00
   3.5600E+02   1.9073E+00
   3.5700E+02   1.8938E+00
   3.5800E+02   1.8557E+00
   3.5900E+02   1.8297E+00
   3.6000E+02   1.8202E+00
   3.6100E+02   1.8318E+00
   3.6200E+02   1.8429E+00
   3.6300E+02   1.8626E+00
   3.6400E+02   1.8774E+00
   3.6500E+02   1.8821E+00
   3.6600E+02   1.8794E+00
   3.6700E+02   1.8498E+00
   3.6800E+02   1.8090E+00
   3.6900E+02   1.7236E+00
   3.7000E+02   1.6217E+00
   3.7100E+02   1.5569E+00
   3.7200E+02   1.5087E+00
   3.7300E+02   1.4752E+00
   3.7400E+02   1.4697E+00
   3.7500E+02   1.4795E+00
   3.7600E+02   1.4956E+00
   3.7700E+02   1.5294E+00
   3.7800E+02   1.5671E+00
   3.7900E+02   1.5919E+00
   3.8000E+02   1.6004E+00
   3.8100E+02   1.5972E+00
   3.8200E+02   1.6102E+00
   3.8300E+02   1.6586E+00
   3.8400E+02   1.7217E+00
   3.8500E+02   1.8304E+00
   3.8600E+02   1.9249E+00
   3.8700E+02   1.9522E+00
   3.8800E+02   1.9016E+00
   3.8900E+02   1.8050E+00
   3.9000E+02   1.7035E+00
   3.9100E+02   1.6643E+00
   3.9200E+02   1.6899E+00
   3.9300E+02   1.7857E+00
   3.9400E+02   1.8397E+00
   3.9500E+02   1.8491E+00
   3.9600E+02   1.8114E+00
   3.9700E+02   1.7156E+00
   3.9800E+02   1.6455E+00
   3.9900E+02   1.6311E+00
   4.0000E+02   1.6667E+00
   4.0100E+02   1.7364E+00
   4.0200E+02   1.7856E+00
   4.0300E+02   1.7928E+00
   4.0400E+02   1.7590E+00
   4.0500E+02   1.7105E+00
   4.0600E+02   1.6924E+00
   4.0700E+02   1.7273E+00
   4.0800E+02   1.8081E+00
   4.0900E+02   1.9322E+00
   4.1000E+02   2.0003E+00
   4.1100E+02   2.0212E+00
   4.1200E+02   1.9993E+00
   4.1300E+02   1.9340E+00
   4.1400E+02   1.9012E+00
   4.1500E+02   1.8915E+00
   4.1600E+02   1.9131E+00
   4.1700E+02   1.9377E+00
   4.1800E+02   1.9564E+00
   4.1900E+02   1.9708E+00
   4.2000E+02   1.9737E+00
   4.2100E+02   1.9789E+00
   4.2200E+02   1.9915E+00
   4.2300E+02   2.0036E+00
   4.2400E+02   2.0362E+00
   4.2500E+02   2.0497E+00
   4.2600E+02   2.0697E+00
   4.2700E+02   2.0788E+00
   4.2800E+02   2.0869E+00
   4.2900E+02   2.0646E+00
   4.3000E+02   1.9830E+00
   4.3100E+02   1.8453E+00
   4.3200E+02   1.7332E+00
   4.3300E+02   1.5922E+00
   4.3400E+02   1.5009E+00
   4.3500E+02   1.4670E+00
   4.3600E+02   1.4887E+00
   4.3700E+02   1.5254E+00
   4.3800E+02   1.5540E+00
   4.3900E+02   1.5889E+00
   4.4000E+02   1.6145E+00
   4.4100E+02   1.6221E+00
   4.4200E+02   1.6035E+00
   4.4300E+02   1.5293E+00
   4.4400E+02   1.4872E+00
   4.4500E+02   1.4271E+00
   4.4600E+02   1.3238E+00
   4.4700E+02   1.2003E+00
   4.4800E+02   1.1053E+00
   4.4900E+02   1.0773E+00
   4.5000E+02   1.1406E+00
   4.5100E+02   1.2873E+00
   4.5200E+02   1.4845E+00
   4.5300E+02   1.6661E+00
   4.5400E+02   1.7995E+00
   4.5500E+02   1.8777E+00
   4.5600E+02   1.9252E+00
   4.5700E+02   1.9331E+00
   4.5800E+02   1.9083E+00
   4.5900E+02   1.8664E+00
   4.6000E+02   1.8205E+00
   4.6100E+02   1.7537E+00
   4.6200E+02   1.6883E+00
   4.6300E+02   1.6420E+00
   4.6400E+02   1.5832E+00
   4.6500E+02   1.5469E+00
   4.6600E+02   1.5318E+00
   4.6700E+02   1.5228E+00
   4.6800E+02   1.5324E+00
   4.6900E+02   1.5533E+00
   4.7000E+02   1.6037E+00
   4.7100E+02   1.6554E+00
   4.7200E+02   1.6895E+00
   4.7300E+02   1.6839E+00
   4.7400E+02   1.6138E+00
   4.7500E+02   1.5537E+00
   4.7600E+02   1.4628E+00
   4.7700E+02   1.4117E+00
   4.7800E+02   1.3699E+00
   4.7900E+02   1.3591E+00
   4.8000E+02   1.3932E+00
   4.8100E+02   1.4749E+00
   4.8200E+02   1.6182E+00
   4.8300E+02   1.7943E+00
   4.8400E+02   1.9074E+00
   4.8500E+02   1.9068E+00
   4.8600E+02   1.8057E+00
   4.8700E+02   1.5993E+00
   4.8800E+02   1.4736E+00
   4.8900E+02   1.4175E+00
   4.9000E+02   1.4446E+00
   4.9100E+02   1.5135E+00
   4.9200E+02   1.5374E+00
   4.9300E+02   1.4956E+00
   4.9400E+02   1.3858E+00
   4.9500E+02   1.2185E+00
   4.9600E+02   1.1376E+00
   4.9700E+02   1.1020E+00
   4.9800E+02   1.1547E+00
   4.9900E+02   1.2111E+00
   5.0000E+02   1.3501E+00
   5.0100E+02   1.4936E+00
   5.0200E+02   1.7207E+00
   5.0300E+02   1.9151E+00
   5.0400E+02   2.0347E+00
   5.0500E+02   2.0573E+00
   5.0600E+02   1.9762E+00
   5.0700E+02   1.8721E+00
   5.0800E+02   1.7844E+00
   5.0900E+02   1.7147E+00
   5.1000E+02   1.6598E+00
   5.1100E+02   1.6171E+00
   5.1200E+02   1.5966E+00
   5.1300E+02   1.5901E+00
   5.1400E+02   1.5975E+00
   5.1500E+02   1.6160E+00
   5.1600E+02   1.6455E+00
   5.1700E+02   1.7436E+00
   5.1800E+02   1.7436E+00
   5.1900E+02   1.7942E+00
   5.2000E+02   1.8146E+00
   5.2100E+02   1.8173E+00
   5.2200E+02   1.7980E+00
   5.2300E+02   1.7415E+00
   5.2400E+02   1.6554E+00
   5.2500E+02   1.5631E+00
   5.2600E+02   1.4715E+00
   5.2700E+02   1.3944E+00
   5.2800E+02   1.3659E+00
   5.2900E+02   1.3861E+00
   5.3000E+02   1.4395E+00
   5.3100E+02   1.4450E+00
   5.3200E+02   1.3984E+00
   5.3300E+02   1.2912E+00
   5.3400E+02   1.1473E+00
   5.3500E+02   1.0912E+00
   5.3600E+02   1.1319E+00
   5.3700E+02   1.2941E+00
   5.3800E+02   1.4615E+00
   5.3900E+02   1.6205E+00
   5.4000E+02   1.7110E+00
   5.4100E+02   1.7588E+00
   5.4200E+02   1.7712E+00
   5.4300E+02   1.7925E+00
   5.4400E+02   1.8177E+00
   5.4500E+02   1.8597E+00
   5.4600E+02   1.8923E+00
   5.4700E+02   1.9243E+00
   5.4800E+02   1.9406E+00
   5.4900E+02   1.9510E+00
   5.5000E+02   1.9449E+00
   5.5100E+02   1.9300E+00
   5.5200E+02   1.9023E+00
   5.5300E+02   1.8765E+00
   5.5400E+02   1.8598E+00
   5.5500E+02   1.8623E+00
   5.5600E+02   1.9008E+00
   5.5700E+02   1.9372E+00
   5.5800E+02   1.9687E+00
   5.5900E+02   1.9948E+00
   5.6000E+02   2.0010E+00
   5.6100E+02   1.9693E+00
   5.6200E+02   1.9220E+00
   5.6300E+02   1.9220E+00
   5.6400E+02   1.8541E+00
   5.6500E+02   1.8003E+00
   5.6600E+02   1.7393E+00
   5.6700E+02   1.7058E+00
   5.6800E+02   1.6934E+00
   5.6900E+02   1.6949E+00
   5.7000E+02   1.6756E+00
   5.7100E+02   1.6428E+00
   5.7200E+02   1.5939E+00
   5.7300E+02   1.5325E+00
   5.7400E+02   1.5070E+00
   5.7500E+02   1.5100E+00
   5.7600E+02   1.5536E+00
   5.7700E+02   1.6146E+00
   5.7800E+02   1.6776E+00
   5.7900E+02   1.7437E+00
   5.8000E+02   1.8146E+00
   5.8100E+02   1.8611E+00
   5.8200E+02   1.8582E+00
   5.8300E+02   1.7984E+00
   5.8400E+02   1.6776E+00
   5.8500E+02   1.5437E+00
   5.8600E+02   1.4641E+00
   5.8700E+02   1.4499E+00
   5.8800E+02   1.4918E+00
   5.8900E+02   1.5713E+00
   5.9000E+02   1.6447E+00
   5.9100E+02   1.7278E+00
   5.9200E+02   1.7852E+00
   5.9300E+02   1.8558E+00
   5.9400E+02   1.8960E+00
   5.9500E+02   1.9083E+00
   5.9600E+02   1.8898E+00
   5.9700E+02   1.8632E+00
   5.9800E+02   1.8203E+00
   5.9900E+02   1.8013E+00
   6.0000E+02   1.7498E+00
   6.0100E+02   1.7258E+00
   6.0200E+02   1.7305E+00
   6.0300E+02   1.7844E+00
   6.0400E+02   1.8139E+00
   6.0500E+02   1.8285E+00
   6.0600E+02   1.7823E+00
   6.0700E+02   1.6599E+00
   6.0800E+02   1.4868E+00
   6.0800E+02   1.4150E+00
   6.0800E+02   1.5135E+00
   6.0900E+02   1.3894E+00
   6.1000E+02   1.3255E+00
   6.1100E+02   1.3417E+00
   6.1200E+02   1.3965E+00
   6.1300E+02   1.4707E+00
   6.1400E+02   1.5699E+00
   6.1500E+02   1.6433E+00
   6.1600E+02   1.7488E+00
   6.1700E+02   1.7990E+00
   6.1800E+02   1.8120E+00
   6.1900E+02   1.7818E+00
   6.2000E+02   1.7349E+00
   6.2100E+02   1.6619E+00
   6.2200E+02   1.5873E+00
   6.2300E+02   1.5468E+00
   6.2400E+02   1.4566E+00
   6.2500E+02   1.4112E+00
   6.2600E+02   1.3620E+00
   6.2700E+02   1.3223E+00
   6.2800E+02   1.3099E+00
   6.2900E+02   1.3153E+00
   6.3000E+02   1.3529E+00
   6.3100E+02   1.3887E+00
   6.3100E+02   1.4150E+00
   6.3100E+02   1.3855E+00
   6.3200E+02   1.4510E+00
   6.3300E+02   1.5178E+00
   6.3400E+02   1.5696E+00
   6.3500E+02   1.6331E+00
   6.3600E+02   1.6524E+00
   6.3700E+02   1.6704E+00
   6.3800E+02   1.6611E+00
   6.3900E+02   1.6416E+00
   6.4000E+02   1.6202E+00
   6.4100E+02   1.6230E+00
   6.4200E+02   1.6559E+00
   6.4300E+02   1.6842E+00
   6.4400E+02   1.7048E+00
   6.4500E+02   1.6900E+00
   6.4600E+02   1.6220E+00
   6.4700E+02   1.5586E+00
   6.4800E+02   1.5106E+00
   6.4900E+02   1.5039E+00
   6.5000E+02   1.5541E+00
   6.5100E+02   1.6435E+00
   6.5200E+02   1.6975E+00
   6.5300E+02   1.7761E+00
   6.5400E+02   1.8165E+00
   6.5500E+02   1.8599E+00
   6.5600E+02   1.8649E+00
   6.5700E+02   1.8344E+00
   6.5800E+02   1.7739E+00
   6.5900E+02   1.6893E+00
   6.6000E+02   1.6569E+00
   6.6100E+02   1.6820E+00
   6.6200E+02   1.7463E+00
   6.6300E+02   1.8436E+00
   6.6400E+02   1.8899E+00
   6.6500E+02   1.8790E+00
   6.6600E+02   1.8304E+00
   6.6700E+02   1.7508E+00
   6.6800E+02   1.7059E+00
   6.6900E+02   1.7046E+00
   6.7000E+02   1.7415E+00
   6.7100E+02   1.7826E+00
   6.7200E+02   1.8271E+00
   6.7300E+02   1.8706E+00
   6.7400E+02   1.9093E+00
   6.7500E+02   1.9191E+00
   6.7600E+02   1.8506E+00
   6.7700E+02   1.8030E+00
   6.7800E+02   1.6657E+00
   6.7900E+02   1.5680E+00
   6.8000E+02   1.5399E+00
   6.8100E+02   1.6016E+00
   6.8200E+02   1.7140E+00
   6.8300E+02   1.8289E+00
   6.8400E+02   1.8906E+00
   6.8500E+02   1.8709E+00
   6.8600E+02   1.8337E+00
   6.8700E+02   1.7529E+00
   6.8800E+02   1.6662E+00
   6.8900E+02   1.5472E+00
   6.9000E+02   1.4751E+00
   6.9100E+02   1.4277E+00
   6.9200E+02   1.4521E+00
   6.9300E+02   1.5558E+00
   6.9400E+02   1.6985E+00
   6.9500E+02   1.7977E+00
   6.9600E+02   1.8285E+00
   6.9700E+02   1.7926E+00
   6.9800E+02   1.7023E+00
   6.9900E+02   1.6593E+00
   7.0000E+02   1.6839E+00
   7.0100E+02   1.7799E+00
   7.0100E+02   1.4150E+00
   7.0100E+02   1.7309E+00
   7.0200E+02   1.8220E+00
   7.0300E+02   1.8579E+00
   7.0400E+02   1.8292E+00
   7.0500E+02   1.7436E+00
   7.0600E+02   1.6056E+00
   7.0700E+02   1.4937E+00
   7.0800E+02   1.4080E+00
   7.0900E+02   1.3228E+00
   7.1000E+02   1.2671E+00
   7.1100E+02   1.2933E+00
   7.1200E+02   1.3776E+00
   7.1300E+02   1.4868E+00
   7.1400E+02   1.6278E+00
   7.1500E+02   1.6932E+00
   7.1600E+02   1.6916E+00
   7.1700E+02   1.6132E+00
   7.1800E+02   1.5129E+00
   7.1900E+02   1.4215E+00
   7.2000E+02   1.3453E+00
   7.2100E+02   1.2583E+00
   7.2200E+02   1.2031E+00
   7.2300E+02   1.2001E+00
   7.2400E+02   1.2398E+00
   7.2500E+02   1.3051E+00
   7.2600E+02   1.3700E+00
   7.2700E+02   1.4114E+00
   7.2800E+02   1.4211E+00
   7.2900E+02   1.4101E+00
   7.3000E+02   1.4082E+00
   7.3100E+02   1.4236E+00
   7.3200E+02   1.4668E+00
   7.3300E+02   1.5288E+00
   7.3400E+02   1.5798E+00
   7.3500E+02   1.6159E+00
   7.3600E+02   1.6396E+00
   7.3700E+02   1.6495E+00
   7.3800E+02   1.6733E+00
   7.3900E+02   1.7178E+00
   7.4000E+02   1.7467E+00
   7.4100E+02   1.7882E+00
   7.4200E+02   1.8298E+00
   7.4300E+02   1.8666E+00
   7.4400E+02   1.9011E+00
   7.4500E+02   1.9095E+00
   7.4600E+02   1.8615E+00
   7.4700E+02   1.7560E+00
   7.4800E+02   1.5797E+00
   7.4900E+02   1.3877E+00
   7.5000E+02   1.2660E+00
   7.5100E+02   1.2235E+00
   7.5200E+02   1.2587E+00
   7.5300E+02   1.3374E+00
   7.5400E+02   1.4028E+00
   7.5500E+02   1.4627E+00
   7.5600E+02   1.5074E+00
   7.5700E+02   1.5413E+00
   7.5800E+02   1.5690E+00
   7.5900E+02   1.5865E+00
   7.6000E+02   1.5899E+00
   7.6100E+02   1.5700E+00
   7.6200E+02   1.5156E+00
   7.6300E+02   1.4438E+00
   7.6400E+02   1.3388E+00
   7.6500E+02   1.2632E+00
   7.6600E+02   1.2646E+00
   7.6700E+02   1.3583E+00
   7.6800E+02   1.4825E+00
   7.6900E+02   1.6100E+00
   7.7000E+02   1.6487E+00
   7.7100E+02   1.6403E+00
   7.7200E+02   1.5715E+00
   7.7300E+02   1.5214E+00
   7.7400E+02   1.5029E+00
   7.7500E+02   1.5131E+00
   7.7600E+02   1.5405E+00
   7.7700E+02   1.5220E+00
   7.7800E+02   1.4425E+00
   7.7900E+02   1.3528E+00
   7.8000E+02   1.2046E+00
   7.8100E+02   1.1540E+00
   7.8200E+02   1.1848E+00
   7.8300E+02   1.3099E+00
   7.8400E+02   1.4757E+00
   7.8500E+02   1.6104E+00
   7.8600E+02   1.6723E+00
   7.8700E+02   1.6665E+00
   7.8800E+02   1.6100E+00
   7.8900E+02   1.5295E+00
   7.9000E+02   1.4595E+00
   7.9100E+02   1.3656E+00
   7.9200E+02   1.2657E+00
   7.9300E+02   1.2376E+00
   7.9400E+02   1.3037E+00
   7.9500E+02   1.3618E+00
   7.9500E+02   1.4150E+00
   7.9500E+02   1.3595E+00
   7.9600E+02   1.4744E+00
   7.9700E+02   1.5291E+00
   7.9800E+02   1.5353E+00
   7.9900E+02   1.4916E+00
   8.0000E+02   1.4498E+00
   8.0100E+02   1.4480E+00
   8.0200E+02   1.4978E+00
   8.0300E+02   1.5253E+00
   8.0400E+02   1.5576E+00
   8.0500E+02   1.5313E+00
   8.0600E+02   1.4695E+00
   8.0700E+02   1.3575E+00
   8.0800E+02   1.2443E+00
   8.0900E+02   1.1380E+00
   8.1000E+02   1.0790E+00
   8.1100E+02   1.0554E+00
   8.1200E+02   1.0790E+00
   8.1300E+02   1.1664E+00
   8.1400E+02   1.2969E+00
   8.1500E+02   1.4084E+00
   8.1600E+02   1.5127E+00
   8.1700E+02   1.5145E+00
   8.1800E+02   1.4480E+00
   8.1900E+02   1.3346E+00
   8.2000E+02   1.2802E+00
   8.2100E+02   1.3430E+00
   8.2200E+02   1.4635E+00
   8.2300E+02   1.6836E+00
   8.2400E+02   1.8158E+00
   8.2500E+02   1.8965E+00
   8.2600E+02   1.8979E+00
   8.2700E+02   1.8514E+00
   8.2800E+02   1.8096E+00
   8.2900E+02   1.7665E+00
   8.3000E+02   1.7237E+00
   8.3100E+02   1.6923E+00
   8.3200E+02   1.6771E+00
   8.3300E+02   1.6783E+00
   8.3400E+02   1.6882E+00
   8.3500E+02   1.7173E+00
   8.3600E+02   1.7698E+00
   8.3700E+02   1.8181E+00
   8.3800E+02   1.8941E+00
   8.3900E+02   1.9575E+00
   8.4000E+02   1.9700E+00
   8.4100E+02   1.9352E+00
   8.4200E+02   1.8456E+00
   8.4300E+02   1.7769E+00
   8.4400E+02   1.7532E+00
   8.4500E+02   1.7759E+00
   8.4600E+02   1.8533E+00
   8.4700E+02   1.9033E+00
   8.4800E+02   1.9112E+00
   8.4900E+02   1.8542E+00
   8.5000E+02   1.8059E+00
   8.5100E+02   1.7416E+00
   8.5200E+02   1.7153E+00
   8.5300E+02   1.7370E+00
   8.5400E+02   1.7742E+00
   8.5500E+02   1.8032E+00
   8.5600E+02   1.8042E+00
   8.5700E+02   1.7774E+00
   8.5800E+02   1.7249E+00
   8.5900E+02   1.6550E+00
   8.6000E+02   1.5549E+00
   8.6100E+02   1.4524E+00
   8.6100E+02   1.4150E+00
   8.6100E+02   1.4735E+00
   8.6200E+02   1.3565E+00
   8.6300E+02   1.2815E+00
   8.6400E+02   1.2555E+00
   8.6500E+02   1.2775E+00
   8.6600E+02   1.3219E+00
   8.6700E+02   1.3330E+00
   8.6800E+02   1.2889E+00
   8.6900E+02   1.2461E+00
   8.7000E+02   1.1846E+00
   8.7100E+02   1.1832E+00
   8.7200E+02   1.2619E+00
   8.7300E+02   1.3703E+00
   8.7300E+02   1.4150E+00
   8.7300E+02   1.3459E+00
   8.7400E+02   1.4784E+00
   8.7500E+02   1.5438E+00
   8.7600E+02   1.5164E+00
   8.7700E+02   1.4346E+00
   8.7700E+02   1.4150E+00
   8.7700E+02   1.4576E+00
   8.7800E+02   1.3730E+00
   8.7900E+02   1.3780E+00
   8.7900E+02   1.4150E+00
   8.7900E+02   1.3767E+00
   8.8000E+02   1.4655E+00
   8.8100E+02   1.6387E+00
   8.8200E+02   1.8005E+00
   8.8300E+02   1.8533E+00
   8.8400E+02   1.8032E+00
   8.8500E+02   1.6271E+00
   8.8600E+02   1.4754E+00
   8.8700E+02   1.3589E+00
   8.8800E+02   1.2889E+00
   8.8900E+02   1.2724E+00
   8.9000E+02   1.2590E+00
   8.9100E+02   1.2373E+00
   8.9200E+02   1.2203E+00
   8.9300E+02   1.1867E+00
   8.9400E+02   1.1727E+00
   8.9500E+02   1.1894E+00
   8.9600E+02   1.2071E+00
   8.9700E+02   1.2777E+00
   8.9800E+02   1.3604E+00
   8.9900E+02   1.4075E+00
   8.9900E+02   1.4150E+00
   8.9900E+02   1.3931E+00
   8.9900E+02   1.4150E+00
   8.9900E+02   1.3931E+00
   8.9900E+02   1.4150E+00
   8.9900E+02   1.3931E+00
   8.9900E+02   1.4150E+00
   8.9900E+02   1.3931E+00
   8.9900E+02   1.4150E+00
   8.9900E+02   1.3931E+00
   8.9900E+02   1.4150E+00
   8.9900E+02   1.3931E+00
   9.0000E+02   1.4770E+00
   9.0000E+02   1.4150E+00
   9.0000E+02   1.4770E+00
   9.0100E+02   1.5695E+00
   9.0100E+02   1.4150E+00
   9.0100E+02   1.5695E+00
   9.0200E+02   1.6798E+00
   9.0300E+02   1.7459E+00
   9.0400E+02   1.8180E+00
   9.0500E+02   1.8857E+00
   9.0600E+02   1.8929E+00
   9.0700E+02   1.8375E+00
   9.0800E+02   1.7441E+00
   9.0900E+02   1.6256E+00
   9.1000E+02   1.5284E+00
   9.1100E+02   1.5110E+00
   9.1200E+02   1.5434E+00
   9.1300E+02   1.5704E+00
   9.1400E+02   1.5684E+00
   9.1500E+02   1.5014E+00
   9.1600E+02   1.4357E+00
   9.1700E+02   1.3415E+00
   9.1800E+02   1.2991E+00
   9.1900E+02   1.3008E+00
   9.2000E+02   1.3497E+00
   9.2000E+02   1.4150E+00
   9.2000E+02   1.3485E+00
   9.2000E+02   1.4150E+00
   9.2000E+02   1.4150E+00
   9.2000E+02   1.4150E+00
   9.2000E+02   1.3485E+00
   9.2000E+02   1.4150E+00
   9.2000E+02   1.3485E+00
   9.2000E+02   1.4150E+00
   9.2000E+02   1.3485E+00
   9.2100E+02   1.4199E+00
   9.2100E+02   1.4150E+00
   9.2100E+02   1.4199E+00
   9.2200E+02   1.4824E+00
   9.2200E+02   1.4150E+00
   9.2200E+02   1.4824E+00
   9.2300E+02   1.5496E+00
   9.2400E+02   1.5877E+00
   9.2500E+02   1.6180E+00
   9.2600E+02   1.6255E+00
   9.2700E+02   1.6189E+00
   9.2800E+02   1.5904E+00
   9.2900E+02   1.5711E+00
   9.3000E+02   1.5353E+00
   9.3100E+02   1.5138E+00
   9.3200E+02   1.4928E+00
   9.3300E+02   1.4686E+00
   9.3400E+02   1.4437E+00
   9.3500E+02   1.4437E+00
   9.3500E+02   1.4150E+00
   9.3500E+02   1.4443E+00
   9.3500E+02   1.4150E+00
   9.3500E+02   1.4150E+00
   9.3500E+02   1.4150E+00
   9.3500E+02   1.4443E+00
   9.3500E+02   1.4150E+00
   9.3500E+02   1.4443E+00
   9.3600E+02   1.4163E+00
   9.3600E+02   1.4150E+00
   9.3600E+02   1.4223E+00
   9.3700E+02   1.4069E+00
   9.3800E+02   1.4015E+00
   9.3900E+02   1.4072E+00
   9.3900E+02   1.4150E+00
   9.3900E+02   1.4051E+00
   9.3900E+02   1.4150E+00
   9.3900E+02   1.4051E+00
   9.3900E+02   1.4150E+00
   9.3900E+02   1.4150E+00
   9.3900E+02   1.4051E+00
   9.3900E+02   1.4150E+00
   9.3900E+02   1.4051E+00
   9.3900E+02   1.4150E+00
   9.3900E+02   1.4051E+00
   9.4000E+02   1.4179E+00
   9.4000E+02   1.4150E+00
   9.4000E+02   1.4179E+00
   9.4100E+02   1.4397E+00
   9.4100E+02   1.4150E+00
   9.4100E+02   1.4397E+00
   9.4200E+02   1.4782E+00
   9.4300E+02   1.5312E+00
   9.4400E+02   1.5552E+00
   9.4500E+02   1.5681E+00
   9.4600E+02   1.5438E+00
   9.4700E+02   1.4922E+00
   9.4800E+02   1.4179E+00
   9.4900E+02   1.3366E+00
   9.5000E+02   1.2434E+00
   9.5100E+02   1.1382E+00
   9.5200E+02   1.0572E+00
   9.5300E+02   1.0609E+00
   9.5400E+02   1.1720E+00
   9.5500E+02   1.3017E+00
   9.5600E+02   1.4796E+00
   9.5700E+02   1.6420E+00
   9.5800E+02   1.7408E+00
   9.5900E+02   1.7979E+00
   9.6000E+02   1.8087E+00
   9.6100E+02   1.7813E+00
   9.6200E+02   1.7131E+00
   9.6300E+02   1.6637E+00
   9.6400E+02   1.5932E+00
   9.6500E+02   1.5774E+00
   9.6600E+02   1.6215E+00
   9.6700E+02   1.7230E+00
   9.6800E+02   1.8010E+00
   9.6900E+02   1.8424E+00
   9.7000E+02   1.8379E+00
   9.7100E+02   1.7933E+00
   9.7200E+02   1.7607E+00
   9.7300E+02   1.7744E+00
   9.7300E+02   1.4150E+00
   9.7300E+02   1.7682E+00
   9.7400E+02   1.8172E+00
   9.7500E+02   1.9153E+00
   9.7600E+02   1.9918E+00
   9.7700E+02   2.0463E+00
   9.7800E+02   2.0699E+00
   9.7900E+02   2.0686E+00
   9.8000E+02   2.0538E+00
   9.8100E+02   2.0345E+00
   9.8200E+02   1.9745E+00
   9.8300E+02   1.9482E+00
   9.8400E+02   1.9033E+00
   9.8500E+02   1.8760E+00
   9.8600E+02   1.8484E+00
   9.8700E+02   1.8408E+00
   9.8800E+02   1.8522E+00
   9.8900E+02   1.8776E+00
   9.9000E+02   1.9586E+00
   9.9100E+02   1.9700E+00
   9.9200E+02   2.0129E+00
   9.9300E+02   2.0254E+00
   9.9400E+02   2.0223E+00
   9.9500E+02   2.0052E+00
   9.9600E+02   1.9986E+00
   9.9700E+02   2.0007E+00
   9.9800E+02   2.0063E+00
   9.9900E+02   1.9915E+00
   1.0000E+03   1.9183E+00
   1.0010E+03   1.8448E+00
   1.0020E+03   1.6943E+00
   1.0030E+03   1.5400E+00
   1.0030E+03   1.4150E+00
   1.0030E+03   1.5498E+00
   1.0040E+03   1.4112E+00
   1.0050E+03   1.2821E+00
   1.0060E+03   1.1897E+00
   1.0070E+03   1.1489E+00
   1.0080E+03   1.1695E+00
   1.0090E+03   1.2469E+00
   1.0090E+03   1.4150E+00
   1.0090E+03   1.2469E+00
   1.0100E+03   1.3961E+00
   1.0110E+03   1.5262E+00
   1.0120E+03   1.5836E+00
   1.0130E+03   1.5637E+00
   1.0140E+03   1.4771E+00
   1.0150E+03   1.4204E+00
   1.0160E+03   1.4310E+00
   1.0170E+03   1.5175E+00
   1.0180E+03   1.6066E+00
   1.0190E+03   1.6732E+00
   1.0200E+03   1.6460E+00
   1.0210E+03   1.5594E+00
   1.0220E+03   1.4172E+00
   1.0230E+03   1.3381E+00
   1.0240E+03   1.3184E+00
   1.0250E+03   1.3663E+00
   1.0250E+03   1.4150E+00
   1.0250E+03   1.3649E+00
   1.0260E+03   1.4736E+00
   1.0270E+03   1.5223E+00
   1.0280E+03   1.4735E+00
   1.0280E+03   1.4150E+00
   1.0280E+03   1.4967E+00
   1.0290E+03   1.3962E+00
   1.0300E+03   1.2305E+00
   1.0310E+03   1.1217E+00
   1.0320E+03   1.0825E+00
   1.0330E+03   1.0942E+00
   1.0340E+03   1.1377E+00
   1.0350E+03   1.1638E+00
   1.0360E+03   1.1737E+00
   1.0370E+03   1.1581E+00
   1.0380E+03   1.1458E+00
   1.0390E+03   1.1283E+00
   1.0400E+03   1.1252E+00
   1.0410E+03   1.1246E+00
   1.0420E+03   1.1418E+00
   1.0430E+03   1.2047E+00
   1.0440E+03   1.2778E+00
   1.0440E+03   1.4150E+00
   1.0440E+03   1.2699E+00
   1.0450E+03   1.3982E+00
   1.0450E+03   1.4150E+00
   1.0450E+03   1.3847E+00
   1.0460E+03   1.4815E+00
   1.0470E+03   1.5017E+00
   1.0480E+03   1.4364E+00
   1.0490E+03   1.3145E+00
   1.0500E+03   1.1748E+00
   1.0510E+03   1.0794E+00
   1.0520E+03   1.0256E+00
   1.0520E+03   1.4150E+00
   1.0520E+03   1.0258E+00
   1.0520E+03   1.4150E+00
   1.0520E+03   1.4150E+00
   1.0520E+03   1.4150E+00
   1.0520E+03   1.0258E+00
   1.0520E+03   1.4150E+00
   1.0520E+03   1.0258E+00
   1.0520E+03   1.4150E+00
   1.0520E+03   1.0258E+00
   1.0520E+03   1.4150E+00
   1.0520E+03   1.0258E+00
   1.0520E+03   1.4150E+00
   1.0520E+03   1.0258E+00
