-5.000000000000000000e+01 -2.844862357737229508e-02
-4.900000000000000000e+01 -3.207475443085293365e-02
-4.800000000000000000e+01 -5.253169864676120182e-02
-4.700000000000000000e+01 -6.145424682979579861e-02
-4.600000000000000000e+01 -6.434630484554566821e-02
-4.500000000000000000e+01 -7.229219442079498625e-02
-4.400000000000000000e+01 -6.776932869686162764e-02
-4.300000000000000000e+01 -6.151319002731424346e-02
-4.200000000000000000e+01 -5.405605577860127242e-02
-4.100000000000000000e+01 -5.075644786923870500e-02
-4.000000000000000000e+01 -6.185258410221683434e-02
-3.900000000000000000e+01 -7.298547437313873676e-02
-3.800000000000000000e+01 -8.368594869207557352e-02
-3.700000000000000000e+01 -9.614870455698275309e-02
-3.600000000000000000e+01 -1.082986993708074525e-01
-3.500000000000000000e+01 -1.044686085847478935e-01
-3.400000000000000000e+01 -7.789032277270138693e-02
-3.300000000000000000e+01 -5.482637220521530130e-02
-3.200000000000000000e+01 -6.407516580836569720e-02
-3.100000000000000000e+01 -7.208213250133579941e-02
-3.000000000000000000e+01 -7.804699732652660427e-02
-2.900000000000000000e+01 -6.840720186374830980e-02
-2.800000000000000000e+01 -7.615793911100401936e-02
-2.700000000000000000e+01 -8.699136321846348552e-02
-2.600000000000000000e+01 -8.207173834494624343e-02
-2.500000000000000000e+01 -1.020557334193773202e-01
-2.400000000000000000e+01 -1.445101079387508813e-01
-2.300000000000000000e+01 -1.592038123299129027e-01
-2.200000000000000000e+01 -1.581374987322807235e-01
-2.100000000000000000e+01 -1.702254755803180863e-01
-2.000000000000000000e+01 -1.793668998302563600e-01
-1.900000000000000000e+01 -1.939720122943173752e-01
-1.800000000000000000e+01 -2.014793672028054039e-01
-1.700000000000000000e+01 -2.046167902592139487e-01
-1.600000000000000000e+01 -2.160211690297094145e-01
-1.500000000000000000e+01 -2.286924998296277212e-01
-1.400000000000000000e+01 -2.300897960759300254e-01
-1.300000000000000000e+01 -2.520556666291710046e-01
-1.200000000000000000e+01 -3.013952203856207213e-01
-1.100000000000000000e+01 -3.151650079326451248e-01
-1.000000000000000000e+01 -3.037843148684263306e-01
-9.000000000000000000e+00 -3.151040158839021332e-01
-8.000000000000000000e+00 -3.448558855634786813e-01
-7.000000000000000000e+00 -3.710217539815884313e-01
-6.000000000000000000e+00 -3.903462481456804190e-01
-5.000000000000000000e+00 -4.161876713467976274e-01
-4.000000000000000000e+00 -4.537571310326790619e-01
-3.000000000000000000e+00 -4.894085747476824011e-01
-2.000000000000000000e+00 -5.285406487434515244e-01
-1.000000000000000000e+00 -6.498979220530174405e-01
0.000000000000000000e+00 -9.023954521633421599e-01
1.000000000000000000e+00 -8.076604456625791073e-01
2.000000000000000000e+00 -5.799456542302234840e-01
3.000000000000000000e+00 -5.171227969301165350e-01
4.000000000000000000e+00 -4.794081012799719654e-01
5.000000000000000000e+00 -4.399199607546516178e-01
6.000000000000000000e+00 -4.200271150454134017e-01
7.000000000000000000e+00 -3.931618381184887601e-01
8.000000000000000000e+00 -3.733167062589129448e-01
9.000000000000000000e+00 -3.492241980906186649e-01
1.000000000000000000e+01 -3.129463927762495268e-01
1.100000000000000000e+01 -3.114854156053245560e-01
1.200000000000000000e+01 -3.170788071133527342e-01
1.300000000000000000e+01 -2.869045390308838650e-01
1.400000000000000000e+01 -2.399623234297079688e-01
1.500000000000000000e+01 -2.316915841989378444e-01
1.600000000000000000e+01 -2.268985945467726639e-01
1.700000000000000000e+01 -2.230721907362772927e-01
1.800000000000000000e+01 -2.239115275707365404e-01
1.900000000000000000e+01 -2.210119220284245400e-01
2.000000000000000000e+01 -2.038535224659948630e-01
2.100000000000000000e+01 -1.898327733654781024e-01
2.200000000000000000e+01 -1.789703356710221072e-01
2.300000000000000000e+01 -1.745999747733372742e-01
2.400000000000000000e+01 -1.771459251992815731e-01
2.500000000000000000e+01 -1.468314722544234729e-01
2.600000000000000000e+01 -1.115478467290181158e-01
2.700000000000000000e+01 -1.018888630208452106e-01
2.800000000000000000e+01 -9.444405215085242833e-02
2.900000000000000000e+01 -7.821991539129252713e-02
3.000000000000000000e+01 -8.064476666668994598e-02
3.100000000000000000e+01 -8.064614122909243010e-02
3.200000000000000000e+01 -7.253921444318202350e-02
3.300000000000000000e+01 -6.441446873550364660e-02
3.400000000000000000e+01 -6.651406222692819725e-02
3.500000000000000000e+01 -8.043003510894947139e-02
3.600000000000000000e+01 -9.710052524236070792e-02
3.700000000000000000e+01 -9.818342459859193128e-02
3.800000000000000000e+01 -9.049683841606283308e-02
3.900000000000000000e+01 -7.027643452048247530e-02
4.000000000000000000e+01 -6.502712991116796348e-02
4.100000000000000000e+01 -6.368194358728362925e-02
4.200000000000000000e+01 -6.179258439111574158e-02
4.300000000000000000e+01 -6.427332957522817469e-02
4.400000000000000000e+01 -7.621987906522592615e-02
4.500000000000000000e+01 -7.814651443321538049e-02
4.600000000000000000e+01 -6.977213067495716126e-02
4.700000000000000000e+01 -6.525081799522466919e-02
4.800000000000000000e+01 -6.166970418239537538e-02
4.900000000000000000e+01 -4.507340701366271268e-02
5.000000000000000000e+01 -2.447441411113097584e-02
-5.000000000000000000e+01 2.111049300689806993e-02
-4.900000000000000000e+01 4.231029390431755022e-02
-4.800000000000000000e+01 2.894887949516277911e-02
-4.700000000000000000e+01 1.417879945129053507e-02
-4.600000000000000000e+01 7.061493598917781972e-03
-4.500000000000000000e+01 9.805601821887958459e-04
-4.400000000000000000e+01 1.064101056478141717e-02
-4.300000000000000000e+01 2.849561659849491127e-02
-4.200000000000000000e+01 2.328417954317586400e-02
-4.100000000000000000e+01 2.821541798298411730e-02
-4.000000000000000000e+01 2.407144156874090751e-02
-3.900000000000000000e+01 1.500720461321225323e-02
-3.800000000000000000e+01 3.513480643428593814e-02
-3.700000000000000000e+01 4.003642406677358073e-02
-3.600000000000000000e+01 4.194746435658232991e-02
-3.500000000000000000e+01 1.762609721563162743e-02
-3.400000000000000000e+01 -1.183808518918623952e-03
-3.300000000000000000e+01 -2.887989005032674025e-03
-3.200000000000000000e+01 1.327768111830255650e-02
-3.100000000000000000e+01 1.581683894640889890e-02
-3.000000000000000000e+01 1.195075206047590925e-02
-2.900000000000000000e+01 -2.059560142651719640e-03
-2.800000000000000000e+01 -6.610325145098139678e-04
-2.700000000000000000e+01 -1.875920920853365800e-02
-2.600000000000000000e+01 -1.317691653202374309e-03
-2.500000000000000000e+01 1.240013508837650193e-02
-2.400000000000000000e+01 1.541942036770133084e-02
-2.300000000000000000e+01 8.726526736794363442e-03
-2.200000000000000000e+01 -1.833092824508082003e-02
-2.100000000000000000e+01 -4.042666070809254608e-02
-2.000000000000000000e+01 -3.427078764052211152e-02
-1.900000000000000000e+01 -1.680513171706344774e-02
-1.800000000000000000e+01 -1.903874757435733076e-02
-1.700000000000000000e+01 -1.965422542830729674e-02
-1.600000000000000000e+01 -1.625858376876928788e-02
-1.500000000000000000e+01 -2.245637976131872188e-02
-1.400000000000000000e+01 -2.544537249031696147e-02
-1.300000000000000000e+01 1.548316387649731861e-02
-1.200000000000000000e+01 2.078843400127990126e-02
-1.100000000000000000e+01 7.679614369604736111e-03
-1.000000000000000000e+01 3.335299196708794555e-03
-9.000000000000000000e+00 2.455084162866644909e-02
-8.000000000000000000e+00 4.333569649844415395e-02
-7.000000000000000000e+00 4.939802369366431967e-02
-6.000000000000000000e+00 5.871813210684297818e-02
-5.000000000000000000e+00 7.146992467384391534e-02
-4.000000000000000000e+00 8.559357637009519515e-02
-3.000000000000000000e+00 9.743128648106076650e-02
-2.000000000000000000e+00 1.180512925514360101e-01
-1.000000000000000000e+00 2.749417432290827135e-01
0.000000000000000000e+00 3.382338844114114451e-01
1.000000000000000000e+00 8.289345194489683433e-02
2.000000000000000000e+00 6.371743067685084472e-02
3.000000000000000000e+00 6.329334393118384028e-02
4.000000000000000000e+00 4.412220999653806291e-02
5.000000000000000000e+00 2.690477785953468773e-02
6.000000000000000000e+00 2.131281973841045452e-02
7.000000000000000000e+00 2.193004302547398032e-02
8.000000000000000000e+00 1.693170208597480353e-02
9.000000000000000000e+00 4.926335014999236447e-04
1.000000000000000000e+01 -2.014974304242425629e-03
1.100000000000000000e+01 1.346469831272338429e-02
1.200000000000000000e+01 1.495526788284626089e-02
1.300000000000000000e+01 -6.470647297495514712e-03
1.400000000000000000e+01 -2.822439534422460997e-02
1.500000000000000000e+01 -2.729876475588270679e-02
1.600000000000000000e+01 -3.558777259520036484e-02
1.700000000000000000e+01 -3.933188168619305980e-02
1.800000000000000000e+01 -4.572229002317512725e-02
1.900000000000000000e+01 -4.946447334471805457e-02
2.000000000000000000e+01 -5.617015210146907023e-02
2.100000000000000000e+01 -5.693212288151729139e-02
2.200000000000000000e+01 -3.949484400065667034e-02
2.300000000000000000e+01 -1.638081258217134739e-02
2.400000000000000000e+01 -2.786648671506384081e-02
2.500000000000000000e+01 -4.353799672766725526e-02
2.600000000000000000e+01 -3.467329865175473869e-02
2.700000000000000000e+01 -2.802588430709598497e-02
2.800000000000000000e+01 -2.001397812129734541e-02
2.900000000000000000e+01 -7.533125024898937837e-03
3.000000000000000000e+01 1.055185621126012926e-02
3.100000000000000000e+01 9.584614360308357783e-03
3.200000000000000000e+01 1.934125041970955611e-02
3.300000000000000000e+01 8.639535888222469803e-03
3.400000000000000000e+01 2.340899650852284672e-02
3.500000000000000000e+01 4.955773892061875879e-02
3.600000000000000000e+01 6.697539246285789949e-02
3.700000000000000000e+01 5.149600560833257623e-02
3.800000000000000000e+01 3.196752454468323318e-02
3.900000000000000000e+01 1.482301546397421337e-02
4.000000000000000000e+01 1.145335681224238060e-02
4.100000000000000000e+01 3.355898559286858100e-03
4.200000000000000000e+01 -8.544114887036137473e-03
4.300000000000000000e+01 -1.030701206558907535e-03
4.400000000000000000e+01 -5.832876666837014286e-03
4.500000000000000000e+01 -7.650639161694667081e-03
4.600000000000000000e+01 -1.282363419292467666e-02
4.700000000000000000e+01 -1.708761808477816425e-03
4.800000000000000000e+01 2.391251936277595871e-02
4.900000000000000000e+01 3.412892466953817289e-02
5.000000000000000000e+01 9.497713503243529823e-03
-5.000000000000000000e+01 -5.593748345267925311e-03
-4.900000000000000000e+01 -1.255231108022353617e-02
-4.800000000000000000e+01 -1.857861517935452053e-02
-4.700000000000000000e+01 -4.694317019259815031e-03
-4.600000000000000000e+01 1.743193152428005113e-02
-4.500000000000000000e+01 1.193870340771086003e-02
-4.400000000000000000e+01 8.394976237906703193e-03
-4.300000000000000000e+01 7.499436012856567323e-03
-4.200000000000000000e+01 1.454199228609616944e-02
-4.100000000000000000e+01 8.933260984628084087e-03
-4.000000000000000000e+01 -3.430448499823875435e-03
-3.900000000000000000e+01 -7.473890072222833143e-03
-3.800000000000000000e+01 -2.017647270692863107e-02
-3.700000000000000000e+01 -2.831961105289054065e-02
-3.600000000000000000e+01 -4.347915113870056553e-02
-3.500000000000000000e+01 -4.082793822404862799e-02
-3.400000000000000000e+01 -1.756187358418346764e-02
-3.300000000000000000e+01 9.617631975353604923e-03
-3.200000000000000000e+01 -7.252686493918883762e-05
-3.100000000000000000e+01 7.493767199014934009e-04
-3.000000000000000000e+01 4.013162307737996350e-03
-2.900000000000000000e+01 2.167664076500162504e-02
-2.800000000000000000e+01 3.453506294012533007e-02
-2.700000000000000000e+01 3.915578176758609946e-02
-2.600000000000000000e+01 3.849200863941267675e-02
-2.500000000000000000e+01 5.761023925303017379e-02
-2.400000000000000000e+01 5.352912826243545058e-02
-2.300000000000000000e+01 4.268462405566395695e-02
-2.200000000000000000e+01 6.286821619361457336e-02
-2.100000000000000000e+01 7.429788169522241748e-02
-2.000000000000000000e+01 6.879064759949705954e-02
-1.900000000000000000e+01 6.984542083345471331e-02
-1.800000000000000000e+01 7.207352244963960430e-02
-1.700000000000000000e+01 7.185636720794529031e-02
-1.600000000000000000e+01 6.849432621989971770e-02
-1.500000000000000000e+01 6.433632803650761456e-02
-1.400000000000000000e+01 6.025961296510380649e-02
-1.300000000000000000e+01 6.171870481500759537e-02
-1.200000000000000000e+01 4.475404378270161215e-02
-1.100000000000000000e+01 3.422116131746052309e-02
-1.000000000000000000e+01 4.937507898240826865e-02
-9.000000000000000000e+00 6.087189392745204208e-02
-8.000000000000000000e+00 6.369429590408604014e-02
-7.000000000000000000e+00 5.457984610705916839e-02
-6.000000000000000000e+00 6.154164735442219786e-02
-5.000000000000000000e+00 6.314767851064928550e-02
-4.000000000000000000e+00 6.131611925029482879e-02
-3.000000000000000000e+00 5.768384602268195743e-02
-2.000000000000000000e+00 6.592419717063911777e-02
-1.000000000000000000e+00 1.196143524529537788e-01
0.000000000000000000e+00 1.015752687710890466e-02
1.000000000000000000e+00 -1.113406459712091429e-01
2.000000000000000000e+00 -2.422527591391493776e-03
3.000000000000000000e+00 1.901825286955543745e-02
4.000000000000000000e+00 1.367960100096507307e-02
5.000000000000000000e+00 1.319097027293441790e-02
6.000000000000000000e+00 1.233252933271350438e-02
7.000000000000000000e+00 1.583911526204007450e-02
8.000000000000000000e+00 2.244971137640953268e-02
9.000000000000000000e+00 1.863798932072356293e-02
1.000000000000000000e+01 3.795633827404932409e-02
1.100000000000000000e+01 4.517500573552681031e-02
1.200000000000000000e+01 3.148794057011616160e-02
1.300000000000000000e+01 2.468340409739874092e-02
1.400000000000000000e+01 5.626745721880029028e-02
1.500000000000000000e+01 6.932181521921079725e-02
1.600000000000000000e+01 5.999153488947995411e-02
1.700000000000000000e+01 5.905859195314656224e-02
1.800000000000000000e+01 4.741366066427150916e-02
1.900000000000000000e+01 4.515556562243423083e-02
2.000000000000000000e+01 5.212662295765000536e-02
2.100000000000000000e+01 5.973041992039880566e-02
2.200000000000000000e+01 4.629804622487070781e-02
2.300000000000000000e+01 2.740964449197993633e-02
2.400000000000000000e+01 4.619950645719597855e-03
2.500000000000000000e+01 -2.030302628402547768e-03
2.600000000000000000e+01 6.682661034114103366e-03
2.700000000000000000e+01 2.218647962515376756e-02
2.800000000000000000e+01 1.490638426356994360e-02
2.900000000000000000e+01 1.631086673689318908e-02
3.000000000000000000e+01 1.448035212278521791e-02
3.100000000000000000e+01 9.033196604505036153e-04
3.200000000000000000e+01 2.806817249144710150e-03
3.300000000000000000e+01 1.326397901087366868e-02
3.400000000000000000e+01 1.249259824508026570e-02
3.500000000000000000e+01 4.725704261482396341e-03
3.600000000000000000e+01 -1.388597473627521325e-02
3.700000000000000000e+01 -2.026838705731166118e-02
3.800000000000000000e+01 -2.050326711993977549e-02
3.900000000000000000e+01 -6.744564225124888117e-03
4.000000000000000000e+01 -9.720854940544211217e-03
4.100000000000000000e+01 -1.748944272900199506e-02
4.200000000000000000e+01 -1.656565282445385603e-02
4.300000000000000000e+01 -1.766972034078942433e-02
4.400000000000000000e+01 -9.399211387694814818e-03
4.500000000000000000e+01 3.554769056310185839e-03
4.600000000000000000e+01 3.698885008888754596e-03
4.700000000000000000e+01 -4.051188820325004811e-03
4.800000000000000000e+01 -1.722856629734020872e-02
4.900000000000000000e+01 -3.353770487259899458e-02
5.000000000000000000e+01 -2.003514380922093857e-02
