3.903614457831325748e-16 9.991980712218440530e+00
2.440221878914204667e-01 9.991980712218440530e+00
4.880443757800007054e-01 9.991980712218440530e+00
7.320665636714211999e-01 9.991980712218440530e+00
9.760887515600014108e-01 9.991980712218440530e+00
1.220110939451421794e+00 9.964961738634997346e+00
1.464133127340002005e+00 9.977190252594382969e+00
1.708155315231422611e+00 1.001699918745296536e+01
1.952177503120002822e+00 1.008471872934589619e+01
2.196199691011423205e+00 1.018091256854472526e+01
2.440221878902843589e+00 1.030638572675473519e+01
2.684244066791424022e+00 1.046219579540027844e+01
2.928266254682844405e+00 1.064966780473736208e+01
3.172288442571424838e+00 1.087041301667554904e+01
3.416310630462845221e+00 1.112635201476370028e+01
3.660332818351425210e+00 1.141974255471359889e+01
3.904355006242846038e+00 1.175321274099220048e+01
4.148377194131426471e+00 1.212980021160179334e+01
4.392399382022846410e+00 1.255299814817050930e+01
4.636421569914267238e+00 1.302680908492424194e+01
4.880443757802847671e+00 1.355580767345565008e+01
5.124465945694267610e+00 1.414508247505374250e+01
5.368488133582848043e+00 1.474505336059530691e+01
5.612510321474267982e+00 1.530782389874495841e+01
5.856532509362848415e+00 1.582729914080439215e+01
6.100554697254269243e+00 1.629770334466324755e+01
6.344576885142849676e+00 1.671368644651418123e+01
6.588599073034269615e+00 1.707042511814713848e+01
6.832621260925690443e+00 1.736371574715315802e+01
7.076643448814270876e+00 1.759005683720393520e+01
7.320665636705690815e+00 1.774671857130851649e+01
7.564687824594271248e+00 1.783179760627576371e+01
7.808710012485692076e+00 1.784425556080146436e+01
8.052732200374272509e+00 1.778394010902445643e+01
8.296754388265691560e+00 1.765158808050775363e+01
8.540776576154271993e+00 1.744881047843679767e+01
8.784798764045692820e+00 1.717805984190545843e+01
9.028820951937113648e+00 1.684258143557663345e+01
9.272843139825694081e+00 1.644660658243963169e+01
9.516865327717114909e+00 1.599494461066234585e+01
9.760887515605695341e+00 1.549273048521813934e+01
1.000490970349711439e+01 1.494555268890760580e+01
1.024893189138569483e+01 1.435935004846227869e+01
1.049295407927711565e+01 1.374030503779258261e+01
1.073697626716569609e+01 1.309473622170602702e+01
1.098099845505711691e+01 1.242899242779771285e+01
1.122502064294853596e+01 1.174935108055352195e+01
1.146904283083711640e+01 1.106192290702148995e+01
1.171306501872853723e+01 1.037256494029914400e+01
1.195708720661711766e+01 9.686803417560138740e+00
1.220110939450853849e+01 9.009767807409117424e+00
1.244513158239711892e+01 8.346136822592148619e+00
1.268915377028853975e+01 7.700096891211083872e+00
1.293317595817711840e+01 7.075407379134261987e+00
1.317719814606853923e+01 6.524133451287889685e+00
1.342122033395711966e+01 6.075342890060885459e+00
1.366524252184854049e+01 5.713409143011382696e+00
1.390926470973996132e+01 5.426207897823474902e+00
1.415328689762854175e+01 5.204441191416957047e+00
1.439730908551996080e+01 5.041135309283539812e+00
1.464133127340854124e+01 4.931274476105901527e+00
1.488535346129996206e+01 4.871543337950315689e+00
1.512937564918854250e+01 4.860159671005571447e+00
1.537339783707996332e+01 4.896785460350261410e+00
1.561742002496854376e+01 4.982510116985290338e+00
1.586144221285996281e+01 5.119904662649982896e+00
1.610546440075138364e+01 5.313150667939199323e+00
1.634948658863996585e+01 5.568253026431085217e+00
1.659350877653138312e+01 5.893351770018227853e+00
1.683753096441996533e+01 6.299115600438827123e+00
1.708155315231138616e+01 6.769788940448042247e+00
1.732557534019996481e+01 7.288266418226267973e+00
1.756959752809138564e+01 7.860078986480296237e+00
1.781361971597996785e+01 8.491475112827123084e+00
1.805764190387138513e+01 9.189522214707139369e+00
1.830166409176280595e+01 9.962223548783867955e+00
1.854568627965138816e+01 1.081865306516692016e+01
1.878970846754280899e+01 1.176911116823250403e+01
1.903373065543138765e+01 1.282530483553293799e+01
1.927775284332280847e+01 1.400055614940537119e+01
1.952177503121139068e+01 1.531004400869084670e+01
1.976579721910280796e+01 1.677108463411369499e+01
2.000981940699139017e+01 1.840345748295040096e+01
2.025384159488281099e+01 2.022978438071103824e+01
2.049786378277423182e+01 2.227597109289257560e+01
2.074188597066281048e+01 2.457155798501500499e+01
2.098590815855423131e+01 2.699653409088177369e+01
2.122993034644280996e+01 2.939749375145434840e+01
2.147395253433423079e+01 3.172777228913653147e+01
2.171797472222281300e+01 3.393874909022560615e+01
2.196199691011423383e+01 3.598148309587428173e+01
2.220601909800281248e+01 3.780848430514922143e+01
2.245004128589423331e+01 3.937553362570271531e+01
2.269406347378565414e+01 4.064345466455475275e+01
2.293808566167423280e+01 4.157973878153590874e+01
2.318210784956565362e+01 4.215992946714985834e+01
2.342613003745423583e+01 4.236868379567808773e+01
2.367015222534565666e+01 4.220044665427348463e+01
2.391417441323423532e+01 4.165969639074499753e+01
2.415819660112565614e+01 4.076074671739302602e+01
2.440221878901423480e+01 3.952711710240991749e+01
2.464624097690565563e+01 3.799075063343465075e+01
2.489026316479707646e+01 3.643949281724865585e+01
2.513428535268565867e+01 3.509273027705293657e+01
2.537830754057707949e+01 3.393222819334301477e+01
2.562232972846565815e+01 3.294260851825541181e+01
2.586635191635707898e+01 3.211101084802830030e+01
2.611037410424565763e+01 3.142681399228302652e+01
2.635439629213707846e+01 3.088140980270014069e+01
2.659841848002566067e+01 3.046802251597561195e+01
2.684244066791708150e+01 3.018156829821843701e+01
2.708646285580566015e+01 3.001855091021828414e+01
2.733048504369708098e+01 2.997699049184356213e+01
2.757450723158850181e+01 3.005638343212112673e+01
2.781852941947708047e+01 3.025769218463441135e+01
2.806255160736850129e+01 3.058336473955546353e+01
2.830657379525708350e+01 3.103738430452727926e+01
2.855059598314850078e+01 3.162529289149245315e+01
2.879461817103708299e+01 3.226983274915978939e+01
2.903864035892850382e+01 3.289647469031224603e+01
2.928266254681708247e+01 3.350367847742617045e+01
2.952668473470850330e+01 3.408993018580573420e+01
2.977070692259992413e+01 3.465374844765903362e+01
3.001472911048850634e+01 3.519369065372274008e+01
3.025875129837992361e+01 3.570835907625587424e+01
3.050277348626850582e+01 3.619640687715735083e+01
3.074679567415992665e+01 3.665654396534898751e+01
3.099081786204850530e+01 3.708754266768928431e+01
3.123484004993992613e+01 3.748824317878349177e+01
3.147886223782850834e+01 3.785755875571167195e+01
3.172288442571992562e+01 3.819448062530583599e+01
3.196690661361134644e+01 3.849808257284129809e+01
3.221092880149992510e+01 3.876752518305742257e+01
3.245495098939134948e+01 3.900205133633085808e+01
3.269897317727993169e+01 3.918428278881360427e+01
3.294299536517134896e+01 3.929814993128855605e+01
3.318701755305993117e+01 3.934305311669921679e+01
3.343103974095134845e+01 3.931875555696279179e+01
3.367506192883993066e+01 3.922538540283878206e+01
3.391908411673134793e+01 3.906343461809384365e+01
3.416310630462277231e+01 3.883375466180837776e+01
3.440712849251135452e+01 3.853754903183152436e+01
3.465115068040277180e+01 3.817636276074246382e+01
3.489517286829135401e+01 3.775206899264373561e+01
3.513919505618277128e+01 3.726685280385469667e+01
3.538321724407135349e+01 3.672319246314821584e+01
3.562723943196277077e+01 3.612383835619598216e+01
3.587126161985135298e+01 3.547178982506899558e+01
3.611528380774277025e+01 3.477027019527379537e+01
3.635930599563419463e+01 3.402271055511842235e+01
3.660332818352277684e+01 3.326229342821107338e+01
3.684735037141419411e+01 3.251748001441180946e+01
3.709137255930277632e+01 3.178798395635734053e+01
3.733539474719419360e+01 3.107352337008370924e+01
3.757941693508277581e+01 3.037382079245389477e+01
3.782343912297419308e+01 2.968860312869796658e+01
3.806746131086277529e+01 2.901760160033859393e+01
3.831148349875419967e+01 2.836055169325011960e+01
3.855550568664277478e+01 2.771719310611294773e+01
3.879952787453419916e+01 2.708726969902014758e+01
3.904355006242561643e+01 2.647052944248133599e+01
3.928757225031419864e+01 2.586672436664000685e+01
3.953159443820561592e+01 2.527561051078938803e+01
3.977561662609419812e+01 2.469694787325933660e+01
4.001963881398562251e+01 2.413050036150730193e+01
4.026366100187419761e+01 2.357604022468166960e+01
4.050768318976562199e+01 2.305451829356282190e+01
4.075170537765419709e+01 2.258388527639988297e+01
4.099572756554562147e+01 2.216147608282445702e+01
4.123974975343703875e+01 2.178492785989073965e+01
4.148377194132562096e+01 2.145215798565270049e+01
4.172779412921704534e+01 2.116134488143226378e+01
4.197181631710562044e+01 2.091091139542310984e+01
4.221583850499704482e+01 2.069951054536010915e+01
4.245986069288561993e+01 2.052601343989384830e+01
4.270388288077704431e+01 2.038949922689042893e+01
4.294790506866562652e+01 2.028924694337921864e+01
4.319192725655704379e+01 2.022472916604547777e+01
4.343594944444846817e+01 2.019560738398711308e+01
4.367997163233704327e+01 2.020172903683146970e+01
4.392399382022846765e+01 2.024312618193152957e+01
4.416801600811704276e+01 2.032001503451399316e+01
4.441203819600846714e+01 2.042580714773828987e+01
4.465606038389704935e+01 2.055419955827210288e+01
4.490008257178846662e+01 2.070561095528313089e+01
4.514410475967704883e+01 2.088053730660172391e+01
4.538812694756846611e+01 2.107955456710590525e+01
4.563214913545989049e+01 2.130332183988438999e+01
4.587617132334846559e+01 2.155258501451918107e+01
4.612019351123988997e+01 2.182818091059316501e+01
4.636421569912847218e+01 2.213104195860929480e+01
4.660823788701988946e+01 2.246220145504766563e+01
4.685226007490847167e+01 2.282279943290189195e+01
4.709628226279988894e+01 2.321408919446600549e+01
4.734030445068847115e+01 2.363744455859563587e+01
4.758432663857988842e+01 2.409436788115669259e+01
4.782834882647131280e+01 2.458649891393639919e+01
4.807237101435988791e+01 2.511562372168087975e+01
4.831639320225131229e+01 2.566109108884772283e+01
4.856041539013989450e+01 2.620096498309581179e+01
4.880443757803131177e+01 2.673440193902604278e+01
4.904845976591989398e+01 2.726055401227661434e+01
4.929248195381131126e+01 2.777857096706701157e+01
4.953650414169989347e+01 2.828760251511980073e+01
4.978052632959131074e+01 2.878680059814883307e+01
5.002454851747989295e+01 2.927532170535433664e+01
5.026857070537131733e+01 2.975232921742753689e+01
5.051259289326273461e+01 3.021699576791625574e+01
5.075661508115131682e+01 3.066850561289134447e+01
5.100063726904273409e+01 3.110605699945761771e+01
5.124465945693131630e+01 3.152886452351874524e+01
5.148868164482273357e+01 3.193616146728917826e+01
5.173270383271131578e+01 3.232720210671345740e+01
5.197672602060274016e+01 3.270126397927465689e+01
5.222074820849131527e+01 3.305765010242203772e+01
5.246477039638273965e+01 3.339569113325530481e+01
5.270879258427415692e+01 3.371474745998354905e+01
5.295281477216273913e+01 3.401421121613432774e+01
5.319683696005415641e+01 3.429350820859919224e+01
5.344085914794273862e+01 3.455209975093431041e+01
5.368488133583416300e+01 3.478948439381220226e+01
5.392890352372273810e+01 3.500519954474810902e+01
