   0.0000E+00   1.0000E+00
   0.0000E+00   1.0000E+00
   1.0000E+00   1.1841E+00
   2.0000E+00   1.3221E+00
   3.0000E+00   1.4145E+00
   4.0000E+00   1.4614E+00
   5.0000E+00   1.4614E+00
   6.0000E+00   1.4168E+00
   7.0000E+00   1.3971E+00
   8.0000E+00   1.4360E+00
   9.0000E+00   1.5303E+00
   1.0000E+01   1.6814E+00
   1.1000E+01   1.7643E+00
   1.2000E+01   1.7306E+00
   1.3000E+01   1.5816E+00
   1.4000E+01   1.3280E+00
   1.5000E+01   1.1294E+00
   1.6000E+01   1.0441E+00
   1.7000E+01   1.0656E+00
   1.8000E+01   1.1850E+00
   1.9000E+01   1.3078E+00
   2.0000E+01   1.4265E+00
   2.1000E+01   1.5362E+00
   2.2000E+01   1.6270E+00
   2.3000E+01   1.6577E+00
   2.4000E+01   1.6221E+00
   2.5000E+01   1.5184E+00
   2.6000E+01   1.3860E+00
   2.7000E+01   1.3610E+00
   2.8000E+01   1.4559E+00
   2.9000E+01   1.6725E+00
   3.0000E+01   1.9446E+00
   3.1000E+01   2.1096E+00
   3.2000E+01   2.1549E+00
   3.3000E+01   2.0800E+00
   3.4000E+01   1.9309E+00
   3.5000E+01   1.8055E+00
   3.6000E+01   1.7007E+00
   3.7000E+01   1.6176E+00
   3.8000E+01   1.5691E+00
   3.9000E+01   1.5621E+00
   4.0000E+01   1.5968E+00
   4.1000E+01   1.6791E+00
   4.2000E+01   1.7642E+00
   4.3000E+01   1.8326E+00
   4.4000E+01   1.8772E+00
   4.5000E+01   1.8993E+00
   4.6000E+01   1.9129E+00
   4.7000E+01   1.9231E+00
   4.8000E+01   1.9312E+00
   4.9000E+01   1.9390E+00
   5.0000E+01   1.9668E+00
   5.1000E+01   2.0134E+00
   5.2000E+01   2.0901E+00
   5.3000E+01   2.1889E+00
   5.4000E+01   2.2425E+00
   5.5000E+01   2.2269E+00
   5.6000E+01   2.1440E+00
   5.7000E+01   2.0008E+00
   5.8000E+01   1.8791E+00
   5.9000E+01   1.7982E+00
   6.0000E+01   1.7591E+00
   6.1000E+01   1.7549E+00
   6.2000E+01   1.7366E+00
   6.3000E+01   1.6945E+00
   6.4000E+01   1.6274E+00
   6.5000E+01   1.5382E+00
   6.6000E+01   1.4599E+00
   6.7000E+01   1.3889E+00
   6.8000E+01   1.3206E+00
   6.9000E+01   1.2613E+00
   7.0000E+01   1.2288E+00
   7.1000E+01   1.2183E+00
   7.2000E+01   1.2314E+00
   7.3000E+01   1.2642E+00
   7.4000E+01   1.3114E+00
   7.5000E+01   1.3745E+00
   7.6000E+01   1.4496E+00
   7.7000E+01   1.5134E+00
   7.8000E+01   1.5237E+00
   7.9000E+01   1.4762E+00
   8.0000E+01   1.3780E+00
   8.1000E+01   1.2837E+00
   8.2000E+01   1.2781E+00
   8.3000E+01   1.3580E+00
   8.3000E+01   1.0000E+00
   8.3000E+01   1.3578E+00
   8.4000E+01   1.5442E+00
   8.5000E+01   1.7231E+00
   8.6000E+01   1.8264E+00
   8.7000E+01   1.8974E+00
   8.8000E+01   1.9093E+00
   8.9000E+01   1.9124E+00
   9.0000E+01   1.9343E+00
   9.1000E+01   1.9709E+00
   9.2000E+01   1.9960E+00
   9.3000E+01   1.9705E+00
   9.4000E+01   1.8376E+00
   9.5000E+01   1.6522E+00
   9.6000E+01   1.3809E+00
   9.7000E+01   1.1760E+00
   9.8000E+01   1.0985E+00
   9.9000E+01   1.1855E+00
   1.0000E+02   1.3261E+00
   1.0100E+02   1.5106E+00
   1.0200E+02   1.7017E+00
   1.0300E+02   1.9142E+00
   1.0400E+02   2.0965E+00
   1.0500E+02   2.1550E+00
   1.0600E+02   2.0756E+00
   1.0700E+02   1.8747E+00
   1.0800E+02   1.5802E+00
   1.0900E+02   1.3824E+00
   1.1000E+02   1.2693E+00
   1.1100E+02   1.2632E+00
   1.1200E+02   1.3180E+00
   1.1300E+02   1.3141E+00
   1.1400E+02   1.2599E+00
   1.1500E+02   1.1296E+00
   1.1600E+02   1.0483E+00
   1.1700E+02   1.1067E+00
   1.1800E+02   1.3271E+00
   1.1900E+02   1.6247E+00
   1.2000E+02   1.9828E+00
   1.2100E+02   2.1717E+00
   1.2200E+02   2.1931E+00
   1.2300E+02   2.0481E+00
   1.2400E+02   1.8586E+00
   1.2500E+02   1.6987E+00
   1.2600E+02   1.5911E+00
   1.2700E+02   1.5217E+00
   1.2800E+02   1.4969E+00
   1.2900E+02   1.4984E+00
   1.3000E+02   1.5306E+00
   1.3100E+02   1.5831E+00
   1.3200E+02   1.6101E+00
   1.3300E+02   1.5770E+00
   1.3400E+02   1.4982E+00
   1.3500E+02   1.3757E+00
   1.3600E+02   1.2801E+00
   1.3700E+02   1.2580E+00
   1.3800E+02   1.3095E+00
   1.3900E+02   1.4088E+00
   1.4000E+02   1.4909E+00
   1.4100E+02   1.5234E+00
   1.4200E+02   1.5064E+00
   1.4300E+02   1.4621E+00
   1.4400E+02   1.5374E+00
   1.4500E+02   1.7213E+00
   1.4600E+02   2.0648E+00
   1.4700E+02   2.4595E+00
   1.4700E+02   1.0000E+00
   1.4700E+02   2.4566E+00
   1.4800E+02   2.6558E+00
   1.4900E+02   2.5984E+00
   1.5000E+02   2.2884E+00
   1.5100E+02   1.8183E+00
   1.5200E+02   1.4779E+00
   1.5300E+02   1.2959E+00
   1.5400E+02   1.2777E+00
   1.5500E+02   1.3554E+00
   1.5600E+02   1.3895E+00
   1.5700E+02   1.3752E+00
   1.5800E+02   1.3207E+00
   1.5900E+02   1.2389E+00
   1.6000E+02   1.2017E+00
   1.6100E+02   1.1949E+00
   1.6200E+02   1.2197E+00
   1.6300E+02   1.2625E+00
   1.6400E+02   1.3335E+00
   1.6500E+02   1.3807E+00
   1.6600E+02   1.4532E+00
   1.6700E+02   1.4722E+00
   1.6800E+02   1.3783E+00
   1.6900E+02   1.1720E+00
   1.7000E+02   8.6813E-01
   1.7100E+02   6.0389E-01
   1.7200E+02   5.5233E-01
   1.7300E+02   6.5485E-01
   1.7400E+02   9.2448E-01
   1.7500E+02   1.1882E+00
   1.7600E+02   1.3246E+00
   1.7700E+02   1.3606E+00
   1.7800E+02   1.3015E+00
   1.7900E+02   1.2466E+00
   1.8000E+02   1.2299E+00
   1.8100E+02   1.2509E+00
   1.8200E+02   1.2952E+00
   1.8300E+02   1.3263E+00
   1.8400E+02   1.3506E+00
   1.8500E+02   1.3586E+00
   1.8600E+02   1.3405E+00
   1.8700E+02   1.3148E+00
   1.8800E+02   1.2303E+00
   1.8900E+02   1.1032E+00
   1.9000E+02   1.0614E+00
   1.9100E+02   1.0383E+00
   1.9200E+02   1.0878E+00
   1.9300E+02   1.2622E+00
   1.9400E+02   1.3836E+00
   1.9500E+02   1.4747E+00
   1.9600E+02   1.4968E+00
   1.9700E+02   1.4572E+00
   1.9800E+02   1.3852E+00
   1.9900E+02   1.3586E+00
   2.0000E+02   1.3850E+00
   2.0100E+02   1.4659E+00
   2.0200E+02   1.5330E+00
   2.0300E+02   1.5240E+00
   2.0400E+02   1.4578E+00
   2.0500E+02   1.3457E+00
   2.0600E+02   1.1872E+00
   2.0700E+02   1.0539E+00
   2.0800E+02   9.6421E-01
   2.0900E+02   8.8335E-01
   2.1000E+02   8.3003E-01
   2.1100E+02   7.7965E-01
   2.1200E+02   7.2512E-01
   2.1300E+02   6.8045E-01
   2.1400E+02   6.8033E-01
   2.1500E+02   7.1291E-01
   2.1600E+02   7.9786E-01
   2.1700E+02   8.8231E-01
   2.1800E+02   9.6427E-01
   2.1900E+02   9.8922E-01
   2.2000E+02   9.6327E-01
   2.2100E+02   8.9875E-01
   2.2200E+02   8.8875E-01
   2.2300E+02   9.6389E-01
   2.2400E+02   1.0659E+00
   2.2500E+02   1.2676E+00
   2.2600E+02   1.3791E+00
   2.2700E+02   1.4279E+00
   2.2800E+02   1.3986E+00
   2.2900E+02   1.2928E+00
   2.3000E+02   1.1539E+00
   2.3100E+02   9.8930E-01
   2.3200E+02   7.7751E-01
   2.3300E+02   5.8655E-01
   2.3400E+02   4.7312E-01
   2.3500E+02   4.7994E-01
   2.3600E+02   5.9634E-01
   2.3600E+02   1.0000E+00
   2.3600E+02   5.7445E-01
   2.3700E+02   7.5110E-01
   2.3800E+02   8.8237E-01
   2.3900E+02   9.7811E-01
   2.4000E+02   1.0098E+00
   2.4100E+02   1.0392E+00
   2.4200E+02   1.0824E+00
   2.4300E+02   1.1494E+00
   2.4400E+02   1.2438E+00
   2.4500E+02   1.3114E+00
   2.4600E+02   1.3389E+00
   2.4700E+02   1.3212E+00
   2.4800E+02   1.2578E+00
   2.4900E+02   1.2190E+00
   2.5000E+02   1.1896E+00
   2.5100E+02   1.1893E+00
   2.5200E+02   1.2150E+00
   2.5300E+02   1.2285E+00
   2.5400E+02   1.2035E+00
   2.5500E+02   1.1804E+00
   2.5600E+02   1.1146E+00
   2.5700E+02   1.0868E+00
   2.5800E+02   1.1317E+00
   2.5900E+02   1.2210E+00
   2.6000E+02   1.3337E+00
   2.6100E+02   1.3991E+00
   2.6200E+02   1.3916E+00
   2.6300E+02   1.2956E+00
   2.6400E+02   1.1449E+00
   2.6500E+02   1.0617E+00
   2.6600E+02   1.0784E+00
   2.6700E+02   1.2013E+00
   2.6800E+02   1.3319E+00
   2.6900E+02   1.4582E+00
   2.7000E+02   1.5761E+00
   2.7100E+02   1.6621E+00
   2.7200E+02   1.7171E+00
   2.7300E+02   1.7040E+00
   2.7400E+02   1.6558E+00
   2.7500E+02   1.5535E+00
   2.7600E+02   1.4045E+00
   2.7700E+02   1.2762E+00
   2.7800E+02   1.1561E+00
   2.7900E+02   1.0452E+00
   2.8000E+02   1.0059E+00
   2.8100E+02   1.0155E+00
   2.8200E+02   1.0917E+00
   2.8300E+02   1.2905E+00
   2.8400E+02   1.4000E+00
   2.8500E+02   1.5257E+00
   2.8600E+02   1.5790E+00
   2.8700E+02   1.5776E+00
   2.8800E+02   1.5902E+00
   2.8900E+02   1.6278E+00
   2.9000E+02   1.7265E+00
   2.9100E+02   1.8818E+00
   2.9200E+02   1.9794E+00
   2.9300E+02   1.9703E+00
   2.9400E+02   1.8420E+00
   2.9500E+02   1.6003E+00
   2.9600E+02   1.4324E+00
   2.9700E+02   1.3509E+00
   2.9800E+02   1.3926E+00
   2.9900E+02   1.5468E+00
   3.0000E+02   1.6683E+00
   3.0100E+02   1.7088E+00
   3.0200E+02   1.6827E+00
   3.0300E+02   1.5942E+00
   3.0400E+02   1.5122E+00
   3.0500E+02   1.4814E+00
   3.0600E+02   1.4919E+00
   3.0700E+02   1.5280E+00
   3.0800E+02   1.5423E+00
   3.0900E+02   1.5318E+00
   3.1000E+02   1.4920E+00
   3.1100E+02   1.4366E+00
   3.1200E+02   1.3903E+00
   3.1300E+02   1.3650E+00
   3.1400E+02   1.3595E+00
   3.1500E+02   1.3630E+00
   3.1600E+02   1.3400E+00
   3.1700E+02   1.2958E+00
   3.1800E+02   1.2303E+00
   3.1900E+02   1.1985E+00
   3.2000E+02   1.1633E+00
   3.2100E+02   1.1626E+00
   3.2200E+02   1.1987E+00
   3.2300E+02   1.2166E+00
   3.2400E+02   1.2511E+00
   3.2500E+02   1.2886E+00
   3.2600E+02   1.3063E+00
   3.2700E+02   1.3095E+00
   3.2800E+02   1.2946E+00
   3.2900E+02   1.2516E+00
   3.3000E+02   1.2210E+00
   3.3100E+02   1.2169E+00
   3.3200E+02   1.3071E+00
   3.3300E+02   1.4585E+00
   3.3400E+02   1.7146E+00
   3.3500E+02   1.9739E+00
   3.3600E+02   2.1535E+00
   3.3700E+02   2.2892E+00
   3.3800E+02   2.3764E+00
   3.3900E+02   2.3715E+00
   3.4000E+02   2.2968E+00
   3.4100E+02   2.1636E+00
   3.4200E+02   1.9390E+00
   3.4300E+02   1.7773E+00
   3.4400E+02   1.7164E+00
   3.4500E+02   1.7584E+00
   3.4600E+02   1.8856E+00
   3.4700E+02   1.9502E+00
   3.4800E+02   1.9045E+00
   3.4900E+02   1.7667E+00
   3.5000E+02   1.5384E+00
   3.5100E+02   1.3807E+00
   3.5200E+02   1.3035E+00
   3.5300E+02   1.3398E+00
   3.5400E+02   1.4016E+00
   3.5500E+02   1.4760E+00
   3.5600E+02   1.5159E+00
   3.5700E+02   1.5344E+00
   3.5800E+02   1.5208E+00
   3.5900E+02   1.4466E+00
   3.6000E+02   1.3443E+00
   3.6100E+02   1.1776E+00
   3.6200E+02   1.0057E+00
   3.6300E+02   9.1591E-01
   3.6400E+02   9.3477E-01
   3.6400E+02   1.0000E+00
   3.6400E+02   9.2490E-01
   3.6500E+02   1.0297E+00
   3.6600E+02   1.1771E+00
   3.6700E+02   1.3280E+00
   3.6800E+02   1.4254E+00
   3.6900E+02   1.5244E+00
   3.7000E+02   1.5849E+00
   3.7100E+02   1.5990E+00
   3.7200E+02   1.5706E+00
   3.7300E+02   1.5002E+00
   3.7400E+02   1.4143E+00
   3.7500E+02   1.3464E+00
   3.7600E+02   1.2803E+00
   3.7700E+02   1.2274E+00
   3.7800E+02   1.2217E+00
   3.7900E+02   1.2553E+00
   3.8000E+02   1.3914E+00
   3.8100E+02   1.4656E+00
   3.8200E+02   1.5898E+00
   3.8300E+02   1.6627E+00
   3.8400E+02   1.6858E+00
   3.8500E+02   1.6758E+00
   3.8600E+02   1.6289E+00
   3.8700E+02   1.5302E+00
   3.8800E+02   1.4014E+00
   3.8900E+02   1.3279E+00
   3.9000E+02   1.2373E+00
   3.9100E+02   1.2215E+00
   3.9200E+02   1.2865E+00
   3.9300E+02   1.3505E+00
   3.9400E+02   1.4230E+00
   3.9500E+02   1.4759E+00
   3.9600E+02   1.5031E+00
   3.9700E+02   1.5120E+00
   3.9800E+02   1.5190E+00
   3.9900E+02   1.5270E+00
   4.0000E+02   1.5359E+00
   4.0100E+02   1.5245E+00
   4.0200E+02   1.4558E+00
   4.0300E+02   1.3301E+00
   4.0400E+02   1.1145E+00
   4.0500E+02   9.4006E-01
   4.0600E+02   8.6488E-01
   4.0700E+02   9.1054E-01
   4.0800E+02   1.0661E+00
   4.0900E+02   1.2518E+00
   4.1000E+02   1.3314E+00
   4.1100E+02   1.3069E+00
   4.1200E+02   1.1573E+00
   4.1300E+02   1.0469E+00
   4.1400E+02   9.8874E-01
   4.1500E+02   9.9979E-01
   4.1600E+02   1.0897E+00
   4.1700E+02   1.1737E+00
   4.1800E+02   1.2168E+00
   4.1900E+02   1.2065E+00
   4.2000E+02   1.1610E+00
   4.2100E+02   1.1052E+00
   4.2200E+02   1.0350E+00
   4.2300E+02   1.0061E+00
   4.2300E+02   1.0000E+00
   4.2300E+02   1.0112E+00
   4.2400E+02   9.7893E-01
   4.2500E+02   1.0210E+00
   4.2600E+02   1.1697E+00
   4.2700E+02   1.3881E+00
   4.2800E+02   1.6947E+00
   4.2900E+02   1.8938E+00
   4.3000E+02   1.9319E+00
   4.3100E+02   1.8110E+00
   4.3200E+02   1.5455E+00
   4.3300E+02   1.3572E+00
   4.3400E+02   1.2365E+00
   4.3500E+02   1.2134E+00
   4.3600E+02   1.2552E+00
   4.3700E+02   1.2741E+00
   4.3800E+02   1.2569E+00
   4.3900E+02   1.2128E+00
   4.4000E+02   1.1564E+00
   4.4100E+02   1.1530E+00
   4.4200E+02   1.2222E+00
   4.4300E+02   1.3112E+00
   4.4400E+02   1.4149E+00
   4.4500E+02   1.4815E+00
   4.4600E+02   1.4834E+00
   4.4700E+02   1.4260E+00
   4.4800E+02   1.3378E+00
   4.4900E+02   1.2480E+00
   4.5000E+02   1.1914E+00
   4.5100E+02   1.1307E+00
   4.5200E+02   1.1119E+00
   4.5300E+02   1.1390E+00
   4.5400E+02   1.2149E+00
   4.5500E+02   1.3101E+00
   4.5600E+02   1.3772E+00
   4.5700E+02   1.4071E+00
   4.5800E+02   1.3916E+00
   4.5900E+02   1.3193E+00
   4.6000E+02   1.2657E+00
   4.6100E+02   1.2591E+00
   4.6200E+02   1.2996E+00
   4.6300E+02   1.3859E+00
   4.6400E+02   1.4293E+00
   4.6500E+02   1.4012E+00
   4.6600E+02   1.3089E+00
   4.6700E+02   1.1434E+00
   4.6800E+02   1.0443E+00
   4.6900E+02   1.0151E+00
   4.7000E+02   1.0833E+00
   4.7100E+02   1.1983E+00
   4.7200E+02   1.3256E+00
   4.7300E+02   1.3942E+00
   4.7400E+02   1.4762E+00
   4.7500E+02   1.5124E+00
   4.7600E+02   1.5071E+00
   4.7700E+02   1.4200E+00
   4.7800E+02   1.3658E+00
   4.7900E+02   1.2339E+00
   4.8000E+02   1.1431E+00
   4.8100E+02   1.1026E+00
   4.8200E+02   1.1130E+00
   4.8300E+02   1.1402E+00
   4.8400E+02   1.1557E+00
   4.8500E+02   1.1542E+00
   4.8600E+02   1.1280E+00
   4.8700E+02   1.1152E+00
   4.8800E+02   1.1066E+00
   4.8900E+02   1.1095E+00
   4.9000E+02   1.1188E+00
   4.9100E+02   1.1461E+00
   4.9200E+02   1.1761E+00
   4.9300E+02   1.2130E+00
   4.9400E+02   1.2426E+00
   4.9500E+02   1.2573E+00
   4.9600E+02   1.2451E+00
   4.9700E+02   1.1826E+00
   4.9800E+02   1.1431E+00
   4.9900E+02   1.0819E+00
   5.0000E+02   1.0607E+00
   5.0100E+02   1.0797E+00
   5.0200E+02   1.1379E+00
   5.0300E+02   1.2250E+00
   5.0400E+02   1.2796E+00
   5.0500E+02   1.3310E+00
   5.0600E+02   1.3527E+00
   5.0700E+02   1.3826E+00
   5.0800E+02   1.3949E+00
   5.0900E+02   1.3907E+00
   5.1000E+02   1.3794E+00
   5.1100E+02   1.3671E+00
   5.1200E+02   1.3638E+00
   5.1300E+02   1.3661E+00
   5.1400E+02   1.3706E+00
   5.1500E+02   1.3688E+00
   5.1600E+02   1.3572E+00
   5.1700E+02   1.3336E+00
   5.1800E+02   1.3284E+00
   5.1900E+02   1.3609E+00
   5.2000E+02   1.4316E+00
   5.2100E+02   1.5809E+00
   5.2200E+02   1.7114E+00
   5.2300E+02   1.7747E+00
   5.2400E+02   1.7540E+00
   5.2500E+02   1.6431E+00
   5.2600E+02   1.4933E+00
   5.2700E+02   1.4005E+00
   5.2800E+02   1.3502E+00
   5.2900E+02   1.3619E+00
   5.3000E+02   1.3808E+00
   5.3100E+02   1.3772E+00
   5.3200E+02   1.3393E+00
   5.3300E+02   1.2891E+00
   5.3400E+02   1.2436E+00
   5.3500E+02   1.2428E+00
   5.3600E+02   1.2788E+00
   5.3700E+02   1.3641E+00
   5.3800E+02   1.4228E+00
   5.3900E+02   1.4701E+00
   5.4000E+02   1.4799E+00
   5.4100E+02   1.4588E+00
   5.4200E+02   1.4366E+00
   5.4300E+02   1.4288E+00
   5.4400E+02   1.4392E+00
   5.4500E+02   1.4545E+00
   5.4600E+02   1.4743E+00
   5.4700E+02   1.4852E+00
   5.4800E+02   1.4860E+00
   5.4900E+02   1.4875E+00
   5.5000E+02   1.5195E+00
   5.5100E+02   1.5735E+00
   5.5200E+02   1.6762E+00
   5.5300E+02   1.7617E+00
   5.5400E+02   1.7979E+00
   5.5500E+02   1.7454E+00
   5.5600E+02   1.5903E+00
   5.5700E+02   1.4026E+00
   5.5800E+02   1.2336E+00
   5.5900E+02   1.1202E+00
   5.6000E+02   1.0827E+00
   5.6100E+02   1.1152E+00
   5.6200E+02   1.2257E+00
   5.6300E+02   1.3494E+00
   5.6400E+02   1.5522E+00
   5.6500E+02   1.7852E+00
   5.6600E+02   1.9434E+00
   5.6700E+02   2.0011E+00
   5.6800E+02   1.9595E+00
   5.6900E+02   1.8676E+00
   5.7000E+02   1.7646E+00
   5.7100E+02   1.6154E+00
   5.7200E+02   1.4757E+00
   5.7300E+02   1.3871E+00
   5.7400E+02   1.2992E+00
   5.7500E+02   1.2693E+00
   5.7600E+02   1.2856E+00
   5.7700E+02   1.3301E+00
   5.7800E+02   1.3902E+00
   5.7900E+02   1.4871E+00
   5.8000E+02   1.6050E+00
   5.8100E+02   1.6930E+00
   5.8200E+02   1.7319E+00
   5.8300E+02   1.7086E+00
   5.8400E+02   1.6483E+00
   5.8500E+02   1.5680E+00
   5.8600E+02   1.4940E+00
   5.8700E+02   1.4551E+00
   5.8800E+02   1.4285E+00
   5.8900E+02   1.4104E+00
   5.9000E+02   1.3968E+00
   5.9100E+02   1.3900E+00
   5.9200E+02   1.3847E+00
   5.9300E+02   1.3454E+00
   5.9400E+02   1.2519E+00
   5.9500E+02   1.1535E+00
   5.9600E+02   1.0323E+00
   5.9600E+02   1.0000E+00
   5.9600E+02   1.0391E+00
   5.9700E+02   9.2933E-01
   5.9800E+02   8.8445E-01
   5.9900E+02   8.9412E-01
   6.0000E+02   9.4002E-01
   6.0100E+02   9.7253E-01
   6.0200E+02   9.7506E-01
   6.0300E+02   9.6620E-01
   6.0400E+02   9.3829E-01
   6.0500E+02   9.1988E-01
   6.0600E+02   9.0820E-01
   6.0700E+02   9.0616E-01
   6.0800E+02   9.2123E-01
   6.0900E+02   9.7224E-01
   6.0900E+02   1.0000E+00
   6.0900E+02   9.5203E-01
   6.0900E+02   1.0000E+00
   6.0900E+02   1.0000E+00
   6.0900E+02   1.0000E+00
   6.0900E+02   9.5203E-01
   6.0900E+02   1.0000E+00
   6.0900E+02   9.5203E-01
   6.0900E+02   1.0000E+00
   6.0900E+02   9.5203E-01
   6.1000E+02   9.9572E-01
   6.1000E+02   1.0000E+00
   6.1000E+02   1.0177E+00
   6.1100E+02   1.1119E+00
   6.1100E+02   1.0000E+00
   6.1100E+02   1.1119E+00
   6.1200E+02   1.2065E+00
   6.1300E+02   1.2232E+00
   6.1400E+02   1.1758E+00
   6.1500E+02   1.0404E+00
   6.1500E+02   1.0000E+00
   6.1500E+02   1.0609E+00
   6.1600E+02   9.2262E-01
   6.1700E+02   8.2085E-01
   6.1800E+02   7.8709E-01
   6.1900E+02   8.0558E-01
   6.2000E+02   8.5947E-01
   6.2100E+02   9.2192E-01
   6.2100E+02   1.0000E+00
   6.2100E+02   9.0694E-01
   6.2200E+02   1.0014E+00
   6.2300E+02   1.1250E+00
   6.2400E+02   1.2160E+00
   6.2500E+02   1.2454E+00
   6.2600E+02   1.2032E+00
   6.2700E+02   1.1218E+00
   6.2800E+02   1.0308E+00
   6.2800E+02   1.0000E+00
   6.2800E+02   1.0345E+00
   6.2900E+02   9.7206E-01
   6.3000E+02   9.3661E-01
   6.3100E+02   9.3954E-01
   6.3200E+02   9.5302E-01
   6.3300E+02   9.6753E-01
   6.3400E+02   9.9153E-01
   6.3500E+02   1.0240E+00
   6.3600E+02   1.0549E+00
   6.3700E+02   1.0882E+00
   6.3800E+02   1.1012E+00
   6.3900E+02   1.1175E+00
   6.4000E+02   1.1316E+00
   6.4100E+02   1.1435E+00
   6.4200E+02   1.1549E+00
   6.4300E+02   1.1635E+00
   6.4400E+02   1.1978E+00
   6.4500E+02   1.2483E+00
   6.4600E+02   1.2869E+00
   6.4700E+02   1.3487E+00
   6.4800E+02   1.3766E+00
   6.4900E+02   1.3492E+00
   6.5000E+02   1.3162E+00
   6.5100E+02   1.2810E+00
   6.5200E+02   1.3145E+00
   6.5300E+02   1.4200E+00
   6.5400E+02   1.6059E+00
   6.5500E+02   1.7956E+00
   6.5600E+02   1.8939E+00
   6.5700E+02   1.8731E+00
   6.5800E+02   1.7579E+00
   6.5900E+02   1.5942E+00
   6.6000E+02   1.4547E+00
   6.6100E+02   1.3868E+00
   6.6200E+02   1.3243E+00
   6.6300E+02   1.2862E+00
   6.6400E+02   1.2484E+00
   6.6500E+02   1.2118E+00
   6.6600E+02   1.1963E+00
   6.6700E+02   1.2002E+00
   6.6800E+02   1.2363E+00
   6.6900E+02   1.3008E+00
   6.6900E+02   1.0000E+00
   6.6900E+02   1.2838E+00
   6.7000E+02   1.3855E+00
   6.7100E+02   1.4270E+00
   6.7200E+02   1.4068E+00
   6.7300E+02   1.3407E+00
   6.7400E+02   1.2011E+00
   6.7500E+02   1.1132E+00
   6.7600E+02   1.0447E+00
   6.7700E+02   1.0173E+00
   6.7800E+02   1.0246E+00
   6.7900E+02   1.0192E+00
   6.7900E+02   1.0000E+00
   6.7900E+02   1.0201E+00
   6.7900E+02   1.0000E+00
   6.7900E+02   1.0000E+00
   6.7900E+02   1.0000E+00
   6.7900E+02   1.0201E+00
   6.7900E+02   1.0000E+00
   6.7900E+02   1.0201E+00
   6.7900E+02   1.0000E+00
   6.7900E+02   1.0201E+00
   6.7900E+02   1.0000E+00
   6.7900E+02   1.0201E+00
   6.7900E+02   1.0000E+00
   6.7900E+02   1.0201E+00
