   0.0000E+00   1.0000E+00
   0.0000E+00   4.4734E-01
   1.0000E+00   4.4881E-01
   2.0000E+00   5.3492E-01
   3.0000E+00   6.9333E-01
   4.0000E+00   9.0996E-01
   5.0000E+00   1.0578E+00
   6.0000E+00   1.1212E+00
   7.0000E+00   1.0990E+00
   8.0000E+00   1.0222E+00
   9.0000E+00   9.8811E-01
   1.0000E+01   9.9903E-01
   1.1000E+01   1.0565E+00
   1.2000E+01   1.1254E+00
   1.3000E+01   1.1164E+00
   1.4000E+01   1.0252E+00
   1.5000E+01   8.5762E-01
   1.6000E+01   6.6997E-01
   1.7000E+01   5.9033E-01
   1.8000E+01   6.1267E-01
   1.9000E+01   7.4101E-01
   2.0000E+01   9.0367E-01
   2.1000E+01   1.0232E+00
   2.2000E+01   1.0980E+00
   2.3000E+01   1.1258E+00
   2.4000E+01   1.1319E+00
   2.5000E+01   1.1387E+00
   2.6000E+01   1.1435E+00
   2.7000E+01   1.1478E+00
   2.8000E+01   1.1462E+00
   2.9000E+01   1.1347E+00
   3.0000E+01   1.1099E+00
   3.1000E+01   1.0824E+00
   3.2000E+01   1.0813E+00
   3.3000E+01   1.1264E+00
   3.4000E+01   1.2158E+00
   3.5000E+01   1.3463E+00
   3.6000E+01   1.4454E+00
   3.7000E+01   1.4891E+00
   3.8000E+01   1.4766E+00
   3.9000E+01   1.4147E+00
   4.0000E+01   1.3645E+00
   4.1000E+01   1.3351E+00
   4.2000E+01   1.3292E+00
   4.3000E+01   1.3382E+00
   4.4000E+01   1.3232E+00
   4.5000E+01   1.2796E+00
   4.6000E+01   1.2047E+00
   4.7000E+01   1.1128E+00
   4.8000E+01   1.0613E+00
   4.9000E+01   1.0579E+00
   5.0000E+01   1.0977E+00
   5.1000E+01   1.1633E+00
   5.2000E+01   1.1954E+00
   5.3000E+01   1.1915E+00
   5.4000E+01   1.1504E+00
   5.5000E+01   1.1048E+00
   5.6000E+01   1.1195E+00
   5.7000E+01   1.1973E+00
   5.8000E+01   1.3333E+00
   5.9000E+01   1.4631E+00
   6.0000E+01   1.4805E+00
   6.1000E+01   1.3887E+00
   6.2000E+01   1.1819E+00
   6.3000E+01   9.5989E-01
   6.4000E+01   8.3252E-01
   6.5000E+01   8.0555E-01
   6.6000E+01   8.6953E-01
   6.7000E+01   9.5670E-01
   6.8000E+01   1.0101E+00
   6.9000E+01   1.0287E+00
   7.0000E+01   1.0125E+00
   7.1000E+01   9.8806E-01
   7.2000E+01   9.6479E-01
   7.3000E+01   9.4465E-01
   7.4000E+01   9.2465E-01
   7.5000E+01   8.9242E-01
   7.6000E+01   8.4188E-01
   7.7000E+01   7.7090E-01
   7.8000E+01   6.8595E-01
   7.9000E+01   6.6447E-01
   8.0000E+01   7.2095E-01
   8.1000E+01   8.5269E-01
   8.2000E+01   1.0483E+00
   8.3000E+01   1.1770E+00
   8.4000E+01   1.2121E+00
   8.5000E+01   1.1509E+00
   8.6000E+01   1.0317E+00
   8.7000E+01   9.6852E-01
   8.8000E+01   9.8268E-01
   8.9000E+01   1.0746E+00
   9.0000E+01   1.2011E+00
   9.1000E+01   1.2362E+00
   9.2000E+01   1.1711E+00
   9.3000E+01   1.0030E+00
   9.4000E+01   7.8406E-01
   9.5000E+01   6.6499E-01
   9.6000E+01   6.4959E-01
   9.7000E+01   7.3509E-01
   9.8000E+01   8.7506E-01
   9.9000E+01   9.7903E-01
   1.0000E+02   1.0489E+00
   1.0100E+02   1.0783E+00
   1.0200E+02   1.0731E+00
   1.0300E+02   1.0333E+00
   1.0400E+02   9.6090E-01
   1.0500E+02   8.5261E-01
   1.0600E+02   7.7398E-01
   1.0700E+02   7.7511E-01
   1.0800E+02   8.6025E-01
   1.0900E+02   1.0168E+00
   1.1000E+02   1.1549E+00
   1.1100E+02   1.1943E+00
   1.1200E+02   1.1398E+00
   1.1300E+02   9.9493E-01
   1.1400E+02   8.6371E-01
   1.1500E+02   8.0179E-01
   1.1600E+02   8.0697E-01
   1.1700E+02   8.7558E-01
   1.1800E+02   9.3912E-01
   1.1900E+02   9.7613E-01
   1.2000E+02   9.8343E-01
   1.2100E+02   9.7032E-01
   1.2200E+02   9.7341E-01
   1.2300E+02   1.0015E+00
   1.2400E+02   1.0582E+00
   1.2500E+02   1.1337E+00
   1.2600E+02   1.2165E+00
   1.2700E+02   1.2923E+00
   1.2800E+02   1.3707E+00
   1.2900E+02   1.4482E+00
   1.3000E+02   1.5293E+00
   1.3100E+02   1.6117E+00
   1.3200E+02   1.6994E+00
   1.3300E+02   1.7674E+00
   1.3400E+02   1.7401E+00
   1.3500E+02   1.6131E+00
   1.3600E+02   1.3865E+00
   1.3700E+02   1.1221E+00
   1.3800E+02   9.5309E-01
   1.3900E+02   8.9178E-01
   1.4000E+02   9.3638E-01
   1.4100E+02   1.0369E+00
   1.4200E+02   1.1205E+00
   1.4300E+02   1.1855E+00
   1.4400E+02   1.2313E+00
   1.4500E+02   1.2500E+00
   1.4600E+02   1.2278E+00
   1.4700E+02   1.1609E+00
   1.4800E+02   1.0535E+00
   1.4900E+02   9.6665E-01
   1.5000E+02   9.3118E-01
   1.5100E+02   9.5089E-01
   1.5200E+02   1.0239E+00
   1.5300E+02   1.1043E+00
   1.5400E+02   1.1623E+00
   1.5500E+02   1.1974E+00
   1.5600E+02   1.2098E+00
   1.5700E+02   1.1799E+00
   1.5800E+02   1.1081E+00
   1.5900E+02   9.8515E-01
   1.6000E+02   8.2198E-01
   1.6100E+02   7.0863E-01
   1.6200E+02   6.7326E-01
   1.6300E+02   7.1382E-01
   1.6400E+02   8.1958E-01
   1.6500E+02   8.9796E-01
   1.6600E+02   9.3257E-01
   1.6700E+02   9.2172E-01
   1.6800E+02   8.6560E-01
   1.6900E+02   7.9277E-01
   1.7000E+02   7.0472E-01
   1.7100E+02   5.9463E-01
   1.7200E+02   4.7724E-01
   1.7300E+02   3.9869E-01
   1.7400E+02   3.6686E-01
   1.7500E+02   3.7810E-01
   1.7600E+02   4.1481E-01
   1.7700E+02   4.2742E-01
   1.7800E+02   4.1115E-01
   1.7900E+02   3.6565E-01
   1.8000E+02   3.2317E-01
   1.8100E+02   3.2012E-01
   1.8200E+02   3.5746E-01
   1.8300E+02   4.3760E-01
   1.8400E+02   5.2493E-01
   1.8500E+02   5.8585E-01
   1.8500E+02   1.0000E+00
   1.8500E+02   5.8470E-01
   1.8500E+02   1.0000E+00
   1.8500E+02   1.0000E+00
   1.8500E+02   1.0000E+00
   1.8500E+02   5.8470E-01
   1.8500E+02   1.0000E+00
   1.8500E+02   5.8470E-01
   1.8500E+02   1.0000E+00
   1.8500E+02   5.8470E-01
   1.8600E+02   6.1974E-01
   1.8600E+02   1.0000E+00
   1.8600E+02   6.1974E-01
   1.8700E+02   6.2724E-01
   1.8700E+02   1.0000E+00
   1.8700E+02   6.2724E-01
   1.8800E+02   6.1624E-01
   1.8900E+02   6.0107E-01
   1.8900E+02   1.0000E+00
   1.8900E+02   6.0858E-01
   1.8900E+02   1.0000E+00
   1.8900E+02   1.0000E+00
   1.8900E+02   1.0000E+00
   1.8900E+02   6.0858E-01
   1.8900E+02   1.0000E+00
   1.8900E+02   6.0858E-01
   1.9000E+02   5.9478E-01
   1.9100E+02   5.7744E-01
   1.9200E+02   5.4763E-01
   1.9300E+02   4.9788E-01
   1.9400E+02   4.0559E-01
   1.9500E+02   3.7284E-01
   1.9600E+02   3.5358E-01
   1.9700E+02   3.8165E-01
   1.9800E+02   4.5704E-01
   1.9900E+02   5.6284E-01
   1.9900E+02   1.0000E+00
   1.9900E+02   5.6284E-01
   2.0000E+02   7.0825E-01
   2.0100E+02   8.4810E-01
   2.0200E+02   9.4223E-01
   2.0200E+02   1.0000E+00
   2.0200E+02   9.2443E-01
   2.0300E+02   1.0302E+00
   2.0400E+02   1.1090E+00
   2.0500E+02   1.1469E+00
   2.0600E+02   1.1559E+00
   2.0700E+02   1.1414E+00
   2.0800E+02   1.1348E+00
   2.0900E+02   1.1465E+00
   2.1000E+02   1.1827E+00
   2.1100E+02   1.2103E+00
   2.1200E+02   1.2557E+00
   2.1300E+02   1.3138E+00
   2.1400E+02   1.3495E+00
   2.1500E+02   1.3644E+00
   2.1600E+02   1.3811E+00
   2.1700E+02   1.3701E+00
   2.1800E+02   1.3485E+00
   2.1900E+02   1.3037E+00
   2.2000E+02   1.2504E+00
   2.2100E+02   1.2272E+00
   2.2200E+02   1.1604E+00
   2.2300E+02   1.1202E+00
   2.2400E+02   1.0527E+00
   2.2400E+02   1.0000E+00
   2.2400E+02   1.0736E+00
   2.2400E+02   1.0000E+00
   2.2400E+02   1.0736E+00
   2.2400E+02   1.0000E+00
   2.2400E+02   1.0736E+00
   2.2400E+02   1.0000E+00
   2.2400E+02   1.0736E+00
   2.2400E+02   1.0000E+00
   2.2400E+02   1.0736E+00
   2.2400E+02   1.0000E+00
   2.2400E+02   1.0736E+00
   2.2500E+02   9.8906E-01
   2.2500E+02   1.0000E+00
   2.2500E+02   9.8906E-01
   2.2600E+02   8.8584E-01
   2.2600E+02   1.0000E+00
   2.2600E+02   8.8584E-01
   2.2700E+02   7.6755E-01
   2.2800E+02   7.0131E-01
   2.2900E+02   6.5060E-01
   2.3000E+02   6.4205E-01
   2.3100E+02   6.9576E-01
   2.3200E+02   7.5740E-01
   2.3300E+02   8.4223E-01
   2.3400E+02   9.9114E-01
   2.3500E+02   1.0950E+00
   2.3600E+02   1.1617E+00
   2.3700E+02   1.1599E+00
   2.3800E+02   1.1129E+00
   2.3900E+02   1.0495E+00
   2.3900E+02   1.0000E+00
   2.3900E+02   1.0579E+00
   2.4000E+02   1.0009E+00
   2.4100E+02   9.4580E-01
   2.4200E+02   8.9619E-01
   2.4300E+02   8.1374E-01
   2.4400E+02   7.7359E-01
   2.4500E+02   6.8122E-01
   2.4500E+02   1.0000E+00
   2.4500E+02   6.9922E-01
   2.4500E+02   1.0000E+00
   2.4500E+02   1.0000E+00
   2.4500E+02   1.0000E+00
   2.4500E+02   6.9922E-01
   2.4600E+02   6.0044E-01
   2.4600E+02   1.0000E+00
   2.4600E+02   6.1028E-01
   2.4700E+02   5.6425E-01
   2.4800E+02   5.8315E-01
   2.4800E+02   1.0000E+00
   2.4800E+02   5.7700E-01
   2.4900E+02   6.5588E-01
   2.5000E+02   7.6172E-01
   2.5100E+02   8.7114E-01
   2.5200E+02   9.4847E-01
   2.5200E+02   1.0000E+00
   2.5200E+02   9.4261E-01
   2.5300E+02   1.0065E+00
   2.5400E+02   1.0551E+00
   2.5500E+02   1.0972E+00
   2.5600E+02   1.1194E+00
   2.5700E+02   1.1459E+00
   2.5800E+02   1.1519E+00
   2.5900E+02   1.1397E+00
   2.6000E+02   1.1068E+00
   2.6100E+02   1.0550E+00
   2.6200E+02   1.0022E+00
   2.6300E+02   9.7593E-01
   2.6400E+02   9.8574E-01
   2.6400E+02   1.0000E+00
   2.6400E+02   9.8341E-01
   2.6500E+02   1.0280E+00
   2.6600E+02   1.0774E+00
   2.6700E+02   1.1160E+00
   2.6800E+02   1.1362E+00
   2.6900E+02   1.1383E+00
   2.7000E+02   1.1343E+00
   2.7100E+02   1.1283E+00
   2.7200E+02   1.1241E+00
   2.7300E+02   1.1175E+00
   2.7400E+02   1.1223E+00
   2.7500E+02   1.1508E+00
   2.7600E+02   1.1746E+00
   2.7700E+02   1.2207E+00
   2.7800E+02   1.2555E+00
   2.7900E+02   1.2685E+00
   2.8000E+02   1.2531E+00
   2.8100E+02   1.2283E+00
   2.8200E+02   1.2419E+00
   2.8300E+02   1.3248E+00
   2.8400E+02   1.4259E+00
   2.8500E+02   1.6153E+00
   2.8600E+02   1.7199E+00
   2.8700E+02   1.7625E+00
   2.8800E+02   1.7137E+00
   2.8900E+02   1.6242E+00
   2.9000E+02   1.5223E+00
   2.9100E+02   1.4041E+00
   2.9200E+02   1.3303E+00
   2.9300E+02   1.2511E+00
   2.9400E+02   1.2176E+00
   2.9500E+02   1.2421E+00
   2.9600E+02   1.3163E+00
   2.9700E+02   1.4058E+00
   2.9800E+02   1.5105E+00
   2.9900E+02   1.5753E+00
   3.0000E+02   1.6208E+00
   3.0100E+02   1.6396E+00
   3.0200E+02   1.5648E+00
   3.0300E+02   1.4428E+00
   3.0400E+02   1.3410E+00
   3.0500E+02   1.1884E+00
   3.0600E+02   1.1793E+00
   3.0700E+02   1.3141E+00
   3.0800E+02   1.5332E+00
   3.0900E+02   1.7925E+00
   3.1000E+02   1.9635E+00
   3.1100E+02   2.0265E+00
   3.1200E+02   1.9693E+00
   3.1300E+02   1.8562E+00
   3.1400E+02   1.7591E+00
   3.1500E+02   1.5964E+00
   3.1600E+02   1.4209E+00
   3.1700E+02   1.2773E+00
   3.1800E+02   1.2042E+00
   3.1900E+02   1.2147E+00
   3.2000E+02   1.2810E+00
   3.2100E+02   1.3680E+00
   3.2200E+02   1.4626E+00
   3.2300E+02   1.5365E+00
   3.2400E+02   1.6207E+00
   3.2500E+02   1.6735E+00
   3.2600E+02   1.6876E+00
   3.2700E+02   1.6300E+00
   3.2800E+02   1.6036E+00
   3.2900E+02   1.5515E+00
   3.3000E+02   1.4908E+00
   3.3100E+02   1.4302E+00
   3.3200E+02   1.3881E+00
   3.3300E+02   1.3354E+00
   3.3400E+02   1.2730E+00
   3.3500E+02   1.2208E+00
   3.3600E+02   1.1743E+00
   3.3700E+02   1.0640E+00
   3.3700E+02   1.0000E+00
   3.3700E+02   1.0925E+00
   3.3700E+02   1.0000E+00
   3.3700E+02   1.0925E+00
   3.3700E+02   1.0000E+00
   3.3700E+02   1.0000E+00
   3.3700E+02   1.0925E+00
   3.3800E+02   9.4509E-01
   3.3900E+02   7.4944E-01
   3.3900E+02   1.0000E+00
   3.3900E+02   7.6384E-01
   3.4000E+02   5.5882E-01
   3.4100E+02   4.1860E-01
   3.4200E+02   3.8827E-01
   3.4300E+02   4.4878E-01
   3.4400E+02   5.0766E-01
   3.4500E+02   5.7363E-01
   3.4500E+02   1.0000E+00
   3.4500E+02   5.6400E-01
   3.4600E+02   6.0112E-01
   3.4700E+02   6.1338E-01
   3.4800E+02   6.2725E-01
   3.4900E+02   6.5953E-01
   3.5000E+02   7.5256E-01
   3.5100E+02   8.4481E-01
   3.5200E+02   9.2113E-01
   3.5300E+02   9.9673E-01
   3.5300E+02   1.0000E+00
   3.5300E+02   9.7702E-01
   3.5400E+02   1.0477E+00
   3.5500E+02   1.0950E+00
   3.5600E+02   1.1006E+00
   3.5700E+02   1.0469E+00
   3.5700E+02   1.0000E+00
   3.5700E+02   1.0683E+00
   3.5800E+02   9.8436E-01
   3.5900E+02   8.3902E-01
   3.6000E+02   7.8490E-01
   3.6100E+02   8.4818E-01
   3.6100E+02   1.0000E+00
   3.6100E+02   8.2680E-01
   3.6200E+02   9.8529E-01
   3.6300E+02   1.2464E+00
   3.6400E+02   1.4389E+00
   3.6500E+02   1.4982E+00
   3.6600E+02   1.4204E+00
   3.6700E+02   1.2023E+00
   3.6800E+02   1.0545E+00
   3.6900E+02   9.7330E-01
   3.7000E+02   9.7608E-01
   3.7100E+02   1.0301E+00
   3.7200E+02   1.0493E+00
   3.7200E+02   1.0000E+00
   3.7200E+02   1.0502E+00
   3.7300E+02   1.0114E+00
   3.7400E+02   9.0467E-01
   3.7500E+02   7.6499E-01
   3.7600E+02   6.7239E-01
   3.7700E+02   6.3698E-01
   3.7800E+02   6.5162E-01
   3.7900E+02   7.0984E-01
   3.8000E+02   7.2681E-01
   3.8100E+02   7.0826E-01
   3.8200E+02   6.3804E-01
   3.8300E+02   6.0973E-01
   3.8300E+02   1.0000E+00
   3.8300E+02   6.1824E-01
   3.8400E+02   5.8553E-01
   3.8500E+02   5.8507E-01
   3.8500E+02   1.0000E+00
   3.8500E+02   5.8444E-01
   3.8500E+02   1.0000E+00
   3.8500E+02   1.0000E+00
   3.8500E+02   1.0000E+00
   3.8500E+02   5.8444E-01
   3.8500E+02   1.0000E+00
   3.8500E+02   5.8444E-01
   3.8500E+02   1.0000E+00
   3.8500E+02   5.8444E-01
   3.8600E+02   6.1109E-01
   3.8600E+02   1.0000E+00
   3.8600E+02   6.1109E-01
   3.8700E+02   6.6165E-01
   3.8700E+02   1.0000E+00
   3.8700E+02   6.6165E-01
   3.8800E+02   7.2702E-01
   3.8900E+02   8.4087E-01
   3.9000E+02   9.5051E-01
   3.9000E+02   1.0000E+00
   3.9000E+02   8.9889E-01
   3.9000E+02   1.0000E+00
   3.9000E+02   1.0000E+00
   3.9000E+02   1.0000E+00
   3.9000E+02   8.9889E-01
   3.9000E+02   1.0000E+00
   3.9000E+02   8.9889E-01
   3.9100E+02   9.9787E-01
   3.9100E+02   1.0000E+00
   3.9100E+02   9.8732E-01
   3.9200E+02   1.0507E+00
   3.9300E+02   1.0764E+00
   3.9400E+02   1.0682E+00
   3.9500E+02   1.0097E+00
   3.9500E+02   1.0000E+00
   3.9500E+02   1.0392E+00
   3.9600E+02   9.6319E-01
   3.9700E+02   8.5532E-01
   3.9800E+02   6.9619E-01
   3.9900E+02   6.0554E-01
   4.0000E+02   5.7389E-01
   4.0000E+02   1.0000E+00
   4.0000E+02   5.7355E-01
   4.0000E+02   1.0000E+00
   4.0000E+02   1.0000E+00
   4.0000E+02   1.0000E+00
   4.0000E+02   5.7355E-01
   4.0000E+02   1.0000E+00
   4.0000E+02   5.7355E-01
   4.0000E+02   1.0000E+00
   4.0000E+02   5.7355E-01
   4.0100E+02   6.0852E-01
   4.0100E+02   1.0000E+00
   4.0100E+02   6.0852E-01
   4.0200E+02   7.1311E-01
   4.0200E+02   1.0000E+00
   4.0200E+02   7.1311E-01
   4.0300E+02   8.1187E-01
   4.0400E+02   8.5881E-01
   4.0500E+02   8.5442E-01
   4.0600E+02   8.1054E-01
   4.0700E+02   7.8567E-01
   4.0800E+02   8.1114E-01
   4.0900E+02   8.8637E-01
   4.1000E+02   9.4211E-01
   4.1100E+02   1.0296E+00
   4.1200E+02   1.0984E+00
   4.1300E+02   1.1602E+00
   4.1400E+02   1.1966E+00
   4.1500E+02   1.2257E+00
   4.1600E+02   1.2360E+00
   4.1700E+02   1.2310E+00
   4.1800E+02   1.2141E+00
   4.1900E+02   1.2044E+00
   4.2000E+02   1.2007E+00
   4.2100E+02   1.2015E+00
   4.2200E+02   1.2025E+00
   4.2300E+02   1.2001E+00
   4.2400E+02   1.1953E+00
   4.2500E+02   1.1767E+00
   4.2600E+02   1.1601E+00
   4.2700E+02   1.0834E+00
   4.2700E+02   1.0000E+00
   4.2700E+02   1.1118E+00
   4.2700E+02   1.0000E+00
   4.2700E+02   1.0000E+00
   4.2700E+02   1.0000E+00
   4.2700E+02   1.1118E+00
   4.2800E+02   1.0049E+00
   4.2800E+02   1.0000E+00
   4.2800E+02   1.0296E+00
   4.2800E+02   1.0000E+00
   4.2800E+02   1.0296E+00
   4.2900E+02   9.1692E-01
   4.2900E+02   1.0000E+00
   4.2900E+02   9.1692E-01
   4.3000E+02   8.0358E-01
   4.3000E+02   1.0000E+00
   4.3000E+02   8.0358E-01
   4.3100E+02   7.3322E-01
   4.3200E+02   7.2850E-01
   4.3300E+02   7.8228E-01
   4.3400E+02   8.1048E-01
   4.3500E+02   8.6536E-01
   4.3600E+02   9.0979E-01
   4.3700E+02   9.3602E-01
   4.3800E+02   9.4723E-01
   4.3900E+02   9.2663E-01
   4.4000E+02   8.6178E-01
   4.4100E+02   8.1508E-01
   4.4200E+02   7.3920E-01
   4.4300E+02   7.0243E-01
   4.4400E+02   6.6279E-01
   4.4500E+02   6.4405E-01
   4.4600E+02   6.2118E-01
   4.4600E+02   1.0000E+00
   4.4600E+02   6.2459E-01
   4.4600E+02   1.0000E+00
   4.4600E+02   1.0000E+00
   4.4600E+02   1.0000E+00
   4.4600E+02   6.2459E-01
   4.4600E+02   1.0000E+00
   4.4600E+02   6.2459E-01
   4.4600E+02   1.0000E+00
   4.4600E+02   6.2459E-01
   4.4600E+02   1.0000E+00
   4.4600E+02   6.2459E-01
   4.4600E+02   1.0000E+00
   4.4600E+02   6.2459E-01
