   0.0000E+00   1.0000E+00
   0.0000E+00   1.0786E+00
   1.0000E+00   1.0765E+00
   2.0000E+00   1.0277E+00
   3.0000E+00   1.0186E+00
   4.0000E+00   1.0245E+00
   5.0000E+00   1.0096E+00
   6.0000E+00   9.7650E-01
   7.0000E+00   9.2222E-01
   8.0000E+00   8.8015E-01
   9.0000E+00   8.8546E-01
   1.0000E+01   9.3272E-01
   1.1000E+01   1.0299E+00
   1.2000E+01   1.1161E+00
   1.3000E+01   1.1573E+00
   1.4000E+01   1.1530E+00
   1.5000E+01   1.1080E+00
   1.6000E+01   1.0650E+00
   1.7000E+01   1.0526E+00
   1.8000E+01   1.0711E+00
   1.9000E+01   1.1148E+00
   2.0000E+01   1.1636E+00
   2.1000E+01   1.2037E+00
   2.2000E+01   1.2461E+00
   2.3000E+01   1.2850E+00
   2.4000E+01   1.3127E+00
   2.5000E+01   1.3248E+00
   2.6000E+01   1.3225E+00
   2.7000E+01   1.3095E+00
   2.8000E+01   1.3113E+00
   2.9000E+01   1.3314E+00
   3.0000E+01   1.3678E+00
   3.1000E+01   1.4131E+00
   3.2000E+01   1.4206E+00
   3.3000E+01   1.3863E+00
   3.4000E+01   1.3083E+00
   3.5000E+01   1.2056E+00
   3.6000E+01   1.1313E+00
   3.7000E+01   1.0937E+00
   3.8000E+01   1.0874E+00
   3.9000E+01   1.1068E+00
   4.0000E+01   1.1275E+00
   4.1000E+01   1.1520E+00
   4.2000E+01   1.1760E+00
   4.3000E+01   1.2008E+00
   4.4000E+01   1.2277E+00
   4.5000E+01   1.2598E+00
   4.6000E+01   1.2849E+00
   4.7000E+01   1.3111E+00
   4.8000E+01   1.3257E+00
   4.9000E+01   1.3329E+00
   5.0000E+01   1.3302E+00
   5.1000E+01   1.3222E+00
   5.2000E+01   1.3074E+00
   5.3000E+01   1.2872E+00
   5.4000E+01   1.2612E+00
   5.5000E+01   1.2235E+00
   5.6000E+01   1.1860E+00
   5.7000E+01   1.1309E+00
   5.8000E+01   1.0713E+00
   5.9000E+01   1.0572E+00
   6.0000E+01   1.1031E+00
   6.1000E+01   1.2143E+00
   6.2000E+01   1.3802E+00
   6.3000E+01   1.5010E+00
   6.4000E+01   1.5400E+00
   6.5000E+01   1.5011E+00
   6.6000E+01   1.3976E+00
   6.7000E+01   1.3338E+00
   6.8000E+01   1.3441E+00
   6.9000E+01   1.4198E+00
   7.0000E+01   1.5456E+00
   7.1000E+01   1.6043E+00
   7.2000E+01   1.5788E+00
   7.3000E+01   1.4687E+00
   7.4000E+01   1.2986E+00
   7.5000E+01   1.1638E+00
   7.6000E+01   1.0713E+00
   7.7000E+01   1.0319E+00
   7.8000E+01   1.0324E+00
   7.9000E+01   1.0638E+00
   8.0000E+01   1.1283E+00
   8.1000E+01   1.2257E+00
   8.2000E+01   1.3157E+00
   8.3000E+01   1.3388E+00
   8.4000E+01   1.2889E+00
   8.5000E+01   1.1659E+00
   8.6000E+01   1.0327E+00
   8.7000E+01   9.9077E-01
   8.8000E+01   1.0360E+00
   8.9000E+01   1.1691E+00
   9.0000E+01   1.2946E+00
   9.1000E+01   1.3411E+00
   9.2000E+01   1.2986E+00
   9.3000E+01   1.1725E+00
   9.4000E+01   1.0495E+00
   9.5000E+01   1.0118E+00
   9.6000E+01   1.0507E+00
   9.7000E+01   1.1705E+00
   9.8000E+01   1.2731E+00
   9.9000E+01   1.3207E+00
   1.0000E+02   1.3086E+00
   1.0100E+02   1.2422E+00
   1.0200E+02   1.1858E+00
   1.0300E+02   1.1578E+00
   1.0400E+02   1.1617E+00
   1.0500E+02   1.1917E+00
   1.0600E+02   1.2177E+00
   1.0700E+02   1.2314E+00
   1.0800E+02   1.2321E+00
   1.0900E+02   1.2232E+00
   1.1000E+02   1.2262E+00
   1.1100E+02   1.2462E+00
   1.1200E+02   1.2934E+00
   1.1300E+02   1.3254E+00
   1.1400E+02   1.3498E+00
   1.1500E+02   1.3484E+00
   1.1600E+02   1.3228E+00
   1.1700E+02   1.2783E+00
   1.1800E+02   1.2420E+00
   1.1900E+02   1.2172E+00
   1.2000E+02   1.2028E+00
   1.2100E+02   1.1956E+00
   1.2200E+02   1.1908E+00
   1.2300E+02   1.1878E+00
   1.2400E+02   1.1849E+00
   1.2500E+02   1.1833E+00
   1.2600E+02   1.1822E+00
   1.2700E+02   1.1818E+00
   1.2800E+02   1.1820E+00
   1.2900E+02   1.1919E+00
   1.3000E+02   1.2218E+00
   1.3100E+02   1.2763E+00
   1.3200E+02   1.3457E+00
   1.3300E+02   1.3975E+00
   1.3400E+02   1.3999E+00
   1.3500E+02   1.3486E+00
   1.3600E+02   1.2504E+00
   1.3700E+02   1.1523E+00
   1.3800E+02   1.0934E+00
   1.3900E+02   1.0771E+00
   1.4000E+02   1.0977E+00
   1.4100E+02   1.1374E+00
   1.4200E+02   1.1866E+00
   1.4300E+02   1.2441E+00
   1.4400E+02   1.3076E+00
   1.4500E+02   1.3265E+00
   1.4600E+02   1.2812E+00
   1.4700E+02   1.1757E+00
   1.4800E+02   1.0172E+00
   1.4900E+02   9.2294E-01
   1.5000E+02   9.0983E-01
   1.5100E+02   9.8240E-01
   1.5200E+02   1.1095E+00
   1.5300E+02   1.1622E+00
   1.5400E+02   1.1103E+00
   1.5500E+02   9.5536E-01
   1.5600E+02   7.3529E-01
   1.5700E+02   6.3315E-01
   1.5800E+02   6.6176E-01
   1.5900E+02   8.2332E-01
   1.6000E+02   1.0497E+00
   1.6100E+02   1.1784E+00
   1.6200E+02   1.1855E+00
   1.6300E+02   1.0792E+00
   1.6400E+02   9.1956E-01
   1.6500E+02   8.5523E-01
   1.6600E+02   8.9127E-01
   1.6700E+02   1.0279E+00
   1.6800E+02   1.1927E+00
   1.6900E+02   1.2603E+00
   1.7000E+02   1.2359E+00
   1.7100E+02   1.1183E+00
   1.7200E+02   9.9104E-01
   1.7300E+02   9.3863E-01
   1.7400E+02   9.6393E-01
   1.7400E+02   1.0000E+00
   1.7400E+02   9.6355E-01
   1.7500E+02   1.0710E+00
   1.7600E+02   1.1684E+00
   1.7700E+02   1.1989E+00
   1.7800E+02   1.1643E+00
   1.7900E+02   1.0578E+00
   1.8000E+02   9.9269E-01
   1.8100E+02   9.7056E-01
   1.8200E+02   1.0072E+00
   1.8300E+02   1.1061E+00
   1.8400E+02   1.1495E+00
   1.8500E+02   1.1171E+00
   1.8600E+02   1.0205E+00
   1.8600E+02   1.0000E+00
   1.8600E+02   1.0366E+00
   1.8700E+02   8.6748E-01
   1.8800E+02   7.5308E-01
   1.8900E+02   7.1128E-01
   1.9000E+02   7.6799E-01
   1.9100E+02   8.2042E-01
   1.9200E+02   8.9751E-01
   1.9300E+02   9.3379E-01
   1.9400E+02   9.3880E-01
   1.9500E+02   9.3333E-01
   1.9600E+02   9.4841E-01
   1.9600E+02   1.0000E+00
   1.9600E+02   9.4613E-01
   1.9700E+02   9.9233E-01
   1.9800E+02   1.0543E+00
   1.9900E+02   1.1348E+00
   2.0000E+02   1.1449E+00
   2.0100E+02   1.0994E+00
   2.0100E+02   1.0000E+00
   2.0100E+02   1.1089E+00
   2.0200E+02   1.0026E+00
   2.0300E+02   8.8432E-01
   2.0400E+02   8.3889E-01
   2.0500E+02   8.7830E-01
   2.0600E+02   9.9512E-01
   2.0700E+02   1.1124E+00
   2.0800E+02   1.1299E+00
   2.0900E+02   1.0382E+00
   2.1000E+02   8.4557E-01
   2.1100E+02   6.6508E-01
   2.1200E+02   5.9383E-01
   2.1300E+02   6.5530E-01
   2.1400E+02   8.4479E-01
   2.1500E+02   1.0420E+00
   2.1600E+02   1.1752E+00
   2.1700E+02   1.2218E+00
   2.1800E+02   1.1951E+00
   2.1900E+02   1.1692E+00
   2.2000E+02   1.1829E+00
   2.2100E+02   1.2329E+00
   2.2200E+02   1.3007E+00
   2.2300E+02   1.3516E+00
   2.2400E+02   1.3579E+00
   2.2500E+02   1.3275E+00
   2.2600E+02   1.2489E+00
   2.2700E+02   1.2036E+00
   2.2800E+02   1.2134E+00
   2.2900E+02   1.2737E+00
   2.3000E+02   1.3502E+00
   2.3100E+02   1.4192E+00
   2.3200E+02   1.4495E+00
   2.3300E+02   1.4290E+00
   2.3400E+02   1.3944E+00
   2.3500E+02   1.3574E+00
   2.3600E+02   1.3424E+00
   2.3700E+02   1.3456E+00
   2.3800E+02   1.3420E+00
   2.3900E+02   1.2878E+00
   2.4000E+02   1.1667E+00
   2.4100E+02   1.0069E+00
   2.4200E+02   7.8360E-01
   2.4300E+02   6.6421E-01
   2.4400E+02   6.0973E-01
   2.4500E+02   6.4965E-01
   2.4600E+02   7.1847E-01
   2.4700E+02   7.7512E-01
   2.4800E+02   8.1179E-01
   2.4900E+02   8.5056E-01
   2.5000E+02   8.5978E-01
   2.5100E+02   8.0909E-01
   2.5200E+02   7.4638E-01
   2.5300E+02   6.7749E-01
   2.5400E+02   5.8628E-01
   2.5500E+02   5.1520E-01
   2.5600E+02   4.7946E-01
   2.5700E+02   4.8062E-01
   2.5800E+02   5.3891E-01
   2.5800E+02   1.0000E+00
   2.5800E+02   5.1038E-01
   2.5800E+02   1.0000E+00
   2.5800E+02   1.0000E+00
   2.5800E+02   1.0000E+00
   2.5800E+02   5.1038E-01
   2.5800E+02   1.0000E+00
   2.5800E+02   5.1038E-01
   2.5800E+02   1.0000E+00
   2.5800E+02   5.1038E-01
   2.5900E+02   6.0349E-01
   2.5900E+02   1.0000E+00
   2.5900E+02   6.0349E-01
   2.6000E+02   7.5247E-01
   2.6000E+02   1.0000E+00
   2.6000E+02   7.5247E-01
   2.6100E+02   9.7707E-01
   2.6200E+02   1.1504E+00
   2.6300E+02   1.2496E+00
   2.6400E+02   1.2864E+00
   2.6500E+02   1.2596E+00
   2.6600E+02   1.2234E+00
   2.6700E+02   1.2035E+00
   2.6800E+02   1.2058E+00
   2.6900E+02   1.2128E+00
   2.7000E+02   1.1684E+00
   2.7100E+02   1.0770E+00
   2.7100E+02   1.0000E+00
   2.7100E+02   1.0835E+00
   2.7200E+02   9.1689E-01
   2.7300E+02   7.1979E-01
   2.7400E+02   6.0319E-01
   2.7500E+02   6.0621E-01
   2.7600E+02   7.3641E-01
   2.7700E+02   9.4865E-01
   2.7800E+02   1.0607E+00
   2.7900E+02   1.0802E+00
   2.7900E+02   1.0000E+00
   2.7900E+02   1.0859E+00
   2.8000E+02   1.0135E+00
   2.8100E+02   8.6427E-01
   2.8200E+02   7.7336E-01
   2.8300E+02   7.1955E-01
   2.8400E+02   7.3207E-01
   2.8500E+02   7.6400E-01
   2.8600E+02   8.2772E-01
   2.8700E+02   8.7324E-01
   2.8800E+02   9.0608E-01
   2.8900E+02   9.5181E-01
   2.9000E+02   9.7621E-01
   2.9100E+02   9.7473E-01
   2.9200E+02   9.4717E-01
   2.9300E+02   8.8759E-01
   2.9400E+02   8.4433E-01
   2.9500E+02   7.3116E-01
   2.9500E+02   1.0000E+00
   2.9500E+02   7.5362E-01
   2.9600E+02   6.2546E-01
   2.9700E+02   5.0989E-01
   2.9800E+02   4.4919E-01
   2.9900E+02   4.5000E-01
   3.0000E+02   4.9927E-01
   3.0100E+02   5.6672E-01
   3.0100E+02   1.0000E+00
   3.0100E+02   5.5508E-01
   3.0200E+02   5.9249E-01
   3.0200E+02   1.0000E+00
   3.0200E+02   5.9201E-01
   3.0300E+02   6.0653E-01
   3.0300E+02   1.0000E+00
   3.0300E+02   6.0635E-01
   3.0300E+02   1.0000E+00
   3.0300E+02   1.0000E+00
   3.0300E+02   1.0000E+00
   3.0300E+02   6.0635E-01
   3.0300E+02   1.0000E+00
   3.0300E+02   6.0635E-01
   3.0300E+02   1.0000E+00
   3.0300E+02   6.0635E-01
   3.0400E+02   5.9852E-01
   3.0400E+02   1.0000E+00
   3.0400E+02   5.9852E-01
   3.0500E+02   5.8129E-01
   3.0500E+02   1.0000E+00
   3.0500E+02   5.8129E-01
   3.0600E+02   5.5038E-01
   3.0700E+02   5.3828E-01
   3.0800E+02   5.0822E-01
   3.0900E+02   4.6823E-01
   3.1000E+02   4.4306E-01
   3.1100E+02   4.1573E-01
   3.1200E+02   3.7423E-01
   3.1300E+02   3.7003E-01
   3.1400E+02   3.9906E-01
   3.1500E+02   4.9610E-01
   3.1600E+02   5.6263E-01
   3.1600E+02   1.0000E+00
   3.1600E+02   5.4177E-01
   3.1600E+02   1.0000E+00
   3.1600E+02   1.0000E+00
   3.1600E+02   1.0000E+00
   3.1600E+02   5.4177E-01
   3.1600E+02   1.0000E+00
   3.1600E+02   5.4177E-01
   3.1600E+02   1.0000E+00
   3.1600E+02   5.4177E-01
   3.1700E+02   6.4224E-01
   3.1700E+02   1.0000E+00
   3.1700E+02   6.4224E-01
   3.1800E+02   7.4823E-01
   3.1800E+02   1.0000E+00
   3.1800E+02   7.4823E-01
   3.1900E+02   8.6722E-01
   3.2000E+02   9.6200E-01
   3.2100E+02   9.7415E-01
   3.2200E+02   8.8301E-01
   3.2300E+02   6.8288E-01
   3.2400E+02   4.9398E-01
   3.2500E+02   3.2844E-01
   3.2600E+02   2.3123E-01
   3.2700E+02   2.1531E-01
   3.2800E+02   2.8901E-01
   3.2900E+02   3.9891E-01
   3.2900E+02   1.0000E+00
   3.2900E+02   3.5810E-01
   3.3000E+02   5.1077E-01
   3.3100E+02   7.2401E-01
   3.3200E+02   9.2721E-01
   3.3300E+02   9.8828E-01
   3.3400E+02   9.0876E-01
   3.3500E+02   7.5871E-01
   3.3600E+02   5.7666E-01
   3.3700E+02   4.3685E-01
   3.3800E+02   3.6342E-01
   3.3900E+02   3.6194E-01
   3.4000E+02   3.8476E-01
   3.4100E+02   4.2382E-01
   3.4200E+02   4.7681E-01
   3.4300E+02   5.0808E-01
   3.4300E+02   1.0000E+00
   3.4300E+02   5.0434E-01
   3.4400E+02   5.9321E-01
   3.4400E+02   1.0000E+00
   3.4400E+02   5.7402E-01
   3.4400E+02   1.0000E+00
   3.4400E+02   1.0000E+00
   3.4400E+02   1.0000E+00
   3.4400E+02   5.7402E-01
   3.4500E+02   6.8631E-01
   3.4600E+02   8.2456E-01
   3.4600E+02   1.0000E+00
   3.4600E+02   8.0768E-01
   3.4700E+02   9.8464E-01
   3.4700E+02   1.0000E+00
   3.4700E+02   9.6955E-01
   3.4800E+02   1.1158E+00
   3.4900E+02   1.1952E+00
   3.5000E+02   1.2107E+00
   3.5100E+02   1.1857E+00
   3.5200E+02   1.1517E+00
   3.5300E+02   1.1366E+00
   3.5400E+02   1.1321E+00
   3.5500E+02   1.1361E+00
   3.5600E+02   1.1482E+00
   3.5700E+02   1.1944E+00
   3.5800E+02   1.2449E+00
   3.5900E+02   1.2556E+00
   3.6000E+02   1.2697E+00
   3.6100E+02   1.2331E+00
   3.6200E+02   1.1868E+00
   3.6300E+02   1.1076E+00
   3.6400E+02   1.0560E+00
   3.6500E+02   1.0592E+00
   3.6600E+02   1.0942E+00
   3.6700E+02   1.1416E+00
   3.6800E+02   1.1760E+00
   3.6900E+02   1.1893E+00
   3.7000E+02   1.1784E+00
   3.7100E+02   1.1960E+00
   3.7200E+02   1.2891E+00
   3.7300E+02   1.4550E+00
   3.7400E+02   1.7182E+00
   3.7500E+02   1.9815E+00
   3.7600E+02   2.0835E+00
   3.7700E+02   2.0362E+00
   3.7800E+02   1.8434E+00
   3.7900E+02   1.6100E+00
   3.8000E+02   1.4534E+00
   3.8100E+02   1.3776E+00
   3.8200E+02   1.3761E+00
   3.8300E+02   1.4072E+00
   3.8400E+02   1.4631E+00
   3.8500E+02   1.5179E+00
   3.8600E+02   1.5675E+00
   3.8700E+02   1.5902E+00
   3.8800E+02   1.5608E+00
   3.8900E+02   1.4744E+00
   3.9000E+02   1.3487E+00
   3.9100E+02   1.1936E+00
   3.9200E+02   1.0452E+00
   3.9200E+02   1.0000E+00
   3.9200E+02   1.0768E+00
   3.9300E+02   9.4475E-01
   3.9400E+02   8.2687E-01
   3.9500E+02   7.8378E-01
   3.9600E+02   8.1030E-01
   3.9700E+02   9.6054E-01
   3.9700E+02   1.0000E+00
   3.9700E+02   9.0654E-01
   3.9800E+02   1.0719E+00
   3.9900E+02   1.1962E+00
   4.0000E+02   1.2824E+00
   4.0100E+02   1.2913E+00
   4.0200E+02   1.2693E+00
   4.0300E+02   1.2460E+00
   4.0400E+02   1.2239E+00
   4.0500E+02   1.2134E+00
   4.0600E+02   1.2108E+00
   4.0700E+02   1.2384E+00
   4.0800E+02   1.3211E+00
   4.0900E+02   1.3826E+00
   4.1000E+02   1.4529E+00
   4.1100E+02   1.4692E+00
   4.1200E+02   1.4291E+00
   4.1300E+02   1.3359E+00
   4.1400E+02   1.2078E+00
   4.1500E+02   1.1544E+00
   4.1600E+02   1.1492E+00
   4.1700E+02   1.1976E+00
   4.1800E+02   1.2707E+00
   4.1900E+02   1.3183E+00
   4.2000E+02   1.3321E+00
   4.2100E+02   1.3236E+00
   4.2200E+02   1.3352E+00
   4.2300E+02   1.3974E+00
   4.2400E+02   1.5071E+00
   4.2500E+02   1.6781E+00
   4.2600E+02   1.7435E+00
   4.2700E+02   1.6746E+00
   4.2800E+02   1.4242E+00
   4.2900E+02   1.0922E+00
   4.3000E+02   8.1261E-01
   4.3100E+02   6.5838E-01
   4.3200E+02   6.3029E-01
   4.3300E+02   7.5060E-01
   4.3400E+02   8.7641E-01
   4.3400E+02   1.0000E+00
   4.3400E+02   8.6314E-01
   4.3500E+02   1.0079E+00
   4.3600E+02   1.1727E+00
   4.3700E+02   1.3272E+00
   4.3800E+02   1.4204E+00
   4.3900E+02   1.4682E+00
   4.4000E+02   1.4479E+00
   4.4100E+02   1.4007E+00
   4.4200E+02   1.3827E+00
   4.4300E+02   1.4186E+00
   4.4400E+02   1.5120E+00
   4.4500E+02   1.6264E+00
   4.4600E+02   1.7143E+00
   4.4700E+02   1.7476E+00
   4.4800E+02   1.7212E+00
   4.4900E+02   1.6923E+00
   4.5000E+02   1.6466E+00
   4.5100E+02   1.6017E+00
   4.5200E+02   1.5736E+00
   4.5300E+02   1.5253E+00
   4.5400E+02   1.5057E+00
   4.5500E+02   1.4890E+00
   4.5600E+02   1.4754E+00
   4.5700E+02   1.4633E+00
   4.5800E+02   1.4657E+00
   4.5900E+02   1.4828E+00
   4.6000E+02   1.4882E+00
   4.6100E+02   1.4812E+00
   4.6200E+02   1.4256E+00
   4.6300E+02   1.3749E+00
   4.6400E+02   1.2650E+00
   4.6500E+02   1.1619E+00
   4.6600E+02   1.1145E+00
   4.6700E+02   1.1275E+00
   4.6800E+02   1.1942E+00
   4.6900E+02   1.2539E+00
   4.7000E+02   1.3485E+00
   4.7100E+02   1.4117E+00
   4.7200E+02   1.5055E+00
   4.7300E+02   1.5550E+00
   4.7400E+02   1.5595E+00
   4.7500E+02   1.5135E+00
   4.7500E+02   1.0000E+00
   4.7500E+02   1.5254E+00
   4.7600E+02   1.4439E+00
   4.7700E+02   1.3361E+00
   4.7800E+02   1.1636E+00
   4.7900E+02   1.0048E+00
   4.7900E+02   1.0000E+00
   4.7900E+02   1.0316E+00
   4.8000E+02   8.2392E-01
   4.8100E+02   6.8278E-01
   4.8100E+02   1.0000E+00
   4.8100E+02   6.9010E-01
   4.8200E+02   5.8160E-01
   4.8300E+02   5.1700E-01
   4.8400E+02   5.0932E-01
   4.8500E+02   5.4648E-01
   4.8500E+02   1.0000E+00
   4.8500E+02   5.3469E-01
   4.8500E+02   1.0000E+00
   4.8500E+02   1.0000E+00
   4.8500E+02   5.3469E-01
   4.8500E+02   1.0000E+00
   4.8500E+02   5.3469E-01
   4.8500E+02   1.0000E+00
   4.8500E+02   5.3469E-01
   4.8500E+02   1.0000E+00
   4.8500E+02   5.3469E-01
   4.8500E+02   1.0000E+00
   4.8500E+02   5.3469E-01
   4.8500E+02   1.0000E+00
   4.8500E+02   5.3469E-01
