   0.0000E+00   8.1065E-18   3.2735E-02   1.0000E-13
   2.0000E-01  -1.2600E+01
   4.0000E-01  -1.2700E+01
   6.0000E-01  -1.2800E+01
   8.0000E-01  -1.2900E+01
   1.0000E+00  -1.3000E+01
   1.2000E+00  -1.3100E+01
   1.4000E+00  -1.3200E+01
   1.6000E+00  -1.3300E+01
   1.8000E+00  -1.3400E+01
   2.0000E+00  -1.3500E+01
   2.2000E+00  -1.3600E+01
   2.4000E+00  -1.3700E+01
   2.6000E+00  -1.3800E+01
   2.8000E+00  -1.3900E+01
   3.0000E+00  -1.4000E+01
   3.2000E+00  -1.4100E+01
   3.4000E+00  -1.4200E+01
   3.6000E+00  -1.4300E+01
   3.8000E+00  -1.4400E+01
   4.0000E+00  -1.4500E+01
   4.2000E+00  -1.4600E+01
   4.4000E+00  -1.4700E+01
   4.6000E+00  -1.4800E+01
   4.8000E+00  -1.4900E+01
   5.0000E+00  -1.5000E+01
   5.2000E+00  -1.5100E+01
   5.4000E+00  -1.5200E+01
   5.6000E+00  -1.5300E+01
   5.8000E+00  -1.5400E+01
   6.0000E+00  -1.5500E+01
   6.2000E+00  -1.5600E+01
   6.4000E+00  -1.5700E+01
   6.6000E+00  -1.5800E+01
   6.8000E+00  -1.5900E+01
   7.0000E+00  -1.6000E+01
   7.2000E+00  -1.6100E+01
   7.4000E+00  -1.6200E+01
   7.6000E+00  -1.6300E+01
   7.8000E+00  -1.6400E+01
   8.0000E+00  -1.6500E+01
   8.2000E+00  -1.6600E+01
   8.4000E+00  -1.6700E+01
   8.6000E+00  -1.6800E+01
   8.8000E+00  -1.6900E+01
   9.0000E+00  -1.7000E+01
   0.0000E+00   8.1065E-18   3.2727E-02   1.0000E-13
   2.0000E-01  -1.2600E+01
   4.0000E-01  -1.2700E+01
   6.0000E-01  -1.2800E+01
   8.0000E-01  -1.2900E+01
   1.0000E+00  -1.3000E+01
   1.2000E+00  -1.3100E+01
   1.4000E+00  -1.3200E+01
   1.6000E+00  -1.3300E+01
   1.8000E+00  -1.3400E+01
   2.0000E+00  -1.3500E+01
   2.2000E+00  -1.3600E+01
   2.4000E+00  -1.3700E+01
   2.6000E+00  -1.3800E+01
   2.8000E+00  -1.3900E+01
   3.0000E+00  -1.4000E+01
   3.2000E+00  -1.4100E+01
   3.4000E+00  -1.4200E+01
   3.6000E+00  -1.4300E+01
   3.8000E+00  -1.4400E+01
   4.0000E+00  -1.4500E+01
   4.2000E+00  -1.4600E+01
   4.4000E+00  -1.4700E+01
   4.6000E+00  -1.4800E+01
   4.8000E+00  -1.4900E+01
   5.0000E+00  -1.5000E+01
   5.2000E+00  -1.5100E+01
   5.4000E+00  -1.5200E+01
   5.6000E+00  -1.5300E+01
   5.8000E+00  -1.5400E+01
   6.0000E+00  -1.5500E+01
   6.2000E+00  -1.5600E+01
   6.4000E+00  -1.5700E+01
   6.6000E+00  -1.5800E+01
   6.8000E+00  -1.5900E+01
   7.0000E+00  -1.6000E+01
   7.2000E+00  -1.6100E+01
   7.4000E+00  -1.6200E+01
   7.6000E+00  -1.6300E+01
   7.8000E+00  -1.6400E+01
   8.0000E+00  -1.6500E+01
   8.2000E+00  -1.6600E+01
   8.4000E+00  -1.6700E+01
   8.6000E+00  -1.6800E+01
   8.8000E+00  -1.6900E+01
   9.0000E+00  -1.7000E+01
   1.0000E+00   8.1065E-18   4.1591E-02   3.3655E-05
   2.0000E-01  -2.3483E+00
   4.0000E-01  -2.3871E+00
   6.0000E-01  -2.4259E+00
   8.0000E-01  -2.4680E+00
   1.0000E+00  -2.5221E+00
   1.2000E+00  -2.6068E+00
   1.4000E+00  -2.7387E+00
   1.6000E+00  -2.9130E+00
   1.8000E+00  -3.1106E+00
   2.0000E+00  -3.3201E+00
   2.2000E+00  -3.5368E+00
   2.4000E+00  -3.7582E+00
   2.6000E+00  -3.9823E+00
   2.8000E+00  -4.2073E+00
   3.0000E+00  -4.4478E+00
   3.2000E+00  -4.7161E+00
   3.4000E+00  -5.1138E+00
   3.6000E+00  -1.2566E+01
   3.8000E+00  -1.2663E+01
   4.0000E+00  -1.2786E+01
   4.2000E+00  -1.2908E+01
   4.4000E+00  -1.3042E+01
   4.6000E+00  -1.3206E+01
   4.8000E+00  -1.3404E+01
   5.0000E+00  -1.3639E+01
   5.2000E+00  -1.3939E+01
   5.4000E+00  -1.4272E+01
   5.6000E+00  -1.4782E+01
   5.8000E+00  -1.5285E+01
   6.0000E+00  -1.6205E+01
   6.2000E+00  -1.6776E+01
   6.4000E+00  -1.6916E+01
   6.6000E+00  -1.6962E+01
   6.8000E+00  -1.6996E+01
   7.0000E+00  -1.7015E+01
   7.2000E+00  -1.7030E+01
   7.4000E+00  -1.7038E+01
   7.6000E+00  -1.7045E+01
   7.8000E+00  -1.7048E+01
   8.0000E+00  -1.7050E+01
   8.2000E+00  -1.7050E+01
   8.4000E+00  -1.7049E+01
   8.6000E+00  -1.7047E+01
   8.8000E+00  -1.7045E+01
   9.0000E+00  -1.7043E+01
   1.0000E+00   8.1065E-18   4.1609E-02   3.3655E-05
   2.0000E-01  -2.3483E+00
   4.0000E-01  -2.3871E+00
   6.0000E-01  -2.4259E+00
   8.0000E-01  -2.4680E+00
   1.0000E+00  -2.5221E+00
   1.2000E+00  -2.6068E+00
   1.4000E+00  -2.7387E+00
   1.6000E+00  -2.9130E+00
   1.8000E+00  -3.1106E+00
   2.0000E+00  -3.3201E+00
   2.2000E+00  -3.5368E+00
   2.4000E+00  -3.7582E+00
   2.6000E+00  -3.9823E+00
   2.8000E+00  -4.2073E+00
   3.0000E+00  -4.4478E+00
   3.2000E+00  -4.7161E+00
   3.4000E+00  -5.1138E+00
   3.6000E+00  -1.2566E+01
   3.8000E+00  -1.2663E+01
   4.0000E+00  -1.2786E+01
   4.2000E+00  -1.2908E+01
   4.4000E+00  -1.3042E+01
   4.6000E+00  -1.3206E+01
   4.8000E+00  -1.3404E+01
   5.0000E+00  -1.3639E+01
   5.2000E+00  -1.3939E+01
   5.4000E+00  -1.4272E+01
   5.6000E+00  -1.4782E+01
   5.8000E+00  -1.5285E+01
   6.0000E+00  -1.6205E+01
   6.2000E+00  -1.6776E+01
   6.4000E+00  -1.6916E+01
   6.6000E+00  -1.6962E+01
   6.8000E+00  -1.6996E+01
   7.0000E+00  -1.7015E+01
   7.2000E+00  -1.7030E+01
   7.4000E+00  -1.7038E+01
   7.6000E+00  -1.7045E+01
   7.8000E+00  -1.7048E+01
   8.0000E+00  -1.7050E+01
   8.2000E+00  -1.7050E+01
   8.4000E+00  -1.7049E+01
   8.6000E+00  -1.7047E+01
   8.8000E+00  -1.7045E+01
   9.0000E+00  -1.7043E+01
   1.0000E+00   8.1065E-18   4.1594E-02   3.3655E-05
   2.0000E-01  -2.3483E+00
   4.0000E-01  -2.3871E+00
   6.0000E-01  -2.4259E+00
   8.0000E-01  -2.4680E+00
   1.0000E+00  -2.5221E+00
   1.2000E+00  -2.6068E+00
   1.4000E+00  -2.7387E+00
   1.6000E+00  -2.9130E+00
   1.8000E+00  -3.1106E+00
   2.0000E+00  -3.3201E+00
   2.2000E+00  -3.5368E+00
   2.4000E+00  -3.7582E+00
   2.6000E+00  -3.9823E+00
   2.8000E+00  -4.2073E+00
   3.0000E+00  -4.4478E+00
   3.2000E+00  -4.7161E+00
   3.4000E+00  -5.1138E+00
   3.6000E+00  -1.2566E+01
   3.8000E+00  -1.2663E+01
   4.0000E+00  -1.2786E+01
   4.2000E+00  -1.2908E+01
   4.4000E+00  -1.3042E+01
   4.6000E+00  -1.3206E+01
   4.8000E+00  -1.3404E+01
   5.0000E+00  -1.3639E+01
   5.2000E+00  -1.3939E+01
   5.4000E+00  -1.4272E+01
   5.6000E+00  -1.4782E+01
   5.8000E+00  -1.5285E+01
   6.0000E+00  -1.6205E+01
   6.2000E+00  -1.6776E+01
   6.4000E+00  -1.6916E+01
   6.6000E+00  -1.6962E+01
   6.8000E+00  -1.6996E+01
   7.0000E+00  -1.7015E+01
   7.2000E+00  -1.7030E+01
   7.4000E+00  -1.7038E+01
   7.6000E+00  -1.7045E+01
   7.8000E+00  -1.7048E+01
   8.0000E+00  -1.7050E+01
   8.2000E+00  -1.7050E+01
   8.4000E+00  -1.7049E+01
   8.6000E+00  -1.7047E+01
   8.8000E+00  -1.7045E+01
   9.0000E+00  -1.7043E+01
   2.0000E+00   8.1065E-18   4.6202E-02   7.9581E-05
   2.0000E-01  -2.2069E+00
   4.0000E-01  -2.2516E+00
   6.0000E-01  -2.2991E+00
   8.0000E-01  -2.3606E+00
   1.0000E+00  -2.4521E+00
   1.2000E+00  -2.5816E+00
   1.4000E+00  -2.7424E+00
   1.6000E+00  -2.9249E+00
   1.8000E+00  -3.1230E+00
   2.0000E+00  -3.3322E+00
   2.2000E+00  -3.5488E+00
   2.4000E+00  -3.7703E+00
   2.6000E+00  -3.9945E+00
   2.8000E+00  -4.2202E+00
   3.0000E+00  -4.4614E+00
   3.2000E+00  -4.7310E+00
   3.4000E+00  -5.1283E+00
   3.6000E+00  -1.2613E+01
   3.8000E+00  -1.2711E+01
   4.0000E+00  -1.2836E+01
   4.2000E+00  -1.2960E+01
   4.4000E+00  -1.3096E+01
   4.6000E+00  -1.3261E+01
   4.8000E+00  -1.3460E+01
   5.0000E+00  -1.3695E+01
   5.2000E+00  -1.3996E+01
   5.4000E+00  -1.4321E+01
   5.6000E+00  -1.4826E+01
   5.8000E+00  -1.5326E+01
   6.0000E+00  -1.6276E+01
   6.2000E+00  -1.6867E+01
   6.4000E+00  -1.7003E+01
   6.6000E+00  -1.7042E+01
   6.8000E+00  -1.7066E+01
   7.0000E+00  -1.7078E+01
   7.2000E+00  -1.7087E+01
   7.4000E+00  -1.7092E+01
   7.6000E+00  -1.7096E+01
   7.8000E+00  -1.7097E+01
   8.0000E+00  -1.7096E+01
   8.2000E+00  -1.7095E+01
   8.4000E+00  -1.7093E+01
   8.6000E+00  -1.7090E+01
   8.8000E+00  -1.7088E+01
   9.0000E+00  -1.7087E+01
   3.0000E+00   8.1065E-18   4.8891E-02   1.1593E-04
   2.0000E-01  -2.1630E+00
   4.0000E-01  -2.2131E+00
   6.0000E-01  -2.2702E+00
   8.0000E-01  -2.3476E+00
   1.0000E+00  -2.4556E+00
   1.2000E+00  -2.5946E+00
   1.4000E+00  -2.7599E+00
   1.6000E+00  -2.9457E+00
   1.8000E+00  -3.1465E+00
   2.0000E+00  -3.3576E+00
   2.2000E+00  -3.5756E+00
   2.4000E+00  -3.7982E+00
   2.6000E+00  -4.0235E+00
   2.8000E+00  -4.2509E+00
   3.0000E+00  -4.4939E+00
   3.2000E+00  -4.7660E+00
   3.4000E+00  -5.1649E+00
   3.6000E+00  -1.2654E+01
   3.8000E+00  -1.2752E+01
   4.0000E+00  -1.2879E+01
   4.2000E+00  -1.3004E+01
   4.4000E+00  -1.3141E+01
   4.6000E+00  -1.3306E+01
   4.8000E+00  -1.3503E+01
   5.0000E+00  -1.3734E+01
   5.2000E+00  -1.4028E+01
   5.4000E+00  -1.4343E+01
   5.6000E+00  -1.4828E+01
   5.8000E+00  -1.5311E+01
   6.0000E+00  -1.6252E+01
   6.2000E+00  -1.6879E+01
   6.4000E+00  -1.7044E+01
   6.6000E+00  -1.7088E+01
   6.8000E+00  -1.7112E+01
   7.0000E+00  -1.7123E+01
   7.2000E+00  -1.7132E+01
   7.4000E+00  -1.7136E+01
   7.6000E+00  -1.7140E+01
   7.8000E+00  -1.7140E+01
   8.0000E+00  -1.7139E+01
   8.2000E+00  -1.7138E+01
   8.4000E+00  -1.7136E+01
   8.6000E+00  -1.7133E+01
   8.8000E+00  -1.7131E+01
   9.0000E+00  -1.7130E+01
   4.0000E+00   8.1065E-18   5.1553E-02   1.5064E-04
   2.0000E-01  -2.1467E+00
   4.0000E-01  -2.2022E+00
   6.0000E-01  -2.2677E+00
   8.0000E-01  -2.3557E+00
   1.0000E+00  -2.4731E+00
   1.2000E+00  -2.6201E+00
   1.4000E+00  -2.7921E+00
   1.6000E+00  -2.9834E+00
   1.8000E+00  -3.1881E+00
   2.0000E+00  -3.4022E+00
   2.2000E+00  -3.6223E+00
   2.4000E+00  -3.8468E+00
   2.6000E+00  -4.0742E+00
   2.8000E+00  -4.3041E+00
   3.0000E+00  -4.5500E+00
   3.2000E+00  -4.8262E+00
   3.4000E+00  -5.2282E+00
   3.6000E+00  -1.2691E+01
   3.8000E+00  -1.2789E+01
   4.0000E+00  -1.2917E+01
   4.2000E+00  -1.3043E+01
   4.4000E+00  -1.3181E+01
   4.6000E+00  -1.3345E+01
   4.8000E+00  -1.3538E+01
   5.0000E+00  -1.3761E+01
   5.2000E+00  -1.4044E+01
   5.4000E+00  -1.4341E+01
   5.6000E+00  -1.4794E+01
   5.8000E+00  -1.5249E+01
   6.0000E+00  -1.6149E+01
   6.2000E+00  -1.6826E+01
   6.4000E+00  -1.7070E+01
   6.6000E+00  -1.7132E+01
   6.8000E+00  -1.7156E+01
   7.0000E+00  -1.7166E+01
   7.2000E+00  -1.7175E+01
   7.4000E+00  -1.7179E+01
   7.6000E+00  -1.7182E+01
   7.8000E+00  -1.7182E+01
   8.0000E+00  -1.7182E+01
   8.2000E+00  -1.7180E+01
   8.4000E+00  -1.7179E+01
   8.6000E+00  -1.7177E+01
   8.8000E+00  -1.7175E+01
   9.0000E+00  -1.7174E+01
   5.0000E+00   8.1065E-18   5.4341E-02   1.9680E-04
   2.0000E-01  -2.1394E+00
   4.0000E-01  -2.2015E+00
   6.0000E-01  -2.2761E+00
   8.0000E-01  -2.3753E+00
   1.0000E+00  -2.5048E+00
   1.2000E+00  -2.6632E+00
   1.4000E+00  -2.8448E+00
   1.6000E+00  -3.0433E+00
   1.8000E+00  -3.2534E+00
   2.0000E+00  -3.4713E+00
   2.2000E+00  -3.6943E+00
   2.4000E+00  -3.9213E+00
   2.6000E+00  -4.1514E+00
   2.8000E+00  -4.3848E+00
   3.0000E+00  -4.6347E+00
   3.2000E+00  -4.9163E+00
   3.4000E+00  -5.3227E+00
   3.6000E+00  -1.2729E+01
   3.8000E+00  -1.2828E+01
   4.0000E+00  -1.2957E+01
   4.2000E+00  -1.3084E+01
   4.4000E+00  -1.3223E+01
   4.6000E+00  -1.3384E+01
   4.8000E+00  -1.3572E+01
   5.0000E+00  -1.3786E+01
   5.2000E+00  -1.4053E+01
   5.4000E+00  -1.4329E+01
   5.6000E+00  -1.4744E+01
   5.8000E+00  -1.5161E+01
   6.0000E+00  -1.5976E+01
   6.2000E+00  -1.6668E+01
   6.4000E+00  -1.7072E+01
   6.6000E+00  -1.7175E+01
   6.8000E+00  -1.7200E+01
   7.0000E+00  -1.7210E+01
   7.2000E+00  -1.7217E+01
   7.4000E+00  -1.7221E+01
   7.6000E+00  -1.7224E+01
   7.8000E+00  -1.7224E+01
   8.0000E+00  -1.7224E+01
   8.2000E+00  -1.7223E+01
   8.4000E+00  -1.7221E+01
   8.6000E+00  -1.7220E+01
   8.8000E+00  -1.7218E+01
   9.0000E+00  -1.7217E+01
   6.0000E+00   8.1065E-18   5.5813E-02   2.6372E-04
   2.0000E-01  -2.1361E+00
   4.0000E-01  -2.2071E+00
   6.0000E-01  -2.2937E+00
   8.0000E-01  -2.4074E+00
   1.0000E+00  -2.5514E+00
   1.2000E+00  -2.7217E+00
   1.4000E+00  -2.9118E+00
   1.6000E+00  -3.1160E+00
   1.8000E+00  -3.3297E+00
   2.0000E+00  -3.5501E+00
   2.2000E+00  -3.7752E+00
   2.4000E+00  -4.0040E+00
   2.6000E+00  -4.2362E+00
   2.8000E+00  -4.4727E+00
   3.0000E+00  -4.7263E+00
   3.2000E+00  -5.0131E+00
   3.4000E+00  -5.4235E+00
   3.6000E+00  -1.2770E+01
   3.8000E+00  -1.2870E+01
   4.0000E+00  -1.3000E+01
   4.2000E+00  -1.3128E+01
   4.4000E+00  -1.3267E+01
   4.6000E+00  -1.3426E+01
   4.8000E+00  -1.3608E+01
   5.0000E+00  -1.3812E+01
   5.2000E+00  -1.4065E+01
   5.4000E+00  -1.4321E+01
   5.6000E+00  -1.4701E+01
   5.8000E+00  -1.5084E+01
   6.0000E+00  -1.5809E+01
   6.2000E+00  -1.6475E+01
   6.4000E+00  -1.7060E+01
   6.6000E+00  -1.7217E+01
   6.8000E+00  -1.7244E+01
   7.0000E+00  -1.7253E+01
   7.2000E+00  -1.7260E+01
   7.4000E+00  -1.7263E+01
   7.6000E+00  -1.7266E+01
   7.8000E+00  -1.7267E+01
   8.0000E+00  -1.7267E+01
   8.2000E+00  -1.7266E+01
   8.4000E+00  -1.7264E+01
   8.6000E+00  -1.7263E+01
   8.8000E+00  -1.7261E+01
   9.0000E+00  -1.7261E+01
   7.0000E+00   8.1065E-18   5.6576E-02   3.3279E-04
   2.0000E-01  -2.1348E+00
   4.0000E-01  -2.2152E+00
   6.0000E-01  -2.3131E+00
   8.0000E-01  -2.4377E+00
   1.0000E+00  -2.5897E+00
   1.2000E+00  -2.7648E+00
   1.4000E+00  -2.9576E+00
   1.6000E+00  -3.1631E+00
   1.8000E+00  -3.3777E+00
   2.0000E+00  -3.5987E+00
   2.2000E+00  -3.8243E+00
   2.4000E+00  -4.0538E+00
   2.6000E+00  -4.2870E+00
   2.8000E+00  -4.5251E+00
   3.0000E+00  -4.7805E+00
   3.2000E+00  -5.0701E+00
   3.4000E+00  -5.4826E+00
   3.6000E+00  -1.2816E+01
   3.8000E+00  -1.2916E+01
   4.0000E+00  -1.3046E+01
   4.2000E+00  -1.3175E+01
   4.4000E+00  -1.3314E+01
   4.6000E+00  -1.3472E+01
   4.8000E+00  -1.3651E+01
   5.0000E+00  -1.3850E+01
   5.2000E+00  -1.4095E+01
   5.4000E+00  -1.4341E+01
   5.6000E+00  -1.4705E+01
   5.8000E+00  -1.5070E+01
   6.0000E+00  -1.5748E+01
   6.2000E+00  -1.6389E+01
   6.4000E+00  -1.7066E+01
   6.6000E+00  -1.7259E+01
   6.8000E+00  -1.7287E+01
   7.0000E+00  -1.7296E+01
   7.2000E+00  -1.7303E+01
   7.4000E+00  -1.7306E+01
   7.6000E+00  -1.7309E+01
   7.8000E+00  -1.7310E+01
   8.0000E+00  -1.7310E+01
   8.2000E+00  -1.7309E+01
   8.4000E+00  -1.7308E+01
   8.6000E+00  -1.7306E+01
   8.8000E+00  -1.7305E+01
   9.0000E+00  -1.7304E+01
   8.0000E+00   8.1065E-18   5.6268E-02   3.7770E-04
   2.0000E-01  -2.1353E+00
   4.0000E-01  -2.2219E+00
   6.0000E-01  -2.3253E+00
   8.0000E-01  -2.4530E+00
   1.0000E+00  -2.6056E+00
   1.2000E+00  -2.7798E+00
   1.4000E+00  -2.9713E+00
   1.6000E+00  -3.1757E+00
   1.8000E+00  -3.3894E+00
   2.0000E+00  -3.6098E+00
   2.2000E+00  -3.8351E+00
   2.4000E+00  -4.0644E+00
   2.6000E+00  -4.2975E+00
   2.8000E+00  -4.5357E+00
   3.0000E+00  -4.7915E+00
   3.2000E+00  -5.0815E+00
   3.4000E+00  -5.4944E+00
   3.6000E+00  -1.2859E+01
   3.8000E+00  -1.2959E+01
   4.0000E+00  -1.3090E+01
   4.2000E+00  -1.3219E+01
   4.4000E+00  -1.3358E+01
   4.6000E+00  -1.3515E+01
   4.8000E+00  -1.3694E+01
   5.0000E+00  -1.3893E+01
   5.2000E+00  -1.4136E+01
   5.4000E+00  -1.4380E+01
   5.6000E+00  -1.4741E+01
   5.8000E+00  -1.5103E+01
   6.0000E+00  -1.5771E+01
   6.2000E+00  -1.6408E+01
   6.4000E+00  -1.7101E+01
   6.6000E+00  -1.7301E+01
   6.8000E+00  -1.7330E+01
   7.0000E+00  -1.7339E+01
   7.2000E+00  -1.7346E+01
   7.4000E+00  -1.7350E+01
   7.6000E+00  -1.7352E+01
   7.8000E+00  -1.7353E+01
   8.0000E+00  -1.7353E+01
   8.2000E+00  -1.7352E+01
   8.4000E+00  -1.7351E+01
   8.6000E+00  -1.7350E+01
   8.8000E+00  -1.7348E+01
   9.0000E+00  -1.7347E+01
   9.0000E+00   8.1065E-18   5.5030E-02   3.8107E-04
   2.0000E-01  -2.1366E+00
   4.0000E-01  -2.2238E+00
   6.0000E-01  -2.3256E+00
   8.0000E-01  -2.4493E+00
   1.0000E+00  -2.5966E+00
   1.2000E+00  -2.7655E+00
   1.4000E+00  -2.9524E+00
   1.6000E+00  -3.1533E+00
   1.8000E+00  -3.3644E+00
   2.0000E+00  -3.5830E+00
   2.2000E+00  -3.8069E+00
   2.4000E+00  -4.0351E+00
   2.6000E+00  -4.2672E+00
   2.8000E+00  -4.5042E+00
   3.0000E+00  -4.7586E+00
   3.2000E+00  -5.0470E+00
   3.4000E+00  -5.4585E+00
   3.6000E+00  -1.2899E+01
   3.8000E+00  -1.3000E+01
   4.0000E+00  -1.3130E+01
   4.2000E+00  -1.3260E+01
   4.4000E+00  -1.3399E+01
   4.6000E+00  -1.3557E+01
   4.8000E+00  -1.3738E+01
   5.0000E+00  -1.3938E+01
   5.2000E+00  -1.4186E+01
   5.4000E+00  -1.4435E+01
   5.6000E+00  -1.4806E+01
   5.8000E+00  -1.5179E+01
   6.0000E+00  -1.5878E+01
   6.2000E+00  -1.6532E+01
   6.4000E+00  -1.7165E+01
   6.6000E+00  -1.7344E+01
   6.8000E+00  -1.7373E+01
   7.0000E+00  -1.7382E+01
   7.2000E+00  -1.7390E+01
   7.4000E+00  -1.7393E+01
   7.6000E+00  -1.7396E+01
   7.8000E+00  -1.7397E+01
   8.0000E+00  -1.7397E+01
   8.2000E+00  -1.7396E+01
   8.4000E+00  -1.7395E+01
   8.6000E+00  -1.7393E+01
   8.8000E+00  -1.7392E+01
   9.0000E+00  -1.7391E+01
   1.0000E+01   8.1065E-18   5.2961E-02   3.4181E-04
   2.0000E-01  -2.1379E+00
   4.0000E-01  -2.2204E+00
   6.0000E-01  -2.3149E+00
   8.0000E-01  -2.4293E+00
   1.0000E+00  -2.5666E+00
   1.2000E+00  -2.7263E+00
   1.4000E+00  -2.9054E+00
   1.6000E+00  -3.1003E+00
   1.8000E+00  -3.3069E+00
   2.0000E+00  -3.5221E+00
   2.2000E+00  -3.7435E+00
   2.4000E+00  -3.9696E+00
   2.6000E+00  -4.1996E+00
   2.8000E+00  -4.4339E+00
   3.0000E+00  -4.6853E+00
   3.2000E+00  -4.9696E+00
   3.4000E+00  -5.3780E+00
   3.6000E+00  -1.2940E+01
   3.8000E+00  -1.3042E+01
   4.0000E+00  -1.3172E+01
   4.2000E+00  -1.3301E+01
   4.4000E+00  -1.3441E+01
   4.6000E+00  -1.3601E+01
   4.8000E+00  -1.3786E+01
   5.0000E+00  -1.3994E+01
   5.2000E+00  -1.4253E+01
   5.4000E+00  -1.4516E+01
   5.6000E+00  -1.4913E+01
   5.8000E+00  -1.5314E+01
   6.0000E+00  -1.6080E+01
   6.2000E+00  -1.6762E+01
   6.4000E+00  -1.7255E+01
   6.6000E+00  -1.7387E+01
   6.8000E+00  -1.7415E+01
   7.0000E+00  -1.7425E+01
   7.2000E+00  -1.7434E+01
   7.4000E+00  -1.7438E+01
   7.6000E+00  -1.7441E+01
   7.8000E+00  -1.7442E+01
   8.0000E+00  -1.7442E+01
   8.2000E+00  -1.7440E+01
   8.4000E+00  -1.7439E+01
   8.6000E+00  -1.7437E+01
   8.8000E+00  -1.7435E+01
   9.0000E+00  -1.7434E+01
   1.1000E+01   8.1065E-18   5.0174E-02   2.7388E-04
   2.0000E-01  -2.1392E+00
   4.0000E-01  -2.2136E+00
   6.0000E-01  -2.2977E+00
   8.0000E-01  -2.3995E+00
   1.0000E+00  -2.5235E+00
   1.2000E+00  -2.6705E+00
   1.4000E+00  -2.8388E+00
   1.6000E+00  -3.0249E+00
   1.8000E+00  -3.2249E+00
   2.0000E+00  -3.4351E+00
   2.2000E+00  -3.6526E+00
   2.4000E+00  -3.8754E+00
   2.6000E+00  -4.1020E+00
   2.8000E+00  -4.3320E+00
   3.0000E+00  -4.5786E+00
   3.2000E+00  -4.8562E+00
   3.4000E+00  -5.2592E+00
   3.6000E+00  -1.2988E+01
   3.8000E+00  -1.3090E+01
   4.0000E+00  -1.3220E+01
   4.2000E+00  -1.3348E+01
   4.4000E+00  -1.3487E+01
   4.6000E+00  -1.3650E+01
   4.8000E+00  -1.3841E+01
   5.0000E+00  -1.4060E+01
   5.2000E+00  -1.4339E+01
   5.4000E+00  -1.4625E+01
   5.6000E+00  -1.5067E+01
   5.8000E+00  -1.5514E+01
   6.0000E+00  -1.6390E+01
   6.2000E+00  -1.7080E+01
   6.4000E+00  -1.7358E+01
   6.6000E+00  -1.7430E+01
   6.8000E+00  -1.7458E+01
   7.0000E+00  -1.7469E+01
   7.2000E+00  -1.7479E+01
   7.4000E+00  -1.7483E+01
   7.6000E+00  -1.7487E+01
   7.8000E+00  -1.7487E+01
   8.0000E+00  -1.7487E+01
   8.2000E+00  -1.7485E+01
   8.4000E+00  -1.7483E+01
   8.6000E+00  -1.7481E+01
   8.8000E+00  -1.7479E+01
   9.0000E+00  -1.7478E+01
   1.2000E+01   8.1065E-18   4.7194E-02   1.9878E-04
   2.0000E-01  -2.1408E+00
   4.0000E-01  -2.2061E+00
   6.0000E-01  -2.2789E+00
   8.0000E-01  -2.3671E+00
   1.0000E+00  -2.4760E+00
   1.2000E+00  -2.6082E+00
   1.4000E+00  -2.7631E+00
   1.6000E+00  -2.9380E+00
   1.8000E+00  -3.1292E+00
   2.0000E+00  -3.3327E+00
   2.2000E+00  -3.5450E+00
   2.4000E+00  -3.7633E+00
   2.6000E+00  -3.9851E+00
   2.8000E+00  -4.2090E+00
   3.0000E+00  -4.4487E+00
   3.2000E+00  -4.7170E+00
   3.4000E+00  -5.1120E+00
   3.6000E+00  -1.3055E+01
   3.8000E+00  -1.3156E+01
   4.0000E+00  -1.3284E+01
   4.2000E+00  -1.3409E+01
   4.4000E+00  -1.3546E+01
   4.6000E+00  -1.3713E+01
   4.8000E+00  -1.3914E+01
   5.0000E+00  -1.4151E+01
   5.2000E+00  -1.4459E+01
   5.4000E+00  -1.4786E+01
   5.6000E+00  -1.5307E+01
   5.8000E+00  -1.5823E+01
   6.0000E+00  -1.6734E+01
   6.2000E+00  -1.7279E+01
   6.4000E+00  -1.7408E+01
   6.6000E+00  -1.7452E+01
   6.8000E+00  -1.7484E+01
   7.0000E+00  -1.7502E+01
   7.2000E+00  -1.7518E+01
   7.4000E+00  -1.7525E+01
   7.6000E+00  -1.7531E+01
   7.8000E+00  -1.7533E+01
   8.0000E+00  -1.7533E+01
   8.2000E+00  -1.7531E+01
   8.4000E+00  -1.7529E+01
   8.6000E+00  -1.7526E+01
   8.8000E+00  -1.7523E+01
   9.0000E+00  -1.7521E+01
   1.3000E+01   8.1065E-18   4.3376E-02   1.3168E-04
   2.0000E-01  -2.1427E+00
   4.0000E-01  -2.1999E+00
   6.0000E-01  -2.2625E+00
   8.0000E-01  -2.3380E+00
   1.0000E+00  -2.4323E+00
   1.2000E+00  -2.5492E+00
   1.4000E+00  -2.6897E+00
   1.6000E+00  -2.8523E+00
   1.8000E+00  -3.0332E+00
   2.0000E+00  -3.2287E+00
   2.2000E+00  -3.4344E+00
   2.4000E+00  -3.6469E+00
   2.6000E+00  -3.8629E+00
   2.8000E+00  -4.0796E+00
   3.0000E+00  -4.3110E+00
   3.2000E+00  -4.5680E+00
   3.4000E+00  -4.9529E+00
   3.6000E+00  -1.3159E+01
   3.8000E+00  -1.3260E+01
   4.0000E+00  -1.3384E+01
   4.2000E+00  -1.3504E+01
   4.4000E+00  -1.3635E+01
   4.6000E+00  -1.3806E+01
   4.8000E+00  -1.4022E+01
   5.0000E+00  -1.4284E+01
   5.2000E+00  -1.4641E+01
   5.4000E+00  -1.5033E+01
   5.6000E+00  -1.5698E+01
   5.8000E+00  -1.6316E+01
   6.0000E+00  -1.6967E+01
   6.2000E+00  -1.7287E+01
   6.4000E+00  -1.7401E+01
   6.6000E+00  -1.7453E+01
   6.8000E+00  -1.7501E+01
   7.0000E+00  -1.7529E+01
   7.2000E+00  -1.7553E+01
   7.4000E+00  -1.7566E+01
   7.6000E+00  -1.7576E+01
   7.8000E+00  -1.7580E+01
   8.0000E+00  -1.7582E+01
   8.2000E+00  -1.7581E+01
   8.4000E+00  -1.7578E+01
   8.6000E+00  -1.7572E+01
   8.8000E+00  -1.7568E+01
   9.0000E+00  -1.7565E+01
   1.4000E+01   8.1065E-18   4.0939E-02   8.5161E-05
   2.0000E-01  -2.1444E+00
   4.0000E-01  -2.1955E+00
   6.0000E-01  -2.2504E+00
   8.0000E-01  -2.3159E+00
   1.0000E+00  -2.3984E+00
   1.2000E+00  -2.5030E+00
   1.4000E+00  -2.6323E+00
   1.6000E+00  -2.7858E+00
   1.8000E+00  -2.9602E+00
   2.0000E+00  -3.1511E+00
   2.2000E+00  -3.3532E+00
   2.4000E+00  -3.5625E+00
   2.6000E+00  -3.7747E+00
   2.8000E+00  -3.9864E+00
   3.0000E+00  -4.2117E+00
   3.2000E+00  -4.4601E+00
   3.4000E+00  -4.8373E+00
   3.6000E+00  -1.3272E+01
   3.8000E+00  -1.3370E+01
   4.0000E+00  -1.3489E+01
   4.2000E+00  -1.3603E+01
   4.4000E+00  -1.3728E+01
   4.6000E+00  -1.3901E+01
   4.8000E+00  -1.4131E+01
   5.0000E+00  -1.4420E+01
   5.2000E+00  -1.4826E+01
   5.4000E+00  -1.5285E+01
   5.6000E+00  -1.6083E+01
   5.8000E+00  -1.6753E+01
   6.0000E+00  -1.7146E+01
   6.2000E+00  -1.7320E+01
   6.4000E+00  -1.7424E+01
   6.6000E+00  -1.7482E+01
   6.8000E+00  -1.7537E+01
   7.0000E+00  -1.7569E+01
   7.2000E+00  -1.7596E+01
   7.4000E+00  -1.7611E+01
   7.6000E+00  -1.7623E+01
   7.8000E+00  -1.7628E+01
   8.0000E+00  -1.7630E+01
   8.2000E+00  -1.7628E+01
   8.4000E+00  -1.7624E+01
   8.6000E+00  -1.7618E+01
   8.8000E+00  -1.7612E+01
   9.0000E+00  -1.7608E+01
   1.5000E+01   8.1065E-18   4.1041E-02   6.1567E-05
   2.0000E-01  -2.1455E+00
   4.0000E-01  -2.1929E+00
   6.0000E-01  -2.2432E+00
   8.0000E-01  -2.3029E+00
   1.0000E+00  -2.3790E+00
   1.2000E+00  -2.4781E+00
   1.4000E+00  -2.6038E+00
   1.6000E+00  -2.7557E+00
   1.8000E+00  -2.9294E+00
   2.0000E+00  -3.1199E+00
   2.2000E+00  -3.3218E+00
   2.4000E+00  -3.5306E+00
   2.6000E+00  -3.7419E+00
   2.8000E+00  -3.9520E+00
   3.0000E+00  -4.1752E+00
   3.2000E+00  -4.4204E+00
   3.4000E+00  -4.7947E+00
   3.6000E+00  -1.3345E+01
   3.8000E+00  -1.3441E+01
   4.0000E+00  -1.3557E+01
   4.2000E+00  -1.3667E+01
   4.4000E+00  -1.3787E+01
   4.6000E+00  -1.3961E+01
   4.8000E+00  -1.4196E+01
   5.0000E+00  -1.4496E+01
   5.2000E+00  -1.4922E+01
   5.4000E+00  -1.5412E+01
   5.6000E+00  -1.6256E+01
   5.8000E+00  -1.6927E+01
   6.0000E+00  -1.7242E+01
   6.2000E+00  -1.7378E+01
   6.4000E+00  -1.7474E+01
   6.6000E+00  -1.7530E+01
   6.8000E+00  -1.7583E+01
   7.0000E+00  -1.7614E+01
   7.2000E+00  -1.7641E+01
   7.4000E+00  -1.7655E+01
   7.6000E+00  -1.7666E+01
   7.8000E+00  -1.7671E+01
   8.0000E+00  -1.7673E+01
   8.2000E+00  -1.7671E+01
   8.4000E+00  -1.7667E+01
   8.6000E+00  -1.7661E+01
   8.8000E+00  -1.7655E+01
   9.0000E+00  -1.7651E+01
   1.6000E+01   8.1065E-18   4.2811E-02   5.4254E-05
   2.0000E-01  -2.1457E+00
   4.0000E-01  -2.1916E+00
   6.0000E-01  -2.2401E+00
   8.0000E-01  -2.2978E+00
   1.0000E+00  -2.3729E+00
   1.2000E+00  -2.4729E+00
   1.4000E+00  -2.6013E+00
   1.6000E+00  -2.7568E+00
   1.8000E+00  -2.9343E+00
   2.0000E+00  -3.1282E+00
   2.2000E+00  -3.3328E+00
   2.4000E+00  -3.5438E+00
   2.6000E+00  -3.7568E+00
   2.8000E+00  -3.9686E+00
   3.0000E+00  -4.1933E+00
   3.2000E+00  -4.4402E+00
   3.4000E+00  -4.8164E+00
   3.6000E+00  -1.3367E+01
   3.8000E+00  -1.3461E+01
   4.0000E+00  -1.3576E+01
   4.2000E+00  -1.3686E+01
   4.4000E+00  -1.3808E+01
   4.6000E+00  -1.3980E+01
   4.8000E+00  -1.4213E+01
   5.0000E+00  -1.4506E+01
   5.2000E+00  -1.4920E+01
   5.4000E+00  -1.5400E+01
   5.6000E+00  -1.6219E+01
   5.8000E+00  -1.6901E+01
   6.0000E+00  -1.7279E+01
   6.2000E+00  -1.7438E+01
   6.4000E+00  -1.7532E+01
   6.6000E+00  -1.7583E+01
   6.8000E+00  -1.7632E+01
   7.0000E+00  -1.7660E+01
   7.2000E+00  -1.7684E+01
   7.4000E+00  -1.7697E+01
   7.6000E+00  -1.7707E+01
   7.8000E+00  -1.7711E+01
   8.0000E+00  -1.7713E+01
   8.2000E+00  -1.7711E+01
   8.4000E+00  -1.7708E+01
   8.6000E+00  -1.7703E+01
   8.8000E+00  -1.7698E+01
   9.0000E+00  -1.7695E+01
   1.7000E+01   8.1065E-18   4.6286E-02   6.0026E-05
   2.0000E-01  -2.1450E+00
   4.0000E-01  -2.1911E+00
   6.0000E-01  -2.2401E+00
   8.0000E-01  -2.2997E+00
   1.0000E+00  -2.3796E+00
   1.2000E+00  -2.4878E+00
   1.4000E+00  -2.6267E+00
   1.6000E+00  -2.7931E+00
   1.8000E+00  -2.9803E+00
   2.0000E+00  -3.1821E+00
   2.2000E+00  -3.3928E+00
   2.4000E+00  -3.6088E+00
   2.6000E+00  -3.8265E+00
   2.8000E+00  -4.0435E+00
   3.0000E+00  -4.2739E+00
   3.2000E+00  -4.5283E+00
   3.4000E+00  -4.9116E+00
   3.6000E+00  -1.3349E+01
   3.8000E+00  -1.3442E+01
   4.0000E+00  -1.3559E+01
   4.2000E+00  -1.3674E+01
   4.4000E+00  -1.3801E+01
   4.6000E+00  -1.3972E+01
   4.8000E+00  -1.4191E+01
   5.0000E+00  -1.4462E+01
   5.2000E+00  -1.4829E+01
   5.4000E+00  -1.5251E+01
   5.6000E+00  -1.5953E+01
   5.8000E+00  -1.6599E+01
   6.0000E+00  -1.7212E+01
   6.2000E+00  -1.7493E+01
   6.4000E+00  -1.7594E+01
   6.6000E+00  -1.7639E+01
   6.8000E+00  -1.7681E+01
   7.0000E+00  -1.7706E+01
   7.2000E+00  -1.7726E+01
   7.4000E+00  -1.7737E+01
   7.6000E+00  -1.7746E+01
   7.8000E+00  -1.7749E+01
   8.0000E+00  -1.7752E+01
   8.2000E+00  -1.7751E+01
   8.4000E+00  -1.7748E+01
   8.6000E+00  -1.7745E+01
   8.8000E+00  -1.7741E+01
   9.0000E+00  -1.7738E+01
   1.8000E+01   8.1065E-18   5.0115E-02   8.4361E-05
   2.0000E-01  -2.1429E+00
   4.0000E-01  -2.1915E+00
   6.0000E-01  -2.2445E+00
   8.0000E-01  -2.3121E+00
   1.0000E+00  -2.4058E+00
   1.2000E+00  -2.5324E+00
   1.4000E+00  -2.6904E+00
   1.6000E+00  -2.8730E+00
   1.8000E+00  -3.0724E+00
   2.0000E+00  -3.2829E+00
   2.2000E+00  -3.5001E+00
   2.4000E+00  -3.7216E+00
   2.6000E+00  -3.9451E+00
   2.8000E+00  -4.1693E+00
   3.0000E+00  -4.4081E+00
   3.2000E+00  -4.6740E+00
   3.4000E+00  -5.0674E+00
   3.6000E+00  -1.3336E+01
   3.8000E+00  -1.3431E+01
   4.0000E+00  -1.3553E+01
   4.2000E+00  -1.3675E+01
   4.4000E+00  -1.3809E+01
   4.6000E+00  -1.3976E+01
   4.8000E+00  -1.4181E+01
   5.0000E+00  -1.4426E+01
   5.2000E+00  -1.4742E+01
   5.4000E+00  -1.5094E+01
   5.6000E+00  -1.5642E+01
   5.8000E+00  -1.6175E+01
   6.0000E+00  -1.7039E+01
   6.2000E+00  -1.7528E+01
   6.4000E+00  -1.7648E+01
   6.6000E+00  -1.7692E+01
   6.8000E+00  -1.7730E+01
   7.0000E+00  -1.7751E+01
   7.2000E+00  -1.7769E+01
   7.4000E+00  -1.7778E+01
   7.6000E+00  -1.7786E+01
   7.8000E+00  -1.7789E+01
   8.0000E+00  -1.7791E+01
   8.2000E+00  -1.7791E+01
   8.4000E+00  -1.7790E+01
   8.6000E+00  -1.7787E+01
   8.8000E+00  -1.7784E+01
   9.0000E+00  -1.7782E+01
   1.9000E+01   8.1065E-18   5.4397E-02   1.3914E-04
   2.0000E-01  -2.1395E+00
   4.0000E-01  -2.1938E+00
   6.0000E-01  -2.2564E+00
   8.0000E-01  -2.3411E+00
   1.0000E+00  -2.4589E+00
   1.2000E+00  -2.6114E+00
   1.4000E+00  -2.7915E+00
   1.6000E+00  -2.9908E+00
   1.8000E+00  -3.2019E+00
   2.0000E+00  -3.4208E+00
   2.2000E+00  -3.6444E+00
   2.4000E+00  -3.8714E+00
   2.6000E+00  -4.1008E+00
   2.8000E+00  -4.3328E+00
   3.0000E+00  -4.5807E+00
   3.2000E+00  -4.8592E+00
   3.4000E+00  -5.2630E+00
   3.6000E+00  -1.3343E+01
   3.8000E+00  -1.3440E+01
   4.0000E+00  -1.3566E+01
   4.2000E+00  -1.3693E+01
   4.4000E+00  -1.3831E+01
   4.6000E+00  -1.3993E+01
   4.8000E+00  -1.4184E+01
   5.0000E+00  -1.4404E+01
   5.2000E+00  -1.4679E+01
   5.4000E+00  -1.4971E+01
   5.6000E+00  -1.5409E+01
   5.8000E+00  -1.5848E+01
   6.0000E+00  -1.6712E+01
   6.2000E+00  -1.7403E+01
   6.4000E+00  -1.7710E+01
   6.6000E+00  -1.7785E+01
   6.8000E+00  -1.7808E+01
   7.0000E+00  -1.7818E+01
   7.2000E+00  -1.7825E+01
   7.4000E+00  -1.7829E+01
   7.6000E+00  -1.7832E+01
   7.8000E+00  -1.7832E+01
   8.0000E+00  -1.7832E+01
   8.2000E+00  -1.7831E+01
   8.4000E+00  -1.7829E+01
   8.6000E+00  -1.7828E+01
   8.8000E+00  -1.7826E+01
   9.0000E+00  -1.7825E+01
   2.0000E+01   8.1065E-18   5.9478E-02   2.6218E-04
   2.0000E-01  -2.1342E+00
   4.0000E-01  -2.2034E+00
   6.0000E-01  -2.2900E+00
   8.0000E-01  -2.4091E+00
   1.0000E+00  -2.5646E+00
   1.2000E+00  -2.7492E+00
   1.4000E+00  -2.9526E+00
   1.6000E+00  -3.1673E+00
   1.8000E+00  -3.3886E+00
   2.0000E+00  -3.6144E+00
   2.2000E+00  -3.8433E+00
   2.4000E+00  -4.0752E+00
   2.6000E+00  -4.3101E+00
   2.8000E+00  -4.5499E+00
   3.0000E+00  -4.8067E+00
   3.2000E+00  -5.0977E+00
   3.4000E+00  -5.5114E+00
   3.6000E+00  -1.3388E+01
   3.8000E+00  -1.3486E+01
   4.0000E+00  -1.3615E+01
   4.2000E+00  -1.3743E+01
   4.4000E+00  -1.3882E+01
   4.6000E+00  -1.4039E+01
   4.8000E+00  -1.4217E+01
   5.0000E+00  -1.4415E+01
   5.2000E+00  -1.4656E+01
   5.4000E+00  -1.4901E+01
   5.6000E+00  -1.5256E+01
   5.8000E+00  -1.5611E+01
   6.0000E+00  -1.6264E+01
   6.2000E+00  -1.6885E+01
   6.4000E+00  -1.7616E+01
   6.6000E+00  -1.7827E+01
   6.8000E+00  -1.7853E+01
   7.0000E+00  -1.7861E+01
   7.2000E+00  -1.7867E+01
   7.4000E+00  -1.7870E+01
   7.6000E+00  -1.7873E+01
   7.8000E+00  -1.7873E+01
   8.0000E+00  -1.7873E+01
   8.2000E+00  -1.7873E+01
   8.4000E+00  -1.7872E+01
   8.6000E+00  -1.7870E+01
   8.8000E+00  -1.7869E+01
   9.0000E+00  -1.7869E+01
   2.1000E+01   8.1065E-18   6.4228E-02   5.4229E-04
   2.0000E-01  -2.1309E+00
   4.0000E-01  -2.2378E+00
   6.0000E-01  -2.3742E+00
   8.0000E-01  -2.5459E+00
   1.0000E+00  -2.7438E+00
   1.2000E+00  -2.9564E+00
   1.4000E+00  -3.1767E+00
   1.6000E+00  -3.4015E+00
   1.8000E+00  -3.6293E+00
   2.0000E+00  -3.8596E+00
   2.2000E+00  -4.0920E+00
   2.4000E+00  -4.3272E+00
   2.6000E+00  -4.5664E+00
   2.8000E+00  -4.8122E+00
   3.0000E+00  -5.0762E+00
   3.2000E+00  -5.3773E+00
   3.4000E+00  -5.7986E+00
   3.6000E+00  -1.3456E+01
   3.8000E+00  -1.3554E+01
   4.0000E+00  -1.3683E+01
   4.2000E+00  -1.3811E+01
   4.4000E+00  -1.3947E+01
   4.6000E+00  -1.4097E+01
   4.8000E+00  -1.4263E+01
   5.0000E+00  -1.4442E+01
   5.2000E+00  -1.4655E+01
   5.4000E+00  -1.4863E+01
   5.6000E+00  -1.5157E+01
   5.8000E+00  -1.5447E+01
   6.0000E+00  -1.5936E+01
   6.2000E+00  -1.6429E+01
   6.4000E+00  -1.7358E+01
   6.6000E+00  -1.7823E+01
   6.8000E+00  -1.7898E+01
   7.0000E+00  -1.7910E+01
   7.2000E+00  -1.7913E+01
   7.4000E+00  -1.7914E+01
   7.6000E+00  -1.7915E+01
   7.8000E+00  -1.7915E+01
   8.0000E+00  -1.7915E+01
   8.2000E+00  -1.7914E+01
   8.4000E+00  -1.7914E+01
   8.6000E+00  -1.7913E+01
   8.8000E+00  -1.7912E+01
   9.0000E+00  -1.7912E+01
   2.2000E+01   8.1065E-18   6.8145E-02   1.0421E-03
   2.0000E-01  -2.1497E+00
   4.0000E-01  -2.3250E+00
   6.0000E-01  -2.5185E+00
   8.0000E-01  -2.7247E+00
   1.0000E+00  -2.9382E+00
   1.2000E+00  -3.1571E+00
   1.4000E+00  -3.3803E+00
   1.6000E+00  -3.6067E+00
   1.8000E+00  -3.8356E+00
   2.0000E+00  -4.0667E+00
   2.2000E+00  -4.3001E+00
   2.4000E+00  -4.5365E+00
   2.6000E+00  -4.7775E+00
   2.8000E+00  -5.0264E+00
   3.0000E+00  -5.2940E+00
   3.2000E+00  -5.6004E+00
   3.4000E+00  -6.0254E+00
   3.6000E+00  -1.3530E+01
   3.8000E+00  -1.3627E+01
   4.0000E+00  -1.3755E+01
   4.2000E+00  -1.3882E+01
   4.4000E+00  -1.4016E+01
   4.6000E+00  -1.4161E+01
   4.8000E+00  -1.4319E+01
   5.0000E+00  -1.4486E+01
   5.2000E+00  -1.4682E+01
   5.4000E+00  -1.4870E+01
   5.6000E+00  -1.5131E+01
   5.8000E+00  -1.5387E+01
   6.0000E+00  -1.5800E+01
   6.2000E+00  -1.6218E+01
   6.4000E+00  -1.7000E+01
   6.6000E+00  -1.7616E+01
   6.8000E+00  -1.7916E+01
   7.0000E+00  -1.7953E+01
   7.2000E+00  -1.7956E+01
   7.4000E+00  -1.7957E+01
   7.6000E+00  -1.7957E+01
   7.8000E+00  -1.7957E+01
   8.0000E+00  -1.7957E+01
   8.2000E+00  -1.7957E+01
   8.4000E+00  -1.7956E+01
   8.6000E+00  -1.7956E+01
   8.8000E+00  -1.7956E+01
   9.0000E+00  -1.7955E+01
   2.3000E+01   8.1065E-18   6.9165E-02   1.5406E-03
   2.0000E-01  -2.1945E+00
   4.0000E-01  -2.4167E+00
   6.0000E-01  -2.6268E+00
   8.0000E-01  -2.8357E+00
   1.0000E+00  -3.0486E+00
   1.2000E+00  -3.2667E+00
   1.4000E+00  -3.4892E+00
   1.6000E+00  -3.7152E+00
   1.8000E+00  -3.9440E+00
   2.0000E+00  -4.1751E+00
   2.2000E+00  -4.4086E+00
   2.4000E+00  -4.6453E+00
   2.6000E+00  -4.8869E+00
   2.8000E+00  -5.1369E+00
   3.0000E+00  -5.4058E+00
   3.2000E+00  -5.7142E+00
   3.4000E+00  -6.1407E+00
   3.6000E+00  -1.3589E+01
   3.8000E+00  -1.3686E+01
   4.0000E+00  -1.3814E+01
   4.2000E+00  -1.3940E+01
   4.4000E+00  -1.4073E+01
   4.6000E+00  -1.4215E+01
   4.8000E+00  -1.4370E+01
   5.0000E+00  -1.4531E+01
   5.2000E+00  -1.4720E+01
   5.4000E+00  -1.4899E+01
   5.6000E+00  -1.5147E+01
   5.8000E+00  -1.5388E+01
   6.0000E+00  -1.5770E+01
   6.2000E+00  -1.6156E+01
   6.4000E+00  -1.6860E+01
   6.6000E+00  -1.7479E+01
   6.8000E+00  -1.7940E+01
   7.0000E+00  -1.7996E+01
   7.2000E+00  -1.7999E+01
   7.4000E+00  -1.8000E+01
   7.6000E+00  -1.8000E+01
   7.8000E+00  -1.8001E+01
   8.0000E+00  -1.8000E+01
   8.2000E+00  -1.8000E+01
   8.4000E+00  -1.8000E+01
   8.6000E+00  -1.7999E+01
   8.8000E+00  -1.7999E+01
   9.0000E+00  -1.7999E+01
   2.4000E+01   8.1065E-18   6.7527E-02   1.7462E-03
   2.0000E-01  -2.2242E+00
   4.0000E-01  -2.4463E+00
   6.0000E-01  -2.6468E+00
   8.0000E-01  -2.8474E+00
   1.0000E+00  -3.0542E+00
   1.2000E+00  -3.2680E+00
   1.4000E+00  -3.4876E+00
   1.6000E+00  -3.7116E+00
   1.8000E+00  -3.9390E+00
   2.0000E+00  -4.1693E+00
   2.2000E+00  -4.4023E+00
   2.4000E+00  -4.6387E+00
   2.6000E+00  -4.8800E+00
   2.8000E+00  -5.1297E+00
   3.0000E+00  -5.3985E+00
   3.2000E+00  -5.7067E+00
   3.4000E+00  -6.1331E+00
   3.6000E+00  -1.3628E+01
   3.8000E+00  -1.3726E+01
   4.0000E+00  -1.3854E+01
   4.2000E+00  -1.3979E+01
   4.4000E+00  -1.4113E+01
   4.6000E+00  -1.4255E+01
   4.8000E+00  -1.4410E+01
   5.0000E+00  -1.4571E+01
   5.2000E+00  -1.4761E+01
   5.4000E+00  -1.4941E+01
   5.6000E+00  -1.5189E+01
   5.8000E+00  -1.5432E+01
   6.0000E+00  -1.5816E+01
   6.2000E+00  -1.6204E+01
   6.4000E+00  -1.6913E+01
   6.6000E+00  -1.7532E+01
   6.8000E+00  -1.7984E+01
   7.0000E+00  -1.8039E+01
   7.2000E+00  -1.8043E+01
   7.4000E+00  -1.8043E+01
   7.6000E+00  -1.8044E+01
   7.8000E+00  -1.8044E+01
   8.0000E+00  -1.8044E+01
   8.2000E+00  -1.8044E+01
   8.4000E+00  -1.8043E+01
   8.6000E+00  -1.8043E+01
   8.8000E+00  -1.8042E+01
   9.0000E+00  -1.8042E+01
   2.5000E+01   8.1065E-18   6.4031E-02   1.6033E-03
   2.0000E-01  -2.2172E+00
   4.0000E-01  -2.4116E+00
   6.0000E-01  -2.5909E+00
   8.0000E-01  -2.7755E+00
   1.0000E+00  -2.9706E+00
   1.2000E+00  -3.1760E+00
   1.4000E+00  -3.3900E+00
   1.6000E+00  -3.6103E+00
   1.8000E+00  -3.8353E+00
   2.0000E+00  -4.0640E+00
   2.2000E+00  -4.2958E+00
   2.4000E+00  -4.5311E+00
   2.6000E+00  -4.7714E+00
   2.8000E+00  -5.0197E+00
   3.0000E+00  -5.2869E+00
   3.2000E+00  -5.5930E+00
   3.4000E+00  -6.0180E+00
   3.6000E+00  -1.3649E+01
   3.8000E+00  -1.3748E+01
   4.0000E+00  -1.3877E+01
   4.2000E+00  -1.4004E+01
   4.4000E+00  -1.4139E+01
   4.6000E+00  -1.4283E+01
   4.8000E+00  -1.4442E+01
   5.0000E+00  -1.4608E+01
   5.2000E+00  -1.4805E+01
   5.4000E+00  -1.4993E+01
   5.6000E+00  -1.5256E+01
   5.8000E+00  -1.5514E+01
   6.0000E+00  -1.5930E+01
   6.2000E+00  -1.6351E+01
   6.4000E+00  -1.7140E+01
   6.6000E+00  -1.7757E+01
   6.8000E+00  -1.8047E+01
   7.0000E+00  -1.8083E+01
   7.2000E+00  -1.8086E+01
   7.4000E+00  -1.8087E+01
   7.6000E+00  -1.8088E+01
   7.8000E+00  -1.8088E+01
   8.0000E+00  -1.8088E+01
   8.2000E+00  -1.8087E+01
   8.4000E+00  -1.8087E+01
   8.6000E+00  -1.8086E+01
   8.8000E+00  -1.8086E+01
   9.0000E+00  -1.8086E+01
   2.6000E+01   8.1065E-18   6.1620E-02   1.3437E-03
   2.0000E-01  -2.1945E+00
   4.0000E-01  -2.3635E+00
   6.0000E-01  -2.5275E+00
   8.0000E-01  -2.7025E+00
   1.0000E+00  -2.8916E+00
   1.2000E+00  -3.0935E+00
   1.4000E+00  -3.3052E+00
   1.6000E+00  -3.5240E+00
   1.8000E+00  -3.7480E+00
   2.0000E+00  -3.9759E+00
   2.2000E+00  -4.2071E+00
   2.4000E+00  -4.4419E+00
   2.6000E+00  -4.6814E+00
   2.8000E+00  -4.9284E+00
   3.0000E+00  -5.1942E+00
   3.2000E+00  -5.4983E+00
   3.4000E+00  -5.9217E+00
   3.6000E+00  -1.3677E+01
   3.8000E+00  -1.3776E+01
   4.0000E+00  -1.3906E+01
   4.2000E+00  -1.4034E+01
   4.4000E+00  -1.4170E+01
   4.6000E+00  -1.4317E+01
   4.8000E+00  -1.4479E+01
   5.0000E+00  -1.4649E+01
   5.2000E+00  -1.4852E+01
   5.4000E+00  -1.5048E+01
   5.6000E+00  -1.5323E+01
   5.8000E+00  -1.5595E+01
   6.0000E+00  -1.6041E+01
   6.2000E+00  -1.6493E+01
   6.4000E+00  -1.7349E+01
   6.6000E+00  -1.7927E+01
   6.8000E+00  -1.8103E+01
   7.0000E+00  -1.8126E+01
   7.2000E+00  -1.8130E+01
   7.4000E+00  -1.8131E+01
   7.6000E+00  -1.8132E+01
   7.8000E+00  -1.8132E+01
   8.0000E+00  -1.8131E+01
   8.2000E+00  -1.8131E+01
   8.4000E+00  -1.8130E+01
   8.6000E+00  -1.8130E+01
   8.8000E+00  -1.8129E+01
   9.0000E+00  -1.8129E+01
   2.7000E+01   8.1065E-18   6.1400E-02   1.1663E-03
   2.0000E-01  -2.1774E+00
   4.0000E-01  -2.3340E+00
   6.0000E-01  -2.4927E+00
   8.0000E-01  -2.6655E+00
   1.0000E+00  -2.8539E+00
   1.2000E+00  -3.0555E+00
   1.4000E+00  -3.2671E+00
   1.6000E+00  -3.4859E+00
   1.8000E+00  -3.7098E+00
   2.0000E+00  -3.9376E+00
   2.2000E+00  -4.1686E+00
   2.4000E+00  -4.4031E+00
   2.6000E+00  -4.6422E+00
   2.8000E+00  -4.8887E+00
   3.0000E+00  -5.1538E+00
   3.2000E+00  -5.4569E+00
   3.4000E+00  -5.8797E+00
   3.6000E+00  -1.3716E+01
   3.8000E+00  -1.3815E+01
   4.0000E+00  -1.3945E+01
   4.2000E+00  -1.4073E+01
   4.4000E+00  -1.4209E+01
   4.6000E+00  -1.4358E+01
   4.8000E+00  -1.4521E+01
   5.0000E+00  -1.4694E+01
   5.2000E+00  -1.4900E+01
   5.4000E+00  -1.5099E+01
   5.6000E+00  -1.5380E+01
   5.8000E+00  -1.5658E+01
   6.0000E+00  -1.6118E+01
   6.2000E+00  -1.6584E+01
   6.4000E+00  -1.7470E+01
   6.6000E+00  -1.8016E+01
   6.8000E+00  -1.8151E+01
   7.0000E+00  -1.8170E+01
   7.2000E+00  -1.8174E+01
   7.4000E+00  -1.8175E+01
   7.6000E+00  -1.8175E+01
   7.8000E+00  -1.8175E+01
   8.0000E+00  -1.8175E+01
   8.2000E+00  -1.8174E+01
   8.4000E+00  -1.8174E+01
   8.6000E+00  -1.8173E+01
   8.8000E+00  -1.8173E+01
   9.0000E+00  -1.8173E+01
   2.8000E+01   8.1065E-18   6.2583E-02   1.1003E-03
   2.0000E-01  -2.1689E+00
   4.0000E-01  -2.3250E+00
   6.0000E-01  -2.4865E+00
   8.0000E-01  -2.6628E+00
   1.0000E+00  -2.8545E+00
   1.2000E+00  -3.0589E+00
   1.4000E+00  -3.2726E+00
   1.6000E+00  -3.4930E+00
   1.8000E+00  -3.7180E+00
   2.0000E+00  -3.9465E+00
   2.2000E+00  -4.1780E+00
   2.4000E+00  -4.4129E+00
   2.6000E+00  -4.6523E+00
   2.8000E+00  -4.8991E+00
   3.0000E+00  -5.1645E+00
   3.2000E+00  -5.4679E+00
   3.4000E+00  -5.8908E+00
   3.6000E+00  -1.3762E+01
   3.8000E+00  -1.3861E+01
   4.0000E+00  -1.3991E+01
   4.2000E+00  -1.4119E+01
   4.4000E+00  -1.4255E+01
   4.6000E+00  -1.4403E+01
   4.8000E+00  -1.4566E+01
   5.0000E+00  -1.4738E+01
   5.2000E+00  -1.4944E+01
   5.4000E+00  -1.5142E+01
   5.6000E+00  -1.5421E+01
   5.8000E+00  -1.5697E+01
   6.0000E+00  -1.6152E+01
   6.2000E+00  -1.6614E+01
   6.4000E+00  -1.7493E+01
   6.6000E+00  -1.8051E+01
   6.8000E+00  -1.8194E+01
   7.0000E+00  -1.8214E+01
   7.2000E+00  -1.8217E+01
   7.4000E+00  -1.8218E+01
   7.6000E+00  -1.8219E+01
   7.8000E+00  -1.8219E+01
   8.0000E+00  -1.8218E+01
   8.2000E+00  -1.8218E+01
   8.4000E+00  -1.8217E+01
   8.6000E+00  -1.8217E+01
   8.8000E+00  -1.8216E+01
   9.0000E+00  -1.8216E+01
   2.9000E+01   8.1065E-18   6.3942E-02   1.1512E-03
   2.0000E-01  -2.1691E+00
   4.0000E-01  -2.3358E+00
   6.0000E-01  -2.5077E+00
   8.0000E-01  -2.6932E+00
   1.0000E+00  -2.8920E+00
   1.2000E+00  -3.1014E+00
   1.4000E+00  -3.3185E+00
   1.6000E+00  -3.5410E+00
   1.8000E+00  -3.7675E+00
   2.0000E+00  -3.9970E+00
   2.2000E+00  -4.2292E+00
   2.4000E+00  -4.4647E+00
   2.6000E+00  -4.7047E+00
   2.8000E+00  -4.9524E+00
   3.0000E+00  -5.2187E+00
   3.2000E+00  -5.5235E+00
   3.4000E+00  -5.9474E+00
   3.6000E+00  -1.3816E+01
   3.8000E+00  -1.3914E+01
   4.0000E+00  -1.4044E+01
   4.2000E+00  -1.4171E+01
   4.4000E+00  -1.4307E+01
   4.6000E+00  -1.4453E+01
   4.8000E+00  -1.4614E+01
   5.0000E+00  -1.4784E+01
   5.2000E+00  -1.4986E+01
   5.4000E+00  -1.5179E+01
   5.6000E+00  -1.5451E+01
   5.8000E+00  -1.5719E+01
   6.0000E+00  -1.6157E+01
   6.2000E+00  -1.6600E+01
   6.4000E+00  -1.7437E+01
   6.6000E+00  -1.8029E+01
   6.8000E+00  -1.8231E+01
   7.0000E+00  -1.8257E+01
   7.2000E+00  -1.8260E+01
   7.4000E+00  -1.8261E+01
   7.6000E+00  -1.8262E+01
   7.8000E+00  -1.8262E+01
   8.0000E+00  -1.8262E+01
   8.2000E+00  -1.8261E+01
   8.4000E+00  -1.8261E+01
   8.6000E+00  -1.8260E+01
   8.8000E+00  -1.8260E+01
   9.0000E+00  -1.8259E+01
   3.0000E+01   8.1065E-18   6.5359E-02   1.2796E-03
   2.0000E-01  -2.1779E+00
   4.0000E-01  -2.3599E+00
   6.0000E-01  -2.5423E+00
   8.0000E-01  -2.7343E+00
   1.0000E+00  -2.9369E+00
   1.2000E+00  -3.1485E+00
   1.4000E+00  -3.3670E+00
   1.6000E+00  -3.5903E+00
   1.8000E+00  -3.8173E+00
   2.0000E+00  -4.0472E+00
   2.2000E+00  -4.2798E+00
   2.4000E+00  -4.5157E+00
   2.6000E+00  -4.7562E+00
   2.8000E+00  -5.0045E+00
   3.0000E+00  -5.2717E+00
   3.2000E+00  -5.5776E+00
   3.4000E+00  -6.0023E+00
   3.6000E+00  -1.3867E+01
   3.8000E+00  -1.3966E+01
   4.0000E+00  -1.4094E+01
   4.2000E+00  -1.4221E+01
   4.4000E+00  -1.4356E+01
   4.6000E+00  -1.4502E+01
   4.8000E+00  -1.4661E+01
   5.0000E+00  -1.4828E+01
   5.2000E+00  -1.5026E+01
   5.4000E+00  -1.5215E+01
   5.6000E+00  -1.5479E+01
   5.8000E+00  -1.5738E+01
   6.0000E+00  -1.6159E+01
   6.2000E+00  -1.6584E+01
   6.4000E+00  -1.7383E+01
   6.6000E+00  -1.7996E+01
   6.8000E+00  -1.8267E+01
   7.0000E+00  -1.8300E+01
   7.2000E+00  -1.8304E+01
   7.4000E+00  -1.8305E+01
   7.6000E+00  -1.8305E+01
   7.8000E+00  -1.8305E+01
   8.0000E+00  -1.8305E+01
   8.2000E+00  -1.8304E+01
   8.4000E+00  -1.8304E+01
   8.6000E+00  -1.8303E+01
   8.8000E+00  -1.8303E+01
   9.0000E+00  -1.8303E+01
   3.1000E+01   8.1065E-18   6.5599E-02   1.4087E-03
   2.0000E-01  -2.1895E+00
   4.0000E-01  -2.3831E+00
   6.0000E-01  -2.5719E+00
   8.0000E-01  -2.7677E+00
   1.0000E+00  -2.9727E+00
   1.2000E+00  -3.1858E+00
   1.4000E+00  -3.4052E+00
   1.6000E+00  -3.6293E+00
   1.8000E+00  -3.8567E+00
   2.0000E+00  -4.0869E+00
   2.2000E+00  -4.3198E+00
   2.4000E+00  -4.5559E+00
   2.6000E+00  -4.7968E+00
   2.8000E+00  -5.0456E+00
   3.0000E+00  -5.3133E+00
   3.2000E+00  -5.6201E+00
   3.4000E+00  -6.0454E+00
   3.6000E+00  -1.3918E+01
   3.8000E+00  -1.4016E+01
   4.0000E+00  -1.4144E+01
   4.2000E+00  -1.4271E+01
   4.4000E+00  -1.4405E+01
   4.6000E+00  -1.4550E+01
   4.8000E+00  -1.4707E+01
   5.0000E+00  -1.4873E+01
   5.2000E+00  -1.5068E+01
   5.4000E+00  -1.5254E+01
   5.6000E+00  -1.5513E+01
   5.8000E+00  -1.5767E+01
   6.0000E+00  -1.6175E+01
   6.2000E+00  -1.6588E+01
   6.4000E+00  -1.7356E+01
   6.6000E+00  -1.7975E+01
   6.8000E+00  -1.8303E+01
   7.0000E+00  -1.8343E+01
   7.2000E+00  -1.8347E+01
   7.4000E+00  -1.8348E+01
   7.6000E+00  -1.8348E+01
   7.8000E+00  -1.8348E+01
   8.0000E+00  -1.8348E+01
   8.2000E+00  -1.8348E+01
   8.4000E+00  -1.8347E+01
   8.6000E+00  -1.8347E+01
   8.8000E+00  -1.8347E+01
   9.0000E+00  -1.8346E+01
   3.2000E+01   8.1065E-18   6.6348E-02   1.5204E-03
   2.0000E-01  -2.2003E+00
   4.0000E-01  -2.4021E+00
   6.0000E-01  -2.5949E+00
   8.0000E-01  -2.7930E+00
   1.0000E+00  -2.9993E+00
   1.2000E+00  -3.2132E+00
   1.4000E+00  -3.4331E+00
   1.6000E+00  -3.6575E+00
   1.8000E+00  -3.8851E+00
   2.0000E+00  -4.1155E+00
   2.2000E+00  -4.3485E+00
   2.4000E+00  -4.5848E+00
   2.6000E+00  -4.8259E+00
   2.8000E+00  -5.0751E+00
   3.0000E+00  -5.3432E+00
   3.2000E+00  -5.6505E+00
   3.4000E+00  -6.0763E+00
   3.6000E+00  -1.3966E+01
   3.8000E+00  -1.4064E+01
   4.0000E+00  -1.4193E+01
   4.2000E+00  -1.4319E+01
   4.4000E+00  -1.4453E+01
   4.6000E+00  -1.4597E+01
   4.8000E+00  -1.4754E+01
   5.0000E+00  -1.4917E+01
   5.2000E+00  -1.5110E+01
   5.4000E+00  -1.5294E+01
   5.6000E+00  -1.5550E+01
   5.8000E+00  -1.5800E+01
   6.0000E+00  -1.6199E+01
   6.2000E+00  -1.6603E+01
   6.4000E+00  -1.7350E+01
   6.6000E+00  -1.7972E+01
   6.8000E+00  -1.8342E+01
   7.0000E+00  -1.8387E+01
   7.2000E+00  -1.8390E+01
   7.4000E+00  -1.8391E+01
   7.6000E+00  -1.8392E+01
   7.8000E+00  -1.8392E+01
   8.0000E+00  -1.8391E+01
   8.2000E+00  -1.8391E+01
   8.4000E+00  -1.8391E+01
   8.6000E+00  -1.8390E+01
   8.8000E+00  -1.8390E+01
   9.0000E+00  -1.8390E+01
   3.3000E+01   8.1065E-18   6.6364E-02   1.5959E-03
   2.0000E-01  -2.2088E+00
   4.0000E-01  -2.4144E+00
   6.0000E-01  -2.6086E+00
   8.0000E-01  -2.8072E+00
   1.0000E+00  -3.0138E+00
   1.2000E+00  -3.2278E+00
   1.4000E+00  -3.4477E+00
   1.6000E+00  -3.6721E+00
   1.8000E+00  -3.8998E+00
   2.0000E+00  -4.1302E+00
   2.2000E+00  -4.3632E+00
   2.4000E+00  -4.5995E+00
   2.6000E+00  -4.8407E+00
   2.8000E+00  -5.0900E+00
   3.0000E+00  -5.3584E+00
   3.2000E+00  -5.6659E+00
   3.4000E+00  -6.0918E+00
   3.6000E+00  -1.4011E+01
   3.8000E+00  -1.4109E+01
   4.0000E+00  -1.4237E+01
   4.2000E+00  -1.4364E+01
   4.4000E+00  -1.4497E+01
   4.6000E+00  -1.4641E+01
   4.8000E+00  -1.4797E+01
   5.0000E+00  -1.4960E+01
   5.2000E+00  -1.5152E+01
   5.4000E+00  -1.5335E+01
   5.6000E+00  -1.5588E+01
   5.8000E+00  -1.5836E+01
   6.0000E+00  -1.6230E+01
   6.2000E+00  -1.6629E+01
   6.4000E+00  -1.7366E+01
   6.6000E+00  -1.7988E+01
   6.8000E+00  -1.8382E+01
   7.0000E+00  -1.8430E+01
   7.2000E+00  -1.8434E+01
   7.4000E+00  -1.8434E+01
   7.6000E+00  -1.8435E+01
   7.8000E+00  -1.8435E+01
   8.0000E+00  -1.8435E+01
   8.2000E+00  -1.8435E+01
   8.4000E+00  -1.8434E+01
   8.6000E+00  -1.8434E+01
   8.8000E+00  -1.8433E+01
   9.0000E+00  -1.8433E+01
   3.4000E+01   8.1065E-18   6.5687E-02   1.6176E-03
   2.0000E-01  -2.2122E+00
   4.0000E-01  -2.4166E+00
   6.0000E-01  -2.6090E+00
   8.0000E-01  -2.8058E+00
   1.0000E+00  -3.0109E+00
   1.2000E+00  -3.2238E+00
   1.4000E+00  -3.4430E+00
   1.6000E+00  -3.6668E+00
   1.8000E+00  -3.8942E+00
   2.0000E+00  -4.1243E+00
   2.2000E+00  -4.3572E+00
   2.4000E+00  -4.5934E+00
   2.6000E+00  -4.8345E+00
   2.8000E+00  -5.0837E+00
   3.0000E+00  -5.3519E+00
   3.2000E+00  -5.6594E+00
   3.4000E+00  -6.0852E+00
   3.6000E+00  -1.4053E+01
   3.8000E+00  -1.4151E+01
   4.0000E+00  -1.4279E+01
   4.2000E+00  -1.4406E+01
   4.4000E+00  -1.4539E+01
   4.6000E+00  -1.4683E+01
   4.8000E+00  -1.4840E+01
   5.0000E+00  -1.5003E+01
   5.2000E+00  -1.5195E+01
   5.4000E+00  -1.5378E+01
   5.6000E+00  -1.5632E+01
   5.8000E+00  -1.5881E+01
   6.0000E+00  -1.6278E+01
   6.2000E+00  -1.6679E+01
   6.4000E+00  -1.7420E+01
   6.6000E+00  -1.8043E+01
   6.8000E+00  -1.8427E+01
   7.0000E+00  -1.8473E+01
   7.2000E+00  -1.8477E+01
   7.4000E+00  -1.8478E+01
   7.6000E+00  -1.8478E+01
   7.8000E+00  -1.8478E+01
   8.0000E+00  -1.8478E+01
   8.2000E+00  -1.8478E+01
   8.4000E+00  -1.8478E+01
   8.6000E+00  -1.8477E+01
   8.8000E+00  -1.8477E+01
   9.0000E+00  -1.8477E+01
   3.5000E+01   8.1065E-18   6.4846E-02   1.5759E-03
   2.0000E-01  -2.2097E+00
   4.0000E-01  -2.4077E+00
   6.0000E-01  -2.5948E+00
   8.0000E-01  -2.7875E+00
   1.0000E+00  -2.9895E+00
   1.2000E+00  -3.2002E+00
   1.4000E+00  -3.4178E+00
   1.6000E+00  -3.6407E+00
   1.8000E+00  -3.8673E+00
   2.0000E+00  -4.0970E+00
   2.2000E+00  -4.3295E+00
   2.4000E+00  -4.5655E+00
   2.6000E+00  -4.8062E+00
   2.8000E+00  -5.0551E+00
   3.0000E+00  -5.3229E+00
   3.2000E+00  -5.6298E+00
   3.4000E+00  -6.0552E+00
   3.6000E+00  -1.4091E+01
   3.8000E+00  -1.4189E+01
   4.0000E+00  -1.4318E+01
   4.2000E+00  -1.4445E+01
   4.4000E+00  -1.4579E+01
   4.6000E+00  -1.4723E+01
   4.8000E+00  -1.4881E+01
   5.0000E+00  -1.5045E+01
   5.2000E+00  -1.5240E+01
   5.4000E+00  -1.5425E+01
   5.6000E+00  -1.5683E+01
   5.8000E+00  -1.5936E+01
   6.0000E+00  -1.6342E+01
   6.2000E+00  -1.6752E+01
   6.4000E+00  -1.7513E+01
   6.6000E+00  -1.8134E+01
   6.8000E+00  -1.8475E+01
   7.0000E+00  -1.8517E+01
   7.2000E+00  -1.8521E+01
   7.4000E+00  -1.8521E+01
   7.6000E+00  -1.8522E+01
   7.8000E+00  -1.8522E+01
   8.0000E+00  -1.8522E+01
   8.2000E+00  -1.8521E+01
   8.4000E+00  -1.8521E+01
   8.6000E+00  -1.8521E+01
   8.8000E+00  -1.8520E+01
   9.0000E+00  -1.8520E+01
   3.6000E+01   8.1065E-18   6.3603E-02   1.4713E-03
   2.0000E-01  -2.2015E+00
   4.0000E-01  -2.3882E+00
   6.0000E-01  -2.5669E+00
   8.0000E-01  -2.7531E+00
   1.0000E+00  -2.9502E+00
   1.2000E+00  -3.1574E+00
   1.4000E+00  -3.3726E+00
   1.6000E+00  -3.5938E+00
   1.8000E+00  -3.8193E+00
   2.0000E+00  -4.0482E+00
   2.2000E+00  -4.2802E+00
   2.4000E+00  -4.5156E+00
   2.6000E+00  -4.7559E+00
   2.8000E+00  -5.0040E+00
   3.0000E+00  -5.2711E+00
   3.2000E+00  -5.5769E+00
   3.4000E+00  -6.0016E+00
   3.6000E+00  -1.4125E+01
   3.8000E+00  -1.4224E+01
   4.0000E+00  -1.4353E+01
   4.2000E+00  -1.4480E+01
   4.4000E+00  -1.4614E+01
   4.6000E+00  -1.4760E+01
   4.8000E+00  -1.4919E+01
   5.0000E+00  -1.5086E+01
   5.2000E+00  -1.5284E+01
   5.4000E+00  -1.5473E+01
   5.6000E+00  -1.5737E+01
   5.8000E+00  -1.5998E+01
   6.0000E+00  -1.6419E+01
   6.2000E+00  -1.6845E+01
   6.4000E+00  -1.7645E+01
   6.6000E+00  -1.8257E+01
   6.8000E+00  -1.8527E+01
   7.0000E+00  -1.8560E+01
   7.2000E+00  -1.8564E+01
   7.4000E+00  -1.8565E+01
   7.6000E+00  -1.8566E+01
   7.8000E+00  -1.8566E+01
   8.0000E+00  -1.8565E+01
   8.2000E+00  -1.8565E+01
   8.4000E+00  -1.8565E+01
   8.6000E+00  -1.8564E+01
   8.8000E+00  -1.8564E+01
   9.0000E+00  -1.8563E+01
   3.7000E+01   8.1065E-18   6.2236E-02   1.3190E-03
   2.0000E-01  -2.1896E+00
   4.0000E-01  -2.3617E+00
   6.0000E-01  -2.5295E+00
   8.0000E-01  -2.7073E+00
   1.0000E+00  -2.8981E+00
   1.2000E+00  -3.1008E+00
   1.4000E+00  -3.3128E+00
   1.6000E+00  -3.5318E+00
   1.8000E+00  -3.7559E+00
   2.0000E+00  -3.9838E+00
   2.2000E+00  -4.2150E+00
   2.4000E+00  -4.4497E+00
   2.6000E+00  -4.6893E+00
   2.8000E+00  -4.9364E+00
   3.0000E+00  -5.2023E+00
   3.2000E+00  -5.5065E+00
   3.4000E+00  -5.9301E+00
   3.6000E+00  -1.4156E+01
   3.8000E+00  -1.4255E+01
   4.0000E+00  -1.4385E+01
   4.2000E+00  -1.4512E+01
   4.4000E+00  -1.4648E+01
   4.6000E+00  -1.4795E+01
   4.8000E+00  -1.4956E+01
   5.0000E+00  -1.5127E+01
   5.2000E+00  -1.5329E+01
   5.4000E+00  -1.5524E+01
   5.6000E+00  -1.5798E+01
   5.8000E+00  -1.6069E+01
   6.0000E+00  -1.6512E+01
   6.2000E+00  -1.6961E+01
   6.4000E+00  -1.7811E+01
   6.6000E+00  -1.8394E+01
   6.8000E+00  -1.8580E+01
   7.0000E+00  -1.8604E+01
   7.2000E+00  -1.8608E+01
   7.4000E+00  -1.8609E+01
   7.6000E+00  -1.8610E+01
   7.8000E+00  -1.8609E+01
   8.0000E+00  -1.8609E+01
   8.2000E+00  -1.8609E+01
   8.4000E+00  -1.8608E+01
   8.6000E+00  -1.8608E+01
   8.8000E+00  -1.8607E+01
   9.0000E+00  -1.8607E+01
   3.8000E+01   8.1065E-18   6.0290E-02   1.1480E-03
   2.0000E-01  -2.1770E+00
   4.0000E-01  -2.3340E+00
   6.0000E-01  -2.4909E+00
   8.0000E-01  -2.6604E+00
   1.0000E+00  -2.8450E+00
   1.2000E+00  -3.0433E+00
   1.4000E+00  -3.2522E+00
   1.6000E+00  -3.4691E+00
   1.8000E+00  -3.6917E+00
   2.0000E+00  -3.9185E+00
   2.2000E+00  -4.1490E+00
   2.4000E+00  -4.3830E+00
   2.6000E+00  -4.6217E+00
   2.8000E+00  -4.8677E+00
   3.0000E+00  -5.1323E+00
   3.2000E+00  -5.4348E+00
   3.4000E+00  -5.8571E+00
   3.6000E+00  -1.4189E+01
   3.8000E+00  -1.4289E+01
   4.0000E+00  -1.4419E+01
   4.2000E+00  -1.4548E+01
   4.4000E+00  -1.4684E+01
   4.6000E+00  -1.4833E+01
   4.8000E+00  -1.4997E+01
   5.0000E+00  -1.5171E+01
   5.2000E+00  -1.5379E+01
   5.4000E+00  -1.5580E+01
   5.6000E+00  -1.5865E+01
   5.8000E+00  -1.6148E+01
   6.0000E+00  -1.6616E+01
   6.2000E+00  -1.7090E+01
   6.4000E+00  -1.7990E+01
   6.6000E+00  -1.8516E+01
   6.8000E+00  -1.8631E+01
   7.0000E+00  -1.8648E+01
   7.2000E+00  -1.8652E+01
   7.4000E+00  -1.8653E+01
   7.6000E+00  -1.8653E+01
   7.8000E+00  -1.8653E+01
   8.0000E+00  -1.8653E+01
   8.2000E+00  -1.8652E+01
   8.4000E+00  -1.8652E+01
   8.6000E+00  -1.8651E+01
   8.8000E+00  -1.8651E+01
   9.0000E+00  -1.8650E+01
   3.9000E+01   8.1065E-18   5.9180E-02   9.8685E-04
   2.0000E-01  -2.1661E+00
   4.0000E-01  -2.3090E+00
   6.0000E-01  -2.4553E+00
   8.0000E-01  -2.6165E+00
   1.0000E+00  -2.7948E+00
   1.2000E+00  -2.9883E+00
   1.4000E+00  -3.1938E+00
   1.6000E+00  -3.4084E+00
   1.8000E+00  -3.6293E+00
   2.0000E+00  -3.8550E+00
   2.2000E+00  -4.0845E+00
   2.4000E+00  -4.3178E+00
   2.6000E+00  -4.5556E+00
   2.8000E+00  -4.8003E+00
   3.0000E+00  -5.0635E+00
   3.2000E+00  -5.3640E+00
   3.4000E+00  -5.7849E+00
   3.6000E+00  -1.4224E+01
   3.8000E+00  -1.4324E+01
   4.0000E+00  -1.4454E+01
   4.2000E+00  -1.4583E+01
   4.4000E+00  -1.4720E+01
   4.6000E+00  -1.4871E+01
   4.8000E+00  -1.5038E+01
   5.0000E+00  -1.5216E+01
   5.2000E+00  -1.5430E+01
   5.4000E+00  -1.5638E+01
   5.6000E+00  -1.5935E+01
   5.8000E+00  -1.6230E+01
   6.0000E+00  -1.6727E+01
   6.2000E+00  -1.7228E+01
   6.4000E+00  -1.8164E+01
   6.6000E+00  -1.8614E+01
   6.8000E+00  -1.8681E+01
   7.0000E+00  -1.8692E+01
   7.2000E+00  -1.8696E+01
   7.4000E+00  -1.8697E+01
   7.6000E+00  -1.8697E+01
   7.8000E+00  -1.8697E+01
   8.0000E+00  -1.8697E+01
   8.2000E+00  -1.8696E+01
   8.4000E+00  -1.8695E+01
   8.6000E+00  -1.8695E+01
   8.8000E+00  -1.8694E+01
   9.0000E+00  -1.8694E+01
   4.0000E+01   8.1065E-18   5.8614E-02   8.4262E-04
   2.0000E-01  -2.1572E+00
   4.0000E-01  -2.2872E+00
   6.0000E-01  -2.4234E+00
   8.0000E-01  -2.5764E+00
   1.0000E+00  -2.7481E+00
   1.2000E+00  -2.9367E+00
   1.4000E+00  -3.1388E+00
   1.6000E+00  -3.3508E+00
   1.8000E+00  -3.5700E+00
   2.0000E+00  -3.7945E+00
   2.2000E+00  -4.0230E+00
   2.4000E+00  -4.2554E+00
   2.6000E+00  -4.4922E+00
   2.8000E+00  -4.7355E+00
   3.0000E+00  -4.9972E+00
   3.2000E+00  -5.2956E+00
   3.4000E+00  -5.7149E+00
   3.6000E+00  -1.4260E+01
   3.8000E+00  -1.4360E+01
   4.0000E+00  -1.4491E+01
   4.2000E+00  -1.4621E+01
   4.4000E+00  -1.4759E+01
   4.6000E+00  -1.4911E+01
   4.8000E+00  -1.5080E+01
   5.0000E+00  -1.5262E+01
   5.2000E+00  -1.5483E+01
   5.4000E+00  -1.5697E+01
   5.6000E+00  -1.6007E+01
   5.8000E+00  -1.6316E+01
   6.0000E+00  -1.6844E+01
   6.2000E+00  -1.7373E+01
   6.4000E+00  -1.8300E+01
   6.6000E+00  -1.8676E+01
   6.8000E+00  -1.8721E+01
   7.0000E+00  -1.8731E+01
   7.2000E+00  -1.8737E+01
   7.4000E+00  -1.8739E+01
   7.6000E+00  -1.8740E+01
   7.8000E+00  -1.8741E+01
   8.0000E+00  -1.8741E+01
   8.2000E+00  -1.8740E+01
   8.4000E+00  -1.8739E+01
   8.6000E+00  -1.8738E+01
   8.8000E+00  -1.8738E+01
   9.0000E+00  -1.8737E+01
   4.1000E+01   8.1065E-18   5.7723E-02   7.1673E-04
   2.0000E-01  -2.1506E+00
   4.0000E-01  -2.2693E+00
   6.0000E-01  -2.3963E+00
   8.0000E-01  -2.5416E+00
   1.0000E+00  -2.7071E+00
   1.2000E+00  -2.8911E+00
   1.4000E+00  -3.0898E+00
   1.6000E+00  -3.2996E+00
   1.8000E+00  -3.5172E+00
   2.0000E+00  -3.7405E+00
   2.2000E+00  -3.9682E+00
   2.4000E+00  -4.1998E+00
   2.6000E+00  -4.4356E+00
   2.8000E+00  -4.6776E+00
   3.0000E+00  -4.9378E+00
   3.2000E+00  -5.2341E+00
   3.4000E+00  -5.6517E+00
   3.6000E+00  -1.4298E+01
   3.8000E+00  -1.4399E+01
   4.0000E+00  -1.4530E+01
   4.2000E+00  -1.4659E+01
   4.4000E+00  -1.4798E+01
   4.6000E+00  -1.4952E+01
   4.8000E+00  -1.5124E+01
   5.0000E+00  -1.5310E+01
   5.2000E+00  -1.5536E+01
   5.4000E+00  -1.5758E+01
   5.6000E+00  -1.6080E+01
   5.8000E+00  -1.6403E+01
   6.0000E+00  -1.6968E+01
   6.2000E+00  -1.7527E+01
   6.4000E+00  -1.8407E+01
   6.6000E+00  -1.8726E+01
   6.8000E+00  -1.8763E+01
   7.0000E+00  -1.8772E+01
   7.2000E+00  -1.8779E+01
   7.4000E+00  -1.8782E+01
   7.6000E+00  -1.8784E+01
   7.8000E+00  -1.8785E+01
   8.0000E+00  -1.8785E+01
   8.2000E+00  -1.8784E+01
   8.4000E+00  -1.8784E+01
   8.6000E+00  -1.8782E+01
   8.8000E+00  -1.8781E+01
   9.0000E+00  -1.8781E+01
   4.2000E+01   8.1065E-18   5.7308E-02   6.2355E-04
   2.0000E-01  -2.1462E+00
   4.0000E-01  -2.2565E+00
   6.0000E-01  -2.3769E+00
   8.0000E-01  -2.5169E+00
   1.0000E+00  -2.6786E+00
   1.2000E+00  -2.8599E+00
   1.4000E+00  -3.0567E+00
   1.6000E+00  -3.2652E+00
   1.8000E+00  -3.4819E+00
   2.0000E+00  -3.7045E+00
   2.2000E+00  -3.9317E+00
   2.4000E+00  -4.1627E+00
   2.6000E+00  -4.3979E+00
   2.8000E+00  -4.6390E+00
   3.0000E+00  -4.8980E+00
   3.2000E+00  -5.1928E+00
   3.4000E+00  -5.6092E+00
   3.6000E+00  -1.4340E+01
   3.8000E+00  -1.4441E+01
   4.0000E+00  -1.4573E+01
   4.2000E+00  -1.4702E+01
   4.4000E+00  -1.4841E+01
   4.6000E+00  -1.4996E+01
   4.8000E+00  -1.5170E+01
   5.0000E+00  -1.5359E+01
   5.2000E+00  -1.5591E+01
   5.4000E+00  -1.5818E+01
   5.6000E+00  -1.6151E+01
   5.8000E+00  -1.6484E+01
   6.0000E+00  -1.7074E+01
   6.2000E+00  -1.7651E+01
   6.4000E+00  -1.8490E+01
   6.6000E+00  -1.8773E+01
   6.8000E+00  -1.8806E+01
   7.0000E+00  -1.8815E+01
   7.2000E+00  -1.8822E+01
   7.4000E+00  -1.8825E+01
   7.6000E+00  -1.8828E+01
   7.8000E+00  -1.8829E+01
   8.0000E+00  -1.8829E+01
   8.2000E+00  -1.8828E+01
   8.4000E+00  -1.8827E+01
   8.6000E+00  -1.8826E+01
   8.8000E+00  -1.8825E+01
   9.0000E+00  -1.8824E+01
   4.3000E+01   8.1065E-18   5.7096E-02   5.6536E-04
   2.0000E-01  -2.1432E+00
   4.0000E-01  -2.2483E+00
   6.0000E-01  -2.3650E+00
   8.0000E-01  -2.5025E+00
   1.0000E+00  -2.6626E+00
   1.2000E+00  -2.8429E+00
   1.4000E+00  -3.0392E+00
   1.6000E+00  -3.2473E+00
   1.8000E+00  -3.4638E+00
   2.0000E+00  -3.6863E+00
   2.2000E+00  -3.9132E+00
   2.4000E+00  -4.1441E+00
   2.6000E+00  -4.3790E+00
   2.8000E+00  -4.6196E+00
   3.0000E+00  -4.8781E+00
   3.2000E+00  -5.1720E+00
   3.4000E+00  -5.5878E+00
   3.6000E+00  -1.4384E+01
   3.8000E+00  -1.4485E+01
   4.0000E+00  -1.4616E+01
   4.2000E+00  -1.4746E+01
   4.4000E+00  -1.4885E+01
   4.6000E+00  -1.5040E+01
   4.8000E+00  -1.5216E+01
   5.0000E+00  -1.5407E+01
   5.2000E+00  -1.5641E+01
   5.4000E+00  -1.5871E+01
   5.6000E+00  -1.6209E+01
   5.8000E+00  -1.6548E+01
   6.0000E+00  -1.7150E+01
   6.2000E+00  -1.7735E+01
   6.4000E+00  -1.8551E+01
   6.6000E+00  -1.8818E+01
   6.8000E+00  -1.8850E+01
   7.0000E+00  -1.8859E+01
   7.2000E+00  -1.8866E+01
   7.4000E+00  -1.8869E+01
   7.6000E+00  -1.8871E+01
   7.8000E+00  -1.8872E+01
   8.0000E+00  -1.8872E+01
   8.2000E+00  -1.8872E+01
   8.4000E+00  -1.8871E+01
   8.6000E+00  -1.8869E+01
   8.8000E+00  -1.8868E+01
   9.0000E+00  -1.8867E+01
   4.4000E+01   8.1065E-18   5.7428E-02   5.3797E-04
   2.0000E-01  -2.1413E+00
   4.0000E-01  -2.2442E+00
   6.0000E-01  -2.3601E+00
   8.0000E-01  -2.4976E+00
   1.0000E+00  -2.6584E+00
   1.2000E+00  -2.8395E+00
   1.4000E+00  -3.0367E+00
   1.6000E+00  -3.2454E+00
   1.8000E+00  -3.4624E+00
   2.0000E+00  -3.6852E+00
   2.2000E+00  -3.9124E+00
   2.4000E+00  -4.1433E+00
   2.6000E+00  -4.3784E+00
   2.8000E+00  -4.6190E+00
   3.0000E+00  -4.8775E+00
   3.2000E+00  -5.1715E+00
   3.4000E+00  -5.5873E+00
   3.6000E+00  -1.4428E+01
   3.8000E+00  -1.4529E+01
   4.0000E+00  -1.4660E+01
   4.2000E+00  -1.4790E+01
   4.4000E+00  -1.4929E+01
   4.6000E+00  -1.5084E+01
   4.8000E+00  -1.5259E+01
   5.0000E+00  -1.5451E+01
   5.2000E+00  -1.5685E+01
   5.4000E+00  -1.5916E+01
   5.6000E+00  -1.6254E+01
   5.8000E+00  -1.6592E+01
   6.0000E+00  -1.7194E+01
   6.2000E+00  -1.7780E+01
   6.4000E+00  -1.8596E+01
   6.6000E+00  -1.8862E+01
   6.8000E+00  -1.8894E+01
   7.0000E+00  -1.8902E+01
   7.2000E+00  -1.8909E+01
   7.4000E+00  -1.8912E+01
   7.6000E+00  -1.8915E+01
   7.8000E+00  -1.8916E+01
   8.0000E+00  -1.8916E+01
   8.2000E+00  -1.8915E+01
   8.4000E+00  -1.8914E+01
   8.6000E+00  -1.8913E+01
   8.8000E+00  -1.8912E+01
   9.0000E+00  -1.8911E+01
   4.5000E+01   8.1065E-18   5.7920E-02   5.3813E-04
   2.0000E-01  -2.1402E+00
   4.0000E-01  -2.2439E+00
   6.0000E-01  -2.3616E+00
   8.0000E-01  -2.5017E+00
   1.0000E+00  -2.6652E+00
   1.2000E+00  -2.8488E+00
   1.4000E+00  -3.0477E+00
   1.6000E+00  -3.2578E+00
   1.8000E+00  -3.4757E+00
   2.0000E+00  -3.6992E+00
   2.2000E+00  -3.9268E+00
   2.4000E+00  -4.1582E+00
   2.6000E+00  -4.3936E+00
   2.8000E+00  -4.6347E+00
   3.0000E+00  -4.8937E+00
   3.2000E+00  -5.1884E+00
   3.4000E+00  -5.6047E+00
   3.6000E+00  -1.4473E+01
   3.8000E+00  -1.4573E+01
   4.0000E+00  -1.4704E+01
   4.2000E+00  -1.4834E+01
   4.4000E+00  -1.4973E+01
   4.6000E+00  -1.5127E+01
   4.8000E+00  -1.5302E+01
   5.0000E+00  -1.5492E+01
   5.2000E+00  -1.5723E+01
   5.4000E+00  -1.5952E+01
   5.6000E+00  -1.6285E+01
   5.8000E+00  -1.6619E+01
   6.0000E+00  -1.7211E+01
   6.2000E+00  -1.7790E+01
   6.4000E+00  -1.8626E+01
   6.6000E+00  -1.8904E+01
   6.8000E+00  -1.8937E+01
   7.0000E+00  -1.8946E+01
   7.2000E+00  -1.8952E+01
   7.4000E+00  -1.8956E+01
   7.6000E+00  -1.8958E+01
   7.8000E+00  -1.8959E+01
   8.0000E+00  -1.8959E+01
   8.2000E+00  -1.8958E+01
   8.4000E+00  -1.8958E+01
   8.6000E+00  -1.8956E+01
   8.8000E+00  -1.8955E+01
   9.0000E+00  -1.8954E+01
   4.6000E+01   8.1065E-18   5.8871E-02   5.6103E-04
   2.0000E-01  -2.1398E+00
   4.0000E-01  -2.2468E+00
   6.0000E-01  -2.3688E+00
   8.0000E-01  -2.5134E+00
   1.0000E+00  -2.6810E+00
   1.2000E+00  -2.8679E+00
   1.4000E+00  -3.0694E+00
   1.6000E+00  -3.2814E+00
   1.8000E+00  -3.5005E+00
   2.0000E+00  -3.7249E+00
   2.2000E+00  -3.9532E+00
   2.4000E+00  -4.1852E+00
   2.6000E+00  -4.4212E+00
   2.8000E+00  -4.6631E+00
   3.0000E+00  -4.9230E+00
   3.2000E+00  -5.2188E+00
   3.4000E+00  -5.6360E+00
   3.6000E+00  -1.4518E+01
   3.8000E+00  -1.4618E+01
   4.0000E+00  -1.4749E+01
   4.2000E+00  -1.4878E+01
   4.4000E+00  -1.5017E+01
   4.6000E+00  -1.5171E+01
   4.8000E+00  -1.5344E+01
   5.0000E+00  -1.5532E+01
   5.2000E+00  -1.5760E+01
   5.4000E+00  -1.5984E+01
   5.6000E+00  -1.6310E+01
   5.8000E+00  -1.6636E+01
   6.0000E+00  -1.7208E+01
   6.2000E+00  -1.7772E+01
   6.4000E+00  -1.8641E+01
   6.6000E+00  -1.8945E+01
   6.8000E+00  -1.8980E+01
   7.0000E+00  -1.8989E+01
   7.2000E+00  -1.8996E+01
   7.4000E+00  -1.8999E+01
   7.6000E+00  -1.9001E+01
   7.8000E+00  -1.9002E+01
   8.0000E+00  -1.9002E+01
   8.2000E+00  -1.9002E+01
   8.4000E+00  -1.9001E+01
   8.6000E+00  -1.9000E+01
   8.8000E+00  -1.8998E+01
   9.0000E+00  -1.8998E+01
   4.7000E+01   8.1065E-18   6.0630E-02   6.0832E-04
   2.0000E-01  -2.1403E+00
   4.0000E-01  -2.2535E+00
   6.0000E-01  -2.3821E+00
   8.0000E-01  -2.5332E+00
   1.0000E+00  -2.7064E+00
   1.2000E+00  -2.8976E+00
   1.4000E+00  -3.1021E+00
   1.6000E+00  -3.3162E+00
   1.8000E+00  -3.5368E+00
   2.0000E+00  -3.7622E+00
   2.2000E+00  -3.9912E+00
   2.4000E+00  -4.2238E+00
   2.6000E+00  -4.4605E+00
   2.8000E+00  -4.7034E+00
   3.0000E+00  -4.9644E+00
   3.2000E+00  -5.2618E+00
   3.4000E+00  -5.6801E+00
   3.6000E+00  -1.4566E+01
   3.8000E+00  -1.4666E+01
   4.0000E+00  -1.4797E+01
   4.2000E+00  -1.4926E+01
   4.4000E+00  -1.5064E+01
   4.6000E+00  -1.5217E+01
   4.8000E+00  -1.5388E+01
   5.0000E+00  -1.5573E+01
   5.2000E+00  -1.5797E+01
   5.4000E+00  -1.6016E+01
   5.6000E+00  -1.6332E+01
   5.8000E+00  -1.6648E+01
   6.0000E+00  -1.7194E+01
   6.2000E+00  -1.7738E+01
   6.4000E+00  -1.8636E+01
   6.6000E+00  -1.8982E+01
   6.8000E+00  -1.9023E+01
   7.0000E+00  -1.9033E+01
   7.2000E+00  -1.9039E+01
   7.4000E+00  -1.9042E+01
   7.6000E+00  -1.9044E+01
   7.8000E+00  -1.9045E+01
   8.0000E+00  -1.9045E+01
   8.2000E+00  -1.9045E+01
   8.4000E+00  -1.9044E+01
   8.6000E+00  -1.9043E+01
   8.8000E+00  -1.9042E+01
   9.0000E+00  -1.9041E+01
   4.8000E+01   8.1065E-18   6.1089E-02   6.8574E-04
   2.0000E-01  -2.1421E+00
   4.0000E-01  -2.2648E+00
   6.0000E-01  -2.4028E+00
   8.0000E-01  -2.5624E+00
   1.0000E+00  -2.7424E+00
   1.2000E+00  -2.9388E+00
   1.4000E+00  -3.1470E+00
   1.6000E+00  -3.3636E+00
   1.8000E+00  -3.5860E+00
   2.0000E+00  -3.8126E+00
   2.2000E+00  -4.0426E+00
   2.4000E+00  -4.2761E+00
   2.6000E+00  -4.5137E+00
   2.8000E+00  -4.7579E+00
   3.0000E+00  -5.0204E+00
   3.2000E+00  -5.3197E+00
   3.4000E+00  -5.7395E+00
   3.6000E+00  -1.4615E+01
   3.8000E+00  -1.4715E+01
   4.0000E+00  -1.4845E+01
   4.2000E+00  -1.4974E+01
   4.4000E+00  -1.5112E+01
   4.6000E+00  -1.5263E+01
   4.8000E+00  -1.5432E+01
   5.0000E+00  -1.5613E+01
   5.2000E+00  -1.5831E+01
   5.4000E+00  -1.6043E+01
   5.6000E+00  -1.6348E+01
   5.8000E+00  -1.6651E+01
   6.0000E+00  -1.7167E+01
   6.2000E+00  -1.7684E+01
   6.4000E+00  -1.8605E+01
   6.6000E+00  -1.9009E+01
   6.8000E+00  -1.9064E+01
   7.0000E+00  -1.9076E+01
   7.2000E+00  -1.9082E+01
   7.4000E+00  -1.9085E+01
   7.6000E+00  -1.9087E+01
   7.8000E+00  -1.9088E+01
   8.0000E+00  -1.9088E+01
   8.2000E+00  -1.9088E+01
   8.4000E+00  -1.9087E+01
   8.6000E+00  -1.9086E+01
   8.8000E+00  -1.9085E+01
   9.0000E+00  -1.9085E+01
   4.9000E+01   8.1065E-18   6.1713E-02   7.9461E-04
   2.0000E-01  -2.1461E+00
   4.0000E-01  -2.2814E+00
   6.0000E-01  -2.4304E+00
   8.0000E-01  -2.5987E+00
   1.0000E+00  -2.7850E+00
   1.2000E+00  -2.9856E+00
   1.4000E+00  -3.1967E+00
   1.6000E+00  -3.4152E+00
   1.8000E+00  -3.6389E+00
   2.0000E+00  -3.8664E+00
   2.2000E+00  -4.0971E+00
   2.4000E+00  -4.3312E+00
   2.6000E+00  -4.5696E+00
   2.8000E+00  -4.8149E+00
   3.0000E+00  -5.0786E+00
   3.2000E+00  -5.3796E+00
   3.4000E+00  -5.8008E+00
   3.6000E+00  -1.4665E+01
   3.8000E+00  -1.4764E+01
   4.0000E+00  -1.4894E+01
   4.2000E+00  -1.5023E+01
   4.4000E+00  -1.5160E+01
   4.6000E+00  -1.5310E+01
   4.8000E+00  -1.5476E+01
   5.0000E+00  -1.5654E+01
   5.2000E+00  -1.5867E+01
   5.4000E+00  -1.6073E+01
   5.6000E+00  -1.6367E+01
   5.8000E+00  -1.6658E+01
   6.0000E+00  -1.7147E+01
   6.2000E+00  -1.7641E+01
   6.4000E+00  -1.8570E+01
   6.6000E+00  -1.9039E+01
   6.8000E+00  -1.9114E+01
   7.0000E+00  -1.9126E+01
   7.2000E+00  -1.9130E+01
   7.4000E+00  -1.9131E+01
   7.6000E+00  -1.9131E+01
   7.8000E+00  -1.9131E+01
   8.0000E+00  -1.9131E+01
   8.2000E+00  -1.9130E+01
   8.4000E+00  -1.9130E+01
   8.6000E+00  -1.9129E+01
   8.8000E+00  -1.9128E+01
   9.0000E+00  -1.9128E+01
   5.0000E+01   8.1065E-18   6.2213E-02   9.1579E-04
   2.0000E-01  -2.1524E+00
   4.0000E-01  -2.3008E+00
   6.0000E-01  -2.4597E+00
   8.0000E-01  -2.6352E+00
   1.0000E+00  -2.8264E+00
   1.2000E+00  -3.0302E+00
   1.4000E+00  -3.2435E+00
   1.6000E+00  -3.4635E+00
   1.8000E+00  -3.6881E+00
   2.0000E+00  -3.9163E+00
   2.2000E+00  -4.1476E+00
   2.4000E+00  -4.3822E+00
   2.6000E+00  -4.6213E+00
   2.8000E+00  -4.8675E+00
   3.0000E+00  -5.1323E+00
   3.2000E+00  -5.4349E+00
   3.4000E+00  -5.8572E+00
   3.6000E+00  -1.4715E+01
   3.8000E+00  -1.4814E+01
   4.0000E+00  -1.4944E+01
   4.2000E+00  -1.5072E+01
   4.4000E+00  -1.5208E+01
   4.6000E+00  -1.5357E+01
   4.8000E+00  -1.5521E+01
   5.0000E+00  -1.5695E+01
   5.2000E+00  -1.5904E+01
   5.4000E+00  -1.6104E+01
   5.6000E+00  -1.6389E+01
   5.8000E+00  -1.6670E+01
   6.0000E+00  -1.7138E+01
   6.2000E+00  -1.7612E+01
   6.4000E+00  -1.8513E+01
   6.6000E+00  -1.9039E+01
   6.8000E+00  -1.9153E+01
   7.0000E+00  -1.9169E+01
   7.2000E+00  -1.9173E+01
   7.4000E+00  -1.9174E+01
   7.6000E+00  -1.9174E+01
   7.8000E+00  -1.9174E+01
   8.0000E+00  -1.9174E+01
   8.2000E+00  -1.9173E+01
   8.4000E+00  -1.9173E+01
   8.6000E+00  -1.9172E+01
   8.8000E+00  -1.9172E+01
   9.0000E+00  -1.9171E+01
   5.1000E+01   8.1065E-18   6.2998E-02   1.0359E-03
   2.0000E-01  -2.1601E+00
   4.0000E-01  -2.3204E+00
   6.0000E-01  -2.4874E+00
   8.0000E-01  -2.6684E+00
   1.0000E+00  -2.8632E+00
   1.2000E+00  -3.0696E+00
   1.4000E+00  -3.2844E+00
   1.6000E+00  -3.5054E+00
   1.8000E+00  -3.7308E+00
   2.0000E+00  -3.9596E+00
   2.2000E+00  -4.1913E+00
   2.4000E+00  -4.4263E+00
   2.6000E+00  -4.6659E+00
   2.8000E+00  -4.9128E+00
   3.0000E+00  -5.1784E+00
   3.2000E+00  -5.4822E+00
   3.4000E+00  -5.9054E+00
   3.6000E+00  -1.4764E+01
   3.8000E+00  -1.4863E+01
   4.0000E+00  -1.4992E+01
   4.2000E+00  -1.5120E+01
   4.4000E+00  -1.5256E+01
   4.6000E+00  -1.5403E+01
   4.8000E+00  -1.5566E+01
   5.0000E+00  -1.5738E+01
   5.2000E+00  -1.5942E+01
   5.4000E+00  -1.6139E+01
   5.6000E+00  -1.6416E+01
   5.8000E+00  -1.6689E+01
   6.0000E+00  -1.7140E+01
   6.2000E+00  -1.7596E+01
   6.4000E+00  -1.8465E+01
   6.6000E+00  -1.9033E+01
   6.8000E+00  -1.9191E+01
   7.0000E+00  -1.9213E+01
   7.2000E+00  -1.9216E+01
   7.4000E+00  -1.9217E+01
   7.6000E+00  -1.9218E+01
   7.8000E+00  -1.9218E+01
   8.0000E+00  -1.9217E+01
   8.2000E+00  -1.9217E+01
   8.4000E+00  -1.9216E+01
   8.6000E+00  -1.9216E+01
   8.8000E+00  -1.9215E+01
   9.0000E+00  -1.9215E+01
   5.2000E+01   8.1065E-18   6.3738E-02   1.1465E-03
   2.0000E-01  -2.1684E+00
   4.0000E-01  -2.3386E+00
   6.0000E-01  -2.5118E+00
   8.0000E-01  -2.6969E+00
   1.0000E+00  -2.8945E+00
   1.2000E+00  -3.1026E+00
   1.4000E+00  -3.3187E+00
   1.6000E+00  -3.5405E+00
   1.8000E+00  -3.7664E+00
   2.0000E+00  -3.9955E+00
   2.2000E+00  -4.2275E+00
   2.4000E+00  -4.4629E+00
   2.6000E+00  -4.7028E+00
   2.8000E+00  -4.9504E+00
   3.0000E+00  -5.2166E+00
   3.2000E+00  -5.5213E+00
   3.4000E+00  -5.9451E+00
   3.6000E+00  -1.4814E+01
   3.8000E+00  -1.4913E+01
   4.0000E+00  -1.5042E+01
   4.2000E+00  -1.5169E+01
   4.4000E+00  -1.5305E+01
   4.6000E+00  -1.5452E+01
   4.8000E+00  -1.5613E+01
   5.0000E+00  -1.5783E+01
   5.2000E+00  -1.5985E+01
   5.4000E+00  -1.6178E+01
   5.6000E+00  -1.6450E+01
   5.8000E+00  -1.6718E+01
   6.0000E+00  -1.7157E+01
   6.2000E+00  -1.7601E+01
   6.4000E+00  -1.8439E+01
   6.6000E+00  -1.9026E+01
   6.8000E+00  -1.9229E+01
   7.0000E+00  -1.9256E+01
   7.2000E+00  -1.9259E+01
   7.4000E+00  -1.9260E+01
   7.6000E+00  -1.9261E+01
   7.8000E+00  -1.9261E+01
   8.0000E+00  -1.9260E+01
   8.2000E+00  -1.9260E+01
   8.4000E+00  -1.9259E+01
   8.6000E+00  -1.9259E+01
   8.8000E+00  -1.9259E+01
   9.0000E+00  -1.9258E+01
   5.3000E+01   8.1065E-18   6.4195E-02   1.2439E-03
   2.0000E-01  -2.1763E+00
   4.0000E-01  -2.3544E+00
   6.0000E-01  -2.5324E+00
   8.0000E-01  -2.7205E+00
   1.0000E+00  -2.9201E+00
   1.2000E+00  -3.1296E+00
   1.4000E+00  -3.3465E+00
   1.6000E+00  -3.5689E+00
   1.8000E+00  -3.7952E+00
   2.0000E+00  -4.0246E+00
   2.2000E+00  -4.2569E+00
   2.4000E+00  -4.4924E+00
   2.6000E+00  -4.7327E+00
   2.8000E+00  -4.9806E+00
   3.0000E+00  -5.2473E+00
   3.2000E+00  -5.5527E+00
   3.4000E+00  -5.9771E+00
   3.6000E+00  -1.4861E+01
   3.8000E+00  -1.4959E+01
   4.0000E+00  -1.5088E+01
   4.2000E+00  -1.5216E+01
   4.4000E+00  -1.5351E+01
   4.6000E+00  -1.5497E+01
   4.8000E+00  -1.5657E+01
   5.0000E+00  -1.5825E+01
   5.2000E+00  -1.6024E+01
   5.4000E+00  -1.6215E+01
   5.6000E+00  -1.6482E+01
   5.8000E+00  -1.6746E+01
   6.0000E+00  -1.7173E+01
   6.2000E+00  -1.7606E+01
   6.4000E+00  -1.8423E+01
   6.6000E+00  -1.9027E+01
   6.8000E+00  -1.9269E+01
   7.0000E+00  -1.9299E+01
   7.2000E+00  -1.9303E+01
   7.4000E+00  -1.9304E+01
   7.6000E+00  -1.9304E+01
   7.8000E+00  -1.9304E+01
   8.0000E+00  -1.9304E+01
   8.2000E+00  -1.9303E+01
   8.4000E+00  -1.9303E+01
   8.6000E+00  -1.9302E+01
   8.8000E+00  -1.9302E+01
   9.0000E+00  -1.9302E+01
