   0.0000E+00   1.0000E+00
   0.0000E+00   8.1658E-01
   1.0000E+00   8.1550E-01
   2.0000E+00   7.8288E-01
   3.0000E+00   7.0408E-01
   4.0000E+00   6.0345E-01
   5.0000E+00   5.6348E-01
   6.0000E+00   5.9122E-01
   7.0000E+00   6.7913E-01
   8.0000E+00   8.1149E-01
   9.0000E+00   9.0533E-01
   1.0000E+01   9.6201E-01
   1.1000E+01   9.8298E-01
   1.2000E+01   9.6448E-01
   1.3000E+01   9.0136E-01
   1.4000E+01   7.8930E-01
   1.5000E+01   6.3028E-01
   1.6000E+01   5.0897E-01
   1.7000E+01   5.0714E-01
   1.8000E+01   6.3011E-01
   1.9000E+01   8.7955E-01
   2.0000E+01   1.1123E+00
   2.1000E+01   1.2098E+00
   2.2000E+01   1.1740E+00
   2.3000E+01   1.0109E+00
   2.4000E+01   8.3912E-01
   2.5000E+01   7.4629E-01
   2.6000E+01   7.2962E-01
   2.7000E+01   7.8609E-01
   2.8000E+01   8.7403E-01
   2.9000E+01   9.6108E-01
   3.0000E+01   1.0662E+00
   3.1000E+01   1.1701E+00
   3.2000E+01   1.2354E+00
   3.3000E+01   1.2424E+00
   3.4000E+01   1.1921E+00
   3.5000E+01   1.0939E+00
   3.6000E+01   1.0001E+00
   3.7000E+01   9.2416E-01
   3.8000E+01   8.6482E-01
   3.9000E+01   8.3659E-01
   4.0000E+01   8.6170E-01
   4.1000E+01   9.4678E-01
   4.2000E+01   1.0989E+00
   4.3000E+01   1.2826E+00
   4.4000E+01   1.3951E+00
   4.5000E+01   1.4345E+00
   4.6000E+01   1.4002E+00
   4.7000E+01   1.3211E+00
   4.8000E+01   1.2868E+00
   4.9000E+01   1.3026E+00
   5.0000E+01   1.3693E+00
   5.1000E+01   1.4539E+00
   5.2000E+01   1.4905E+00
   5.3000E+01   1.4777E+00
   5.4000E+01   1.4123E+00
   5.5000E+01   1.3356E+00
   5.6000E+01   1.2972E+00
   5.7000E+01   1.2972E+00
   5.8000E+01   1.3341E+00
   5.9000E+01   1.3697E+00
   6.0000E+01   1.3588E+00
   6.1000E+01   1.3049E+00
   6.2000E+01   1.2072E+00
   6.3000E+01   1.1348E+00
   6.4000E+01   1.1441E+00
   6.5000E+01   1.2315E+00
   6.6000E+01   1.3939E+00
   6.7000E+01   1.5331E+00
   6.8000E+01   1.5919E+00
   6.9000E+01   1.5689E+00
   7.0000E+01   1.4722E+00
   7.1000E+01   1.4030E+00
   7.2000E+01   1.3982E+00
   7.3000E+01   1.4573E+00
   7.4000E+01   1.5743E+00
   7.5000E+01   1.6462E+00
   7.6000E+01   1.6495E+00
   7.7000E+01   1.5839E+00
   7.8000E+01   1.4565E+00
   7.9000E+01   1.3563E+00
   8.0000E+01   1.2844E+00
   8.1000E+01   1.2443E+00
   8.2000E+01   1.2369E+00
   8.3000E+01   1.2499E+00
   8.4000E+01   1.2747E+00
   8.5000E+01   1.3198E+00
   8.6000E+01   1.3770E+00
   8.7000E+01   1.4193E+00
   8.8000E+01   1.4502E+00
   8.9000E+01   1.4660E+00
   9.0000E+01   1.4782E+00
   9.1000E+01   1.5041E+00
   9.2000E+01   1.5458E+00
   9.3000E+01   1.6034E+00
   9.4000E+01   1.6501E+00
   9.5000E+01   1.6339E+00
   9.6000E+01   1.5530E+00
   9.7000E+01   1.4074E+00
   9.8000E+01   1.2667E+00
   9.9000E+01   1.1870E+00
   1.0000E+02   1.1814E+00
   1.0100E+02   1.2425E+00
   1.0200E+02   1.3300E+00
   1.0300E+02   1.3944E+00
   1.0400E+02   1.4426E+00
   1.0500E+02   1.4726E+00
   1.0600E+02   1.4754E+00
   1.0700E+02   1.4501E+00
   1.0800E+02   1.4036E+00
   1.0900E+02   1.3343E+00
   1.1000E+02   1.2716E+00
   1.1100E+02   1.2346E+00
   1.1200E+02   1.2274E+00
   1.1300E+02   1.2425E+00
   1.1400E+02   1.2359E+00
   1.1500E+02   1.1936E+00
   1.1600E+02   1.1236E+00
   1.1700E+02   1.0183E+00
   1.1800E+02   9.1708E-01
   1.1900E+02   8.2865E-01
   1.2000E+02   7.5230E-01
   1.2100E+02   7.0002E-01
   1.2200E+02   7.2863E-01
   1.2300E+02   8.4913E-01
   1.2400E+02   1.0611E+00
   1.2500E+02   1.3198E+00
   1.2600E+02   1.4615E+00
   1.2700E+02   1.4672E+00
   1.2700E+02   1.0000E+00
   1.2700E+02   1.4676E+00
   1.2800E+02   1.3306E+00
   1.2900E+02   1.1086E+00
   1.3000E+02   9.7448E-01
   1.3100E+02   9.1424E-01
   1.3200E+02   9.4336E-01
   1.3300E+02   1.0015E+00
   1.3400E+02   1.0319E+00
   1.3500E+02   1.0210E+00
   1.3500E+02   1.0000E+00
   1.3500E+02   1.0215E+00
   1.3600E+02   9.6740E-01
   1.3700E+02   9.1298E-01
   1.3800E+02   9.0372E-01
   1.3900E+02   9.3849E-01
   1.4000E+02   9.9905E-01
   1.4100E+02   1.0485E+00
   1.4200E+02   1.0062E+00
   1.4300E+02   8.6560E-01
   1.4400E+02   6.3189E-01
   1.4500E+02   4.7479E-01
   1.4600E+02   4.2986E-01
   1.4700E+02   5.1183E-01
   1.4800E+02   7.2760E-01
   1.4900E+02   9.7252E-01
   1.5000E+02   1.1333E+00
   1.5100E+02   1.2973E+00
   1.5200E+02   1.3919E+00
   1.5300E+02   1.4529E+00
   1.5400E+02   1.4859E+00
   1.5500E+02   1.4893E+00
   1.5600E+02   1.4520E+00
   1.5700E+02   1.4034E+00
   1.5800E+02   1.3030E+00
   1.5900E+02   1.1676E+00
   1.6000E+02   1.0399E+00
   1.6100E+02   9.6446E-01
   1.6200E+02   9.4514E-01
   1.6300E+02   9.9139E-01
   1.6400E+02   1.0873E+00
   1.6500E+02   1.1447E+00
   1.6600E+02   1.1477E+00
   1.6700E+02   1.0819E+00
   1.6800E+02   1.0501E+00
   1.6900E+02   1.0453E+00
   1.7000E+02   1.0995E+00
   1.7100E+02   1.1917E+00
   1.7200E+02   1.3337E+00
   1.7300E+02   1.3936E+00
   1.7400E+02   1.3988E+00
   1.7500E+02   1.3373E+00
   1.7600E+02   1.2746E+00
   1.7700E+02   1.2987E+00
   1.7800E+02   1.3893E+00
   1.7900E+02   1.5141E+00
   1.8000E+02   1.6916E+00
   1.8100E+02   1.7775E+00
   1.8200E+02   1.8036E+00
   1.8300E+02   1.7614E+00
   1.8400E+02   1.6758E+00
   1.8500E+02   1.5637E+00
   1.8600E+02   1.4455E+00
   1.8700E+02   1.3204E+00
   1.8800E+02   1.2755E+00
   1.8900E+02   1.3904E+00
   1.9000E+02   1.6959E+00
   1.9100E+02   2.1252E+00
   1.9200E+02   2.4395E+00
   1.9300E+02   2.4758E+00
   1.9400E+02   2.2581E+00
   1.9500E+02   1.7984E+00
   1.9600E+02   1.4101E+00
   1.9700E+02   1.2020E+00
   1.9800E+02   1.2040E+00
   1.9900E+02   1.3624E+00
   2.0000E+02   1.5166E+00
   2.0100E+02   1.6402E+00
   2.0200E+02   1.7195E+00
   2.0300E+02   1.7642E+00
   2.0400E+02   1.8117E+00
   2.0500E+02   1.8898E+00
   2.0600E+02   2.0012E+00
   2.0700E+02   2.0916E+00
   2.0800E+02   2.1663E+00
   2.0900E+02   2.2058E+00
   2.1000E+02   2.2166E+00
   2.1100E+02   2.1982E+00
   2.1200E+02   2.1393E+00
   2.1300E+02   2.0455E+00
   2.1400E+02   1.9040E+00
   2.1500E+02   1.7907E+00
   2.1600E+02   1.6675E+00
   2.1700E+02   1.5978E+00
   2.1800E+02   1.5582E+00
   2.1900E+02   1.5640E+00
   2.2000E+02   1.6635E+00
   2.2100E+02   1.7927E+00
   2.2200E+02   1.9785E+00
   2.2300E+02   2.1982E+00
   2.2400E+02   2.2978E+00
   2.2500E+02   2.3130E+00
   2.2600E+02   2.2397E+00
   2.2700E+02   2.1240E+00
   2.2800E+02   1.9846E+00
   2.2900E+02   1.8273E+00
   2.3000E+02   1.7103E+00
   2.3100E+02   1.6188E+00
   2.3200E+02   1.6212E+00
   2.3300E+02   1.7173E+00
   2.3400E+02   1.8519E+00
   2.3500E+02   1.9677E+00
   2.3600E+02   1.9764E+00
   2.3700E+02   1.8800E+00
   2.3800E+02   1.6936E+00
   2.3900E+02   1.5215E+00
   2.4000E+02   1.4072E+00
   2.4100E+02   1.3316E+00
   2.4200E+02   1.2992E+00
   2.4300E+02   1.2961E+00
   2.4400E+02   1.3126E+00
   2.4500E+02   1.3677E+00
   2.4500E+02   1.0000E+00
   2.4500E+02   1.3356E+00
   2.4600E+02   1.3881E+00
   2.4700E+02   1.4270E+00
   2.4800E+02   1.4831E+00
   2.4900E+02   1.5319E+00
   2.5000E+02   1.5560E+00
   2.5100E+02   1.5099E+00
   2.5200E+02   1.4470E+00
   2.5300E+02   1.3106E+00
   2.5400E+02   1.1378E+00
   2.5500E+02   1.0507E+00
   2.5600E+02   1.0562E+00
   2.5700E+02   1.1197E+00
   2.5800E+02   1.2493E+00
   2.5900E+02   1.3279E+00
   2.6000E+02   1.3866E+00
   2.6100E+02   1.4210E+00
   2.6200E+02   1.4609E+00
   2.6300E+02   1.5300E+00
   2.6400E+02   1.6075E+00
   2.6500E+02   1.7121E+00
   2.6600E+02   1.7869E+00
   2.6700E+02   1.8134E+00
   2.6800E+02   1.7816E+00
   2.6900E+02   1.6808E+00
   2.7000E+02   1.6091E+00
   2.7100E+02   1.5908E+00
   2.7200E+02   1.6444E+00
   2.7300E+02   1.7194E+00
   2.7400E+02   1.7876E+00
   2.7500E+02   1.8171E+00
   2.7600E+02   1.8003E+00
   2.7700E+02   1.7347E+00
   2.7800E+02   1.6357E+00
   2.7900E+02   1.5761E+00
   2.8000E+02   1.4660E+00
   2.8100E+02   1.3993E+00
   2.8200E+02   1.3238E+00
   2.8300E+02   1.2730E+00
   2.8400E+02   1.2473E+00
   2.8500E+02   1.2486E+00
   2.8600E+02   1.2774E+00
   2.8700E+02   1.3156E+00
   2.8800E+02   1.3900E+00
   2.8900E+02   1.4779E+00
   2.9000E+02   1.5118E+00
   2.9100E+02   1.5090E+00
   2.9200E+02   1.4679E+00
   2.9300E+02   1.4145E+00
   2.9400E+02   1.4387E+00
   2.9500E+02   1.5234E+00
   2.9600E+02   1.7160E+00
   2.9700E+02   1.8190E+00
   2.9800E+02   1.8844E+00
   2.9900E+02   1.8424E+00
   3.0000E+02   1.6821E+00
   3.0100E+02   1.4951E+00
   3.0200E+02   1.3606E+00
   3.0300E+02   1.2977E+00
   3.0400E+02   1.2959E+00
   3.0500E+02   1.3234E+00
   3.0600E+02   1.3428E+00
   3.0700E+02   1.3453E+00
   3.0800E+02   1.3415E+00
   3.0900E+02   1.3443E+00
   3.1000E+02   1.3616E+00
   3.1100E+02   1.3972E+00
   3.1200E+02   1.4488E+00
   3.1300E+02   1.5057E+00
   3.1400E+02   1.5325E+00
   3.1500E+02   1.5422E+00
   3.1600E+02   1.5388E+00
   3.1700E+02   1.5512E+00
   3.1800E+02   1.5996E+00
   3.1900E+02   1.6718E+00
   3.2000E+02   1.7242E+00
   3.2100E+02   1.7533E+00
   3.2200E+02   1.7102E+00
   3.2300E+02   1.5692E+00
   3.2400E+02   1.4684E+00
   3.2500E+02   1.3822E+00
   3.2600E+02   1.3817E+00
   3.2700E+02   1.4579E+00
   3.2800E+02   1.6039E+00
   3.2900E+02   1.6493E+00
   3.3000E+02   1.5700E+00
   3.3100E+02   1.4194E+00
   3.3200E+02   1.1942E+00
   3.3300E+02   1.0666E+00
   3.3400E+02   1.0767E+00
   3.3500E+02   1.2028E+00
   3.3600E+02   1.3772E+00
   3.3700E+02   1.5124E+00
   3.3800E+02   1.5548E+00
   3.3900E+02   1.5019E+00
   3.4000E+02   1.4425E+00
   3.4100E+02   1.3973E+00
   3.4200E+02   1.3488E+00
   3.4300E+02   1.3217E+00
   3.4400E+02   1.3160E+00
   3.4500E+02   1.3596E+00
   3.4600E+02   1.4109E+00
   3.4700E+02   1.5241E+00
   3.4800E+02   1.6179E+00
   3.4900E+02   1.6553E+00
   3.5000E+02   1.6319E+00
   3.5100E+02   1.5662E+00
   3.5200E+02   1.4925E+00
   3.5300E+02   1.4132E+00
   3.5400E+02   1.3048E+00
   3.5500E+02   1.2077E+00
   3.5600E+02   1.1414E+00
   3.5700E+02   1.1092E+00
   3.5800E+02   1.1147E+00
   3.5900E+02   1.1562E+00
   3.6000E+02   1.2241E+00
   3.6100E+02   1.2693E+00
   3.6200E+02   1.3012E+00
   3.6300E+02   1.3420E+00
   3.6400E+02   1.3619E+00
   3.6500E+02   1.3535E+00
   3.6600E+02   1.3001E+00
   3.6700E+02   1.2563E+00
   3.6800E+02   1.1326E+00
   3.6900E+02   1.0530E+00
   3.6900E+02   1.0000E+00
   3.6900E+02   1.0567E+00
   3.7000E+02   9.1105E-01
   3.7100E+02   7.5277E-01
   3.7200E+02   6.3191E-01
   3.7200E+02   1.0000E+00
   3.7200E+02   6.3770E-01
   3.7300E+02   5.6692E-01
   3.7400E+02   5.4975E-01
   3.7500E+02   5.7985E-01
   3.7500E+02   1.0000E+00
   3.7500E+02   5.6836E-01
   3.7500E+02   1.0000E+00
   3.7500E+02   1.0000E+00
   3.7500E+02   1.0000E+00
   3.7500E+02   5.6836E-01
   3.7500E+02   1.0000E+00
   3.7500E+02   5.6836E-01
   3.7500E+02   1.0000E+00
   3.7500E+02   5.6836E-01
   3.7600E+02   6.0577E-01
   3.7600E+02   1.0000E+00
   3.7600E+02   6.0577E-01
   3.7700E+02   6.5761E-01
   3.7700E+02   1.0000E+00
   3.7700E+02   6.5761E-01
   3.7800E+02   7.4052E-01
   3.7900E+02   8.6164E-01
   3.8000E+02   1.0533E+00
   3.8100E+02   1.3969E+00
   3.8200E+02   1.8257E+00
   3.8300E+02   2.2435E+00
   3.8400E+02   2.3970E+00
   3.8500E+02   2.2660E+00
   3.8600E+02   1.8577E+00
   3.8700E+02   1.4066E+00
   3.8800E+02   1.0809E+00
   3.8900E+02   9.1287E-01
   3.9000E+02   9.0375E-01
   3.9100E+02   9.5996E-01
   3.9200E+02   1.0126E+00
   3.9300E+02   1.0723E+00
   3.9400E+02   1.1373E+00
   3.9500E+02   1.1655E+00
   3.9600E+02   1.1481E+00
   3.9700E+02   1.0814E+00
   3.9800E+02   1.0360E+00
   3.9800E+02   1.0000E+00
   3.9800E+02   1.0396E+00
   3.9900E+02   9.7172E-01
   4.0000E+02   9.4741E-01
   4.0100E+02   9.7462E-01
   4.0100E+02   1.0000E+00
   4.0100E+02   9.6003E-01
   4.0200E+02   1.0079E+00
   4.0300E+02   1.0430E+00
   4.0400E+02   1.0453E+00
   4.0400E+02   1.0000E+00
   4.0400E+02   1.0475E+00
   4.0500E+02   1.0086E+00
   4.0500E+02   1.0000E+00
   4.0500E+02   1.0251E+00
   4.0600E+02   9.8124E-01
   4.0700E+02   9.8760E-01
   4.0700E+02   1.0000E+00
   4.0700E+02   9.8021E-01
   4.0800E+02   1.0373E+00
   4.0900E+02   1.1535E+00
   4.1000E+02   1.3151E+00
   4.1100E+02   1.4191E+00
   4.1200E+02   1.4573E+00
   4.1300E+02   1.4243E+00
   4.1400E+02   1.3376E+00
   4.1500E+02   1.2153E+00
   4.1600E+02   1.0858E+00
   4.1700E+02   9.1079E-01
   4.1800E+02   7.2282E-01
   4.1900E+02   6.1872E-01
   4.2000E+02   5.7658E-01
   4.2000E+02   1.0000E+00
   4.2000E+02   5.7676E-01
   4.2100E+02   5.9470E-01
   4.2100E+02   1.0000E+00
   4.2100E+02   5.9247E-01
   4.2200E+02   6.7265E-01
   4.2300E+02   7.5318E-01
   4.2400E+02   8.3580E-01
   4.2500E+02   9.4186E-01
   4.2500E+02   1.0000E+00
   4.2500E+02   9.3890E-01
   4.2600E+02   1.0461E+00
   4.2700E+02   1.1178E+00
   4.2800E+02   1.1681E+00
   4.2900E+02   1.1750E+00
   4.3000E+02   1.1814E+00
   4.3100E+02   1.2019E+00
   4.3200E+02   1.2446E+00
   4.3300E+02   1.2966E+00
   4.3400E+02   1.3129E+00
   4.3500E+02   1.2371E+00
   4.3600E+02   1.1351E+00
   4.3600E+02   1.0000E+00
   4.3600E+02   1.1482E+00
   4.3700E+02   9.6215E-01
   4.3800E+02   8.2642E-01
   4.3900E+02   8.1744E-01
   4.4000E+02   9.7425E-01
   4.4000E+02   1.0000E+00
   4.4000E+02   9.0854E-01
   4.4100E+02   1.1281E+00
   4.4200E+02   1.3004E+00
   4.4300E+02   1.4039E+00
   4.4400E+02   1.4262E+00
   4.4500E+02   1.3871E+00
   4.4600E+02   1.3480E+00
   4.4700E+02   1.3418E+00
   4.4800E+02   1.3618E+00
   4.4900E+02   1.3905E+00
   4.5000E+02   1.3826E+00
   4.5100E+02   1.3237E+00
   4.5200E+02   1.2281E+00
   4.5300E+02   1.1054E+00
   4.5400E+02   1.0400E+00
   4.5500E+02   1.0357E+00
   4.5600E+02   1.0971E+00
   4.5700E+02   1.1719E+00
   4.5800E+02   1.1880E+00
   4.5900E+02   1.1377E+00
   4.6000E+02   1.0059E+00
   4.6000E+02   1.0000E+00
   4.6000E+02   1.0489E+00
   4.6100E+02   8.8723E-01
   4.6200E+02   7.3938E-01
   4.6300E+02   6.4076E-01
   4.6300E+02   1.0000E+00
   4.6300E+02   6.6011E-01
   4.6400E+02   5.6763E-01
   4.6500E+02   5.1972E-01
   4.6600E+02   5.7046E-01
   4.6600E+02   1.0000E+00
   4.6600E+02   5.4192E-01
   4.6700E+02   6.3749E-01
   4.6800E+02   8.0184E-01
   4.6900E+02   9.8112E-01
   4.7000E+02   1.0878E+00
   4.7100E+02   1.1206E+00
   4.7200E+02   1.0845E+00
   4.7300E+02   1.0288E+00
   4.7400E+02   1.0094E+00
   4.7500E+02   1.0104E+00
   4.7600E+02   1.0330E+00
   4.7700E+02   1.0527E+00
   4.7800E+02   1.0570E+00
   4.7900E+02   1.0483E+00
   4.8000E+02   1.0298E+00
   4.8000E+02   1.0000E+00
   4.8000E+02   1.0330E+00
   4.8000E+02   1.0000E+00
   4.8000E+02   1.0000E+00
   4.8000E+02   1.0000E+00
   4.8000E+02   1.0330E+00
   4.8000E+02   1.0000E+00
   4.8000E+02   1.0330E+00
   4.8000E+02   1.0000E+00
   4.8000E+02   1.0330E+00
   4.8100E+02   9.9787E-01
   4.8100E+02   1.0000E+00
   4.8100E+02   9.9787E-01
   4.8200E+02   9.4526E-01
   4.8200E+02   1.0000E+00
   4.8200E+02   9.4526E-01
   4.8300E+02   8.6548E-01
   4.8400E+02   7.8219E-01
   4.8500E+02   7.4950E-01
   4.8600E+02   7.8057E-01
   4.8700E+02   8.7859E-01
   4.8700E+02   1.0000E+00
   4.8700E+02   8.5495E-01
   4.8800E+02   9.8907E-01
   4.8900E+02   1.0596E+00
   4.9000E+02   1.0051E+00
   4.9000E+02   1.0000E+00
   4.9000E+02   1.0352E+00
   4.9100E+02   9.0955E-01
   4.9200E+02   6.8907E-01
   4.9300E+02   5.6175E-01
   4.9400E+02   4.4961E-01
   4.9500E+02   3.9988E-01
   4.9600E+02   4.0389E-01
   4.9700E+02   4.7486E-01
   4.9700E+02   1.0000E+00
   4.9700E+02   4.5913E-01
   4.9700E+02   1.0000E+00
   4.9700E+02   1.0000E+00
   4.9700E+02   4.5913E-01
   4.9700E+02   1.0000E+00
   4.9700E+02   4.5913E-01
   4.9700E+02   1.0000E+00
   4.9700E+02   4.5913E-01
   4.9700E+02   1.0000E+00
   4.9700E+02   4.5913E-01
   4.9800E+02   5.7477E-01
   4.9800E+02   1.0000E+00
   4.9800E+02   5.7477E-01
   4.9800E+02   1.0000E+00
   4.9800E+02   5.7477E-01
