   0.0000E+00   1.0000E+00
   0.0000E+00   1.1295E+00
   1.0000E+00   1.1344E+00
   2.0000E+00   1.2686E+00
   3.0000E+00   1.2984E+00
   4.0000E+00   1.2196E+00
   5.0000E+00   1.0416E+00
   6.0000E+00   8.3628E-01
   7.0000E+00   7.4277E-01
   8.0000E+00   7.6130E-01
   9.0000E+00   8.9397E-01
   1.0000E+01   1.0574E+00
   1.1000E+01   1.1501E+00
   1.2000E+01   1.1767E+00
   1.3000E+01   1.1341E+00
   1.4000E+01   1.1005E+00
   1.5000E+01   1.1230E+00
   1.6000E+01   1.2055E+00
   1.7000E+01   1.3435E+00
   1.8000E+01   1.4542E+00
   1.9000E+01   1.4991E+00
   2.0000E+01   1.4744E+00
   2.1000E+01   1.3828E+00
   2.2000E+01   1.2709E+00
   2.3000E+01   1.1564E+00
   2.4000E+01   1.0511E+00
   2.5000E+01   9.4562E-01
   2.6000E+01   8.6908E-01
   2.7000E+01   8.3085E-01
   2.8000E+01   8.3483E-01
   2.9000E+01   8.7664E-01
   3.0000E+01   9.4458E-01
   3.1000E+01   1.0409E+00
   3.2000E+01   1.1670E+00
   3.3000E+01   1.3074E+00
   3.4000E+01   1.4038E+00
   3.5000E+01   1.4490E+00
   3.6000E+01   1.4411E+00
   3.7000E+01   1.3994E+00
   3.8000E+01   1.3870E+00
   3.9000E+01   1.4102E+00
   4.0000E+01   1.4726E+00
   4.1000E+01   1.5457E+00
   4.2000E+01   1.5830E+00
   4.3000E+01   1.5785E+00
   4.4000E+01   1.5336E+00
   4.5000E+01   1.4509E+00
   4.6000E+01   1.3419E+00
   4.7000E+01   1.2038E+00
   4.8000E+01   1.0416E+00
   4.9000E+01   8.9689E-01
   5.0000E+01   8.2576E-01
   5.1000E+01   8.3603E-01
   5.2000E+01   9.2052E-01
   5.3000E+01   1.0137E+00
   5.4000E+01   1.0490E+00
   5.5000E+01   1.0250E+00
   5.6000E+01   9.4343E-01
   5.7000E+01   8.5777E-01
   5.8000E+01   8.1506E-01
   5.9000E+01   8.1183E-01
   6.0000E+01   8.4637E-01
   6.1000E+01   8.9720E-01
   6.2000E+01   9.5195E-01
   6.3000E+01   1.0128E+00
   6.4000E+01   1.0838E+00
   6.5000E+01   1.1446E+00
   6.6000E+01   1.2082E+00
   6.7000E+01   1.2607E+00
   6.8000E+01   1.3039E+00
   6.9000E+01   1.2982E+00
   7.0000E+01   1.2263E+00
   7.1000E+01   1.0964E+00
   7.2000E+01   9.2107E-01
   7.3000E+01   8.1892E-01
   7.4000E+01   8.1306E-01
   7.5000E+01   9.0115E-01
   7.6000E+01   1.0576E+00
   7.7000E+01   1.1643E+00
   7.8000E+01   1.1927E+00
   7.9000E+01   1.1560E+00
   8.0000E+01   1.0663E+00
   8.1000E+01   1.0005E+00
   8.2000E+01   9.5364E-01
   8.3000E+01   9.2812E-01
   8.4000E+01   9.2290E-01
   8.5000E+01   9.3707E-01
   8.6000E+01   9.6126E-01
   8.7000E+01   1.0039E+00
   8.8000E+01   1.0505E+00
   8.9000E+01   1.0751E+00
   9.0000E+01   1.0761E+00
   9.1000E+01   1.0572E+00
   9.2000E+01   1.0329E+00
   9.3000E+01   1.0197E+00
   9.4000E+01   1.0171E+00
   9.5000E+01   1.0251E+00
   9.6000E+01   1.0451E+00
   9.7000E+01   1.0783E+00
   9.8000E+01   1.1097E+00
   9.9000E+01   1.1563E+00
   1.0000E+02   1.2076E+00
   1.0100E+02   1.2672E+00
   1.0200E+02   1.3278E+00
   1.0300E+02   1.3968E+00
   1.0400E+02   1.4684E+00
   1.0500E+02   1.5402E+00
   1.0600E+02   1.6116E+00
   1.0700E+02   1.6897E+00
   1.0800E+02   1.7535E+00
   1.0900E+02   1.8108E+00
   1.1000E+02   1.8591E+00
   1.1100E+02   1.8965E+00
   1.1200E+02   1.9046E+00
   1.1300E+02   1.8833E+00
   1.1400E+02   1.8305E+00
   1.1500E+02   1.7534E+00
   1.1600E+02   1.6954E+00
   1.1700E+02   1.6638E+00
   1.1800E+02   1.6570E+00
   1.1900E+02   1.6601E+00
   1.2000E+02   1.6193E+00
   1.2100E+02   1.5409E+00
   1.2200E+02   1.4104E+00
   1.2300E+02   1.2594E+00
   1.2400E+02   1.1631E+00
   1.2500E+02   1.1198E+00
   1.2600E+02   1.1331E+00
   1.2700E+02   1.1722E+00
   1.2800E+02   1.1853E+00
   1.2900E+02   1.1689E+00
   1.3000E+02   1.1255E+00
   1.3100E+02   1.0687E+00
   1.3200E+02   1.0140E+00
   1.3300E+02   9.6474E-01
   1.3400E+02   9.2104E-01
   1.3500E+02   8.8834E-01
   1.3600E+02   8.7691E-01
   1.3700E+02   8.8586E-01
   1.3800E+02   9.1595E-01
   1.3900E+02   9.6798E-01
   1.3900E+02   1.0000E+00
   1.3900E+02   9.6796E-01
   1.4000E+02   1.0584E+00
   1.4100E+02   1.1848E+00
   1.4200E+02   1.3202E+00
   1.4300E+02   1.4378E+00
   1.4400E+02   1.5066E+00
   1.4500E+02   1.5170E+00
   1.4600E+02   1.4705E+00
   1.4700E+02   1.4319E+00
   1.4800E+02   1.4003E+00
   1.4900E+02   1.3699E+00
   1.5000E+02   1.3502E+00
   1.5100E+02   1.3425E+00
   1.5200E+02   1.3478E+00
   1.5300E+02   1.3623E+00
   1.5400E+02   1.3881E+00
   1.5500E+02   1.4022E+00
   1.5600E+02   1.4061E+00
   1.5700E+02   1.3989E+00
   1.5800E+02   1.3756E+00
   1.5900E+02   1.3463E+00
   1.6000E+02   1.2951E+00
   1.6100E+02   1.2334E+00
   1.6200E+02   1.1754E+00
   1.6300E+02   1.1609E+00
   1.6400E+02   1.1957E+00
   1.6500E+02   1.2834E+00
   1.6600E+02   1.3721E+00
   1.6700E+02   1.4244E+00
   1.6800E+02   1.4236E+00
   1.6900E+02   1.3730E+00
   1.7000E+02   1.3012E+00
   1.7100E+02   1.2252E+00
   1.7200E+02   1.1963E+00
   1.7300E+02   1.1833E+00
   1.7400E+02   1.1683E+00
   1.7500E+02   1.1316E+00
   1.7600E+02   1.0827E+00
   1.7700E+02   1.0534E+00
   1.7800E+02   1.0125E+00
   1.7800E+02   1.0000E+00
   1.7800E+02   1.0191E+00
   1.7900E+02   9.8167E-01
   1.8000E+02   9.5398E-01
   1.8100E+02   9.3359E-01
   1.8200E+02   9.4339E-01
   1.8200E+02   1.0000E+00
   1.8200E+02   9.4297E-01
   1.8300E+02   9.9146E-01
   1.8400E+02   1.0782E+00
   1.8500E+02   1.2007E+00
   1.8600E+02   1.3009E+00
   1.8700E+02   1.3310E+00
   1.8800E+02   1.3070E+00
   1.8900E+02   1.2411E+00
   1.9000E+02   1.1665E+00
   1.9100E+02   1.0913E+00
   1.9200E+02   1.0452E+00
   1.9300E+02   1.0180E+00
   1.9400E+02   1.0053E+00
   1.9500E+02   1.0172E+00
   1.9600E+02   1.0754E+00
   1.9700E+02   1.1313E+00
   1.9800E+02   1.1840E+00
   1.9900E+02   1.2046E+00
   2.0000E+02   1.2003E+00
   2.0100E+02   1.1753E+00
   2.0200E+02   1.1536E+00
   2.0300E+02   1.1273E+00
   2.0400E+02   1.1013E+00
   2.0500E+02   1.0436E+00
   2.0500E+02   1.0000E+00
   2.0500E+02   1.0662E+00
   2.0600E+02   9.7549E-01
   2.0700E+02   8.1135E-01
   2.0800E+02   6.1438E-01
   2.0900E+02   4.1770E-01
   2.1000E+02   3.3469E-01
   2.1100E+02   3.5236E-01
   2.1200E+02   4.9555E-01
   2.1300E+02   6.3619E-01
   2.1400E+02   7.3568E-01
   2.1500E+02   7.5431E-01
   2.1600E+02   7.1078E-01
   2.1700E+02   6.7504E-01
   2.1800E+02   7.2508E-01
   2.1900E+02   7.7548E-01
   2.2000E+02   9.2597E-01
   2.2100E+02   1.0427E+00
   2.2200E+02   1.0685E+00
   2.2300E+02   1.0161E+00
   2.2400E+02   8.6253E-01
   2.2500E+02   7.5402E-01
   2.2600E+02   6.8440E-01
   2.2700E+02   6.8719E-01
   2.2800E+02   7.7109E-01
   2.2900E+02   9.0925E-01
   2.2900E+02   1.0000E+00
   2.2900E+02   8.6152E-01
   2.3000E+02   1.0450E+00
   2.3100E+02   1.2666E+00
   2.3200E+02   1.5380E+00
   2.3300E+02   1.6924E+00
   2.3400E+02   1.6999E+00
   2.3500E+02   1.5563E+00
   2.3600E+02   1.3107E+00
   2.3700E+02   1.1028E+00
   2.3800E+02   1.0063E+00
   2.3900E+02   9.9582E-01
   2.4000E+02   1.0601E+00
   2.4100E+02   1.1120E+00
   2.4200E+02   1.1430E+00
   2.4300E+02   1.1547E+00
   2.4400E+02   1.1648E+00
   2.4500E+02   1.2429E+00
   2.4600E+02   1.3375E+00
   2.4700E+02   1.4945E+00
   2.4800E+02   1.6622E+00
   2.4900E+02   1.7377E+00
   2.5000E+02   1.7017E+00
   2.5100E+02   1.5715E+00
   2.5200E+02   1.4020E+00
   2.5300E+02   1.2927E+00
   2.5400E+02   1.2391E+00
   2.5500E+02   1.2496E+00
   2.5600E+02   1.2578E+00
   2.5700E+02   1.2418E+00
   2.5800E+02   1.1981E+00
   2.5900E+02   1.1194E+00
   2.6000E+02   1.0666E+00
   2.6100E+02   1.0272E+00
   2.6200E+02   1.0235E+00
   2.6300E+02   1.0434E+00
   2.6400E+02   1.0736E+00
   2.6500E+02   1.0962E+00
   2.6600E+02   1.1175E+00
   2.6700E+02   1.1226E+00
   2.6800E+02   1.1212E+00
   2.6900E+02   1.1098E+00
   2.7000E+02   1.0886E+00
   2.7100E+02   1.0728E+00
   2.7200E+02   1.0746E+00
   2.7300E+02   1.1058E+00
   2.7400E+02   1.1478E+00
   2.7500E+02   1.2291E+00
   2.7600E+02   1.2635E+00
   2.7700E+02   1.2622E+00
   2.7800E+02   1.1876E+00
   2.7900E+02   1.1361E+00
   2.8000E+02   1.1232E+00
   2.8100E+02   1.1614E+00
   2.8200E+02   1.2908E+00
   2.8300E+02   1.4135E+00
   2.8400E+02   1.4879E+00
   2.8500E+02   1.4668E+00
   2.8600E+02   1.3854E+00
   2.8700E+02   1.2391E+00
   2.8800E+02   1.1920E+00
   2.8900E+02   1.2237E+00
   2.9000E+02   1.3477E+00
   2.9100E+02   1.4909E+00
   2.9200E+02   1.5957E+00
   2.9300E+02   1.6068E+00
   2.9400E+02   1.5459E+00
   2.9500E+02   1.5090E+00
   2.9600E+02   1.5296E+00
   2.9700E+02   1.6345E+00
   2.9800E+02   1.7510E+00
   2.9900E+02   1.8888E+00
   3.0000E+02   1.9592E+00
   3.0100E+02   1.9433E+00
   3.0200E+02   1.8441E+00
   3.0300E+02   1.7503E+00
   3.0400E+02   1.6411E+00
   3.0500E+02   1.5242E+00
   3.0600E+02   1.4294E+00
   3.0700E+02   1.3747E+00
   3.0800E+02   1.3424E+00
   3.0900E+02   1.3550E+00
   3.1000E+02   1.3918E+00
   3.1100E+02   1.4262E+00
   3.1200E+02   1.4343E+00
   3.1300E+02   1.4237E+00
   3.1400E+02   1.3931E+00
   3.1500E+02   1.3607E+00
   3.1600E+02   1.3374E+00
   3.1700E+02   1.3267E+00
   3.1800E+02   1.3220E+00
   3.1900E+02   1.3252E+00
   3.2000E+02   1.3491E+00
   3.2100E+02   1.3717E+00
   3.2200E+02   1.3790E+00
   3.2300E+02   1.3673E+00
   3.2400E+02   1.2930E+00
   3.2500E+02   1.1795E+00
   3.2600E+02   1.1074E+00
   3.2700E+02   1.0345E+00
   3.2700E+02   1.0000E+00
   3.2700E+02   1.0391E+00
   3.2800E+02   9.9384E-01
   3.2900E+02   9.8510E-01
   3.2900E+02   1.0000E+00
   3.2900E+02   9.8463E-01
   3.3000E+02   1.0222E+00
   3.3100E+02   1.1339E+00
   3.3200E+02   1.3180E+00
   3.3300E+02   1.5396E+00
   3.3400E+02   1.7990E+00
   3.3500E+02   1.9370E+00
   3.3600E+02   1.9636E+00
   3.3700E+02   1.8779E+00
   3.3800E+02   1.7373E+00
   3.3900E+02   1.5840E+00
   3.4000E+02   1.4748E+00
   3.4100E+02   1.3717E+00
   3.4200E+02   1.2905E+00
   3.4300E+02   1.2862E+00
   3.4400E+02   1.3590E+00
   3.4500E+02   1.4581E+00
   3.4600E+02   1.5777E+00
   3.4700E+02   1.6496E+00
   3.4800E+02   1.6673E+00
   3.4900E+02   1.6366E+00
   3.5000E+02   1.5753E+00
   3.5100E+02   1.4828E+00
   3.5200E+02   1.3626E+00
   3.5300E+02   1.1910E+00
   3.5400E+02   1.0662E+00
   3.5500E+02   1.0300E+00
   3.5600E+02   1.0516E+00
   3.5700E+02   1.1309E+00
   3.5800E+02   1.2261E+00
   3.5900E+02   1.3023E+00
   3.6000E+02   1.3645E+00
   3.6100E+02   1.3880E+00
   3.6200E+02   1.4111E+00
   3.6300E+02   1.4047E+00
   3.6400E+02   1.3867E+00
   3.6500E+02   1.3473E+00
   3.6600E+02   1.3292E+00
   3.6700E+02   1.3377E+00
   3.6800E+02   1.3815E+00
   3.6900E+02   1.3982E+00
   3.7000E+02   1.3647E+00
   3.7100E+02   1.2916E+00
   3.7200E+02   1.1770E+00
   3.7300E+02   1.0429E+00
   3.7400E+02   9.9264E-01
   3.7500E+02   1.0375E+00
   3.7600E+02   1.1959E+00
   3.7700E+02   1.3540E+00
   3.7800E+02   1.4382E+00
   3.7900E+02   1.4740E+00
   3.8000E+02   1.4225E+00
   3.8100E+02   1.3741E+00
   3.8200E+02   1.2893E+00
   3.8300E+02   1.2050E+00
   3.8400E+02   1.0962E+00
   3.8500E+02   1.0412E+00
   3.8600E+02   1.0631E+00
   3.8700E+02   1.1449E+00
   3.8800E+02   1.2647E+00
   3.8900E+02   1.3672E+00
   3.9000E+02   1.3940E+00
   3.9100E+02   1.3413E+00
   3.9200E+02   1.2413E+00
   3.9300E+02   1.1674E+00
   3.9400E+02   1.1196E+00
   3.9500E+02   1.1223E+00
   3.9600E+02   1.1764E+00
   3.9700E+02   1.2618E+00
   3.9800E+02   1.3742E+00
   3.9900E+02   1.4397E+00
   4.0000E+02   1.5624E+00
   4.0100E+02   1.6083E+00
   4.0200E+02   1.5614E+00
   4.0300E+02   1.4092E+00
   4.0400E+02   1.2206E+00
   4.0500E+02   1.0880E+00
   4.0600E+02   1.0490E+00
   4.0700E+02   1.1128E+00
   4.0800E+02   1.2094E+00
   4.0900E+02   1.3052E+00
   4.1000E+02   1.3856E+00
   4.1100E+02   1.4567E+00
   4.1200E+02   1.4937E+00
   4.1300E+02   1.4707E+00
   4.1400E+02   1.4007E+00
   4.1500E+02   1.2657E+00
   4.1600E+02   1.1156E+00
   4.1700E+02   1.0534E+00
   4.1800E+02   1.0598E+00
   4.1900E+02   1.1186E+00
   4.2000E+02   1.2143E+00
   4.2100E+02   1.2799E+00
   4.2200E+02   1.3214E+00
   4.2300E+02   1.3223E+00
   4.2400E+02   1.3412E+00
   4.2500E+02   1.3979E+00
   4.2600E+02   1.5169E+00
   4.2700E+02   1.6483E+00
   4.2800E+02   1.7735E+00
   4.2900E+02   1.8086E+00
   4.2900E+02   1.0000E+00
   4.2900E+02   1.8086E+00
   4.3000E+02   1.7677E+00
   4.3100E+02   1.6610E+00
   4.3200E+02   1.5221E+00
   4.3300E+02   1.4026E+00
   4.3400E+02   1.3135E+00
   4.3500E+02   1.2108E+00
   4.3600E+02   1.1472E+00
   4.3700E+02   1.1043E+00
   4.3800E+02   1.0770E+00
   4.3900E+02   1.0643E+00
   4.4000E+02   1.0666E+00
   4.4100E+02   1.0872E+00
   4.4200E+02   1.1446E+00
   4.4300E+02   1.1651E+00
   4.4400E+02   1.1915E+00
   4.4500E+02   1.1986E+00
   4.4600E+02   1.1775E+00
   4.4700E+02   1.1650E+00
   4.4800E+02   1.1584E+00
   4.4900E+02   1.1710E+00
   4.5000E+02   1.2070E+00
   4.5100E+02   1.2385E+00
   4.5200E+02   1.2325E+00
   4.5300E+02   1.1889E+00
   4.5400E+02   1.0923E+00
   4.5500E+02   1.0576E+00
   4.5600E+02   1.0383E+00
   4.5700E+02   1.0767E+00
   4.5800E+02   1.1602E+00
   4.5900E+02   1.2686E+00
   4.6000E+02   1.3247E+00
   4.6100E+02   1.3361E+00
   4.6200E+02   1.2974E+00
   4.6300E+02   1.2672E+00
   4.6400E+02   1.2789E+00
   4.6500E+02   1.3262E+00
   4.6600E+02   1.4200E+00
   4.6700E+02   1.4947E+00
   4.6800E+02   1.4817E+00
   4.6900E+02   1.4170E+00
   4.7000E+02   1.2635E+00
   4.7100E+02   1.1397E+00
   4.7200E+02   1.1101E+00
   4.7300E+02   1.1812E+00
   4.7400E+02   1.2980E+00
   4.7500E+02   1.3902E+00
   4.7500E+02   1.0000E+00
   4.7500E+02   1.3804E+00
   4.7600E+02   1.4040E+00
   4.7700E+02   1.3494E+00
   4.7800E+02   1.2394E+00
   4.7900E+02   1.1563E+00
   4.8000E+02   1.1416E+00
   4.8100E+02   1.2174E+00
   4.8200E+02   1.3054E+00
   4.8300E+02   1.3789E+00
   4.8400E+02   1.4116E+00
   4.8500E+02   1.4129E+00
   4.8600E+02   1.3823E+00
   4.8700E+02   1.3395E+00
   4.8800E+02   1.2804E+00
   4.8900E+02   1.2296E+00
   4.9000E+02   1.1940E+00
   4.9100E+02   1.1720E+00
   4.9200E+02   1.1642E+00
   4.9300E+02   1.1847E+00
   4.9400E+02   1.1887E+00
   4.9500E+02   1.1838E+00
   4.9600E+02   1.1319E+00
   4.9700E+02   1.0885E+00
   4.9800E+02   1.0398E+00
   4.9800E+02   1.0000E+00
   4.9800E+02   1.0504E+00
   4.9800E+02   1.0000E+00
   4.9800E+02   1.0000E+00
   4.9800E+02   1.0504E+00
   4.9800E+02   1.0000E+00
   4.9800E+02   1.0504E+00
   4.9800E+02   1.0000E+00
   4.9800E+02   1.0504E+00
   4.9800E+02   1.0000E+00
   4.9800E+02   1.0504E+00
   4.9800E+02   1.0000E+00
   4.9800E+02   1.0504E+00
   4.9800E+02   1.0000E+00
   4.9800E+02   1.0504E+00
