   0.0000E+00   1.0000E+00
   0.0000E+00   9.9941E-01
   1.0000E+00   9.9713E-01
   2.0000E+00   8.9331E-01
   3.0000E+00   7.7341E-01
   4.0000E+00   6.4486E-01
   5.0000E+00   5.7173E-01
   6.0000E+00   5.7081E-01
   7.0000E+00   6.4552E-01
   8.0000E+00   7.8997E-01
   9.0000E+00   9.3231E-01
   1.0000E+01   1.0495E+00
   1.1000E+01   1.1387E+00
   1.2000E+01   1.2095E+00
   1.3000E+01   1.2528E+00
   1.4000E+01   1.2742E+00
   1.5000E+01   1.2726E+00
   1.6000E+01   1.2543E+00
   1.7000E+01   1.2467E+00
   1.8000E+01   1.2550E+00
   1.9000E+01   1.2756E+00
   2.0000E+01   1.3080E+00
   2.1000E+01   1.3511E+00
   2.2000E+01   1.4060E+00
   2.3000E+01   1.4787E+00
   2.4000E+01   1.5356E+00
   2.5000E+01   1.5230E+00
   2.6000E+01   1.4378E+00
   2.7000E+01   1.2811E+00
   2.8000E+01   1.0837E+00
   2.9000E+01   9.0482E-01
   3.0000E+01   7.5047E-01
   3.1000E+01   6.1585E-01
   3.2000E+01   5.1463E-01
   3.3000E+01   4.6746E-01
   3.4000E+01   4.7318E-01
   3.5000E+01   5.3242E-01
   3.6000E+01   6.2305E-01
   3.7000E+01   7.3551E-01
   3.8000E+01   8.7133E-01
   3.9000E+01   1.0189E+00
   4.0000E+01   1.1480E+00
   4.1000E+01   1.2179E+00
   4.2000E+01   1.2363E+00
   4.3000E+01   1.2027E+00
   4.4000E+01   1.1638E+00
   4.5000E+01   1.1436E+00
   4.6000E+01   1.1386E+00
   4.7000E+01   1.1477E+00
   4.8000E+01   1.1525E+00
   4.9000E+01   1.1474E+00
   5.0000E+01   1.1306E+00
   5.1000E+01   1.1100E+00
   5.2000E+01   1.0877E+00
   5.3000E+01   1.0661E+00
   5.4000E+01   1.0520E+00
   5.5000E+01   1.0414E+00
   5.6000E+01   1.0514E+00
   5.7000E+01   1.0834E+00
   5.8000E+01   1.1413E+00
   5.9000E+01   1.2088E+00
   6.0000E+01   1.2409E+00
   6.1000E+01   1.2356E+00
   6.2000E+01   1.1941E+00
   6.3000E+01   1.1361E+00
   6.4000E+01   1.1276E+00
   6.5000E+01   1.1719E+00
   6.6000E+01   1.2704E+00
   6.7000E+01   1.3802E+00
   6.8000E+01   1.4103E+00
   6.9000E+01   1.3563E+00
   7.0000E+01   1.2225E+00
   7.1000E+01   1.0692E+00
   7.2000E+01   9.9568E-01
   7.3000E+01   9.9977E-01
   7.4000E+01   1.0828E+00
   7.5000E+01   1.1723E+00
   7.6000E+01   1.1890E+00
   7.7000E+01   1.1312E+00
   7.8000E+01   1.0077E+00
   7.9000E+01   9.0224E-01
   8.0000E+01   8.8935E-01
   8.1000E+01   9.6551E-01
   8.2000E+01   1.1307E+00
   8.3000E+01   1.2737E+00
   8.4000E+01   1.3430E+00
   8.5000E+01   1.3351E+00
   8.6000E+01   1.2514E+00
   8.7000E+01   1.1521E+00
   8.8000E+01   1.0403E+00
   8.9000E+01   9.4336E-01
   9.0000E+01   8.3849E-01
   9.1000E+01   7.5852E-01
   9.2000E+01   7.1461E-01
   9.3000E+01   7.0162E-01
   9.4000E+01   7.2159E-01
   9.5000E+01   7.7835E-01
   9.6000E+01   8.6496E-01
   9.7000E+01   9.9166E-01
   9.8000E+01   1.1236E+00
   9.9000E+01   1.1765E+00
   1.0000E+02   1.1286E+00
   1.0100E+02   9.8734E-01
   1.0200E+02   7.7880E-01
   1.0300E+02   6.4519E-01
   1.0400E+02   5.8969E-01
   1.0500E+02   6.1669E-01
   1.0600E+02   6.9373E-01
   1.0700E+02   7.4714E-01
   1.0800E+02   7.7410E-01
   1.0900E+02   7.7379E-01
   1.1000E+02   7.6440E-01
   1.1100E+02   7.7667E-01
   1.1200E+02   8.1418E-01
   1.1300E+02   8.7285E-01
   1.1400E+02   9.4265E-01
   1.1500E+02   1.0179E+00
   1.1600E+02   1.0968E+00
   1.1700E+02   1.1720E+00
   1.1800E+02   1.2078E+00
   1.1900E+02   1.1628E+00
   1.2000E+02   1.0363E+00
   1.2100E+02   8.2924E-01
   1.2200E+02   6.8054E-01
   1.2300E+02   6.7966E-01
   1.2400E+02   8.2788E-01
   1.2500E+02   1.1093E+00
   1.2600E+02   1.3568E+00
   1.2700E+02   1.4784E+00
   1.2800E+02   1.4750E+00
   1.2900E+02   1.3521E+00
   1.3000E+02   1.2020E+00
   1.3100E+02   1.0571E+00
   1.3200E+02   9.1659E-01
   1.3300E+02   7.8484E-01
   1.3400E+02   7.0989E-01
   1.3500E+02   7.0269E-01
   1.3600E+02   7.6171E-01
   1.3700E+02   8.7193E-01
   1.3800E+02   9.4342E-01
   1.3900E+02   9.5783E-01
   1.4000E+02   9.1798E-01
   1.4100E+02   8.3936E-01
   1.4200E+02   8.0917E-01
   1.4300E+02   8.3319E-01
   1.4400E+02   9.1175E-01
   1.4500E+02   1.0204E+00
   1.4600E+02   1.0880E+00
   1.4700E+02   1.1111E+00
   1.4800E+02   1.0867E+00
   1.4900E+02   1.0586E+00
   1.5000E+02   1.1049E+00
   1.5100E+02   1.2331E+00
   1.5200E+02   1.4340E+00
   1.5300E+02   1.6399E+00
   1.5400E+02   1.7231E+00
   1.5500E+02   1.6802E+00
   1.5600E+02   1.5129E+00
   1.5700E+02   1.3290E+00
   1.5800E+02   1.2373E+00
   1.5900E+02   1.2442E+00
   1.6000E+02   1.3435E+00
   1.6100E+02   1.4408E+00
   1.6200E+02   1.4451E+00
   1.6300E+02   1.3648E+00
   1.6400E+02   1.1975E+00
   1.6500E+02   1.0597E+00
   1.6600E+02   1.0209E+00
   1.6700E+02   1.0786E+00
   1.6800E+02   1.2290E+00
   1.6900E+02   1.3724E+00
   1.7000E+02   1.4802E+00
   1.7100E+02   1.5454E+00
   1.7200E+02   1.5706E+00
   1.7300E+02   1.5640E+00
   1.7400E+02   1.5275E+00
   1.7500E+02   1.4599E+00
   1.7600E+02   1.3812E+00
   1.7700E+02   1.3813E+00
   1.7800E+02   1.4825E+00
   1.7900E+02   1.6868E+00
   1.8000E+02   1.9498E+00
   1.8100E+02   2.1177E+00
   1.8200E+02   2.1544E+00
   1.8300E+02   2.0629E+00
   1.8400E+02   1.8753E+00
   1.8500E+02   1.7091E+00
   1.8600E+02   1.5743E+00
   1.8700E+02   1.4760E+00
   1.8800E+02   1.3920E+00
   1.8900E+02   1.2823E+00
   1.9000E+02   1.1459E+00
   1.9100E+02   9.9309E-01
   1.9200E+02   8.4275E-01
   1.9300E+02   7.8169E-01
   1.9400E+02   8.0580E-01
   1.9500E+02   9.1378E-01
   1.9600E+02   1.0559E+00
   1.9700E+02   1.1612E+00
   1.9800E+02   1.2267E+00
   1.9900E+02   1.2546E+00
   2.0000E+02   1.2404E+00
   2.0100E+02   1.1787E+00
   2.0200E+02   1.0773E+00
   2.0300E+02   9.3827E-01
   2.0400E+02   8.3732E-01
   2.0500E+02   8.4069E-01
   2.0600E+02   9.4643E-01
   2.0700E+02   1.1536E+00
   2.0800E+02   1.3124E+00
   2.0900E+02   1.3570E+00
   2.1000E+02   1.2886E+00
   2.1100E+02   1.1148E+00
   2.1200E+02   9.5214E-01
   2.1300E+02   8.4064E-01
   2.1400E+02   7.8162E-01
   2.1500E+02   7.7195E-01
   2.1600E+02   7.7373E-01
   2.1700E+02   7.7698E-01
   2.1800E+02   7.8064E-01
   2.1900E+02   7.8934E-01
   2.2000E+02   8.1835E-01
   2.2100E+02   8.6261E-01
   2.2200E+02   9.2877E-01
   2.2300E+02   1.0107E+00
   2.2400E+02   1.0807E+00
   2.2500E+02   1.1344E+00
   2.2600E+02   1.1746E+00
   2.2700E+02   1.1969E+00
   2.2800E+02   1.2136E+00
   2.2900E+02   1.2201E+00
   2.3000E+02   1.2189E+00
   2.3100E+02   1.2033E+00
   2.3200E+02   1.1883E+00
   2.3300E+02   1.1520E+00
   2.3400E+02   1.1105E+00
   2.3500E+02   1.0625E+00
   2.3600E+02   1.0344E+00
   2.3700E+02   1.0192E+00
   2.3800E+02   1.0198E+00
   2.3900E+02   1.0324E+00
   2.4000E+02   1.0467E+00
   2.4100E+02   1.0764E+00
   2.4200E+02   1.1006E+00
   2.4300E+02   1.1881E+00
   2.4400E+02   1.3755E+00
   2.4500E+02   1.6658E+00
   2.4600E+02   2.0500E+00
   2.4700E+02   2.3236E+00
   2.4800E+02   2.3554E+00
   2.4900E+02   2.1502E+00
   2.5000E+02   1.7175E+00
   2.5100E+02   1.3184E+00
   2.5200E+02   1.0624E+00
   2.5300E+02   9.5951E-01
   2.5400E+02   9.9082E-01
   2.5500E+02   9.9637E-01
   2.5600E+02   9.2519E-01
   2.5700E+02   7.7806E-01
   2.5700E+02   1.0000E+00
   2.5700E+02   7.8447E-01
   2.5800E+02   5.8444E-01
   2.5900E+02   4.7198E-01
   2.6000E+02   5.1469E-01
   2.6000E+02   1.0000E+00
   2.6000E+02   4.9783E-01
   2.6100E+02   6.4440E-01
   2.6200E+02   9.1204E-01
   2.6300E+02   1.0903E+00
   2.6400E+02   1.2135E+00
   2.6500E+02   1.2623E+00
   2.6600E+02   1.2558E+00
   2.6700E+02   1.2567E+00
   2.6800E+02   1.2704E+00
   2.6900E+02   1.3033E+00
   2.7000E+02   1.3093E+00
   2.7100E+02   1.3108E+00
   2.7200E+02   1.2903E+00
   2.7300E+02   1.2344E+00
   2.7400E+02   1.2120E+00
   2.7500E+02   1.2056E+00
   2.7600E+02   1.2434E+00
   2.7700E+02   1.3079E+00
   2.7800E+02   1.3463E+00
   2.7900E+02   1.3648E+00
   2.8000E+02   1.3457E+00
   2.8100E+02   1.2948E+00
   2.8200E+02   1.2315E+00
   2.8300E+02   1.1454E+00
   2.8400E+02   1.0313E+00
   2.8400E+02   1.0000E+00
   2.8400E+02   1.0595E+00
   2.8400E+02   1.0000E+00
   2.8400E+02   1.0000E+00
   2.8400E+02   1.0000E+00
   2.8400E+02   1.0595E+00
   2.8400E+02   1.0000E+00
   2.8400E+02   1.0595E+00
   2.8400E+02   1.0000E+00
   2.8400E+02   1.0595E+00
   2.8500E+02   9.5019E-01
   2.8500E+02   1.0000E+00
   2.8500E+02   9.5019E-01
   2.8600E+02   8.9459E-01
   2.8600E+02   1.0000E+00
   2.8600E+02   8.9459E-01
   2.8700E+02   9.5201E-01
   2.8800E+02   1.0987E+00
   2.8900E+02   1.3439E+00
   2.8900E+02   1.0000E+00
   2.8900E+02   1.3383E+00
   2.9000E+02   1.5565E+00
   2.9100E+02   1.6555E+00
   2.9200E+02   1.6350E+00
   2.9300E+02   1.5084E+00
   2.9400E+02   1.3908E+00
   2.9500E+02   1.2472E+00
   2.9600E+02   1.1392E+00
   2.9700E+02   1.0309E+00
   2.9800E+02   9.7888E-01
   2.9900E+02   9.6853E-01
   2.9900E+02   1.0000E+00
   2.9900E+02   9.6830E-01
   3.0000E+02   1.0077E+00
   3.0100E+02   1.0883E+00
   3.0200E+02   1.1711E+00
   3.0300E+02   1.2482E+00
   3.0400E+02   1.3375E+00
   3.0500E+02   1.3788E+00
   3.0600E+02   1.4153E+00
   3.0700E+02   1.4446E+00
   3.0800E+02   1.4581E+00
   3.0900E+02   1.4631E+00
   3.1000E+02   1.4747E+00
   3.1100E+02   1.4958E+00
   3.1200E+02   1.5494E+00
   3.1300E+02   1.5574E+00
   3.1400E+02   1.5714E+00
   3.1500E+02   1.5539E+00
   3.1600E+02   1.5278E+00
   3.1700E+02   1.4912E+00
   3.1800E+02   1.4445E+00
   3.1900E+02   1.3741E+00
   3.2000E+02   1.2867E+00
   3.2100E+02   1.2151E+00
   3.2200E+02   1.2136E+00
   3.2300E+02   1.2655E+00
   3.2400E+02   1.3752E+00
   3.2500E+02   1.4538E+00
   3.2600E+02   1.4267E+00
   3.2700E+02   1.3281E+00
   3.2800E+02   1.1146E+00
   3.2900E+02   9.3287E-01
   3.3000E+02   8.3387E-01
   3.3100E+02   8.4175E-01
   3.3200E+02   9.4399E-01
   3.3300E+02   1.0316E+00
   3.3400E+02   1.1403E+00
   3.3500E+02   1.2546E+00
   3.3600E+02   1.3265E+00
   3.3700E+02   1.3690E+00
   3.3800E+02   1.3654E+00
   3.3900E+02   1.2874E+00
   3.4000E+02   1.2103E+00
   3.4100E+02   1.1582E+00
   3.4200E+02   1.1548E+00
   3.4300E+02   1.2296E+00
   3.4400E+02   1.3020E+00
   3.4500E+02   1.3639E+00
   3.4600E+02   1.3912E+00
   3.4700E+02   1.3766E+00
   3.4800E+02   1.3291E+00
   3.4900E+02   1.2682E+00
   3.5000E+02   1.1975E+00
   3.5100E+02   1.0893E+00
   3.5200E+02   1.0000E+00
   3.5300E+02   9.6862E-01
   3.5300E+02   1.0000E+00
   3.5300E+02   9.6863E-01
   3.5400E+02   1.0043E+00
   3.5500E+02   1.1160E+00
   3.5600E+02   1.2479E+00
   3.5700E+02   1.3039E+00
   3.5800E+02   1.2981E+00
   3.5900E+02   1.2189E+00
   3.6000E+02   1.1070E+00
   3.6100E+02   1.0523E+00
   3.6200E+02   1.0203E+00
   3.6300E+02   1.0230E+00
   3.6400E+02   1.0262E+00
   3.6400E+02   1.0000E+00
   3.6400E+02   1.0267E+00
   3.6400E+02   1.0000E+00
   3.6400E+02   1.0000E+00
   3.6400E+02   1.0000E+00
   3.6400E+02   1.0267E+00
   3.6400E+02   1.0000E+00
   3.6400E+02   1.0267E+00
   3.6400E+02   1.0000E+00
   3.6400E+02   1.0267E+00
   3.6500E+02   1.0024E+00
   3.6500E+02   1.0000E+00
   3.6500E+02   1.0024E+00
   3.6500E+02   1.0000E+00
   3.6500E+02   1.0024E+00
