   0.0000E+00   1.0000E+00
   0.0000E+00   9.1620E-01
   1.0000E+00   9.1422E-01
   2.0000E+00   8.8725E-01
   3.0000E+00   9.3059E-01
   4.0000E+00   1.0424E+00
   5.0000E+00   1.1930E+00
   6.0000E+00   1.2832E+00
   7.0000E+00   1.2987E+00
   8.0000E+00   1.2378E+00
   9.0000E+00   1.1425E+00
   1.0000E+01   1.1033E+00
   1.1000E+01   1.1306E+00
   1.2000E+01   1.2205E+00
   1.3000E+01   1.3238E+00
   1.4000E+01   1.3491E+00
   1.5000E+01   1.2924E+00
   1.6000E+01   1.1512E+00
   1.7000E+01   1.0028E+00
   1.8000E+01   9.3949E-01
   1.9000E+01   9.6685E-01
   2.0000E+01   1.0869E+00
   2.1000E+01   1.1897E+00
   2.2000E+01   1.1878E+00
   2.3000E+01   1.0788E+00
   2.4000E+01   8.6092E-01
   2.5000E+01   6.5550E-01
   2.6000E+01   5.6378E-01
   2.7000E+01   5.7241E-01
   2.8000E+01   6.8345E-01
   2.9000E+01   7.9891E-01
   3.0000E+01   8.8475E-01
   3.1000E+01   9.3206E-01
   3.2000E+01   9.4934E-01
   3.3000E+01   9.8882E-01
   3.4000E+01   1.0732E+00
   3.5000E+01   1.1934E+00
   3.6000E+01   1.3430E+00
   3.7000E+01   1.4309E+00
   3.8000E+01   1.4213E+00
   3.9000E+01   1.3242E+00
   4.0000E+01   1.1521E+00
   4.1000E+01   1.0676E+00
   4.2000E+01   1.0905E+00
   4.3000E+01   1.2225E+00
   4.4000E+01   1.4336E+00
   4.5000E+01   1.5886E+00
   4.6000E+01   1.6689E+00
   4.7000E+01   1.6746E+00
   4.8000E+01   1.6073E+00
   4.9000E+01   1.4723E+00
   5.0000E+01   1.2753E+00
   5.1000E+01   1.0049E+00
   5.2000E+01   7.3958E-01
   5.3000E+01   6.0807E-01
   5.4000E+01   6.1979E-01
   5.5000E+01   7.7511E-01
   5.6000E+01   9.9887E-01
   5.7000E+01   1.1635E+00
   5.8000E+01   1.2569E+00
   5.9000E+01   1.2841E+00
   6.0000E+01   1.2869E+00
   6.1000E+01   1.3056E+00
   6.2000E+01   1.3443E+00
   6.3000E+01   1.3969E+00
   6.4000E+01   1.4399E+00
   6.5000E+01   1.4440E+00
   6.6000E+01   1.4090E+00
   6.7000E+01   1.3412E+00
   6.8000E+01   1.2604E+00
   6.9000E+01   1.1902E+00
   7.0000E+01   1.1283E+00
   7.1000E+01   1.0753E+00
   7.2000E+01   1.0717E+00
   7.3000E+01   1.1378E+00
   7.4000E+01   1.2685E+00
   7.5000E+01   1.4537E+00
   7.6000E+01   1.5797E+00
   7.7000E+01   1.6003E+00
   7.8000E+01   1.5170E+00
   7.9000E+01   1.3502E+00
   8.0000E+01   1.1961E+00
   8.1000E+01   1.0930E+00
   8.2000E+01   1.0310E+00
   8.3000E+01   1.0102E+00
   8.4000E+01   1.0129E+00
   8.5000E+01   1.0323E+00
   8.6000E+01   1.0715E+00
   8.7000E+01   1.1243E+00
   8.8000E+01   1.1620E+00
   8.9000E+01   1.1865E+00
   9.0000E+01   1.1905E+00
   9.1000E+01   1.1789E+00
   9.2000E+01   1.1605E+00
   9.3000E+01   1.1190E+00
   9.4000E+01   1.0667E+00
   9.5000E+01   1.0118E+00
   9.6000E+01   9.7971E-01
   9.7000E+01   9.7069E-01
   9.8000E+01   9.8555E-01
   9.9000E+01   1.0143E+00
   1.0000E+02   1.0468E+00
   1.0100E+02   1.0846E+00
   1.0200E+02   1.1189E+00
   1.0300E+02   1.1504E+00
   1.0400E+02   1.1613E+00
   1.0500E+02   1.1538E+00
   1.0600E+02   1.1255E+00
   1.0700E+02   1.0943E+00
   1.0800E+02   1.0717E+00
   1.0900E+02   1.0546E+00
   1.1000E+02   1.0431E+00
   1.1100E+02   1.0253E+00
   1.1200E+02   9.9748E-01
   1.1300E+02   9.5269E-01
   1.1400E+02   9.0100E-01
   1.1500E+02   8.8766E-01
   1.1600E+02   9.2785E-01
   1.1700E+02   1.0238E+00
   1.1800E+02   1.1660E+00
   1.1900E+02   1.2697E+00
   1.2000E+02   1.3028E+00
   1.2100E+02   1.2692E+00
   1.2200E+02   1.1872E+00
   1.2300E+02   1.1418E+00
   1.2400E+02   1.1520E+00
   1.2500E+02   1.2149E+00
   1.2600E+02   1.3077E+00
   1.2700E+02   1.3021E+00
   1.2800E+02   1.1876E+00
   1.2900E+02   9.6118E-01
   1.3000E+02   6.7333E-01
   1.3100E+02   5.2555E-01
   1.3200E+02   5.3220E-01
   1.3300E+02   6.9294E-01
   1.3400E+02   9.3659E-01
   1.3500E+02   1.1049E+00
   1.3600E+02   1.1811E+00
   1.3700E+02   1.1701E+00
   1.3800E+02   1.1471E+00
   1.3900E+02   1.2418E+00
   1.4000E+02   1.4498E+00
   1.4100E+02   1.7801E+00
   1.4200E+02   2.0873E+00
   1.4300E+02   2.1764E+00
   1.4400E+02   2.0493E+00
   1.4500E+02   1.7086E+00
   1.4600E+02   1.3440E+00
   1.4700E+02   1.1352E+00
   1.4800E+02   1.0791E+00
   1.4900E+02   1.1781E+00
   1.5000E+02   1.2977E+00
   1.5100E+02   1.3544E+00
   1.5200E+02   1.3564E+00
   1.5300E+02   1.3009E+00
   1.5400E+02   1.2387E+00
   1.5500E+02   1.1891E+00
   1.5600E+02   1.1530E+00
   1.5700E+02   1.1297E+00
   1.5800E+02   1.1166E+00
   1.5900E+02   1.1140E+00
   1.6000E+02   1.1204E+00
   1.6100E+02   1.1336E+00
   1.6200E+02   1.1268E+00
   1.6200E+02   1.0000E+00
   1.6200E+02   1.1279E+00
   1.6300E+02   1.0908E+00
   1.6400E+02   1.0264E+00
   1.6400E+02   1.0000E+00
   1.6400E+02   1.0445E+00
   1.6500E+02   9.7081E-01
   1.6600E+02   9.1868E-01
   1.6700E+02   9.0437E-01
   1.6800E+02   9.2219E-01
   1.6900E+02   9.4583E-01
   1.7000E+02   9.5486E-01
   1.7100E+02   9.4166E-01
   1.7200E+02   9.0516E-01
   1.7300E+02   8.5784E-01
   1.7400E+02   8.4770E-01
   1.7500E+02   8.7735E-01
   1.7600E+02   9.6692E-01
   1.7600E+02   1.0000E+00
   1.7600E+02   9.3599E-01
   1.7700E+02   1.0302E+00
   1.7800E+02   1.1028E+00
   1.7900E+02   1.1762E+00
   1.8000E+02   1.2232E+00
   1.8100E+02   1.2657E+00
   1.8200E+02   1.3010E+00
   1.8300E+02   1.3226E+00
   1.8400E+02   1.3255E+00
   1.8500E+02   1.3288E+00
   1.8600E+02   1.3316E+00
   1.8700E+02   1.3364E+00
   1.8800E+02   1.3422E+00
   1.8900E+02   1.3368E+00
   1.9000E+02   1.3092E+00
   1.9100E+02   1.2869E+00
   1.9200E+02   1.2445E+00
   1.9300E+02   1.2046E+00
   1.9400E+02   1.2006E+00
   1.9500E+02   1.2166E+00
   1.9600E+02   1.2556E+00
   1.9700E+02   1.2771E+00
   1.9800E+02   1.2807E+00
   1.9900E+02   1.2578E+00
   2.0000E+02   1.2222E+00
   2.0100E+02   1.1688E+00
   2.0200E+02   1.0263E+00
   2.0200E+02   1.0000E+00
   2.0200E+02   1.0914E+00
   2.0300E+02   9.8434E-01
   2.0400E+02   8.5856E-01
   2.0500E+02   8.1281E-01
   2.0600E+02   8.4096E-01
   2.0600E+02   1.0000E+00
   2.0600E+02   8.3725E-01
   2.0700E+02   9.4116E-01
   2.0800E+02   1.1219E+00
   2.0900E+02   1.2705E+00
   2.1000E+02   1.3787E+00
   2.1100E+02   1.4549E+00
   2.1200E+02   1.4907E+00
   2.1300E+02   1.4090E+00
   2.1400E+02   1.3122E+00
   2.1500E+02   1.0810E+00
   2.1600E+02   8.3184E-01
   2.1700E+02   7.2210E-01
   2.1800E+02   7.6955E-01
   2.1900E+02   9.5815E-01
   2.2000E+02   1.1968E+00
   2.2100E+02   1.3551E+00
   2.2200E+02   1.4085E+00
   2.2300E+02   1.3617E+00
   2.2400E+02   1.2728E+00
   2.2500E+02   1.1779E+00
   2.2600E+02   1.0902E+00
   2.2700E+02   1.0228E+00
   2.2700E+02   1.0000E+00
   2.2700E+02   1.0242E+00
   2.2800E+02   9.5585E-01
   2.2900E+02   9.0118E-01
   2.3000E+02   8.5219E-01
   2.3100E+02   8.3082E-01
   2.3200E+02   8.3688E-01
   2.3300E+02   8.9489E-01
   2.3400E+02   9.9806E-01
   2.3400E+02   1.0000E+00
   2.3400E+02   9.5805E-01
   2.3500E+02   1.0872E+00
   2.3600E+02   1.1518E+00
   2.3700E+02   1.1142E+00
   2.3700E+02   1.0000E+00
   2.3700E+02   1.1274E+00
   2.3800E+02   1.0072E+00
   2.3900E+02   8.0967E-01
   2.4000E+02   7.1319E-01
   2.4100E+02   8.1657E-01
   2.4200E+02   1.0029E+00
   2.4300E+02   1.3789E+00
   2.4400E+02   1.6096E+00
   2.4500E+02   1.6542E+00
   2.4600E+02   1.5193E+00
   2.4700E+02   1.2326E+00
   2.4800E+02   1.0058E+00
   2.4900E+02   8.9202E-01
   2.5000E+02   8.7213E-01
   2.5100E+02   9.2335E-01
   2.5200E+02   9.6986E-01
   2.5200E+02   1.0000E+00
   2.5200E+02   9.6912E-01
   2.5200E+02   1.0000E+00
   2.5200E+02   1.0000E+00
   2.5200E+02   1.0000E+00
   2.5200E+02   9.6912E-01
   2.5200E+02   1.0000E+00
   2.5200E+02   9.6912E-01
   2.5200E+02   1.0000E+00
   2.5200E+02   9.6912E-01
   2.5300E+02   1.0007E+00
   2.5300E+02   1.0000E+00
   2.5300E+02   1.0007E+00
   2.5400E+02   1.0172E+00
   2.5400E+02   1.0000E+00
   2.5400E+02   1.0172E+00
   2.5500E+02   1.0227E+00
   2.5600E+02   1.0240E+00
   2.5700E+02   1.0229E+00
   2.5800E+02   1.0229E+00
   2.5900E+02   1.0255E+00
   2.6000E+02   1.0482E+00
   2.6100E+02   1.0677E+00
   2.6200E+02   1.1254E+00
   2.6300E+02   1.1478E+00
   2.6400E+02   1.1611E+00
   2.6500E+02   1.1620E+00
   2.6600E+02   1.1412E+00
   2.6700E+02   1.1244E+00
   2.6800E+02   1.1236E+00
   2.6900E+02   1.1330E+00
   2.7000E+02   1.1588E+00
   2.7100E+02   1.1567E+00
   2.7200E+02   1.1065E+00
   2.7300E+02   1.0251E+00
   2.7300E+02   1.0000E+00
   2.7300E+02   1.0679E+00
   2.7400E+02   9.6485E-01
   2.7500E+02   8.8871E-01
   2.7600E+02   8.8570E-01
   2.7700E+02   9.7053E-01
   2.7700E+02   1.0000E+00
   2.7700E+02   9.2993E-01
   2.7800E+02   1.0356E+00
   2.7900E+02   1.1291E+00
   2.8000E+02   1.1788E+00
   2.8100E+02   1.1782E+00
   2.8200E+02   1.1363E+00
   2.8300E+02   1.0858E+00
   2.8400E+02   1.0256E+00
   2.8400E+02   1.0000E+00
   2.8400E+02   1.0258E+00
   2.8500E+02   9.4704E-01
   2.8600E+02   8.5343E-01
   2.8700E+02   8.2260E-01
   2.8800E+02   8.3942E-01
   2.8900E+02   9.1690E-01
   2.9000E+02   1.0234E+00
   2.9100E+02   1.1245E+00
   2.9200E+02   1.2175E+00
   2.9300E+02   1.2665E+00
   2.9400E+02   1.3154E+00
   2.9500E+02   1.3272E+00
   2.9600E+02   1.3223E+00
   2.9700E+02   1.2933E+00
   2.9800E+02   1.2184E+00
   2.9900E+02   1.1636E+00
   3.0000E+02   1.0198E+00
   3.0000E+02   1.0000E+00
   3.0000E+02   1.0694E+00
   3.0000E+02   1.0000E+00
   3.0000E+02   1.0000E+00
   3.0000E+02   1.0694E+00
   3.0000E+02   1.0000E+00
   3.0000E+02   1.0694E+00
   3.0000E+02   1.0000E+00
   3.0000E+02   1.0694E+00
   3.0000E+02   1.0000E+00
   3.0000E+02   1.0694E+00
   3.0100E+02   9.4230E-01
   3.0100E+02   1.0000E+00
   3.0100E+02   9.4230E-01
   3.0200E+02   8.2227E-01
   3.0200E+02   1.0000E+00
   3.0200E+02   8.2227E-01
   3.0300E+02   7.7134E-01
   3.0400E+02   8.1543E-01
   3.0500E+02   9.1449E-01
   3.0600E+02   1.0148E+00
   3.0700E+02   1.1094E+00
   3.0800E+02   1.1441E+00
   3.0900E+02   1.1468E+00
   3.1000E+02   1.1433E+00
   3.1100E+02   1.1573E+00
   3.1200E+02   1.1972E+00
   3.1300E+02   1.2671E+00
   3.1400E+02   1.3164E+00
   3.1500E+02   1.3416E+00
   3.1600E+02   1.3594E+00
   3.1700E+02   1.3621E+00
   3.1800E+02   1.3630E+00
   3.1900E+02   1.3696E+00
   3.2000E+02   1.3759E+00
   3.2100E+02   1.3901E+00
   3.2100E+02   1.0000E+00
   3.2100E+02   1.3823E+00
   3.2200E+02   1.4015E+00
   3.2300E+02   1.4310E+00
   3.2400E+02   1.4709E+00
   3.2500E+02   1.5133E+00
   3.2600E+02   1.5230E+00
   3.2700E+02   1.4917E+00
   3.2800E+02   1.4192E+00
   3.2900E+02   1.3023E+00
   3.3000E+02   1.1737E+00
   3.3100E+02   1.0684E+00
   3.3200E+02   9.7871E-01
   3.3300E+02   8.8605E-01
   3.3400E+02   8.2247E-01
   3.3500E+02   8.1034E-01
   3.3600E+02   8.3351E-01
   3.3700E+02   8.8656E-01
   3.3800E+02   9.3304E-01
   3.3900E+02   9.6383E-01
   3.4000E+02   9.9357E-01
   3.4000E+02   1.0000E+00
   3.4000E+02   9.8113E-01
   3.4000E+02   1.0000E+00
   3.4000E+02   9.8113E-01
   3.4000E+02   1.0000E+00
   3.4000E+02   9.8113E-01
   3.4000E+02   1.0000E+00
   3.4000E+02   9.8113E-01
   3.4000E+02   1.0000E+00
   3.4000E+02   9.8113E-01
   3.4000E+02   1.0000E+00
   3.4000E+02   9.8113E-01
   3.4100E+02   1.0064E+00
   3.4100E+02   1.0000E+00
   3.4100E+02   1.0064E+00
   3.4200E+02   1.0487E+00
   3.4200E+02   1.0000E+00
   3.4200E+02   1.0487E+00
   3.4300E+02   1.1186E+00
   3.4400E+02   1.2101E+00
   3.4500E+02   1.2511E+00
   3.4600E+02   1.2366E+00
   3.4700E+02   1.1319E+00
   3.4700E+02   1.0000E+00
   3.4700E+02   1.1578E+00
   3.4800E+02   1.0010E+00
   3.4900E+02   8.1907E-01
   3.5000E+02   7.5432E-01
   3.5100E+02   7.6097E-01
   3.5200E+02   8.5016E-01
   3.5300E+02   9.3007E-01
   3.5400E+02   9.7989E-01
   3.5500E+02   9.8343E-01
   3.5600E+02   9.5034E-01
   3.5700E+02   9.2820E-01
   3.5800E+02   9.4057E-01
   3.5900E+02   9.8678E-01
   3.5900E+02   1.0000E+00
   3.5900E+02   9.8071E-01
   3.6000E+02   1.0579E+00
   3.6100E+02   1.1435E+00
   3.6200E+02   1.2139E+00
   3.6300E+02   1.2719E+00
   3.6400E+02   1.3157E+00
   3.6500E+02   1.3471E+00
   3.6600E+02   1.3579E+00
   3.6700E+02   1.3704E+00
   3.6800E+02   1.3699E+00
   3.6900E+02   1.3377E+00
   3.7000E+02   1.3065E+00
   3.7100E+02   1.2384E+00
   3.7200E+02   1.2001E+00
   3.7300E+02   1.2079E+00
   3.7400E+02   1.3006E+00
   3.7500E+02   1.4096E+00
   3.7600E+02   1.6059E+00
   3.7700E+02   1.7002E+00
   3.7800E+02   1.7310E+00
   3.7900E+02   1.6662E+00
   3.8000E+02   1.5720E+00
   3.8100E+02   1.4385E+00
   3.8200E+02   1.3230E+00
   3.8300E+02   1.1821E+00
   3.8400E+02   1.0617E+00
   3.8500E+02   9.9518E-01
   3.8600E+02   9.8478E-01
   3.8600E+02   1.0000E+00
   3.8600E+02   9.8418E-01
   3.8700E+02   1.0301E+00
   3.8800E+02   1.1012E+00
   3.8900E+02   1.1400E+00
   3.9000E+02   1.1486E+00
   3.9100E+02   1.1226E+00
   3.9200E+02   1.1136E+00
   3.9300E+02   1.1456E+00
   3.9400E+02   1.2175E+00
   3.9500E+02   1.2609E+00
   3.9600E+02   1.3340E+00
   3.9700E+02   1.3491E+00
   3.9800E+02   1.3225E+00
   3.9900E+02   1.2408E+00
   4.0000E+02   1.2044E+00
   4.0100E+02   1.2372E+00
   4.0200E+02   1.3193E+00
   4.0300E+02   1.4579E+00
   4.0400E+02   1.5705E+00
   4.0500E+02   1.6271E+00
   4.0600E+02   1.6124E+00
   4.0700E+02   1.5419E+00
   4.0800E+02   1.4997E+00
   4.0900E+02   1.4727E+00
   4.1000E+02   1.4780E+00
   4.1100E+02   1.4910E+00
   4.1200E+02   1.4606E+00
   4.1300E+02   1.3723E+00
   4.1400E+02   1.2240E+00
   4.1500E+02   1.0136E+00
   4.1600E+02   8.8783E-01
   4.1700E+02   8.1420E-01
   4.1800E+02   8.1892E-01
   4.1900E+02   8.5553E-01
   4.2000E+02   9.1045E-01
   4.2100E+02   9.8944E-01
   4.2100E+02   1.0000E+00
   4.2100E+02   9.6983E-01
   4.2200E+02   1.0600E+00
   4.2300E+02   1.1327E+00
   4.2400E+02   1.1493E+00
   4.2500E+02   1.1019E+00
   4.2600E+02   1.0140E+00
   4.2600E+02   1.0000E+00
   4.2600E+02   1.0455E+00
   4.2700E+02   9.4572E-01
   4.2800E+02   8.9252E-01
   4.2900E+02   8.8517E-01
   4.3000E+02   9.1481E-01
   4.3100E+02   9.7128E-01
   4.3100E+02   1.0000E+00
   4.3100E+02   9.6243E-01
   4.3100E+02   1.0000E+00
   4.3100E+02   1.0000E+00
   4.3100E+02   1.0000E+00
   4.3100E+02   9.6243E-01
   4.3100E+02   1.0000E+00
   4.3100E+02   9.6243E-01
   4.3100E+02   1.0000E+00
   4.3100E+02   9.6243E-01
   4.3200E+02   1.0106E+00
   4.3200E+02   1.0000E+00
   4.3200E+02   1.0106E+00
   4.3300E+02   1.0545E+00
   4.3300E+02   1.0000E+00
   4.3300E+02   1.0545E+00
   4.3400E+02   1.1100E+00
   4.3500E+02   1.1321E+00
   4.3600E+02   1.1759E+00
   4.3700E+02   1.1975E+00
   4.3800E+02   1.2306E+00
   4.3900E+02   1.2926E+00
   4.4000E+02   1.3915E+00
   4.4100E+02   1.5372E+00
   4.4200E+02   1.7156E+00
   4.4300E+02   1.8519E+00
   4.4400E+02   1.8832E+00
   4.4500E+02   1.8235E+00
   4.4600E+02   1.6756E+00
   4.4700E+02   1.5432E+00
   4.4800E+02   1.4456E+00
   4.4900E+02   1.4002E+00
   4.5000E+02   1.3828E+00
   4.5100E+02   1.3934E+00
   4.5200E+02   1.4200E+00
   4.5300E+02   1.4726E+00
   4.5400E+02   1.5250E+00
   4.5500E+02   1.5293E+00
   4.5600E+02   1.4617E+00
   4.5700E+02   1.3890E+00
   4.5800E+02   1.2410E+00
   4.5900E+02   1.1490E+00
   4.6000E+02   1.1089E+00
   4.6100E+02   1.1129E+00
   4.6200E+02   1.1470E+00
   4.6300E+02   1.1753E+00
   4.6400E+02   1.1923E+00
   4.6500E+02   1.1967E+00
   4.6600E+02   1.1948E+00
   4.6700E+02   1.1907E+00
   4.6800E+02   1.1817E+00
   4.6900E+02   1.1770E+00
   4.7000E+02   1.1777E+00
   4.7100E+02   1.1873E+00
   4.7200E+02   1.2353E+00
   4.7300E+02   1.2612E+00
   4.7400E+02   1.2567E+00
   4.7500E+02   1.1745E+00
   4.7600E+02   1.0462E+00
   4.7600E+02   1.0000E+00
   4.7600E+02   1.0661E+00
   4.7600E+02   1.0000E+00
   4.7600E+02   1.0000E+00
   4.7600E+02   1.0000E+00
   4.7600E+02   1.0661E+00
   4.7700E+02   8.6110E-01
   4.7800E+02   6.6770E-01
   4.7900E+02   6.5469E-01
   4.8000E+02   7.3935E-01
   4.8100E+02   9.3024E-01
   4.8100E+02   1.0000E+00
   4.8100E+02   9.2171E-01
   4.8200E+02   1.1411E+00
   4.8300E+02   1.3396E+00
   4.8400E+02   1.4847E+00
   4.8500E+02   1.6169E+00
   4.8600E+02   1.7122E+00
   4.8700E+02   1.7557E+00
   4.8800E+02   1.7658E+00
   4.8900E+02   1.7527E+00
   4.9000E+02   1.7001E+00
   4.9100E+02   1.6616E+00
   4.9100E+02   1.0000E+00
   4.9100E+02   1.6616E+00
   4.9200E+02   1.5602E+00
   4.9300E+02   1.4736E+00
   4.9400E+02   1.4079E+00
   4.9500E+02   1.3348E+00
   4.9600E+02   1.2860E+00
   4.9700E+02   1.2440E+00
   4.9800E+02   1.2481E+00
   4.9900E+02   1.2912E+00
   4.9900E+02   1.0000E+00
   4.9900E+02   1.2828E+00
   5.0000E+02   1.3603E+00
   5.0100E+02   1.4618E+00
   5.0200E+02   1.4889E+00
   5.0300E+02   1.4467E+00
   5.0400E+02   1.3618E+00
   5.0500E+02   1.2190E+00
   5.0600E+02   1.1479E+00
   5.0700E+02   1.1446E+00
   5.0800E+02   1.2146E+00
   5.0900E+02   1.2604E+00
   5.1000E+02   1.3102E+00
   5.1100E+02   1.3281E+00
   5.1200E+02   1.3269E+00
   5.1300E+02   1.2978E+00
   5.1400E+02   1.2741E+00
   5.1500E+02   1.1909E+00
   5.1600E+02   1.1558E+00
   5.1700E+02   1.1069E+00
   5.1800E+02   1.0685E+00
   5.1900E+02   1.0405E+00
   5.2000E+02   1.0201E+00
   5.2100E+02   1.0039E+00
   5.2100E+02   1.0000E+00
   5.2100E+02   1.0080E+00
   5.2100E+02   1.0000E+00
   5.2100E+02   1.0080E+00
   5.2200E+02   9.9149E-01
   5.2300E+02   9.5618E-01
   5.2400E+02   9.5618E-01
   5.2500E+02   9.2352E-01
   5.2500E+02   1.0000E+00
   5.2500E+02   1.0000E+00
   5.2500E+02   9.3861E-01
   5.2600E+02   8.9695E-01
   5.2700E+02   8.5788E-01
   5.2800E+02   8.1758E-01
   5.2800E+02   1.0000E+00
   5.2800E+02   8.2339E-01
   5.2900E+02   8.1292E-01
   5.3000E+02   8.6268E-01
   5.3100E+02   9.8582E-01
   5.3100E+02   1.0000E+00
   5.3100E+02   9.0992E-01
   5.3200E+02   1.0247E+00
   5.3300E+02   1.1156E+00
   5.3400E+02   1.1520E+00
   5.3500E+02   1.1483E+00
   5.3600E+02   1.1230E+00
   5.3700E+02   1.1106E+00
   5.3800E+02   1.1334E+00
   5.3900E+02   1.1908E+00
   5.4000E+02   1.2120E+00
   5.4100E+02   1.2399E+00
   5.4200E+02   1.2309E+00
   5.4300E+02   1.1691E+00
   5.4400E+02   1.1567E+00
   5.4500E+02   1.1288E+00
   5.4600E+02   1.1351E+00
   5.4700E+02   1.1547E+00
   5.4800E+02   1.1846E+00
   5.4900E+02   1.2243E+00
   5.5000E+02   1.2383E+00
   5.5100E+02   1.2579E+00
   5.5200E+02   1.2656E+00
   5.5300E+02   1.2870E+00
   5.5400E+02   1.3238E+00
   5.5500E+02   1.3478E+00
   5.5600E+02   1.3482E+00
   5.5700E+02   1.2854E+00
   5.5800E+02   1.1973E+00
   5.5900E+02   1.0364E+00
   5.5900E+02   1.0000E+00
   5.5900E+02   1.0510E+00
   5.6000E+02   9.1504E-01
   5.6100E+02   8.8053E-01
   5.6200E+02   9.3368E-01
   5.6200E+02   1.0000E+00
   5.6200E+02   9.2844E-01
   5.6300E+02   1.0639E+00
   5.6400E+02   1.1823E+00
   5.6500E+02   1.2181E+00
   5.6600E+02   1.1781E+00
   5.6700E+02   1.0538E+00
   5.6800E+02   9.7334E-01
   5.6900E+02   9.5878E-01
   5.6900E+02   1.0000E+00
   5.6900E+02   9.5718E-01
   5.7000E+02   1.0119E+00
   5.7100E+02   1.1333E+00
   5.7200E+02   1.1630E+00
   5.7300E+02   1.0764E+00
   5.7400E+02   8.8899E-01
   5.7500E+02   6.0490E-01
   5.7500E+02   1.0000E+00
   5.7500E+02   6.0971E-01
   5.7600E+02   4.5392E-01
   5.7700E+02   5.2702E-01
   5.7700E+02   1.0000E+00
   5.7700E+02   4.9212E-01
   5.7800E+02   7.0694E-01
   5.7900E+02   1.0612E+00
   5.8000E+02   1.3047E+00
   5.8100E+02   1.4088E+00
   5.8200E+02   1.3601E+00
   5.8300E+02   1.2239E+00
   5.8400E+02   1.0969E+00
   5.8500E+02   1.0400E+00
   5.8600E+02   1.0279E+00
   5.8700E+02   1.0410E+00
   5.8800E+02   1.0567E+00
   5.8900E+02   1.0668E+00
   5.9000E+02   1.0743E+00
   5.9100E+02   1.0651E+00
   5.9100E+02   1.0000E+00
   5.9100E+02   1.0658E+00
   5.9100E+02   1.0000E+00
   5.9100E+02   1.0658E+00
   5.9100E+02   1.0000E+00
   5.9100E+02   1.0658E+00
   5.9100E+02   1.0000E+00
   5.9100E+02   1.0658E+00
   5.9100E+02   1.0000E+00
   5.9100E+02   1.0658E+00
   5.9200E+02   1.0156E+00
   5.9200E+02   1.0000E+00
   5.9200E+02   1.0185E+00
   5.9300E+02   9.2827E-01
   5.9400E+02   7.7200E-01
   5.9500E+02   6.5755E-01
   5.9500E+02   1.0000E+00
   5.9500E+02   6.7200E-01
   5.9500E+02   1.0000E+00
   5.9500E+02   6.7200E-01
   5.9500E+02   1.0000E+00
   5.9500E+02   6.7200E-01
   5.9600E+02   6.0233E-01
   5.9600E+02   1.0000E+00
   5.9600E+02   6.0370E-01
   5.9700E+02   5.9726E-01
   5.9800E+02   6.6095E-01
   5.9900E+02   7.2656E-01
   6.0000E+02   7.8984E-01
   6.0100E+02   8.4011E-01
   6.0200E+02   8.6080E-01
   6.0300E+02   8.7730E-01
   6.0400E+02   8.7603E-01
   6.0500E+02   8.5681E-01
   6.0600E+02   8.3971E-01
   6.0700E+02   8.3375E-01
   6.0800E+02   8.7271E-01
   6.0900E+02   9.1506E-01
   6.1000E+02   9.4953E-01
   6.1100E+02   9.8391E-01
   6.1200E+02   9.7366E-01
   6.1300E+02   8.6618E-01
   6.1400E+02   8.2130E-01
   6.1500E+02   7.4842E-01
   6.1600E+02   7.1106E-01
   6.1700E+02   7.0073E-01
   6.1800E+02   7.2685E-01
   6.1900E+02   8.0388E-01
   6.2000E+02   8.7145E-01
   6.2100E+02   9.7964E-01
   6.2200E+02   1.0974E+00
   6.2300E+02   1.1903E+00
   6.2400E+02   1.2409E+00
   6.2500E+02   1.2463E+00
   6.2600E+02   1.2324E+00
   6.2700E+02   1.2259E+00
   6.2800E+02   1.2356E+00
   6.2900E+02   1.2619E+00
   6.3000E+02   1.2673E+00
   6.3100E+02   1.2265E+00
   6.3200E+02   1.1360E+00
   6.3300E+02   1.0199E+00
   6.3300E+02   1.0000E+00
   6.3300E+02   1.0509E+00
   6.3400E+02   9.3769E-01
   6.3500E+02   9.2504E-01
   6.3600E+02   1.0006E+00
   6.3700E+02   1.1798E+00
   6.3800E+02   1.3879E+00
   6.3900E+02   1.4894E+00
   6.4000E+02   1.5266E+00
   6.4100E+02   1.4748E+00
   6.4200E+02   1.4173E+00
   6.4300E+02   1.3694E+00
   6.4400E+02   1.3204E+00
   6.4500E+02   1.2956E+00
   6.4600E+02   1.2607E+00
   6.4700E+02   1.2110E+00
   6.4800E+02   1.1666E+00
   6.4900E+02   1.1453E+00
   6.5000E+02   1.1527E+00
   6.5100E+02   1.2186E+00
   6.5200E+02   1.3385E+00
   6.5300E+02   1.5065E+00
   6.5400E+02   1.6214E+00
   6.5500E+02   1.6311E+00
   6.5600E+02   1.5347E+00
   6.5700E+02   1.3963E+00
   6.5800E+02   1.2876E+00
   6.5900E+02   1.2639E+00
   6.6000E+02   1.3318E+00
   6.6100E+02   1.4404E+00
   6.6200E+02   1.5220E+00
   6.6300E+02   1.5238E+00
   6.6400E+02   1.4613E+00
   6.6500E+02   1.3911E+00
   6.6600E+02   1.3249E+00
   6.6700E+02   1.3092E+00
   6.6800E+02   1.3315E+00
   6.6900E+02   1.3628E+00
   6.7000E+02   1.3712E+00
   6.7100E+02   1.3538E+00
   6.7200E+02   1.3042E+00
   6.7300E+02   1.2530E+00
   6.7400E+02   1.2688E+00
   6.7500E+02   1.3273E+00
   6.7600E+02   1.3977E+00
   6.7700E+02   1.5060E+00
   6.7800E+02   1.6013E+00
   6.7900E+02   1.6745E+00
   6.8000E+02   1.7114E+00
   6.8100E+02   1.7143E+00
   6.8200E+02   1.6645E+00
   6.8300E+02   1.6047E+00
   6.8400E+02   1.5504E+00
   6.8500E+02   1.4659E+00
   6.8600E+02   1.4167E+00
   6.8700E+02   1.4093E+00
   6.8800E+02   1.4289E+00
   6.8900E+02   1.4503E+00
   6.9000E+02   1.4478E+00
   6.9100E+02   1.4197E+00
   6.9100E+02   1.0000E+00
   6.9100E+02   1.4298E+00
   6.9200E+02   1.3911E+00
   6.9300E+02   1.3521E+00
   6.9400E+02   1.3099E+00
   6.9500E+02   1.2893E+00
   6.9600E+02   1.2675E+00
   6.9700E+02   1.2693E+00
   6.9800E+02   1.3054E+00
   6.9900E+02   1.3411E+00
   7.0000E+02   1.3779E+00
   7.0100E+02   1.3999E+00
   7.0200E+02   1.3570E+00
   7.0300E+02   1.3208E+00
   7.0400E+02   1.2322E+00
   7.0500E+02   1.1945E+00
   7.0600E+02   1.2247E+00
   7.0700E+02   1.3145E+00
   7.0800E+02   1.3968E+00
   7.0900E+02   1.4547E+00
   7.1000E+02   1.4786E+00
   7.1100E+02   1.4517E+00
   7.1200E+02   1.4135E+00
   7.1300E+02   1.4048E+00
   7.1400E+02   1.4268E+00
   7.1500E+02   1.4906E+00
   7.1600E+02   1.5111E+00
   7.1700E+02   1.4915E+00
   7.1800E+02   1.4149E+00
   7.1900E+02   1.2849E+00
   7.2000E+02   1.1397E+00
   7.2100E+02   1.0932E+00
   7.2200E+02   1.1009E+00
   7.2300E+02   1.2000E+00
   7.2400E+02   1.2710E+00
   7.2500E+02   1.3331E+00
   7.2600E+02   1.3616E+00
   7.2700E+02   1.3559E+00
   7.2800E+02   1.3405E+00
   7.2900E+02   1.3256E+00
   7.3000E+02   1.3119E+00
   7.3100E+02   1.2995E+00
   7.3200E+02   1.3033E+00
   7.3300E+02   1.3150E+00
   7.3400E+02   1.3601E+00
   7.3500E+02   1.3709E+00
   7.3600E+02   1.3344E+00
   7.3700E+02   1.2660E+00
   7.3800E+02   1.0982E+00
   7.3800E+02   1.0000E+00
   7.3800E+02   1.1083E+00
   7.3900E+02   8.8184E-01
   7.4000E+02   7.5551E-01
   7.4100E+02   7.5772E-01
   7.4200E+02   8.6487E-01
   7.4300E+02   1.0592E+00
   7.4400E+02   1.2288E+00
   7.4500E+02   1.3672E+00
   7.4600E+02   1.4571E+00
   7.4700E+02   1.5131E+00
   7.4800E+02   1.5187E+00
   7.4900E+02   1.4935E+00
   7.5000E+02   1.4236E+00
   7.5100E+02   1.3392E+00
   7.5200E+02   1.2535E+00
   7.5300E+02   1.1810E+00
   7.5400E+02   1.1233E+00
   7.5500E+02   1.0924E+00
   7.5600E+02   1.1317E+00
   7.5700E+02   1.2256E+00
   7.5800E+02   1.3647E+00
   7.5900E+02   1.4945E+00
   7.6000E+02   1.6013E+00
   7.6100E+02   1.6390E+00
   7.6200E+02   1.6190E+00
   7.6300E+02   1.6047E+00
   7.6400E+02   1.6100E+00
   7.6500E+02   1.6437E+00
   7.6600E+02   1.6755E+00
   7.6700E+02   1.6977E+00
   7.6800E+02   1.6701E+00
   7.6900E+02   1.5567E+00
   7.7000E+02   1.4674E+00
   7.7100E+02   1.3642E+00
   7.7200E+02   1.2970E+00
   7.7300E+02   1.2897E+00
   7.7400E+02   1.3203E+00
   7.7500E+02   1.3261E+00
   7.7600E+02   1.2651E+00
   7.7700E+02   1.1434E+00
   7.7800E+02   1.0759E+00
   7.7900E+02   1.0762E+00
   7.8000E+02   1.1922E+00
   7.8100E+02   1.3964E+00
   7.8200E+02   1.7618E+00
   7.8300E+02   1.9975E+00
   7.8400E+02   2.1339E+00
   7.8500E+02   2.1281E+00
   7.8600E+02   2.0733E+00
   7.8700E+02   2.0090E+00
   7.8800E+02   1.9815E+00
   7.8900E+02   1.9940E+00
   7.9000E+02   2.0019E+00
   7.9100E+02   1.9822E+00
   7.9200E+02   1.9320E+00
   7.9300E+02   1.8290E+00
   7.9400E+02   1.7720E+00
   7.9500E+02   1.7313E+00
   7.9600E+02   1.7462E+00
   7.9700E+02   1.8100E+00
   7.9800E+02   1.8760E+00
   7.9900E+02   1.8522E+00
   8.0000E+02   1.7470E+00
   8.0100E+02   1.5495E+00
   8.0200E+02   1.3320E+00
   8.0300E+02   1.1911E+00
   8.0400E+02   1.1568E+00
   8.0500E+02   1.2001E+00
   8.0600E+02   1.2693E+00
   8.0700E+02   1.3116E+00
   8.0800E+02   1.3274E+00
   8.0900E+02   1.3222E+00
   8.1000E+02   1.3144E+00
   8.1100E+02   1.2902E+00
   8.1200E+02   1.2502E+00
   8.1300E+02   1.2258E+00
   8.1400E+02   1.1736E+00
   8.1500E+02   1.1493E+00
   8.1600E+02   1.1262E+00
   8.1700E+02   1.0955E+00
   8.1800E+02   1.0871E+00
   8.1900E+02   1.1162E+00
   8.2000E+02   1.1470E+00
   8.2100E+02   1.1860E+00
   8.2200E+02   1.2106E+00
   8.2300E+02   1.1991E+00
   8.2400E+02   1.1426E+00
   8.2500E+02   1.0929E+00
   8.2600E+02   1.0308E+00
   8.2700E+02   1.0026E+00
   8.2800E+02   9.7201E-01
   8.2900E+02   9.5730E-01
   8.3000E+02   9.9466E-01
   8.3000E+02   1.0000E+00
   8.3000E+02   9.7187E-01
   8.3000E+02   1.0000E+00
   8.3000E+02   1.0000E+00
   8.3000E+02   1.0000E+00
   8.3000E+02   9.7187E-01
   8.3000E+02   1.0000E+00
   8.3000E+02   9.7187E-01
   8.3000E+02   1.0000E+00
   8.3000E+02   9.7187E-01
   8.3100E+02   9.9813E-01
   8.3100E+02   1.0000E+00
   8.3100E+02   1.0215E+00
   8.3200E+02   1.1054E+00
   8.3200E+02   1.0000E+00
   8.3200E+02   1.1054E+00
   8.3300E+02   1.2328E+00
   8.3400E+02   1.3228E+00
   8.3500E+02   1.3961E+00
   8.3500E+02   1.0000E+00
   8.3500E+02   1.3837E+00
   8.3600E+02   1.4514E+00
   8.3700E+02   1.4817E+00
   8.3800E+02   1.4487E+00
   8.3800E+02   1.0000E+00
   8.3800E+02   1.4612E+00
   8.3900E+02   1.3844E+00
   8.4000E+02   1.2370E+00
   8.4100E+02   1.1106E+00
   8.4200E+02   1.0583E+00
   8.4300E+02   1.0996E+00
   8.4400E+02   1.1998E+00
   8.4500E+02   1.3327E+00
   8.4600E+02   1.3934E+00
   8.4700E+02   1.4005E+00
   8.4800E+02   1.3508E+00
   8.4900E+02   1.2837E+00
   8.5000E+02   1.2499E+00
   8.5100E+02   1.2394E+00
   8.5200E+02   1.2527E+00
   8.5300E+02   1.2460E+00
   8.5400E+02   1.2180E+00
   8.5500E+02   1.1494E+00
   8.5600E+02   1.0618E+00
   8.5700E+02   1.0227E+00
   8.5800E+02   1.0656E+00
   8.5900E+02   1.2026E+00
   8.6000E+02   1.3754E+00
   8.6100E+02   1.4827E+00
   8.6200E+02   1.4979E+00
   8.6300E+02   1.4022E+00
   8.6400E+02   1.2370E+00
   8.6500E+02   1.0829E+00
   8.6600E+02   1.0157E+00
   8.6700E+02   1.0147E+00
   8.6800E+02   1.0502E+00
   8.6900E+02   1.0828E+00
   8.7000E+02   1.1065E+00
   8.7100E+02   1.1202E+00
   8.7200E+02   1.1198E+00
   8.7300E+02   1.1126E+00
   8.7400E+02   1.0866E+00
   8.7500E+02   1.0450E+00
   8.7600E+02   1.0313E+00
   8.7700E+02   1.0140E+00
   8.7800E+02   1.0197E+00
   8.7900E+02   1.0345E+00
   8.8000E+02   1.0453E+00
   8.8100E+02   1.0546E+00
   8.8200E+02   1.0409E+00
   8.8300E+02   1.0343E+00
   8.8400E+02   1.0380E+00
   8.8500E+02   1.0508E+00
   8.8600E+02   1.1119E+00
   8.8700E+02   1.1682E+00
   8.8800E+02   1.2441E+00
   8.8900E+02   1.3154E+00
   8.9000E+02   1.3857E+00
   8.9000E+02   1.0000E+00
   8.9000E+02   1.3702E+00
   8.9000E+02   1.0000E+00
   8.9000E+02   1.0000E+00
   8.9000E+02   1.0000E+00
   8.9000E+02   1.3702E+00
   8.9000E+02   1.0000E+00
   8.9000E+02   1.3702E+00
   8.9000E+02   1.0000E+00
   8.9000E+02   1.3702E+00
   8.9100E+02   1.4198E+00
   8.9100E+02   1.0000E+00
   8.9100E+02   1.4198E+00
   8.9200E+02   1.4017E+00
   8.9200E+02   1.0000E+00
   8.9200E+02   1.4017E+00
   8.9300E+02   1.2566E+00
   8.9400E+02   1.0122E+00
   8.9400E+02   1.0000E+00
   8.9400E+02   1.0392E+00
   8.9500E+02   6.9302E-01
   8.9600E+02   3.7685E-01
   8.9700E+02   2.1589E-01
   8.9700E+02   1.0000E+00
   8.9700E+02   2.3678E-01
   8.9700E+02   1.0000E+00
   8.9700E+02   1.0000E+00
   8.9700E+02   2.3678E-01
   8.9800E+02   1.9525E-01
   8.9800E+02   1.0000E+00
   8.9800E+02   1.8972E-01
   8.9900E+02   2.6906E-01
   9.0000E+02   3.6162E-01
   9.0100E+02   4.5829E-01
   9.0200E+02   5.7835E-01
   9.0200E+02   1.0000E+00
   9.0200E+02   5.4059E-01
   9.0200E+02   1.0000E+00
   9.0200E+02   1.0000E+00
   9.0200E+02   1.0000E+00
   9.0200E+02   5.4059E-01
   9.0200E+02   1.0000E+00
   9.0200E+02   5.4059E-01
   9.0200E+02   1.0000E+00
   9.0200E+02   5.4059E-01
   9.0200E+02   1.0000E+00
   9.0200E+02   5.4059E-01
   9.0200E+02   1.0000E+00
   9.0200E+02   5.4059E-01
