   0.0000E+00   1.0000E+00
   0.0000E+00   1.0801E+00
   1.0000E+00   1.0822E+00
   2.0000E+00   1.1292E+00
   3.0000E+00   1.1217E+00
   4.0000E+00   1.0627E+00
   5.0000E+00   9.5114E-01
   6.0000E+00   8.3065E-01
   7.0000E+00   7.2650E-01
   8.0000E+00   6.5095E-01
   9.0000E+00   5.9360E-01
   1.0000E+01   5.7085E-01
   1.1000E+01   5.9202E-01
   1.2000E+01   6.6229E-01
   1.3000E+01   7.6286E-01
   1.4000E+01   8.4044E-01
   1.5000E+01   8.7242E-01
   1.6000E+01   8.6133E-01
   1.7000E+01   8.1087E-01
   1.8000E+01   7.8003E-01
   1.9000E+01   7.7914E-01
   2.0000E+01   8.0871E-01
   2.1000E+01   8.5654E-01
   2.2000E+01   9.0787E-01
   2.3000E+01   9.5569E-01
   2.4000E+01   9.9626E-01
   2.5000E+01   1.0387E+00
   2.6000E+01   1.0867E+00
   2.7000E+01   1.1378E+00
   2.8000E+01   1.2043E+00
   2.9000E+01   1.2689E+00
   3.0000E+01   1.3254E+00
   3.1000E+01   1.3721E+00
   3.2000E+01   1.4112E+00
   3.3000E+01   1.4285E+00
   3.4000E+01   1.3982E+00
   3.5000E+01   1.3191E+00
   3.6000E+01   1.1898E+00
   3.7000E+01   1.0539E+00
   3.8000E+01   9.8103E-01
   3.9000E+01   9.6618E-01
   4.0000E+01   1.0086E+00
   4.1000E+01   1.0775E+00
   4.2000E+01   1.1259E+00
   4.3000E+01   1.1609E+00
   4.4000E+01   1.1787E+00
   4.5000E+01   1.1996E+00
   4.6000E+01   1.2395E+00
   4.7000E+01   1.2975E+00
   4.8000E+01   1.3654E+00
   4.8000E+01   1.0000E+00
   4.8000E+01   1.3629E+00
   4.9000E+01   1.4310E+00
   5.0000E+01   1.4678E+00
   5.1000E+01   1.4834E+00
   5.2000E+01   1.4748E+00
   5.3000E+01   1.4618E+00
   5.4000E+01   1.4386E+00
   5.5000E+01   1.4204E+00
   5.6000E+01   1.4146E+00
   5.7000E+01   1.3780E+00
   5.8000E+01   1.3236E+00
   5.9000E+01   1.2497E+00
   6.0000E+01   1.1663E+00
   6.1000E+01   1.1563E+00
   6.2000E+01   1.2043E+00
   6.3000E+01   1.3099E+00
   6.4000E+01   1.4678E+00
   6.5000E+01   1.5807E+00
   6.6000E+01   1.6275E+00
   6.7000E+01   1.6141E+00
   6.8000E+01   1.5555E+00
   6.9000E+01   1.4718E+00
   7.0000E+01   1.4110E+00
   7.1000E+01   1.3442E+00
   7.2000E+01   1.2801E+00
   7.3000E+01   1.2714E+00
   7.4000E+01   1.3317E+00
   7.5000E+01   1.3974E+00
   7.6000E+01   1.4982E+00
   7.7000E+01   1.5004E+00
   7.8000E+01   1.4211E+00
   7.9000E+01   1.3059E+00
   8.0000E+01   1.1769E+00
   8.1000E+01   1.1177E+00
   8.2000E+01   1.1496E+00
   8.3000E+01   1.2727E+00
   8.4000E+01   1.3608E+00
   8.5000E+01   1.4110E+00
   8.6000E+01   1.4027E+00
   8.7000E+01   1.3372E+00
   8.8000E+01   1.2705E+00
   8.9000E+01   1.2348E+00
   9.0000E+01   1.2465E+00
   9.1000E+01   1.2665E+00
   9.2000E+01   1.3166E+00
   9.3000E+01   1.3850E+00
   9.4000E+01   1.4347E+00
   9.5000E+01   1.5144E+00
   9.6000E+01   1.5437E+00
   9.7000E+01   1.5251E+00
   9.8000E+01   1.4454E+00
   9.9000E+01   1.3539E+00
   1.0000E+02   1.2946E+00
   1.0100E+02   1.3103E+00
   1.0200E+02   1.3958E+00
   1.0300E+02   1.5324E+00
   1.0400E+02   1.5850E+00
   1.0500E+02   1.5602E+00
   1.0600E+02   1.4597E+00
   1.0700E+02   1.3090E+00
   1.0800E+02   1.2606E+00
   1.0900E+02   1.3669E+00
   1.1000E+02   1.5042E+00
   1.1100E+02   1.7425E+00
   1.1200E+02   1.8085E+00
   1.1300E+02   1.7128E+00
   1.1400E+02   1.4573E+00
   1.1500E+02   1.1427E+00
   1.1600E+02   1.0131E+00
   1.1700E+02   1.0735E+00
   1.1800E+02   1.3279E+00
   1.1900E+02   1.6207E+00
   1.2000E+02   1.7754E+00
   1.2100E+02   1.8013E+00
   1.2200E+02   1.6996E+00
   1.2300E+02   1.5440E+00
   1.2400E+02   1.4231E+00
   1.2500E+02   1.3259E+00
   1.2600E+02   1.2635E+00
   1.2700E+02   1.2220E+00
   1.2800E+02   1.1945E+00
   1.2900E+02   1.1823E+00
   1.3000E+02   1.1847E+00
   1.3100E+02   1.1835E+00
   1.3200E+02   1.1724E+00
   1.3300E+02   1.1511E+00
   1.3400E+02   1.1236E+00
   1.3500E+02   1.1095E+00
   1.3600E+02   1.1081E+00
   1.3700E+02   1.1196E+00
   1.3800E+02   1.1436E+00
   1.3900E+02   1.2183E+00
   1.4000E+02   1.3146E+00
   1.4100E+02   1.4710E+00
   1.4200E+02   1.6640E+00
   1.4300E+02   1.7643E+00
   1.4400E+02   1.7764E+00
   1.4500E+02   1.7020E+00
   1.4600E+02   1.5529E+00
   1.4700E+02   1.4364E+00
   1.4800E+02   1.3449E+00
   1.4900E+02   1.2861E+00
   1.5000E+02   1.2537E+00
   1.5100E+02   1.2312E+00
   1.5200E+02   1.2186E+00
   1.5300E+02   1.2157E+00
   1.5400E+02   1.2189E+00
   1.5500E+02   1.2296E+00
   1.5600E+02   1.2477E+00
   1.5700E+02   1.2661E+00
   1.5800E+02   1.2777E+00
   1.5900E+02   1.2485E+00
   1.6000E+02   1.1860E+00
   1.6100E+02   1.0693E+00
   1.6200E+02   9.8259E-01
   1.6300E+02   9.3380E-01
   1.6400E+02   9.4931E-01
   1.6500E+02   1.0012E+00
   1.6600E+02   1.0766E+00
   1.6700E+02   1.1225E+00
   1.6800E+02   1.1445E+00
   1.6900E+02   1.1344E+00
   1.7000E+02   1.1327E+00
   1.7100E+02   1.1409E+00
   1.7200E+02   1.1732E+00
   1.7300E+02   1.1951E+00
   1.7400E+02   1.1796E+00
   1.7500E+02   1.1088E+00
   1.7600E+02   1.0036E+00
   1.7700E+02   8.2087E-01
   1.7800E+02   7.1632E-01
   1.7900E+02   7.1682E-01
   1.8000E+02   8.5146E-01
   1.8100E+02   9.9897E-01
   1.8200E+02   1.1239E+00
   1.8300E+02   1.1683E+00
   1.8400E+02   1.1254E+00
   1.8500E+02   1.0212E+00
   1.8600E+02   9.6860E-01
   1.8700E+02   9.5868E-01
   1.8800E+02   1.0019E+00
   1.8900E+02   1.0920E+00
   1.9000E+02   1.1459E+00
   1.9100E+02   1.1735E+00
   1.9200E+02   1.1569E+00
   1.9300E+02   1.0746E+00
   1.9300E+02   1.0000E+00
   1.9300E+02   1.1307E+00
   1.9400E+02   1.0411E+00
   1.9500E+02   9.3233E-01
   1.9600E+02   7.5810E-01
   1.9700E+02   6.2254E-01
   1.9800E+02   5.9726E-01
   1.9900E+02   6.7633E-01
   2.0000E+02   8.4177E-01
   2.0100E+02   1.0628E+00
   2.0200E+02   1.2060E+00
   2.0300E+02   1.2812E+00
   2.0400E+02   1.2712E+00
   2.0500E+02   1.2435E+00
   2.0600E+02   1.1921E+00
   2.0700E+02   1.1391E+00
   2.0800E+02   1.1096E+00
   2.0900E+02   1.0932E+00
   2.1000E+02   1.1180E+00
   2.1100E+02   1.2037E+00
   2.1200E+02   1.2715E+00
   2.1300E+02   1.3258E+00
   2.1400E+02   1.3399E+00
   2.1500E+02   1.2859E+00
   2.1600E+02   1.2004E+00
   2.1700E+02   1.1300E+00
   2.1800E+02   1.1209E+00
   2.1900E+02   1.1520E+00
   2.2000E+02   1.2311E+00
   2.2100E+02   1.2784E+00
   2.2200E+02   1.2682E+00
   2.2300E+02   1.2180E+00
   2.2400E+02   1.1347E+00
   2.2500E+02   1.0857E+00
   2.2600E+02   1.1021E+00
   2.2700E+02   1.1884E+00
   2.2800E+02   1.2901E+00
   2.2900E+02   1.3389E+00
   2.3000E+02   1.3063E+00
   2.3100E+02   1.1729E+00
   2.3200E+02   1.0508E+00
   2.3300E+02   9.7196E-01
   2.3400E+02   9.6156E-01
   2.3500E+02   1.0176E+00
   2.3600E+02   1.1335E+00
   2.3700E+02   1.2694E+00
   2.3800E+02   1.3705E+00
   2.3900E+02   1.4842E+00
   2.4000E+02   1.5621E+00
   2.4100E+02   1.5825E+00
   2.4200E+02   1.5280E+00
   2.4300E+02   1.4406E+00
   2.4400E+02   1.3674E+00
   2.4500E+02   1.3568E+00
   2.4600E+02   1.4186E+00
   2.4700E+02   1.5720E+00
   2.4800E+02   1.7004E+00
   2.4900E+02   1.6977E+00
   2.5000E+02   1.5771E+00
   2.5100E+02   1.4296E+00
   2.5200E+02   1.2430E+00
   2.5300E+02   1.1607E+00
   2.5400E+02   1.1820E+00
   2.5500E+02   1.2719E+00
   2.5600E+02   1.3442E+00
   2.5700E+02   1.3613E+00
   2.5800E+02   1.2945E+00
   2.5900E+02   1.2011E+00
   2.6000E+02   1.1334E+00
   2.6100E+02   1.0949E+00
   2.6200E+02   1.1048E+00
   2.6300E+02   1.1412E+00
   2.6400E+02   1.1749E+00
   2.6500E+02   1.1800E+00
   2.6600E+02   1.1699E+00
   2.6700E+02   1.1131E+00
   2.6800E+02   1.0596E+00
   2.6800E+02   1.0000E+00
   2.6800E+02   1.1016E+00
   2.6900E+02   1.0158E+00
   2.6900E+02   1.0000E+00
   2.6900E+02   1.0391E+00
   2.7000E+02   9.5733E-01
   2.7100E+02   8.6981E-01
   2.7200E+02   8.5128E-01
   2.7300E+02   9.1202E-01
   2.7300E+02   1.0000E+00
   2.7300E+02   8.9069E-01
   2.7400E+02   9.9591E-01
   2.7500E+02   1.1547E+00
   2.7600E+02   1.2513E+00
   2.7700E+02   1.2861E+00
   2.7800E+02   1.2690E+00
   2.7900E+02   1.2099E+00
   2.8000E+02   1.1263E+00
   2.8100E+02   1.0115E+00
   2.8100E+02   1.0000E+00
   2.8100E+02   1.0619E+00
   2.8100E+02   1.0000E+00
   2.8100E+02   1.0619E+00
   2.8200E+02   9.0713E-01
   2.8300E+02   8.3274E-01
   2.8400E+02   8.0851E-01
   2.8500E+02   8.2626E-01
   2.8600E+02   9.4898E-01
   2.8600E+02   1.0000E+00
   2.8600E+02   8.9592E-01
   2.8600E+02   1.0000E+00
   2.8600E+02   8.9592E-01
   2.8700E+02   1.0351E+00
   2.8800E+02   1.2038E+00
   2.8900E+02   1.3879E+00
   2.9000E+02   1.6090E+00
   2.9100E+02   1.7598E+00
   2.9200E+02   1.7785E+00
   2.9300E+02   1.6599E+00
   2.9400E+02   1.4350E+00
   2.9500E+02   1.1968E+00
   2.9600E+02   1.0986E+00
   2.9600E+02   1.0000E+00
   2.9600E+02   1.0986E+00
   2.9700E+02   1.0731E+00
   2.9800E+02   1.1445E+00
   2.9900E+02   1.2616E+00
   3.0000E+02   1.3663E+00
   3.0100E+02   1.4806E+00
   3.0200E+02   1.6099E+00
   3.0300E+02   1.6713E+00
   3.0400E+02   1.6591E+00
   3.0500E+02   1.5801E+00
   3.0600E+02   1.4684E+00
   3.0600E+02   1.0000E+00
   3.0600E+02   1.4684E+00
   3.0700E+02   1.3709E+00
   3.0800E+02   1.3373E+00
   3.0900E+02   1.3709E+00
   3.1000E+02   1.4228E+00
   3.1100E+02   1.4728E+00
   3.1200E+02   1.4942E+00
   3.1300E+02   1.4783E+00
   3.1400E+02   1.4660E+00
   3.1500E+02   1.4814E+00
   3.1600E+02   1.5246E+00
   3.1700E+02   1.6050E+00
   3.1800E+02   1.6365E+00
   3.1900E+02   1.6443E+00
   3.2000E+02   1.5872E+00
   3.2100E+02   1.4759E+00
   3.2200E+02   1.3632E+00
   3.2300E+02   1.3115E+00
   3.2400E+02   1.3382E+00
   3.2500E+02   1.4422E+00
   3.2600E+02   1.5681E+00
   3.2700E+02   1.6293E+00
   3.2800E+02   1.6313E+00
   3.2900E+02   1.5683E+00
   3.3000E+02   1.5225E+00
   3.3100E+02   1.4890E+00
   3.3200E+02   1.4869E+00
   3.3300E+02   1.5218E+00
   3.3400E+02   1.5894E+00
   3.3500E+02   1.7078E+00
   3.3600E+02   1.8193E+00
   3.3700E+02   2.0112E+00
   3.3800E+02   2.1148E+00
   3.3900E+02   2.0827E+00
   3.4000E+02   1.9092E+00
   3.4100E+02   1.6463E+00
   3.4200E+02   1.3943E+00
   3.4300E+02   1.2065E+00
   3.4400E+02   1.0978E+00
   3.4500E+02   1.0738E+00
   3.4600E+02   1.0709E+00
   3.4700E+02   1.0856E+00
   3.4800E+02   1.1321E+00
   3.4900E+02   1.1599E+00
   3.5000E+02   1.1863E+00
   3.5100E+02   1.1886E+00
   3.5200E+02   1.1603E+00
   3.5300E+02   1.1263E+00
   3.5400E+02   1.0916E+00
   3.5500E+02   1.0721E+00
   3.5600E+02   1.0652E+00
   3.5700E+02   1.0613E+00
   3.5800E+02   1.0499E+00
   3.5900E+02   1.0423E+00
   3.6000E+02   1.0259E+00
   3.6000E+02   1.0000E+00
   3.6000E+02   1.0345E+00
   3.6100E+02   1.0125E+00
   3.6100E+02   1.0000E+00
   3.6100E+02   1.0171E+00
   3.6200E+02   9.8258E-01
   3.6300E+02   9.2267E-01
   3.6400E+02   8.4291E-01
   3.6500E+02   8.0725E-01
   3.6600E+02   8.2292E-01
   3.6700E+02   8.9897E-01
   3.6700E+02   1.0000E+00
   3.6700E+02   8.8345E-01
   3.6800E+02   1.0179E+00
   3.6900E+02   1.1957E+00
   3.7000E+02   1.2952E+00
   3.7100E+02   1.3584E+00
   3.7200E+02   1.4031E+00
   3.7300E+02   1.4110E+00
   3.7400E+02   1.3886E+00
   3.7500E+02   1.3178E+00
   3.7600E+02   1.2277E+00
   3.7700E+02   1.1527E+00
   3.7800E+02   1.0780E+00
   3.7900E+02   1.0203E+00
   3.7900E+02   1.0000E+00
   3.7900E+02   1.0321E+00
   3.7900E+02   1.0000E+00
   3.7900E+02   1.0000E+00
   3.7900E+02   1.0000E+00
   3.7900E+02   1.0321E+00
   3.7900E+02   1.0000E+00
   3.7900E+02   1.0321E+00
   3.7900E+02   1.0000E+00
   3.7900E+02   1.0321E+00
   3.8000E+02   1.0002E+00
   3.8000E+02   1.0000E+00
   3.8000E+02   1.0002E+00
   3.8000E+02   1.0000E+00
   3.8000E+02   1.0002E+00
