   0.0000E+00   8.1065E-18   3.2735E-02   1.0000E-13
  -1.6243E+01  -1.5682E+01
  -1.5843E+01  -1.5682E+01
  -1.5443E+01  -1.5682E+01
  -1.5043E+01  -1.5682E+01
  -1.4643E+01  -1.5682E+01
  -1.4243E+01  -1.5682E+01
  -1.3843E+01  -1.5682E+01
  -1.3443E+01  -1.5682E+01
  -1.3043E+01  -1.5682E+01
  -1.2643E+01  -1.5682E+01
  -1.2243E+01  -1.5682E+01
  -1.1843E+01  -1.5682E+01
  -1.1443E+01  -1.5682E+01
  -1.1043E+01  -1.5682E+01
  -1.0643E+01  -1.5682E+01
  -1.0243E+01  -1.5682E+01
  -9.8435E+00  -1.5682E+01
  -9.4435E+00  -1.5682E+01
  -9.0435E+00  -1.5682E+01
  -8.6435E+00  -1.5682E+01
  -8.2435E+00  -1.5682E+01
  -7.8435E+00  -1.5682E+01
  -7.4435E+00  -1.5682E+01
  -7.0435E+00  -1.5682E+01
  -6.6435E+00  -1.5682E+01
  -6.2435E+00  -1.5682E+01
  -5.8435E+00  -1.5682E+01
  -5.4435E+00  -1.5682E+01
  -5.0435E+00  -1.5682E+01
  -4.6435E+00  -1.5682E+01
  -4.2435E+00  -1.5675E+01
  -3.8435E+00  -1.5683E+01
  -3.4435E+00  -1.5759E+01
  -3.0435E+00  -1.5682E+01
  -2.6435E+00  -1.5682E+01
  -2.2435E+00  -1.5682E+01
  -1.8435E+00  -1.5682E+01
  -1.4435E+00  -1.5682E+01
  -1.0435E+00  -1.5682E+01
  -6.4345E-01  -1.5682E+01
  -2.4345E-01  -1.5682E+01
   1.5655E-01  -1.5682E+01
   5.5655E-01  -1.5682E+01
   9.5655E-01  -1.5682E+01
   1.3565E+00  -1.5682E+01
   1.7565E+00  -1.5682E+01
   2.1565E+00  -1.5682E+01
   2.5565E+00  -1.5682E+01
   2.9565E+00  -1.5682E+01
   3.3565E+00  -1.5682E+01
   3.7565E+00  -1.5682E+01
   4.1565E+00  -1.5682E+01
   4.5565E+00  -1.5682E+01
   4.9565E+00  -1.5682E+01
   5.3565E+00  -1.5682E+01
   5.7565E+00  -1.5682E+01
   6.1565E+00  -1.5682E+01
   6.5565E+00  -1.5682E+01
   6.9565E+00  -1.5682E+01
   7.3565E+00  -1.5682E+01
   7.7565E+00  -1.5682E+01
   8.1565E+00  -1.5682E+01
   8.5565E+00  -1.5682E+01
   8.9565E+00          NAN
   0.0000E+00   8.1065E-18   3.2727E-02   1.0000E-13
  -1.6243E+01  -1.5682E+01
  -1.5843E+01  -1.5682E+01
  -1.5443E+01  -1.5682E+01
  -1.5043E+01  -1.5682E+01
  -1.4643E+01  -1.5682E+01
  -1.4243E+01  -1.5682E+01
  -1.3843E+01  -1.5682E+01
  -1.3443E+01  -1.5682E+01
  -1.3043E+01  -1.5682E+01
  -1.2643E+01  -1.5682E+01
  -1.2243E+01  -1.5682E+01
  -1.1843E+01  -1.5682E+01
  -1.1443E+01  -1.5682E+01
  -1.1043E+01  -1.5682E+01
  -1.0643E+01  -1.5682E+01
  -1.0243E+01  -1.5682E+01
  -9.8435E+00  -1.5682E+01
  -9.4435E+00  -1.5682E+01
  -9.0435E+00  -1.5682E+01
  -8.6435E+00  -1.5682E+01
  -8.2435E+00  -1.5682E+01
  -7.8435E+00  -1.5682E+01
  -7.4435E+00  -1.5682E+01
  -7.0435E+00  -1.5682E+01
  -6.6435E+00  -1.5682E+01
  -6.2435E+00  -1.5682E+01
  -5.8435E+00  -1.5682E+01
  -5.4435E+00  -1.5682E+01
  -5.0435E+00  -1.5684E+01
  -4.6435E+00  -1.5704E+01
  -4.2435E+00  -1.6001E+01
  -3.8435E+00          NAN
  -3.4435E+00          NAN
  -3.0435E+00  -1.5684E+01
  -2.6435E+00  -1.5682E+01
  -2.2435E+00  -1.5682E+01
  -1.8435E+00  -1.5682E+01
  -1.4435E+00  -1.5682E+01
  -1.0435E+00  -1.5682E+01
  -6.4345E-01  -1.5682E+01
  -2.4345E-01  -1.5682E+01
   1.5655E-01  -1.5682E+01
   5.5655E-01  -1.5682E+01
   9.5655E-01  -1.5682E+01
   1.3565E+00  -1.5682E+01
   1.7565E+00  -1.5682E+01
   2.1565E+00  -1.5682E+01
   2.5565E+00  -1.5682E+01
   2.9565E+00  -1.5682E+01
   3.3565E+00  -1.5682E+01
   3.7565E+00  -1.5682E+01
   4.1565E+00  -1.5682E+01
   4.5565E+00  -1.5682E+01
   4.9565E+00  -1.5682E+01
   5.3565E+00  -1.5682E+01
   5.7565E+00  -1.5682E+01
   6.1565E+00  -1.5682E+01
   6.5565E+00  -1.5682E+01
   6.9565E+00  -1.5682E+01
   7.3565E+00  -1.5682E+01
   7.7565E+00  -1.5682E+01
   8.1565E+00  -1.5682E+01
   8.5565E+00  -1.5682E+01
   8.9565E+00          NAN
   1.0000E+00   8.1065E-18   4.1591E-02   3.3655E-05
  -1.6243E+01  -2.0453E+01
  -1.5843E+01  -1.9921E+01
  -1.5443E+01  -1.9389E+01
  -1.5043E+01  -1.8857E+01
  -1.4643E+01  -1.8321E+01
  -1.4243E+01  -1.7797E+01
  -1.3843E+01  -1.7271E+01
  -1.3443E+01  -1.6754E+01
  -1.3043E+01  -1.6252E+01
  -1.2643E+01  -1.5781E+01
  -1.2243E+01  -1.5371E+01
  -1.1843E+01  -1.3837E+01
  -1.1443E+01  -1.2421E+01
  -1.1043E+01  -1.1035E+01
  -1.0643E+01  -9.6547E+00
  -1.0243E+01  -8.2693E+00
  -9.8435E+00  -6.8670E+00
  -9.4435E+00  -5.4557E+00
  -9.0435E+00  -4.0980E+00
  -8.6435E+00  -3.4397E+00
  -8.2435E+00  -3.3923E+00
  -7.8435E+00  -3.4004E+00
  -7.4435E+00  -3.4178E+00
  -7.0435E+00  -3.4426E+00
  -6.6435E+00  -3.4807E+00
  -6.2435E+00  -3.5484E+00
  -5.8435E+00  -3.6783E+00
  -5.4435E+00  -3.9364E+00
  -5.0435E+00  -4.3781E+00
  -4.6435E+00  -4.5762E+00
  -4.2435E+00  -4.5182E+00
  -3.8435E+00  -4.4457E+00
  -3.4435E+00  -4.2506E+00
  -3.0435E+00  -3.9847E+00
  -2.6435E+00  -3.8160E+00
  -2.2435E+00  -3.6906E+00
  -1.8435E+00  -3.5619E+00
  -1.4435E+00  -3.4373E+00
  -1.0435E+00  -3.3269E+00
  -6.4345E-01  -3.2413E+00
  -2.4345E-01  -3.1872E+00
   1.5655E-01  -3.1631E+00
   5.5655E-01  -3.1630E+00
   9.5655E-01  -3.1820E+00
   1.3565E+00  -3.2194E+00
   1.7565E+00  -3.2870E+00
   2.1565E+00  -3.4685E+00
   2.5565E+00  -3.8238E+00
   2.9565E+00  -4.1454E+00
   3.3565E+00  -7.5436E+00
   3.7565E+00  -1.1396E+01
   4.1565E+00  -1.1918E+01
   4.5565E+00  -1.1902E+01
   4.9565E+00  -1.1696E+01
   5.3565E+00  -1.1460E+01
   5.7565E+00  -1.1491E+01
   6.1565E+00  -1.2401E+01
   6.5565E+00  -1.4684E+01
   6.9565E+00  -1.5271E+01
   7.3565E+00  -1.5672E+01
   7.7565E+00  -1.6022E+01
   8.1565E+00  -1.6365E+01
   8.5565E+00  -1.6850E+01
   8.9565E+00          NAN
   1.0000E+00   8.1065E-18   4.1609E-02   3.3655E-05
  -1.6243E+01  -2.0453E+01
  -1.5843E+01  -1.9921E+01
  -1.5443E+01  -1.9388E+01
  -1.5043E+01  -1.8857E+01
  -1.4643E+01  -1.8321E+01
  -1.4243E+01  -1.7797E+01
  -1.3843E+01  -1.7271E+01
  -1.3443E+01  -1.6754E+01
  -1.3043E+01  -1.6252E+01
  -1.2643E+01  -1.5780E+01
  -1.2243E+01  -1.5371E+01
  -1.1843E+01  -1.3837E+01
  -1.1443E+01  -1.2421E+01
  -1.1043E+01  -1.1035E+01
  -1.0643E+01  -9.6545E+00
  -1.0243E+01  -8.2691E+00
  -9.8435E+00  -6.8668E+00
  -9.4435E+00  -5.4555E+00
  -9.0435E+00  -4.0978E+00
  -8.6435E+00  -3.4395E+00
  -8.2435E+00  -3.3921E+00
  -7.8435E+00  -3.4002E+00
  -7.4435E+00  -3.4176E+00
  -7.0435E+00  -3.4424E+00
  -6.6435E+00  -3.4806E+00
  -6.2435E+00  -3.5482E+00
  -5.8435E+00  -3.6781E+00
  -5.4435E+00  -3.9363E+00
  -5.0435E+00  -4.3779E+00
  -4.6435E+00  -4.5759E+00
  -4.2435E+00  -4.5175E+00
  -3.8435E+00  -4.4428E+00
  -3.4435E+00  -4.2493E+00
  -3.0435E+00  -3.9845E+00
  -2.6435E+00  -3.8159E+00
  -2.2435E+00  -3.6904E+00
  -1.8435E+00  -3.5617E+00
  -1.4435E+00  -3.4371E+00
  -1.0435E+00  -3.3267E+00
  -6.4345E-01  -3.2411E+00
  -2.4345E-01  -3.1870E+00
   1.5655E-01  -3.1629E+00
   5.5655E-01  -3.1629E+00
   9.5655E-01  -3.1818E+00
   1.3565E+00  -3.2192E+00
   1.7565E+00  -3.2868E+00
   2.1565E+00  -3.4683E+00
   2.5565E+00  -3.8237E+00
   2.9565E+00  -4.1452E+00
   3.3565E+00  -7.5434E+00
   3.7565E+00  -1.1396E+01
   4.1565E+00  -1.1917E+01
   4.5565E+00  -1.1902E+01
   4.9565E+00  -1.1695E+01
   5.3565E+00  -1.1460E+01
   5.7565E+00  -1.1491E+01
   6.1565E+00  -1.2401E+01
   6.5565E+00  -1.4684E+01
   6.9565E+00  -1.5271E+01
   7.3565E+00  -1.5672E+01
   7.7565E+00  -1.6022E+01
   8.1565E+00  -1.6365E+01
   8.5565E+00  -1.6850E+01
   8.9565E+00          NAN
   1.0000E+00   8.1065E-18   4.1594E-02   3.3655E-05
  -1.6243E+01  -2.0453E+01
  -1.5843E+01  -1.9921E+01
  -1.5443E+01  -1.9389E+01
  -1.5043E+01  -1.8857E+01
  -1.4643E+01  -1.8321E+01
  -1.4243E+01  -1.7797E+01
  -1.3843E+01  -1.7271E+01
  -1.3443E+01  -1.6754E+01
  -1.3043E+01  -1.6252E+01
  -1.2643E+01  -1.5781E+01
  -1.2243E+01  -1.5371E+01
  -1.1843E+01  -1.3837E+01
  -1.1443E+01  -1.2421E+01
  -1.1043E+01  -1.1035E+01
  -1.0643E+01  -9.6547E+00
  -1.0243E+01  -8.2693E+00
  -9.8435E+00  -6.8670E+00
  -9.4435E+00  -5.4557E+00
  -9.0435E+00  -4.0980E+00
  -8.6435E+00  -3.4397E+00
  -8.2435E+00  -3.3923E+00
  -7.8435E+00  -3.4003E+00
  -7.4435E+00  -3.4178E+00
  -7.0435E+00  -3.4426E+00
  -6.6435E+00  -3.4807E+00
  -6.2435E+00  -3.5483E+00
  -5.8435E+00  -3.6782E+00
  -5.4435E+00  -3.9364E+00
  -5.0435E+00  -4.3781E+00
  -4.6435E+00  -4.5761E+00
  -4.2435E+00  -4.5182E+00
  -3.8435E+00  -4.4456E+00
  -3.4435E+00  -4.2506E+00
  -3.0435E+00  -3.9846E+00
  -2.6435E+00  -3.8160E+00
  -2.2435E+00  -3.6905E+00
  -1.8435E+00  -3.5619E+00
  -1.4435E+00  -3.4373E+00
  -1.0435E+00  -3.3269E+00
  -6.4345E-01  -3.2413E+00
  -2.4345E-01  -3.1871E+00
   1.5655E-01  -3.1630E+00
   5.5655E-01  -3.1630E+00
   9.5655E-01  -3.1820E+00
   1.3565E+00  -3.2194E+00
   1.7565E+00  -3.2869E+00
   2.1565E+00  -3.4684E+00
   2.5565E+00  -3.8238E+00
   2.9565E+00  -4.1453E+00
   3.3565E+00  -7.5435E+00
   3.7565E+00  -1.1396E+01
   4.1565E+00  -1.1918E+01
   4.5565E+00  -1.1902E+01
   4.9565E+00  -1.1696E+01
   5.3565E+00  -1.1460E+01
   5.7565E+00  -1.1491E+01
   6.1565E+00  -1.2401E+01
   6.5565E+00  -1.4684E+01
   6.9565E+00  -1.5271E+01
   7.3565E+00  -1.5672E+01
   7.7565E+00  -1.6022E+01
   8.1565E+00  -1.6365E+01
   8.5565E+00  -1.6850E+01
   8.9565E+00          NAN
   2.0000E+00   8.1065E-18   4.6202E-02   7.9581E-05
  -1.6243E+01  -2.0255E+01
  -1.5843E+01  -1.9722E+01
  -1.5443E+01  -1.9190E+01
  -1.5043E+01  -1.8658E+01
  -1.4643E+01  -1.8123E+01
  -1.4243E+01  -1.7599E+01
  -1.3843E+01  -1.7072E+01
  -1.3443E+01  -1.6556E+01
  -1.3043E+01  -1.6054E+01
  -1.2643E+01  -1.5582E+01
  -1.2243E+01  -1.5174E+01
  -1.1843E+01  -1.4882E+01
  -1.1443E+01  -1.3472E+01
  -1.1043E+01  -1.2100E+01
  -1.0643E+01  -1.0738E+01
  -1.0243E+01  -9.3743E+00
  -9.8435E+00  -7.9994E+00
  -9.4435E+00  -6.6153E+00
  -9.0435E+00  -5.2296E+00
  -8.6435E+00  -3.8106E+00
  -8.2435E+00  -3.2721E+00
  -7.8435E+00  -3.2619E+00
  -7.4435E+00  -3.2808E+00
  -7.0435E+00  -3.3059E+00
  -6.6435E+00  -3.3423E+00
  -6.2435E+00  -3.4054E+00
  -5.8435E+00  -3.5246E+00
  -5.4435E+00  -3.7512E+00
  -5.0435E+00  -4.0840E+00
  -4.6435E+00  -4.1874E+00
  -4.2435E+00  -4.1391E+00
  -3.8435E+00  -4.0758E+00
  -3.4435E+00  -3.8899E+00
  -3.0435E+00  -3.6285E+00
  -2.6435E+00  -3.4647E+00
  -2.2435E+00  -3.3479E+00
  -1.8435E+00  -3.2349E+00
  -1.4435E+00  -3.1368E+00
  -1.0435E+00  -3.0625E+00
  -6.4345E-01  -3.0148E+00
  -2.4345E-01  -2.9918E+00
   1.5655E-01  -2.9893E+00
   5.5655E-01  -3.0037E+00
   9.5655E-01  -3.0329E+00
   1.3565E+00  -3.0781E+00
   1.7565E+00  -3.1515E+00
   2.1565E+00  -3.3378E+00
   2.5565E+00  -3.6974E+00
   2.9565E+00  -4.0250E+00
   3.3565E+00  -6.9595E+00
   3.7565E+00  -1.1426E+01
   4.1565E+00  -1.1951E+01
   4.5565E+00  -1.1939E+01
   4.9565E+00  -1.1738E+01
   5.3565E+00  -1.1518E+01
   5.7565E+00  -1.1612E+01
   6.1565E+00  -1.2566E+01
   6.5565E+00  -1.4924E+01
   6.9565E+00  -1.5625E+01
   7.3565E+00  -1.5999E+01
   7.7565E+00  -1.6339E+01
   8.1565E+00  -1.6786E+01
   8.5565E+00  -1.7280E+01
   8.9565E+00          NAN
   3.0000E+00   8.1065E-18   4.8891E-02   1.1593E-04
  -1.6243E+01  -2.0232E+01
  -1.5843E+01  -1.9699E+01
  -1.5443E+01  -1.9167E+01
  -1.5043E+01  -1.8635E+01
  -1.4643E+01  -1.8099E+01
  -1.4243E+01  -1.7575E+01
  -1.3843E+01  -1.7048E+01
  -1.3443E+01  -1.6531E+01
  -1.3043E+01  -1.6028E+01
  -1.2643E+01  -1.5555E+01
  -1.2243E+01  -1.5142E+01
  -1.1843E+01  -1.4845E+01
  -1.1443E+01  -1.3432E+01
  -1.1043E+01  -1.2062E+01
  -1.0643E+01  -1.0694E+01
  -1.0243E+01  -9.3217E+00
  -9.8435E+00  -7.9417E+00
  -9.4435E+00  -6.5557E+00
  -9.0435E+00  -5.1692E+00
  -8.6435E+00  -3.8678E+00
  -8.2435E+00  -3.2419E+00
  -7.8435E+00  -3.2087E+00
  -7.4435E+00  -3.2274E+00
  -7.0435E+00  -3.2527E+00
  -6.6435E+00  -3.2887E+00
  -6.2435E+00  -3.3500E+00
  -5.8435E+00  -3.4644E+00
  -5.4435E+00  -3.6785E+00
  -5.0435E+00  -3.9839E+00
  -4.6435E+00  -4.0770E+00
  -4.2435E+00  -4.0289E+00
  -3.8435E+00  -3.9636E+00
  -3.4435E+00  -3.7694E+00
  -3.0435E+00  -3.5012E+00
  -2.6435E+00  -3.3381E+00
  -2.2435E+00  -3.2274E+00
  -1.8435E+00  -3.1256E+00
  -1.4435E+00  -3.0423E+00
  -1.0435E+00  -2.9831E+00
  -6.4345E-01  -2.9476E+00
  -2.4345E-01  -2.9330E+00
   1.5655E-01  -2.9365E+00
   5.5655E-01  -2.9558E+00
   9.5655E-01  -2.9892E+00
   1.3565E+00  -3.0380E+00
   1.7565E+00  -3.1149E+00
   2.1565E+00  -3.3045E+00
   2.5565E+00  -3.6678E+00
   2.9565E+00  -4.0017E+00
   3.3565E+00  -6.7445E+00
   3.7565E+00  -1.1443E+01
   4.1565E+00  -1.1964E+01
   4.5565E+00  -1.1952E+01
   4.9565E+00  -1.1749E+01
   5.3565E+00  -1.1532E+01
   5.7565E+00  -1.1634E+01
   6.1565E+00  -1.2556E+01
   6.5565E+00  -1.4868E+01
   6.9565E+00  -1.5705E+01
   7.3565E+00  -1.6072E+01
   7.7565E+00  -1.6417E+01
   8.1565E+00  -1.6878E+01
   8.5565E+00  -1.7342E+01
   8.9565E+00          NAN
   4.0000E+00   8.1065E-18   5.1553E-02   1.5064E-04
  -1.6243E+01  -2.0180E+01
  -1.5843E+01  -1.9648E+01
  -1.5443E+01  -1.9116E+01
  -1.5043E+01  -1.8583E+01
  -1.4643E+01  -1.8048E+01
  -1.4243E+01  -1.7523E+01
  -1.3843E+01  -1.6996E+01
  -1.3443E+01  -1.6478E+01
  -1.3043E+01  -1.5973E+01
  -1.2643E+01  -1.5495E+01
  -1.2243E+01  -1.5075E+01
  -1.1843E+01  -1.4764E+01
  -1.1443E+01  -1.3340E+01
  -1.1043E+01  -1.1966E+01
  -1.0643E+01  -1.0594E+01
  -1.0243E+01  -9.2163E+00
  -9.8435E+00  -7.8322E+00
  -9.4435E+00  -6.4427E+00
  -9.0435E+00  -5.0548E+00
  -8.6435E+00  -3.7774E+00
  -8.2435E+00  -3.1926E+00
  -7.8435E+00  -3.1576E+00
  -7.4435E+00  -3.1772E+00
  -7.0435E+00  -3.2030E+00
  -6.6435E+00  -3.2388E+00
  -6.2435E+00  -3.2983E+00
  -5.8435E+00  -3.4076E+00
  -5.4435E+00  -3.6099E+00
  -5.0435E+00  -3.9037E+00
  -4.6435E+00  -4.0138E+00
  -4.2435E+00  -3.9693E+00
  -3.8435E+00  -3.9050E+00
  -3.4435E+00  -3.7070E+00
  -3.0435E+00  -3.4351E+00
  -2.6435E+00  -3.2739E+00
  -2.2435E+00  -3.1693E+00
  -1.8435E+00  -3.0760E+00
  -1.4435E+00  -3.0021E+00
  -1.0435E+00  -2.9514E+00
  -6.4345E-01  -2.9225E+00
  -2.4345E-01  -2.9128E+00
   1.5655E-01  -2.9204E+00
   5.5655E-01  -2.9432E+00
   9.5655E-01  -2.9798E+00
   1.3565E+00  -3.0317E+00
   1.7565E+00  -3.1116E+00
   2.1565E+00  -3.3047E+00
   2.5565E+00  -3.6725E+00
   2.9565E+00  -4.0125E+00
   3.3565E+00  -6.6681E+00
   3.7565E+00  -1.1433E+01
   4.1565E+00  -1.1950E+01
   4.5565E+00  -1.1936E+01
   4.9565E+00  -1.1728E+01
   5.3565E+00  -1.1505E+01
   5.7565E+00  -1.1598E+01
   6.1565E+00  -1.2452E+01
   6.5565E+00  -1.4623E+01
   6.9565E+00  -1.5734E+01
   7.3565E+00  -1.6102E+01
   7.7565E+00  -1.6448E+01
   8.1565E+00  -1.6903E+01
   8.5565E+00  -1.7368E+01
   8.9565E+00          NAN
   5.0000E+00   8.1065E-18   5.4341E-02   1.9680E-04
  -1.6243E+01  -2.0108E+01
  -1.5843E+01  -1.9574E+01
  -1.5443E+01  -1.9043E+01
  -1.5043E+01  -1.8510E+01
  -1.4643E+01  -1.7976E+01
  -1.4243E+01  -1.7448E+01
  -1.3843E+01  -1.6921E+01
  -1.3443E+01  -1.6402E+01
  -1.3043E+01  -1.5895E+01
  -1.2643E+01  -1.5411E+01
  -1.2243E+01  -1.4979E+01
  -1.1843E+01  -1.4648E+01
  -1.1443E+01  -1.3204E+01
  -1.1043E+01  -1.1827E+01
  -1.0643E+01  -1.0449E+01
  -1.0243E+01  -9.0655E+00
  -9.8435E+00  -7.6757E+00
  -9.4435E+00  -6.2818E+00
  -9.0435E+00  -4.8925E+00
  -8.6435E+00  -3.6440E+00
  -8.2435E+00  -3.1247E+00
  -7.8435E+00  -3.0973E+00
  -7.4435E+00  -3.1185E+00
  -7.0435E+00  -3.1455E+00
  -6.6435E+00  -3.1815E+00
  -6.2435E+00  -3.2394E+00
  -5.8435E+00  -3.3428E+00
  -5.4435E+00  -3.5323E+00
  -5.0435E+00  -3.8204E+00
  -4.6435E+00  -3.9683E+00
  -4.2435E+00  -3.9315E+00
  -3.8435E+00  -3.8701E+00
  -3.4435E+00  -3.6695E+00
  -3.0435E+00  -3.3944E+00
  -2.6435E+00  -3.2356E+00
  -2.2435E+00  -3.1370E+00
  -1.8435E+00  -3.0515E+00
  -1.4435E+00  -2.9861E+00
  -1.0435E+00  -2.9431E+00
  -6.4345E-01  -2.9208E+00
  -2.4345E-01  -2.9164E+00
   1.5655E-01  -2.9284E+00
   5.5655E-01  -2.9550E+00
   9.5655E-01  -2.9949E+00
   1.3565E+00  -3.0497E+00
   1.7565E+00  -3.1327E+00
   2.1565E+00  -3.3300E+00
   2.5565E+00  -3.7033E+00
   2.9565E+00  -4.0496E+00
   3.3565E+00  -6.6680E+00
   3.7565E+00  -1.1402E+01
   4.1565E+00  -1.1913E+01
   4.5565E+00  -1.1896E+01
   4.9565E+00  -1.1681E+01
   5.3565E+00  -1.1449E+01
   5.7565E+00  -1.1529E+01
   6.1565E+00  -1.2301E+01
   6.5565E+00  -1.4215E+01
   6.9565E+00  -1.5747E+01
   7.3565E+00  -1.6119E+01
   7.7565E+00  -1.6462E+01
   8.1565E+00  -1.6907E+01
   8.5565E+00  -1.7385E+01
   8.9565E+00          NAN
   6.0000E+00   8.1065E-18   5.5813E-02   2.6372E-04
  -1.6243E+01  -2.0043E+01
  -1.5843E+01  -1.9510E+01
  -1.5443E+01  -1.8979E+01
  -1.5043E+01  -1.8445E+01
  -1.4643E+01  -1.7912E+01
  -1.4243E+01  -1.7381E+01
  -1.3843E+01  -1.6855E+01
  -1.3443E+01  -1.6336E+01
  -1.3043E+01  -1.5825E+01
  -1.2643E+01  -1.5337E+01
  -1.2243E+01  -1.4894E+01
  -1.1843E+01  -1.4544E+01
  -1.1443E+01  -1.3075E+01
  -1.1043E+01  -1.1691E+01
  -1.0643E+01  -1.0306E+01
  -1.0243E+01  -8.9154E+00
  -9.8435E+00  -7.5196E+00
  -9.4435E+00  -6.1217E+00
  -9.0435E+00  -4.7313E+00
  -8.6435E+00  -3.5112E+00
  -8.2435E+00  -3.0598E+00
  -7.8435E+00  -3.0429E+00
  -7.4435E+00  -3.0659E+00
  -7.0435E+00  -3.0942E+00
  -6.6435E+00  -3.1309E+00
  -6.2435E+00  -3.1872E+00
  -5.8435E+00  -3.2847E+00
  -5.4435E+00  -3.4609E+00
  -5.0435E+00  -3.7424E+00
  -4.6435E+00  -3.9420E+00
  -4.2435E+00  -3.9196E+00
  -3.8435E+00  -3.8619E+00
  -3.4435E+00  -3.6581E+00
  -3.0435E+00  -3.3794E+00
  -2.6435E+00  -3.2234E+00
  -2.2435E+00  -3.1321E+00
  -1.8435E+00  -3.0557E+00
  -1.4435E+00  -2.9999E+00
  -1.0435E+00  -2.9658E+00
  -6.4345E-01  -2.9507E+00
  -2.4345E-01  -2.9522E+00
   1.5655E-01  -2.9688E+00
   5.5655E-01  -2.9992E+00
   9.5655E-01  -3.0422E+00
   1.3565E+00  -3.0998E+00
   1.7565E+00  -3.1858E+00
   2.1565E+00  -3.3875E+00
   2.5565E+00  -3.7670E+00
   2.9565E+00  -4.1192E+00
   3.3565E+00  -6.7313E+00
   3.7565E+00  -1.1373E+01
   4.1565E+00  -1.1882E+01
   4.5565E+00  -1.1861E+01
   4.9565E+00  -1.1640E+01
   5.3565E+00  -1.1400E+01
   5.7565E+00  -1.1474E+01
   6.1565E+00  -1.2173E+01
   6.5565E+00  -1.3836E+01
   6.9565E+00  -1.5759E+01
   7.3565E+00  -1.6137E+01
   7.7565E+00  -1.6479E+01
   8.1565E+00  -1.6913E+01
   8.5565E+00  -1.7405E+01
   8.9565E+00          NAN
   7.0000E+00   8.1065E-18   5.6576E-02   3.3279E-04
  -1.6243E+01  -2.0008E+01
  -1.5843E+01  -1.9475E+01
  -1.5443E+01  -1.8944E+01
  -1.5043E+01  -1.8410E+01
  -1.4643E+01  -1.7878E+01
  -1.4243E+01  -1.7345E+01
  -1.3843E+01  -1.6820E+01
  -1.3443E+01  -1.6300E+01
  -1.3043E+01  -1.5788E+01
  -1.2643E+01  -1.5298E+01
  -1.2243E+01  -1.4851E+01
  -1.1843E+01  -1.4492E+01
  -1.1443E+01  -1.3004E+01
  -1.1043E+01  -1.1614E+01
  -1.0643E+01  -1.0224E+01
  -1.0243E+01  -8.8296E+00
  -9.8435E+00  -7.4316E+00
  -9.4435E+00  -6.0324E+00
  -9.0435E+00  -4.6413E+00
  -8.6435E+00  -3.4285E+00
  -8.2435E+00  -3.0149E+00
  -7.8435E+00  -3.0050E+00
  -7.4435E+00  -3.0291E+00
  -7.0435E+00  -3.0583E+00
  -6.6435E+00  -3.0954E+00
  -6.2435E+00  -3.1506E+00
  -5.8435E+00  -3.2439E+00
  -5.4435E+00  -3.4101E+00
  -5.0435E+00  -3.6842E+00
  -4.6435E+00  -3.9237E+00
  -4.2435E+00  -3.9180E+00
  -3.8435E+00  -3.8631E+00
  -3.4435E+00  -3.6563E+00
  -3.0435E+00  -3.3745E+00
  -2.6435E+00  -3.2223E+00
  -2.2435E+00  -3.1391E+00
  -1.8435E+00  -3.0719E+00
  -1.4435E+00  -3.0251E+00
  -1.0435E+00  -2.9985E+00
  -6.4345E-01  -2.9891E+00
  -2.4345E-01  -2.9949E+00
   1.5655E-01  -3.0149E+00
   5.5655E-01  -3.0480E+00
   9.5655E-01  -3.0931E+00
   1.3565E+00  -3.1526E+00
   1.7565E+00  -3.2408E+00
   2.1565E+00  -3.4460E+00
   2.5565E+00  -3.8304E+00
   2.9565E+00  -4.1867E+00
   3.3565E+00  -6.8039E+00
   3.7565E+00  -1.1372E+01
   4.1565E+00  -1.1883E+01
   4.5565E+00  -1.1861E+01
   4.9565E+00  -1.1636E+01
   5.3565E+00  -1.1395E+01
   5.7565E+00  -1.1472E+01
   6.1565E+00  -1.2138E+01
   6.5565E+00  -1.3665E+01
   6.9565E+00  -1.5777E+01
   7.3565E+00  -1.6163E+01
   7.7565E+00  -1.6504E+01
   8.1565E+00  -1.6931E+01
   8.5565E+00  -1.7433E+01
   8.9565E+00          NAN
   8.0000E+00   8.1065E-18   5.6268E-02   3.7770E-04
  -1.6243E+01  -2.0005E+01
  -1.5843E+01  -1.9472E+01
  -1.5443E+01  -1.8941E+01
  -1.5043E+01  -1.8407E+01
  -1.4643E+01  -1.7875E+01
  -1.4243E+01  -1.7342E+01
  -1.3843E+01  -1.6817E+01
  -1.3443E+01  -1.6297E+01
  -1.3043E+01  -1.5785E+01
  -1.2643E+01  -1.5294E+01
  -1.2243E+01  -1.4847E+01
  -1.1843E+01  -1.4486E+01
  -1.1443E+01  -1.2993E+01
  -1.1043E+01  -1.1599E+01
  -1.0643E+01  -1.0208E+01
  -1.0243E+01  -8.8131E+00
  -9.8435E+00  -7.4152E+00
  -9.4435E+00  -6.0160E+00
  -9.0435E+00  -4.6241E+00
  -8.6435E+00  -3.4026E+00
  -8.2435E+00  -2.9974E+00
  -7.8435E+00  -2.9906E+00
  -7.4435E+00  -3.0150E+00
  -7.0435E+00  -3.0445E+00
  -6.6435E+00  -3.0818E+00
  -6.2435E+00  -3.1365E+00
  -5.8435E+00  -3.2274E+00
  -5.4435E+00  -3.3882E+00
  -5.0435E+00  -3.6574E+00
  -4.6435E+00  -3.9169E+00
  -4.2435E+00  -3.9223E+00
  -3.8435E+00  -3.8687E+00
  -3.4435E+00  -3.6608E+00
  -3.0435E+00  -3.3784E+00
  -2.6435E+00  -3.2300E+00
  -2.2435E+00  -3.1534E+00
  -1.8435E+00  -3.0927E+00
  -1.4435E+00  -3.0514E+00
  -1.0435E+00  -3.0290E+00
  -6.4345E-01  -3.0226E+00
  -2.4345E-01  -3.0305E+00
   1.5655E-01  -3.0522E+00
   5.5655E-01  -3.0865E+00
   9.5655E-01  -3.1325E+00
   1.3565E+00  -3.1928E+00
   1.7565E+00  -3.2821E+00
   2.1565E+00  -3.4891E+00
   2.5565E+00  -3.8761E+00
   2.9565E+00  -4.2339E+00
   3.3565E+00  -6.8596E+00
   3.7565E+00  -1.1404E+01
   4.1565E+00  -1.1918E+01
   4.5565E+00  -1.1896E+01
   4.9565E+00  -1.1671E+01
   5.3565E+00  -1.1432E+01
   5.7565E+00  -1.1515E+01
   6.1565E+00  -1.2178E+01
   6.5565E+00  -1.3678E+01
   6.9565E+00  -1.5814E+01
   7.3565E+00  -1.6203E+01
   7.7565E+00  -1.6543E+01
   8.1565E+00  -1.6969E+01
   8.5565E+00  -1.7474E+01
   8.9565E+00          NAN
   9.0000E+00   8.1065E-18   5.5030E-02   3.8107E-04
  -1.6243E+01  -2.0033E+01
  -1.5843E+01  -1.9499E+01
  -1.5443E+01  -1.8968E+01
  -1.5043E+01  -1.8434E+01
  -1.4643E+01  -1.7902E+01
  -1.4243E+01  -1.7370E+01
  -1.3843E+01  -1.6845E+01
  -1.3443E+01  -1.6325E+01
  -1.3043E+01  -1.5814E+01
  -1.2643E+01  -1.5325E+01
  -1.2243E+01  -1.4881E+01
  -1.1843E+01  -1.4527E+01
  -1.1443E+01  -1.3041E+01
  -1.1043E+01  -1.1649E+01
  -1.0643E+01  -1.0260E+01
  -1.0243E+01  -8.8667E+00
  -9.8435E+00  -7.4706E+00
  -9.4435E+00  -6.0727E+00
  -9.0435E+00  -4.6799E+00
  -8.6435E+00  -3.4327E+00
  -8.2435E+00  -3.0057E+00
  -7.8435E+00  -2.9981E+00
  -7.4435E+00  -3.0221E+00
  -7.0435E+00  -3.0513E+00
  -6.6435E+00  -3.0884E+00
  -6.2435E+00  -3.1429E+00
  -5.8435E+00  -3.2333E+00
  -5.4435E+00  -3.3929E+00
  -5.0435E+00  -3.6609E+00
  -4.6435E+00  -3.9213E+00
  -4.2435E+00  -3.9261E+00
  -3.8435E+00  -3.8721E+00
  -3.4435E+00  -3.6668E+00
  -3.0435E+00  -3.3869E+00
  -2.6435E+00  -3.2414E+00
  -2.2435E+00  -3.1679E+00
  -1.8435E+00  -3.1094E+00
  -1.4435E+00  -3.0692E+00
  -1.0435E+00  -3.0471E+00
  -6.4345E-01  -3.0406E+00
  -2.4345E-01  -3.0483E+00
   1.5655E-01  -3.0697E+00
   5.5655E-01  -3.1036E+00
   9.5655E-01  -3.1491E+00
   1.3565E+00  -3.2092E+00
   1.7565E+00  -3.2983E+00
   2.1565E+00  -3.5052E+00
   2.5565E+00  -3.8921E+00
   2.9565E+00  -4.2490E+00
   3.3565E+00  -6.8800E+00
   3.7565E+00  -1.1468E+01
   4.1565E+00  -1.1987E+01
   4.5565E+00  -1.1966E+01
   4.9565E+00  -1.1744E+01
   5.3565E+00  -1.1509E+01
   5.7565E+00  -1.1603E+01
   6.1565E+00  -1.2288E+01
   6.5565E+00  -1.3871E+01
   6.9565E+00  -1.5874E+01
   7.3565E+00  -1.6256E+01
   7.7565E+00  -1.6596E+01
   8.1565E+00  -1.7026E+01
   8.5565E+00  -1.7530E+01
   8.9565E+00          NAN
   1.0000E+01   8.1065E-18   5.2961E-02   3.4181E-04
  -1.6243E+01  -2.0091E+01
  -1.5843E+01  -1.9557E+01
  -1.5443E+01  -1.9026E+01
  -1.5043E+01  -1.8493E+01
  -1.4643E+01  -1.7960E+01
  -1.4243E+01  -1.7430E+01
  -1.3843E+01  -1.6904E+01
  -1.3443E+01  -1.6385E+01
  -1.3043E+01  -1.5876E+01
  -1.2643E+01  -1.5390E+01
  -1.2243E+01  -1.4954E+01
  -1.1843E+01  -1.4616E+01
  -1.1443E+01  -1.3152E+01
  -1.1043E+01  -1.1765E+01
  -1.0643E+01  -1.0380E+01
  -1.0243E+01  -8.9914E+00
  -9.8435E+00  -7.5992E+00
  -9.4435E+00  -6.2042E+00
  -9.0435E+00  -4.8115E+00
  -8.6435E+00  -3.5260E+00
  -8.2435E+00  -3.0419E+00
  -7.8435E+00  -3.0289E+00
  -7.4435E+00  -3.0518E+00
  -7.0435E+00  -3.0802E+00
  -6.6435E+00  -3.1168E+00
  -6.2435E+00  -3.1713E+00
  -5.8435E+00  -3.2631E+00
  -5.4435E+00  -3.4261E+00
  -5.0435E+00  -3.6960E+00
  -4.6435E+00  -3.9351E+00
  -4.2435E+00  -3.9281E+00
  -3.8435E+00  -3.8722E+00
  -3.4435E+00  -3.6724E+00
  -3.0435E+00  -3.3982E+00
  -2.6435E+00  -3.2538E+00
  -2.2435E+00  -3.1794E+00
  -1.8435E+00  -3.1186E+00
  -1.4435E+00  -3.0751E+00
  -1.0435E+00  -3.0493E+00
  -6.4345E-01  -3.0396E+00
  -2.4345E-01  -3.0444E+00
   1.5655E-01  -3.0633E+00
   5.5655E-01  -3.0950E+00
   9.5655E-01  -3.1388E+00
   1.3565E+00  -3.1974E+00
   1.7565E+00  -3.2851E+00
   2.1565E+00  -3.4899E+00
   2.5565E+00  -3.8739E+00
   2.9565E+00  -4.2277E+00
   3.3565E+00  -6.8559E+00
   3.7565E+00  -1.1567E+01
   4.1565E+00  -1.2092E+01
   4.5565E+00  -1.2075E+01
   4.9565E+00  -1.1858E+01
   5.3565E+00  -1.1630E+01
   5.7565E+00  -1.1741E+01
   6.1565E+00  -1.2487E+01
   6.5565E+00  -1.4257E+01
   6.9565E+00  -1.5950E+01
   7.3565E+00  -1.6324E+01
   7.7565E+00  -1.6665E+01
   8.1565E+00  -1.7105E+01
   8.5565E+00  -1.7600E+01
   8.9565E+00          NAN
   1.1000E+01   8.1065E-18   5.0174E-02   2.7388E-04
  -1.6243E+01  -2.0181E+01
  -1.5843E+01  -1.9648E+01
  -1.5443E+01  -1.9117E+01
  -1.5043E+01  -1.8584E+01
  -1.4643E+01  -1.8049E+01
  -1.4243E+01  -1.7523E+01
  -1.3843E+01  -1.6996E+01
  -1.3443E+01  -1.6478E+01
  -1.3043E+01  -1.5973E+01
  -1.2643E+01  -1.5494E+01
  -1.2243E+01  -1.5073E+01
  -1.1843E+01  -1.4761E+01
  -1.1443E+01  -1.3325E+01
  -1.1043E+01  -1.1943E+01
  -1.0643E+01  -1.0563E+01
  -1.0243E+01  -9.1806E+00
  -9.8435E+00  -7.7942E+00
  -9.4435E+00  -6.4041E+00
  -9.0435E+00  -5.0136E+00
  -8.6435E+00  -3.6909E+00
  -8.2435E+00  -3.1111E+00
  -7.8435E+00  -3.0871E+00
  -7.4435E+00  -3.1079E+00
  -7.0435E+00  -3.1349E+00
  -6.6435E+00  -3.1705E+00
  -6.2435E+00  -3.2256E+00
  -5.8435E+00  -3.3209E+00
  -5.4435E+00  -3.4923E+00
  -5.0435E+00  -3.7646E+00
  -4.6435E+00  -3.9578E+00
  -4.2435E+00  -3.9339E+00
  -3.8435E+00  -3.8745E+00
  -3.4435E+00  -3.6807E+00
  -3.0435E+00  -3.4132E+00
  -2.6435E+00  -3.2683E+00
  -2.2435E+00  -3.1894E+00
  -1.8435E+00  -3.1224E+00
  -1.4435E+00  -3.0716E+00
  -1.0435E+00  -3.0387E+00
  -6.4345E-01  -3.0224E+00
  -2.4345E-01  -3.0216E+00
   1.5655E-01  -3.0357E+00
   5.5655E-01  -3.0634E+00
   9.5655E-01  -3.1040E+00
   1.3565E+00  -3.1599E+00
   1.7565E+00  -3.2446E+00
   2.1565E+00  -3.4452E+00
   2.5565E+00  -3.8233E+00
   2.9565E+00  -4.1722E+00
   3.3565E+00  -6.7874E+00
   3.7565E+00  -1.1699E+01
   4.1565E+00  -1.2232E+01
   4.5565E+00  -1.2221E+01
   4.9565E+00  -1.2012E+01
   5.3565E+00  -1.1797E+01
   5.7565E+00  -1.1930E+01
   6.1565E+00  -1.2780E+01
   6.5565E+00  -1.4865E+01
   6.9565E+00  -1.6038E+01
   7.3565E+00  -1.6405E+01
   7.7565E+00  -1.6748E+01
   8.1565E+00  -1.7204E+01
   8.5565E+00  -1.7680E+01
   8.9565E+00          NAN
   1.2000E+01   8.1065E-18   4.7194E-02   1.9878E-04
  -1.6243E+01  -2.0502E+01
  -1.5843E+01  -1.9969E+01
  -1.5443E+01  -1.9437E+01
  -1.5043E+01  -1.8905E+01
  -1.4643E+01  -1.8370E+01
  -1.4243E+01  -1.7846E+01
  -1.3843E+01  -1.7321E+01
  -1.3443E+01  -1.6805E+01
  -1.3043E+01  -1.6305E+01
  -1.2643E+01  -1.5837E+01
  -1.2243E+01  -1.5438E+01
  -1.1843E+01  -1.3900E+01
  -1.1443E+01  -1.2486E+01
  -1.1043E+01  -1.1095E+01
  -1.0643E+01  -9.6998E+00
  -1.0243E+01  -8.3012E+00
  -9.8435E+00  -6.8997E+00
  -9.4435E+00  -5.4970E+00
  -9.0435E+00  -4.2517E+00
  -8.6435E+00  -3.7168E+00
  -8.2435E+00  -3.2075E+00
  -7.8435E+00  -3.1743E+00
  -7.4435E+00  -3.1925E+00
  -7.0435E+00  -3.2173E+00
  -6.6435E+00  -3.2517E+00
  -6.2435E+00  -3.3083E+00
  -5.8435E+00  -3.4103E+00
  -5.4435E+00  -3.5953E+00
  -5.0435E+00  -3.8643E+00
  -4.6435E+00  -3.9886E+00
  -4.2435E+00  -3.9490E+00
  -3.8435E+00  -3.8844E+00
  -3.4435E+00  -3.6946E+00
  -3.0435E+00  -3.4330E+00
  -2.6435E+00  -3.2860E+00
  -2.2435E+00  -3.2003E+00
  -1.8435E+00  -3.1246E+00
  -1.4435E+00  -3.0639E+00
  -1.0435E+00  -3.0209E+00
  -6.4345E-01  -2.9954E+00
  -2.4345E-01  -2.9864E+00
   1.5655E-01  -2.9935E+00
   5.5655E-01  -3.0155E+00
   9.5655E-01  -3.0513E+00
   1.3565E+00  -3.1029E+00
   1.7565E+00  -3.1833E+00
   2.1565E+00  -3.3773E+00
   2.5565E+00  -3.7465E+00
   2.9565E+00  -4.0886E+00
   3.3565E+00  -6.6825E+00
   3.7565E+00  -1.1864E+01
   4.1565E+00  -1.2407E+01
   4.5565E+00  -1.2403E+01
   4.9565E+00  -1.2208E+01
   5.3565E+00  -1.2014E+01
   5.7565E+00  -1.2188E+01
   6.1565E+00  -1.3225E+01
   6.5565E+00  -1.5477E+01
   6.9565E+00  -1.6014E+01
   7.3565E+00  -1.6377E+01
   7.7565E+00  -1.6734E+01
   8.1565E+00  -1.7156E+01
   8.5565E+00  -1.7582E+01
   8.9565E+00          NAN
   1.3000E+01   8.1065E-18   4.3376E-02   1.3168E-04
  -1.6243E+01  -2.0661E+01
  -1.5843E+01  -2.0130E+01
  -1.5443E+01  -1.9596E+01
  -1.5043E+01  -1.9064E+01
  -1.4643E+01  -1.8532E+01
  -1.4243E+01  -1.8006E+01
  -1.3843E+01  -1.7486E+01
  -1.3443E+01  -1.6974E+01
  -1.3043E+01  -1.6482E+01
  -1.2643E+01  -1.6033E+01
  -1.2243E+01  -1.5667E+01
  -1.1843E+01  -1.4184E+01
  -1.1443E+01  -1.2791E+01
  -1.1043E+01  -1.1406E+01
  -1.0643E+01  -1.0020E+01
  -1.0243E+01  -8.6304E+00
  -9.8435E+00  -7.2377E+00
  -9.4435E+00  -5.8422E+00
  -9.0435E+00  -4.4555E+00
  -8.6435E+00  -3.5522E+00
  -8.2435E+00  -3.3188E+00
  -7.8435E+00  -3.3059E+00
  -7.4435E+00  -3.3214E+00
  -7.0435E+00  -3.3428E+00
  -6.6435E+00  -3.3755E+00
  -6.2435E+00  -3.4344E+00
  -5.8435E+00  -3.5460E+00
  -5.4435E+00  -3.7449E+00
  -5.0435E+00  -3.9795E+00
  -4.6435E+00  -4.0194E+00
  -4.2435E+00  -3.9699E+00
  -3.8435E+00  -3.9017E+00
  -3.4435E+00  -3.7177E+00
  -3.0435E+00  -3.4634E+00
  -2.6435E+00  -3.3146E+00
  -2.2435E+00  -3.2217E+00
  -1.8435E+00  -3.1368E+00
  -1.4435E+00  -3.0655E+00
  -1.0435E+00  -3.0113E+00
  -6.4345E-01  -2.9747E+00
  -2.4345E-01  -2.9556E+00
   1.5655E-01  -2.9539E+00
   5.5655E-01  -2.9683E+00
   9.5655E-01  -2.9978E+00
   1.3565E+00  -3.0439E+00
   1.7565E+00  -3.1183E+00
   2.1565E+00  -3.3037E+00
   2.5565E+00  -3.6614E+00
   2.9565E+00  -3.9951E+00
   3.3565E+00  -6.5616E+00
   3.7565E+00  -1.2074E+01
   4.1565E+00  -1.2626E+01
   4.5565E+00  -1.2631E+01
   4.9565E+00  -1.2459E+01
   5.3565E+00  -1.2304E+01
   5.7565E+00  -1.2557E+01
   6.1565E+00  -1.3947E+01
   6.5565E+00  -1.5571E+01
   6.9565E+00  -1.5977E+01
   7.3565E+00  -1.6368E+01
   7.7565E+00  -1.6706E+01
   8.1565E+00  -1.7082E+01
   8.5565E+00  -1.7569E+01
   8.9565E+00          NAN
   1.4000E+01   8.1065E-18   4.0939E-02   8.5161E-05
  -1.6243E+01  -2.0788E+01
  -1.5843E+01  -2.0256E+01
  -1.5443E+01  -1.9723E+01
  -1.5043E+01  -1.9189E+01
  -1.4643E+01  -1.8661E+01
  -1.4243E+01  -1.8134E+01
  -1.3843E+01  -1.7615E+01
  -1.3443E+01  -1.7108E+01
  -1.3043E+01  -1.6625E+01
  -1.2643E+01  -1.6192E+01
  -1.2243E+01  -1.5859E+01
  -1.1843E+01  -1.4414E+01
  -1.1443E+01  -1.3028E+01
  -1.1043E+01  -1.1648E+01
  -1.0643E+01  -1.0268E+01
  -1.0243E+01  -8.8870E+00
  -9.8435E+00  -7.5023E+00
  -9.4435E+00  -6.1138E+00
  -9.0435E+00  -4.7374E+00
  -8.6435E+00  -3.6755E+00
  -8.2435E+00  -3.4539E+00
  -7.8435E+00  -3.4455E+00
  -7.4435E+00  -3.4578E+00
  -7.0435E+00  -3.4762E+00
  -6.6435E+00  -3.5086E+00
  -6.2435E+00  -3.5727E+00
  -5.8435E+00  -3.6993E+00
  -5.4435E+00  -3.9120E+00
  -5.0435E+00  -4.0891E+00
  -4.6435E+00  -4.0687E+00
  -4.2435E+00  -4.0113E+00
  -3.8435E+00  -3.9372E+00
  -3.4435E+00  -3.7495E+00
  -3.0435E+00  -3.4938E+00
  -2.6435E+00  -3.3401E+00
  -2.2435E+00  -3.2391E+00
  -1.8435E+00  -3.1443E+00
  -1.4435E+00  -3.0617E+00
  -1.0435E+00  -2.9958E+00
  -6.4345E-01  -2.9476E+00
  -2.4345E-01  -2.9182E+00
   1.5655E-01  -2.9076E+00
   5.5655E-01  -2.9148E+00
   9.5655E-01  -2.9382E+00
   1.3565E+00  -2.9787E+00
   1.7565E+00  -3.0474E+00
   2.1565E+00  -3.2245E+00
   2.5565E+00  -3.5709E+00
   2.9565E+00  -3.8964E+00
   3.3565E+00  -6.4385E+00
   3.7565E+00  -1.2263E+01
   4.1565E+00  -1.2813E+01
   4.5565E+00  -1.2824E+01
   4.9565E+00  -1.2675E+01
   5.3565E+00  -1.2567E+01
   5.7565E+00  -1.2909E+01
   6.1565E+00  -1.4610E+01
   6.5565E+00  -1.5619E+01
   6.9565E+00  -1.6031E+01
   7.3565E+00  -1.6429E+01
   7.7565E+00  -1.6761E+01
   8.1565E+00  -1.7133E+01
   8.5565E+00  -1.7634E+01
   8.9565E+00          NAN
   1.5000E+01   8.1065E-18   4.1041E-02   6.1567E-05
  -1.6243E+01  -2.0827E+01
  -1.5843E+01  -2.0295E+01
  -1.5443E+01  -1.9763E+01
  -1.5043E+01  -1.9228E+01
  -1.4643E+01  -1.8702E+01
  -1.4243E+01  -1.8174E+01
  -1.3843E+01  -1.7656E+01
  -1.3443E+01  -1.7151E+01
  -1.3043E+01  -1.6671E+01
  -1.2643E+01  -1.6246E+01
  -1.2243E+01  -1.5925E+01
  -1.1843E+01  -1.4491E+01
  -1.1443E+01  -1.3106E+01
  -1.1043E+01  -1.1728E+01
  -1.0643E+01  -1.0352E+01
  -1.0243E+01  -8.9749E+00
  -9.8435E+00  -7.5935E+00
  -9.4435E+00  -6.2075E+00
  -9.0435E+00  -4.8386E+00
  -8.6435E+00  -3.7751E+00
  -8.2435E+00  -3.5425E+00
  -7.8435E+00  -3.5353E+00
  -7.4435E+00  -3.5456E+00
  -7.0435E+00  -3.5626E+00
  -6.6435E+00  -3.5963E+00
  -6.2435E+00  -3.6675E+00
  -5.8435E+00  -3.8111E+00
  -5.4435E+00  -4.0387E+00
  -5.0435E+00  -4.1680E+00
  -4.6435E+00  -4.1161E+00
  -4.2435E+00  -4.0534E+00
  -3.8435E+00  -3.9734E+00
  -3.4435E+00  -3.7743E+00
  -3.0435E+00  -3.5091E+00
  -2.6435E+00  -3.3485E+00
  -2.2435E+00  -3.2394E+00
  -1.8435E+00  -3.1356E+00
  -1.4435E+00  -3.0434E+00
  -1.0435E+00  -2.9681E+00
  -6.4345E-01  -2.9116E+00
  -2.4345E-01  -2.8755E+00
   1.5655E-01  -2.8598E+00
   5.5655E-01  -2.8629E+00
   9.5655E-01  -2.8830E+00
   1.3565E+00  -2.9207E+00
   1.7565E+00  -2.9861E+00
   2.1565E+00  -3.1583E+00
   2.5565E+00  -3.4981E+00
   2.9565E+00  -3.8190E+00
   3.3565E+00  -6.3487E+00
   3.7565E+00  -1.2367E+01
   4.1565E+00  -1.2907E+01
   4.5565E+00  -1.2919E+01
   4.9565E+00  -1.2780E+01
   5.3565E+00  -1.2691E+01
   5.7565E+00  -1.3059E+01
   6.1565E+00  -1.4834E+01
   6.5565E+00  -1.5655E+01
   6.9565E+00  -1.6074E+01
   7.3565E+00  -1.6474E+01
   7.7565E+00  -1.6805E+01
   8.1565E+00  -1.7178E+01
   8.5565E+00  -1.7679E+01
   8.9565E+00          NAN
   1.6000E+01   8.1065E-18   4.2811E-02   5.4254E-05
  -1.6243E+01  -2.0786E+01
  -1.5843E+01  -2.0254E+01
  -1.5443E+01  -1.9721E+01
  -1.5043E+01  -1.9187E+01
  -1.4643E+01  -1.8660E+01
  -1.4243E+01  -1.8132E+01
  -1.3843E+01  -1.7614E+01
  -1.3443E+01  -1.7107E+01
  -1.3043E+01  -1.6624E+01
  -1.2643E+01  -1.6193E+01
  -1.2243E+01  -1.5861E+01
  -1.1843E+01  -1.4420E+01
  -1.1443E+01  -1.3035E+01
  -1.1043E+01  -1.1656E+01
  -1.0643E+01  -1.0281E+01
  -1.0243E+01  -8.9027E+00
  -9.8435E+00  -7.5198E+00
  -9.4435E+00  -6.1323E+00
  -9.0435E+00  -4.7707E+00
  -8.6435E+00  -3.7694E+00
  -8.2435E+00  -3.5537E+00
  -7.8435E+00  -3.5487E+00
  -7.4435E+00  -3.5588E+00
  -7.0435E+00  -3.5759E+00
  -6.6435E+00  -3.6109E+00
  -6.2435E+00  -3.6867E+00
  -5.8435E+00  -3.8419E+00
  -5.4435E+00  -4.0870E+00
  -5.0435E+00  -4.2048E+00
  -4.6435E+00  -4.1406E+00
  -4.2435E+00  -4.0763E+00
  -3.8435E+00  -3.9928E+00
  -3.4435E+00  -3.7820E+00
  -3.0435E+00  -3.5062E+00
  -2.6435E+00  -3.3397E+00
  -2.2435E+00  -3.2249E+00
  -1.8435E+00  -3.1151E+00
  -1.4435E+00  -3.0173E+00
  -1.0435E+00  -2.9372E+00
  -6.4345E-01  -2.8774E+00
  -2.4345E-01  -2.8394E+00
   1.5655E-01  -2.8227E+00
   5.5655E-01  -2.8253E+00
   9.5655E-01  -2.8452E+00
   1.3565E+00  -2.8827E+00
   1.7565E+00  -2.9476E+00
   2.1565E+00  -3.1189E+00
   2.5565E+00  -3.4572E+00
   2.9565E+00  -3.7774E+00
   3.3565E+00  -6.3055E+00
   3.7565E+00  -1.2383E+01
   4.1565E+00  -1.2911E+01
   4.5565E+00  -1.2919E+01
   4.9565E+00  -1.2772E+01
   5.3565E+00  -1.2668E+01
   5.7565E+00  -1.2986E+01
   6.1565E+00  -1.4667E+01
   6.5565E+00  -1.5673E+01
   6.9565E+00  -1.6094E+01
   7.3565E+00  -1.6495E+01
   7.7565E+00  -1.6829E+01
   8.1565E+00  -1.7198E+01
   8.5565E+00  -1.7699E+01
   8.9565E+00          NAN
   1.7000E+01   8.1065E-18   4.6286E-02   6.0026E-05
  -1.6243E+01  -2.0666E+01
  -1.5843E+01  -2.0135E+01
  -1.5443E+01  -1.9601E+01
  -1.5043E+01  -1.9069E+01
  -1.4643E+01  -1.8537E+01
  -1.4243E+01  -1.8012E+01
  -1.3843E+01  -1.7491E+01
  -1.3443E+01  -1.6980E+01
  -1.3043E+01  -1.6489E+01
  -1.2643E+01  -1.6041E+01
  -1.2243E+01  -1.5679E+01
  -1.1843E+01  -1.4205E+01
  -1.1443E+01  -1.2816E+01
  -1.1043E+01  -1.1436E+01
  -1.0643E+01  -1.0056E+01
  -1.0243E+01  -8.6714E+00
  -9.8435E+00  -7.2809E+00
  -9.4435E+00  -5.8873E+00
  -9.0435E+00  -4.5383E+00
  -8.6435E+00  -3.6437E+00
  -8.2435E+00  -3.4740E+00
  -7.8435E+00  -3.4743E+00
  -7.4435E+00  -3.4865E+00
  -7.0435E+00  -3.5049E+00
  -6.6435E+00  -3.5401E+00
  -6.2435E+00  -3.6141E+00
  -5.8435E+00  -3.7658E+00
  -5.4435E+00  -4.0194E+00
  -5.0435E+00  -4.1773E+00
  -4.6435E+00  -4.1182E+00
  -4.2435E+00  -4.0567E+00
  -3.8435E+00  -3.9749E+00
  -3.4435E+00  -3.7597E+00
  -3.0435E+00  -3.4785E+00
  -2.6435E+00  -3.3091E+00
  -2.2435E+00  -3.1921E+00
  -1.8435E+00  -3.0804E+00
  -1.4435E+00  -2.9817E+00
  -1.0435E+00  -2.9023E+00
  -6.4345E-01  -2.8446E+00
  -2.4345E-01  -2.8097E+00
   1.5655E-01  -2.7963E+00
   5.5655E-01  -2.8022E+00
   9.5655E-01  -2.8251E+00
   1.3565E+00  -2.8652E+00
   1.7565E+00  -2.9326E+00
   2.1565E+00  -3.1068E+00
   2.5565E+00  -3.4488E+00
   2.9565E+00  -3.7723E+00
   3.3565E+00  -6.3056E+00
   3.7565E+00  -1.2315E+01
   4.1565E+00  -1.2831E+01
   4.5565E+00  -1.2829E+01
   4.9565E+00  -1.2661E+01
   5.3565E+00  -1.2509E+01
   5.7565E+00  -1.2707E+01
   6.1565E+00  -1.4090E+01
   6.5565E+00  -1.5676E+01
   6.9565E+00  -1.6091E+01
   7.3565E+00  -1.6493E+01
   7.7565E+00  -1.6829E+01
   8.1565E+00  -1.7191E+01
   8.5565E+00  -1.7691E+01
   8.9565E+00          NAN
   1.8000E+01   8.1065E-18   5.0115E-02   8.4361E-05
  -1.6243E+01  -2.0515E+01
  -1.5843E+01  -1.9983E+01
  -1.5443E+01  -1.9450E+01
  -1.5043E+01  -1.8919E+01
  -1.4643E+01  -1.8383E+01
  -1.4243E+01  -1.7860E+01
  -1.3843E+01  -1.7335E+01
  -1.3443E+01  -1.6819E+01
  -1.3043E+01  -1.6320E+01
  -1.2643E+01  -1.5854E+01
  -1.2243E+01  -1.5458E+01
  -1.1843E+01  -1.3938E+01
  -1.1443E+01  -1.2535E+01
  -1.1043E+01  -1.1150E+01
  -1.0643E+01  -9.7615E+00
  -1.0243E+01  -8.3650E+00
  -9.8435E+00  -6.9625E+00
  -9.4435E+00  -5.5606E+00
  -9.0435E+00  -4.2277E+00
  -8.6435E+00  -3.4504E+00
  -8.2435E+00  -3.3341E+00
  -7.8435E+00  -3.3414E+00
  -7.4435E+00  -3.3575E+00
  -7.0435E+00  -3.3786E+00
  -6.6435E+00  -3.4133E+00
  -6.2435E+00  -3.4805E+00
  -5.8435E+00  -3.6146E+00
  -5.4435E+00  -3.8516E+00
  -5.0435E+00  -4.0744E+00
  -4.6435E+00  -4.0566E+00
  -4.2435E+00  -4.0031E+00
  -3.8435E+00  -3.9290E+00
  -3.4435E+00  -3.7190E+00
  -3.0435E+00  -3.4392E+00
  -2.6435E+00  -3.2710E+00
  -2.2435E+00  -3.1558E+00
  -1.8435E+00  -3.0474E+00
  -1.4435E+00  -2.9542E+00
  -1.0435E+00  -2.8824E+00
  -6.4345E-01  -2.8332E+00
  -2.4345E-01  -2.8067E+00
   1.5655E-01  -2.8010E+00
   5.5655E-01  -2.8134E+00
   9.5655E-01  -2.8419E+00
   1.3565E+00  -2.8868E+00
   1.7565E+00  -2.9590E+00
   2.1565E+00  -3.1398E+00
   2.5565E+00  -3.4905E+00
   2.9565E+00  -3.8214E+00
   3.3565E+00  -6.3646E+00
   3.7565E+00  -1.2205E+01
   4.1565E+00  -1.2714E+01
   4.5565E+00  -1.2704E+01
   4.9565E+00  -1.2512E+01
   5.3565E+00  -1.2314E+01
   5.7565E+00  -1.2420E+01
   6.1565E+00  -1.3448E+01
   6.5565E+00  -1.5612E+01
   6.9565E+00  -1.6081E+01
   7.3565E+00  -1.6481E+01
   7.7565E+00  -1.6822E+01
   8.1565E+00  -1.7176E+01
   8.5565E+00  -1.7673E+01
   8.9565E+00          NAN
   1.9000E+01   8.1065E-18   5.4397E-02   1.3914E-04
  -1.6243E+01  -2.0148E+01
  -1.5843E+01  -1.9615E+01
  -1.5443E+01  -1.9084E+01
  -1.5043E+01  -1.8551E+01
  -1.4643E+01  -1.8016E+01
  -1.4243E+01  -1.7490E+01
  -1.3843E+01  -1.6962E+01
  -1.3443E+01  -1.6444E+01
  -1.3043E+01  -1.5938E+01
  -1.2643E+01  -1.5458E+01
  -1.2243E+01  -1.5031E+01
  -1.1843E+01  -1.4710E+01
  -1.1443E+01  -1.3278E+01
  -1.1043E+01  -1.1905E+01
  -1.0643E+01  -1.0534E+01
  -1.0243E+01  -9.1577E+00
  -9.8435E+00  -7.7721E+00
  -9.4435E+00  -6.3802E+00
  -9.0435E+00  -4.9923E+00
  -8.6435E+00  -3.7355E+00
  -8.2435E+00  -3.1984E+00
  -7.8435E+00  -3.1856E+00
  -7.4435E+00  -3.2055E+00
  -7.0435E+00  -3.2305E+00
  -6.6435E+00  -3.2662E+00
  -6.2435E+00  -3.3279E+00
  -5.8435E+00  -3.4437E+00
  -5.4435E+00  -3.6540E+00
  -5.0435E+00  -3.9259E+00
  -4.6435E+00  -3.9979E+00
  -4.2435E+00  -3.9532E+00
  -3.8435E+00  -3.8860E+00
  -3.4435E+00  -3.6771E+00
  -3.0435E+00  -3.3958E+00
  -2.6435E+00  -3.2294E+00
  -2.2435E+00  -3.1193E+00
  -1.8435E+00  -3.0189E+00
  -1.4435E+00  -2.9370E+00
  -1.0435E+00  -2.8785E+00
  -6.4345E-01  -2.8426E+00
  -2.4345E-01  -2.8276E+00
   1.5655E-01  -2.8314E+00
   5.5655E-01  -2.8517E+00
   9.5655E-01  -2.8867E+00
   1.3565E+00  -2.9374E+00
   1.7565E+00  -3.0156E+00
   2.1565E+00  -3.2048E+00
   2.5565E+00  -3.5669E+00
   2.9565E+00  -3.9079E+00
   3.3565E+00  -6.4650E+00
   3.7565E+00  -1.2072E+01
   4.1565E+00  -1.2575E+01
   4.5565E+00  -1.2557E+01
   4.9565E+00  -1.2346E+01
   5.3565E+00  -1.2115E+01
   5.7565E+00  -1.2173E+01
   6.1565E+00  -1.2969E+01
   6.5565E+00  -1.5035E+01
   6.9565E+00  -1.6357E+01
   7.3565E+00  -1.6729E+01
   7.7565E+00  -1.7069E+01
   8.1565E+00  -1.7516E+01
   8.5565E+00  -1.8004E+01
   8.9565E+00          NAN
   2.0000E+01   8.1065E-18   5.9478E-02   2.6218E-04
  -1.6243E+01  -1.9975E+01
  -1.5843E+01  -1.9441E+01
  -1.5443E+01  -1.8910E+01
  -1.5043E+01  -1.8376E+01
  -1.4643E+01  -1.7845E+01
  -1.4243E+01  -1.7311E+01
  -1.3843E+01  -1.6787E+01
  -1.3443E+01  -1.6266E+01
  -1.3043E+01  -1.5753E+01
  -1.2643E+01  -1.5261E+01
  -1.2243E+01  -1.4809E+01
  -1.1843E+01  -1.4444E+01
  -1.1443E+01  -1.2955E+01
  -1.1043E+01  -1.1568E+01
  -1.0643E+01  -1.0181E+01
  -1.0243E+01  -8.7854E+00
  -9.8435E+00  -7.3842E+00
  -9.4435E+00  -5.9827E+00
  -9.0435E+00  -4.5960E+00
  -8.6435E+00  -3.4423E+00
  -8.2435E+00  -3.0435E+00
  -7.8435E+00  -3.0371E+00
  -7.4435E+00  -3.0614E+00
  -7.0435E+00  -3.0902E+00
  -6.6435E+00  -3.1276E+00
  -6.2435E+00  -3.1855E+00
  -5.8435E+00  -3.2865E+00
  -5.4435E+00  -3.4672E+00
  -5.0435E+00  -3.7443E+00
  -4.6435E+00  -3.9376E+00
  -4.2435E+00  -3.9208E+00
  -3.8435E+00  -3.8616E+00
  -3.4435E+00  -3.6468E+00
  -3.0435E+00  -3.3582E+00
  -2.6435E+00  -3.1954E+00
  -2.2435E+00  -3.0961E+00
  -1.8435E+00  -3.0112E+00
  -1.4435E+00  -2.9480E+00
  -1.0435E+00  -2.9080E+00
  -6.4345E-01  -2.8882E+00
  -2.4345E-01  -2.8860E+00
   1.5655E-01  -2.9001E+00
   5.5655E-01  -2.9286E+00
   9.5655E-01  -2.9703E+00
   1.3565E+00  -3.0266E+00
   1.7565E+00  -3.1109E+00
   2.1565E+00  -3.3094E+00
   2.5565E+00  -3.6843E+00
   2.9565E+00  -4.0365E+00
   3.3565E+00  -6.6158E+00
   3.7565E+00  -1.1931E+01
   4.1565E+00  -1.2428E+01
   4.5565E+00  -1.2402E+01
   4.9565E+00  -1.2176E+01
   5.3565E+00  -1.1925E+01
   5.7565E+00  -1.1965E+01
   6.1565E+00  -1.2599E+01
   6.5565E+00  -1.4066E+01
   6.9565E+00  -1.6314E+01
   7.3565E+00  -1.6714E+01
   7.7565E+00  -1.7055E+01
   8.1565E+00  -1.7479E+01
   8.5565E+00  -1.7983E+01
   8.9565E+00          NAN
   2.1000E+01   8.1065E-18   6.4228E-02   5.4229E-04
  -1.6243E+01  -1.9607E+01
  -1.5843E+01  -1.9074E+01
  -1.5443E+01  -1.8541E+01
  -1.5043E+01  -1.8009E+01
  -1.4643E+01  -1.7477E+01
  -1.4243E+01  -1.6941E+01
  -1.3843E+01  -1.6418E+01
  -1.3443E+01  -1.5891E+01
  -1.3043E+01  -1.5375E+01
  -1.2643E+01  -1.4874E+01
  -1.2243E+01  -1.4404E+01
  -1.1843E+01  -1.3999E+01
  -1.1443E+01  -1.3726E+01
  -1.1043E+01  -1.2315E+01
  -1.0643E+01  -1.0941E+01
  -1.0243E+01  -9.5561E+00
  -9.8435E+00  -8.1630E+00
  -9.4435E+00  -6.7665E+00
  -9.0435E+00  -5.3705E+00
  -8.6435E+00  -3.9508E+00
  -8.2435E+00  -2.9470E+00
  -7.8435E+00  -2.9123E+00
  -7.4435E+00  -2.9385E+00
  -7.0435E+00  -2.9702E+00
  -6.6435E+00  -3.0092E+00
  -6.2435E+00  -3.0647E+00
  -5.8435E+00  -3.1544E+00
  -5.4435E+00  -3.3090E+00
  -5.0435E+00  -3.5653E+00
  -4.6435E+00  -3.8592E+00
  -4.2435E+00  -3.9264E+00
  -3.8435E+00  -3.8757E+00
  -3.4435E+00  -3.6408E+00
  -3.0435E+00  -3.3360E+00
  -2.6435E+00  -3.1807E+00
  -2.2435E+00  -3.1019E+00
  -1.8435E+00  -3.0415E+00
  -1.4435E+00  -3.0026E+00
  -1.0435E+00  -2.9832E+00
  -6.4345E-01  -2.9792E+00
  -2.4345E-01  -2.9889E+00
   1.5655E-01  -3.0123E+00
   5.5655E-01  -3.0482E+00
   9.5655E-01  -3.0954E+00
   1.3565E+00  -3.1565E+00
   1.7565E+00  -3.2461E+00
   2.1565E+00  -3.4531E+00
   2.5565E+00  -3.8405E+00
   2.9565E+00  -4.2042E+00
   3.3565E+00  -6.8159E+00
   3.7565E+00  -1.1783E+01
   4.1565E+00  -1.2273E+01
   4.5565E+00  -1.2239E+01
   4.9565E+00  -1.2000E+01
   5.3565E+00  -1.1740E+01
   5.7565E+00  -1.1774E+01
   6.1565E+00  -1.2287E+01
   6.5565E+00  -1.3313E+01
   6.9565E+00  -1.5715E+01
   7.3565E+00  -1.6890E+01
   7.7565E+00  -1.7246E+01
   8.1565E+00  -1.7770E+01
   8.5565E+00  -1.8208E+01
   8.9565E+00          NAN
   2.2000E+01   8.1065E-18   6.8145E-02   1.0421E-03
  -1.6243E+01  -1.9497E+01
  -1.5843E+01  -1.8963E+01
  -1.5443E+01  -1.8430E+01
  -1.5043E+01  -1.7899E+01
  -1.4643E+01  -1.7365E+01
  -1.4243E+01  -1.6832E+01
  -1.3843E+01  -1.6304E+01
  -1.3443E+01  -1.5777E+01
  -1.3043E+01  -1.5260E+01
  -1.2643E+01  -1.4753E+01
  -1.2243E+01  -1.4273E+01
  -1.1843E+01  -1.3847E+01
  -1.1443E+01  -1.3537E+01
  -1.1043E+01  -1.2041E+01
  -1.0643E+01  -1.0641E+01
  -1.0243E+01  -9.2417E+00
  -9.8435E+00  -7.8430E+00
  -9.4435E+00  -6.4441E+00
  -9.0435E+00  -5.0477E+00
  -8.6435E+00  -3.7172E+00
  -8.2435E+00  -2.9070E+00
  -7.8435E+00  -2.8292E+00
  -7.4435E+00  -2.8554E+00
  -7.0435E+00  -2.8889E+00
  -6.6435E+00  -2.9293E+00
  -6.2435E+00  -2.9836E+00
  -5.8435E+00  -3.0660E+00
  -5.4435E+00  -3.2023E+00
  -5.0435E+00  -3.4343E+00
  -4.6435E+00  -3.7793E+00
  -4.2435E+00  -3.9923E+00
  -3.8435E+00  -3.9545E+00
  -3.4435E+00  -3.6761E+00
  -3.0435E+00  -3.3462E+00
  -2.6435E+00  -3.2061E+00
  -2.2435E+00  -3.1581E+00
  -1.8435E+00  -3.1259E+00
  -1.4435E+00  -3.1093E+00
  -1.0435E+00  -3.1060E+00
  -6.4345E-01  -3.1136E+00
  -2.4345E-01  -3.1324E+00
   1.5655E-01  -3.1628E+00
   5.5655E-01  -3.2037E+00
   9.5655E-01  -3.2544E+00
   1.3565E+00  -3.3186E+00
   1.7565E+00  -3.4120E+00
   2.1565E+00  -3.6257E+00
   2.5565E+00  -4.0234E+00
   2.9565E+00  -4.3960E+00
   3.3565E+00  -7.0546E+00
   3.7565E+00  -1.1676E+01
   4.1565E+00  -1.2166E+01
   4.5565E+00  -1.2127E+01
   4.9565E+00  -1.1881E+01
   5.3565E+00  -1.1620E+01
   5.7565E+00  -1.1655E+01
   6.1565E+00  -1.2103E+01
   6.5565E+00  -1.2934E+01
   6.9565E+00  -1.4762E+01
   7.3565E+00  -1.6927E+01
   7.7565E+00  -1.7291E+01
   8.1565E+00  -1.7790E+01
   8.5565E+00  -1.8204E+01
   8.9565E+00          NAN
   2.3000E+01   8.1065E-18   6.9165E-02   1.5406E-03
  -1.6243E+01  -1.9447E+01
  -1.5843E+01  -1.8914E+01
  -1.5443E+01  -1.8380E+01
  -1.5043E+01  -1.7850E+01
  -1.4643E+01  -1.7315E+01
  -1.4243E+01  -1.6783E+01
  -1.3843E+01  -1.6252E+01
  -1.3443E+01  -1.5727E+01
  -1.3043E+01  -1.5208E+01
  -1.2643E+01  -1.4699E+01
  -1.2243E+01  -1.4215E+01
  -1.1843E+01  -1.3780E+01
  -1.1443E+01  -1.3450E+01
  -1.1043E+01  -1.1888E+01
  -1.0643E+01  -1.0481E+01
  -1.0243E+01  -9.0845E+00
  -9.8435E+00  -7.6860E+00
  -9.4435E+00  -6.2867E+00
  -9.0435E+00  -4.8900E+00
  -8.6435E+00  -3.5656E+00
  -8.2435E+00  -2.8553E+00
  -7.8435E+00  -2.7926E+00
  -7.4435E+00  -2.8201E+00
  -7.0435E+00  -2.8545E+00
  -6.6435E+00  -2.8955E+00
  -6.2435E+00  -2.9490E+00
  -5.8435E+00  -3.0268E+00
  -5.4435E+00  -3.1515E+00
  -5.0435E+00  -3.3643E+00
  -4.6435E+00  -3.7189E+00
  -4.2435E+00  -4.0664E+00
  -3.8435E+00  -4.0543E+00
  -3.4435E+00  -3.7384E+00
  -3.0435E+00  -3.3919E+00
  -2.6435E+00  -3.2713E+00
  -2.2435E+00  -3.2527E+00
  -1.8435E+00  -3.2415E+00
  -1.4435E+00  -3.2396E+00
  -1.0435E+00  -3.2469E+00
  -6.4345E-01  -3.2625E+00
  -2.4345E-01  -3.2875E+00
   1.5655E-01  -3.3225E+00
   5.5655E-01  -3.3663E+00
   9.5655E-01  -3.4189E+00
   1.3565E+00  -3.4847E+00
   1.7565E+00  -3.5805E+00
   2.1565E+00  -3.7986E+00
   2.5565E+00  -4.2027E+00
   2.9565E+00  -4.5791E+00
   3.3565E+00  -7.3019E+00
   3.7565E+00  -1.1644E+01
   4.1565E+00  -1.2137E+01
   4.5565E+00  -1.2096E+01
   4.9565E+00  -1.1847E+01
   5.3565E+00  -1.1590E+01
   5.7565E+00  -1.1628E+01
   6.1565E+00  -1.2046E+01
   6.5565E+00  -1.2798E+01
   6.9565E+00  -1.4388E+01
   7.3565E+00  -1.6934E+01
   7.7565E+00  -1.7307E+01
   8.1565E+00  -1.7793E+01
   8.5565E+00  -1.8229E+01
   8.9565E+00          NAN
   2.4000E+01   8.1065E-18   6.7527E-02   1.7462E-03
  -1.6243E+01  -1.9453E+01
  -1.5843E+01  -1.8920E+01
  -1.5443E+01  -1.8386E+01
  -1.5043E+01  -1.7856E+01
  -1.4643E+01  -1.7321E+01
  -1.4243E+01  -1.6789E+01
  -1.3843E+01  -1.6258E+01
  -1.3443E+01  -1.5733E+01
  -1.3043E+01  -1.5215E+01
  -1.2643E+01  -1.4706E+01
  -1.2243E+01  -1.4221E+01
  -1.1843E+01  -1.3787E+01
  -1.1443E+01  -1.3459E+01
  -1.1043E+01  -1.1895E+01
  -1.0643E+01  -1.0493E+01
  -1.0243E+01  -9.0973E+00
  -9.8435E+00  -7.6993E+00
  -9.4435E+00  -6.3002E+00
  -9.0435E+00  -4.9027E+00
  -8.6435E+00  -3.5608E+00
  -8.2435E+00  -2.8445E+00
  -7.8435E+00  -2.7904E+00
  -7.4435E+00  -2.8183E+00
  -7.0435E+00  -2.8531E+00
  -6.6435E+00  -2.8943E+00
  -6.2435E+00  -2.9473E+00
  -5.8435E+00  -3.0230E+00
  -5.4435E+00  -3.1422E+00
  -5.0435E+00  -3.3457E+00
  -4.6435E+00  -3.7005E+00
  -4.2435E+00  -4.1176E+00
  -3.8435E+00  -4.1152E+00
  -3.4435E+00  -3.7950E+00
  -3.0435E+00  -3.4478E+00
  -2.6435E+00  -3.3400E+00
  -2.2435E+00  -3.3379E+00
  -1.8435E+00  -3.3369E+00
  -1.4435E+00  -3.3423E+00
  -1.0435E+00  -3.3553E+00
  -6.4345E-01  -3.3756E+00
  -2.4345E-01  -3.4044E+00
   1.5655E-01  -3.4416E+00
   5.5655E-01  -3.4865E+00
   9.5655E-01  -3.5396E+00
   1.3565E+00  -3.6060E+00
   1.7565E+00  -3.7027E+00
   2.1565E+00  -3.9229E+00
   2.5565E+00  -4.3296E+00
   2.9565E+00  -4.7035E+00
   3.3565E+00  -7.5027E+00
   3.7565E+00  -1.1687E+01
   4.1565E+00  -1.2186E+01
   4.5565E+00  -1.2145E+01
   4.9565E+00  -1.1897E+01
   5.3565E+00  -1.1645E+01
   5.7565E+00  -1.1690E+01
   6.1565E+00  -1.2109E+01
   6.5565E+00  -1.2862E+01
   6.9565E+00  -1.4467E+01
   7.3565E+00  -1.6977E+01
   7.7565E+00  -1.7347E+01
   8.1565E+00  -1.7835E+01
   8.5565E+00  -1.8278E+01
   8.9565E+00          NAN
   2.5000E+01   8.1065E-18   6.4031E-02   1.6033E-03
  -1.6243E+01  -1.9513E+01
  -1.5843E+01  -1.8980E+01
  -1.5443E+01  -1.8446E+01
  -1.5043E+01  -1.7916E+01
  -1.4643E+01  -1.7382E+01
  -1.4243E+01  -1.6848E+01
  -1.3843E+01  -1.6320E+01
  -1.3443E+01  -1.5794E+01
  -1.3043E+01  -1.5277E+01
  -1.2643E+01  -1.4770E+01
  -1.2243E+01  -1.4290E+01
  -1.1843E+01  -1.3866E+01
  -1.1443E+01  -1.3558E+01
  -1.1043E+01  -1.2041E+01
  -1.0643E+01  -1.0646E+01
  -1.0243E+01  -9.2521E+00
  -9.8435E+00  -7.8562E+00
  -9.4435E+00  -6.4588E+00
  -9.0435E+00  -5.0616E+00
  -8.6435E+00  -3.6960E+00
  -8.2435E+00  -2.8774E+00
  -7.8435E+00  -2.8123E+00
  -7.4435E+00  -2.8394E+00
  -7.0435E+00  -2.8740E+00
  -6.6435E+00  -2.9152E+00
  -6.2435E+00  -2.9683E+00
  -5.8435E+00  -3.0442E+00
  -5.4435E+00  -3.1642E+00
  -5.0435E+00  -3.3700E+00
  -4.6435E+00  -3.7305E+00
  -4.2435E+00  -4.1405E+00
  -3.8435E+00  -4.1188E+00
  -3.4435E+00  -3.8201E+00
  -3.0435E+00  -3.4835E+00
  -2.6435E+00  -3.3774E+00
  -2.2435E+00  -3.3748E+00
  -1.8435E+00  -3.3722E+00
  -1.4435E+00  -3.3764E+00
  -1.0435E+00  -3.3890E+00
  -6.4345E-01  -3.4095E+00
  -2.4345E-01  -3.4384E+00
   1.5655E-01  -3.4752E+00
   5.5655E-01  -3.5194E+00
   9.5655E-01  -3.5718E+00
   1.3565E+00  -3.6376E+00
   1.7565E+00  -3.7339E+00
   2.1565E+00  -3.9538E+00
   2.5565E+00  -4.3593E+00
   2.9565E+00  -4.7269E+00
   3.3565E+00  -7.5868E+00
   3.7565E+00  -1.1796E+01
   4.1565E+00  -1.2301E+01
   4.5565E+00  -1.2263E+01
   4.9565E+00  -1.2019E+01
   5.3565E+00  -1.1771E+01
   5.7565E+00  -1.1828E+01
   6.1565E+00  -1.2277E+01
   6.5565E+00  -1.3107E+01
   6.9565E+00  -1.4954E+01
   7.3565E+00  -1.7055E+01
   7.7565E+00  -1.7418E+01
   8.1565E+00  -1.7920E+01
   8.5565E+00  -1.8345E+01
   8.9565E+00          NAN
   2.6000E+01   8.1065E-18   6.1620E-02   1.3437E-03
  -1.6243E+01  -1.9564E+01
  -1.5843E+01  -1.9030E+01
  -1.5443E+01  -1.8497E+01
  -1.5043E+01  -1.7966E+01
  -1.4643E+01  -1.7433E+01
  -1.4243E+01  -1.6898E+01
  -1.3843E+01  -1.6373E+01
  -1.3443E+01  -1.5846E+01
  -1.3043E+01  -1.5329E+01
  -1.2643E+01  -1.4825E+01
  -1.2243E+01  -1.4350E+01
  -1.1843E+01  -1.3934E+01
  -1.1443E+01  -1.3643E+01
  -1.1043E+01  -1.2164E+01
  -1.0643E+01  -1.0773E+01
  -1.0243E+01  -9.3821E+00
  -9.8435E+00  -7.9883E+00
  -9.4435E+00  -6.5924E+00
  -9.0435E+00  -5.1964E+00
  -8.6435E+00  -3.8297E+00
  -8.2435E+00  -2.9260E+00
  -7.8435E+00  -2.8352E+00
  -7.4435E+00  -2.8607E+00
  -7.0435E+00  -2.8949E+00
  -6.6435E+00  -2.9360E+00
  -6.2435E+00  -2.9894E+00
  -5.8435E+00  -3.0668E+00
  -5.4435E+00  -3.1910E+00
  -5.0435E+00  -3.4057E+00
  -4.6435E+00  -3.7736E+00
  -4.2435E+00  -4.1234E+00
  -3.8435E+00  -4.0777E+00
  -3.4435E+00  -3.8040E+00
  -3.0435E+00  -3.4803E+00
  -2.6435E+00  -3.3682E+00
  -2.2435E+00  -3.3546E+00
  -1.8435E+00  -3.3441E+00
  -1.4435E+00  -3.3428E+00
  -1.0435E+00  -3.3516E+00
  -6.4345E-01  -3.3698E+00
  -2.4345E-01  -3.3970E+00
   1.5655E-01  -3.4325E+00
   5.5655E-01  -3.4755E+00
   9.5655E-01  -3.5271E+00
   1.3565E+00  -3.5921E+00
   1.7565E+00  -3.6874E+00
   2.1565E+00  -3.9058E+00
   2.5565E+00  -4.3087E+00
   2.9565E+00  -4.6715E+00
   3.3565E+00  -7.5407E+00
   3.7565E+00  -1.1901E+01
   4.1565E+00  -1.2406E+01
   4.5565E+00  -1.2372E+01
   4.9565E+00  -1.2130E+01
   5.3565E+00  -1.1884E+01
   5.7565E+00  -1.1949E+01
   6.1565E+00  -1.2426E+01
   6.5565E+00  -1.3332E+01
   6.9565E+00  -1.5404E+01
   7.3565E+00  -1.7128E+01
   7.7565E+00  -1.7495E+01
   8.1565E+00  -1.8006E+01
   8.5565E+00  -1.8401E+01
   8.9565E+00          NAN
   2.7000E+01   8.1065E-18   6.1400E-02   1.1663E-03
  -1.6243E+01  -1.9582E+01
  -1.5843E+01  -1.9048E+01
  -1.5443E+01  -1.8516E+01
  -1.5043E+01  -1.7984E+01
  -1.4643E+01  -1.7451E+01
  -1.4243E+01  -1.6916E+01
  -1.3843E+01  -1.6392E+01
  -1.3443E+01  -1.5865E+01
  -1.3043E+01  -1.5348E+01
  -1.2643E+01  -1.4846E+01
  -1.2243E+01  -1.4372E+01
  -1.1843E+01  -1.3961E+01
  -1.1443E+01  -1.3677E+01
  -1.1043E+01  -1.2215E+01
  -1.0643E+01  -1.0827E+01
  -1.0243E+01  -9.4366E+00
  -9.8435E+00  -8.0436E+00
  -9.4435E+00  -6.6483E+00
  -9.0435E+00  -5.2527E+00
  -8.6435E+00  -3.8877E+00
  -8.2435E+00  -2.9562E+00
  -7.8435E+00  -2.8437E+00
  -7.4435E+00  -2.8681E+00
  -7.0435E+00  -2.9019E+00
  -6.6435E+00  -2.9428E+00
  -6.2435E+00  -2.9964E+00
  -5.8435E+00  -3.0752E+00
  -5.4435E+00  -3.2030E+00
  -5.0435E+00  -3.4250E+00
  -4.6435E+00  -3.7957E+00
  -4.2435E+00  -4.0933E+00
  -3.8435E+00  -4.0406E+00
  -3.4435E+00  -3.7764E+00
  -3.0435E+00  -3.4574E+00
  -2.6435E+00  -3.3392E+00
  -2.2435E+00  -3.3165E+00
  -1.8435E+00  -3.3002E+00
  -1.4435E+00  -3.2951E+00
  -1.0435E+00  -3.3015E+00
  -6.4345E-01  -3.3181E+00
  -2.4345E-01  -3.3442E+00
   1.5655E-01  -3.3789E+00
   5.5655E-01  -3.4214E+00
   9.5655E-01  -3.4727E+00
   1.3565E+00  -3.5374E+00
   1.7565E+00  -3.6322E+00
   2.1565E+00  -3.8496E+00
   2.5565E+00  -4.2508E+00
   2.9565E+00  -4.6118E+00
   3.3565E+00  -7.4614E+00
   3.7565E+00  -1.1971E+01
   4.1565E+00  -1.2475E+01
   4.5565E+00  -1.2441E+01
   4.9565E+00  -1.2200E+01
   5.3565E+00  -1.1955E+01
   5.7565E+00  -1.2023E+01
   6.1565E+00  -1.2514E+01
   6.5565E+00  -1.3455E+01
   6.9565E+00  -1.5647E+01
   7.3565E+00  -1.7184E+01
   7.7565E+00  -1.7556E+01
   8.1565E+00  -1.8067E+01
   8.5565E+00  -1.8442E+01
   8.9565E+00          NAN
   2.8000E+01   8.1065E-18   6.2583E-02   1.1003E-03
  -1.6243E+01  -1.9571E+01
  -1.5843E+01  -1.9037E+01
  -1.5443E+01  -1.8504E+01
  -1.5043E+01  -1.7973E+01
  -1.4643E+01  -1.7440E+01
  -1.4243E+01  -1.6905E+01
  -1.3843E+01  -1.6380E+01
  -1.3443E+01  -1.5853E+01
  -1.3043E+01  -1.5336E+01
  -1.2643E+01  -1.4834E+01
  -1.2243E+01  -1.4359E+01
  -1.1843E+01  -1.3948E+01
  -1.1443E+01  -1.3661E+01
  -1.1043E+01  -1.2198E+01
  -1.0643E+01  -1.0809E+01
  -1.0243E+01  -9.4177E+00
  -9.8435E+00  -8.0241E+00
  -9.4435E+00  -6.6283E+00
  -9.0435E+00  -5.2326E+00
  -8.6435E+00  -3.8736E+00
  -8.2435E+00  -2.9589E+00
  -7.8435E+00  -2.8390E+00
  -7.4435E+00  -2.8629E+00
  -7.0435E+00  -2.8967E+00
  -6.6435E+00  -2.9374E+00
  -6.2435E+00  -2.9911E+00
  -5.8435E+00  -3.0706E+00
  -5.4435E+00  -3.2000E+00
  -5.0435E+00  -3.4254E+00
  -4.6435E+00  -3.7968E+00
  -4.2435E+00  -4.0695E+00
  -3.8435E+00  -4.0163E+00
  -3.4435E+00  -3.7522E+00
  -3.0435E+00  -3.4328E+00
  -2.6435E+00  -3.3111E+00
  -2.2435E+00  -3.2845E+00
  -1.8435E+00  -3.2665E+00
  -1.4435E+00  -3.2607E+00
  -1.0435E+00  -3.2668E+00
  -6.4345E-01  -3.2832E+00
  -2.4345E-01  -3.3092E+00
   1.5655E-01  -3.3441E+00
   5.5655E-01  -3.3869E+00
   9.5655E-01  -3.4384E+00
   1.3565E+00  -3.5032E+00
   1.7565E+00  -3.5981E+00
   2.1565E+00  -3.8153E+00
   2.5565E+00  -4.2163E+00
   2.9565E+00  -4.5778E+00
   3.3565E+00  -7.4034E+00
   3.7565E+00  -1.2007E+01
   4.1565E+00  -1.2508E+01
   4.5565E+00  -1.2474E+01
   4.9565E+00  -1.2232E+01
   5.3565E+00  -1.1985E+01
   5.7565E+00  -1.2050E+01
   6.1565E+00  -1.2537E+01
   6.5565E+00  -1.3468E+01
   6.9565E+00  -1.5631E+01
   7.3565E+00  -1.7226E+01
   7.7565E+00  -1.7599E+01
   8.1565E+00  -1.8108E+01
   8.5565E+00  -1.8477E+01
   8.9565E+00          NAN
   2.9000E+01   8.1065E-18   6.3942E-02   1.1512E-03
  -1.6243E+01  -1.9541E+01
  -1.5843E+01  -1.9008E+01
  -1.5443E+01  -1.8475E+01
  -1.5043E+01  -1.7944E+01
  -1.4643E+01  -1.7411E+01
  -1.4243E+01  -1.6876E+01
  -1.3843E+01  -1.6350E+01
  -1.3443E+01  -1.5823E+01
  -1.3043E+01  -1.5306E+01
  -1.2643E+01  -1.4802E+01
  -1.2243E+01  -1.4325E+01
  -1.1843E+01  -1.3907E+01
  -1.1443E+01  -1.3611E+01
  -1.1043E+01  -1.2133E+01
  -1.0643E+01  -1.0740E+01
  -1.0243E+01  -9.3466E+00
  -9.8435E+00  -7.9510E+00
  -9.4435E+00  -6.5538E+00
  -9.0435E+00  -5.1576E+00
  -8.6435E+00  -3.8061E+00
  -8.2435E+00  -2.9390E+00
  -7.8435E+00  -2.8277E+00
  -7.4435E+00  -2.8522E+00
  -7.0435E+00  -2.8861E+00
  -6.6435E+00  -2.9269E+00
  -6.2435E+00  -2.9806E+00
  -5.8435E+00  -3.0597E+00
  -5.4435E+00  -3.1883E+00
  -5.0435E+00  -3.4123E+00
  -4.6435E+00  -3.7835E+00
  -4.2435E+00  -4.0663E+00
  -3.8435E+00  -4.0180E+00
  -3.4435E+00  -3.7451E+00
  -3.0435E+00  -3.4204E+00
  -2.6435E+00  -3.2987E+00
  -2.2435E+00  -3.2741E+00
  -1.8435E+00  -3.2588E+00
  -1.4435E+00  -3.2556E+00
  -1.0435E+00  -3.2637E+00
  -6.4345E-01  -3.2816E+00
  -2.4345E-01  -3.3088E+00
   1.5655E-01  -3.3446E+00
   5.5655E-01  -3.3883E+00
   9.5655E-01  -3.4404E+00
   1.3565E+00  -3.5058E+00
   1.7565E+00  -3.6011E+00
   2.1565E+00  -3.8190E+00
   2.5565E+00  -4.2210E+00
   2.9565E+00  -4.5844E+00
   3.3565E+00  -7.3979E+00
   3.7565E+00  -1.2019E+01
   4.1565E+00  -1.2517E+01
   4.5565E+00  -1.2481E+01
   4.9565E+00  -1.2238E+01
   5.3565E+00  -1.1989E+01
   5.7565E+00  -1.2047E+01
   6.1565E+00  -1.2518E+01
   6.5565E+00  -1.3407E+01
   6.9565E+00  -1.5414E+01
   7.3565E+00  -1.7260E+01
   7.7565E+00  -1.7631E+01
   8.1565E+00  -1.8135E+01
   8.5565E+00  -1.8515E+01
   8.9565E+00          NAN
   3.0000E+01   8.1065E-18   6.5359E-02   1.2796E-03
  -1.6243E+01  -1.9513E+01
  -1.5843E+01  -1.8979E+01
  -1.5443E+01  -1.8446E+01
  -1.5043E+01  -1.7915E+01
  -1.4643E+01  -1.7381E+01
  -1.4243E+01  -1.6848E+01
  -1.3843E+01  -1.6320E+01
  -1.3443E+01  -1.5794E+01
  -1.3043E+01  -1.5276E+01
  -1.2643E+01  -1.4770E+01
  -1.2243E+01  -1.4291E+01
  -1.1843E+01  -1.3868E+01
  -1.1443E+01  -1.3562E+01
  -1.1043E+01  -1.2062E+01
  -1.0643E+01  -1.0666E+01
  -1.0243E+01  -9.2704E+00
  -9.8435E+00  -7.8734E+00
  -9.4435E+00  -6.4753E+00
  -9.0435E+00  -5.0786E+00
  -8.6435E+00  -3.7317E+00
  -8.2435E+00  -2.9090E+00
  -7.8435E+00  -2.8132E+00
  -7.4435E+00  -2.8385E+00
  -7.0435E+00  -2.8727E+00
  -6.6435E+00  -2.9137E+00
  -6.2435E+00  -2.9672E+00
  -5.8435E+00  -3.0454E+00
  -5.4435E+00  -3.1716E+00
  -5.0435E+00  -3.3906E+00
  -4.6435E+00  -3.7605E+00
  -4.2435E+00  -4.0776E+00
  -3.8435E+00  -4.0373E+00
  -3.4435E+00  -3.7517E+00
  -3.0435E+00  -3.4204E+00
  -2.6435E+00  -3.3021E+00
  -2.2435E+00  -3.2839E+00
  -1.8435E+00  -3.2738E+00
  -1.4435E+00  -3.2744E+00
  -1.0435E+00  -3.2851E+00
  -6.4345E-01  -3.3049E+00
  -2.4345E-01  -3.3334E+00
   1.5655E-01  -3.3703E+00
   5.5655E-01  -3.4147E+00
   9.5655E-01  -3.4673E+00
   1.3565E+00  -3.5332E+00
   1.7565E+00  -3.6290E+00
   2.1565E+00  -3.8479E+00
   2.5565E+00  -4.2513E+00
   2.9565E+00  -4.6164E+00
   3.3565E+00  -7.4343E+00
   3.7565E+00  -1.2027E+01
   4.1565E+00  -1.2524E+01
   4.5565E+00  -1.2487E+01
   4.9565E+00  -1.2242E+01
   5.3565E+00  -1.1991E+01
   5.7565E+00  -1.2046E+01
   6.1565E+00  -1.2500E+01
   6.5565E+00  -1.3344E+01
   6.9565E+00  -1.5224E+01
   7.3565E+00  -1.7286E+01
   7.7565E+00  -1.7654E+01
   8.1565E+00  -1.8154E+01
   8.5565E+00  -1.8551E+01
   8.9565E+00          NAN
   3.1000E+01   8.1065E-18   6.5599E-02   1.4087E-03
  -1.6243E+01  -1.9495E+01
  -1.5843E+01  -1.8961E+01
  -1.5443E+01  -1.8428E+01
  -1.5043E+01  -1.7897E+01
  -1.4643E+01  -1.7363E+01
  -1.4243E+01  -1.6830E+01
  -1.3843E+01  -1.6301E+01
  -1.3443E+01  -1.5775E+01
  -1.3043E+01  -1.5258E+01
  -1.2643E+01  -1.4751E+01
  -1.2243E+01  -1.4269E+01
  -1.1843E+01  -1.3842E+01
  -1.1443E+01  -1.3529E+01
  -1.1043E+01  -1.2011E+01
  -1.0643E+01  -1.0612E+01
  -1.0243E+01  -9.2165E+00
  -9.8435E+00  -7.8189E+00
  -9.4435E+00  -6.4204E+00
  -9.0435E+00  -5.0235E+00
  -8.6435E+00  -3.6807E+00
  -8.2435E+00  -2.8898E+00
  -7.8435E+00  -2.8071E+00
  -7.4435E+00  -2.8333E+00
  -7.0435E+00  -2.8677E+00
  -6.6435E+00  -2.9087E+00
  -6.2435E+00  -2.9621E+00
  -5.8435E+00  -3.0394E+00
  -5.4435E+00  -3.1632E+00
  -5.0435E+00  -3.3773E+00
  -4.6435E+00  -3.7447E+00
  -4.2435E+00  -4.0961E+00
  -3.8435E+00  -4.0613E+00
  -3.4435E+00  -3.7682E+00
  -3.0435E+00  -3.4335E+00
  -2.6435E+00  -3.3193E+00
  -2.2435E+00  -3.3078E+00
  -1.8435E+00  -3.3022E+00
  -1.4435E+00  -3.3059E+00
  -1.0435E+00  -3.3189E+00
  -6.4345E-01  -3.3403E+00
  -2.4345E-01  -3.3700E+00
   1.5655E-01  -3.4076E+00
   5.5655E-01  -3.4525E+00
   9.5655E-01  -3.5054E+00
   1.3565E+00  -3.5715E+00
   1.7565E+00  -3.6678E+00
   2.1565E+00  -3.8873E+00
   2.5565E+00  -4.2919E+00
   2.9565E+00  -4.6578E+00
   3.3565E+00  -7.4905E+00
   3.7565E+00  -1.2048E+01
   4.1565E+00  -1.2545E+01
   4.5565E+00  -1.2506E+01
   4.9565E+00  -1.2260E+01
   5.3565E+00  -1.2009E+01
   5.7565E+00  -1.2061E+01
   6.1565E+00  -1.2505E+01
   6.5565E+00  -1.3318E+01
   6.9565E+00  -1.5099E+01
   7.3565E+00  -1.7320E+01
   7.7565E+00  -1.7686E+01
   8.1565E+00  -1.8183E+01
   8.5565E+00  -1.8594E+01
   8.9565E+00          NAN
   3.2000E+01   8.1065E-18   6.6348E-02   1.5204E-03
  -1.6243E+01  -1.9478E+01
  -1.5843E+01  -1.8944E+01
  -1.5443E+01  -1.8411E+01
  -1.5043E+01  -1.7880E+01
  -1.4643E+01  -1.7346E+01
  -1.4243E+01  -1.6814E+01
  -1.3843E+01  -1.6284E+01
  -1.3443E+01  -1.5758E+01
  -1.3043E+01  -1.5240E+01
  -1.2643E+01  -1.4733E+01
  -1.2243E+01  -1.4250E+01
  -1.1843E+01  -1.3820E+01
  -1.1443E+01  -1.3502E+01
  -1.1043E+01  -1.1971E+01
  -1.0643E+01  -1.0570E+01
  -1.0243E+01  -9.1743E+00
  -9.8435E+00  -7.7764E+00
  -9.4435E+00  -6.3775E+00
  -9.0435E+00  -4.9806E+00
  -8.6435E+00  -3.6401E+00
  -8.2435E+00  -2.8713E+00
  -7.8435E+00  -2.7988E+00
  -7.4435E+00  -2.8256E+00
  -7.0435E+00  -2.8602E+00
  -6.6435E+00  -2.9014E+00
  -6.2435E+00  -2.9546E+00
  -5.8435E+00  -3.0311E+00
  -5.4435E+00  -3.1529E+00
  -5.0435E+00  -3.3628E+00
  -4.6435E+00  -3.7276E+00
  -4.2435E+00  -4.1090E+00
  -3.8435E+00  -4.0828E+00
  -3.4435E+00  -3.7817E+00
  -3.0435E+00  -3.4434E+00
  -2.6435E+00  -3.3330E+00
  -2.2435E+00  -3.3270E+00
  -1.8435E+00  -3.3250E+00
  -1.4435E+00  -3.3312E+00
  -1.0435E+00  -3.3460E+00
  -6.4345E-01  -3.3685E+00
  -2.4345E-01  -3.3991E+00
   1.5655E-01  -3.4373E+00
   5.5655E-01  -3.4824E+00
   9.5655E-01  -3.5355E+00
   1.3565E+00  -3.6018E+00
   1.7565E+00  -3.6983E+00
   2.1565E+00  -3.9183E+00
   2.5565E+00  -4.3237E+00
   2.9565E+00  -4.6899E+00
   3.3565E+00  -7.5402E+00
   3.7565E+00  -1.2071E+01
   4.1565E+00  -1.2568E+01
   4.5565E+00  -1.2529E+01
   4.9565E+00  -1.2282E+01
   5.3565E+00  -1.2031E+01
   5.7565E+00  -1.2081E+01
   6.1565E+00  -1.2516E+01
   6.5565E+00  -1.3308E+01
   6.9565E+00  -1.5023E+01
   7.3565E+00  -1.7351E+01
   7.7565E+00  -1.7717E+01
   8.1565E+00  -1.8211E+01
   8.5565E+00  -1.8633E+01
   8.9565E+00          NAN
   3.3000E+01   8.1065E-18   6.6364E-02   1.5959E-03
  -1.6243E+01  -1.9471E+01
  -1.5843E+01  -1.8938E+01
  -1.5443E+01  -1.8404E+01
  -1.5043E+01  -1.7874E+01
  -1.4643E+01  -1.7339E+01
  -1.4243E+01  -1.6807E+01
  -1.3843E+01  -1.6277E+01
  -1.3443E+01  -1.5751E+01
  -1.3043E+01  -1.5233E+01
  -1.2643E+01  -1.4725E+01
  -1.2243E+01  -1.4242E+01
  -1.1843E+01  -1.3811E+01
  -1.1443E+01  -1.3490E+01
  -1.1043E+01  -1.1950E+01
  -1.0643E+01  -1.0550E+01
  -1.0243E+01  -9.1533E+00
  -9.8435E+00  -7.7553E+00
  -9.4435E+00  -6.3563E+00
  -9.0435E+00  -4.9593E+00
  -8.6435E+00  -3.6194E+00
  -8.2435E+00  -2.8622E+00
  -7.8435E+00  -2.7961E+00
  -7.4435E+00  -2.8234E+00
  -7.0435E+00  -2.8581E+00
  -6.6435E+00  -2.8994E+00
  -6.2435E+00  -2.9524E+00
  -5.8435E+00  -3.0284E+00
  -5.4435E+00  -3.1486E+00
  -5.0435E+00  -3.3552E+00
  -4.6435E+00  -3.7174E+00
  -4.2435E+00  -4.1205E+00
  -3.8435E+00  -4.0991E+00
  -3.4435E+00  -3.7956E+00
  -3.0435E+00  -3.4564E+00
  -2.6435E+00  -3.3488E+00
  -2.2435E+00  -3.3467E+00
  -1.8435E+00  -3.3470E+00
  -1.4435E+00  -3.3548E+00
  -1.0435E+00  -3.3706E+00
  -6.4345E-01  -3.3940E+00
  -2.4345E-01  -3.4251E+00
   1.5655E-01  -3.4635E+00
   5.5655E-01  -3.5087E+00
   9.5655E-01  -3.5618E+00
   1.3565E+00  -3.6281E+00
   1.7565E+00  -3.7247E+00
   2.1565E+00  -3.9450E+00
   2.5565E+00  -4.3507E+00
   2.9565E+00  -4.7167E+00
   3.3565E+00  -7.5856E+00
   3.7565E+00  -1.2105E+01
   4.1565E+00  -1.2602E+01
   4.5565E+00  -1.2563E+01
   4.9565E+00  -1.2316E+01
   5.3565E+00  -1.2065E+01
   5.7565E+00  -1.2115E+01
   6.1565E+00  -1.2544E+01
   6.5565E+00  -1.3323E+01
   6.9565E+00  -1.5009E+01
   7.3565E+00  -1.7388E+01
   7.7565E+00  -1.7754E+01
   8.1565E+00  -1.8247E+01
   8.5565E+00  -1.8676E+01
   8.9565E+00          NAN
   3.4000E+01   8.1065E-18   6.5687E-02   1.6176E-03
  -1.6243E+01  -1.9477E+01
  -1.5843E+01  -1.8943E+01
  -1.5443E+01  -1.8410E+01
  -1.5043E+01  -1.7879E+01
  -1.4643E+01  -1.7345E+01
  -1.4243E+01  -1.6813E+01
  -1.3843E+01  -1.6283E+01
  -1.3443E+01  -1.5757E+01
  -1.3043E+01  -1.5239E+01
  -1.2643E+01  -1.4731E+01
  -1.2243E+01  -1.4248E+01
  -1.1843E+01  -1.3818E+01
  -1.1443E+01  -1.3498E+01
  -1.1043E+01  -1.1959E+01
  -1.0643E+01  -1.0559E+01
  -1.0243E+01  -9.1634E+00
  -9.8435E+00  -7.7655E+00
  -9.4435E+00  -6.3667E+00
  -9.0435E+00  -4.9695E+00
  -8.6435E+00  -3.6260E+00
  -8.2435E+00  -2.8633E+00
  -7.8435E+00  -2.7993E+00
  -7.4435E+00  -2.8267E+00
  -7.0435E+00  -2.8614E+00
  -6.6435E+00  -2.9027E+00
  -6.2435E+00  -2.9558E+00
  -5.8435E+00  -3.0314E+00
  -5.4435E+00  -3.1510E+00
  -5.0435E+00  -3.3562E+00
  -4.6435E+00  -3.7174E+00
  -4.2435E+00  -4.1298E+00
  -3.8435E+00  -4.1090E+00
  -3.4435E+00  -3.8071E+00
  -3.0435E+00  -3.4688E+00
  -2.6435E+00  -3.3625E+00
  -2.2435E+00  -3.3618E+00
  -1.8435E+00  -3.3627E+00
  -1.4435E+00  -3.3708E+00
  -1.0435E+00  -3.3868E+00
  -6.4345E-01  -3.4104E+00
  -2.4345E-01  -3.4415E+00
   1.5655E-01  -3.4800E+00
   5.5655E-01  -3.5250E+00
   9.5655E-01  -3.5780E+00
   1.3565E+00  -3.6441E+00
   1.7565E+00  -3.7407E+00
   2.1565E+00  -3.9610E+00
   2.5565E+00  -4.3666E+00
   2.9565E+00  -4.7320E+00
   3.3565E+00  -7.6155E+00
   3.7565E+00  -1.2153E+01
   4.1565E+00  -1.2652E+01
   4.5565E+00  -1.2613E+01
   4.9565E+00  -1.2366E+01
   5.3565E+00  -1.2116E+01
   5.7565E+00  -1.2167E+01
   6.1565E+00  -1.2598E+01
   6.5565E+00  -1.3381E+01
   6.9565E+00  -1.5081E+01
   7.3565E+00  -1.7434E+01
   7.7565E+00  -1.7800E+01
   8.1565E+00  -1.8294E+01
   8.5565E+00  -1.8724E+01
   8.9565E+00          NAN
   3.5000E+01   8.1065E-18   6.4846E-02   1.5759E-03
  -1.6243E+01  -1.9493E+01
  -1.5843E+01  -1.8960E+01
  -1.5443E+01  -1.8426E+01
  -1.5043E+01  -1.7896E+01
  -1.4643E+01  -1.7361E+01
  -1.4243E+01  -1.6829E+01
  -1.3843E+01  -1.6299E+01
  -1.3443E+01  -1.5774E+01
  -1.3043E+01  -1.5256E+01
  -1.2643E+01  -1.4749E+01
  -1.2243E+01  -1.4267E+01
  -1.1843E+01  -1.3839E+01
  -1.1443E+01  -1.3524E+01
  -1.1043E+01  -1.1999E+01
  -1.0643E+01  -1.0601E+01
  -1.0243E+01  -9.2054E+00
  -9.8435E+00  -7.8082E+00
  -9.4435E+00  -6.4098E+00
  -9.0435E+00  -5.0126E+00
  -8.6435E+00  -3.6617E+00
  -8.2435E+00  -2.8730E+00
  -7.8435E+00  -2.8058E+00
  -7.4435E+00  -2.8329E+00
  -7.0435E+00  -2.8676E+00
  -6.6435E+00  -2.9089E+00
  -6.2435E+00  -2.9619E+00
  -5.8435E+00  -3.0378E+00
  -5.4435E+00  -3.1578E+00
  -5.0435E+00  -3.3642E+00
  -4.6435E+00  -3.7266E+00
  -4.2435E+00  -4.1326E+00
  -3.8435E+00  -4.1067E+00
  -3.4435E+00  -3.8105E+00
  -3.0435E+00  -3.4750E+00
  -2.6435E+00  -3.3683E+00
  -2.2435E+00  -3.3661E+00
  -1.8435E+00  -3.3657E+00
  -1.4435E+00  -3.3726E+00
  -1.0435E+00  -3.3878E+00
  -6.4345E-01  -3.4108E+00
  -2.4345E-01  -3.4415E+00
   1.5655E-01  -3.4794E+00
   5.5655E-01  -3.5242E+00
   9.5655E-01  -3.5769E+00
   1.3565E+00  -3.6428E+00
   1.7565E+00  -3.7391E+00
   2.1565E+00  -3.9592E+00
   2.5565E+00  -4.3643E+00
   2.9565E+00  -4.7287E+00
   3.3565E+00  -7.6192E+00
   3.7565E+00  -1.2214E+01
   4.1565E+00  -1.2714E+01
   4.5565E+00  -1.2676E+01
   4.9565E+00  -1.2430E+01
   5.3565E+00  -1.2181E+01
   5.7565E+00  -1.2235E+01
   6.1565E+00  -1.2674E+01
   6.5565E+00  -1.3479E+01
   6.9565E+00  -1.5239E+01
   7.3565E+00  -1.7486E+01
   7.7565E+00  -1.7850E+01
   8.1565E+00  -1.8348E+01
   8.5565E+00  -1.8773E+01
   8.9565E+00          NAN
   3.6000E+01   8.1065E-18   6.3603E-02   1.4713E-03
  -1.6243E+01  -1.9521E+01
  -1.5843E+01  -1.8988E+01
  -1.5443E+01  -1.8455E+01
  -1.5043E+01  -1.7924E+01
  -1.4643E+01  -1.7390E+01
  -1.4243E+01  -1.6856E+01
  -1.3843E+01  -1.6329E+01
  -1.3443E+01  -1.5802E+01
  -1.3043E+01  -1.5285E+01
  -1.2643E+01  -1.4779E+01
  -1.2243E+01  -1.4300E+01
  -1.1843E+01  -1.3878E+01
  -1.1443E+01  -1.3572E+01
  -1.1043E+01  -1.2066E+01
  -1.0643E+01  -1.0670E+01
  -1.0243E+01  -9.2762E+00
  -9.8435E+00  -7.8801E+00
  -9.4435E+00  -6.4827E+00
  -9.0435E+00  -5.0858E+00
  -8.6435E+00  -3.7266E+00
  -8.2435E+00  -2.8933E+00
  -7.8435E+00  -2.8168E+00
  -7.4435E+00  -2.8433E+00
  -7.0435E+00  -2.8778E+00
  -6.6435E+00  -2.9189E+00
  -6.2435E+00  -2.9722E+00
  -5.8435E+00  -3.0487E+00
  -5.4435E+00  -3.1704E+00
  -5.0435E+00  -3.3802E+00
  -4.6435E+00  -3.7457E+00
  -4.2435E+00  -4.1289E+00
  -3.8435E+00  -4.0936E+00
  -3.4435E+00  -3.8064E+00
  -3.0435E+00  -3.4754E+00
  -2.6435E+00  -3.3663E+00
  -2.2435E+00  -3.3598E+00
  -1.8435E+00  -3.3559E+00
  -1.4435E+00  -3.3601E+00
  -1.0435E+00  -3.3732E+00
  -6.4345E-01  -3.3947E+00
  -2.4345E-01  -3.4243E+00
   1.5655E-01  -3.4614E+00
   5.5655E-01  -3.5055E+00
   9.5655E-01  -3.5578E+00
   1.3565E+00  -3.6234E+00
   1.7565E+00  -3.7193E+00
   2.1565E+00  -3.9387E+00
   2.5565E+00  -4.3429E+00
   2.9565E+00  -4.7061E+00
   3.3565E+00  -7.5928E+00
   3.7565E+00  -1.2288E+01
   4.1565E+00  -1.2790E+01
   4.5565E+00  -1.2753E+01
   4.9565E+00  -1.2509E+01
   5.3565E+00  -1.2261E+01
   5.7565E+00  -1.2319E+01
   6.1565E+00  -1.2773E+01
   6.5565E+00  -1.3616E+01
   6.9565E+00  -1.5496E+01
   7.3565E+00  -1.7543E+01
   7.7565E+00  -1.7908E+01
   8.1565E+00  -1.8410E+01
   8.5565E+00  -1.8824E+01
   8.9565E+00          NAN
   3.7000E+01   8.1065E-18   6.2236E-02   1.3190E-03
  -1.6243E+01  -1.9558E+01
  -1.5843E+01  -1.9024E+01
  -1.5443E+01  -1.8491E+01
  -1.5043E+01  -1.7960E+01
  -1.4643E+01  -1.7427E+01
  -1.4243E+01  -1.6893E+01
  -1.3843E+01  -1.6367E+01
  -1.3443E+01  -1.5840E+01
  -1.3043E+01  -1.5323E+01
  -1.2643E+01  -1.4819E+01
  -1.2243E+01  -1.4343E+01
  -1.1843E+01  -1.3927E+01
  -1.1443E+01  -1.3634E+01
  -1.1043E+01  -1.2153E+01
  -1.0643E+01  -1.0761E+01
  -1.0243E+01  -9.3689E+00
  -9.8435E+00  -7.9748E+00
  -9.4435E+00  -6.5788E+00
  -9.0435E+00  -5.1826E+00
  -8.6435E+00  -3.8155E+00
  -8.2435E+00  -2.9238E+00
  -7.8435E+00  -2.8309E+00
  -7.4435E+00  -2.8564E+00
  -7.0435E+00  -2.8905E+00
  -6.6435E+00  -2.9315E+00
  -6.2435E+00  -2.9850E+00
  -5.8435E+00  -3.0625E+00
  -5.4435E+00  -3.1870E+00
  -5.0435E+00  -3.4027E+00
  -4.6435E+00  -3.7721E+00
  -4.2435E+00  -4.1155E+00
  -3.8435E+00  -4.0702E+00
  -3.4435E+00  -3.7941E+00
  -3.0435E+00  -3.4689E+00
  -2.6435E+00  -3.3560E+00
  -2.2435E+00  -3.3424E+00
  -1.8435E+00  -3.3330E+00
  -1.4435E+00  -3.3329E+00
  -1.0435E+00  -3.3428E+00
  -6.4345E-01  -3.3620E+00
  -2.4345E-01  -3.3898E+00
   1.5655E-01  -3.4257E+00
   5.5655E-01  -3.4689E+00
   9.5655E-01  -3.5206E+00
   1.3565E+00  -3.5857E+00
   1.7565E+00  -3.6811E+00
   2.1565E+00  -3.8995E+00
   2.5565E+00  -4.3022E+00
   2.9565E+00  -4.6641E+00
   3.3565E+00  -7.5353E+00
   3.7565E+00  -1.2372E+01
   4.1565E+00  -1.2876E+01
   4.5565E+00  -1.2841E+01
   4.9565E+00  -1.2599E+01
   5.3565E+00  -1.2353E+01
   5.7565E+00  -1.2417E+01
   6.1565E+00  -1.2892E+01
   6.5565E+00  -1.3791E+01
   6.9565E+00  -1.5842E+01
   7.3565E+00  -1.7603E+01
   7.7565E+00  -1.7971E+01
   8.1565E+00  -1.8479E+01
   8.5565E+00  -1.8874E+01
   8.9565E+00          NAN
   3.8000E+01   8.1065E-18   6.0290E-02   1.1480E-03
  -1.6243E+01  -1.9600E+01
  -1.5843E+01  -1.9067E+01
  -1.5443E+01  -1.8534E+01
  -1.5043E+01  -1.8003E+01
  -1.4643E+01  -1.7470E+01
  -1.4243E+01  -1.6935E+01
  -1.3843E+01  -1.6411E+01
  -1.3443E+01  -1.5884E+01
  -1.3043E+01  -1.5367E+01
  -1.2643E+01  -1.4865E+01
  -1.2243E+01  -1.4393E+01
  -1.1843E+01  -1.3985E+01
  -1.1443E+01  -1.3707E+01
  -1.1043E+01  -1.2249E+01
  -1.0643E+01  -1.0860E+01
  -1.0243E+01  -9.4706E+00
  -9.8435E+00  -8.0787E+00
  -9.4435E+00  -6.6844E+00
  -9.0435E+00  -5.2892E+00
  -8.6435E+00  -3.9180E+00
  -8.2435E+00  -2.9690E+00
  -7.8435E+00  -2.8531E+00
  -7.4435E+00  -2.8771E+00
  -7.0435E+00  -2.9108E+00
  -6.6435E+00  -2.9516E+00
  -6.2435E+00  -3.0053E+00
  -5.8435E+00  -3.0843E+00
  -5.4435E+00  -3.2126E+00
  -5.0435E+00  -3.4358E+00
  -4.6435E+00  -3.8065E+00
  -4.2435E+00  -4.0974E+00
  -3.8435E+00  -4.0430E+00
  -3.4435E+00  -3.7796E+00
  -3.0435E+00  -3.4615E+00
  -2.6435E+00  -3.3435E+00
  -2.2435E+00  -3.3214E+00
  -1.8435E+00  -3.3054E+00
  -1.4435E+00  -3.3001E+00
  -1.0435E+00  -3.3061E+00
  -6.4345E-01  -3.3223E+00
  -2.4345E-01  -3.3479E+00
   1.5655E-01  -3.3823E+00
   5.5655E-01  -3.4246E+00
   9.5655E-01  -3.4757E+00
   1.3565E+00  -3.5402E+00
   1.7565E+00  -3.6349E+00
   2.1565E+00  -3.8521E+00
   2.5565E+00  -4.2531E+00
   2.9565E+00  -4.6139E+00
   3.3565E+00  -7.4587E+00
   3.7565E+00  -1.2464E+01
   4.1565E+00  -1.2971E+01
   4.5565E+00  -1.2938E+01
   4.9565E+00  -1.2697E+01
   5.3565E+00  -1.2453E+01
   5.7565E+00  -1.2523E+01
   6.1565E+00  -1.3023E+01
   6.5565E+00  -1.3985E+01
   6.9565E+00  -1.6235E+01
   7.3565E+00  -1.7670E+01
   7.7565E+00  -1.8042E+01
   8.1565E+00  -1.8555E+01
   8.5565E+00  -1.8926E+01
   8.9565E+00          NAN
   3.9000E+01   8.1065E-18   5.9180E-02   9.8685E-04
  -1.6243E+01  -1.9638E+01
  -1.5843E+01  -1.9105E+01
  -1.5443E+01  -1.8572E+01
  -1.5043E+01  -1.8040E+01
  -1.4643E+01  -1.7508E+01
  -1.4243E+01  -1.6972E+01
  -1.3843E+01  -1.6449E+01
  -1.3443E+01  -1.5923E+01
  -1.3043E+01  -1.5407E+01
  -1.2643E+01  -1.4907E+01
  -1.2243E+01  -1.4438E+01
  -1.1843E+01  -1.4039E+01
  -1.1443E+01  -1.3775E+01
  -1.1043E+01  -1.2337E+01
  -1.0643E+01  -1.0952E+01
  -1.0243E+01  -9.5653E+00
  -9.8435E+00  -8.1760E+00
  -9.4435E+00  -6.7837E+00
  -9.0435E+00  -5.3898E+00
  -8.6435E+00  -4.0154E+00
  -8.2435E+00  -3.0147E+00
  -7.8435E+00  -2.8720E+00
  -7.4435E+00  -2.8943E+00
  -7.0435E+00  -2.9276E+00
  -6.6435E+00  -2.9681E+00
  -6.2435E+00  -3.0220E+00
  -5.8435E+00  -3.1026E+00
  -5.4435E+00  -3.2353E+00
  -5.0435E+00  -3.4668E+00
  -4.6435E+00  -3.8365E+00
  -4.2435E+00  -4.0724E+00
  -3.8435E+00  -4.0143E+00
  -3.4435E+00  -3.7602E+00
  -3.0435E+00  -3.4476E+00
  -2.6435E+00  -3.3246E+00
  -2.2435E+00  -3.2937E+00
  -1.8435E+00  -3.2708E+00
  -1.4435E+00  -3.2601E+00
  -1.0435E+00  -3.2618E+00
  -6.4345E-01  -3.2748E+00
  -2.4345E-01  -3.2981E+00
   1.5655E-01  -3.3308E+00
   5.5655E-01  -3.3720E+00
   9.5655E-01  -3.4224E+00
   1.3565E+00  -3.4864E+00
   1.7565E+00  -3.5803E+00
   2.1565E+00  -3.7962E+00
   2.5565E+00  -4.1952E+00
   2.9565E+00  -4.5550E+00
   3.3565E+00  -7.3692E+00
   3.7565E+00  -1.2551E+01
   4.1565E+00  -1.3059E+01
   4.5565E+00  -1.3028E+01
   4.9565E+00  -1.2791E+01
   5.3565E+00  -1.2547E+01
   5.7565E+00  -1.2623E+01
   6.1565E+00  -1.3150E+01
   6.5565E+00  -1.4185E+01
   6.9565E+00  -1.6622E+01
   7.3565E+00  -1.7731E+01
   7.7565E+00  -1.8110E+01
   8.1565E+00  -1.8625E+01
   8.5565E+00  -1.8969E+01
   8.9565E+00          NAN
   4.0000E+01   8.1065E-18   5.8614E-02   8.4262E-04
  -1.6243E+01  -1.9877E+01
  -1.5843E+01  -1.9344E+01
  -1.5443E+01  -1.8811E+01
  -1.5043E+01  -1.8279E+01
  -1.4643E+01  -1.7747E+01
  -1.4243E+01  -1.7211E+01
  -1.3843E+01  -1.6689E+01
  -1.3443E+01  -1.6163E+01
  -1.3043E+01  -1.5648E+01
  -1.2643E+01  -1.5150E+01
  -1.2243E+01  -1.4686E+01
  -1.1843E+01  -1.4296E+01
  -1.1443E+01  -1.2716E+01
  -1.1043E+01  -1.1290E+01
  -1.0643E+01  -9.8915E+00
  -1.0243E+01  -8.4894E+00
  -9.8435E+00  -7.0857E+00
  -9.4435E+00  -5.6822E+00
  -9.0435E+00  -4.2902E+00
  -8.6435E+00  -3.3599E+00
  -8.2435E+00  -2.9836E+00
  -7.8435E+00  -2.8895E+00
  -7.4435E+00  -2.9129E+00
  -7.0435E+00  -2.9457E+00
  -6.6435E+00  -2.9858E+00
  -6.2435E+00  -3.0398E+00
  -5.8435E+00  -3.1220E+00
  -5.4435E+00  -3.2589E+00
  -5.0435E+00  -3.4982E+00
  -4.6435E+00  -3.8617E+00
  -4.2435E+00  -4.0425E+00
  -3.8435E+00  -3.9836E+00
  -3.4435E+00  -3.7403E+00
  -3.0435E+00  -3.4343E+00
  -2.6435E+00  -3.3068E+00
  -2.2435E+00  -3.2676E+00
  -1.8435E+00  -3.2381E+00
  -1.4435E+00  -3.2220E+00
  -1.0435E+00  -3.2194E+00
  -6.4345E-01  -3.2290E+00
  -2.4345E-01  -3.2498E+00
   1.5655E-01  -3.2807E+00
   5.5655E-01  -3.3208E+00
   9.5655E-01  -3.3704E+00
   1.3565E+00  -3.4337E+00
   1.7565E+00  -3.5269E+00
   2.1565E+00  -3.7413E+00
   2.5565E+00  -4.1383E+00
   2.9565E+00  -4.4971E+00
   3.3565E+00  -7.2796E+00
   3.7565E+00  -1.2637E+01
   4.1565E+00  -1.3148E+01
   4.5565E+00  -1.3120E+01
   4.9565E+00  -1.2885E+01
   5.3565E+00  -1.2643E+01
   5.7565E+00  -1.2724E+01
   6.1565E+00  -1.3279E+01
   6.5565E+00  -1.4399E+01
   6.9565E+00  -1.6909E+01
   7.3565E+00  -1.7617E+01
   7.7565E+00  -1.7977E+01
   8.1565E+00  -1.8395E+01
   8.5565E+00  -1.8818E+01
   8.9565E+00          NAN
   4.1000E+01   8.1065E-18   5.7723E-02   7.1673E-04
  -1.6243E+01  -1.9915E+01
  -1.5843E+01  -1.9382E+01
  -1.5443E+01  -1.8850E+01
  -1.5043E+01  -1.8317E+01
  -1.4643E+01  -1.7786E+01
  -1.4243E+01  -1.7250E+01
  -1.3843E+01  -1.6728E+01
  -1.3443E+01  -1.6204E+01
  -1.3043E+01  -1.5689E+01
  -1.2643E+01  -1.5193E+01
  -1.2243E+01  -1.4734E+01
  -1.1843E+01  -1.4351E+01
  -1.1443E+01  -1.2795E+01
  -1.1043E+01  -1.1380E+01
  -1.0643E+01  -9.9835E+00
  -1.0243E+01  -8.5833E+00
  -9.8435E+00  -7.1811E+00
  -9.4435E+00  -5.7787E+00
  -9.0435E+00  -4.3865E+00
  -8.6435E+00  -3.2238E+00
  -8.2435E+00  -2.9364E+00
  -7.8435E+00  -2.9099E+00
  -7.4435E+00  -2.9354E+00
  -7.0435E+00  -2.9673E+00
  -6.6435E+00  -3.0066E+00
  -6.2435E+00  -3.0605E+00
  -5.8435E+00  -3.1438E+00
  -5.4435E+00  -3.2842E+00
  -5.0435E+00  -3.5284E+00
  -4.6435E+00  -3.8727E+00
  -4.2435E+00  -3.9974E+00
  -3.8435E+00  -3.9413E+00
  -3.4435E+00  -3.7154E+00
  -3.0435E+00  -3.4206E+00
  -2.6435E+00  -3.2906E+00
  -2.2435E+00  -3.2443E+00
  -1.8435E+00  -3.2090E+00
  -1.4435E+00  -3.1882E+00
  -1.0435E+00  -3.1820E+00
  -6.4345E-01  -3.1884E+00
  -2.4345E-01  -3.2066E+00
   1.5655E-01  -3.2357E+00
   5.5655E-01  -3.2745E+00
   9.5655E-01  -3.3233E+00
   1.3565E+00  -3.3860E+00
   1.7565E+00  -3.4784E+00
   2.1565E+00  -3.6912E+00
   2.5565E+00  -4.0862E+00
   2.9565E+00  -4.4441E+00
   3.3565E+00  -7.1947E+00
   3.7565E+00  -1.2724E+01
   4.1565E+00  -1.3237E+01
   4.5565E+00  -1.3211E+01
   4.9565E+00  -1.2979E+01
   5.3565E+00  -1.2739E+01
   5.7565E+00  -1.2825E+01
   6.1565E+00  -1.3408E+01
   6.5565E+00  -1.4626E+01
   6.9565E+00  -1.7082E+01
   7.3565E+00  -1.7603E+01
   7.7565E+00  -1.7946E+01
   8.1565E+00  -1.8350E+01
   8.5565E+00  -1.8848E+01
   8.9565E+00          NAN
   4.2000E+01   8.1065E-18   5.7308E-02   6.2355E-04
  -1.6243E+01  -1.9939E+01
  -1.5843E+01  -1.9405E+01
  -1.5443E+01  -1.8874E+01
  -1.5043E+01  -1.8341E+01
  -1.4643E+01  -1.7809E+01
  -1.4243E+01  -1.7274E+01
  -1.3843E+01  -1.6751E+01
  -1.3443E+01  -1.6228E+01
  -1.3043E+01  -1.5714E+01
  -1.2643E+01  -1.5219E+01
  -1.2243E+01  -1.4763E+01
  -1.1843E+01  -1.4386E+01
  -1.1443E+01  -1.2849E+01
  -1.1043E+01  -1.1441E+01
  -1.0643E+01  -1.0046E+01
  -1.0243E+01  -8.6470E+00
  -9.8435E+00  -7.2459E+00
  -9.4435E+00  -5.8443E+00
  -9.0435E+00  -4.4521E+00
  -8.6435E+00  -3.2585E+00
  -8.2435E+00  -2.9346E+00
  -7.8435E+00  -2.9257E+00
  -7.4435E+00  -2.9514E+00
  -7.0435E+00  -2.9827E+00
  -6.6435E+00  -3.0214E+00
  -6.2435E+00  -3.0751E+00
  -5.8435E+00  -3.1595E+00
  -5.4435E+00  -3.3031E+00
  -5.0435E+00  -3.5516E+00
  -4.6435E+00  -3.8779E+00
  -4.2435E+00  -3.9646E+00
  -3.8435E+00  -3.9108E+00
  -3.4435E+00  -3.6948E+00
  -3.0435E+00  -3.4071E+00
  -2.6435E+00  -3.2744E+00
  -2.2435E+00  -3.2222E+00
  -1.8435E+00  -3.1818E+00
  -1.4435E+00  -3.1570E+00
  -1.0435E+00  -3.1476E+00
  -6.4345E-01  -3.1516E+00
  -2.4345E-01  -3.1677E+00
   1.5655E-01  -3.1953E+00
   5.5655E-01  -3.2332E+00
   9.5655E-01  -3.2814E+00
   1.3565E+00  -3.3436E+00
   1.7565E+00  -3.4353E+00
   2.1565E+00  -3.6469E+00
   2.5565E+00  -4.0401E+00
   2.9565E+00  -4.3976E+00
   3.3565E+00  -7.1205E+00
   3.7565E+00  -1.2797E+01
   4.1565E+00  -1.3311E+01
   4.5565E+00  -1.3286E+01
   4.9565E+00  -1.3056E+01
   5.3565E+00  -1.2818E+01
   5.7565E+00  -1.2908E+01
   6.1565E+00  -1.3512E+01
   6.5565E+00  -1.4798E+01
   6.9565E+00  -1.7192E+01
   7.3565E+00  -1.7649E+01
   7.7565E+00  -1.7989E+01
   8.1565E+00  -1.8401E+01
   8.5565E+00  -1.8911E+01
   8.9565E+00          NAN
   4.3000E+01   8.1065E-18   5.7096E-02   5.6536E-04
  -1.6243E+01  -1.9950E+01
  -1.5843E+01  -1.9417E+01
  -1.5443E+01  -1.8886E+01
  -1.5043E+01  -1.8352E+01
  -1.4643E+01  -1.7821E+01
  -1.4243E+01  -1.7286E+01
  -1.3843E+01  -1.6763E+01
  -1.3443E+01  -1.6240E+01
  -1.3043E+01  -1.5727E+01
  -1.2643E+01  -1.5232E+01
  -1.2243E+01  -1.4777E+01
  -1.1843E+01  -1.4404E+01
  -1.1443E+01  -1.2876E+01
  -1.1043E+01  -1.1472E+01
  -1.0643E+01  -1.0078E+01
  -1.0243E+01  -8.6797E+00
  -9.8435E+00  -7.2791E+00
  -9.4435E+00  -5.8779E+00
  -9.0435E+00  -4.4862E+00
  -8.6435E+00  -3.2882E+00
  -8.2435E+00  -2.9412E+00
  -7.8435E+00  -2.9380E+00
  -7.4435E+00  -2.9637E+00
  -7.0435E+00  -2.9945E+00
  -6.6435E+00  -3.0328E+00
  -6.2435E+00  -3.0866E+00
  -5.8435E+00  -3.1720E+00
  -5.4435E+00  -3.3184E+00
  -5.0435E+00  -3.5701E+00
  -4.6435E+00  -3.8822E+00
  -4.2435E+00  -3.9468E+00
  -3.8435E+00  -3.8938E+00
  -3.4435E+00  -3.6824E+00
  -3.0435E+00  -3.3979E+00
  -2.6435E+00  -3.2629E+00
  -2.2435E+00  -3.2062E+00
  -1.8435E+00  -3.1623E+00
  -1.4435E+00  -3.1346E+00
  -1.0435E+00  -3.1231E+00
  -6.4345E-01  -3.1254E+00
  -2.4345E-01  -3.1403E+00
   1.5655E-01  -3.1670E+00
   5.5655E-01  -3.2043E+00
   9.5655E-01  -3.2522E+00
   1.3565E+00  -3.3142E+00
   1.7565E+00  -3.4055E+00
   2.1565E+00  -3.6163E+00
   2.5565E+00  -4.0084E+00
   2.9565E+00  -4.3659E+00
   3.3565E+00  -7.0681E+00
   3.7565E+00  -1.2858E+01
   4.1565E+00  -1.3371E+01
   4.5565E+00  -1.3347E+01
   4.9565E+00  -1.3118E+01
   5.3565E+00  -1.2880E+01
   5.7565E+00  -1.2969E+01
   6.1565E+00  -1.3586E+01
   6.5565E+00  -1.4903E+01
   6.9565E+00  -1.7263E+01
   7.3565E+00  -1.7697E+01
   7.7565E+00  -1.8037E+01
   8.1565E+00  -1.8453E+01
   8.5565E+00  -1.8966E+01
   8.9565E+00          NAN
   4.4000E+01   8.1065E-18   5.7428E-02   5.3797E-04
  -1.6243E+01  -1.9949E+01
  -1.5843E+01  -1.9415E+01
  -1.5443E+01  -1.8884E+01
  -1.5043E+01  -1.8350E+01
  -1.4643E+01  -1.7819E+01
  -1.4243E+01  -1.7284E+01
  -1.3843E+01  -1.6761E+01
  -1.3443E+01  -1.6238E+01
  -1.3043E+01  -1.5725E+01
  -1.2643E+01  -1.5230E+01
  -1.2243E+01  -1.4775E+01
  -1.1843E+01  -1.4402E+01
  -1.1443E+01  -1.2876E+01
  -1.1043E+01  -1.1472E+01
  -1.0643E+01  -1.0078E+01
  -1.0243E+01  -8.6794E+00
  -9.8435E+00  -7.2786E+00
  -9.4435E+00  -5.8774E+00
  -9.0435E+00  -4.4863E+00
  -8.6435E+00  -3.2948E+00
  -8.2435E+00  -2.9419E+00
  -7.8435E+00  -2.9411E+00
  -7.4435E+00  -2.9668E+00
  -7.0435E+00  -2.9975E+00
  -6.6435E+00  -3.0357E+00
  -6.2435E+00  -3.0895E+00
  -5.8435E+00  -3.1754E+00
  -5.4435E+00  -3.3233E+00
  -5.0435E+00  -3.5770E+00
  -4.6435E+00  -3.8820E+00
  -4.2435E+00  -3.9362E+00
  -3.8435E+00  -3.8840E+00
  -3.4435E+00  -3.6736E+00
  -3.0435E+00  -3.3896E+00
  -2.6435E+00  -3.2528E+00
  -2.2435E+00  -3.1935E+00
  -1.8435E+00  -3.1477E+00
  -1.4435E+00  -3.1187E+00
  -1.0435E+00  -3.1064E+00
  -6.4345E-01  -3.1081E+00
  -2.4345E-01  -3.1224E+00
   1.5655E-01  -3.1489E+00
   5.5655E-01  -3.1862E+00
   9.5655E-01  -3.2341E+00
   1.3565E+00  -3.2960E+00
   1.7565E+00  -3.3873E+00
   2.1565E+00  -3.5979E+00
   2.5565E+00  -3.9897E+00
   2.9565E+00  -4.3476E+00
   3.3565E+00  -7.0360E+00
   3.7565E+00  -1.2903E+01
   4.1565E+00  -1.3415E+01
   4.5565E+00  -1.3390E+01
   4.9565E+00  -1.3161E+01
   5.3565E+00  -1.2922E+01
   5.7565E+00  -1.3009E+01
   6.1565E+00  -1.3625E+01
   6.5565E+00  -1.4943E+01
   6.9565E+00  -1.7306E+01
   7.3565E+00  -1.7740E+01
   7.7565E+00  -1.8079E+01
   8.1565E+00  -1.8496E+01
   8.5565E+00  -1.9010E+01
   8.9565E+00          NAN
   4.5000E+01   8.1065E-18   5.7920E-02   5.3813E-04
  -1.6243E+01  -1.9937E+01
  -1.5843E+01  -1.9404E+01
  -1.5443E+01  -1.8872E+01
  -1.5043E+01  -1.8339E+01
  -1.4643E+01  -1.7808E+01
  -1.4243E+01  -1.7273E+01
  -1.3843E+01  -1.6750E+01
  -1.3443E+01  -1.6227E+01
  -1.3043E+01  -1.5713E+01
  -1.2643E+01  -1.5218E+01
  -1.2243E+01  -1.4761E+01
  -1.1843E+01  -1.4385E+01
  -1.1443E+01  -1.2854E+01
  -1.1043E+01  -1.1447E+01
  -1.0643E+01  -1.0052E+01
  -1.0243E+01  -8.6528E+00
  -9.8435E+00  -7.2513E+00
  -9.4435E+00  -5.8496E+00
  -9.0435E+00  -4.4593E+00
  -8.6435E+00  -3.2811E+00
  -8.2435E+00  -2.9361E+00
  -7.8435E+00  -2.9372E+00
  -7.4435E+00  -2.9630E+00
  -7.0435E+00  -2.9938E+00
  -6.6435E+00  -3.0320E+00
  -6.2435E+00  -3.0858E+00
  -5.8435E+00  -3.1717E+00
  -5.4435E+00  -3.3196E+00
  -5.0435E+00  -3.5734E+00
  -4.6435E+00  -3.8787E+00
  -4.2435E+00  -3.9326E+00
  -3.8435E+00  -3.8812E+00
  -3.4435E+00  -3.6695E+00
  -3.0435E+00  -3.3843E+00
  -2.6435E+00  -3.2464E+00
  -2.2435E+00  -3.1865E+00
  -1.8435E+00  -3.1406E+00
  -1.4435E+00  -3.1119E+00
  -1.0435E+00  -3.1000E+00
  -6.4345E-01  -3.1021E+00
  -2.4345E-01  -3.1169E+00
   1.5655E-01  -3.1437E+00
   5.5655E-01  -3.1813E+00
   9.5655E-01  -3.2296E+00
   1.3565E+00  -3.2918E+00
   1.7565E+00  -3.3833E+00
   2.1565E+00  -3.5942E+00
   2.5565E+00  -3.9864E+00
   2.9565E+00  -4.3453E+00
   3.3565E+00  -7.0265E+00
   3.7565E+00  -1.2935E+01
   4.1565E+00  -1.3446E+01
   4.5565E+00  -1.3420E+01
   4.9565E+00  -1.3191E+01
   5.3565E+00  -1.2950E+01
   5.7565E+00  -1.3032E+01
   6.1565E+00  -1.3637E+01
   6.5565E+00  -1.4929E+01
   6.9565E+00  -1.7327E+01
   7.3565E+00  -1.7779E+01
   7.7565E+00  -1.8118E+01
   8.1565E+00  -1.8533E+01
   8.5565E+00  -1.9049E+01
   8.9565E+00          NAN
   4.6000E+01   8.1065E-18   5.8871E-02   5.6103E-04
  -1.6243E+01  -1.9917E+01
  -1.5843E+01  -1.9384E+01
  -1.5443E+01  -1.8852E+01
  -1.5043E+01  -1.8319E+01
  -1.4643E+01  -1.7787E+01
  -1.4243E+01  -1.7252E+01
  -1.3843E+01  -1.6729E+01
  -1.3443E+01  -1.6205E+01
  -1.3043E+01  -1.5691E+01
  -1.2643E+01  -1.5195E+01
  -1.2243E+01  -1.4737E+01
  -1.1843E+01  -1.4355E+01
  -1.1443E+01  -1.2813E+01
  -1.1043E+01  -1.1402E+01
  -1.0643E+01  -1.0005E+01
  -1.0243E+01  -8.6042E+00
  -9.8435E+00  -7.2016E+00
  -9.4435E+00  -5.7992E+00
  -9.0435E+00  -4.4098E+00
  -8.6435E+00  -3.2499E+00
  -8.2435E+00  -2.9218E+00
  -7.8435E+00  -2.9248E+00
  -7.4435E+00  -2.9510E+00
  -7.0435E+00  -2.9820E+00
  -6.6435E+00  -3.0203E+00
  -6.2435E+00  -3.0740E+00
  -5.8435E+00  -3.1593E+00
  -5.4435E+00  -3.3059E+00
  -5.0435E+00  -3.5581E+00
  -4.6435E+00  -3.8695E+00
  -4.2435E+00  -3.9310E+00
  -3.8435E+00  -3.8807E+00
  -3.4435E+00  -3.6663E+00
  -3.0435E+00  -3.3787E+00
  -2.6435E+00  -3.2408E+00
  -2.2435E+00  -3.1818E+00
  -1.8435E+00  -3.1375E+00
  -1.4435E+00  -3.1105E+00
  -1.0435E+00  -3.1002E+00
  -6.4345E-01  -3.1035E+00
  -2.4345E-01  -3.1192E+00
   1.5655E-01  -3.1469E+00
   5.5655E-01  -3.1853E+00
   9.5655E-01  -3.2341E+00
   1.3565E+00  -3.2967E+00
   1.7565E+00  -3.3887E+00
   2.1565E+00  -3.6003E+00
   2.5565E+00  -3.9935E+00
   2.9565E+00  -4.3536E+00
   3.3565E+00  -7.0333E+00
   3.7565E+00  -1.2957E+01
   4.1565E+00  -1.3465E+01
   4.5565E+00  -1.3439E+01
   4.9565E+00  -1.3208E+01
   5.3565E+00  -1.2965E+01
   5.7565E+00  -1.3044E+01
   6.1565E+00  -1.3632E+01
   6.5565E+00  -1.4873E+01
   6.9565E+00  -1.7318E+01
   7.3565E+00  -1.7812E+01
   7.7565E+00  -1.8151E+01
   8.1565E+00  -1.8563E+01
   8.5565E+00  -1.9081E+01
   8.9565E+00          NAN
   4.7000E+01   8.1065E-18   6.0630E-02   6.0832E-04
  -1.6243E+01  -1.9885E+01
  -1.5843E+01  -1.9352E+01
  -1.5443E+01  -1.8820E+01
  -1.5043E+01  -1.8287E+01
  -1.4643E+01  -1.7755E+01
  -1.4243E+01  -1.7220E+01
  -1.3843E+01  -1.6697E+01
  -1.3443E+01  -1.6172E+01
  -1.3043E+01  -1.5657E+01
  -1.2643E+01  -1.5160E+01
  -1.2243E+01  -1.4698E+01
  -1.1843E+01  -1.4311E+01
  -1.1443E+01  -1.2755E+01
  -1.1043E+01  -1.1336E+01
  -1.0643E+01  -9.9368E+00
  -1.0243E+01  -8.5343E+00
  -9.8435E+00  -7.1304E+00
  -9.4435E+00  -5.7273E+00
  -9.0435E+00  -4.3394E+00
  -8.6435E+00  -3.2035E+00
  -8.2435E+00  -2.8985E+00
  -7.8435E+00  -2.9040E+00
  -7.4435E+00  -2.9306E+00
  -7.0435E+00  -2.9620E+00
  -6.6435E+00  -3.0005E+00
  -6.2435E+00  -3.0540E+00
  -5.8435E+00  -3.1385E+00
  -5.4435E+00  -3.2827E+00
  -5.0435E+00  -3.5314E+00
  -4.6435E+00  -3.8511E+00
  -4.2435E+00  -3.9293E+00
  -3.8435E+00  -3.8811E+00
  -3.4435E+00  -3.6617E+00
  -3.0435E+00  -3.3703E+00
  -2.6435E+00  -3.2333E+00
  -2.2435E+00  -3.1771E+00
  -1.8435E+00  -3.1359E+00
  -1.4435E+00  -3.1119E+00
  -1.0435E+00  -3.1041E+00
  -6.4345E-01  -3.1094E+00
  -2.4345E-01  -3.1267E+00
   1.5655E-01  -3.1555E+00
   5.5655E-01  -3.1949E+00
   9.5655E-01  -3.2444E+00
   1.3565E+00  -3.3077E+00
   1.7565E+00  -3.4003E+00
   2.1565E+00  -3.6129E+00
   2.5565E+00  -4.0076E+00
   2.9565E+00  -4.3692E+00
   3.3565E+00  -7.0526E+00
   3.7565E+00  -1.2966E+01
   4.1565E+00  -1.3473E+01
   4.5565E+00  -1.3445E+01
   4.9565E+00  -1.3212E+01
   5.3565E+00  -1.2968E+01
   5.7565E+00  -1.3043E+01
   6.1565E+00  -1.3612E+01
   6.5565E+00  -1.4784E+01
   6.9565E+00  -1.7255E+01
   7.3565E+00  -1.7837E+01
   7.7565E+00  -1.8176E+01
   8.1565E+00  -1.8584E+01
   8.5565E+00  -1.9105E+01
   8.9565E+00          NAN
   4.8000E+01   8.1065E-18   6.1089E-02   6.8574E-04
  -1.6243E+01  -1.9857E+01
  -1.5843E+01  -1.9324E+01
  -1.5443E+01  -1.8791E+01
  -1.5043E+01  -1.8259E+01
  -1.4643E+01  -1.7727E+01
  -1.4243E+01  -1.7191E+01
  -1.3843E+01  -1.6669E+01
  -1.3443E+01  -1.6143E+01
  -1.3043E+01  -1.5627E+01
  -1.2643E+01  -1.5128E+01
  -1.2243E+01  -1.4663E+01
  -1.1843E+01  -1.4268E+01
  -1.1443E+01  -1.2690E+01
  -1.1043E+01  -1.1259E+01
  -1.0643E+01  -9.8571E+00
  -1.0243E+01  -8.4526E+00
  -9.8435E+00  -7.0474E+00
  -9.4435E+00  -5.6436E+00
  -9.0435E+00  -4.2584E+00
  -8.6435E+00  -3.1564E+00
  -8.2435E+00  -2.8817E+00
  -7.8435E+00  -2.8900E+00
  -7.4435E+00  -2.9173E+00
  -7.0435E+00  -2.9491E+00
  -6.6435E+00  -2.9879E+00
  -6.2435E+00  -3.0414E+00
  -5.8435E+00  -3.1246E+00
  -5.4435E+00  -3.2654E+00
  -5.0435E+00  -3.5088E+00
  -4.6435E+00  -3.8386E+00
  -4.2435E+00  -3.9436E+00
  -3.8435E+00  -3.8958E+00
  -3.4435E+00  -3.6708E+00
  -3.0435E+00  -3.3750E+00
  -2.6435E+00  -3.2399E+00
  -2.2435E+00  -3.1884E+00
  -1.8435E+00  -3.1519E+00
  -1.4435E+00  -3.1322E+00
  -1.0435E+00  -3.1279E+00
  -6.4345E-01  -3.1359E+00
  -2.4345E-01  -3.1552E+00
   1.5655E-01  -3.1858E+00
   5.5655E-01  -3.2264E+00
   9.5655E-01  -3.2768E+00
   1.3565E+00  -3.3408E+00
   1.7565E+00  -3.4343E+00
   2.1565E+00  -3.6483E+00
   2.5565E+00  -4.0449E+00
   2.9565E+00  -4.4082E+00
   3.3565E+00  -7.1010E+00
   3.7565E+00  -1.2977E+01
   4.1565E+00  -1.3481E+01
   4.5565E+00  -1.3452E+01
   4.9565E+00  -1.3217E+01
   5.3565E+00  -1.2971E+01
   5.7565E+00  -1.3041E+01
   6.1565E+00  -1.3584E+01
   6.5565E+00  -1.4674E+01
   6.9565E+00  -1.7120E+01
   7.3565E+00  -1.7869E+01
   7.7565E+00  -1.8209E+01
   8.1565E+00  -1.8610E+01
   8.5565E+00  -1.9134E+01
   8.9565E+00          NAN
   4.9000E+01   8.1065E-18   6.1713E-02   7.9461E-04
  -1.6243E+01  -1.9619E+01
  -1.5843E+01  -1.9086E+01
  -1.5443E+01  -1.8553E+01
  -1.5043E+01  -1.8021E+01
  -1.4643E+01  -1.7489E+01
  -1.4243E+01  -1.6953E+01
  -1.3843E+01  -1.6430E+01
  -1.3443E+01  -1.5903E+01
  -1.3043E+01  -1.5387E+01
  -1.2643E+01  -1.4886E+01
  -1.2243E+01  -1.4417E+01
  -1.1843E+01  -1.4015E+01
  -1.1443E+01  -1.3747E+01
  -1.1043E+01  -1.2315E+01
  -1.0643E+01  -1.0931E+01
  -1.0243E+01  -9.5434E+00
  -9.8435E+00  -8.1523E+00
  -9.4435E+00  -6.7583E+00
  -9.0435E+00  -5.3636E+00
  -8.6435E+00  -3.9987E+00
  -8.2435E+00  -2.9807E+00
  -7.8435E+00  -2.8717E+00
  -7.4435E+00  -2.8952E+00
  -7.0435E+00  -2.9277E+00
  -6.6435E+00  -2.9673E+00
  -6.2435E+00  -3.0210E+00
  -5.8435E+00  -3.1035E+00
  -5.4435E+00  -3.2417E+00
  -5.0435E+00  -3.4822E+00
  -4.6435E+00  -3.8308E+00
  -4.2435E+00  -3.9778E+00
  -3.8435E+00  -3.9289E+00
  -3.4435E+00  -3.6862E+00
  -3.0435E+00  -3.3789E+00
  -2.6435E+00  -3.2454E+00
  -2.2435E+00  -3.1999E+00
  -1.8435E+00  -3.1688E+00
  -1.4435E+00  -3.1534E+00
  -1.0435E+00  -3.1524E+00
  -6.4345E-01  -3.1630E+00
  -2.4345E-01  -3.1846E+00
   1.5655E-01  -3.2168E+00
   5.5655E-01  -3.2586E+00
   9.5655E-01  -3.3097E+00
   1.3565E+00  -3.3744E+00
   1.7565E+00  -3.4687E+00
   2.1565E+00  -3.6840E+00
   2.5565E+00  -4.0827E+00
   2.9565E+00  -4.4474E+00
   3.3565E+00  -7.1560E+00
   3.7565E+00  -1.2980E+01
   4.1565E+00  -1.3481E+01
   4.5565E+00  -1.3449E+01
   4.9565E+00  -1.3210E+01
   5.3565E+00  -1.2962E+01
   5.7565E+00  -1.3028E+01
   6.1565E+00  -1.3548E+01
   6.5565E+00  -1.4567E+01
   6.9565E+00  -1.6964E+01
   7.3565E+00  -1.8145E+01
   7.7565E+00  -1.8516E+01
   8.1565E+00  -1.9035E+01
   8.5565E+00  -1.9407E+01
   8.9565E+00          NAN
   5.0000E+01   8.1065E-18   6.2213E-02   9.1579E-04
  -1.6243E+01  -1.9592E+01
  -1.5843E+01  -1.9059E+01
  -1.5443E+01  -1.8526E+01
  -1.5043E+01  -1.7995E+01
  -1.4643E+01  -1.7462E+01
  -1.4243E+01  -1.6926E+01
  -1.3843E+01  -1.6402E+01
  -1.3443E+01  -1.5875E+01
  -1.3043E+01  -1.5359E+01
  -1.2643E+01  -1.4857E+01
  -1.2243E+01  -1.4384E+01
  -1.1843E+01  -1.3976E+01
  -1.1443E+01  -1.3697E+01
  -1.1043E+01  -1.2247E+01
  -1.0643E+01  -1.0859E+01
  -1.0243E+01  -9.4691E+00
  -9.8435E+00  -8.0760E+00
  -9.4435E+00  -6.6806E+00
  -9.0435E+00  -5.2851E+00
  -8.6435E+00  -3.9239E+00
  -8.2435E+00  -2.9844E+00
  -7.8435E+00  -2.8580E+00
  -7.4435E+00  -2.8812E+00
  -7.0435E+00  -2.9143E+00
  -6.6435E+00  -2.9544E+00
  -6.2435E+00  -3.0083E+00
  -5.8435E+00  -3.0897E+00
  -5.4435E+00  -3.2249E+00
  -5.0435E+00  -3.4606E+00
  -4.6435E+00  -3.8215E+00
  -4.2435E+00  -4.0142E+00
  -3.8435E+00  -3.9640E+00
  -3.4435E+00  -3.7071E+00
  -3.0435E+00  -3.3911E+00
  -2.6435E+00  -3.2607E+00
  -2.2435E+00  -3.2223E+00
  -1.8435E+00  -3.1970E+00
  -1.4435E+00  -3.1861E+00
  -1.0435E+00  -3.1883E+00
  -6.4345E-01  -3.2014E+00
  -2.4345E-01  -3.2250E+00
   1.5655E-01  -3.2587E+00
   5.5655E-01  -3.3014E+00
   9.5655E-01  -3.3532E+00
   1.3565E+00  -3.4183E+00
   1.7565E+00  -3.5132E+00
   2.1565E+00  -3.7297E+00
   2.5565E+00  -4.1301E+00
   2.9565E+00  -4.4958E+00
   3.3565E+00  -7.2255E+00
   3.7565E+00  -1.2990E+01
   4.1565E+00  -1.3489E+01
   4.5565E+00  -1.3456E+01
   4.9565E+00  -1.3215E+01
   5.3565E+00  -1.2966E+01
   5.7565E+00  -1.3027E+01
   6.1565E+00  -1.3527E+01
   6.5565E+00  -1.4491E+01
   6.9565E+00  -1.6743E+01
   7.3565E+00  -1.8192E+01
   7.7565E+00  -1.8566E+01
   8.1565E+00  -1.9077E+01
   8.5565E+00  -1.9439E+01
   8.9565E+00          NAN
   5.1000E+01   8.1065E-18   6.2998E-02   1.0359E-03
  -1.6243E+01  -1.9567E+01
  -1.5843E+01  -1.9034E+01
  -1.5443E+01  -1.8501E+01
  -1.5043E+01  -1.7970E+01
  -1.4643E+01  -1.7437E+01
  -1.4243E+01  -1.6902E+01
  -1.3843E+01  -1.6377E+01
  -1.3443E+01  -1.5850E+01
  -1.3043E+01  -1.5333E+01
  -1.2643E+01  -1.4830E+01
  -1.2243E+01  -1.4354E+01
  -1.1843E+01  -1.3941E+01
  -1.1443E+01  -1.3653E+01
  -1.1043E+01  -1.2186E+01
  -1.0643E+01  -1.0795E+01
  -1.0243E+01  -9.4030E+00
  -9.8435E+00  -8.0084E+00
  -9.4435E+00  -6.6120E+00
  -9.0435E+00  -5.2160E+00
  -8.6435E+00  -3.8584E+00
  -8.2435E+00  -2.9627E+00
  -7.8435E+00  -2.8433E+00
  -7.4435E+00  -2.8671E+00
  -7.0435E+00  -2.9006E+00
  -6.6435E+00  -2.9411E+00
  -6.2435E+00  -2.9949E+00
  -5.8435E+00  -3.0752E+00
  -5.4435E+00  -3.2073E+00
  -5.0435E+00  -3.4375E+00
  -4.6435E+00  -3.8047E+00
  -4.2435E+00  -4.0407E+00
  -3.8435E+00  -3.9918E+00
  -3.4435E+00  -3.7236E+00
  -3.0435E+00  -3.4013E+00
  -2.6435E+00  -3.2749E+00
  -2.2435E+00  -3.2435E+00
  -1.8435E+00  -3.2237E+00
  -1.4435E+00  -3.2168E+00
  -1.0435E+00  -3.2219E+00
  -6.4345E-01  -3.2373E+00
  -2.4345E-01  -3.2626E+00
   1.5655E-01  -3.2975E+00
   5.5655E-01  -3.3409E+00
   9.5655E-01  -3.3931E+00
   1.3565E+00  -3.4586E+00
   1.7565E+00  -3.5539E+00
   2.1565E+00  -3.7714E+00
   2.5565E+00  -4.1733E+00
   2.9565E+00  -4.5394E+00
   3.3565E+00  -7.2920E+00
   3.7565E+00  -1.3002E+01
   4.1565E+00  -1.3501E+01
   4.5565E+00  -1.3466E+01
   4.9565E+00  -1.3224E+01
   5.3565E+00  -1.2974E+01
   5.7565E+00  -1.3033E+01
   6.1565E+00  -1.3517E+01
   6.5565E+00  -1.4437E+01
   6.9565E+00  -1.6561E+01
   7.3565E+00  -1.8226E+01
   7.7565E+00  -1.8599E+01
   8.1565E+00  -1.9105E+01
   8.5565E+00  -1.9477E+01
   8.9565E+00          NAN
   5.2000E+01   8.1065E-18   6.3738E-02   1.1465E-03
  -1.6243E+01  -1.9546E+01
  -1.5843E+01  -1.9013E+01
  -1.5443E+01  -1.8480E+01
  -1.5043E+01  -1.7949E+01
  -1.4643E+01  -1.7415E+01
  -1.4243E+01  -1.6881E+01
  -1.3843E+01  -1.6355E+01
  -1.3443E+01  -1.5828E+01
  -1.3043E+01  -1.5311E+01
  -1.2643E+01  -1.4807E+01
  -1.2243E+01  -1.4330E+01
  -1.1843E+01  -1.3912E+01
  -1.1443E+01  -1.3617E+01
  -1.1043E+01  -1.2137E+01
  -1.0643E+01  -1.0744E+01
  -1.0243E+01  -9.3500E+00
  -9.8435E+00  -7.9544E+00
  -9.4435E+00  -6.5573E+00
  -9.0435E+00  -5.1610E+00
  -8.6435E+00  -3.8062E+00
  -8.2435E+00  -2.9400E+00
  -7.8435E+00  -2.8315E+00
  -7.4435E+00  -2.8560E+00
  -7.0435E+00  -2.8898E+00
  -6.6435E+00  -2.9305E+00
  -6.2435E+00  -2.9842E+00
  -5.8435E+00  -3.0636E+00
  -5.4435E+00  -3.1930E+00
  -5.0435E+00  -3.4184E+00
  -4.6435E+00  -3.7885E+00
  -4.2435E+00  -4.0608E+00
  -3.8435E+00  -4.0146E+00
  -3.4435E+00  -3.7378E+00
  -3.0435E+00  -3.4111E+00
  -2.6435E+00  -3.2885E+00
  -2.2435E+00  -3.2636E+00
  -1.8435E+00  -3.2483E+00
  -1.4435E+00  -3.2449E+00
  -1.0435E+00  -3.2524E+00
  -6.4345E-01  -3.2697E+00
  -2.4345E-01  -3.2964E+00
   1.5655E-01  -3.3322E+00
   5.5655E-01  -3.3761E+00
   9.5655E-01  -3.4286E+00
   1.3565E+00  -3.4944E+00
   1.7565E+00  -3.5900E+00
   2.1565E+00  -3.8083E+00
   2.5565E+00  -4.2111E+00
   2.9565E+00  -4.5774E+00
   3.3565E+00  -7.3529E+00
   3.7565E+00  -1.3021E+01
   4.1565E+00  -1.3519E+01
   4.5565E+00  -1.3483E+01
   4.9565E+00  -1.3240E+01
   5.3565E+00  -1.2990E+01
   5.7565E+00  -1.3048E+01
   6.1565E+00  -1.3520E+01
   6.5565E+00  -1.4411E+01
   6.9565E+00  -1.6425E+01
   7.3565E+00  -1.8259E+01
   7.7565E+00  -1.8629E+01
   8.1565E+00  -1.9133E+01
   8.5565E+00  -1.9517E+01
   8.9565E+00          NAN
