   0.0000E+00   1.0000E+00
   0.0000E+00   1.0753E+00
   1.0000E+00   1.0772E+00
   2.0000E+00   1.1349E+00
   3.0000E+00   1.1784E+00
   4.0000E+00   1.2111E+00
   5.0000E+00   1.2218E+00
   6.0000E+00   1.1801E+00
   7.0000E+00   1.0788E+00
   8.0000E+00   9.2520E-01
   9.0000E+00   7.4137E-01
   1.0000E+01   6.6149E-01
   1.1000E+01   6.8388E-01
   1.2000E+01   8.1421E-01
   1.3000E+01   9.9787E-01
   1.4000E+01   1.1363E+00
   1.5000E+01   1.2255E+00
   1.6000E+01   1.2642E+00
   1.7000E+01   1.2686E+00
   1.8000E+01   1.2648E+00
   1.9000E+01   1.2526E+00
   2.0000E+01   1.2339E+00
   2.1000E+01   1.2236E+00
   2.2000E+01   1.2359E+00
   2.3000E+01   1.2736E+00
   2.4000E+01   1.3348E+00
   2.5000E+01   1.3645E+00
   2.6000E+01   1.3198E+00
   2.7000E+01   1.2021E+00
   2.8000E+01   1.0084E+00
   2.9000E+01   8.5380E-01
   3.0000E+01   8.0012E-01
   3.1000E+01   8.5008E-01
   3.2000E+01   9.9632E-01
   3.3000E+01   1.1321E+00
   3.4000E+01   1.2057E+00
   3.5000E+01   1.2231E+00
   3.6000E+01   1.1856E+00
   3.7000E+01   1.1489E+00
   3.8000E+01   1.1299E+00
   3.9000E+01   1.1289E+00
   4.0000E+01   1.1381E+00
   4.1000E+01   1.1293E+00
   4.2000E+01   1.0965E+00
   4.3000E+01   1.0340E+00
   4.4000E+01   9.6410E-01
   4.5000E+01   9.2454E-01
   4.6000E+01   9.3156E-01
   4.7000E+01   9.7995E-01
   4.8000E+01   1.0663E+00
   4.9000E+01   1.1642E+00
   5.0000E+01   1.2661E+00
   5.1000E+01   1.3776E+00
   5.2000E+01   1.4810E+00
   5.3000E+01   1.5334E+00
   5.4000E+01   1.5317E+00
   5.5000E+01   1.4765E+00
   5.6000E+01   1.3902E+00
   5.7000E+01   1.3200E+00
   5.8000E+01   1.2701E+00
   5.9000E+01   1.2355E+00
   6.0000E+01   1.2129E+00
   6.1000E+01   1.1901E+00
   6.2000E+01   1.1586E+00
   6.3000E+01   1.1378E+00
   6.4000E+01   1.1287E+00
   6.5000E+01   1.1491E+00
   6.6000E+01   1.2029E+00
   6.7000E+01   1.2858E+00
   6.8000E+01   1.3562E+00
   6.9000E+01   1.3795E+00
   7.0000E+01   1.3595E+00
   7.1000E+01   1.2953E+00
   7.2000E+01   1.2376E+00
   7.3000E+01   1.2081E+00
   7.4000E+01   1.2089E+00
   7.5000E+01   1.2379E+00
   7.6000E+01   1.2466E+00
   7.7000E+01   1.2216E+00
   7.8000E+01   1.1639E+00
   7.9000E+01   1.0782E+00
   8.0000E+01   1.0057E+00
   8.1000E+01   9.6879E-01
   8.2000E+01   9.6099E-01
   8.3000E+01   9.8570E-01
   8.4000E+01   1.0566E+00
   8.5000E+01   1.1783E+00
   8.6000E+01   1.3442E+00
   8.7000E+01   1.5277E+00
   8.8000E+01   1.5748E+00
   8.9000E+01   1.4653E+00
   9.0000E+01   1.2000E+00
   9.1000E+01   8.4400E-01
   9.2000E+01   6.4830E-01
   9.3000E+01   6.2061E-01
   9.4000E+01   7.6445E-01
   9.5000E+01   1.0040E+00
   9.6000E+01   1.1616E+00
   9.7000E+01   1.2260E+00
   9.8000E+01   1.1966E+00
   9.9000E+01   1.1108E+00
   1.0000E+02   1.0411E+00
   1.0100E+02   9.9688E-01
   1.0200E+02   9.6541E-01
   1.0300E+02   9.5345E-01
   1.0400E+02   9.6530E-01
   1.0500E+02   9.9688E-01
   1.0600E+02   1.0481E+00
   1.0700E+02   1.1041E+00
   1.0800E+02   1.1490E+00
   1.0900E+02   1.1758E+00
   1.1000E+02   1.1877E+00
   1.1100E+02   1.1578E+00
   1.1200E+02   1.0723E+00
   1.1300E+02   9.2764E-01
   1.1400E+02   7.2876E-01
   1.1500E+02   6.0151E-01
   1.1600E+02   6.0576E-01
   1.1700E+02   7.3957E-01
   1.1800E+02   9.9580E-01
   1.1900E+02   1.2225E+00
   1.2000E+02   1.3629E+00
   1.2100E+02   1.4314E+00
   1.2200E+02   1.4223E+00
   1.2300E+02   1.3723E+00
   1.2400E+02   1.2912E+00
   1.2500E+02   1.1781E+00
   1.2600E+02   1.0504E+00
   1.2700E+02   9.9030E-01
   1.2800E+02   1.0109E+00
   1.2900E+02   1.1168E+00
   1.3000E+02   1.2763E+00
   1.3100E+02   1.3965E+00
   1.3200E+02   1.4654E+00
   1.3300E+02   1.4786E+00
   1.3400E+02   1.4454E+00
   1.3500E+02   1.3782E+00
   1.3600E+02   1.2793E+00
   1.3700E+02   1.1431E+00
   1.3800E+02   1.0109E+00
   1.3900E+02   9.2866E-01
   1.4000E+02   9.0466E-01
   1.4100E+02   9.3964E-01
   1.4200E+02   9.9252E-01
   1.4300E+02   1.0159E+00
   1.4400E+02   1.0056E+00
   1.4500E+02   9.6325E-01
   1.4600E+02   9.0256E-01
   1.4700E+02   8.3425E-01
   1.4800E+02   7.7243E-01
   1.4900E+02   7.0867E-01
   1.5000E+02   6.6513E-01
   1.5100E+02   6.6768E-01
   1.5200E+02   7.1431E-01
   1.5300E+02   8.0933E-01
   1.5400E+02   8.9950E-01
   1.5500E+02   9.7497E-01
   1.5600E+02   1.0249E+00
   1.5700E+02   1.0610E+00
   1.5800E+02   1.0886E+00
   1.5900E+02   1.1247E+00
   1.6000E+02   1.1671E+00
   1.6100E+02   1.2057E+00
   1.6200E+02   1.2418E+00
   1.6200E+02   1.0000E+00
   1.6200E+02   1.2381E+00
   1.6300E+02   1.2680E+00
   1.6400E+02   1.2815E+00
   1.6500E+02   1.2876E+00
   1.6600E+02   1.2856E+00
   1.6700E+02   1.2804E+00
   1.6800E+02   1.2725E+00
   1.6900E+02   1.2457E+00
   1.7000E+02   1.1876E+00
   1.7100E+02   1.0960E+00
   1.7100E+02   1.0000E+00
   1.7100E+02   1.0960E+00
   1.7200E+02   9.4141E-01
   1.7300E+02   7.6790E-01
   1.7400E+02   6.7434E-01
   1.7500E+02   6.6782E-01
   1.7600E+02   7.2683E-01
   1.7700E+02   8.3099E-01
   1.7800E+02   9.6668E-01
   1.7800E+02   1.0000E+00
   1.7800E+02   9.3302E-01
   1.7900E+02   1.0374E+00
   1.8000E+02   1.1544E+00
   1.8100E+02   1.2391E+00
   1.8200E+02   1.2858E+00
   1.8300E+02   1.2882E+00
   1.8400E+02   1.2639E+00
   1.8500E+02   1.2519E+00
   1.8600E+02   1.3160E+00
   1.8700E+02   1.4273E+00
   1.8800E+02   1.6224E+00
   1.8900E+02   1.8002E+00
   1.9000E+02   1.9224E+00
   1.9100E+02   1.9479E+00
   1.9200E+02   1.8946E+00
   1.9300E+02   1.8143E+00
   1.9400E+02   1.6821E+00
   1.9500E+02   1.4853E+00
   1.9600E+02   1.3156E+00
   1.9700E+02   1.1514E+00
   1.9800E+02   1.0445E+00
   1.9900E+02   1.0173E+00
   2.0000E+02   1.0506E+00
   2.0100E+02   1.1130E+00
   2.0200E+02   1.2063E+00
   2.0300E+02   1.2796E+00
   2.0400E+02   1.3737E+00
   2.0500E+02   1.3688E+00
   2.0600E+02   1.2335E+00
   2.0700E+02   1.0147E+00
   2.0800E+02   7.0011E-01
   2.0900E+02   5.3034E-01
   2.1000E+02   5.0439E-01
   2.1100E+02   6.3755E-01
   2.1200E+02   8.8644E-01
   2.1300E+02   1.0508E+00
   2.1400E+02   1.1328E+00
   2.1500E+02   1.1123E+00
   2.1600E+02   1.0360E+00
   2.1700E+02   9.8031E-01
   2.1800E+02   9.3929E-01
   2.1900E+02   9.2090E-01
   2.2000E+02   9.2535E-01
   2.2100E+02   9.5177E-01
   2.2100E+02   1.0000E+00
   2.2100E+02   9.4386E-01
   2.2200E+02   9.9273E-01
   2.2200E+02   1.0000E+00
   2.2200E+02   9.8188E-01
   2.2300E+02   1.0454E+00
   2.2400E+02   1.0761E+00
   2.2400E+02   1.0000E+00
   2.2400E+02   1.0762E+00
   2.2500E+02   1.0344E+00
   2.2600E+02   9.1006E-01
   2.2700E+02   7.2079E-01
   2.2800E+02   5.3943E-01
   2.2900E+02   4.8740E-01
   2.3000E+02   5.8670E-01
   2.3100E+02   7.4559E-01
   2.3200E+02   9.8544E-01
   2.3300E+02   1.1212E+00
   2.3400E+02   1.2323E+00
   2.3500E+02   1.2763E+00
   2.3600E+02   1.2879E+00
   2.3700E+02   1.2694E+00
   2.3800E+02   1.2257E+00
   2.3900E+02   1.1661E+00
   2.4000E+02   1.0976E+00
   2.4100E+02   1.0497E+00
   2.4100E+02   1.0000E+00
   2.4100E+02   1.0612E+00
   2.4200E+02   1.0075E+00
   2.4200E+02   1.0000E+00
   2.4200E+02   1.0163E+00
   2.4200E+02   1.0000E+00
   2.4200E+02   1.0163E+00
   2.4200E+02   1.0000E+00
   2.4200E+02   1.0163E+00
   2.4200E+02   1.0000E+00
   2.4200E+02   1.0163E+00
   2.4300E+02   9.7791E-01
   2.4400E+02   9.6337E-01
   2.4500E+02   9.7747E-01
   2.4600E+02   9.9856E-01
   2.4600E+02   1.0000E+00
   2.4600E+02   9.9442E-01
   2.4600E+02   1.0000E+00
   2.4600E+02   9.9442E-01
   2.4700E+02   1.0358E+00
   2.4700E+02   1.0000E+00
   2.4700E+02   1.0358E+00
   2.4800E+02   1.0491E+00
   2.4800E+02   1.0000E+00
   2.4800E+02   1.0491E+00
   2.4900E+02   1.0203E+00
   2.5000E+02   9.5530E-01
   2.5100E+02   8.6326E-01
   2.5200E+02   7.5997E-01
   2.5300E+02   6.8357E-01
   2.5400E+02   6.0310E-01
   2.5400E+02   1.0000E+00
   2.5400E+02   6.2108E-01
   2.5500E+02   5.7087E-01
   2.5600E+02   6.1044E-01
   2.5700E+02   7.4406E-01
   2.5800E+02   9.7183E-01
   2.5900E+02   1.2548E+00
   2.6000E+02   1.4513E+00
   2.6100E+02   1.5820E+00
   2.6200E+02   1.6341E+00
   2.6300E+02   1.6344E+00
   2.6400E+02   1.6275E+00
   2.6500E+02   1.6113E+00
   2.6600E+02   1.5955E+00
   2.6700E+02   1.5710E+00
   2.6800E+02   1.5372E+00
   2.6900E+02   1.4414E+00
   2.7000E+02   1.4121E+00
   2.7100E+02   1.3561E+00
   2.7200E+02   1.3071E+00
   2.7300E+02   1.2838E+00
   2.7400E+02   1.2774E+00
   2.7500E+02   1.3200E+00
   2.7600E+02   1.3904E+00
   2.7700E+02   1.5265E+00
   2.7800E+02   1.7083E+00
   2.7900E+02   1.8126E+00
   2.8000E+02   1.8289E+00
   2.8100E+02   1.7396E+00
   2.8200E+02   1.5497E+00
   2.8300E+02   1.3773E+00
   2.8400E+02   1.2333E+00
   2.8500E+02   1.1599E+00
   2.8600E+02   1.1159E+00
   2.8700E+02   1.0791E+00
   2.8800E+02   1.0130E+00
   2.8800E+02   1.0000E+00
   2.8800E+02   1.0335E+00
   2.8800E+02   1.0000E+00
   2.8800E+02   1.0000E+00
   2.8800E+02   1.0000E+00
   2.8800E+02   1.0335E+00
   2.8800E+02   1.0000E+00
   2.8800E+02   1.0335E+00
   2.8800E+02   1.0000E+00
   2.8800E+02   1.0335E+00
   2.8900E+02   9.7116E-01
   2.8900E+02   1.0000E+00
   2.8900E+02   9.7116E-01
   2.9000E+02   9.0279E-01
   2.9000E+02   1.0000E+00
   2.9000E+02   9.0279E-01
   2.9100E+02   8.5901E-01
   2.9200E+02   8.5667E-01
   2.9300E+02   8.9388E-01
   2.9400E+02   9.6139E-01
   2.9400E+02   1.0000E+00
   2.9400E+02   9.3439E-01
   2.9500E+02   1.0094E+00
   2.9600E+02   1.1024E+00
   2.9700E+02   1.2153E+00
   2.9800E+02   1.3023E+00
   2.9900E+02   1.2887E+00
   3.0000E+02   1.1564E+00
   3.0100E+02   9.5044E-01
   3.0200E+02   6.9975E-01
   3.0300E+02   6.1500E-01
   3.0400E+02   7.3587E-01
   3.0500E+02   9.7448E-01
   3.0600E+02   1.2983E+00
   3.0700E+02   1.4541E+00
   3.0800E+02   1.4838E+00
   3.0900E+02   1.3673E+00
   3.1000E+02   1.1895E+00
   3.1100E+02   1.0619E+00
   3.1200E+02   1.0101E+00
   3.1300E+02   1.0081E+00
   3.1400E+02   1.0431E+00
   3.1500E+02   1.0896E+00
   3.1600E+02   1.1635E+00
   3.1700E+02   1.2488E+00
   3.1800E+02   1.3005E+00
   3.1900E+02   1.3150E+00
   3.2000E+02   1.2675E+00
   3.2100E+02   1.1959E+00
   3.2200E+02   1.1082E+00
   3.2300E+02   1.0637E+00
   3.2400E+02   1.0403E+00
   3.2500E+02   1.0372E+00
   3.2600E+02   1.0694E+00
   3.2700E+02   1.1001E+00
   3.2800E+02   1.1622E+00
   3.2900E+02   1.2301E+00
   3.3000E+02   1.2763E+00
   3.3100E+02   1.2778E+00
   3.3200E+02   1.2081E+00
   3.3300E+02   1.1718E+00
   3.3400E+02   1.1379E+00
   3.3500E+02   1.1476E+00
   3.3600E+02   1.2127E+00
   3.3700E+02   1.2757E+00
   3.3800E+02   1.2982E+00
   3.3900E+02   1.2710E+00
   3.4000E+02   1.1869E+00
   3.4100E+02   1.0644E+00
   3.4200E+02   1.0193E+00
   3.4300E+02   1.0280E+00
   3.4400E+02   1.0936E+00
   3.4500E+02   1.2123E+00
   3.4600E+02   1.2762E+00
   3.4700E+02   1.3371E+00
   3.4800E+02   1.3671E+00
   3.4900E+02   1.3613E+00
   3.5000E+02   1.3082E+00
   3.5100E+02   1.2078E+00
   3.5200E+02   1.0607E+00
   3.5200E+02   1.0000E+00
   3.5200E+02   1.0792E+00
   3.5300E+02   9.4072E-01
   3.5400E+02   8.6287E-01
   3.5500E+02   8.5596E-01
   3.5600E+02   8.9997E-01
   3.5700E+02   9.5778E-01
   3.5800E+02   9.8589E-01
   3.5900E+02   9.8763E-01
   3.6000E+02   9.7270E-01
   3.6100E+02   9.4320E-01
   3.6200E+02   9.3023E-01
   3.6300E+02   9.0905E-01
   3.6400E+02   9.0422E-01
   3.6500E+02   9.0918E-01
   3.6600E+02   9.1759E-01
   3.6700E+02   9.6117E-01
   3.6800E+02   9.7879E-01
   3.6900E+02   9.5560E-01
   3.7000E+02   8.5731E-01
   3.7100E+02   7.7981E-01
   3.7200E+02   6.0905E-01
   3.7300E+02   5.3400E-01
   3.7400E+02   5.4627E-01
   3.7400E+02   1.0000E+00
   3.7400E+02   5.4298E-01
   3.7400E+02   1.0000E+00
   3.7400E+02   1.0000E+00
   3.7400E+02   5.4298E-01
   3.7400E+02   1.0000E+00
   3.7400E+02   5.4298E-01
   3.7400E+02   1.0000E+00
   3.7400E+02   5.4298E-01
   3.7400E+02   1.0000E+00
   3.7400E+02   5.4298E-01
   3.7500E+02   6.3924E-01
   3.7500E+02   1.0000E+00
   3.7500E+02   6.3924E-01
   3.7600E+02   7.9680E-01
   3.7600E+02   1.0000E+00
   3.7600E+02   7.9680E-01
   3.7700E+02   8.6996E-01
   3.7800E+02   8.1983E-01
   3.7900E+02   6.2291E-01
   3.7900E+02   1.0000E+00
   3.7900E+02   6.9213E-01
   3.8000E+02   4.8396E-01
   3.8100E+02   3.7379E-01
   3.8200E+02   3.9478E-01
   3.8300E+02   5.0420E-01
   3.8300E+02   1.0000E+00
   3.8300E+02   4.8592E-01
   3.8400E+02   6.4749E-01
   3.8500E+02   7.4162E-01
   3.8600E+02   7.4310E-01
   3.8700E+02   6.2139E-01
   3.8700E+02   1.0000E+00
   3.8700E+02   6.7216E-01
   3.8800E+02   5.6017E-01
   3.8900E+02   5.0517E-01
   3.9000E+02   5.0615E-01
   3.9100E+02   5.5601E-01
   3.9100E+02   1.0000E+00
   3.9100E+02   5.4709E-01
   3.9100E+02   1.0000E+00
   3.9100E+02   1.0000E+00
   3.9100E+02   1.0000E+00
   3.9100E+02   5.4709E-01
   3.9100E+02   1.0000E+00
   3.9100E+02   5.4709E-01
   3.9100E+02   1.0000E+00
   3.9100E+02   5.4709E-01
   3.9200E+02   6.0596E-01
   3.9200E+02   1.0000E+00
   3.9200E+02   6.0596E-01
   3.9300E+02   6.3349E-01
   3.9300E+02   1.0000E+00
   3.9300E+02   6.3349E-01
   3.9400E+02   6.2011E-01
   3.9400E+02   1.0000E+00
   3.9400E+02   6.2909E-01
   3.9400E+02   1.0000E+00
   3.9400E+02   6.2909E-01
   3.9400E+02   1.0000E+00
   3.9400E+02   6.2909E-01
   3.9400E+02   1.0000E+00
   3.9400E+02   6.2909E-01
   3.9400E+02   1.0000E+00
   3.9400E+02   6.2909E-01
   3.9400E+02   1.0000E+00
   3.9400E+02   6.2909E-01
   3.9500E+02   5.9295E-01
   3.9500E+02   1.0000E+00
   3.9500E+02   5.9295E-01
   3.9600E+02   5.5779E-01
   3.9600E+02   1.0000E+00
   3.9600E+02   5.5779E-01
   3.9700E+02   5.5702E-01
   3.9800E+02   5.9592E-01
   3.9800E+02   1.0000E+00
   3.9800E+02   5.7952E-01
   3.9800E+02   1.0000E+00
   3.9800E+02   1.0000E+00
   3.9800E+02   1.0000E+00
   3.9800E+02   5.7952E-01
   3.9800E+02   1.0000E+00
   3.9800E+02   5.7952E-01
   3.9800E+02   1.0000E+00
   3.9800E+02   5.7952E-01
   3.9900E+02   6.3624E-01
   3.9900E+02   1.0000E+00
   3.9900E+02   6.3624E-01
   4.0000E+02   6.8859E-01
   4.0000E+02   1.0000E+00
   4.0000E+02   6.8859E-01
   4.0100E+02   7.1644E-01
   4.0200E+02   7.1304E-01
   4.0300E+02   6.8701E-01
   4.0400E+02   6.5712E-01
   4.0500E+02   6.3603E-01
   4.0600E+02   6.3088E-01
   4.0700E+02   6.3345E-01
   4.0800E+02   6.8822E-01
   4.0900E+02   7.7060E-01
   4.1000E+02   9.2353E-01
   4.1000E+02   1.0000E+00
   4.1000E+02   8.7564E-01
   4.1100E+02   1.0424E+00
   4.1200E+02   1.1485E+00
   4.1300E+02   1.1720E+00
   4.1400E+02   1.1004E+00
   4.1500E+02   1.0220E+00
   4.1600E+02   9.4361E-01
   4.1700E+02   9.1165E-01
   4.1800E+02   9.1686E-01
   4.1900E+02   9.6229E-01
   4.1900E+02   1.0000E+00
   4.1900E+02   9.5055E-01
   4.2000E+02   1.0213E+00
   4.2100E+02   1.1241E+00
   4.2200E+02   1.2580E+00
   4.2300E+02   1.3562E+00
   4.2400E+02   1.4340E+00
   4.2500E+02   1.4559E+00
   4.2600E+02   1.4232E+00
   4.2700E+02   1.3675E+00
   4.2800E+02   1.3310E+00
   4.2900E+02   1.3137E+00
   4.3000E+02   1.3242E+00
   4.3100E+02   1.3100E+00
   4.3200E+02   1.2377E+00
   4.3300E+02   1.0943E+00
   4.3300E+02   1.0000E+00
   4.3300E+02   1.1121E+00
   4.3400E+02   9.0413E-01
   4.3500E+02   7.0058E-01
   4.3600E+02   6.0585E-01
   4.3700E+02   5.8364E-01
   4.3800E+02   6.3547E-01
   4.3900E+02   7.1453E-01
   4.4000E+02   7.7630E-01
   4.4100E+02   8.3187E-01
   4.4200E+02   8.6044E-01
   4.4300E+02   9.1223E-01
   4.4300E+02   1.0000E+00
   4.4300E+02   8.9898E-01
   4.4300E+02   1.0000E+00
   4.4300E+02   1.0000E+00
   4.4300E+02   1.0000E+00
   4.4300E+02   8.9898E-01
   4.4300E+02   1.0000E+00
   4.4300E+02   8.9898E-01
   4.4400E+02   9.8517E-01
   4.4400E+02   1.0000E+00
   4.4400E+02   9.8152E-01
   4.4500E+02   1.1122E+00
   4.4600E+02   1.2515E+00
   4.4700E+02   1.3073E+00
   4.4800E+02   1.2480E+00
   4.4900E+02   1.0164E+00
   4.4900E+02   1.0000E+00
   4.4900E+02   1.0741E+00
   4.5000E+02   7.7563E-01
   4.5100E+02   6.0018E-01
   4.5100E+02   1.0000E+00
   4.5100E+02   6.0104E-01
   4.5200E+02   5.6669E-01
   4.5200E+02   1.0000E+00
   4.5200E+02   5.6138E-01
   4.5300E+02   6.7565E-01
   4.5400E+02   9.1200E-01
   4.5500E+02   1.0909E+00
   4.5600E+02   1.1528E+00
   4.5700E+02   1.1080E+00
   4.5800E+02   1.0081E+00
   4.5900E+02   9.7585E-01
   4.6000E+02   1.0265E+00
   4.6100E+02   1.1523E+00
   4.6200E+02   1.3362E+00
   4.6300E+02   1.3759E+00
   4.6400E+02   1.2609E+00
   4.6500E+02   1.0431E+00
   4.6600E+02   7.9933E-01
   4.6700E+02   6.9640E-01
   4.6800E+02   7.5185E-01
   4.6900E+02   9.2888E-01
   4.7000E+02   1.1830E+00
   4.7100E+02   1.3322E+00
   4.7200E+02   1.3610E+00
   4.7300E+02   1.2912E+00
   4.7400E+02   1.1313E+00
   4.7400E+02   1.0000E+00
   4.7400E+02   1.1608E+00
   4.7500E+02   1.0031E+00
   4.7600E+02   8.3352E-01
   4.7700E+02   6.1094E-01
   4.7800E+02   5.0927E-01
   4.7900E+02   4.8705E-01
   4.8000E+02   5.6424E-01
   4.8000E+02   1.0000E+00
   4.8000E+02   5.5272E-01
   4.8100E+02   7.4190E-01
   4.8200E+02   9.0139E-01
   4.8300E+02   9.5111E-01
   4.8400E+02   8.9522E-01
   4.8500E+02   7.2801E-01
   4.8600E+02   6.0439E-01
   4.8600E+02   1.0000E+00
   4.8600E+02   6.1754E-01
   4.8700E+02   5.3431E-01
   4.8800E+02   5.2111E-01
   4.8900E+02   5.6877E-01
   4.8900E+02   1.0000E+00
   4.8900E+02   5.5814E-01
   4.8900E+02   1.0000E+00
   4.8900E+02   5.5814E-01
   4.8900E+02   1.0000E+00
   4.8900E+02   1.0000E+00
   4.8900E+02   5.5814E-01
   4.8900E+02   1.0000E+00
   4.8900E+02   5.5814E-01
   4.8900E+02   1.0000E+00
   4.8900E+02   5.5814E-01
   4.8900E+02   1.0000E+00
   4.8900E+02   5.5814E-01
   4.8900E+02   1.0000E+00
   4.8900E+02   5.5814E-01
