   0.0000E+00   1.0000E+00
   0.0000E+00   5.7623E-01
   1.0000E+00   5.7157E-01
   2.0000E+00   4.2770E-01
   3.0000E+00   3.5899E-01
   4.0000E+00   3.6297E-01
   5.0000E+00   4.4198E-01
   6.0000E+00   5.4883E-01
   7.0000E+00   6.7382E-01
   8.0000E+00   8.1633E-01
   9.0000E+00   9.5647E-01
   1.0000E+01   1.0398E+00
   1.1000E+01   1.0351E+00
   1.2000E+01   9.4323E-01
   1.3000E+01   7.7918E-01
   1.4000E+01   6.9648E-01
   1.5000E+01   7.2514E-01
   1.6000E+01   8.6755E-01
   1.7000E+01   1.0964E+00
   1.8000E+01   1.2502E+00
   1.9000E+01   1.3046E+00
   2.0000E+01   1.2648E+00
   2.1000E+01   1.1547E+00
   2.2000E+01   1.0680E+00
   2.3000E+01   1.0223E+00
   2.4000E+01   1.0133E+00
   2.5000E+01   1.0339E+00
   2.6000E+01   1.0664E+00
   2.7000E+01   1.1021E+00
   2.8000E+01   1.1347E+00
   2.9000E+01   1.1694E+00
   3.0000E+01   1.1765E+00
   3.1000E+01   1.1544E+00
   3.2000E+01   1.1059E+00
   3.3000E+01   1.0584E+00
   3.4000E+01   1.0639E+00
   3.5000E+01   1.1158E+00
   3.6000E+01   1.2180E+00
   3.7000E+01   1.3261E+00
   3.8000E+01   1.3844E+00
   3.9000E+01   1.3962E+00
   4.0000E+01   1.3608E+00
   4.1000E+01   1.2957E+00
   4.2000E+01   1.2171E+00
   4.3000E+01   1.1215E+00
   4.4000E+01   1.0097E+00
   4.5000E+01   9.5799E-01
   4.6000E+01   9.9460E-01
   4.7000E+01   1.1119E+00
   4.8000E+01   1.3135E+00
   4.9000E+01   1.4822E+00
   5.0000E+01   1.5707E+00
   5.1000E+01   1.5754E+00
   5.2000E+01   1.5059E+00
   5.3000E+01   1.4339E+00
   5.4000E+01   1.3776E+00
   5.5000E+01   1.3410E+00
   5.6000E+01   1.3221E+00
   5.7000E+01   1.3161E+00
   5.8000E+01   1.3249E+00
   5.9000E+01   1.3464E+00
   6.0000E+01   1.3795E+00
   6.1000E+01   1.4475E+00
   6.2000E+01   1.5429E+00
   6.3000E+01   1.6735E+00
   6.4000E+01   1.8077E+00
   6.5000E+01   1.8818E+00
   6.6000E+01   1.8813E+00
   6.7000E+01   1.8061E+00
   6.8000E+01   1.6907E+00
   6.9000E+01   1.5812E+00
   7.0000E+01   1.4874E+00
   7.1000E+01   1.4070E+00
   7.2000E+01   1.3587E+00
   7.3000E+01   1.3645E+00
   7.4000E+01   1.4269E+00
   7.5000E+01   1.5461E+00
   7.6000E+01   1.6592E+00
   7.7000E+01   1.6824E+00
   7.8000E+01   1.6208E+00
   7.9000E+01   1.4675E+00
   8.0000E+01   1.3313E+00
   8.1000E+01   1.2961E+00
   8.2000E+01   1.3616E+00
   8.3000E+01   1.5315E+00
   8.4000E+01   1.6901E+00
   8.5000E+01   1.7762E+00
   8.6000E+01   1.7821E+00
   8.7000E+01   1.7139E+00
   8.8000E+01   1.6343E+00
   8.9000E+01   1.5715E+00
   9.0000E+01   1.5285E+00
   9.1000E+01   1.5026E+00
   9.2000E+01   1.5025E+00
   9.3000E+01   1.5264E+00
   9.4000E+01   1.5766E+00
   9.5000E+01   1.6494E+00
   9.6000E+01   1.7079E+00
   9.7000E+01   1.7524E+00
   9.8000E+01   1.7812E+00
   9.9000E+01   1.7929E+00
   1.0000E+02   1.7846E+00
   1.0100E+02   1.7553E+00
   1.0200E+02   1.7074E+00
   1.0300E+02   1.6577E+00
   1.0400E+02   1.6750E+00
   1.0500E+02   1.7689E+00
   1.0600E+02   1.9363E+00
   1.0700E+02   2.1322E+00
   1.0800E+02   2.2006E+00
   1.0900E+02   2.1337E+00
   1.1000E+02   1.9292E+00
   1.1100E+02   1.6661E+00
   1.1200E+02   1.5211E+00
   1.1300E+02   1.5021E+00
   1.1400E+02   1.6075E+00
   1.1500E+02   1.7473E+00
   1.1600E+02   1.7734E+00
   1.1700E+02   1.6829E+00
   1.1800E+02   1.4784E+00
   1.1900E+02   1.2852E+00
   1.2000E+02   1.2450E+00
   1.2100E+02   1.3524E+00
   1.2200E+02   1.6140E+00
   1.2300E+02   1.8843E+00
   1.2400E+02   2.0379E+00
   1.2500E+02   2.0865E+00
   1.2600E+02   2.0292E+00
   1.2700E+02   1.9689E+00
   1.2800E+02   1.9626E+00
   1.2900E+02   2.0122E+00
   1.3000E+02   2.1103E+00
   1.3100E+02   2.1660E+00
   1.3200E+02   2.1397E+00
   1.3300E+02   2.0321E+00
   1.3400E+02   1.8465E+00
   1.3500E+02   1.6922E+00
   1.3600E+02   1.5875E+00
   1.3700E+02   1.5369E+00
   1.3800E+02   1.5351E+00
   1.3900E+02   1.5546E+00
   1.4000E+02   1.5894E+00
   1.4100E+02   1.6400E+00
   1.4200E+02   1.6986E+00
   1.4300E+02   1.7497E+00
   1.4400E+02   1.7915E+00
   1.4500E+02   1.8223E+00
   1.4600E+02   1.8348E+00
   1.4700E+02   1.8157E+00
   1.4800E+02   1.7628E+00
   1.4900E+02   1.6716E+00
   1.5000E+02   1.5681E+00
   1.5100E+02   1.4931E+00
   1.5200E+02   1.4463E+00
   1.5300E+02   1.4323E+00
   1.5400E+02   1.4475E+00
   1.5500E+02   1.4930E+00
   1.5600E+02   1.5628E+00
   1.5600E+02   1.0000E+00
   1.5600E+02   1.5610E+00
   1.5700E+02   1.6800E+00
   1.5800E+02   1.7732E+00
   1.5900E+02   1.8380E+00
   1.6000E+02   1.8760E+00
   1.6100E+02   1.8804E+00
   1.6200E+02   1.8624E+00
   1.6300E+02   1.8268E+00
   1.6400E+02   1.7957E+00
   1.6500E+02   1.7365E+00
   1.6600E+02   1.6470E+00
   1.6700E+02   1.5661E+00
   1.6800E+02   1.4544E+00
   1.6900E+02   1.3851E+00
   1.7000E+02   1.2959E+00
   1.7100E+02   1.2332E+00
   1.7200E+02   1.2139E+00
   1.7300E+02   1.2346E+00
   1.7400E+02   1.2558E+00
   1.7500E+02   1.3188E+00
   1.7600E+02   1.3875E+00
   1.7700E+02   1.4828E+00
   1.7800E+02   1.5282E+00
   1.7900E+02   1.5248E+00
   1.8000E+02   1.4618E+00
   1.8100E+02   1.3825E+00
   1.8200E+02   1.3268E+00
   1.8300E+02   1.3253E+00
   1.8400E+02   1.3888E+00
   1.8500E+02   1.4617E+00
   1.8600E+02   1.4989E+00
   1.8700E+02   1.4929E+00
   1.8800E+02   1.4046E+00
   1.8900E+02   1.3642E+00
   1.9000E+02   1.3172E+00
   1.9100E+02   1.3144E+00
   1.9200E+02   1.3559E+00
   1.9300E+02   1.3952E+00
   1.9400E+02   1.4185E+00
   1.9500E+02   1.4311E+00
   1.9600E+02   1.4197E+00
   1.9700E+02   1.4053E+00
   1.9800E+02   1.3688E+00
   1.9900E+02   1.3012E+00
   2.0000E+02   1.2285E+00
   2.0100E+02   1.1731E+00
   2.0200E+02   1.1872E+00
   2.0300E+02   1.2622E+00
   2.0400E+02   1.3971E+00
   2.0500E+02   1.5195E+00
   2.0600E+02   1.6071E+00
   2.0700E+02   1.6382E+00
   2.0800E+02   1.6204E+00
   2.0900E+02   1.6075E+00
   2.1000E+02   1.6211E+00
   2.1100E+02   1.6570E+00
   2.1200E+02   1.7172E+00
   2.1300E+02   1.7542E+00
   2.1400E+02   1.7492E+00
   2.1500E+02   1.7044E+00
   2.1600E+02   1.6224E+00
   2.1700E+02   1.5897E+00
   2.1800E+02   1.6149E+00
   2.1900E+02   1.6906E+00
   2.2000E+02   1.7894E+00
   2.2100E+02   1.8997E+00
   2.2200E+02   1.9632E+00
   2.2300E+02   1.9864E+00
   2.2400E+02   1.9741E+00
   2.2500E+02   1.9072E+00
   2.2600E+02   1.8084E+00
   2.2700E+02   1.6259E+00
   2.2800E+02   1.4518E+00
   2.2900E+02   1.3771E+00
   2.3000E+02   1.4334E+00
   2.3100E+02   1.6177E+00
   2.3200E+02   1.8603E+00
   2.3300E+02   1.9976E+00
   2.3400E+02   1.9950E+00
   2.3500E+02   1.8632E+00
   2.3600E+02   1.7127E+00
   2.3700E+02   1.6153E+00
   2.3800E+02   1.6079E+00
   2.3900E+02   1.7032E+00
   2.4000E+02   1.7681E+00
   2.4100E+02   1.8242E+00
   2.4200E+02   1.8555E+00
   2.4300E+02   1.8498E+00
   2.4400E+02   1.8396E+00
   2.4500E+02   1.8559E+00
   2.4600E+02   1.8996E+00
   2.4700E+02   1.9387E+00
   2.4800E+02   1.9850E+00
   2.4900E+02   2.0077E+00
   2.5000E+02   2.0068E+00
   2.5100E+02   1.9837E+00
   2.5200E+02   1.9672E+00
   2.5300E+02   1.9690E+00
   2.5400E+02   1.9975E+00
   2.5500E+02   2.0205E+00
   2.5600E+02   2.0092E+00
   2.5700E+02   1.9251E+00
   2.5800E+02   1.8136E+00
   2.5900E+02   1.6655E+00
   2.6000E+02   1.5064E+00
   2.6100E+02   1.3892E+00
   2.6200E+02   1.2914E+00
   2.6300E+02   1.2398E+00
   2.6400E+02   1.2139E+00
   2.6500E+02   1.2547E+00
   2.6600E+02   1.3102E+00
   2.6700E+02   1.3345E+00
   2.6800E+02   1.3721E+00
   2.6900E+02   1.3742E+00
   2.7000E+02   1.3614E+00
   2.7100E+02   1.3104E+00
   2.7200E+02   1.2616E+00
   2.7300E+02   1.1976E+00
   2.7400E+02   1.1050E+00
   2.7500E+02   1.0706E+00
   2.7600E+02   1.1292E+00
   2.7700E+02   1.2469E+00
   2.7800E+02   1.3999E+00
   2.7900E+02   1.6244E+00
   2.8000E+02   1.7607E+00
   2.8000E+02   1.0000E+00
   2.8000E+02   1.7578E+00
   2.8100E+02   1.8190E+00
   2.8200E+02   1.7970E+00
   2.8300E+02   1.7273E+00
   2.8400E+02   1.6406E+00
   2.8500E+02   1.5828E+00
   2.8600E+02   1.5176E+00
   2.8700E+02   1.4741E+00
   2.8800E+02   1.4720E+00
   2.8900E+02   1.5246E+00
   2.9000E+02   1.5816E+00
   2.9100E+02   1.6356E+00
   2.9200E+02   1.6493E+00
   2.9300E+02   1.6194E+00
   2.9400E+02   1.5372E+00
   2.9500E+02   1.4859E+00
   2.9600E+02   1.4588E+00
   2.9700E+02   1.4722E+00
   2.9800E+02   1.5094E+00
   2.9900E+02   1.5216E+00
   3.0000E+02   1.4761E+00
   3.0100E+02   1.4331E+00
   3.0200E+02   1.3282E+00
   3.0300E+02   1.2533E+00
   3.0400E+02   1.2102E+00
   3.0500E+02   1.1979E+00
   3.0600E+02   1.2131E+00
   3.0700E+02   1.2254E+00
   3.0800E+02   1.2478E+00
   3.0900E+02   1.2655E+00
   3.1000E+02   1.2811E+00
   3.1100E+02   1.2929E+00
   3.1200E+02   1.2961E+00
   3.1300E+02   1.2951E+00
   3.1400E+02   1.2965E+00
   3.1500E+02   1.3077E+00
   3.1600E+02   1.3349E+00
   3.1700E+02   1.3662E+00
   3.1800E+02   1.3946E+00
   3.1900E+02   1.3760E+00
   3.2000E+02   1.3129E+00
   3.2100E+02   1.2086E+00
   3.2200E+02   1.1445E+00
   3.2300E+02   1.0845E+00
   3.2400E+02   1.0689E+00
   3.2500E+02   1.0850E+00
   3.2600E+02   1.1222E+00
   3.2700E+02   1.1681E+00
   3.2800E+02   1.2240E+00
   3.2900E+02   1.3025E+00
   3.3000E+02   1.3455E+00
   3.3100E+02   1.3713E+00
   3.3200E+02   1.3578E+00
   3.3300E+02   1.3230E+00
   3.3400E+02   1.3141E+00
   3.3500E+02   1.3560E+00
   3.3600E+02   1.4342E+00
   3.3700E+02   1.5766E+00
   3.3800E+02   1.6496E+00
   3.3900E+02   1.6426E+00
   3.4000E+02   1.5487E+00
   3.4100E+02   1.4126E+00
   3.4200E+02   1.2655E+00
   3.4300E+02   1.1680E+00
   3.4400E+02   1.0991E+00
   3.4500E+02   1.0810E+00
   3.4600E+02   1.0854E+00
   3.4700E+02   1.1301E+00
   3.4800E+02   1.1853E+00
   3.4900E+02   1.2281E+00
   3.5000E+02   1.2643E+00
   3.5100E+02   1.2759E+00
   3.5200E+02   1.2445E+00
   3.5300E+02   1.2209E+00
   3.5400E+02   1.2220E+00
   3.5500E+02   1.2653E+00
   3.5600E+02   1.3466E+00
   3.5700E+02   1.3628E+00
   3.5800E+02   1.3287E+00
   3.5900E+02   1.1773E+00
   3.6000E+02   1.0022E+00
   3.6100E+02   7.8925E-01
   3.6200E+02   8.1075E-01
   3.6300E+02   9.9427E-01
   3.6400E+02   1.3818E+00
   3.6500E+02   1.7726E+00
   3.6600E+02   1.9062E+00
   3.6700E+02   1.8039E+00
   3.6800E+02   1.4287E+00
   3.6900E+02   1.0474E+00
   3.7000E+02   8.2037E-01
   3.7100E+02   7.4719E-01
   3.7200E+02   8.3194E-01
   3.7300E+02   9.6529E-01
   3.7400E+02   1.0627E+00
   3.7500E+02   1.1609E+00
   3.7600E+02   1.2428E+00
   3.7700E+02   1.3022E+00
   3.7800E+02   1.3494E+00
   3.7900E+02   1.3711E+00
   3.8000E+02   1.3690E+00
   3.8100E+02   1.3564E+00
   3.8200E+02   1.2895E+00
   3.8300E+02   1.2461E+00
   3.8400E+02   1.2257E+00
   3.8500E+02   1.2081E+00
   3.8600E+02   1.2333E+00
   3.8700E+02   1.3045E+00
   3.8800E+02   1.3937E+00
   3.8900E+02   1.4799E+00
   3.9000E+02   1.5297E+00
   3.9100E+02   1.5602E+00
   3.9200E+02   1.5614E+00
   3.9300E+02   1.5500E+00
   3.9400E+02   1.5206E+00
   3.9500E+02   1.4824E+00
   3.9600E+02   1.4488E+00
   3.9700E+02   1.4075E+00
   3.9800E+02   1.3915E+00
   3.9900E+02   1.3786E+00
   4.0000E+02   1.3706E+00
   4.0100E+02   1.3615E+00
   4.0200E+02   1.3565E+00
   4.0300E+02   1.3443E+00
   4.0400E+02   1.3268E+00
   4.0500E+02   1.2894E+00
   4.0600E+02   1.2051E+00
   4.0700E+02   1.1568E+00
   4.0800E+02   1.0879E+00
   4.0900E+02   1.0711E+00
   4.1000E+02   1.0991E+00
   4.1100E+02   1.1681E+00
   4.1200E+02   1.2347E+00
   4.1300E+02   1.2650E+00
   4.1400E+02   1.2569E+00
   4.1500E+02   1.2182E+00
   4.1600E+02   1.1881E+00
   4.1700E+02   1.1681E+00
   4.1800E+02   1.1732E+00
   4.1900E+02   1.1854E+00
   4.2000E+02   1.2199E+00
   4.2100E+02   1.2419E+00
   4.2200E+02   1.3024E+00
   4.2300E+02   1.3420E+00
   4.2400E+02   1.3852E+00
   4.2400E+02   1.0000E+00
   4.2400E+02   1.3751E+00
   4.2500E+02   1.4335E+00
   4.2600E+02   1.5171E+00
   4.2700E+02   1.5635E+00
   4.2800E+02   1.5782E+00
   4.2900E+02   1.5418E+00
   4.3000E+02   1.4468E+00
   4.3100E+02   1.3791E+00
   4.3200E+02   1.3004E+00
   4.3300E+02   1.2748E+00
   4.3400E+02   1.2912E+00
   4.3500E+02   1.3265E+00
   4.3600E+02   1.3384E+00
   4.3700E+02   1.3086E+00
   4.3800E+02   1.2703E+00
   4.3900E+02   1.2004E+00
   4.4000E+02   1.1704E+00
   4.4100E+02   1.1584E+00
   4.4200E+02   1.1719E+00
   4.4300E+02   1.2187E+00
   4.4400E+02   1.2475E+00
   4.4500E+02   1.3292E+00
   4.4600E+02   1.3836E+00
   4.4600E+02   1.0000E+00
   4.4600E+02   1.3679E+00
   4.4700E+02   1.4275E+00
   4.4800E+02   1.4390E+00
   4.4900E+02   1.4028E+00
   4.5000E+02   1.3272E+00
   4.5100E+02   1.2098E+00
   4.5200E+02   1.1045E+00
   4.5300E+02   1.0204E+00
   4.5300E+02   1.0000E+00
   4.5300E+02   1.0380E+00
   4.5400E+02   9.3492E-01
   4.5500E+02   8.8357E-01
   4.5600E+02   9.1671E-01
   4.5600E+02   1.0000E+00
   4.5600E+02   8.9890E-01
   4.5700E+02   9.9192E-01
   4.5800E+02   1.1487E+00
   4.5900E+02   1.2602E+00
   4.6000E+02   1.2990E+00
   4.6100E+02   1.2720E+00
   4.6200E+02   1.1684E+00
   4.6300E+02   1.0991E+00
   4.6400E+02   1.0487E+00
   4.6500E+02   1.0474E+00
   4.6600E+02   1.0665E+00
   4.6700E+02   1.0997E+00
   4.6800E+02   1.1133E+00
   4.6900E+02   1.1339E+00
   4.7000E+02   1.1384E+00
   4.7100E+02   1.1364E+00
   4.7200E+02   1.1246E+00
   4.7300E+02   1.1044E+00
   4.7400E+02   1.0933E+00
   4.7500E+02   1.1543E+00
   4.7600E+02   1.3097E+00
   4.7700E+02   1.4754E+00
   4.7800E+02   1.7149E+00
   4.7900E+02   1.8320E+00
   4.8000E+02   1.8286E+00
   4.8100E+02   1.7148E+00
   4.8200E+02   1.5115E+00
   4.8300E+02   1.4039E+00
   4.8400E+02   1.3468E+00
   4.8500E+02   1.3679E+00
   4.8600E+02   1.3990E+00
   4.8700E+02   1.4188E+00
   4.8800E+02   1.4169E+00
   4.8900E+02   1.3966E+00
   4.9000E+02   1.3457E+00
   4.9100E+02   1.2771E+00
   4.9200E+02   1.1975E+00
   4.9300E+02   1.0895E+00
   4.9400E+02   9.9458E-01
   4.9500E+02   9.2442E-01
   4.9600E+02   8.9203E-01
   4.9700E+02   8.9432E-01
   4.9800E+02   8.8756E-01
   4.9900E+02   8.6880E-01
   5.0000E+02   8.0385E-01
   5.0100E+02   7.7674E-01
   5.0200E+02   7.4750E-01
   5.0300E+02   7.3815E-01
   5.0400E+02   7.5919E-01
   5.0500E+02   8.1382E-01
   5.0600E+02   8.8448E-01
   5.0700E+02   9.5810E-01
   5.0700E+02   1.0000E+00
   5.0700E+02   9.3344E-01
   5.0800E+02   1.0625E+00
   5.0900E+02   1.1982E+00
   5.1000E+02   1.2911E+00
   5.1100E+02   1.3194E+00
   5.1200E+02   1.2856E+00
   5.1300E+02   1.2060E+00
   5.1400E+02   1.1602E+00
   5.1500E+02   1.1529E+00
   5.1600E+02   1.1791E+00
   5.1700E+02   1.2115E+00
   5.1800E+02   1.2387E+00
   5.1900E+02   1.2484E+00
   5.2000E+02   1.2405E+00
   5.2100E+02   1.2203E+00
   5.2200E+02   1.2071E+00
   5.2300E+02   1.1962E+00
   5.2400E+02   1.1949E+00
   5.2500E+02   1.2080E+00
   5.2600E+02   1.2299E+00
   5.2700E+02   1.2863E+00
   5.2800E+02   1.3686E+00
   5.2900E+02   1.4089E+00
   5.3000E+02   1.4507E+00
   5.3100E+02   1.4634E+00
   5.3200E+02   1.4416E+00
   5.3300E+02   1.4105E+00
   5.3400E+02   1.3487E+00
   5.3500E+02   1.2655E+00
   5.3600E+02   1.1564E+00
   5.3700E+02   1.0729E+00
   5.3800E+02   1.0042E+00
   5.3800E+02   1.0000E+00
   5.3800E+02   1.0076E+00
   5.3900E+02   9.6101E-01
   5.4000E+02   9.4801E-01
   5.4100E+02   9.2949E-01
   5.4200E+02   8.9907E-01
   5.4300E+02   8.5052E-01
   5.4400E+02   8.0460E-01
   5.4500E+02   7.9147E-01
   5.4600E+02   8.5496E-01
   5.4700E+02   9.1429E-01
   5.4700E+02   1.0000E+00
   5.4700E+02   8.9408E-01
   5.4800E+02   1.0143E+00
   5.4900E+02   1.1465E+00
   5.5000E+02   1.2631E+00
   5.5100E+02   1.3683E+00
   5.5200E+02   1.4253E+00
   5.5300E+02   1.4076E+00
   5.5400E+02   1.2806E+00
   5.5500E+02   1.0156E+00
   5.5600E+02   7.4257E-01
   5.5700E+02   5.7384E-01
   5.5800E+02   5.6297E-01
   5.5800E+02   1.0000E+00
   5.5800E+02   5.6185E-01
   5.5900E+02   7.1500E-01
   5.6000E+02   9.5096E-01
   5.6100E+02   1.0961E+00
   5.6200E+02   1.1268E+00
   5.6300E+02   1.0192E+00
   5.6300E+02   1.0000E+00
   5.6300E+02   1.0622E+00
   5.6400E+02   9.3825E-01
   5.6500E+02   8.7997E-01
   5.6600E+02   9.1383E-01
   5.6600E+02   1.0000E+00
   5.6600E+02   8.9538E-01
   5.6700E+02   9.8403E-01
   5.6800E+02   1.0999E+00
   5.6900E+02   1.1835E+00
   5.7000E+02   1.2100E+00
   5.7100E+02   1.1959E+00
   5.7200E+02   1.1676E+00
   5.7300E+02   1.1319E+00
   5.7400E+02   1.1213E+00
   5.7500E+02   1.1128E+00
   5.7600E+02   1.1354E+00
   5.7700E+02   1.1915E+00
   5.7800E+02   1.3005E+00
   5.7900E+02   1.4017E+00
   5.8000E+02   1.5040E+00
   5.8100E+02   1.5150E+00
   5.8200E+02   1.4108E+00
   5.8300E+02   1.3071E+00
   5.8400E+02   1.1862E+00
   5.8500E+02   1.1594E+00
   5.8600E+02   1.2089E+00
   5.8700E+02   1.3293E+00
   5.8800E+02   1.4082E+00
   5.8900E+02   1.4494E+00
   5.9000E+02   1.4339E+00
   5.9100E+02   1.3884E+00
   5.9200E+02   1.3188E+00
   5.9300E+02   1.2485E+00
   5.9400E+02   1.1554E+00
   5.9500E+02   1.0962E+00
   5.9600E+02   1.1183E+00
   5.9700E+02   1.2014E+00
   5.9800E+02   1.3926E+00
   5.9900E+02   1.5625E+00
   6.0000E+02   1.6966E+00
   6.0100E+02   1.7219E+00
   6.0200E+02   1.6619E+00
   6.0300E+02   1.5166E+00
   6.0400E+02   1.4325E+00
   6.0500E+02   1.4033E+00
   6.0600E+02   1.3999E+00
   6.0700E+02   1.4322E+00
   6.0800E+02   1.4515E+00
   6.0900E+02   1.4779E+00
   6.1000E+02   1.5028E+00
   6.1100E+02   1.5015E+00
   6.1200E+02   1.4679E+00
   6.1300E+02   1.4019E+00
   6.1400E+02   1.2881E+00
   6.1500E+02   1.2168E+00
   6.1600E+02   1.2826E+00
   6.1700E+02   1.4591E+00
   6.1800E+02   1.7839E+00
   6.1900E+02   2.0332E+00
   6.2000E+02   2.1216E+00
   6.2100E+02   2.0418E+00
   6.2200E+02   1.8037E+00
   6.2300E+02   1.5974E+00
   6.2400E+02   1.5389E+00
   6.2500E+02   1.6233E+00
   6.2600E+02   1.8082E+00
   6.2700E+02   1.9702E+00
   6.2800E+02   2.0036E+00
   6.2900E+02   1.9009E+00
   6.3000E+02   1.7575E+00
   6.3100E+02   1.6005E+00
   6.3200E+02   1.5064E+00
   6.3300E+02   1.4806E+00
   6.3400E+02   1.5077E+00
   6.3500E+02   1.5702E+00
   6.3600E+02   1.6831E+00
   6.3700E+02   1.7930E+00
   6.3800E+02   1.9388E+00
   6.3900E+02   2.0444E+00
   6.4000E+02   2.0861E+00
   6.4100E+02   2.0465E+00
   6.4200E+02   1.9881E+00
   6.4300E+02   1.8710E+00
   6.4400E+02   1.7926E+00
   6.4500E+02   1.6393E+00
   6.4600E+02   1.5034E+00
   6.4700E+02   1.4419E+00
   6.4800E+02   1.4644E+00
   6.4900E+02   1.5828E+00
   6.5000E+02   1.7217E+00
   6.5100E+02   1.8167E+00
   6.5200E+02   1.8731E+00
   6.5300E+02   1.8794E+00
   6.5400E+02   1.8486E+00
   6.5500E+02   1.8158E+00
   6.5600E+02   1.7584E+00
   6.5700E+02   1.6743E+00
   6.5800E+02   1.5998E+00
   6.5900E+02   1.5574E+00
   6.6000E+02   1.4994E+00
   6.6100E+02   1.4741E+00
   6.6200E+02   1.4436E+00
   6.6200E+02   1.0000E+00
   6.6200E+02   1.4460E+00
   6.6300E+02   1.4075E+00
   6.6300E+02   1.0000E+00
   6.6300E+02   1.4103E+00
   6.6400E+02   1.3682E+00
   6.6500E+02   1.3276E+00
   6.6600E+02   1.3236E+00
   6.6700E+02   1.3702E+00
   6.6800E+02   1.4582E+00
   6.6900E+02   1.6007E+00
   6.7000E+02   1.7156E+00
   6.7100E+02   1.7716E+00
   6.7200E+02   1.7788E+00
   6.7300E+02   1.7339E+00
   6.7400E+02   1.6744E+00
   6.7500E+02   1.6230E+00
   6.7600E+02   1.5398E+00
   6.7700E+02   1.4704E+00
   6.7800E+02   1.3849E+00
   6.7900E+02   1.2687E+00
   6.8000E+02   1.1410E+00
   6.8100E+02   1.0168E+00
   6.8200E+02   9.7404E-01
   6.8200E+02   1.0000E+00
   6.8200E+02   9.7455E-01
   6.8300E+02   1.0046E+00
   6.8400E+02   1.1384E+00
   6.8500E+02   1.2914E+00
   6.8600E+02   1.4245E+00
   6.8700E+02   1.5282E+00
   6.8800E+02   1.6090E+00
   6.8900E+02   1.6237E+00
   6.9000E+02   1.5827E+00
   6.9100E+02   1.4852E+00
   6.9200E+02   1.3760E+00
   6.9300E+02   1.1947E+00
   6.9400E+02   1.0878E+00
   6.9500E+02   1.0019E+00
   6.9600E+02   9.4974E-01
   6.9700E+02   9.3258E-01
   6.9800E+02   9.3588E-01
   6.9900E+02   9.6492E-01
   7.0000E+02   1.0012E+00
   7.0100E+02   1.0379E+00
   7.0200E+02   1.0350E+00
   7.0300E+02   1.0003E+00
   7.0400E+02   9.3173E-01
   7.0500E+02   8.9103E-01
   7.0600E+02   9.1908E-01
   7.0700E+02   9.9959E-01
   7.0700E+02   1.0000E+00
   7.0700E+02   9.8916E-01
   7.0800E+02   1.1278E+00
   7.0900E+02   1.2360E+00
   7.1000E+02   1.2691E+00
   7.1100E+02   1.2346E+00
   7.1200E+02   1.1507E+00
   7.1300E+02   1.0769E+00
   7.1400E+02   1.0478E+00
   7.1500E+02   1.0412E+00
   7.1600E+02   1.0687E+00
   7.1700E+02   1.1018E+00
   7.1800E+02   1.1734E+00
   7.1900E+02   1.2283E+00
   7.2000E+02   1.3381E+00
   7.2000E+02   1.0000E+00
   7.2000E+02   1.3097E+00
   7.2100E+02   1.3905E+00
   7.2200E+02   1.4580E+00
   7.2300E+02   1.5380E+00
   7.2400E+02   1.5572E+00
   7.2500E+02   1.5102E+00
   7.2600E+02   1.4090E+00
   7.2700E+02   1.2481E+00
   7.2800E+02   1.0423E+00
   7.2900E+02   9.4388E-01
   7.3000E+02   9.5974E-01
   7.3000E+02   1.0000E+00
   7.3000E+02   9.4117E-01
   7.3100E+02   1.0435E+00
   7.3200E+02   1.1840E+00
   7.3300E+02   1.2580E+00
   7.3400E+02   1.2805E+00
   7.3500E+02   1.2432E+00
   7.3600E+02   1.1675E+00
   7.3600E+02   1.0000E+00
   7.3600E+02   1.1678E+00
   7.3700E+02   1.0306E+00
   7.3700E+02   1.0000E+00
   7.3700E+02   1.0409E+00
   7.3800E+02   8.7035E-01
   7.3900E+02   6.4754E-01
   7.3900E+02   1.0000E+00
   7.3900E+02   6.5786E-01
   7.3900E+02   1.0000E+00
   7.3900E+02   1.0000E+00
   7.3900E+02   1.0000E+00
   7.3900E+02   6.5786E-01
   7.4000E+02   4.8088E-01
   7.4100E+02   4.4978E-01
   7.4100E+02   1.0000E+00
   7.4100E+02   4.4915E-01
   7.4200E+02   5.6036E-01
   7.4200E+02   1.0000E+00
   7.4200E+02   5.3901E-01
   7.4300E+02   7.7479E-01
   7.4400E+02   9.8207E-01
   7.4500E+02   1.0773E+00
   7.4600E+02   1.0729E+00
   7.4600E+02   1.0000E+00
   7.4600E+02   1.0820E+00
   7.4700E+02   9.8872E-01
   7.4800E+02   9.0684E-01
   7.4900E+02   8.9458E-01
   7.5000E+02   9.7970E-01
   7.5000E+02   1.0000E+00
   7.5000E+02   9.4308E-01
   7.5100E+02   1.0538E+00
   7.5200E+02   1.1444E+00
   7.5300E+02   1.1813E+00
   7.5400E+02   1.1447E+00
   7.5500E+02   1.1121E+00
   7.5600E+02   1.0920E+00
   7.5700E+02   1.1206E+00
   7.5800E+02   1.2039E+00
   7.5900E+02   1.2898E+00
   7.6000E+02   1.3078E+00
   7.6100E+02   1.1970E+00
   7.6200E+02   1.0567E+00
   7.6200E+02   1.0000E+00
   7.6200E+02   1.0895E+00
   7.6300E+02   8.6367E-01
   7.6400E+02   7.2438E-01
   7.6500E+02   6.7168E-01
   7.6600E+02   7.1741E-01
   7.6700E+02   7.9365E-01
   7.6800E+02   8.3433E-01
   7.6900E+02   8.1813E-01
   7.7000E+02   7.4504E-01
   7.7100E+02   6.4269E-01
   7.7200E+02   6.0376E-01
   7.7300E+02   6.2536E-01
   7.7400E+02   7.0395E-01
   7.7500E+02   7.5824E-01
   7.7600E+02   8.8476E-01
   7.7700E+02   9.9200E-01
   7.7700E+02   1.0000E+00
   7.7700E+02   9.4054E-01
   7.7700E+02   1.0000E+00
   7.7700E+02   9.4054E-01
   7.7700E+02   1.0000E+00
   7.7700E+02   1.0000E+00
   7.7700E+02   9.4054E-01
   7.7700E+02   1.0000E+00
   7.7700E+02   9.4054E-01
   7.7700E+02   1.0000E+00
   7.7700E+02   9.4054E-01
   7.7700E+02   1.0000E+00
   7.7700E+02   9.4054E-01
   7.7700E+02   1.0000E+00
   7.7700E+02   9.4054E-01
