   0.0000E+00   1.0000E+00
   0.0000E+00   6.2291E-01
   1.0000E+00   6.2367E-01
   2.0000E+00   6.4288E-01
   3.0000E+00   6.6936E-01
   4.0000E+00   6.9843E-01
   5.0000E+00   7.3658E-01
   6.0000E+00   7.9650E-01
   7.0000E+00   8.9109E-01
   8.0000E+00   1.0291E+00
   9.0000E+00   1.2007E+00
   1.0000E+01   1.3252E+00
   1.1000E+01   1.3347E+00
   1.2000E+01   1.2312E+00
   1.3000E+01   1.0145E+00
   1.4000E+01   8.3413E-01
   1.5000E+01   7.5663E-01
   1.6000E+01   7.8916E-01
   1.7000E+01   9.1725E-01
   1.8000E+01   1.0316E+00
   1.9000E+01   1.0882E+00
   2.0000E+01   1.0854E+00
   2.1000E+01   1.0348E+00
   2.2000E+01   1.0134E+00
   2.3000E+01   1.0471E+00
   2.4000E+01   1.1288E+00
   2.5000E+01   1.2570E+00
   2.6000E+01   1.3390E+00
   2.7000E+01   1.3729E+00
   2.8000E+01   1.3527E+00
   2.9000E+01   1.2834E+00
   3.0000E+01   1.2019E+00
   3.1000E+01   1.1080E+00
   3.2000E+01   1.0005E+00
   3.3000E+01   8.9667E-01
   3.4000E+01   8.5766E-01
   3.5000E+01   8.8845E-01
   3.6000E+01   9.9302E-01
   3.7000E+01   1.1172E+00
   3.8000E+01   1.1794E+00
   3.9000E+01   1.1657E+00
   4.0000E+01   1.0790E+00
   4.1000E+01   9.7779E-01
   4.2000E+01   9.6337E-01
   4.3000E+01   1.0386E+00
   4.4000E+01   1.1974E+00
   4.5000E+01   1.3748E+00
   4.6000E+01   1.4636E+00
   4.7000E+01   1.4651E+00
   4.8000E+01   1.3850E+00
   4.9000E+01   1.2672E+00
   5.0000E+01   1.1592E+00
   5.1000E+01   1.0553E+00
   5.2000E+01   9.7464E-01
   5.3000E+01   9.0400E-01
   5.4000E+01   8.5768E-01
   5.5000E+01   8.3872E-01
   5.6000E+01   8.4400E-01
   5.7000E+01   8.8141E-01
   5.8000E+01   9.5006E-01
   5.9000E+01   1.0576E+00
   6.0000E+01   1.1929E+00
   6.1000E+01   1.3003E+00
   6.2000E+01   1.3623E+00
   6.3000E+01   1.3769E+00
   6.4000E+01   1.3499E+00
   6.5000E+01   1.3403E+00
   6.6000E+01   1.3571E+00
   6.7000E+01   1.4021E+00
   6.8000E+01   1.4682E+00
   6.9000E+01   1.4948E+00
   7.0000E+01   1.4775E+00
   7.1000E+01   1.4173E+00
   7.2000E+01   1.3231E+00
   7.3000E+01   1.2275E+00
   7.4000E+01   1.1371E+00
   7.5000E+01   1.0478E+00
   7.6000E+01   9.9261E-01
   7.7000E+01   9.9138E-01
   7.8000E+01   1.0562E+00
   7.9000E+01   1.1870E+00
   8.0000E+01   1.3487E+00
   8.1000E+01   1.4886E+00
   8.2000E+01   1.5925E+00
   8.3000E+01   1.6724E+00
   8.4000E+01   1.7000E+00
   8.5000E+01   1.6543E+00
   8.6000E+01   1.5290E+00
   8.7000E+01   1.3347E+00
   8.8000E+01   1.1535E+00
   8.9000E+01   1.0972E+00
   9.0000E+01   1.1635E+00
   9.1000E+01   1.3476E+00
   9.2000E+01   1.5243E+00
   9.3000E+01   1.5903E+00
   9.4000E+01   1.5461E+00
   9.5000E+01   1.3957E+00
   9.6000E+01   1.2560E+00
   9.7000E+01   1.1954E+00
   9.8000E+01   1.2183E+00
   9.9000E+01   1.3127E+00
   1.0000E+02   1.3980E+00
   1.0100E+02   1.4423E+00
   1.0200E+02   1.4416E+00
   1.0300E+02   1.4005E+00
   1.0400E+02   1.3415E+00
   1.0500E+02   1.2652E+00
   1.0600E+02   1.1846E+00
   1.0700E+02   1.0901E+00
   1.0800E+02   9.8965E-01
   1.0900E+02   8.8098E-01
   1.1000E+02   7.6561E-01
   1.1100E+02   6.6093E-01
   1.1200E+02   6.2518E-01
   1.1300E+02   6.6198E-01
   1.1400E+02   7.7380E-01
   1.1500E+02   9.4168E-01
   1.1600E+02   1.0969E+00
   1.1700E+02   1.2285E+00
   1.1800E+02   1.3424E+00
   1.1900E+02   1.4147E+00
   1.2000E+02   1.4257E+00
   1.2100E+02   1.3670E+00
   1.2200E+02   1.2426E+00
   1.2300E+02   1.1023E+00
   1.2400E+02   1.0422E+00
   1.2500E+02   1.0659E+00
   1.2600E+02   1.1781E+00
   1.2700E+02   1.2745E+00
   1.2800E+02   1.2443E+00
   1.2900E+02   1.0882E+00
   1.3000E+02   8.0400E-01
   1.3100E+02   5.4863E-01
   1.3200E+02   4.8112E-01
   1.3300E+02   5.9931E-01
   1.3300E+02   1.0000E+00
   1.3300E+02   5.9721E-01
   1.3400E+02   9.1965E-01
   1.3500E+02   1.2037E+00
   1.3600E+02   1.3558E+00
   1.3700E+02   1.3693E+00
   1.3800E+02   1.2599E+00
   1.3900E+02   1.1705E+00
   1.4000E+02   1.1806E+00
   1.4100E+02   1.2557E+00
   1.4200E+02   1.4000E+00
   1.4300E+02   1.4899E+00
   1.4400E+02   1.4424E+00
   1.4500E+02   1.3138E+00
   1.4600E+02   1.0588E+00
   1.4700E+02   9.0026E-01
   1.4800E+02   8.2497E-01
   1.4900E+02   8.5630E-01
   1.5000E+02   9.5600E-01
   1.5100E+02   1.0041E+00
   1.5200E+02   9.7584E-01
   1.5300E+02   8.5346E-01
   1.5400E+02   7.1254E-01
   1.5500E+02   6.7178E-01
   1.5600E+02   7.6196E-01
   1.5700E+02   9.1686E-01
   1.5800E+02   1.1565E+00
   1.5900E+02   1.3563E+00
   1.6000E+02   1.4644E+00
   1.6100E+02   1.5126E+00
   1.6200E+02   1.4977E+00
   1.6300E+02   1.4530E+00
   1.6400E+02   1.3787E+00
   1.6500E+02   1.2601E+00
   1.6600E+02   1.1136E+00
   1.6700E+02   1.0161E+00
   1.6800E+02   8.8555E-01
   1.6900E+02   7.7663E-01
   1.7000E+02   6.8912E-01
   1.7100E+02   6.6460E-01
   1.7200E+02   7.1206E-01
   1.7300E+02   8.2217E-01
   1.7400E+02   9.0538E-01
   1.7500E+02   9.8110E-01
   1.7600E+02   1.0163E+00
   1.7700E+02   1.0346E+00
   1.7800E+02   1.0366E+00
   1.7900E+02   1.0312E+00
   1.8000E+02   1.0220E+00
   1.8100E+02   1.0080E+00
   1.8200E+02   1.0091E+00
   1.8300E+02   1.0558E+00
   1.8400E+02   1.0964E+00
   1.8500E+02   1.1473E+00
   1.8600E+02   1.1539E+00
   1.8700E+02   1.0594E+00
   1.8700E+02   1.0000E+00
   1.8700E+02   1.1019E+00
   1.8800E+02   9.6807E-01
   1.8900E+02   7.7368E-01
   1.9000E+02   6.4800E-01
   1.9100E+02   6.0245E-01
   1.9200E+02   6.5513E-01
   1.9300E+02   7.4867E-01
   1.9400E+02   8.0057E-01
   1.9500E+02   8.2079E-01
   1.9600E+02   7.9037E-01
   1.9700E+02   7.3772E-01
   1.9800E+02   6.9677E-01
   1.9900E+02   6.7443E-01
   2.0000E+02   6.7827E-01
   2.0100E+02   6.9481E-01
   2.0200E+02   7.2492E-01
   2.0300E+02   7.4663E-01
   2.0400E+02   8.0135E-01
   2.0500E+02   8.3660E-01
   2.0600E+02   8.4814E-01
   2.0700E+02   8.3198E-01
   2.0800E+02   7.5351E-01
   2.0900E+02   7.2078E-01
   2.1000E+02   6.3863E-01
   2.1000E+02   1.0000E+00
   2.1000E+02   6.5564E-01
   2.1000E+02   1.0000E+00
   2.1000E+02   1.0000E+00
   2.1000E+02   1.0000E+00
   2.1000E+02   6.5564E-01
   2.1000E+02   1.0000E+00
   2.1000E+02   6.5564E-01
   2.1000E+02   1.0000E+00
   2.1000E+02   6.5564E-01
   2.1100E+02   5.8252E-01
   2.1100E+02   1.0000E+00
   2.1100E+02   5.8252E-01
   2.1200E+02   5.0505E-01
   2.1200E+02   1.0000E+00
   2.1200E+02   5.0505E-01
   2.1300E+02   4.3602E-01
   2.1400E+02   4.1349E-01
   2.1500E+02   4.2750E-01
   2.1600E+02   4.7998E-01
   2.1700E+02   5.8637E-01
   2.1700E+02   1.0000E+00
   2.1700E+02   5.3397E-01
   2.1800E+02   6.3356E-01
   2.1900E+02   7.8201E-01
   2.2000E+02   9.2862E-01
   2.2100E+02   1.0372E+00
   2.2200E+02   1.1334E+00
   2.2300E+02   1.2010E+00
   2.2400E+02   1.2434E+00
   2.2500E+02   1.2844E+00
   2.2600E+02   1.3353E+00
   2.2700E+02   1.4025E+00
   2.2800E+02   1.4903E+00
   2.2900E+02   1.5325E+00
   2.3000E+02   1.5235E+00
   2.3100E+02   1.4639E+00
   2.3200E+02   1.3996E+00
   2.3300E+02   1.3406E+00
   2.3400E+02   1.3309E+00
   2.3500E+02   1.3761E+00
   2.3600E+02   1.4157E+00
   2.3700E+02   1.4558E+00
   2.3800E+02   1.4573E+00
   2.3900E+02   1.4322E+00
   2.4000E+02   1.3933E+00
   2.4100E+02   1.3477E+00
   2.4200E+02   1.3089E+00
   2.4300E+02   1.2705E+00
   2.4400E+02   1.2496E+00
   2.4500E+02   1.2726E+00
   2.4600E+02   1.3534E+00
   2.4700E+02   1.4484E+00
   2.4800E+02   1.5621E+00
   2.4900E+02   1.6009E+00
   2.5000E+02   1.5623E+00
   2.5100E+02   1.4360E+00
   2.5200E+02   1.3465E+00
   2.5300E+02   1.2900E+00
   2.5400E+02   1.3149E+00
   2.5500E+02   1.3654E+00
   2.5600E+02   1.4063E+00
   2.5700E+02   1.3529E+00
   2.5800E+02   1.1849E+00
   2.5900E+02   9.8771E-01
   2.6000E+02   7.6575E-01
   2.6100E+02   6.1025E-01
   2.6200E+02   5.3823E-01
   2.6300E+02   5.3702E-01
   2.6400E+02   5.3182E-01
   2.6500E+02   5.0735E-01
   2.6600E+02   4.4815E-01
   2.6700E+02   4.0552E-01
   2.6800E+02   3.6570E-01
   2.6900E+02   3.5634E-01
   2.7000E+02   4.0723E-01
   2.7100E+02   4.2647E-01
   2.7200E+02   4.3333E-01
   2.7300E+02   3.8424E-01
   2.7400E+02   3.3712E-01
   2.7500E+02   2.4252E-01
   2.7600E+02   2.3169E-01
   2.7700E+02   3.2797E-01
   2.7800E+02   4.9115E-01
   2.7800E+02   1.0000E+00
   2.7800E+02   4.6640E-01
   2.7900E+02   7.0670E-01
   2.8000E+02   8.2809E-01
   2.8100E+02   8.6409E-01
   2.8200E+02   7.8153E-01
   2.8300E+02   6.7737E-01
   2.8400E+02   5.6725E-01
   2.8500E+02   4.5415E-01
   2.8600E+02   3.8059E-01
   2.8700E+02   3.2690E-01
   2.8800E+02   3.0887E-01
   2.8900E+02   3.1691E-01
   2.9000E+02   3.5484E-01
   2.9100E+02   3.8773E-01
   2.9200E+02   3.9087E-01
   2.9300E+02   3.7504E-01
   2.9400E+02   3.2012E-01
   2.9500E+02   3.0176E-01
   2.9600E+02   3.2025E-01
   2.9700E+02   4.0476E-01
   2.9800E+02   4.8277E-01
   2.9800E+02   1.0000E+00
   2.9800E+02   4.6112E-01
   2.9900E+02   5.9971E-01
   2.9900E+02   1.0000E+00
   2.9900E+02   5.9405E-01
   3.0000E+02   7.7282E-01
   3.0100E+02   9.6171E-01
   3.0200E+02   1.1678E+00
   3.0300E+02   1.3384E+00
   3.0400E+02   1.3809E+00
   3.0500E+02   1.3147E+00
   3.0600E+02   1.1725E+00
   3.0700E+02   1.0392E+00
   3.0800E+02   9.6164E-01
   3.0900E+02   9.2384E-01
   3.1000E+02   9.5062E-01
   3.1000E+02   1.0000E+00
   3.1000E+02   9.3734E-01
   3.1100E+02   1.0061E+00
   3.1200E+02   1.1468E+00
   3.1300E+02   1.3211E+00
   3.1400E+02   1.5455E+00
   3.1500E+02   1.6651E+00
   3.1600E+02   1.6717E+00
   3.1700E+02   1.5081E+00
   3.1800E+02   1.3613E+00
   3.1900E+02   1.1856E+00
   3.2000E+02   1.0938E+00
   3.2100E+02   1.0466E+00
   3.2200E+02   1.0347E+00
   3.2300E+02   1.0177E+00
   3.2300E+02   1.0000E+00
   3.2300E+02   1.0230E+00
   3.2300E+02   1.0000E+00
   3.2300E+02   1.0000E+00
   3.2300E+02   1.0000E+00
   3.2300E+02   1.0230E+00
   3.2300E+02   1.0000E+00
   3.2300E+02   1.0230E+00
   3.2300E+02   1.0000E+00
   3.2300E+02   1.0230E+00
   3.2400E+02   1.0002E+00
   3.2400E+02   1.0000E+00
   3.2400E+02   9.9880E-01
   3.2500E+02   9.6495E-01
   3.2500E+02   1.0000E+00
   3.2500E+02   9.6495E-01
   3.2600E+02   9.2988E-01
   3.2700E+02   9.2942E-01
   3.2800E+02   9.6675E-01
   3.2800E+02   1.0000E+00
   3.2800E+02   9.5466E-01
   3.2900E+02   1.0110E+00
   3.3000E+02   1.0698E+00
   3.3100E+02   1.0733E+00
   3.3200E+02   1.0232E+00
   3.3200E+02   1.0000E+00
   3.3200E+02   1.0273E+00
   3.3300E+02   9.1750E-01
   3.3400E+02   8.0846E-01
   3.3500E+02   7.5515E-01
   3.3600E+02   7.5685E-01
   3.3700E+02   8.0932E-01
   3.3800E+02   8.4360E-01
   3.3900E+02   8.4637E-01
   3.4000E+02   8.1228E-01
   3.4100E+02   7.5757E-01
   3.4200E+02   6.8078E-01
   3.4200E+02   1.0000E+00
   3.4200E+02   7.0421E-01
   3.4300E+02   6.2404E-01
   3.4300E+02   1.0000E+00
   3.4300E+02   6.3062E-01
   3.4300E+02   1.0000E+00
   3.4300E+02   1.0000E+00
   3.4300E+02   1.0000E+00
   3.4300E+02   6.3062E-01
   3.4300E+02   1.0000E+00
   3.4300E+02   6.3062E-01
   3.4400E+02   5.4560E-01
   3.4500E+02   4.7093E-01
   3.4600E+02   4.5523E-01
   3.4700E+02   5.9406E-01
   3.4700E+02   1.0000E+00
   3.4700E+02   5.2192E-01
   3.4800E+02   6.9355E-01
   3.4900E+02   9.1031E-01
   3.5000E+02   1.0819E+00
   3.5100E+02   1.1288E+00
   3.5200E+02   1.0466E+00
   3.5300E+02   8.9991E-01
   3.5400E+02   7.3746E-01
   3.5500E+02   6.4079E-01
   3.5500E+02   1.0000E+00
   3.5500E+02   6.4753E-01
   3.5600E+02   5.7206E-01
   3.5700E+02   5.2996E-01
   3.5800E+02   5.2055E-01
   3.5900E+02   5.3587E-01
   3.6000E+02   5.8251E-01
   3.6000E+02   1.0000E+00
   3.6000E+02   5.6451E-01
   3.6000E+02   1.0000E+00
   3.6000E+02   1.0000E+00
   3.6000E+02   1.0000E+00
   3.6000E+02   5.6451E-01
   3.6000E+02   1.0000E+00
   3.6000E+02   5.6451E-01
   3.6000E+02   1.0000E+00
   3.6000E+02   5.6451E-01
   3.6100E+02   5.9609E-01
   3.6100E+02   1.0000E+00
   3.6100E+02   6.1748E-01
   3.6200E+02   6.7086E-01
   3.6200E+02   1.0000E+00
   3.6200E+02   6.7086E-01
   3.6300E+02   7.3975E-01
   3.6400E+02   7.9307E-01
   3.6500E+02   8.4585E-01
   3.6600E+02   9.3127E-01
   3.6600E+02   1.0000E+00
   3.6600E+02   8.9906E-01
   3.6600E+02   1.0000E+00
   3.6600E+02   1.0000E+00
   3.6600E+02   1.0000E+00
   3.6600E+02   8.9906E-01
   3.6600E+02   1.0000E+00
   3.6600E+02   8.9906E-01
   3.6600E+02   1.0000E+00
   3.6600E+02   8.9906E-01
   3.6700E+02   9.9417E-01
   3.6700E+02   1.0000E+00
   3.6700E+02   9.9417E-01
   3.6700E+02   1.0000E+00
   3.6700E+02   9.9417E-01
