   0.0000E+00   1.0000E+00
   0.0000E+00   9.6286E-01
   1.0000E+00   9.5960E-01
   2.0000E+00   8.3170E-01
   3.0000E+00   7.2092E-01
   4.0000E+00   6.5801E-01
   5.0000E+00   6.5981E-01
   6.0000E+00   7.2310E-01
   7.0000E+00   8.3759E-01
   8.0000E+00   9.3184E-01
   9.0000E+00   9.8450E-01
   1.0000E+01   9.9387E-01
   1.1000E+01   9.6820E-01
   1.2000E+01   9.3510E-01
   1.3000E+01   9.0293E-01
   1.4000E+01   8.7080E-01
   1.5000E+01   8.4097E-01
   1.6000E+01   8.2875E-01
   1.7000E+01   8.3843E-01
   1.8000E+01   8.6078E-01
   1.9000E+01   9.0279E-01
   2.0000E+01   9.5184E-01
   2.1000E+01   1.0099E+00
   2.2000E+01   1.0765E+00
   2.3000E+01   1.1324E+00
   2.4000E+01   1.1297E+00
   2.5000E+01   1.0705E+00
   2.6000E+01   9.5503E-01
   2.7000E+01   8.3514E-01
   2.8000E+01   7.9335E-01
   2.9000E+01   8.3185E-01
   3.0000E+01   9.5058E-01
   3.1000E+01   1.0755E+00
   3.2000E+01   1.1177E+00
   3.3000E+01   1.0767E+00
   3.4000E+01   9.5590E-01
   3.5000E+01   8.7170E-01
   3.6000E+01   9.1937E-01
   3.7000E+01   1.0976E+00
   3.8000E+01   1.3927E+00
   3.9000E+01   1.6109E+00
   4.0000E+01   1.6217E+00
   4.1000E+01   1.4288E+00
   4.2000E+01   1.0389E+00
   4.3000E+01   7.2340E-01
   4.4000E+01   5.9496E-01
   4.5000E+01   6.5253E-01
   4.6000E+01   8.7232E-01
   4.7000E+01   1.0649E+00
   4.8000E+01   1.1651E+00
   4.9000E+01   1.1704E+00
   5.0000E+01   1.1052E+00
   5.1000E+01   1.0998E+00
   5.2000E+01   1.1807E+00
   5.3000E+01   1.3487E+00
   5.4000E+01   1.5724E+00
   5.5000E+01   1.6969E+00
   5.6000E+01   1.6899E+00
   5.7000E+01   1.5566E+00
   5.8000E+01   1.3414E+00
   5.9000E+01   1.1645E+00
   6.0000E+01   1.0469E+00
   6.1000E+01   9.9360E-01
   6.2000E+01   9.8726E-01
   6.3000E+01   1.0057E+00
   6.4000E+01   1.0518E+00
   6.5000E+01   1.1155E+00
   6.6000E+01   1.2042E+00
   6.7000E+01   1.3086E+00
   6.8000E+01   1.4317E+00
   6.9000E+01   1.5727E+00
   7.0000E+01   1.6940E+00
   7.1000E+01   1.7460E+00
   7.2000E+01   1.7279E+00
   7.3000E+01   1.6392E+00
   7.4000E+01   1.5251E+00
   7.5000E+01   1.4216E+00
   7.6000E+01   1.3390E+00
   7.7000E+01   1.2676E+00
   7.8000E+01   1.2103E+00
   7.9000E+01   1.1733E+00
   8.0000E+01   1.1515E+00
   8.1000E+01   1.1464E+00
   8.2000E+01   1.1397E+00
   8.3000E+01   1.1239E+00
   8.4000E+01   1.1049E+00
   8.5000E+01   1.0842E+00
   8.6000E+01   1.1272E+00
   8.7000E+01   1.2616E+00
   8.8000E+01   1.4894E+00
   8.9000E+01   1.7888E+00
   9.0000E+01   2.0029E+00
   9.1000E+01   2.0951E+00
   9.2000E+01   2.0602E+00
   9.3000E+01   1.9123E+00
   9.4000E+01   1.7506E+00
   9.4000E+01   1.0000E+00
   9.4000E+01   1.7521E+00
   9.5000E+01   1.5905E+00
   9.6000E+01   1.4340E+00
   9.7000E+01   1.2808E+00
   9.8000E+01   1.1797E+00
   9.9000E+01   1.1482E+00
   1.0000E+02   1.1914E+00
   1.0100E+02   1.2302E+00
   1.0200E+02   1.2917E+00
   1.0300E+02   1.3503E+00
   1.0400E+02   1.3860E+00
   1.0500E+02   1.4186E+00
   1.0600E+02   1.4090E+00
   1.0700E+02   1.3621E+00
   1.0800E+02   1.2564E+00
   1.0900E+02   1.1654E+00
   1.1000E+02   1.1210E+00
   1.1100E+02   1.1406E+00
   1.1200E+02   1.2102E+00
   1.1300E+02   1.2354E+00
   1.1400E+02   1.1773E+00
   1.1500E+02   1.0447E+00
   1.1600E+02   8.0394E-01
   1.1700E+02   6.3652E-01
   1.1800E+02   5.9369E-01
   1.1900E+02   6.7791E-01
   1.2000E+02   9.3824E-01
   1.2100E+02   1.1267E+00
   1.2200E+02   1.2639E+00
   1.2300E+02   1.3152E+00
   1.2400E+02   1.2913E+00
   1.2500E+02   1.2524E+00
   1.2600E+02   1.2346E+00
   1.2700E+02   1.2290E+00
   1.2800E+02   1.2353E+00
   1.2900E+02   1.2555E+00
   1.3000E+02   1.2884E+00
   1.3100E+02   1.3391E+00
   1.3200E+02   1.3908E+00
   1.3300E+02   1.4124E+00
   1.3400E+02   1.4018E+00
   1.3500E+02   1.3646E+00
   1.3600E+02   1.2994E+00
   1.3700E+02   1.2489E+00
   1.3800E+02   1.2359E+00
   1.3900E+02   1.2474E+00
   1.4000E+02   1.2769E+00
   1.4100E+02   1.3135E+00
   1.4200E+02   1.3602E+00
   1.4300E+02   1.3979E+00
   1.4400E+02   1.4380E+00
   1.4500E+02   1.4219E+00
   1.4600E+02   1.3432E+00
   1.4700E+02   1.1991E+00
   1.4800E+02   1.0668E+00
   1.4900E+02   1.0003E+00
   1.5000E+02   1.0057E+00
   1.5100E+02   1.0849E+00
   1.5200E+02   1.2281E+00
   1.5300E+02   1.3305E+00
   1.5400E+02   1.4484E+00
   1.5500E+02   1.5740E+00
   1.5600E+02   1.6553E+00
   1.5700E+02   1.6698E+00
   1.5800E+02   1.6158E+00
   1.5900E+02   1.4905E+00
   1.6000E+02   1.3330E+00
   1.6100E+02   1.1334E+00
   1.6200E+02   9.7250E-01
   1.6300E+02   7.7164E-01
   1.6400E+02   6.4055E-01
   1.6500E+02   6.2823E-01
   1.6600E+02   7.8795E-01
   1.6700E+02   9.5677E-01
   1.6800E+02   1.1252E+00
   1.6900E+02   1.2454E+00
   1.7000E+02   1.2715E+00
   1.7100E+02   1.2436E+00
   1.7200E+02   1.1752E+00
   1.7300E+02   1.0697E+00
   1.7300E+02   1.0000E+00
   1.7300E+02   1.1120E+00
   1.7300E+02   1.0000E+00
   1.7300E+02   1.0000E+00
   1.7300E+02   1.0000E+00
   1.7300E+02   1.1120E+00
   1.7300E+02   1.0000E+00
   1.7300E+02   1.1120E+00
   1.7400E+02   1.0049E+00
   1.7400E+02   1.0000E+00
   1.7400E+02   1.0182E+00
   1.7500E+02   9.0580E-01
   1.7600E+02   8.4022E-01
   1.7700E+02   8.2125E-01
   1.7800E+02   8.6218E-01
   1.7900E+02   9.2108E-01
   1.8000E+02   9.8950E-01
   1.8000E+02   1.0000E+00
   1.8000E+02   9.6949E-01
   1.8100E+02   1.0403E+00
   1.8200E+02   1.1098E+00
   1.8300E+02   1.1628E+00
   1.8400E+02   1.1842E+00
   1.8500E+02   1.1812E+00
   1.8600E+02   1.1407E+00
   1.8700E+02   1.0831E+00
   1.8800E+02   1.0351E+00
   1.8800E+02   1.0000E+00
   1.8800E+02   1.0426E+00
   1.8900E+02   9.8088E-01
   1.9000E+02   9.1860E-01
   1.9100E+02   8.6423E-01
   1.9200E+02   8.4384E-01
   1.9300E+02   8.5661E-01
   1.9400E+02   9.0990E-01
   1.9500E+02   9.3580E-01
   1.9600E+02   9.1229E-01
   1.9700E+02   8.3619E-01
   1.9800E+02   7.5562E-01
   1.9900E+02   6.8845E-01
   2.0000E+02   6.9756E-01
   2.0100E+02   8.4633E-01
   2.0100E+02   1.0000E+00
   2.0100E+02   7.8066E-01
   2.0200E+02   9.5054E-01
   2.0300E+02   1.0728E+00
   2.0400E+02   1.0567E+00
   2.0500E+02   9.3255E-01
   2.0600E+02   6.7619E-01
   2.0700E+02   4.9380E-01
   2.0800E+02   4.0271E-01
   2.0900E+02   4.3510E-01
   2.1000E+02   5.6322E-01
   2.1100E+02   7.0015E-01
   2.1200E+02   8.0386E-01
   2.1300E+02   8.8454E-01
   2.1400E+02   9.2505E-01
   2.1500E+02   9.9974E-01
   2.1600E+02   1.0756E+00
   2.1700E+02   1.2094E+00
   2.1800E+02   1.3404E+00
   2.1900E+02   1.4185E+00
   2.2000E+02   1.4682E+00
   2.2100E+02   1.4642E+00
   2.2200E+02   1.4162E+00
   2.2300E+02   1.3591E+00
   2.2400E+02   1.2981E+00
   2.2500E+02   1.1931E+00
   2.2600E+02   1.1843E+00
   2.2700E+02   1.3160E+00
   2.2800E+02   1.5839E+00
   2.2900E+02   2.0279E+00
   2.3000E+02   2.4948E+00
   2.3100E+02   2.6433E+00
   2.3200E+02   2.4894E+00
   2.3300E+02   2.0085E+00
   2.3400E+02   1.4507E+00
   2.3500E+02   1.1138E+00
   2.3600E+02   1.0054E+00
   2.3700E+02   1.1657E+00
   2.3800E+02   1.3245E+00
   2.3900E+02   1.4148E+00
   2.4000E+02   1.4178E+00
   2.4100E+02   1.3194E+00
   2.4200E+02   1.1953E+00
   2.4300E+02   1.1190E+00
   2.4400E+02   1.0613E+00
   2.4500E+02   1.0403E+00
   2.4600E+02   1.0249E+00
   2.4700E+02   1.0172E+00
   2.4800E+02   1.0204E+00
   2.4900E+02   1.0202E+00
   2.4900E+02   1.0000E+00
   2.4900E+02   1.0203E+00
   2.4900E+02   1.0000E+00
   2.4900E+02   1.0000E+00
   2.4900E+02   1.0000E+00
   2.4900E+02   1.0203E+00
   2.4900E+02   1.0000E+00
   2.4900E+02   1.0203E+00
   2.4900E+02   1.0000E+00
   2.4900E+02   1.0203E+00
   2.5000E+02   9.9738E-01
   2.5000E+02   1.0000E+00
   2.5000E+02   9.9738E-01
   2.5100E+02   9.3486E-01
   2.5100E+02   1.0000E+00
   2.5100E+02   9.3486E-01
   2.5200E+02   8.2566E-01
   2.5300E+02   6.9769E-01
   2.5400E+02   6.0432E-01
   2.5400E+02   1.0000E+00
   2.5400E+02   6.0854E-01
   2.5500E+02   5.8843E-01
   2.5600E+02   6.3687E-01
   2.5700E+02   7.4836E-01
   2.5800E+02   8.5092E-01
   2.5900E+02   9.2336E-01
   2.6000E+02   9.9035E-01
   2.6000E+02   1.0000E+00
   2.6000E+02   9.7885E-01
   2.6100E+02   1.0250E+00
   2.6200E+02   1.0722E+00
   2.6300E+02   1.1208E+00
   2.6400E+02   1.2011E+00
   2.6500E+02   1.2143E+00
   2.6600E+02   1.1843E+00
   2.6700E+02   1.0934E+00
   2.6800E+02   9.3477E-01
   2.6900E+02   7.5374E-01
   2.7000E+02   6.9466E-01
   2.7100E+02   7.6442E-01
   2.7200E+02   9.5118E-01
   2.7300E+02   1.1507E+00
   2.7400E+02   1.1986E+00
   2.7500E+02   1.1101E+00
   2.7600E+02   8.6726E-01
   2.7700E+02   5.8968E-01
   2.7800E+02   4.0210E-01
   2.7900E+02   3.1076E-01
   2.8000E+02   3.1916E-01
   2.8100E+02   3.7066E-01
   2.8200E+02   4.2003E-01
   2.8300E+02   4.7970E-01
   2.8400E+02   5.2235E-01
   2.8500E+02   5.4016E-01
   2.8600E+02   5.7389E-01
   2.8700E+02   5.8195E-01
   2.8800E+02   5.9152E-01
   2.8800E+02   1.0000E+00
   2.8800E+02   5.9043E-01
   2.8900E+02   6.2188E-01
   2.9000E+02   7.0234E-01
   2.9100E+02   7.9610E-01
   2.9200E+02   9.4400E-01
   2.9300E+02   1.0173E+00
   2.9400E+02   1.0362E+00
   2.9500E+02   9.9490E-01
   2.9600E+02   8.8491E-01
   2.9700E+02   7.8659E-01
   2.9800E+02   6.8191E-01
   2.9900E+02   6.2626E-01
   2.9900E+02   1.0000E+00
   2.9900E+02   6.3858E-01
   3.0000E+02   5.9471E-01
   3.0100E+02   6.0967E-01
   3.0200E+02   6.9355E-01
   3.0300E+02   8.8404E-01
   3.0400E+02   1.0070E+00
   3.0500E+02   1.1394E+00
   3.0600E+02   1.1995E+00
   3.0700E+02   1.1952E+00
   3.0800E+02   1.1456E+00
   3.0900E+02   1.1227E+00
   3.1000E+02   1.1232E+00
   3.1100E+02   1.1484E+00
   3.1200E+02   1.1818E+00
   3.1300E+02   1.2062E+00
   3.1400E+02   1.2156E+00
   3.1500E+02   1.2133E+00
   3.1600E+02   1.1983E+00
   3.1700E+02   1.1206E+00
   3.1800E+02   1.0426E+00
   3.1800E+02   1.0000E+00
   3.1800E+02   1.1117E+00
   3.1900E+02   1.0117E+00
   3.2000E+02   9.6391E-01
   3.2100E+02   9.3341E-01
   3.2200E+02   9.5019E-01
   3.2200E+02   1.0000E+00
   3.2200E+02   9.3824E-01
   3.2300E+02   9.9737E-01
   3.2400E+02   1.0326E+00
   3.2500E+02   1.0660E+00
   3.2600E+02   1.0743E+00
   3.2700E+02   1.0700E+00
   3.2800E+02   1.0662E+00
   3.2900E+02   1.0742E+00
   3.3000E+02   1.0846E+00
   3.3100E+02   1.0981E+00
   3.3200E+02   1.1102E+00
   3.3300E+02   1.1111E+00
   3.3400E+02   1.1035E+00
   3.3500E+02   1.0884E+00
   3.3600E+02   1.0675E+00
   3.3700E+02   1.0464E+00
   3.3800E+02   1.0391E+00
   3.3900E+02   1.0342E+00
   3.4000E+02   1.0322E+00
   3.4100E+02   1.0357E+00
   3.4200E+02   1.0472E+00
   3.4300E+02   1.0534E+00
   3.4400E+02   1.1298E+00
   3.4500E+02   1.2389E+00
   3.4600E+02   1.3433E+00
   3.4700E+02   1.4863E+00
   3.4800E+02   1.5472E+00
   3.4900E+02   1.5236E+00
   3.5000E+02   1.4113E+00
   3.5100E+02   1.2602E+00
   3.5200E+02   1.1529E+00
   3.5300E+02   1.0997E+00
   3.5400E+02   1.1197E+00
   3.5500E+02   1.1362E+00
   3.5600E+02   1.1380E+00
   3.5700E+02   1.0969E+00
   3.5800E+02   1.0620E+00
   3.5900E+02   1.0369E+00
   3.6000E+02   1.0467E+00
   3.6100E+02   1.1629E+00
   3.6200E+02   1.2360E+00
   3.6300E+02   1.3187E+00
   3.6400E+02   1.3353E+00
   3.6500E+02   1.2752E+00
   3.6600E+02   1.1473E+00
   3.6700E+02   1.0493E+00
   3.6800E+02   1.0114E+00
   3.6900E+02   1.0648E+00
   3.7000E+02   1.1288E+00
   3.7100E+02   1.2090E+00
   3.7200E+02   1.2277E+00
   3.7300E+02   1.1873E+00
   3.7400E+02   1.1297E+00
   3.7500E+02   1.0686E+00
   3.7600E+02   1.0565E+00
   3.7700E+02   1.0844E+00
   3.7800E+02   1.1115E+00
   3.7900E+02   1.1417E+00
   3.8000E+02   1.1441E+00
   3.8100E+02   1.1235E+00
   3.8200E+02   1.0814E+00
   3.8300E+02   1.0725E+00
   3.8400E+02   1.0954E+00
   3.8500E+02   1.1352E+00
   3.8600E+02   1.2064E+00
   3.8700E+02   1.2516E+00
   3.8800E+02   1.2751E+00
   3.8900E+02   1.2790E+00
   3.9000E+02   1.2759E+00
   3.9100E+02   1.2854E+00
   3.9200E+02   1.3091E+00
   3.9300E+02   1.3472E+00
   3.9400E+02   1.3854E+00
   3.9500E+02   1.4113E+00
   3.9600E+02   1.4307E+00
   3.9700E+02   1.4322E+00
   3.9800E+02   1.4223E+00
   3.9900E+02   1.4081E+00
   3.9900E+02   1.0000E+00
   3.9900E+02   1.4130E+00
   4.0000E+02   1.3900E+00
   4.0100E+02   1.3547E+00
   4.0200E+02   1.3545E+00
   4.0300E+02   1.3947E+00
   4.0400E+02   1.4895E+00
   4.0500E+02   1.6485E+00
   4.0600E+02   1.7732E+00
   4.0700E+02   1.8297E+00
   4.0800E+02   1.8163E+00
   4.0900E+02   1.7244E+00
   4.1000E+02   1.6368E+00
   4.1100E+02   1.5949E+00
   4.1200E+02   1.5863E+00
   4.1300E+02   1.6029E+00
   4.1400E+02   1.5810E+00
   4.1500E+02   1.4691E+00
   4.1600E+02   1.3158E+00
   4.1700E+02   1.0852E+00
   4.1800E+02   8.9768E-01
   4.1900E+02   7.7452E-01
   4.2000E+02   7.1706E-01
   4.2100E+02   7.2454E-01
   4.2200E+02   7.5934E-01
   4.2300E+02   8.1718E-01
   4.2400E+02   8.9761E-01
   4.2500E+02   9.3978E-01
   4.2600E+02   9.9328E-01
   4.2600E+02   1.0000E+00
   4.2600E+02   9.9077E-01
   4.2700E+02   1.0489E+00
   4.2800E+02   1.0845E+00
   4.2900E+02   1.1072E+00
   4.3000E+02   1.0937E+00
   4.3100E+02   1.0470E+00
   4.3100E+02   1.0000E+00
   4.3100E+02   1.0475E+00
   4.3200E+02   9.5605E-01
   4.3300E+02   8.5613E-01
   4.3400E+02   8.1804E-01
   4.3500E+02   8.4784E-01
   4.3600E+02   9.1683E-01
   4.3700E+02   1.0052E+00
   4.3800E+02   1.0675E+00
   4.3900E+02   1.0812E+00
   4.4000E+02   1.0493E+00
   4.4100E+02   1.0274E+00
   4.4200E+02   1.0464E+00
   4.4300E+02   1.1140E+00
   4.4400E+02   1.2257E+00
   4.4500E+02   1.3013E+00
   4.4600E+02   1.3094E+00
   4.4700E+02   1.2642E+00
   4.4800E+02   1.1625E+00
   4.4900E+02   1.0827E+00
   4.5000E+02   1.0826E+00
   4.5100E+02   1.1523E+00
   4.5200E+02   1.2909E+00
   4.5300E+02   1.3959E+00
   4.5400E+02   1.4149E+00
   4.5500E+02   1.3701E+00
   4.5600E+02   1.2566E+00
   4.5700E+02   1.1390E+00
   4.5800E+02   1.0713E+00
   4.5900E+02   1.0463E+00
   4.6000E+02   1.0470E+00
   4.6100E+02   1.0254E+00
   4.6100E+02   1.0000E+00
   4.6100E+02   1.0345E+00
   4.6100E+02   1.0000E+00
   4.6100E+02   1.0000E+00
   4.6100E+02   1.0345E+00
   4.6100E+02   1.0000E+00
   4.6100E+02   1.0345E+00
   4.6100E+02   1.0000E+00
   4.6100E+02   1.0345E+00
   4.6100E+02   1.0000E+00
   4.6100E+02   1.0345E+00
   4.6200E+02   1.0010E+00
   4.6200E+02   1.0000E+00
   4.6200E+02   9.9454E-01
   4.6300E+02   9.2748E-01
   4.6300E+02   1.0000E+00
   4.6300E+02   9.2748E-01
   4.6400E+02   8.4025E-01
   4.6500E+02   7.9787E-01
   4.6600E+02   8.2398E-01
   4.6700E+02   9.2859E-01
   4.6800E+02   9.7681E-01
   4.6900E+02   9.7464E-01
   4.7000E+02   8.7479E-01
   4.7100E+02   6.9257E-01
   4.7100E+02   1.0000E+00
   4.7100E+02   7.0808E-01
   4.7200E+02   4.7484E-01
   4.7300E+02   4.2218E-01
   4.7400E+02   5.7180E-01
   4.7400E+02   1.0000E+00
   4.7400E+02   5.5199E-01
   4.7500E+02   8.9141E-01
   4.7600E+02   1.2730E+00
   4.7700E+02   1.5168E+00
   4.7800E+02   1.5619E+00
   4.7900E+02   1.4262E+00
   4.8000E+02   1.1967E+00
   4.8100E+02   1.0035E+00
   4.8200E+02   8.0509E-01
   4.8300E+02   6.5630E-01
   4.8300E+02   1.0000E+00
   4.8300E+02   6.6782E-01
   4.8400E+02   5.5819E-01
   4.8500E+02   5.2839E-01
   4.8600E+02   5.9032E-01
   4.8600E+02   1.0000E+00
   4.8600E+02   5.6516E-01
   4.8600E+02   1.0000E+00
   4.8600E+02   1.0000E+00
   4.8600E+02   1.0000E+00
   4.8600E+02   5.6516E-01
   4.8600E+02   1.0000E+00
   4.8600E+02   5.6516E-01
   4.8600E+02   1.0000E+00
   4.8600E+02   5.6516E-01
   4.8600E+02   1.0000E+00
   4.8600E+02   5.6516E-01
   4.8600E+02   1.0000E+00
   4.8600E+02   5.6516E-01
