   0.0000E+00   1.0000E+00
   0.0000E+00   9.9965E-01
   1.0000E+00   9.9944E-01
   1.0000E+00   1.0000E+00
   1.0000E+00   9.9954E-01
   2.0000E+00   1.0064E+00
   3.0000E+00   1.0304E+00
   4.0000E+00   1.0856E+00
   5.0000E+00   1.1590E+00
   6.0000E+00   1.2102E+00
   7.0000E+00   1.2450E+00
   8.0000E+00   1.2498E+00
   9.0000E+00   1.2247E+00
   1.0000E+01   1.1698E+00
   1.1000E+01   1.0853E+00
   1.2000E+01   9.7818E-01
   1.3000E+01   8.2854E-01
   1.4000E+01   7.1404E-01
   1.5000E+01   6.8713E-01
   1.6000E+01   7.2880E-01
   1.7000E+01   8.3424E-01
   1.8000E+01   9.5896E-01
   1.9000E+01   1.1101E+00
   2.0000E+01   1.2731E+00
   2.1000E+01   1.4367E+00
   2.2000E+01   1.5695E+00
   2.3000E+01   1.6260E+00
   2.4000E+01   1.6146E+00
   2.5000E+01   1.5497E+00
   2.6000E+01   1.4920E+00
   2.7000E+01   1.4776E+00
   2.8000E+01   1.4962E+00
   2.9000E+01   1.5243E+00
   3.0000E+01   1.5583E+00
   3.1000E+01   1.5696E+00
   3.2000E+01   1.5901E+00
   3.3000E+01   1.5946E+00
   3.4000E+01   1.5833E+00
   3.5000E+01   1.5665E+00
   3.6000E+01   1.5383E+00
   3.7000E+01   1.5036E+00
   3.8000E+01   1.4536E+00
   3.9000E+01   1.4192E+00
   4.0000E+01   1.3825E+00
   4.1000E+01   1.3408E+00
   4.2000E+01   1.3189E+00
   4.3000E+01   1.3061E+00
   4.4000E+01   1.3088E+00
   4.5000E+01   1.3182E+00
   4.6000E+01   1.3403E+00
   4.7000E+01   1.3826E+00
   4.8000E+01   1.3991E+00
   4.9000E+01   1.4441E+00
   5.0000E+01   1.4673E+00
   5.1000E+01   1.4934E+00
   5.2000E+01   1.5168E+00
   5.3000E+01   1.5323E+00
