   0.0000E+00   1.0000E+00
   0.0000E+00   4.4817E-01
   1.0000E+00   4.4543E-01
   2.0000E+00   3.9943E-01
   3.0000E+00   4.6618E-01
   4.0000E+00   6.4362E-01
   5.0000E+00   9.0725E-01
   6.0000E+00   1.0714E+00
   7.0000E+00   1.0998E+00
   8.0000E+00   9.9829E-01
   9.0000E+00   7.9061E-01
   1.0000E+01   6.6416E-01
   1.1000E+01   6.3359E-01
   1.2000E+01   7.0156E-01
   1.3000E+01   8.4217E-01
   1.4000E+01   9.6409E-01
   1.5000E+01   1.0642E+00
   1.6000E+01   1.1444E+00
   1.7000E+01   1.1974E+00
   1.8000E+01   1.2299E+00
   1.9000E+01   1.2452E+00
   2.0000E+01   1.2415E+00
   2.1000E+01   1.2303E+00
   2.2000E+01   1.2242E+00
   2.3000E+01   1.2245E+00
   2.4000E+01   1.2306E+00
   2.5000E+01   1.2158E+00
   2.6000E+01   1.1524E+00
   2.7000E+01   1.0447E+00
   2.8000E+01   8.8150E-01
   2.9000E+01   7.1802E-01
   3.0000E+01   5.9742E-01
   3.1000E+01   5.1489E-01
   3.2000E+01   4.7418E-01
   3.3000E+01   4.9034E-01
   3.4000E+01   5.6826E-01
   3.5000E+01   7.0767E-01
   3.6000E+01   9.0509E-01
   3.7000E+01   1.0401E+00
   3.8000E+01   1.0482E+00
   3.9000E+01   9.3697E-01
   4.0000E+01   7.1029E-01
   4.1000E+01   5.1106E-01
   4.2000E+01   3.8666E-01
   4.3000E+01   3.3430E-01
   4.4000E+01   3.5224E-01
   4.5000E+01   3.9854E-01
   4.6000E+01   4.5651E-01
   4.7000E+01   5.2330E-01
   4.8000E+01   6.0782E-01
   4.9000E+01   6.9694E-01
   5.0000E+01   7.7842E-01
   5.1000E+01   8.5328E-01
   5.2000E+01   9.2135E-01
   5.3000E+01   9.4977E-01
   5.4000E+01   9.3646E-01
   5.5000E+01   8.8178E-01
   5.6000E+01   8.0866E-01
   5.7000E+01   7.9173E-01
   5.8000E+01   8.3754E-01
   5.9000E+01   9.4116E-01
   6.0000E+01   1.0622E+00
   6.1000E+01   1.1070E+00
   6.2000E+01   1.0711E+00
   6.3000E+01   9.5438E-01
   6.4000E+01   8.1819E-01
   6.5000E+01   7.5728E-01
   6.6000E+01   7.7752E-01
   6.7000E+01   8.7062E-01
   6.8000E+01   9.9530E-01
   6.9000E+01   1.0973E+00
   7.0000E+01   1.1700E+00
   7.1000E+01   1.2198E+00
   7.2000E+01   1.2566E+00
   7.3000E+01   1.2861E+00
   7.4000E+01   1.3150E+00
   7.5000E+01   1.3391E+00
   7.6000E+01   1.3401E+00
   7.7000E+01   1.3108E+00
   7.8000E+01   1.2512E+00
   7.9000E+01   1.1648E+00
   8.0000E+01   1.1199E+00
   8.1000E+01   1.1457E+00
   8.2000E+01   1.2426E+00
   8.3000E+01   1.4022E+00
   8.4000E+01   1.5280E+00
   8.5000E+01   1.5848E+00
   8.6000E+01   1.5771E+00
   8.7000E+01   1.5091E+00
   8.8000E+01   1.4293E+00
   8.9000E+01   1.3600E+00
   9.0000E+01   1.2868E+00
   9.1000E+01   1.2240E+00
   9.2000E+01   1.1950E+00
   9.3000E+01   1.2045E+00
   9.4000E+01   1.2535E+00
   9.5000E+01   1.3255E+00
   9.6000E+01   1.3923E+00
   9.7000E+01   1.4394E+00
   9.8000E+01   1.4758E+00
   9.9000E+01   1.4857E+00
   1.0000E+02   1.4620E+00
   1.0100E+02   1.4086E+00
   1.0200E+02   1.3219E+00
   1.0300E+02   1.2054E+00
   1.0400E+02   1.0895E+00
   1.0500E+02   9.6677E-01
   1.0600E+02   8.4010E-01
   1.0700E+02   7.2538E-01
   1.0800E+02   6.4279E-01
   1.0900E+02   5.9427E-01
   1.1000E+02   5.7795E-01
   1.1100E+02   5.7537E-01
   1.1200E+02   5.6787E-01
   1.1300E+02   5.6032E-01
   1.1400E+02   5.4618E-01
   1.1500E+02   5.5397E-01
   1.1600E+02   5.9620E-01
   1.1700E+02   6.7556E-01
   1.1800E+02   7.9062E-01
   1.1900E+02   8.8710E-01
   1.2000E+02   9.3503E-01
   1.2100E+02   9.3793E-01
   1.2200E+02   8.9677E-01
   1.2300E+02   8.6009E-01
   1.2400E+02   8.4276E-01
   1.2500E+02   8.4660E-01
   1.2600E+02   8.6649E-01
   1.2700E+02   9.0113E-01
   1.2800E+02   9.4772E-01
   1.2900E+02   1.0038E+00
   1.3000E+02   1.0679E+00
   1.3100E+02   1.0883E+00
   1.3200E+02   1.0581E+00
   1.3300E+02   9.7740E-01
   1.3400E+02   8.6173E-01
   1.3500E+02   7.9044E-01
   1.3600E+02   7.7136E-01
   1.3700E+02   8.0635E-01
   1.3800E+02   8.7672E-01
   1.3900E+02   9.2963E-01
   1.4000E+02   9.7023E-01
   1.4100E+02   9.9304E-01
   1.4200E+02   1.0045E+00
   1.4300E+02   1.0245E+00
   1.4400E+02   1.0583E+00
   1.4500E+02   1.0947E+00
   1.4600E+02   1.1236E+00
   1.4700E+02   1.1135E+00
   1.4800E+02   1.0645E+00
   1.4900E+02   9.7930E-01
   1.5000E+02   9.0698E-01
   1.5100E+02   9.1614E-01
   1.5200E+02   1.0014E+00
   1.5300E+02   1.1684E+00
   1.5400E+02   1.3161E+00
   1.5500E+02   1.3665E+00
   1.5600E+02   1.3189E+00
   1.5700E+02   1.1754E+00
   1.5800E+02   1.0352E+00
   1.5900E+02   9.6867E-01
   1.6000E+02   9.6615E-01
   1.6100E+02   1.0282E+00
   1.6200E+02   1.0841E+00
   1.6300E+02   1.1048E+00
   1.6400E+02   1.0904E+00
   1.6500E+02   1.0488E+00
   1.6600E+02   1.0475E+00
   1.6700E+02   1.1094E+00
   1.6800E+02   1.2356E+00
   1.6900E+02   1.4052E+00
   1.7000E+02   1.4845E+00
   1.7100E+02   1.4337E+00
   1.7200E+02   1.2616E+00
   1.7300E+02   1.0023E+00
   1.7400E+02   8.4370E-01
   1.7500E+02   8.2067E-01
   1.7600E+02   9.3100E-01
   1.7600E+02   1.0000E+00
   1.7600E+02   9.2910E-01
   1.7700E+02   1.1446E+00
   1.7800E+02   1.3026E+00
   1.7900E+02   1.3698E+00
   1.8000E+02   1.3731E+00
   1.8100E+02   1.3294E+00
   1.8200E+02   1.3088E+00
   1.8300E+02   1.3033E+00
   1.8400E+02   1.3190E+00
   1.8500E+02   1.3295E+00
   1.8600E+02   1.3094E+00
   1.8700E+02   1.2742E+00
   1.8800E+02   1.1897E+00
   1.8900E+02   1.1378E+00
   1.9000E+02   1.1040E+00
   1.9100E+02   1.1110E+00
   1.9200E+02   1.1609E+00
   1.9300E+02   1.2043E+00
   1.9400E+02   1.2368E+00
   1.9500E+02   1.2496E+00
   1.9600E+02   1.2452E+00
   1.9700E+02   1.2047E+00
   1.9800E+02   1.1512E+00
   1.9900E+02   1.0776E+00
   2.0000E+02   1.0596E+00
   2.0100E+02   1.0432E+00
   2.0200E+02   1.0971E+00
   2.0300E+02   1.2317E+00
   2.0400E+02   1.4451E+00
   2.0500E+02   1.5939E+00
   2.0600E+02   1.6241E+00
   2.0700E+02   1.5575E+00
   2.0800E+02   1.3998E+00
   2.0900E+02   1.2774E+00
   2.1000E+02   1.2378E+00
   2.1100E+02   1.3041E+00
   2.1200E+02   1.3884E+00
   2.1300E+02   1.4393E+00
   2.1400E+02   1.4176E+00
   2.1500E+02   1.3595E+00
   2.1600E+02   1.2358E+00
   2.1700E+02   1.1557E+00
   2.1800E+02   1.1310E+00
   2.1900E+02   1.1434E+00
   2.2000E+02   1.1826E+00
   2.2100E+02   1.1808E+00
   2.2200E+02   1.1460E+00
   2.2300E+02   1.0737E+00
   2.2400E+02   1.0334E+00
   2.2500E+02   1.0266E+00
   2.2600E+02   1.0744E+00
   2.2700E+02   1.1731E+00
   2.2800E+02   1.2236E+00
   2.2900E+02   1.2563E+00
   2.3000E+02   1.2312E+00
   2.3100E+02   1.1361E+00
   2.3200E+02   1.0818E+00
   2.3300E+02   1.1143E+00
   2.3400E+02   1.2631E+00
   2.3500E+02   1.4718E+00
   2.3600E+02   1.6665E+00
   2.3700E+02   1.7445E+00
   2.3800E+02   1.6900E+00
   2.3900E+02   1.5188E+00
   2.4000E+02   1.3206E+00
   2.4100E+02   1.1595E+00
   2.4200E+02   1.0635E+00
   2.4300E+02   1.0073E+00
   2.4400E+02   9.8613E-01
   2.4500E+02   9.9948E-01
   2.4600E+02   1.0530E+00
   2.4700E+02   1.1479E+00
   2.4800E+02   1.2312E+00
   2.4900E+02   1.3496E+00
   2.5000E+02   1.4147E+00
   2.5100E+02   1.5020E+00
   2.5200E+02   1.5267E+00
   2.5300E+02   1.4338E+00
   2.5300E+02   1.0000E+00
   2.5300E+02   1.4746E+00
   2.5400E+02   1.3426E+00
   2.5500E+02   1.1292E+00
   2.5600E+02   1.0013E+00
   2.5700E+02   8.9154E-01
   2.5800E+02   8.5587E-01
   2.5900E+02   8.8563E-01
   2.6000E+02   9.6010E-01
   2.6000E+02   1.0000E+00
   2.6000E+02   9.4779E-01
   2.6100E+02   1.0971E+00
   2.6200E+02   1.3331E+00
   2.6300E+02   1.5339E+00
   2.6400E+02   1.6141E+00
   2.6500E+02   1.5457E+00
   2.6600E+02   1.3340E+00
   2.6700E+02   1.0735E+00
   2.6800E+02   9.4192E-01
   2.6900E+02   9.7458E-01
   2.7000E+02   1.1246E+00
   2.7100E+02   1.3401E+00
   2.7200E+02   1.4623E+00
   2.7300E+02   1.4787E+00
   2.7400E+02   1.4098E+00
   2.7500E+02   1.3123E+00
   2.7600E+02   1.2798E+00
   2.7700E+02   1.3291E+00
   2.7800E+02   1.3833E+00
   2.7900E+02   1.4384E+00
   2.8000E+02   1.4231E+00
   2.8100E+02   1.3453E+00
   2.8200E+02   1.1915E+00
   2.8300E+02   1.0859E+00
   2.8400E+02   1.0679E+00
   2.8500E+02   1.1540E+00
   2.8600E+02   1.2879E+00
   2.8700E+02   1.4362E+00
   2.8800E+02   1.5516E+00
   2.8900E+02   1.6063E+00
   2.9000E+02   1.6333E+00
   2.9100E+02   1.6527E+00
   2.9200E+02   1.6801E+00
   2.9300E+02   1.6992E+00
   2.9400E+02   1.7158E+00
   2.9500E+02   1.6922E+00
   2.9600E+02   1.5843E+00
   2.9700E+02   1.4424E+00
   2.9800E+02   1.3189E+00
   2.9900E+02   1.2174E+00
   3.0000E+02   1.2107E+00
   3.0100E+02   1.2840E+00
   3.0200E+02   1.3837E+00
   3.0300E+02   1.4560E+00
   3.0400E+02   1.4815E+00
   3.0500E+02   1.4460E+00
   3.0600E+02   1.4016E+00
   3.0700E+02   1.3418E+00
   3.0800E+02   1.2810E+00
   3.0900E+02   1.2168E+00
   3.1000E+02   1.1916E+00
   3.1100E+02   1.1995E+00
   3.1200E+02   1.2537E+00
   3.1300E+02   1.3565E+00
   3.1400E+02   1.4234E+00
   3.1500E+02   1.4509E+00
   3.1600E+02   1.4043E+00
   3.1700E+02   1.3290E+00
   3.1800E+02   1.2416E+00
   3.1900E+02   1.2058E+00
   3.2000E+02   1.2136E+00
   3.2100E+02   1.2738E+00
   3.2200E+02   1.3002E+00
   3.2300E+02   1.2481E+00
   3.2400E+02   1.1569E+00
   3.2500E+02   1.0487E+00
   3.2600E+02   9.5966E-01
   3.2700E+02   9.8292E-01
   3.2800E+02   1.1036E+00
   3.2900E+02   1.2961E+00
   3.3000E+02   1.4532E+00
   3.3100E+02   1.5084E+00
   3.3200E+02   1.4469E+00
   3.3300E+02   1.3381E+00
   3.3400E+02   1.2396E+00
   3.3500E+02   1.2083E+00
   3.3600E+02   1.2480E+00
   3.3700E+02   1.3010E+00
   3.3800E+02   1.3480E+00
   3.3900E+02   1.3469E+00
   3.4000E+02   1.3164E+00
   3.4100E+02   1.2389E+00
   3.4200E+02   1.1853E+00
   3.4300E+02   1.0972E+00
   3.4400E+02   1.0153E+00
   3.4400E+02   1.0000E+00
   3.4400E+02   1.0540E+00
   3.4400E+02   1.0000E+00
   3.4400E+02   1.0000E+00
   3.4400E+02   1.0000E+00
   3.4400E+02   1.0540E+00
   3.4400E+02   1.0000E+00
   3.4400E+02   1.0540E+00
   3.4400E+02   1.0000E+00
   3.4400E+02   1.0540E+00
   3.4500E+02   9.8559E-01
   3.4500E+02   1.0000E+00
   3.4500E+02   9.8559E-01
   3.4600E+02   9.1344E-01
   3.4600E+02   1.0000E+00
   3.4600E+02   9.1344E-01
   3.4700E+02   8.3583E-01
   3.4800E+02   7.3331E-01
   3.4900E+02   6.8134E-01
   3.5000E+02   6.7172E-01
   3.5100E+02   7.3733E-01
   3.5200E+02   7.9223E-01
   3.5300E+02   9.1891E-01
   3.5300E+02   1.0000E+00
   3.5300E+02   9.0203E-01
   3.5400E+02   1.0174E+00
   3.5500E+02   1.1340E+00
   3.5600E+02   1.2526E+00
   3.5700E+02   1.3613E+00
   3.5800E+02   1.4573E+00
   3.5900E+02   1.5464E+00
   3.6000E+02   1.6331E+00
   3.6100E+02   1.6873E+00
   3.6200E+02   1.6883E+00
   3.6300E+02   1.6332E+00
   3.6400E+02   1.5756E+00
   3.6500E+02   1.4805E+00
   3.6600E+02   1.4227E+00
   3.6700E+02   1.3892E+00
   3.6800E+02   1.3665E+00
   3.6900E+02   1.3620E+00
   3.7000E+02   1.3789E+00
   3.7100E+02   1.3994E+00
   3.7100E+02   1.0000E+00
   3.7100E+02   1.3867E+00
   3.7200E+02   1.4169E+00
   3.7300E+02   1.4260E+00
   3.7400E+02   1.4091E+00
   3.7500E+02   1.3674E+00
   3.7600E+02   1.3050E+00
   3.7700E+02   1.2503E+00
   3.7800E+02   1.2286E+00
   3.7900E+02   1.2336E+00
   3.8000E+02   1.2501E+00
   3.8100E+02   1.2977E+00
   3.8200E+02   1.3288E+00
   3.8300E+02   1.3575E+00
   3.8400E+02   1.3897E+00
   3.8500E+02   1.3543E+00
   3.8600E+02   1.2245E+00
   3.8700E+02   1.0679E+00
   3.8700E+02   1.0000E+00
   3.8700E+02   1.1192E+00
   3.8800E+02   9.3248E-01
   3.8900E+02   8.2482E-01
   3.9000E+02   8.1390E-01
   3.9100E+02   8.7689E-01
   3.9200E+02   9.6888E-01
   3.9300E+02   9.5692E-01
   3.9400E+02   8.6172E-01
   3.9500E+02   6.6824E-01
   3.9500E+02   1.0000E+00
   3.9500E+02   6.7159E-01
   3.9600E+02   4.6867E-01
   3.9700E+02   4.1535E-01
   3.9800E+02   5.0693E-01
   3.9800E+02   1.0000E+00
   3.9800E+02   4.8727E-01
   3.9900E+02   6.9367E-01
   4.0000E+02   9.4505E-01
   4.0100E+02   1.0434E+00
   4.0200E+02   1.0667E+00
   4.0200E+02   1.0000E+00
   4.0200E+02   1.0712E+00
   4.0300E+02   1.0020E+00
   4.0400E+02   8.9463E-01
   4.0500E+02   7.8579E-01
   4.0600E+02   6.9805E-01
   4.0700E+02   6.1539E-01
   4.0700E+02   1.0000E+00
   4.0700E+02   6.5024E-01
   4.0700E+02   1.0000E+00
   4.0700E+02   6.5024E-01
   4.0700E+02   1.0000E+00
   4.0700E+02   1.0000E+00
   4.0700E+02   6.5024E-01
   4.0700E+02   1.0000E+00
   4.0700E+02   6.5024E-01
   4.0700E+02   1.0000E+00
   4.0700E+02   6.5024E-01
   4.0800E+02   5.8567E-01
   4.0800E+02   1.0000E+00
   4.0800E+02   5.8567E-01
   4.0900E+02   5.2981E-01
   4.0900E+02   1.0000E+00
   4.0900E+02   5.2981E-01
   4.1000E+02   4.7291E-01
   4.1100E+02   4.3435E-01
   4.1200E+02   4.2743E-01
   4.1300E+02   4.3703E-01
   4.1400E+02   5.1137E-01
   4.1500E+02   5.1412E-01
   4.1600E+02   5.4399E-01
   4.1700E+02   5.3412E-01
   4.1800E+02   4.8963E-01
   4.1900E+02   4.2874E-01
   4.2000E+02   3.8112E-01
   4.2100E+02   3.2773E-01
   4.2200E+02   3.0029E-01
   4.2300E+02   2.8546E-01
   4.2400E+02   2.8395E-01
   4.2500E+02   2.9243E-01
   4.2600E+02   3.0802E-01
   4.2700E+02   3.3071E-01
   4.2800E+02   3.4988E-01
   4.2900E+02   3.6890E-01
   4.3000E+02   3.7585E-01
   4.3100E+02   3.8120E-01
   4.3200E+02   4.0421E-01
   4.3300E+02   4.2428E-01
   4.3400E+02   4.4919E-01
   4.3500E+02   4.7733E-01
   4.3600E+02   4.7726E-01
   4.3700E+02   4.4306E-01
   4.3800E+02   4.0546E-01
   4.3900E+02   3.8479E-01
   4.4000E+02   4.0771E-01
   4.4100E+02   4.7104E-01
   4.4200E+02   5.9044E-01
   4.4200E+02   1.0000E+00
   4.4200E+02   5.4510E-01
   4.4300E+02   6.6232E-01
   4.4400E+02   7.7246E-01
   4.4500E+02   8.5144E-01
   4.4600E+02   8.9825E-01
   4.4700E+02   9.5937E-01
   4.4800E+02   9.8692E-01
   4.4900E+02   9.9342E-01
   4.5000E+02   9.8641E-01
   4.5100E+02   9.5912E-01
   4.5200E+02   9.3042E-01
   4.5300E+02   8.9337E-01
   4.5400E+02   8.4927E-01
   4.5500E+02   7.8384E-01
   4.5600E+02   7.6386E-01
   4.5700E+02   7.3057E-01
   4.5800E+02   7.2045E-01
   4.5900E+02   7.2736E-01
   4.6000E+02   7.4458E-01
   4.6100E+02   7.7097E-01
   4.6200E+02   8.1096E-01
   4.6300E+02   8.3021E-01
   4.6400E+02   8.1129E-01
   4.6500E+02   7.8259E-01
   4.6600E+02   6.8980E-01
   4.6700E+02   6.2847E-01
   4.6700E+02   1.0000E+00
   4.6700E+02   6.4346E-01
   4.6800E+02   5.2894E-01
   4.6900E+02   3.9677E-01
   4.7000E+02   3.0690E-01
   4.7100E+02   3.4674E-01
   4.7200E+02   5.0949E-01
   4.7200E+02   1.0000E+00
   4.7200E+02   4.6587E-01
   4.7300E+02   7.4471E-01
   4.7400E+02   1.0848E+00
   4.7500E+02   1.3250E+00
   4.7600E+02   1.4864E+00
   4.7700E+02   1.5608E+00
   4.7800E+02   1.5726E+00
   4.7900E+02   1.5619E+00
   4.8000E+02   1.5203E+00
   4.8100E+02   1.4447E+00
   4.8200E+02   1.3778E+00
   4.8300E+02   1.2312E+00
   4.8400E+02   1.0252E+00
   4.8500E+02   7.5634E-01
   4.8600E+02   5.9408E-01
   4.8700E+02   5.3366E-01
   4.8700E+02   1.0000E+00
   4.8700E+02   5.3304E-01
   4.8800E+02   6.0453E-01
   4.8900E+02   8.1701E-01
   4.9000E+02   9.7874E-01
   4.9100E+02   1.0360E+00
   4.9200E+02   9.8370E-01
   4.9300E+02   8.0983E-01
   4.9400E+02   6.7563E-01
   4.9500E+02   6.0712E-01
   4.9500E+02   1.0000E+00
   4.9500E+02   6.1804E-01
   4.9600E+02   5.9939E-01
   4.9700E+02   6.4468E-01
   4.9800E+02   6.9147E-01
   4.9900E+02   7.5428E-01
   5.0000E+02   8.2117E-01
   5.0100E+02   8.5945E-01
   5.0200E+02   9.4496E-01
   5.0200E+02   1.0000E+00
   5.0200E+02   9.3114E-01
   5.0300E+02   1.0701E+00
   5.0400E+02   1.2258E+00
   5.0500E+02   1.4055E+00
   5.0600E+02   1.5272E+00
   5.0700E+02   1.5561E+00
   5.0800E+02   1.5052E+00
   5.0900E+02   1.4076E+00
   5.1000E+02   1.3467E+00
   5.1100E+02   1.3033E+00
   5.1200E+02   1.2910E+00
   5.1300E+02   1.2837E+00
   5.1400E+02   1.2350E+00
   5.1500E+02   1.1610E+00
   5.1600E+02   1.0561E+00
   5.1600E+02   1.0000E+00
   5.1600E+02   1.0580E+00
   5.1600E+02   1.0000E+00
   5.1600E+02   1.0000E+00
   5.1600E+02   1.0000E+00
   5.1600E+02   1.0580E+00
   5.1600E+02   1.0000E+00
   5.1600E+02   1.0580E+00
   5.1700E+02   9.5576E-01
   5.1800E+02   9.7738E-01
   5.1800E+02   1.0000E+00
   5.1800E+02   9.5788E-01
   5.1900E+02   1.0621E+00
   5.2000E+02   1.2813E+00
   5.2100E+02   1.4956E+00
   5.2200E+02   1.5705E+00
   5.2300E+02   1.4970E+00
   5.2400E+02   1.3693E+00
   5.2500E+02   1.1792E+00
   5.2600E+02   1.1029E+00
   5.2700E+02   1.1079E+00
   5.2800E+02   1.1822E+00
   5.2900E+02   1.2398E+00
   5.3000E+02   1.2060E+00
   5.3100E+02   1.1115E+00
   5.3100E+02   1.0000E+00
   5.3100E+02   1.1187E+00
   5.3200E+02   9.3779E-01
   5.3300E+02   7.8897E-01
   5.3400E+02   7.5519E-01
   5.3500E+02   8.2748E-01
   5.3600E+02   9.3004E-01
   5.3600E+02   1.0000E+00
   5.3600E+02   9.2435E-01
   5.3700E+02   1.0762E+00
   5.3800E+02   1.1871E+00
   5.3900E+02   1.3248E+00
   5.4000E+02   1.3943E+00
   5.4100E+02   1.4898E+00
   5.4200E+02   1.5613E+00
   5.4300E+02   1.6339E+00
   5.4400E+02   1.6796E+00
   5.4500E+02   1.6977E+00
   5.4600E+02   1.6681E+00
   5.4700E+02   1.5671E+00
   5.4800E+02   1.5182E+00
   5.4900E+02   1.4747E+00
   5.5000E+02   1.4741E+00
   5.5100E+02   1.5467E+00
   5.5200E+02   1.5984E+00
   5.5300E+02   1.6459E+00
   5.5400E+02   1.6716E+00
   5.5500E+02   1.6688E+00
   5.5600E+02   1.6449E+00
   5.5700E+02   1.6204E+00
   5.5800E+02   1.5730E+00
   5.5900E+02   1.5445E+00
   5.6000E+02   1.4582E+00
   5.6100E+02   1.4046E+00
   5.6100E+02   1.0000E+00
   5.6100E+02   1.4255E+00
   5.6100E+02   1.0000E+00
   5.6100E+02   1.0000E+00
   5.6100E+02   1.0000E+00
   5.6100E+02   1.4255E+00
   5.6200E+02   1.3391E+00
   5.6300E+02   1.2438E+00
   5.6400E+02   1.1984E+00
   5.6500E+02   1.2392E+00
   5.6600E+02   1.3424E+00
   5.6700E+02   1.5381E+00
   5.6800E+02   1.6949E+00
   5.6900E+02   1.7424E+00
   5.7000E+02   1.6719E+00
   5.7100E+02   1.5579E+00
   5.7100E+02   1.0000E+00
   5.7100E+02   1.5579E+00
   5.7200E+02   1.3968E+00
   5.7300E+02   1.2532E+00
   5.7400E+02   1.1293E+00
   5.7500E+02   1.0571E+00
   5.7500E+02   1.0000E+00
   5.7500E+02   1.0750E+00
   5.7500E+02   1.0000E+00
   5.7500E+02   1.0000E+00
   5.7500E+02   1.0000E+00
   5.7500E+02   1.0750E+00
   5.7500E+02   1.0000E+00
   5.7500E+02   1.0750E+00
   5.7500E+02   1.0000E+00
   5.7500E+02   1.0750E+00
   5.7500E+02   1.0000E+00
   5.7500E+02   1.0750E+00
   5.7500E+02   1.0000E+00
   5.7500E+02   1.0750E+00
