   0.0000E+00   1.0000E+00
   0.0000E+00   9.6459E-01
   1.0000E+00   9.6327E-01
   2.0000E+00   9.0010E-01
   3.0000E+00   8.2295E-01
   4.0000E+00   7.2811E-01
   5.0000E+00   6.8738E-01
   6.0000E+00   7.2919E-01
   7.0000E+00   8.5541E-01
   8.0000E+00   1.0551E+00
   9.0000E+00   1.2030E+00
   1.0000E+01   1.2613E+00
   1.1000E+01   1.2338E+00
   1.2000E+01   1.1357E+00
   1.3000E+01   1.0421E+00
   1.4000E+01   9.7399E-01
   1.5000E+01   9.2944E-01
   1.6000E+01   9.0358E-01
   1.7000E+01   8.7012E-01
   1.8000E+01   8.1782E-01
   1.9000E+01   7.5237E-01
   2.0000E+01   6.9823E-01
   2.1000E+01   6.9122E-01
   2.2000E+01   7.4007E-01
   2.3000E+01   8.4947E-01
   2.4000E+01   9.8048E-01
   2.5000E+01   1.0761E+00
   2.6000E+01   1.1268E+00
   2.7000E+01   1.1313E+00
   2.8000E+01   1.1122E+00
   2.9000E+01   1.1014E+00
   3.0000E+01   1.1025E+00
   3.1000E+01   1.1138E+00
   3.2000E+01   1.1217E+00
   3.3000E+01   1.1247E+00
   3.4000E+01   1.1198E+00
   3.5000E+01   1.1062E+00
   3.6000E+01   1.0862E+00
   3.7000E+01   1.0644E+00
   3.8000E+01   1.0379E+00
   3.9000E+01   1.0061E+00
   4.0000E+01   9.9630E-01
   4.1000E+01   1.0196E+00
   4.2000E+01   1.0804E+00
   4.3000E+01   1.1709E+00
   4.4000E+01   1.2109E+00
   4.5000E+01   1.1689E+00
   4.6000E+01   1.0376E+00
   4.7000E+01   8.3762E-01
   4.8000E+01   6.6948E-01
   4.9000E+01   5.8837E-01
   5.0000E+01   5.8211E-01
   5.1000E+01   6.4691E-01
   5.2000E+01   7.2258E-01
   5.3000E+01   7.9052E-01
   5.4000E+01   8.4448E-01
   5.5000E+01   8.9354E-01
   5.6000E+01   9.3538E-01
   5.7000E+01   9.6768E-01
   5.8000E+01   9.9107E-01
   5.9000E+01   1.0062E+00
   6.0000E+01   1.0218E+00
   6.1000E+01   1.0375E+00
   6.2000E+01   1.0510E+00
   6.3000E+01   1.0710E+00
   6.4000E+01   1.0790E+00
   6.5000E+01   1.0991E+00
   6.6000E+01   1.1127E+00
   6.7000E+01   1.1219E+00
   6.8000E+01   1.1170E+00
   6.9000E+01   1.0938E+00
   7.0000E+01   1.0612E+00
   7.1000E+01   1.0276E+00
   7.2000E+01   1.0296E+00
   7.3000E+01   1.0663E+00
   7.4000E+01   1.1390E+00
   7.5000E+01   1.2040E+00
   7.6000E+01   1.2215E+00
   7.7000E+01   1.1890E+00
   7.8000E+01   1.1092E+00
   7.9000E+01   1.0541E+00
   8.0000E+01   1.0903E+00
   8.1000E+01   1.2112E+00
   8.2000E+01   1.4159E+00
   8.3000E+01   1.5766E+00
   8.4000E+01   1.6139E+00
   8.5000E+01   1.5306E+00
   8.6000E+01   1.3319E+00
   8.7000E+01   1.1696E+00
   8.8000E+01   1.1077E+00
   8.9000E+01   1.1463E+00
   9.0000E+01   1.2722E+00
   9.1000E+01   1.3640E+00
   9.2000E+01   1.3806E+00
   9.3000E+01   1.3261E+00
   9.4000E+01   1.2113E+00
   9.5000E+01   1.1325E+00
   9.6000E+01   1.1101E+00
   9.7000E+01   1.1449E+00
   9.8000E+01   1.2194E+00
   9.9000E+01   1.2630E+00
   1.0000E+02   1.2645E+00
   1.0100E+02   1.2272E+00
   1.0200E+02   1.1589E+00
   1.0300E+02   1.1134E+00
   1.0400E+02   1.0940E+00
   1.0500E+02   1.0987E+00
   1.0600E+02   1.1105E+00
   1.0700E+02   1.0920E+00
   1.0800E+02   1.0384E+00
   1.0900E+02   9.5271E-01
   1.1000E+02   8.5522E-01
   1.1100E+02   7.9862E-01
   1.1200E+02   7.7977E-01
   1.1300E+02   8.0055E-01
   1.1400E+02   8.4023E-01
   1.1500E+02   8.6209E-01
   1.1600E+02   8.7237E-01
   1.1700E+02   8.6814E-01
   1.1800E+02   8.5716E-01
   1.1900E+02   8.4692E-01
   1.2000E+02   8.3885E-01
   1.2100E+02   8.3427E-01
   1.2200E+02   8.2043E-01
   1.2300E+02   7.9504E-01
   1.2400E+02   7.5935E-01
   1.2500E+02   7.1428E-01
   1.2600E+02   7.1061E-01
   1.2700E+02   7.7312E-01
   1.2800E+02   8.9552E-01
   1.2900E+02   1.0777E+00
   1.3000E+02   1.2079E+00
   1.3100E+02   1.2459E+00
   1.3200E+02   1.1941E+00
   1.3300E+02   1.0625E+00
   1.3400E+02   9.7324E-01
   1.3500E+02   9.5827E-01
   1.3600E+02   1.0175E+00
   1.3700E+02   1.1299E+00
   1.3800E+02   1.1883E+00
   1.3900E+02   1.1699E+00
   1.4000E+02   1.0756E+00
   1.4100E+02   9.3513E-01
   1.4200E+02   8.4294E-01
   1.4300E+02   8.1688E-01
   1.4400E+02   8.5664E-01
   1.4500E+02   9.4055E-01
   1.4600E+02   1.0094E+00
   1.4700E+02   1.0632E+00
   1.4800E+02   1.0976E+00
   1.4900E+02   1.1153E+00
   1.5000E+02   1.1218E+00
   1.5100E+02   1.1179E+00
   1.5200E+02   1.1028E+00
   1.5300E+02   1.0773E+00
   1.5400E+02   1.0446E+00
   1.5500E+02   1.0066E+00
   1.5600E+02   9.5761E-01
   1.5700E+02   9.0834E-01
   1.5800E+02   8.7136E-01
   1.5900E+02   8.4423E-01
   1.6000E+02   8.2641E-01
   1.6100E+02   8.3620E-01
   1.6200E+02   8.8714E-01
   1.6300E+02   9.8556E-01
   1.6400E+02   1.1188E+00
   1.6500E+02   1.2402E+00
   1.6600E+02   1.3032E+00
   1.6700E+02   1.3125E+00
   1.6800E+02   1.2712E+00
   1.6900E+02   1.2181E+00
   1.7000E+02   1.1701E+00
   1.7100E+02   1.1284E+00
   1.7200E+02   1.0939E+00
   1.7300E+02   1.0686E+00
   1.7400E+02   1.0470E+00
   1.7500E+02   1.0354E+00
   1.7600E+02   1.0326E+00
   1.7700E+02   1.0509E+00
   1.7800E+02   1.0724E+00
   1.7900E+02   1.1136E+00
   1.8000E+02   1.1621E+00
   1.8100E+02   1.1883E+00
   1.8200E+02   1.1827E+00
   1.8300E+02   1.1441E+00
   1.8400E+02   1.0897E+00
   1.8500E+02   1.0511E+00
   1.8600E+02   1.0370E+00
   1.8700E+02   1.0515E+00
   1.8800E+02   1.0694E+00
   1.8900E+02   1.0777E+00
   1.9000E+02   1.0696E+00
   1.9100E+02   1.0543E+00
   1.9200E+02   1.0353E+00
   1.9300E+02   1.0436E+00
   1.9400E+02   1.0786E+00
   1.9500E+02   1.1403E+00
   1.9600E+02   1.2129E+00
   1.9700E+02   1.2810E+00
   1.9800E+02   1.3423E+00
   1.9900E+02   1.3964E+00
   2.0000E+02   1.4275E+00
   2.0100E+02   1.4259E+00
   2.0200E+02   1.3917E+00
   2.0300E+02   1.3233E+00
   2.0400E+02   1.2740E+00
   2.0500E+02   1.2822E+00
   2.0600E+02   1.3474E+00
   2.0700E+02   1.4729E+00
   2.0800E+02   1.6075E+00
   2.0900E+02   1.7209E+00
   2.1000E+02   1.8331E+00
   2.1100E+02   1.9267E+00
   2.1200E+02   1.9539E+00
   2.1300E+02   1.8974E+00
   2.1400E+02   1.7640E+00
   2.1500E+02   1.5557E+00
   2.1600E+02   1.3972E+00
   2.1700E+02   1.3229E+00
   2.1800E+02   1.3334E+00
   2.1900E+02   1.4136E+00
   2.2000E+02   1.4713E+00
   2.2100E+02   1.4863E+00
   2.2200E+02   1.4619E+00
   2.2300E+02   1.4046E+00
   2.2400E+02   1.3699E+00
   2.2500E+02   1.3600E+00
   2.2600E+02   1.3794E+00
   2.2700E+02   1.4069E+00
   2.2800E+02   1.4306E+00
   2.2900E+02   1.4437E+00
   2.3000E+02   1.4455E+00
   2.3100E+02   1.4427E+00
   2.3200E+02   1.4496E+00
   2.3300E+02   1.4655E+00
   2.3400E+02   1.4833E+00
   2.3500E+02   1.4939E+00
   2.3600E+02   1.4668E+00
   2.3700E+02   1.3998E+00
   2.3800E+02   1.2907E+00
   2.3900E+02   1.1880E+00
   2.4000E+02   1.1499E+00
   2.4100E+02   1.1750E+00
   2.4200E+02   1.2599E+00
   2.4300E+02   1.3465E+00
   2.4400E+02   1.3792E+00
   2.4500E+02   1.3590E+00
   2.4600E+02   1.2848E+00
   2.4700E+02   1.2041E+00
   2.4800E+02   1.1513E+00
   2.4900E+02   1.1202E+00
   2.5000E+02   1.1120E+00
   2.5100E+02   1.1105E+00
   2.5200E+02   1.1079E+00
   2.5300E+02   1.1055E+00
   2.5400E+02   1.1044E+00
   2.5500E+02   1.1160E+00
   2.5600E+02   1.1406E+00
   2.5700E+02   1.1831E+00
   2.5800E+02   1.2380E+00
   2.5900E+02   1.2804E+00
   2.6000E+02   1.3060E+00
   2.6100E+02   1.3142E+00
   2.6200E+02   1.3011E+00
   2.6300E+02   1.2707E+00
   2.6400E+02   1.2175E+00
   2.6500E+02   1.1376E+00
   2.6600E+02   1.0564E+00
   2.6700E+02   1.0240E+00
   2.6800E+02   1.0530E+00
   2.6900E+02   1.1373E+00
   2.7000E+02   1.2499E+00
   2.7100E+02   1.3040E+00
   2.7200E+02   1.2893E+00
   2.7300E+02   1.2098E+00
   2.7400E+02   1.1094E+00
   2.7500E+02   1.0796E+00
   2.7600E+02   1.1213E+00
   2.7700E+02   1.2360E+00
   2.7800E+02   1.3640E+00
   2.7900E+02   1.4114E+00
   2.8000E+02   1.3788E+00
   2.8100E+02   1.2668E+00
   2.8200E+02   1.1254E+00
   2.8300E+02   1.0079E+00
   2.8300E+02   1.0000E+00
   2.8300E+02   1.0082E+00
   2.8400E+02   9.1010E-01
   2.8500E+02   8.4212E-01
   2.8600E+02   8.0942E-01
   2.8700E+02   8.1575E-01
   2.8800E+02   8.4700E-01
   2.8900E+02   9.1931E-01
   2.9000E+02   9.7510E-01
   2.9100E+02   9.8406E-01
   2.9200E+02   9.5294E-01
   2.9300E+02   9.1415E-01
   2.9400E+02   8.8732E-01
   2.9500E+02   9.2722E-01
   2.9600E+02   9.9371E-01
   2.9600E+02   1.0000E+00
   2.9600E+02   9.7118E-01
   2.9700E+02   1.0836E+00
   2.9800E+02   1.1132E+00
   2.9900E+02   1.0439E+00
   2.9900E+02   1.0000E+00
   2.9900E+02   1.0623E+00
   3.0000E+02   8.9923E-01
   3.0100E+02   6.7206E-01
   3.0200E+02   5.5687E-01
   3.0300E+02   5.3794E-01
   3.0400E+02   6.0861E-01
   3.0500E+02   7.8631E-01
   3.0600E+02   8.7068E-01
   3.0700E+02   8.7955E-01
   3.0800E+02   8.1456E-01
   3.0900E+02   7.0841E-01
   3.1000E+02   6.8392E-01
   3.1100E+02   7.4233E-01
   3.1200E+02   8.6025E-01
   3.1300E+02   9.8212E-01
   3.1400E+02   1.0994E+00
   3.1500E+02   1.1496E+00
   3.1600E+02   1.1487E+00
   3.1700E+02   1.1292E+00
   3.1800E+02   1.1095E+00
   3.1900E+02   1.0869E+00
   3.2000E+02   1.0734E+00
   3.2100E+02   1.0722E+00
   3.2200E+02   1.0996E+00
   3.2300E+02   1.1568E+00
   3.2400E+02   1.2433E+00
   3.2500E+02   1.3336E+00
   3.2600E+02   1.3668E+00
   3.2700E+02   1.3717E+00
   3.2800E+02   1.3464E+00
   3.2900E+02   1.2920E+00
   3.3000E+02   1.2510E+00
   3.3100E+02   1.1966E+00
   3.3200E+02   1.1333E+00
   3.3300E+02   1.0609E+00
   3.3400E+02   1.0186E+00
   3.3400E+02   1.0000E+00
   3.3400E+02   1.0222E+00
   3.3400E+02   1.0000E+00
   3.3400E+02   1.0222E+00
   3.3400E+02   1.0000E+00
   3.3400E+02   1.0000E+00
   3.3400E+02   1.0222E+00
   3.3400E+02   1.0000E+00
   3.3400E+02   1.0222E+00
   3.3400E+02   1.0000E+00
   3.3400E+02   1.0222E+00
   3.3500E+02   9.6779E-01
   3.3500E+02   1.0000E+00
   3.3500E+02   9.6779E-01
   3.3600E+02   9.1910E-01
   3.3600E+02   1.0000E+00
   3.3600E+02   9.1910E-01
   3.3700E+02   9.1839E-01
   3.3800E+02   9.6415E-01
   3.3800E+02   1.0000E+00
   3.3800E+02   9.5580E-01
   3.3900E+02   1.0621E+00
   3.4000E+02   1.2215E+00
   3.4100E+02   1.3440E+00
   3.4200E+02   1.4430E+00
   3.4300E+02   1.5335E+00
   3.4400E+02   1.5869E+00
   3.4500E+02   1.5833E+00
   3.4600E+02   1.5341E+00
   3.4700E+02   1.4176E+00
   3.4800E+02   1.2824E+00
   3.4900E+02   1.1896E+00
   3.5000E+02   1.1423E+00
   3.5100E+02   1.1713E+00
   3.5200E+02   1.2039E+00
   3.5300E+02   1.2506E+00
   3.5400E+02   1.2794E+00
   3.5500E+02   1.2954E+00
   3.5600E+02   1.3002E+00
   3.5700E+02   1.2853E+00
   3.5800E+02   1.2588E+00
   3.5900E+02   1.2208E+00
   3.6000E+02   1.1669E+00
   3.6100E+02   1.1221E+00
   3.6200E+02   1.0938E+00
   3.6300E+02   1.0748E+00
   3.6400E+02   1.0588E+00
   3.6500E+02   1.0564E+00
   3.6600E+02   1.0578E+00
   3.6700E+02   1.0670E+00
   3.6800E+02   1.0830E+00
   3.6900E+02   1.0980E+00
   3.7000E+02   1.1156E+00
   3.7100E+02   1.1335E+00
   3.7200E+02   1.1390E+00
   3.7300E+02   1.1321E+00
   3.7400E+02   1.1004E+00
   3.7500E+02   1.0590E+00
   3.7600E+02   1.0349E+00
   3.7700E+02   1.0135E+00
   3.7800E+02   1.0083E+00
   3.7900E+02   1.0166E+00
   3.8000E+02   1.0214E+00
   3.8100E+02   1.0254E+00
   3.8200E+02   1.0251E+00
   3.8300E+02   1.0293E+00
   3.8400E+02   1.0494E+00
   3.8500E+02   1.1000E+00
   3.8600E+02   1.2060E+00
   3.8700E+02   1.2622E+00
   3.8800E+02   1.3174E+00
   3.8900E+02   1.3358E+00
   3.9000E+02   1.2998E+00
   3.9100E+02   1.2601E+00
   3.9200E+02   1.2359E+00
   3.9300E+02   1.2297E+00
   3.9400E+02   1.2480E+00
   3.9500E+02   1.2685E+00
   3.9600E+02   1.2869E+00
   3.9700E+02   1.3027E+00
   3.9800E+02   1.3080E+00
   3.9900E+02   1.2878E+00
   4.0000E+02   1.2366E+00
   4.0100E+02   1.1176E+00
   4.0100E+02   1.0000E+00
   4.0100E+02   1.1636E+00
   4.0100E+02   1.0000E+00
   4.0100E+02   1.0000E+00
   4.0100E+02   1.0000E+00
   4.0100E+02   1.1636E+00
   4.0200E+02   1.0301E+00
   4.0200E+02   1.0000E+00
   4.0200E+02   1.0331E+00
   4.0300E+02   8.8686E-01
   4.0400E+02   8.0210E-01
   4.0500E+02   7.6692E-01
   4.0600E+02   7.7722E-01
   4.0700E+02   7.8925E-01
   4.0800E+02   7.4568E-01
   4.0900E+02   6.9911E-01
   4.0900E+02   1.0000E+00
   4.0900E+02   7.1392E-01
   4.0900E+02   1.0000E+00
   4.0900E+02   7.1392E-01
   4.1000E+02   6.0127E-01
   4.1000E+02   1.0000E+00
   4.1000E+02   1.0000E+00
   4.1000E+02   6.2517E-01
   4.1000E+02   1.0000E+00
   4.1000E+02   6.2517E-01
   4.1100E+02   5.5101E-01
   4.1200E+02   5.4436E-01
   4.1200E+02   1.0000E+00
   4.1200E+02   5.4207E-01
   4.1300E+02   5.8713E-01
   4.1300E+02   1.0000E+00
   4.1300E+02   5.8484E-01
   4.1400E+02   6.9550E-01
   4.1500E+02   7.9624E-01
   4.1600E+02   8.8412E-01
   4.1700E+02   9.3107E-01
   4.1800E+02   9.6286E-01
   4.1900E+02   9.9224E-01
   4.1900E+02   1.0000E+00
   4.1900E+02   9.8741E-01
   4.1900E+02   1.0000E+00
   4.1900E+02   1.0000E+00
   4.1900E+02   9.8741E-01
   4.1900E+02   1.0000E+00
   4.1900E+02   9.8741E-01
   4.1900E+02   1.0000E+00
   4.1900E+02   9.8741E-01
   4.1900E+02   1.0000E+00
   4.1900E+02   9.8741E-01
   4.2000E+02   1.0034E+00
   4.2000E+02   1.0000E+00
   4.2000E+02   1.0034E+00
   4.2100E+02   1.0096E+00
   4.2100E+02   1.0000E+00
   4.2100E+02   1.0096E+00
   4.2200E+02   1.0068E+00
   4.2300E+02   1.0077E+00
   4.2400E+02   1.0127E+00
   4.2500E+02   1.0337E+00
   4.2600E+02   1.0357E+00
   4.2700E+02   1.0254E+00
   4.2700E+02   1.0000E+00
   4.2700E+02   1.0265E+00
   4.2700E+02   1.0000E+00
   4.2700E+02   1.0265E+00
   4.2700E+02   1.0000E+00
   4.2700E+02   1.0265E+00
   4.2700E+02   1.0000E+00
   4.2700E+02   1.0265E+00
   4.2700E+02   1.0000E+00
   4.2700E+02   1.0265E+00
   4.2700E+02   1.0000E+00
   4.2700E+02   1.0265E+00
   4.2800E+02   9.9209E-01
   4.2800E+02   1.0000E+00
   4.2800E+02   9.9209E-01
   4.2900E+02   9.3204E-01
   4.2900E+02   1.0000E+00
   4.2900E+02   9.3204E-01
   4.3000E+02   8.3407E-01
   4.3100E+02   7.8039E-01
   4.3200E+02   7.1010E-01
   4.3300E+02   6.7707E-01
   4.3400E+02   6.7130E-01
   4.3500E+02   7.0902E-01
   4.3600E+02   7.5189E-01
   4.3700E+02   8.7460E-01
   4.3800E+02   9.7900E-01
   4.3800E+02   1.0000E+00
   4.3800E+02   9.3439E-01
   4.3900E+02   1.0488E+00
   4.4000E+02   1.1457E+00
   4.4100E+02   1.2628E+00
   4.4200E+02   1.3469E+00
   4.4300E+02   1.3921E+00
   4.4400E+02   1.4173E+00
   4.4500E+02   1.4211E+00
   4.4600E+02   1.3985E+00
   4.4700E+02   1.3425E+00
   4.4800E+02   1.2649E+00
   4.4900E+02   1.1357E+00
   4.5000E+02   1.0183E+00
   4.5000E+02   1.0000E+00
   4.5000E+02   1.0481E+00
   4.5100E+02   9.6839E-01
   4.5200E+02   9.1706E-01
   4.5300E+02   8.9920E-01
   4.5400E+02   9.0343E-01
   4.5500E+02   9.3237E-01
   4.5600E+02   9.9218E-01
   4.5600E+02   1.0000E+00
   4.5600E+02   9.7620E-01
   4.5600E+02   1.0000E+00
   4.5600E+02   9.7620E-01
   4.5600E+02   1.0000E+00
   4.5600E+02   1.0000E+00
   4.5600E+02   9.7620E-01
   4.5600E+02   1.0000E+00
   4.5600E+02   9.7620E-01
   4.5700E+02   1.0465E+00
   4.5800E+02   1.0935E+00
   4.5900E+02   1.0814E+00
   4.6000E+02   1.0545E+00
   4.6000E+02   1.0000E+00
   4.6000E+02   1.0554E+00
   4.6100E+02   9.7943E-01
   4.6200E+02   9.2357E-01
   4.6300E+02   9.1944E-01
   4.6400E+02   9.5545E-01
   4.6400E+02   1.0000E+00
   4.6400E+02   9.4662E-01
   4.6400E+02   1.0000E+00
   4.6400E+02   1.0000E+00
   4.6400E+02   1.0000E+00
   4.6400E+02   9.4662E-01
   4.6400E+02   1.0000E+00
   4.6400E+02   9.4662E-01
   4.6400E+02   1.0000E+00
   4.6400E+02   9.4662E-01
   4.6500E+02   1.0113E+00
   4.6500E+02   1.0000E+00
   4.6500E+02   1.0113E+00
   4.6600E+02   1.0825E+00
   4.6600E+02   1.0000E+00
   4.6600E+02   1.0825E+00
   4.6700E+02   1.1735E+00
   4.6800E+02   1.2444E+00
   4.6900E+02   1.2882E+00
   4.7000E+02   1.2863E+00
   4.7100E+02   1.2107E+00
   4.7200E+02   1.1208E+00
   4.7300E+02   9.9718E-01
   4.7400E+02   1.0113E+00
   4.7500E+02   1.1920E+00
   4.7600E+02   1.5283E+00
   4.7700E+02   1.9130E+00
   4.7800E+02   2.0663E+00
   4.7900E+02   1.9567E+00
   4.8000E+02   1.5970E+00
   4.8100E+02   1.1145E+00
   4.8200E+02   8.2643E-01
   4.8300E+02   7.3708E-01
   4.8400E+02   8.6199E-01
   4.8500E+02   9.9913E-01
   4.8600E+02   1.1140E+00
   4.8700E+02   1.1519E+00
   4.8800E+02   1.1245E+00
   4.8900E+02   1.0813E+00
   4.9000E+02   1.0778E+00
   4.9100E+02   1.1086E+00
   4.9200E+02   1.1751E+00
   4.9300E+02   1.1991E+00
   4.9400E+02   1.1672E+00
   4.9500E+02   1.0794E+00
   4.9500E+02   1.0000E+00
   4.9500E+02   1.0818E+00
   4.9600E+02   9.3253E-01
   4.9700E+02   8.5932E-01
   4.9800E+02   9.2694E-01
   4.9800E+02   1.0000E+00
   4.9800E+02   9.2636E-01
   4.9900E+02   1.1430E+00
   5.0000E+02   1.4970E+00
   5.0100E+02   1.7069E+00
   5.0200E+02   1.6837E+00
   5.0300E+02   1.4375E+00
   5.0400E+02   1.0131E+00
   5.0500E+02   7.0888E-01
   5.0600E+02   6.8152E-01
   5.0700E+02   8.7770E-01
   5.0800E+02   1.2218E+00
   5.0900E+02   1.4584E+00
   5.1000E+02   1.5426E+00
   5.1100E+02   1.4602E+00
   5.1200E+02   1.2631E+00
   5.1300E+02   1.1166E+00
   5.1400E+02   1.0581E+00
   5.1500E+02   1.0817E+00
   5.1600E+02   1.1564E+00
   5.1700E+02   1.2329E+00
   5.1800E+02   1.2893E+00
   5.1900E+02   1.3392E+00
   5.2000E+02   1.3678E+00
   5.2100E+02   1.3987E+00
   5.2100E+02   1.0000E+00
   5.2100E+02   1.3893E+00
   5.2200E+02   1.4027E+00
   5.2300E+02   1.4050E+00
   5.2400E+02   1.3909E+00
   5.2500E+02   1.3436E+00
   5.2600E+02   1.2529E+00
   5.2700E+02   1.1715E+00
   5.2800E+02   1.0851E+00
   5.2900E+02   1.0319E+00
   5.3000E+02   1.0170E+00
   5.3100E+02   1.0427E+00
   5.3200E+02   1.1014E+00
   5.3300E+02   1.1516E+00
   5.3400E+02   1.1768E+00
   5.3500E+02   1.2217E+00
   5.3600E+02   1.2394E+00
   5.3700E+02   1.2297E+00
   5.3800E+02   1.1862E+00
   5.3900E+02   1.1302E+00
   5.4000E+02   1.1010E+00
   5.4100E+02   1.1304E+00
   5.4200E+02   1.2167E+00
   5.4300E+02   1.2779E+00
   5.4400E+02   1.3369E+00
   5.4500E+02   1.3298E+00
   5.4600E+02   1.2669E+00
   5.4700E+02   1.1648E+00
   5.4800E+02   1.0949E+00
   5.4900E+02   1.1142E+00
   5.5000E+02   1.2248E+00
   5.5100E+02   1.3073E+00
   5.5200E+02   1.3871E+00
   5.5300E+02   1.3829E+00
   5.5400E+02   1.2777E+00
   5.5500E+02   1.1946E+00
   5.5600E+02   1.1580E+00
   5.5700E+02   1.1794E+00
   5.5800E+02   1.3123E+00
   5.5900E+02   1.3997E+00
   5.6000E+02   1.4533E+00
   5.6100E+02   1.4310E+00
   5.6200E+02   1.3230E+00
   5.6300E+02   1.1778E+00
   5.6400E+02   1.0789E+00
   5.6500E+02   1.0200E+00
   5.6500E+02   1.0000E+00
   5.6500E+02   1.0240E+00
   5.6500E+02   1.0000E+00
   5.6500E+02   1.0000E+00
   5.6500E+02   1.0000E+00
   5.6500E+02   1.0240E+00
   5.6500E+02   1.0000E+00
   5.6500E+02   1.0240E+00
   5.6500E+02   1.0000E+00
   5.6500E+02   1.0240E+00
   5.6500E+02   1.0000E+00
   5.6500E+02   1.0240E+00
   5.6500E+02   1.0000E+00
   5.6500E+02   1.0240E+00
