   0.0000E+00   1.0000E+00
   0.0000E+00   1.0600E+00
   1.0000E+00   1.0624E+00
   2.0000E+00   1.1687E+00
   3.0000E+00   1.3007E+00
   4.0000E+00   1.4418E+00
   5.0000E+00   1.5708E+00
   6.0000E+00   1.6976E+00
   7.0000E+00   1.8009E+00
   8.0000E+00   1.8383E+00
   9.0000E+00   1.7928E+00
   1.0000E+01   1.6633E+00
   1.1000E+01   1.4766E+00
   1.2000E+01   1.3346E+00
   1.3000E+01   1.2580E+00
   1.4000E+01   1.2422E+00
   1.5000E+01   1.2838E+00
   1.6000E+01   1.3507E+00
   1.7000E+01   1.4465E+00
   1.8000E+01   1.5699E+00
   1.9000E+01   1.6781E+00
   2.0000E+01   1.6985E+00
   2.1000E+01   1.6217E+00
   2.2000E+01   1.4476E+00
   2.3000E+01   1.2435E+00
   2.4000E+01   1.1288E+00
   2.5000E+01   1.1085E+00
   2.6000E+01   1.1782E+00
   2.7000E+01   1.2860E+00
   2.8000E+01   1.3559E+00
   2.9000E+01   1.3878E+00
   3.0000E+01   1.3807E+00
   3.1000E+01   1.3773E+00
   3.2000E+01   1.4079E+00
   3.3000E+01   1.4742E+00
   3.4000E+01   1.5771E+00
   3.5000E+01   1.6675E+00
   3.6000E+01   1.7239E+00
   3.7000E+01   1.7478E+00
   3.8000E+01   1.7369E+00
   3.9000E+01   1.7265E+00
   4.0000E+01   1.7298E+00
   4.1000E+01   1.7441E+00
   4.2000E+01   1.7699E+00
   4.3000E+01   1.7847E+00
   4.4000E+01   1.7775E+00
   4.5000E+01   1.7540E+00
   4.6000E+01   1.7162E+00
   4.7000E+01   1.7099E+00
   4.8000E+01   1.7493E+00
   4.9000E+01   1.8317E+00
   5.0000E+01   1.9433E+00
   5.1000E+01   2.0073E+00
   5.2000E+01   2.0065E+00
   5.3000E+01   1.9413E+00
   5.4000E+01   1.8258E+00
   5.5000E+01   1.7020E+00
   5.6000E+01   1.5720E+00
   5.7000E+01   1.4458E+00
   5.8000E+01   1.3452E+00
   5.9000E+01   1.3385E+00
   6.0000E+01   1.4292E+00
   6.1000E+01   1.6241E+00
   6.2000E+01   1.8560E+00
   6.3000E+01   2.0008E+00
   6.4000E+01   2.0520E+00
   6.5000E+01   2.0103E+00
   6.6000E+01   1.9298E+00
   6.7000E+01   1.9023E+00
   6.8000E+01   1.9247E+00
   6.9000E+01   1.9959E+00
   7.0000E+01   2.0558E+00
   7.1000E+01   2.0320E+00
   7.2000E+01   1.9283E+00
   7.3000E+01   1.7407E+00
   7.4000E+01   1.5561E+00
   7.5000E+01   1.4391E+00
   7.6000E+01   1.3889E+00
   7.7000E+01   1.4062E+00
   7.8000E+01   1.4368E+00
   7.9000E+01   1.4506E+00
   8.0000E+01   1.4436E+00
   8.1000E+01   1.4284E+00
   8.2000E+01   1.4415E+00
   8.3000E+01   1.5073E+00
   8.4000E+01   1.6202E+00
   8.5000E+01   1.7770E+00
   8.6000E+01   1.9118E+00
   8.7000E+01   1.9983E+00
   8.8000E+01   2.0423E+00
   8.9000E+01   2.0450E+00
   9.0000E+01   2.0423E+00
   9.1000E+01   2.0415E+00
   9.2000E+01   2.0419E+00
   9.3000E+01   2.0473E+00
   9.4000E+01   2.0695E+00
   9.5000E+01   2.1116E+00
   9.6000E+01   2.1748E+00
   9.7000E+01   2.2476E+00
   9.8000E+01   2.2929E+00
   9.9000E+01   2.2997E+00
   1.0000E+02   2.2755E+00
   1.0100E+02   2.2302E+00
   1.0200E+02   2.1975E+00
   1.0300E+02   2.1755E+00
   1.0400E+02   2.1676E+00
   1.0500E+02   2.1595E+00
   1.0600E+02   2.1382E+00
   1.0700E+02   2.0981E+00
   1.0800E+02   2.0431E+00
   1.0900E+02   1.9835E+00
   1.1000E+02   1.9450E+00
   1.1100E+02   1.9274E+00
   1.1200E+02   1.9298E+00
   1.1300E+02   1.9290E+00
   1.1400E+02   1.9084E+00
   1.1500E+02   1.8673E+00
   1.1600E+02   1.8087E+00
   1.1700E+02   1.7551E+00
   1.1800E+02   1.7333E+00
   1.1900E+02   1.7387E+00
   1.2000E+02   1.7739E+00
   1.2100E+02   1.8070E+00
   1.2200E+02   1.8334E+00
   1.2300E+02   1.8491E+00
   1.2400E+02   1.8564E+00
   1.2500E+02   1.8635E+00
   1.2600E+02   1.8743E+00
   1.2700E+02   1.8880E+00
   1.2800E+02   1.9022E+00
   1.2900E+02   1.8923E+00
   1.3000E+02   1.8485E+00
   1.3100E+02   1.7793E+00
   1.3200E+02   1.6820E+00
   1.3300E+02   1.5882E+00
   1.3400E+02   1.5155E+00
   1.3500E+02   1.4536E+00
   1.3600E+02   1.4048E+00
   1.3700E+02   1.3734E+00
   1.3800E+02   1.3586E+00
   1.3900E+02   1.3616E+00
   1.4000E+02   1.3794E+00
   1.4100E+02   1.4056E+00
   1.4200E+02   1.4458E+00
   1.4300E+02   1.4986E+00
   1.4400E+02   1.5482E+00
   1.4500E+02   1.5843E+00
   1.4600E+02   1.6012E+00
   1.4700E+02   1.5999E+00
   1.4800E+02   1.5891E+00
   1.4900E+02   1.5797E+00
   1.5000E+02   1.5726E+00
   1.5100E+02   1.5676E+00
   1.5200E+02   1.5620E+00
   1.5300E+02   1.5518E+00
   1.5400E+02   1.5357E+00
   1.5500E+02   1.5181E+00
   1.5600E+02   1.5007E+00
   1.5700E+02   1.4920E+00
   1.5800E+02   1.4876E+00
   1.5900E+02   1.4892E+00
   1.6000E+02   1.4833E+00
   1.6100E+02   1.4587E+00
   1.6200E+02   1.4251E+00
   1.6300E+02   1.3771E+00
   1.6400E+02   1.3609E+00
   1.6500E+02   1.3964E+00
   1.6600E+02   1.4816E+00
   1.6700E+02   1.6133E+00
   1.6800E+02   1.6985E+00
   1.6900E+02   1.7096E+00
   1.7000E+02   1.6496E+00
   1.7100E+02   1.5250E+00
   1.7200E+02   1.4026E+00
   1.7300E+02   1.3146E+00
   1.7400E+02   1.2470E+00
   1.7500E+02   1.1980E+00
   1.7600E+02   1.1567E+00
   1.7700E+02   1.1184E+00
   1.7800E+02   1.0757E+00
   1.7900E+02   1.0454E+00
   1.8000E+02   1.0314E+00
   1.8100E+02   1.0424E+00
   1.8200E+02   1.0667E+00
   1.8300E+02   1.1135E+00
   1.8400E+02   1.1654E+00
   1.8500E+02   1.2237E+00
   1.8600E+02   1.2914E+00
   1.8700E+02   1.3390E+00
   1.8800E+02   1.3390E+00
   1.8900E+02   1.2831E+00
   1.9000E+02   1.1751E+00
   1.9100E+02   1.0689E+00
   1.9200E+02   1.0287E+00
   1.9200E+02   1.0000E+00
   1.9200E+02   1.0292E+00
   1.9300E+02   1.0695E+00
   1.9400E+02   1.1908E+00
   1.9500E+02   1.2653E+00
   1.9600E+02   1.3190E+00
   1.9700E+02   1.3072E+00
   1.9800E+02   1.2559E+00
   1.9900E+02   1.2217E+00
   2.0000E+02   1.2469E+00
   2.0100E+02   1.3492E+00
   2.0200E+02   1.4346E+00
   2.0300E+02   1.5515E+00
   2.0400E+02   1.6277E+00
   2.0500E+02   1.6382E+00
   2.0600E+02   1.5999E+00
   2.0700E+02   1.5492E+00
   2.0800E+02   1.4773E+00
   2.0900E+02   1.3892E+00
   2.1000E+02   1.2752E+00
   2.1100E+02   1.1984E+00
   2.1200E+02   1.1841E+00
   2.1300E+02   1.2272E+00
   2.1400E+02   1.3071E+00
   2.1500E+02   1.3503E+00
   2.1600E+02   1.3532E+00
   2.1700E+02   1.3048E+00
   2.1800E+02   1.2320E+00
   2.1900E+02   1.1683E+00
   2.2000E+02   1.1334E+00
   2.2100E+02   1.1023E+00
   2.2200E+02   1.1046E+00
   2.2300E+02   1.1840E+00
   2.2400E+02   1.3699E+00
   2.2500E+02   1.5746E+00
   2.2600E+02   1.8417E+00
   2.2700E+02   2.0195E+00
   2.2800E+02   2.1047E+00
   2.2900E+02   2.0747E+00
   2.3000E+02   2.0170E+00
   2.3100E+02   1.9626E+00
   2.3200E+02   1.9100E+00
   2.3300E+02   1.8546E+00
   2.3400E+02   1.8112E+00
   2.3500E+02   1.7839E+00
   2.3600E+02   1.7358E+00
   2.3700E+02   1.6720E+00
   2.3800E+02   1.6331E+00
   2.3900E+02   1.6163E+00
   2.4000E+02   1.6159E+00
   2.4100E+02   1.6284E+00
   2.4200E+02   1.6976E+00
   2.4300E+02   1.7547E+00
   2.4400E+02   1.8329E+00
   2.4500E+02   1.9562E+00
   2.4600E+02   2.0181E+00
   2.4700E+02   2.0056E+00
   2.4800E+02   1.9128E+00
   2.4900E+02   1.7943E+00
   2.5000E+02   1.6758E+00
   2.5100E+02   1.6354E+00
   2.5200E+02   1.6632E+00
   2.5300E+02   1.7424E+00
   2.5400E+02   1.8375E+00
   2.5500E+02   1.9450E+00
   2.5600E+02   2.0385E+00
   2.5700E+02   2.1373E+00
   2.5800E+02   2.1987E+00
   2.5900E+02   2.2089E+00
   2.6000E+02   2.1893E+00
   2.6100E+02   2.1319E+00
   2.6200E+02   2.0617E+00
   2.6300E+02   1.9561E+00
   2.6400E+02   1.8513E+00
   2.6500E+02   1.7624E+00
   2.6600E+02   1.6773E+00
   2.6700E+02   1.6175E+00
   2.6800E+02   1.5929E+00
   2.6900E+02   1.6078E+00
   2.7000E+02   1.6782E+00
   2.7100E+02   1.7730E+00
   2.7200E+02   1.9238E+00
   2.7300E+02   2.0598E+00
   2.7400E+02   2.1696E+00
   2.7500E+02   2.2172E+00
   2.7600E+02   2.2142E+00
   2.7700E+02   2.1595E+00
   2.7800E+02   2.0196E+00
   2.7900E+02   1.8028E+00
   2.8000E+02   1.5318E+00
   2.8100E+02   1.3154E+00
   2.8200E+02   1.2639E+00
   2.8300E+02   1.3817E+00
   2.8400E+02   1.6376E+00
   2.8500E+02   1.8896E+00
   2.8600E+02   1.9989E+00
   2.8700E+02   1.9938E+00
   2.8800E+02   1.8654E+00
   2.8900E+02   1.7722E+00
   2.9000E+02   1.7168E+00
   2.9100E+02   1.7228E+00
   2.9200E+02   1.7800E+00
   2.9300E+02   1.8248E+00
   2.9400E+02   1.8480E+00
   2.9500E+02   1.8572E+00
   2.9600E+02   1.8441E+00
   2.9700E+02   1.8046E+00
   2.9800E+02   1.7275E+00
   2.9900E+02   1.6170E+00
   3.0000E+02   1.4746E+00
   3.0100E+02   1.3983E+00
   3.0200E+02   1.3384E+00
   3.0300E+02   1.3311E+00
   3.0400E+02   1.3599E+00
   3.0500E+02   1.4163E+00
   3.0600E+02   1.5206E+00
   3.0700E+02   1.7027E+00
   3.0800E+02   1.8097E+00
   3.0900E+02   1.8754E+00
   3.1000E+02   1.8541E+00
   3.1100E+02   1.7417E+00
   3.1200E+02   1.6092E+00
   3.1300E+02   1.5957E+00
   3.1400E+02   1.6987E+00
   3.1400E+02   1.0000E+00
   3.1400E+02   1.6606E+00
   3.1500E+02   1.8345E+00
   3.1600E+02   2.0311E+00
   3.1700E+02   2.1227E+00
   3.1800E+02   2.1168E+00
   3.1900E+02   2.0108E+00
   3.2000E+02   1.8999E+00
   3.2100E+02   1.8134E+00
   3.2200E+02   1.7806E+00
   3.2300E+02   1.7665E+00
   3.2400E+02   1.7292E+00
   3.2500E+02   1.6462E+00
   3.2600E+02   1.5129E+00
   3.2700E+02   1.3203E+00
   3.2800E+02   1.1640E+00
   3.2900E+02   1.1069E+00
   3.3000E+02   1.1351E+00
   3.3100E+02   1.2076E+00
   3.3200E+02   1.2680E+00
   3.3300E+02   1.2738E+00
   3.3400E+02   1.2202E+00
   3.3500E+02   1.1102E+00
   3.3600E+02   1.0218E+00
   3.3700E+02   9.6393E-01
   3.3800E+02   9.1185E-01
   3.3900E+02   8.8922E-01
   3.4000E+02   9.0204E-01
   3.4100E+02   9.5865E-01
   3.4100E+02   1.0000E+00
   3.4100E+02   9.4362E-01
   3.4200E+02   1.0273E+00
   3.4300E+02   1.1385E+00
   3.4400E+02   1.1900E+00
   3.4500E+02   1.1875E+00
   3.4600E+02   1.1393E+00
   3.4700E+02   1.0748E+00
   3.4800E+02   1.1307E+00
   3.4900E+02   1.2792E+00
   3.5000E+02   1.5046E+00
   3.5100E+02   1.7655E+00
   3.5200E+02   1.8800E+00
   3.5300E+02   1.8257E+00
   3.5400E+02   1.6283E+00
   3.5500E+02   1.3816E+00
   3.5600E+02   1.2117E+00
   3.5700E+02   1.1658E+00
   3.5800E+02   1.2200E+00
   3.5900E+02   1.2840E+00
   3.6000E+02   1.2960E+00
   3.6100E+02   1.2563E+00
   3.6200E+02   1.1666E+00
   3.6300E+02   1.1077E+00
   3.6400E+02   1.1151E+00
   3.6500E+02   1.1862E+00
   3.6600E+02   1.2750E+00
   3.6700E+02   1.3345E+00
   3.6800E+02   1.2631E+00
   3.6900E+02   1.0959E+00
   3.6900E+02   1.0000E+00
   3.6900E+02   1.1414E+00
   3.7000E+02   8.8671E-01
   3.7100E+02   7.0126E-01
   3.7200E+02   6.5572E-01
   3.7300E+02   7.6277E-01
   3.7400E+02   9.6431E-01
   3.7500E+02   1.1354E+00
   3.7600E+02   1.2410E+00
   3.7700E+02   1.2661E+00
   3.7800E+02   1.2329E+00
   3.7900E+02   1.2079E+00
   3.8000E+02   1.2094E+00
   3.8100E+02   1.2275E+00
   3.8200E+02   1.2513E+00
   3.8300E+02   1.2328E+00
   3.8400E+02   1.1453E+00
   3.8500E+02   1.0402E+00
   3.8500E+02   1.0000E+00
   3.8500E+02   1.0663E+00
   3.8600E+02   9.2604E-01
   3.8700E+02   8.1353E-01
   3.8800E+02   7.6838E-01
   3.8900E+02   7.6047E-01
   3.9000E+02   7.9586E-01
   3.9100E+02   8.7005E-01
   3.9200E+02   9.2032E-01
   3.9200E+02   1.0000E+00
   3.9200E+02   9.0917E-01
   3.9300E+02   1.0050E+00
   3.9400E+02   1.1211E+00
   3.9500E+02   1.2237E+00
   3.9600E+02   1.2922E+00
   3.9700E+02   1.3341E+00
   3.9800E+02   1.3450E+00
   3.9900E+02   1.3243E+00
   4.0000E+02   1.2765E+00
   4.0100E+02   1.1808E+00
   4.0200E+02   1.0933E+00
   4.0300E+02   1.0516E+00
   4.0400E+02   1.0646E+00
   4.0500E+02   1.1407E+00
   4.0600E+02   1.1852E+00
   4.0700E+02   1.2045E+00
   4.0800E+02   1.1801E+00
   4.0900E+02   1.1167E+00
   4.1000E+02   1.0837E+00
   4.1000E+02   1.0000E+00
   4.1000E+02   1.0888E+00
   4.1000E+02   1.0000E+00
   4.1000E+02   1.0000E+00
   4.1000E+02   1.0000E+00
   4.1000E+02   1.0888E+00
   4.1000E+02   1.0000E+00
   4.1000E+02   1.0888E+00
   4.1100E+02   1.0093E+00
   4.1100E+02   1.0000E+00
   4.1100E+02   1.0145E+00
   4.1200E+02   9.1609E-01
   4.1300E+02   8.1743E-01
   4.1400E+02   7.6979E-01
   4.1500E+02   7.6544E-01
   4.1600E+02   8.0528E-01
   4.1700E+02   8.9628E-01
   4.1800E+02   9.6347E-01
   4.1900E+02   9.8381E-01
   4.2000E+02   9.6801E-01
   4.2100E+02   9.2953E-01
   4.2200E+02   9.4413E-01
   4.2200E+02   1.0000E+00
   4.2200E+02   9.2997E-01
   4.2300E+02   9.8693E-01
   4.2400E+02   1.0858E+00
   4.2500E+02   1.2103E+00
   4.2600E+02   1.2959E+00
   4.2700E+02   1.3171E+00
   4.2800E+02   1.2734E+00
   4.2900E+02   1.2386E+00
   4.3000E+02   1.2160E+00
   4.3100E+02   1.2419E+00
   4.3200E+02   1.2735E+00
   4.3300E+02   1.3240E+00
   4.3400E+02   1.3050E+00
   4.3500E+02   1.1852E+00
   4.3600E+02   1.0262E+00
   4.3600E+02   1.0000E+00
   4.3600E+02   1.0632E+00
   4.3700E+02   8.9756E-01
   4.3800E+02   8.5006E-01
   4.3900E+02   9.5209E-01
   4.3900E+02   1.0000E+00
   4.3900E+02   9.0101E-01
   4.4000E+02   1.0686E+00
   4.4100E+02   1.2402E+00
   4.4200E+02   1.3161E+00
   4.4300E+02   1.2724E+00
   4.4400E+02   1.1686E+00
   4.4500E+02   1.0569E+00
   4.4600E+02   1.0523E+00
   4.4700E+02   1.1507E+00
   4.4800E+02   1.3408E+00
   4.4900E+02   1.4793E+00
   4.5000E+02   1.5200E+00
   4.5100E+02   1.4592E+00
   4.5200E+02   1.3113E+00
   4.5300E+02   1.1881E+00
   4.5400E+02   1.1788E+00
   4.5500E+02   1.2873E+00
   4.5600E+02   1.4244E+00
   4.5700E+02   1.5481E+00
   4.5800E+02   1.5997E+00
   4.5900E+02   1.5629E+00
   4.6000E+02   1.4617E+00
   4.6100E+02   1.3724E+00
   4.6200E+02   1.2542E+00
   4.6300E+02   1.1694E+00
   4.6400E+02   1.0661E+00
   4.6500E+02   1.0091E+00
   4.6500E+02   1.0000E+00
   4.6500E+02   1.0141E+00
   4.6600E+02   9.8644E-01
   4.6600E+02   1.0000E+00
   4.6600E+02   9.8667E-01
   4.6700E+02   9.9900E-01
   4.6700E+02   1.0000E+00
   4.6700E+02   9.9477E-01
   4.6800E+02   1.0368E+00
   4.6900E+02   1.0873E+00
   4.7000E+02   1.1317E+00
   4.7100E+02   1.1945E+00
   4.7200E+02   1.2235E+00
   4.7300E+02   1.2474E+00
   4.7400E+02   1.2432E+00
   4.7500E+02   1.2307E+00
   4.7600E+02   1.2045E+00
   4.7700E+02   1.1867E+00
   4.7800E+02   1.1864E+00
   4.7900E+02   1.1941E+00
   4.8000E+02   1.2156E+00
   4.8100E+02   1.3038E+00
   4.8200E+02   1.3572E+00
   4.8200E+02   1.0000E+00
   4.8200E+02   1.3149E+00
   4.8300E+02   1.3984E+00
   4.8400E+02   1.4768E+00
   4.8500E+02   1.5186E+00
   4.8600E+02   1.5184E+00
   4.8700E+02   1.5031E+00
   4.8800E+02   1.4449E+00
   4.8900E+02   1.4003E+00
   4.9000E+02   1.3154E+00
   4.9100E+02   1.2094E+00
   4.9200E+02   1.1489E+00
   4.9300E+02   1.1516E+00
   4.9400E+02   1.2153E+00
   4.9500E+02   1.3199E+00
   4.9600E+02   1.4050E+00
   4.9700E+02   1.4380E+00
   4.9800E+02   1.4136E+00
   4.9900E+02   1.3366E+00
   5.0000E+02   1.2491E+00
   5.0100E+02   1.2019E+00
   5.0200E+02   1.1411E+00
   5.0300E+02   1.0806E+00
   5.0400E+02   1.0587E+00
   5.0500E+02   1.0087E+00
   5.0500E+02   1.0000E+00
   5.0500E+02   1.0199E+00
   5.0500E+02   1.0000E+00
   5.0500E+02   1.0000E+00
   5.0500E+02   1.0000E+00
   5.0500E+02   1.0199E+00
   5.0600E+02   9.8167E-01
   5.0700E+02   9.5474E-01
   5.0800E+02   9.8072E-01
   5.0800E+02   1.0000E+00
   5.0800E+02   9.7179E-01
   5.0800E+02   1.0000E+00
   5.0800E+02   9.7179E-01
   5.0800E+02   1.0000E+00
   5.0800E+02   9.7179E-01
   5.0800E+02   1.0000E+00
   5.0800E+02   9.7179E-01
