   0.0000E+00   1.0000E+00
   0.0000E+00   5.9984E-01
   1.0000E+00   5.9998E-01
   2.0000E+00   6.0448E-01
   3.0000E+00   6.1486E-01
   4.0000E+00   6.2980E-01
   5.0000E+00   6.5578E-01
   6.0000E+00   6.7828E-01
   7.0000E+00   6.7990E-01
   8.0000E+00   6.4931E-01
   9.0000E+00   5.9883E-01
   1.0000E+01   5.2073E-01
   1.1000E+01   4.4891E-01
   1.2000E+01   3.8653E-01
   1.3000E+01   3.4180E-01
   1.4000E+01   3.2404E-01
   1.5000E+01   3.7115E-01
   1.6000E+01   4.9203E-01
   1.7000E+01   6.8660E-01
   1.8000E+01   8.9489E-01
   1.9000E+01   9.8038E-01
   2.0000E+01   9.3279E-01
   2.1000E+01   7.5953E-01
   2.2000E+01   5.3337E-01
   2.3000E+01   3.9669E-01
   2.4000E+01   3.5736E-01
   2.5000E+01   4.1172E-01
   2.6000E+01   4.9726E-01
   2.7000E+01   5.4158E-01
   2.8000E+01   5.4059E-01
   2.9000E+01   4.9782E-01
   3.0000E+01   4.6400E-01
   3.1000E+01   4.8634E-01
   3.2000E+01   5.6073E-01
   3.3000E+01   6.9479E-01
   3.4000E+01   8.0067E-01
   3.5000E+01   8.4118E-01
   3.6000E+01   8.1754E-01
   3.7000E+01   7.3301E-01
   3.8000E+01   6.8294E-01
   3.9000E+01   7.1109E-01
   4.0000E+01   8.1438E-01
   4.1000E+01   9.8185E-01
   4.2000E+01   1.0772E+00
   4.3000E+01   1.0513E+00
   4.4000E+01   9.0210E-01
   4.5000E+01   6.6698E-01
   4.6000E+01   5.7401E-01
   4.7000E+01   6.8775E-01
   4.8000E+01   9.9668E-01
   4.9000E+01   1.4612E+00
   5.0000E+01   1.7665E+00
   5.1000E+01   1.8710E+00
   5.2000E+01   1.7689E+00
   5.3000E+01   1.5119E+00
   5.4000E+01   1.2906E+00
   5.5000E+01   1.1210E+00
   5.6000E+01   1.0091E+00
   5.7000E+01   9.5430E-01
   5.8000E+01   9.5229E-01
   5.9000E+01   1.0013E+00
   6.0000E+01   1.1085E+00
   6.1000E+01   1.2389E+00
   6.2000E+01   1.3484E+00
   6.3000E+01   1.4359E+00
   6.4000E+01   1.5014E+00
   6.5000E+01   1.5094E+00
   6.6000E+01   1.4049E+00
   6.7000E+01   1.1929E+00
   6.8000E+01   8.6668E-01
   6.9000E+01   5.8257E-01
   7.0000E+01   5.0103E-01
   7.1000E+01   6.2254E-01
   7.2000E+01   9.4845E-01
   7.3000E+01   1.2817E+00
   7.4000E+01   1.4728E+00
   7.5000E+01   1.5299E+00
   7.6000E+01   1.4516E+00
   7.7000E+01   1.3083E+00
   7.8000E+01   1.1401E+00
   7.9000E+01   9.4398E-01
   8.0000E+01   7.2349E-01
   8.1000E+01   5.5240E-01
   8.2000E+01   4.4960E-01
   8.3000E+01   4.1809E-01
   8.4000E+01   4.5209E-01
   8.5000E+01   4.9731E-01
   8.6000E+01   5.2841E-01
   8.7000E+01   5.5106E-01
   8.8000E+01   5.6911E-01
   8.9000E+01   5.9522E-01
   9.0000E+01   6.3491E-01
   9.1000E+01   6.9198E-01
   9.2000E+01   7.5373E-01
   9.3000E+01   7.9682E-01
   9.4000E+01   8.1967E-01
   9.5000E+01   8.2289E-01
   9.6000E+01   8.0982E-01
   9.7000E+01   8.0161E-01
   9.8000E+01   7.9685E-01
   9.9000E+01   7.9737E-01
   1.0000E+02   8.0430E-01
   1.0100E+02   8.2477E-01
   1.0200E+02   8.5567E-01
   1.0300E+02   9.0213E-01
   1.0400E+02   9.4525E-01
   1.0500E+02   9.8093E-01
   1.0600E+02   1.0008E+00
   1.0700E+02   1.0084E+00
   1.0800E+02   1.0076E+00
   1.0900E+02   1.0064E+00
   1.1000E+02   1.0031E+00
   1.1100E+02   1.0009E+00
   1.1200E+02   1.0162E+00
   1.1300E+02   1.0572E+00
   1.1400E+02   1.1305E+00
   1.1500E+02   1.2411E+00
   1.1600E+02   1.3195E+00
   1.1700E+02   1.3528E+00
   1.1800E+02   1.3341E+00
   1.1900E+02   1.2629E+00
   1.2000E+02   1.2341E+00
   1.2100E+02   1.2742E+00
   1.2200E+02   1.3871E+00
   1.2300E+02   1.5572E+00
   1.2400E+02   1.6380E+00
   1.2500E+02   1.5713E+00
   1.2600E+02   1.3624E+00
   1.2700E+02   1.0219E+00
   1.2800E+02   7.3889E-01
   1.2900E+02   5.4526E-01
   1.3000E+02   4.4554E-01
   1.3100E+02   4.4001E-01
   1.3200E+02   5.1477E-01
   1.3300E+02   6.7524E-01
   1.3400E+02   9.1425E-01
   1.3500E+02   1.2027E+00
   1.3600E+02   1.4009E+00
   1.3700E+02   1.4957E+00
   1.3800E+02   1.4816E+00
   1.3900E+02   1.3902E+00
   1.4000E+02   1.2870E+00
   1.4100E+02   1.1786E+00
   1.4200E+02   1.0739E+00
   1.4300E+02   9.9582E-01
   1.4400E+02   1.0119E+00
   1.4500E+02   1.1239E+00
   1.4600E+02   1.3351E+00
   1.4700E+02   1.5711E+00
   1.4800E+02   1.7150E+00
   1.4900E+02   1.7674E+00
   1.5000E+02   1.7255E+00
   1.5100E+02   1.6351E+00
   1.5200E+02   1.5524E+00
   1.5300E+02   1.4673E+00
   1.5300E+02   1.0000E+00
   1.5300E+02   1.4707E+00
   1.5400E+02   1.3907E+00
   1.5500E+02   1.3171E+00
   1.5600E+02   1.2771E+00
   1.5700E+02   1.2648E+00
   1.5800E+02   1.2709E+00
   1.5900E+02   1.2774E+00
   1.6000E+02   1.2758E+00
   1.6100E+02   1.2640E+00
   1.6200E+02   1.2435E+00
   1.6300E+02   1.2169E+00
   1.6400E+02   1.1868E+00
   1.6500E+02   1.1700E+00
   1.6600E+02   1.1355E+00
   1.6700E+02   1.1217E+00
   1.6800E+02   1.1102E+00
   1.6900E+02   1.0992E+00
   1.7000E+02   1.0929E+00
   1.7100E+02   1.0943E+00
   1.7200E+02   1.1035E+00
   1.7300E+02   1.1205E+00
   1.7400E+02   1.1539E+00
   1.7500E+02   1.1732E+00
   1.7600E+02   1.1882E+00
   1.7700E+02   1.1918E+00
   1.7800E+02   1.2014E+00
   1.7900E+02   1.2193E+00
   1.8000E+02   1.2752E+00
   1.8100E+02   1.3386E+00
   1.8200E+02   1.3924E+00
   1.8300E+02   1.4352E+00
   1.8400E+02   1.4783E+00
   1.8500E+02   1.4920E+00
   1.8600E+02   1.4815E+00
   1.8700E+02   1.4308E+00
   1.8800E+02   1.3372E+00
   1.8900E+02   1.1655E+00
   1.9000E+02   1.0334E+00
   1.9100E+02   9.4680E-01
   1.9200E+02   8.9564E-01
   1.9300E+02   8.9349E-01
   1.9400E+02   9.4086E-01
   1.9400E+02   1.0000E+00
   1.9400E+02   9.3750E-01
   1.9500E+02   1.0400E+00
   1.9600E+02   1.2133E+00
   1.9700E+02   1.3959E+00
   1.9800E+02   1.5566E+00
   1.9900E+02   1.5656E+00
   2.0000E+02   1.4553E+00
   2.0100E+02   1.2535E+00
   2.0200E+02   1.0417E+00
   2.0300E+02   9.5011E-01
   2.0400E+02   9.4090E-01
   2.0500E+02   1.0149E+00
   2.0600E+02   1.1076E+00
   2.0700E+02   1.1998E+00
   2.0800E+02   1.2768E+00
   2.0900E+02   1.3796E+00
   2.1000E+02   1.4334E+00
   2.1100E+02   1.5404E+00
   2.1200E+02   1.6595E+00
   2.1300E+02   1.7400E+00
   2.1400E+02   1.7617E+00
   2.1500E+02   1.6894E+00
   2.1600E+02   1.5360E+00
   2.1700E+02   1.3362E+00
   2.1800E+02   1.1836E+00
   2.1900E+02   1.1335E+00
   2.2000E+02   1.1852E+00
   2.2100E+02   1.2595E+00
   2.2200E+02   1.3212E+00
   2.2300E+02   1.3702E+00
   2.2400E+02   1.3999E+00
   2.2500E+02   1.4235E+00
   2.2600E+02   1.4294E+00
   2.2700E+02   1.4273E+00
   2.2700E+02   1.0000E+00
   2.2700E+02   1.4287E+00
   2.2800E+02   1.4102E+00
   2.2900E+02   1.3902E+00
   2.3000E+02   1.3262E+00
   2.3100E+02   1.2265E+00
   2.3200E+02   1.1139E+00
   2.3300E+02   1.0121E+00
   2.3400E+02   9.5302E-01
   2.3500E+02   9.3729E-01
   2.3600E+02   9.6913E-01
   2.3600E+02   1.0000E+00
   2.3600E+02   9.6407E-01
   2.3700E+02   1.0556E+00
   2.3800E+02   1.2185E+00
   2.3900E+02   1.4284E+00
   2.4000E+02   1.7069E+00
   2.4100E+02   1.9125E+00
   2.4200E+02   1.9327E+00
   2.4300E+02   1.7884E+00
   2.4400E+02   1.4759E+00
   2.4500E+02   1.2014E+00
   2.4600E+02   1.0973E+00
   2.4700E+02   1.1211E+00
   2.4800E+02   1.2778E+00
   2.4900E+02   1.3910E+00
   2.5000E+02   1.4035E+00
   2.5100E+02   1.3382E+00
   2.5200E+02   1.2006E+00
   2.5300E+02   1.0863E+00
   2.5400E+02   1.0273E+00
   2.5500E+02   1.0082E+00
   2.5600E+02   1.0216E+00
   2.5700E+02   1.0439E+00
   2.5800E+02   1.0694E+00
   2.5900E+02   1.0888E+00
   2.6000E+02   1.1279E+00
   2.6100E+02   1.2669E+00
   2.6200E+02   1.4633E+00
   2.6300E+02   1.7651E+00
   2.6400E+02   2.0931E+00
   2.6500E+02   2.1984E+00
   2.6600E+02   2.0878E+00
   2.6700E+02   1.7627E+00
   2.6800E+02   1.3401E+00
   2.6900E+02   1.0493E+00
   2.7000E+02   9.2424E-01
   2.7100E+02   9.4734E-01
   2.7200E+02   1.0299E+00
   2.7300E+02   1.0420E+00
   2.7300E+02   1.0000E+00
   2.7300E+02   1.0421E+00
   2.7400E+02   9.8984E-01
   2.7500E+02   8.5143E-01
   2.7600E+02   7.3503E-01
   2.7700E+02   6.6851E-01
   2.7800E+02   6.6161E-01
   2.7900E+02   7.1452E-01
   2.8000E+02   8.0669E-01
   2.8100E+02   8.8336E-01
   2.8200E+02   9.9693E-01
   2.8200E+02   1.0000E+00
   2.8200E+02   9.7336E-01
   2.8300E+02   1.1018E+00
   2.8400E+02   1.1826E+00
   2.8500E+02   1.1898E+00
   2.8600E+02   1.1287E+00
   2.8600E+02   1.0000E+00
   2.8600E+02   1.1329E+00
   2.8700E+02   1.0074E+00
   2.8800E+02   9.1326E-01
   2.8900E+02   8.8026E-01
   2.9000E+02   9.2280E-01
   2.9100E+02   9.8826E-01
   2.9200E+02   1.0489E+00
   2.9300E+02   1.0616E+00
   2.9400E+02   1.0296E+00
   2.9400E+02   1.0000E+00
   2.9400E+02   1.0331E+00
   2.9500E+02   9.5800E-01
   2.9600E+02   8.5820E-01
   2.9700E+02   7.1087E-01
   2.9800E+02   6.0617E-01
   2.9800E+02   1.0000E+00
   2.9800E+02   6.1256E-01
   2.9900E+02   4.5789E-01
   3.0000E+02   3.8323E-01
   3.0100E+02   4.0474E-01
   3.0200E+02   5.0603E-01
   3.0200E+02   1.0000E+00
   3.0200E+02   4.6482E-01
   3.0300E+02   6.0086E-01
   3.0400E+02   7.4490E-01
   3.0500E+02   8.9199E-01
   3.0600E+02   1.0278E+00
   3.0700E+02   1.1647E+00
   3.0800E+02   1.2169E+00
   3.0900E+02   1.2091E+00
   3.1000E+02   1.1505E+00
   3.1100E+02   1.0724E+00
   3.1200E+02   9.7014E-01
   3.1300E+02   8.4714E-01
   3.1400E+02   7.5199E-01
   3.1500E+02   6.5291E-01
   3.1600E+02   6.1610E-01
   3.1700E+02   6.2779E-01
   3.1800E+02   7.0826E-01
   3.1900E+02   7.7973E-01
   3.2000E+02   8.3626E-01
   3.2100E+02   8.9401E-01
   3.2200E+02   9.5640E-01
   3.2200E+02   1.0000E+00
   3.2200E+02   9.4427E-01
   3.2300E+02   1.0085E+00
   3.2400E+02   1.1095E+00
   3.2500E+02   1.2041E+00
   3.2600E+02   1.3379E+00
   3.2700E+02   1.3946E+00
   3.2800E+02   1.3569E+00
   3.2900E+02   1.2331E+00
   3.3000E+02   1.0558E+00
   3.3100E+02   9.2590E-01
   3.3200E+02   8.8425E-01
   3.3300E+02   9.5005E-01
   3.3300E+02   1.0000E+00
   3.3300E+02   9.2360E-01
   3.3400E+02   1.0504E+00
   3.3500E+02   1.0962E+00
   3.3600E+02   1.0580E+00
   3.3600E+02   1.0000E+00
   3.3600E+02   1.0617E+00
   3.3700E+02   9.2581E-01
   3.3800E+02   7.2879E-01
   3.3900E+02   5.8633E-01
   3.4000E+02   4.9412E-01
   3.4100E+02   4.8525E-01
   3.4200E+02   5.1342E-01
   3.4300E+02   5.8310E-01
   3.4300E+02   1.0000E+00
   3.4300E+02   5.6595E-01
   3.4300E+02   1.0000E+00
   3.4300E+02   5.6595E-01
   3.4300E+02   1.0000E+00
   3.4300E+02   1.0000E+00
   3.4300E+02   5.6595E-01
   3.4300E+02   1.0000E+00
   3.4300E+02   5.6595E-01
   3.4300E+02   1.0000E+00
   3.4300E+02   5.6595E-01
   3.4400E+02   6.3339E-01
   3.4400E+02   1.0000E+00
   3.4400E+02   6.3339E-01
   3.4500E+02   7.1563E-01
   3.4500E+02   1.0000E+00
   3.4500E+02   7.1563E-01
   3.4600E+02   8.3246E-01
   3.4700E+02   9.1733E-01
   3.4700E+02   1.0000E+00
   3.4700E+02   8.9682E-01
   3.4800E+02   9.9677E-01
   3.4800E+02   1.0000E+00
   3.4800E+02   9.8121E-01
   3.4900E+02   1.0663E+00
   3.5000E+02   1.1329E+00
   3.5100E+02   1.1511E+00
   3.5200E+02   1.1180E+00
   3.5300E+02   1.0527E+00
   3.5400E+02   1.0170E+00
   3.5500E+02   9.8770E-01
   3.5600E+02   9.9261E-01
   3.5700E+02   1.0360E+00
   3.5800E+02   1.0585E+00
   3.5900E+02   1.0045E+00
   3.5900E+02   1.0000E+00
   3.5900E+02   1.0225E+00
   3.6000E+02   9.1869E-01
   3.6100E+02   7.5401E-01
   3.6200E+02   6.0157E-01
   3.6300E+02   5.4435E-01
   3.6400E+02   5.5800E-01
   3.6400E+02   1.0000E+00
   3.6400E+02   5.5481E-01
   3.6500E+02   6.4828E-01
   3.6600E+02   7.2281E-01
   3.6700E+02   7.4837E-01
   3.6800E+02   7.3157E-01
   3.6900E+02   6.6974E-01
   3.7000E+02   6.0525E-01
   3.7000E+02   1.0000E+00
   3.7000E+02   6.0682E-01
   3.7000E+02   1.0000E+00
   3.7000E+02   6.0682E-01
   3.7100E+02   5.3658E-01
   3.7200E+02   4.7352E-01
   3.7300E+02   4.7352E-01
   3.7400E+02   4.3832E-01
   3.7400E+02   1.0000E+00
   3.7400E+02   4.6016E-01
   3.7400E+02   1.0000E+00
   3.7400E+02   4.6016E-01
   3.7500E+02   4.1865E-01
   3.7600E+02   4.0292E-01
   3.7700E+02   4.0695E-01
   3.7800E+02   4.8870E-01
   3.7800E+02   1.0000E+00
   3.7800E+02   4.7027E-01
   3.7800E+02   1.0000E+00
   3.7800E+02   4.7027E-01
   3.7900E+02   6.2386E-01
   3.7900E+02   1.0000E+00
   3.7900E+02   6.2386E-01
   3.8000E+02   8.6589E-01
   3.8000E+02   1.0000E+00
   3.8000E+02   8.6589E-01
   3.8100E+02   1.1641E+00
   3.8200E+02   1.3169E+00
   3.8300E+02   1.2953E+00
   3.8400E+02   1.1183E+00
   3.8500E+02   8.4371E-01
   3.8600E+02   6.3960E-01
   3.8700E+02   5.6217E-01
   3.8800E+02   5.7861E-01
   3.8800E+02   1.0000E+00
   3.8800E+02   5.7526E-01
   3.8900E+02   6.7721E-01
   3.9000E+02   7.6105E-01
   3.9100E+02   8.6280E-01
   3.9200E+02   9.4548E-01
   3.9300E+02   9.9996E-01
   3.9400E+02   9.9710E-01
   3.9500E+02   9.3460E-01
   3.9600E+02   8.1003E-01
   3.9700E+02   6.9793E-01
   3.9800E+02   6.7136E-01
   3.9900E+02   7.5304E-01
   4.0000E+02   8.9529E-01
   4.0100E+02   1.0158E+00
   4.0200E+02   1.1600E+00
   4.0300E+02   1.2425E+00
   4.0400E+02   1.3074E+00
   4.0500E+02   1.3345E+00
   4.0600E+02   1.3048E+00
   4.0700E+02   1.2439E+00
   4.0800E+02   1.1376E+00
   4.0900E+02   1.0187E+00
   4.0900E+02   1.0000E+00
   4.0900E+02   1.0436E+00
   4.1000E+02   9.4058E-01
   4.1100E+02   8.3419E-01
   4.1200E+02   7.7933E-01
   4.1300E+02   7.5940E-01
   4.1400E+02   8.2559E-01
   4.1500E+02   9.6681E-01
   4.1500E+02   1.0000E+00
   4.1500E+02   9.1558E-01
   4.1600E+02   1.0897E+00
   4.1700E+02   1.1769E+00
   4.1800E+02   1.1602E+00
   4.1800E+02   1.0000E+00
   4.1800E+02   1.1646E+00
   4.1900E+02   1.0403E+00
   4.2000E+02   8.4996E-01
   4.2100E+02   7.3312E-01
   4.2200E+02   7.2164E-01
   4.2300E+02   8.2791E-01
   4.2400E+02   9.5354E-01
   4.2500E+02   1.0058E+00
   4.2600E+02   9.7121E-01
   4.2700E+02   8.4657E-01
   4.2800E+02   6.7946E-01
   4.2900E+02   5.9335E-01
   4.3000E+02   5.9422E-01
   4.3100E+02   6.8498E-01
   4.3200E+02   8.4425E-01
   4.3300E+02   9.5601E-01
   4.3400E+02   1.0260E+00
   4.3500E+02   1.0952E+00
   4.3600E+02   1.1393E+00
   4.3700E+02   1.1953E+00
   4.3800E+02   1.2560E+00
   4.3900E+02   1.3221E+00
   4.4000E+02   1.3714E+00
   4.4100E+02   1.4114E+00
   4.4200E+02   1.4314E+00
   4.4300E+02   1.4275E+00
   4.4400E+02   1.4009E+00
   4.4500E+02   1.3583E+00
   4.4600E+02   1.2782E+00
   4.4700E+02   1.1999E+00
   4.4800E+02   1.1372E+00
   4.4900E+02   1.0883E+00
   4.5000E+02   1.0596E+00
   4.5100E+02   1.0553E+00
   4.5200E+02   1.0434E+00
   4.5300E+02   1.0333E+00
   4.5300E+02   1.0000E+00
   4.5300E+02   1.0336E+00
   4.5300E+02   1.0000E+00
   4.5300E+02   1.0336E+00
   4.5300E+02   1.0000E+00
   4.5300E+02   1.0000E+00
   4.5300E+02   1.0336E+00
   4.5300E+02   1.0000E+00
   4.5300E+02   1.0336E+00
   4.5300E+02   1.0000E+00
   4.5300E+02   1.0336E+00
   4.5400E+02   1.0077E+00
   4.5400E+02   1.0000E+00
   4.5400E+02   1.0077E+00
   4.5400E+02   1.0000E+00
   4.5400E+02   1.0077E+00
