   0.0000E+00   1.0000E+00
   0.0000E+00   1.0189E+00
   1.0000E+00   1.0211E+00
   2.0000E+00   1.1280E+00
   3.0000E+00   1.2701E+00
   4.0000E+00   1.3637E+00
   5.0000E+00   1.3901E+00
   6.0000E+00   1.3539E+00
   7.0000E+00   1.2674E+00
   8.0000E+00   1.1788E+00
   9.0000E+00   1.1091E+00
   1.0000E+01   1.0441E+00
   1.1000E+01   9.9295E-01
   1.2000E+01   9.7350E-01
   1.3000E+01   9.8761E-01
   1.4000E+01   1.0333E+00
   1.5000E+01   1.1068E+00
   1.6000E+01   1.1747E+00
   1.7000E+01   1.2375E+00
   1.8000E+01   1.3039E+00
   1.9000E+01   1.3575E+00
   2.0000E+01   1.3819E+00
   2.1000E+01   1.3760E+00
   2.2000E+01   1.3400E+00
   2.3000E+01   1.2997E+00
   2.4000E+01   1.2856E+00
   2.5000E+01   1.2985E+00
   2.6000E+01   1.3382E+00
   2.7000E+01   1.3653E+00
   2.8000E+01   1.3495E+00
   2.9000E+01   1.2884E+00
   3.0000E+01   1.1880E+00
   3.1000E+01   1.1103E+00
   3.2000E+01   1.1004E+00
   3.3000E+01   1.1603E+00
   3.4000E+01   1.2781E+00
   3.5000E+01   1.3595E+00
   3.6000E+01   1.3590E+00
   3.7000E+01   1.2759E+00
   3.8000E+01   1.1161E+00
   3.9000E+01   9.6309E-01
   4.0000E+01   8.4463E-01
   4.1000E+01   7.6446E-01
   4.2000E+01   7.1876E-01
   4.3000E+01   6.7880E-01
   4.4000E+01   6.4797E-01
   4.5000E+01   6.2266E-01
   4.6000E+01   6.0616E-01
   4.7000E+01   6.1683E-01
   4.8000E+01   6.5964E-01
   4.9000E+01   7.2812E-01
   5.0000E+01   8.3141E-01
   5.1000E+01   9.2905E-01
   5.2000E+01   1.0283E+00
   5.3000E+01   1.1325E+00
   5.4000E+01   1.2295E+00
   5.5000E+01   1.2923E+00
   5.6000E+01   1.3165E+00
   5.7000E+01   1.3032E+00
   5.8000E+01   1.2764E+00
   5.9000E+01   1.2738E+00
   6.0000E+01   1.2963E+00
   6.1000E+01   1.3468E+00
   6.2000E+01   1.3936E+00
   6.3000E+01   1.4061E+00
   6.4000E+01   1.3815E+00
   6.5000E+01   1.3190E+00
   6.6000E+01   1.2570E+00
   6.7000E+01   1.2352E+00
   6.8000E+01   1.2526E+00
   6.9000E+01   1.3080E+00
   7.0000E+01   1.3439E+00
   7.1000E+01   1.3205E+00
   7.2000E+01   1.2366E+00
   7.3000E+01   1.0978E+00
   7.4000E+01   9.9226E-01
   7.5000E+01   9.7170E-01
   7.6000E+01   1.0329E+00
   7.7000E+01   1.1725E+00
   7.8000E+01   1.3015E+00
   7.9000E+01   1.3830E+00
   8.0000E+01   1.4111E+00
   8.1000E+01   1.3948E+00
   8.2000E+01   1.3507E+00
   8.3000E+01   1.2820E+00
   8.4000E+01   1.1903E+00
   8.5000E+01   1.0859E+00
   8.6000E+01   1.0075E+00
   8.7000E+01   9.6697E-01
   8.8000E+01   9.6391E-01
   8.9000E+01   9.8865E-01
   9.0000E+01   9.9834E-01
   9.1000E+01   9.8528E-01
   9.2000E+01   9.6615E-01
   9.3000E+01   9.3970E-01
   9.4000E+01   9.6827E-01
   9.5000E+01   1.0525E+00
   9.6000E+01   1.1992E+00
   9.7000E+01   1.3601E+00
   9.8000E+01   1.4526E+00
   9.9000E+01   1.4619E+00
   1.0000E+02   1.3943E+00
   1.0100E+02   1.2807E+00
   1.0200E+02   1.1791E+00
   1.0300E+02   1.0975E+00
   1.0400E+02   1.0315E+00
   1.0500E+02   1.0240E+00
   1.0600E+02   1.1149E+00
   1.0700E+02   1.2986E+00
   1.0800E+02   1.5900E+00
   1.0900E+02   1.8350E+00
   1.1000E+02   1.9167E+00
   1.1100E+02   1.8300E+00
   1.1200E+02   1.5867E+00
   1.1300E+02   1.3110E+00
   1.1400E+02   1.0993E+00
   1.1500E+02   9.5123E-01
   1.1600E+02   8.6596E-01
   1.1700E+02   8.3927E-01
   1.1800E+02   8.6708E-01
   1.1900E+02   9.5050E-01
   1.2000E+02   1.0809E+00
   1.2100E+02   1.1755E+00
   1.2200E+02   1.1968E+00
   1.2300E+02   1.1518E+00
   1.2400E+02   1.0470E+00
   1.2500E+02   9.7193E-01
   1.2600E+02   9.4809E-01
   1.2700E+02   9.7624E-01
   1.2800E+02   1.0404E+00
   1.2900E+02   1.0776E+00
   1.3000E+02   1.0719E+00
   1.3100E+02   1.0320E+00
   1.3200E+02   9.5774E-01
   1.3300E+02   8.8711E-01
   1.3400E+02   8.3203E-01
   1.3500E+02   7.8280E-01
   1.3600E+02   7.4804E-01
   1.3700E+02   7.3165E-01
   1.3800E+02   7.3482E-01
   1.3900E+02   7.5680E-01
   1.3900E+02   1.0000E+00
   1.3900E+02   7.5580E-01
   1.4000E+02   7.9330E-01
   1.4100E+02   8.3875E-01
   1.4200E+02   8.9594E-01
   1.4300E+02   9.4361E-01
   1.4400E+02   9.8723E-01
   1.4500E+02   9.8576E-01
   1.4600E+02   9.4595E-01
   1.4700E+02   8.6019E-01
   1.4800E+02   8.0649E-01
   1.4900E+02   7.9088E-01
   1.5000E+02   8.4219E-01
   1.5100E+02   9.1444E-01
   1.5200E+02   9.8070E-01
   1.5300E+02   1.0246E+00
   1.5400E+02   1.0284E+00
   1.5500E+02   1.0029E+00
   1.5600E+02   1.0288E+00
   1.5700E+02   1.1723E+00
   1.5800E+02   1.3608E+00
   1.5900E+02   1.6738E+00
   1.6000E+02   1.8550E+00
   1.6100E+02   1.8506E+00
   1.6200E+02   1.6653E+00
   1.6300E+02   1.3273E+00
   1.6400E+02   1.0135E+00
   1.6500E+02   7.8908E-01
   1.6600E+02   6.8350E-01
   1.6700E+02   6.7031E-01
   1.6800E+02   6.9271E-01
   1.6900E+02   7.4749E-01
   1.7000E+02   8.4556E-01
   1.7100E+02   9.0222E-01
   1.7200E+02   9.6706E-01
   1.7300E+02   9.9386E-01
   1.7400E+02   9.8642E-01
   1.7500E+02   9.6072E-01
   1.7600E+02   9.0419E-01
   1.7700E+02   8.4929E-01
   1.7800E+02   7.7672E-01
   1.7900E+02   7.1555E-01
   1.8000E+02   6.7486E-01
   1.8100E+02   6.6942E-01
   1.8200E+02   7.0697E-01
   1.8300E+02   7.3089E-01
   1.8400E+02   7.8704E-01
   1.8500E+02   8.2179E-01
   1.8600E+02   8.9672E-01
   1.8700E+02   9.2663E-01
   1.8800E+02   9.5526E-01
   1.8900E+02   9.5806E-01
   1.9000E+02   9.3928E-01
   1.9100E+02   9.2850E-01
   1.9200E+02   9.2671E-01
   1.9300E+02   9.4513E-01
   1.9400E+02   9.6303E-01
   1.9500E+02   9.8062E-01
   1.9500E+02   1.0000E+00
   1.9500E+02   9.7964E-01
   1.9500E+02   1.0000E+00
   1.9500E+02   9.7964E-01
   1.9500E+02   1.0000E+00
   1.9500E+02   9.7964E-01
   1.9500E+02   1.0000E+00
   1.9500E+02   9.7964E-01
   1.9500E+02   1.0000E+00
   1.9500E+02   9.7964E-01
   1.9500E+02   1.0000E+00
   1.9500E+02   9.7964E-01
   1.9600E+02   1.0023E+00
   1.9600E+02   1.0000E+00
   1.9600E+02   1.0023E+00
   1.9700E+02   1.0229E+00
   1.9700E+02   1.0000E+00
   1.9700E+02   1.0229E+00
   1.9800E+02   1.0413E+00
   1.9900E+02   1.0427E+00
   2.0000E+02   1.0135E+00
   2.0000E+02   1.0000E+00
   2.0000E+02   1.0221E+00
   2.0100E+02   9.7408E-01
   2.0200E+02   9.0815E-01
   2.0300E+02   8.8325E-01
   2.0400E+02   9.1652E-01
   2.0400E+02   1.0000E+00
   2.0400E+02   9.0107E-01
   2.0500E+02   9.7495E-01
   2.0600E+02   1.0928E+00
   2.0700E+02   1.1560E+00
   2.0800E+02   1.1843E+00
   2.0900E+02   1.1398E+00
   2.1000E+02   1.1044E+00
   2.1100E+02   1.1013E+00
   2.1200E+02   1.1954E+00
   2.1300E+02   1.2780E+00
   2.1400E+02   1.4364E+00
   2.1500E+02   1.5033E+00
   2.1600E+02   1.4602E+00
   2.1700E+02   1.3226E+00
   2.1800E+02   1.1093E+00
   2.1900E+02   9.4418E-01
   2.2000E+02   8.3299E-01
   2.2100E+02   7.6450E-01
   2.2200E+02   7.4350E-01
   2.2300E+02   7.4534E-01
   2.2400E+02   7.8471E-01
   2.2500E+02   8.1995E-01
   2.2600E+02   8.4544E-01
   2.2700E+02   8.6454E-01
   2.2800E+02   8.5769E-01
   2.2900E+02   8.2918E-01
   2.3000E+02   8.5063E-01
   2.3100E+02   9.5396E-01
   2.3200E+02   1.1749E+00
   2.3300E+02   1.4560E+00
   2.3400E+02   1.7303E+00
   2.3500E+02   1.8576E+00
   2.3600E+02   1.8427E+00
   2.3700E+02   1.6979E+00
   2.3800E+02   1.5013E+00
   2.3900E+02   1.3831E+00
   2.4000E+02   1.2717E+00
   2.4100E+02   1.1961E+00
   2.4200E+02   1.1723E+00
   2.4300E+02   1.2046E+00
   2.4400E+02   1.2668E+00
   2.4500E+02   1.3829E+00
   2.4600E+02   1.4597E+00
   2.4700E+02   1.4561E+00
   2.4800E+02   1.3987E+00
   2.4900E+02   1.2758E+00
   2.5000E+02   1.2025E+00
   2.5100E+02   1.1944E+00
   2.5200E+02   1.2496E+00
   2.5300E+02   1.3674E+00
   2.5400E+02   1.4261E+00
   2.5500E+02   1.4562E+00
   2.5600E+02   1.4345E+00
   2.5700E+02   1.3972E+00
   2.5800E+02   1.3562E+00
   2.5900E+02   1.3307E+00
   2.6000E+02   1.3188E+00
   2.6100E+02   1.3173E+00
   2.6200E+02   1.3169E+00
   2.6300E+02   1.3186E+00
   2.6400E+02   1.3239E+00
   2.6500E+02   1.3491E+00
   2.6600E+02   1.4234E+00
   2.6700E+02   1.5716E+00
   2.6800E+02   1.7547E+00
   2.6900E+02   1.9035E+00
   2.7000E+02   1.9399E+00
   2.7100E+02   1.8338E+00
   2.7200E+02   1.6710E+00
   2.7300E+02   1.4924E+00
   2.7400E+02   1.5060E+00
   2.7500E+02   1.6790E+00
   2.7600E+02   2.0110E+00
   2.7700E+02   2.2967E+00
   2.7800E+02   2.3884E+00
   2.7900E+02   2.2742E+00
   2.8000E+02   1.9984E+00
   2.8100E+02   1.7165E+00
   2.8200E+02   1.5223E+00
   2.8300E+02   1.4558E+00
   2.8400E+02   1.4784E+00
   2.8500E+02   1.4653E+00
   2.8600E+02   1.4096E+00
   2.8700E+02   1.2664E+00
   2.8800E+02   1.0819E+00
   2.8900E+02   9.7052E-01
   2.9000E+02   9.3668E-01
   2.9100E+02   9.8784E-01
   2.9200E+02   1.1106E+00
   2.9300E+02   1.2440E+00
   2.9400E+02   1.3151E+00
   2.9500E+02   1.3948E+00
   2.9600E+02   1.4211E+00
   2.9700E+02   1.4108E+00
   2.9800E+02   1.3587E+00
   2.9900E+02   1.2539E+00
   3.0000E+02   1.1267E+00
   3.0100E+02   1.0449E+00
   3.0200E+02   1.0204E+00
   3.0300E+02   1.0625E+00
   3.0400E+02   1.1087E+00
   3.0500E+02   1.2567E+00
   3.0600E+02   1.3660E+00
   3.0700E+02   1.6136E+00
   3.0800E+02   1.8081E+00
   3.0900E+02   1.8993E+00
   3.1000E+02   1.8400E+00
   3.1100E+02   1.6942E+00
   3.1200E+02   1.4862E+00
   3.1300E+02   1.3605E+00
   3.1400E+02   1.2993E+00
   3.1500E+02   1.3025E+00
   3.1600E+02   1.3459E+00
   3.1700E+02   1.3993E+00
   3.1800E+02   1.4682E+00
   3.1900E+02   1.5646E+00
   3.2000E+02   1.6040E+00
   3.2100E+02   1.6005E+00
   3.2200E+02   1.5142E+00
   3.2300E+02   1.4328E+00
   3.2400E+02   1.3785E+00
   3.2500E+02   1.4270E+00
   3.2600E+02   1.6116E+00
   3.2700E+02   1.8162E+00
   3.2800E+02   1.9662E+00
   3.2900E+02   1.9605E+00
   3.3000E+02   1.8106E+00
   3.3100E+02   1.5251E+00
   3.3200E+02   1.3059E+00
   3.3300E+02   1.1818E+00
   3.3400E+02   1.1454E+00
   3.3500E+02   1.1867E+00
   3.3600E+02   1.2189E+00
   3.3700E+02   1.2298E+00
   3.3800E+02   1.2208E+00
   3.3900E+02   1.2015E+00
   3.4000E+02   1.2199E+00
   3.4100E+02   1.2589E+00
   3.4200E+02   1.3871E+00
   3.4300E+02   1.4257E+00
   3.4400E+02   1.4645E+00
   3.4500E+02   1.4271E+00
   3.4600E+02   1.3691E+00
   3.4700E+02   1.2608E+00
   3.4800E+02   1.2034E+00
   3.4900E+02   1.1873E+00
   3.5000E+02   1.2110E+00
   3.5100E+02   1.2729E+00
   3.5200E+02   1.3808E+00
   3.5300E+02   1.4483E+00
   3.5400E+02   1.6017E+00
   3.5500E+02   1.7255E+00
   3.5600E+02   1.8073E+00
   3.5700E+02   1.8719E+00
   3.5800E+02   1.8877E+00
   3.5900E+02   1.8709E+00
   3.6000E+02   1.8005E+00
   3.6100E+02   1.7119E+00
   3.6200E+02   1.5764E+00
   3.6300E+02   1.4864E+00
   3.6400E+02   1.4734E+00
   3.6500E+02   1.5543E+00
   3.6600E+02   1.6884E+00
   3.6700E+02   1.7924E+00
   3.6800E+02   1.8650E+00
   3.6900E+02   1.8972E+00
   3.7000E+02   1.8873E+00
   3.7100E+02   1.8632E+00
   3.7200E+02   1.8210E+00
   3.7300E+02   1.7880E+00
   3.7400E+02   1.7380E+00
   3.7500E+02   1.7164E+00
   3.7600E+02   1.7295E+00
   3.7700E+02   1.7724E+00
   3.7800E+02   1.8268E+00
   3.7900E+02   1.8190E+00
   3.8000E+02   1.7500E+00
   3.8100E+02   1.6034E+00
   3.8200E+02   1.4204E+00
   3.8300E+02   1.3317E+00
   3.8400E+02   1.3130E+00
   3.8500E+02   1.3719E+00
   3.8600E+02   1.4708E+00
   3.8700E+02   1.4991E+00
   3.8800E+02   1.4451E+00
   3.8900E+02   1.3274E+00
   3.9000E+02   1.1810E+00
   3.9100E+02   1.1227E+00
   3.9200E+02   1.1615E+00
   3.9300E+02   1.2710E+00
   3.9400E+02   1.3958E+00
   3.9500E+02   1.4766E+00
   3.9600E+02   1.5342E+00
   3.9700E+02   1.5602E+00
   3.9800E+02   1.5616E+00
   3.9900E+02   1.5524E+00
   4.0000E+02   1.5263E+00
   4.0100E+02   1.4944E+00
   4.0200E+02   1.4522E+00
   4.0200E+02   1.0000E+00
   4.0200E+02   1.4611E+00
   4.0300E+02   1.4023E+00
   4.0400E+02   1.3298E+00
   4.0500E+02   1.2560E+00
   4.0600E+02   1.2274E+00
   4.0700E+02   1.2885E+00
   4.0800E+02   1.3846E+00
   4.0900E+02   1.5434E+00
   4.1000E+02   1.6563E+00
   4.1100E+02   1.6648E+00
   4.1200E+02   1.5833E+00
   4.1300E+02   1.4227E+00
   4.1400E+02   1.3549E+00
   4.1500E+02   1.4180E+00
   4.1600E+02   1.6282E+00
   4.1700E+02   1.9101E+00
   4.1800E+02   2.1132E+00
   4.1900E+02   2.1836E+00
   4.2000E+02   2.1262E+00
   4.2100E+02   1.9574E+00
   4.2200E+02   1.8284E+00
   4.2300E+02   1.7248E+00
   4.2400E+02   1.6468E+00
   4.2500E+02   1.5752E+00
   4.2600E+02   1.5463E+00
   4.2700E+02   1.5310E+00
   4.2800E+02   1.5416E+00
   4.2900E+02   1.5575E+00
   4.3000E+02   1.5613E+00
   4.3100E+02   1.5536E+00
   4.3200E+02   1.5397E+00
   4.3300E+02   1.4930E+00
   4.3400E+02   1.3746E+00
   4.3500E+02   1.1856E+00
   4.3600E+02   9.2570E-01
   4.3700E+02   6.8528E-01
   4.3800E+02   5.8059E-01
   4.3900E+02   5.8950E-01
   4.3900E+02   1.0000E+00
   4.3900E+02   5.8642E-01
   4.4000E+02   7.3210E-01
   4.4100E+02   9.1751E-01
   4.4200E+02   1.1160E+00
   4.4300E+02   1.3411E+00
   4.4400E+02   1.5750E+00
   4.4500E+02   1.7631E+00
   4.4600E+02   1.8135E+00
   4.4700E+02   1.7596E+00
   4.4800E+02   1.5873E+00
   4.4900E+02   1.4714E+00
   4.5000E+02   1.4400E+00
   4.5100E+02   1.5257E+00
   4.5200E+02   1.6303E+00
   4.5300E+02   1.7214E+00
   4.5400E+02   1.7235E+00
   4.5500E+02   1.6151E+00
   4.5600E+02   1.4786E+00
   4.5700E+02   1.3782E+00
   4.5800E+02   1.3146E+00
   4.5900E+02   1.3108E+00
   4.6000E+02   1.3384E+00
   4.6100E+02   1.3585E+00
   4.6200E+02   1.3480E+00
   4.6300E+02   1.3331E+00
   4.6400E+02   1.3243E+00
   4.6500E+02   1.4081E+00
   4.6600E+02   1.6057E+00
   4.6700E+02   1.9107E+00
   4.6800E+02   2.2445E+00
   4.6900E+02   2.3621E+00
   4.7000E+02   2.2585E+00
   4.7100E+02   1.9372E+00
   4.7200E+02   1.5324E+00
   4.7300E+02   1.2404E+00
   4.7400E+02   1.0956E+00
   4.7500E+02   1.0995E+00
   4.7600E+02   1.1707E+00
   4.7700E+02   1.2398E+00
   4.7800E+02   1.3277E+00
   4.7900E+02   1.3941E+00
   4.8000E+02   1.4718E+00
   4.8100E+02   1.5096E+00
   4.8200E+02   1.5206E+00
   4.8300E+02   1.5070E+00
   4.8400E+02   1.4998E+00
   4.8500E+02   1.4988E+00
   4.8600E+02   1.5165E+00
   4.8700E+02   1.5274E+00
   4.8800E+02   1.5159E+00
   4.8900E+02   1.4817E+00
   4.9000E+02   1.4072E+00
   4.9100E+02   1.2985E+00
   4.9200E+02   1.2332E+00
   4.9300E+02   1.2490E+00
   4.9400E+02   1.3634E+00
   4.9500E+02   1.4496E+00
   4.9600E+02   1.5401E+00
   4.9700E+02   1.5429E+00
   4.9800E+02   1.4435E+00
   4.9900E+02   1.3404E+00
   5.0000E+02   1.2018E+00
   5.0100E+02   1.1045E+00
   5.0200E+02   1.0335E+00
   5.0200E+02   1.0000E+00
   5.0200E+02   1.0388E+00
   5.0300E+02   9.7209E-01
   5.0400E+02   9.0261E-01
   5.0500E+02   8.2576E-01
   5.0600E+02   7.5020E-01
   5.0700E+02   7.2048E-01
   5.0800E+02   6.9802E-01
   5.0900E+02   7.2648E-01
   5.1000E+02   8.0603E-01
   5.1100E+02   8.4005E-01
   5.1200E+02   9.2414E-01
   5.1200E+02   1.0000E+00
   5.1200E+02   9.1532E-01
   5.1200E+02   1.0000E+00
   5.1200E+02   9.1532E-01
   5.1200E+02   1.0000E+00
   5.1200E+02   1.0000E+00
   5.1200E+02   9.1532E-01
   5.1200E+02   1.0000E+00
   5.1200E+02   9.1532E-01
   5.1200E+02   1.0000E+00
   5.1200E+02   9.1532E-01
   5.1300E+02   9.9194E-01
   5.1300E+02   1.0000E+00
   5.1300E+02   9.9194E-01
   5.1300E+02   1.0000E+00
   5.1300E+02   9.9194E-01
