   0.0000E+00   1.0000E+00
   0.0000E+00   1.0353E+00
   1.0000E+00   1.0381E+00
   2.0000E+00   1.1297E+00
   3.0000E+00   1.1955E+00
   4.0000E+00   1.2348E+00
   5.0000E+00   1.2475E+00
   6.0000E+00   1.2557E+00
   7.0000E+00   1.2776E+00
   8.0000E+00   1.3088E+00
   9.0000E+00   1.3559E+00
   1.0000E+01   1.3734E+00
   1.1000E+01   1.3350E+00
   1.2000E+01   1.2395E+00
   1.3000E+01   1.0907E+00
   1.4000E+01   9.5051E-01
   1.5000E+01   8.5599E-01
   1.6000E+01   8.0356E-01
   1.7000E+01   7.9329E-01
   1.8000E+01   8.0458E-01
   1.9000E+01   8.3157E-01
   2.0000E+01   8.7030E-01
   2.1000E+01   9.2465E-01
   2.2000E+01   9.6071E-01
   2.3000E+01   9.7145E-01
   2.4000E+01   9.5944E-01
   2.5000E+01   9.2787E-01
   2.6000E+01   9.0255E-01
   2.7000E+01   8.9107E-01
   2.8000E+01   8.9059E-01
   2.9000E+01   9.1879E-01
   3.0000E+01   1.0583E+00
   3.1000E+01   1.3063E+00
   3.2000E+01   1.6754E+00
   3.3000E+01   2.0785E+00
   3.4000E+01   2.2796E+00
   3.5000E+01   2.2544E+00
   3.6000E+01   2.0071E+00
   3.7000E+01   1.6267E+00
   3.8000E+01   1.3215E+00
   3.9000E+01   1.0947E+00
   4.0000E+01   9.5108E-01
   4.1000E+01   8.8024E-01
   4.2000E+01   8.7068E-01
   4.3000E+01   9.2613E-01
   4.4000E+01   1.0397E+00
   4.5000E+01   1.1557E+00
   4.6000E+01   1.2017E+00
   4.7000E+01   1.1787E+00
   4.8000E+01   1.0938E+00
   4.9000E+01   9.9665E-01
   5.0000E+01   9.3269E-01
   5.1000E+01   9.0621E-01
   5.2000E+01   9.1475E-01
   5.3000E+01   9.7070E-01
   5.4000E+01   1.0796E+00
   5.5000E+01   1.2434E+00
   5.6000E+01   1.4543E+00
   5.7000E+01   1.5892E+00
   5.8000E+01   1.5916E+00
   5.9000E+01   1.4669E+00
   6.0000E+01   1.2340E+00
   6.1000E+01   1.0492E+00
   6.2000E+01   9.6849E-01
   6.3000E+01   9.9481E-01
   6.4000E+01   1.1116E+00
   6.5000E+01   1.2048E+00
   6.6000E+01   1.2519E+00
   6.7000E+01   1.2548E+00
   6.8000E+01   1.2246E+00
   6.9000E+01   1.2162E+00
   7.0000E+01   1.2360E+00
   7.1000E+01   1.2860E+00
   7.2000E+01   1.3517E+00
   7.3000E+01   1.3898E+00
   7.4000E+01   1.3952E+00
   7.5000E+01   1.3698E+00
   7.6000E+01   1.3291E+00
   7.7000E+01   1.3190E+00
   7.8000E+01   1.3417E+00
   7.9000E+01   1.3973E+00
   8.0000E+01   1.4757E+00
   8.1000E+01   1.5538E+00
   8.2000E+01   1.6352E+00
   8.3000E+01   1.7140E+00
   8.4000E+01   1.7800E+00
   8.5000E+01   1.8191E+00
   8.6000E+01   1.8278E+00
   8.7000E+01   1.8081E+00
   8.8000E+01   1.7709E+00
   8.9000E+01   1.7223E+00
   9.0000E+01   1.6613E+00
   9.1000E+01   1.5877E+00
   9.2000E+01   1.5151E+00
   9.3000E+01   1.4422E+00
   9.4000E+01   1.3682E+00
   9.5000E+01   1.2979E+00
   9.6000E+01   1.2590E+00
   9.7000E+01   1.2696E+00
   9.8000E+01   1.3292E+00
   9.9000E+01   1.4354E+00
   1.0000E+02   1.5267E+00
   1.0100E+02   1.5761E+00
   1.0200E+02   1.5869E+00
   1.0300E+02   1.5617E+00
   1.0400E+02   1.5315E+00
   1.0500E+02   1.5017E+00
   1.0600E+02   1.4725E+00
   1.0700E+02   1.4460E+00
   1.0800E+02   1.4321E+00
   1.0900E+02   1.4251E+00
   1.1000E+02   1.4307E+00
   1.1100E+02   1.4364E+00
   1.1200E+02   1.4252E+00
   1.1300E+02   1.3916E+00
   1.1400E+02   1.3361E+00
   1.1500E+02   1.2670E+00
   1.1600E+02   1.2144E+00
   1.1700E+02   1.1826E+00
   1.1800E+02   1.1713E+00
   1.1900E+02   1.1728E+00
   1.2000E+02   1.1731E+00
   1.2100E+02   1.1716E+00
   1.2200E+02   1.1689E+00
   1.2300E+02   1.1610E+00
   1.2400E+02   1.1363E+00
   1.2500E+02   1.0984E+00
   1.2600E+02   1.0421E+00
   1.2700E+02   1.0093E+00
   1.2800E+02   1.0208E+00
   1.2900E+02   1.0823E+00
   1.3000E+02   1.1942E+00
   1.3100E+02   1.2725E+00
   1.3200E+02   1.2627E+00
   1.3300E+02   1.1670E+00
   1.3400E+02   9.8290E-01
   1.3500E+02   8.2438E-01
   1.3600E+02   7.6340E-01
   1.3700E+02   7.9804E-01
   1.3800E+02   9.2227E-01
   1.3900E+02   1.0169E+00
   1.4000E+02   1.0337E+00
   1.4100E+02   9.6980E-01
   1.4200E+02   8.3537E-01
   1.4300E+02   7.5697E-01
   1.4400E+02   7.6629E-01
   1.4500E+02   8.6728E-01
   1.4600E+02   1.0439E+00
   1.4700E+02   1.1816E+00
   1.4800E+02   1.2534E+00
   1.4900E+02   1.2596E+00
   1.5000E+02   1.2174E+00
   1.5100E+02   1.1845E+00
   1.5200E+02   1.1737E+00
   1.5300E+02   1.1845E+00
   1.5400E+02   1.2257E+00
   1.5500E+02   1.3486E+00
   1.5600E+02   1.5526E+00
   1.5700E+02   1.8398E+00
   1.5800E+02   2.1377E+00
   1.5900E+02   2.2629E+00
   1.6000E+02   2.1973E+00
   1.6100E+02   1.9383E+00
   1.6200E+02   1.5913E+00
   1.6300E+02   1.3379E+00
   1.6400E+02   1.1891E+00
   1.6500E+02   1.1429E+00
   1.6600E+02   1.1518E+00
   1.6700E+02   1.1463E+00
   1.6800E+02   1.1292E+00
   1.6900E+02   1.0948E+00
   1.7000E+02   1.0763E+00
   1.7100E+02   1.0944E+00
   1.7200E+02   1.1479E+00
   1.7300E+02   1.2336E+00
   1.7400E+02   1.3153E+00
   1.7500E+02   1.3564E+00
   1.7600E+02   1.3584E+00
   1.7700E+02   1.3221E+00
   1.7800E+02   1.2744E+00
   1.7900E+02   1.2403E+00
   1.8000E+02   1.2155E+00
   1.8100E+02   1.1981E+00
   1.8200E+02   1.1853E+00
   1.8300E+02   1.1713E+00
   1.8400E+02   1.1529E+00
   1.8500E+02   1.1414E+00
   1.8600E+02   1.0984E+00
   1.8700E+02   1.0254E+00
   1.8800E+02   9.2217E-01
   1.8900E+02   7.9549E-01
   1.9000E+02   7.3581E-01
   1.9100E+02   7.5519E-01
   1.9200E+02   8.4933E-01
   1.9300E+02   9.9770E-01
   1.9400E+02   1.1137E+00
   1.9500E+02   1.1743E+00
   1.9600E+02   1.1858E+00
   1.9700E+02   1.1634E+00
   1.9800E+02   1.1603E+00
   1.9900E+02   1.1821E+00
   2.0000E+02   1.2268E+00
   2.0100E+02   1.2868E+00
   2.0200E+02   1.3228E+00
   2.0300E+02   1.3453E+00
   2.0400E+02   1.3501E+00
   2.0500E+02   1.3488E+00
   2.0600E+02   1.3557E+00
   2.0700E+02   1.3708E+00
   2.0800E+02   1.3946E+00
   2.0900E+02   1.4169E+00
   2.1000E+02   1.4303E+00
   2.1100E+02   1.4316E+00
   2.1200E+02   1.4221E+00
   2.1300E+02   1.4132E+00
   2.1400E+02   1.4073E+00
   2.1500E+02   1.4075E+00
   2.1600E+02   1.4127E+00
   2.1700E+02   1.4118E+00
   2.1800E+02   1.4029E+00
   2.1900E+02   1.3833E+00
   2.2000E+02   1.3564E+00
   2.2100E+02   1.3576E+00
   2.2200E+02   1.3967E+00
   2.2300E+02   1.4814E+00
   2.2400E+02   1.5931E+00
   2.2500E+02   1.6404E+00
   2.2600E+02   1.5888E+00
   2.2700E+02   1.4372E+00
   2.2800E+02   1.1992E+00
   2.2900E+02   9.9721E-01
   2.3000E+02   8.5407E-01
   2.3100E+02   7.7886E-01
   2.3200E+02   7.6301E-01
   2.3300E+02   8.0048E-01
   2.3400E+02   8.8774E-01
   2.3500E+02   1.0248E+00
   2.3600E+02   1.1888E+00
   2.3700E+02   1.2806E+00
   2.3800E+02   1.2883E+00
   2.3900E+02   1.2141E+00
   2.4000E+02   1.1045E+00
   2.4100E+02   1.0934E+00
   2.4200E+02   1.1864E+00
   2.4300E+02   1.3855E+00
   2.4400E+02   1.6136E+00
   2.4500E+02   1.6886E+00
   2.4600E+02   1.6109E+00
   2.4700E+02   1.3803E+00
   2.4800E+02   1.1004E+00
   2.4900E+02   9.5036E-01
   2.5000E+02   9.2444E-01
   2.5100E+02   1.0249E+00
   2.5200E+02   1.1557E+00
   2.5300E+02   1.2203E+00
   2.5400E+02   1.2150E+00
   2.5500E+02   1.1430E+00
   2.5600E+02   1.0524E+00
   2.5600E+02   1.0000E+00
   2.5600E+02   1.0575E+00
   2.5600E+02   1.0000E+00
   2.5600E+02   1.0575E+00
   2.5600E+02   1.0000E+00
   2.5600E+02   1.0575E+00
   2.5600E+02   1.0000E+00
   2.5600E+02   1.0575E+00
   2.5600E+02   1.0000E+00
   2.5600E+02   1.0575E+00
   2.5600E+02   1.0000E+00
   2.5600E+02   1.0575E+00
   2.5700E+02   9.8404E-01
   2.5700E+02   1.0000E+00
   2.5700E+02   9.8404E-01
   2.5800E+02   9.2669E-01
   2.5800E+02   1.0000E+00
   2.5800E+02   9.2669E-01
   2.5900E+02   8.8208E-01
   2.6000E+02   8.3971E-01
   2.6100E+02   8.2708E-01
   2.6200E+02   8.1094E-01
   2.6300E+02   8.0591E-01
   2.6400E+02   7.9934E-01
   2.6500E+02   7.9106E-01
   2.6600E+02   7.7637E-01
   2.6700E+02   7.6301E-01
   2.6800E+02   7.6146E-01
   2.6900E+02   7.7278E-01
   2.7000E+02   8.2733E-01
   2.7100E+02   8.2733E-01
   2.7200E+02   8.8573E-01
   2.7300E+02   9.6114E-01
   2.7300E+02   1.0000E+00
   2.7300E+02   9.1121E-01
   2.7400E+02   9.8333E-01
   2.7400E+02   1.0000E+00
   2.7400E+02   9.7333E-01
   2.7500E+02   1.0424E+00
   2.7600E+02   1.0650E+00
   2.7700E+02   1.0268E+00
   2.7700E+02   1.0000E+00
   2.7700E+02   1.0487E+00
   2.7800E+02   9.8715E-01
   2.7900E+02   9.0244E-01
   2.8000E+02   8.4231E-01
   2.8100E+02   8.3328E-01
   2.8200E+02   8.7095E-01
   2.8300E+02   9.0324E-01
   2.8400E+02   9.3706E-01
   2.8500E+02   9.6378E-01
   2.8600E+02   9.8750E-01
   2.8600E+02   1.0000E+00
   2.8600E+02   9.8112E-01
   2.8700E+02   9.9798E-01
   2.8700E+02   1.0000E+00
   2.8700E+02   9.9640E-01
   2.8700E+02   1.0000E+00
   2.8700E+02   1.0000E+00
   2.8700E+02   1.0000E+00
   2.8700E+02   9.9640E-01
   2.8800E+02   1.0075E+00
   2.8900E+02   1.0107E+00
   2.9000E+02   1.0083E+00
   2.9100E+02   1.0133E+00
   2.9200E+02   1.0275E+00
   2.9300E+02   1.0510E+00
   2.9400E+02   1.0815E+00
   2.9500E+02   1.1015E+00
   2.9600E+02   1.1060E+00
   2.9700E+02   1.1012E+00
   2.9700E+02   1.0000E+00
   2.9700E+02   1.1012E+00
   2.9800E+02   1.0743E+00
   2.9900E+02   1.0612E+00
   3.0000E+02   1.0668E+00
   3.0100E+02   1.0890E+00
   3.0200E+02   1.1214E+00
   3.0300E+02   1.1287E+00
   3.0400E+02   1.1011E+00
   3.0500E+02   1.0197E+00
   3.0600E+02   9.6374E-01
   3.0700E+02   9.2315E-01
   3.0700E+02   1.0000E+00
   3.0700E+02   9.2315E-01
   3.0800E+02   9.5629E-01
   3.0900E+02   1.0540E+00
   3.1000E+02   1.2174E+00
   3.1100E+02   1.3163E+00
   3.1200E+02   1.3610E+00
   3.1300E+02   1.3403E+00
   3.1400E+02   1.2934E+00
   3.1500E+02   1.3038E+00
   3.1600E+02   1.3667E+00
   3.1700E+02   1.4833E+00
   3.1800E+02   1.6482E+00
   3.1900E+02   1.6775E+00
   3.2000E+02   1.5560E+00
   3.2100E+02   1.3098E+00
   3.2200E+02   9.7489E-01
   3.2300E+02   7.2655E-01
   3.2400E+02   5.7414E-01
   3.2500E+02   5.2358E-01
   3.2600E+02   5.5232E-01
   3.2600E+02   1.0000E+00
   3.2600E+02   5.5211E-01
   3.2700E+02   6.2872E-01
   3.2800E+02   7.5255E-01
   3.2900E+02   9.1094E-01
   3.3000E+02   1.0818E+00
   3.3100E+02   1.2020E+00
   3.3200E+02   1.2631E+00
   3.3300E+02   1.2713E+00
   3.3400E+02   1.2536E+00
   3.3500E+02   1.2287E+00
   3.3600E+02   1.2142E+00
   3.3700E+02   1.1866E+00
   3.3800E+02   1.1590E+00
   3.3900E+02   1.0866E+00
   3.4000E+02   1.0485E+00
   3.4000E+02   1.0000E+00
   3.4000E+02   1.0665E+00
   3.4000E+02   1.0000E+00
   3.4000E+02   1.0000E+00
   3.4000E+02   1.0000E+00
   3.4000E+02   1.0665E+00
   3.4000E+02   1.0000E+00
   3.4000E+02   1.0665E+00
   3.4000E+02   1.0000E+00
   3.4000E+02   1.0665E+00
   3.4100E+02   9.9294E-01
   3.4100E+02   1.0000E+00
   3.4100E+02   9.9294E-01
   3.4200E+02   9.1993E-01
   3.4200E+02   1.0000E+00
   3.4200E+02   9.1993E-01
   3.4300E+02   8.3752E-01
   3.4400E+02   7.8698E-01
   3.4500E+02   7.6430E-01
   3.4600E+02   8.5217E-01
   3.4700E+02   1.0832E+00
   3.4800E+02   1.4893E+00
   3.4900E+02   2.0280E+00
   3.5000E+02   2.3435E+00
   3.5100E+02   2.3516E+00
   3.5200E+02   2.0484E+00
   3.5300E+02   1.5011E+00
   3.5400E+02   1.0260E+00
   3.5500E+02   7.9322E-01
   3.5600E+02   7.5081E-01
   3.5700E+02   8.6124E-01
   3.5800E+02   9.9407E-01
   3.5900E+02   1.1167E+00
   3.6000E+02   1.2363E+00
   3.6100E+02   1.3056E+00
   3.6200E+02   1.3296E+00
   3.6300E+02   1.2689E+00
   3.6400E+02   1.1623E+00
   3.6500E+02   1.0276E+00
   3.6600E+02   9.3695E-01
   3.6700E+02   8.2567E-01
   3.6800E+02   7.1919E-01
   3.6900E+02   6.8321E-01
   3.7000E+02   6.9291E-01
   3.7100E+02   7.7893E-01
   3.7200E+02   9.1335E-01
   3.7300E+02   1.0416E+00
   3.7400E+02   1.1129E+00
   3.7500E+02   1.0918E+00
   3.7600E+02   1.0202E+00
   3.7600E+02   1.0000E+00
   3.7600E+02   1.0264E+00
   3.7700E+02   9.7276E-01
   3.7800E+02   1.0361E+00
   3.7900E+02   1.2350E+00
   3.8000E+02   1.5200E+00
   3.8100E+02   1.7760E+00
   3.8200E+02   1.8873E+00
   3.8300E+02   1.8329E+00
   3.8400E+02   1.6430E+00
   3.8500E+02   1.4776E+00
   3.8600E+02   1.4015E+00
   3.8700E+02   1.4108E+00
   3.8800E+02   1.5070E+00
   3.8900E+02   1.5648E+00
   3.9000E+02   1.5593E+00
   3.9100E+02   1.4885E+00
   3.9200E+02   1.4043E+00
   3.9300E+02   1.2910E+00
   3.9400E+02   1.2072E+00
   3.9500E+02   1.1414E+00
   3.9600E+02   1.0898E+00
   3.9700E+02   1.0781E+00
   3.9800E+02   1.0934E+00
   3.9900E+02   1.1562E+00
   4.0000E+02   1.2139E+00
   4.0100E+02   1.2376E+00
   4.0200E+02   1.2066E+00
   4.0300E+02   1.1514E+00
   4.0400E+02   1.0827E+00
   4.0500E+02   1.0678E+00
   4.0600E+02   1.1343E+00
   4.0700E+02   1.2399E+00
   4.0800E+02   1.3046E+00
   4.0900E+02   1.3119E+00
   4.1000E+02   1.2129E+00
   4.1100E+02   1.0054E+00
   4.1200E+02   7.7521E-01
   4.1300E+02   6.2417E-01
   4.1400E+02   5.8609E-01
   4.1500E+02   6.2099E-01
   4.1600E+02   7.1762E-01
   4.1700E+02   8.3647E-01
   4.1800E+02   9.3816E-01
   4.1900E+02   1.0775E+00
   4.2000E+02   1.1776E+00
   4.2100E+02   1.1804E+00
   4.2200E+02   1.1222E+00
   4.2200E+02   1.0000E+00
   4.2200E+02   1.1342E+00
   4.2300E+02   1.0007E+00
   4.2400E+02   8.8920E-01
   4.2500E+02   8.9424E-01
   4.2600E+02   9.9175E-01
   4.2600E+02   1.0000E+00
   4.2600E+02   9.6906E-01
   4.2700E+02   1.1537E+00
   4.2800E+02   1.3406E+00
   4.2900E+02   1.4437E+00
   4.3000E+02   1.5320E+00
   4.3100E+02   1.5718E+00
   4.3200E+02   1.5929E+00
   4.3300E+02   1.5875E+00
   4.3400E+02   1.5687E+00
   4.3500E+02   1.5222E+00
   4.3600E+02   1.4974E+00
   4.3700E+02   1.4833E+00
   4.3800E+02   1.4816E+00
   4.3900E+02   1.4812E+00
   4.4000E+02   1.4576E+00
   4.4100E+02   1.4082E+00
   4.4200E+02   1.3295E+00
   4.4300E+02   1.2397E+00
   4.4400E+02   1.1799E+00
   4.4500E+02   1.1669E+00
   4.4600E+02   1.1836E+00
   4.4700E+02   1.2047E+00
   4.4800E+02   1.1324E+00
   4.4800E+02   1.0000E+00
   4.4800E+02   1.1550E+00
   4.4900E+02   1.0164E+00
   4.5000E+02   7.9303E-01
   4.5100E+02   5.8140E-01
   4.5200E+02   4.9673E-01
   4.5300E+02   5.5575E-01
   4.5300E+02   1.0000E+00
   4.5300E+02   5.5547E-01
   4.5400E+02   7.8362E-01
   4.5500E+02   1.0120E+00
   4.5600E+02   1.1984E+00
   4.5700E+02   1.2901E+00
   4.5800E+02   1.3004E+00
   4.5900E+02   1.2806E+00
   4.6000E+02   1.2573E+00
   4.6100E+02   1.2453E+00
   4.6200E+02   1.2280E+00
   4.6300E+02   1.2258E+00
   4.6400E+02   1.2441E+00
   4.6500E+02   1.2641E+00
   4.6600E+02   1.3004E+00
   4.6700E+02   1.3244E+00
   4.6800E+02   1.3625E+00
   4.6900E+02   1.3811E+00
   4.7000E+02   1.4089E+00
   4.7100E+02   1.4070E+00
   4.7200E+02   1.3702E+00
   4.7300E+02   1.2948E+00
   4.7400E+02   1.1820E+00
   4.7500E+02   1.1629E+00
   4.7600E+02   1.2575E+00
   4.7700E+02   1.4165E+00
   4.7800E+02   1.6836E+00
   4.7900E+02   1.9253E+00
   4.8000E+02   2.0816E+00
   4.8100E+02   2.1930E+00
   4.8200E+02   2.2314E+00
   4.8300E+02   2.1722E+00
   4.8400E+02   1.9955E+00
   4.8500E+02   1.7341E+00
   4.8600E+02   1.4041E+00
   4.8700E+02   1.2487E+00
   4.8800E+02   1.2577E+00
   4.8900E+02   1.3992E+00
   4.9000E+02   1.6462E+00
   4.9100E+02   1.7560E+00
   4.9200E+02   1.7438E+00
   4.9300E+02   1.6262E+00
   4.9400E+02   1.4572E+00
   4.9500E+02   1.3764E+00
   4.9600E+02   1.3669E+00
   4.9600E+02   1.0000E+00
   4.9600E+02   1.3636E+00
   4.9700E+02   1.4321E+00
   4.9800E+02   1.5203E+00
   4.9900E+02   1.5355E+00
   5.0000E+02   1.4631E+00
   5.0100E+02   1.4141E+00
   5.0200E+02   1.3183E+00
   5.0300E+02   1.2767E+00
   5.0400E+02   1.2865E+00
   5.0500E+02   1.3454E+00
   5.0600E+02   1.3903E+00
   5.0700E+02   1.4615E+00
   5.0800E+02   1.5434E+00
   5.0900E+02   1.6290E+00
   5.1000E+02   1.6658E+00
   5.1100E+02   1.6087E+00
   5.1200E+02   1.5249E+00
   5.1300E+02   1.3552E+00
   5.1400E+02   1.1992E+00
   5.1500E+02   1.1249E+00
   5.1600E+02   1.1173E+00
   5.1700E+02   1.1543E+00
   5.1800E+02   1.2350E+00
   5.1900E+02   1.3168E+00
   5.2000E+02   1.4226E+00
   5.2100E+02   1.5589E+00
   5.2200E+02   1.6025E+00
   5.2300E+02   1.5659E+00
   5.2400E+02   1.4243E+00
   5.2500E+02   1.2507E+00
   5.2600E+02   1.1476E+00
   5.2700E+02   1.1251E+00
   5.2800E+02   1.2248E+00
   5.2900E+02   1.3197E+00
   5.3000E+02   1.3844E+00
   5.3100E+02   1.4189E+00
   5.3200E+02   1.4092E+00
   5.3300E+02   1.3721E+00
   5.3400E+02   1.3422E+00
   5.3500E+02   1.3209E+00
   5.3600E+02   1.3095E+00
   5.3700E+02   1.2804E+00
   5.3800E+02   1.2235E+00
   5.3900E+02   1.1039E+00
   5.4000E+02   1.0232E+00
   5.4100E+02   9.3088E-01
   5.4200E+02   9.2586E-01
   5.4200E+02   1.0000E+00
   5.4200E+02   9.2455E-01
   5.4300E+02   1.0037E+00
   5.4400E+02   1.1733E+00
   5.4500E+02   1.3466E+00
   5.4600E+02   1.4346E+00
   5.4700E+02   1.4686E+00
   5.4800E+02   1.4383E+00
   5.4900E+02   1.3669E+00
   5.5000E+02   1.2669E+00
   5.5100E+02   1.1365E+00
   5.5200E+02   1.0249E+00
   5.5300E+02   9.5343E-01
   5.5400E+02   9.8163E-01
   5.5400E+02   1.0000E+00
   5.5400E+02   9.6562E-01
   5.5500E+02   1.0651E+00
   5.5600E+02   1.2526E+00
   5.5700E+02   1.3508E+00
   5.5800E+02   1.3537E+00
   5.5900E+02   1.2526E+00
   5.6000E+02   1.0694E+00
   5.6100E+02   9.6427E-01
   5.6200E+02   9.0775E-01
   5.6300E+02   9.3712E-01
   5.6400E+02   9.9444E-01
   5.6500E+02   1.0281E+00
   5.6600E+02   1.0299E+00
   5.6600E+02   1.0000E+00
   5.6600E+02   1.0301E+00
   5.6600E+02   1.0000E+00
   5.6600E+02   1.0000E+00
   5.6600E+02   1.0000E+00
   5.6600E+02   1.0301E+00
   5.6600E+02   1.0000E+00
   5.6600E+02   1.0301E+00
   5.6600E+02   1.0000E+00
   5.6600E+02   1.0301E+00
   5.6600E+02   1.0000E+00
   5.6600E+02   1.0301E+00
   5.6600E+02   1.0000E+00
   5.6600E+02   1.0301E+00
