   0.0000E+00   1.0000E+00
   0.0000E+00   6.3481E-01
   1.0000E+00   6.3672E-01
   2.0000E+00   6.9138E-01
   3.0000E+00   7.4805E-01
   4.0000E+00   8.0713E-01
   5.0000E+00   8.6598E-01
   6.0000E+00   9.1490E-01
   7.0000E+00   9.3559E-01
   8.0000E+00   9.1861E-01
   9.0000E+00   8.6551E-01
   1.0000E+01   7.8823E-01
   1.1000E+01   7.4036E-01
   1.2000E+01   7.2755E-01
   1.3000E+01   7.4997E-01
   1.4000E+01   7.9422E-01
   1.5000E+01   8.2168E-01
   1.6000E+01   8.3124E-01
   1.7000E+01   8.2389E-01
   1.8000E+01   7.9134E-01
   1.9000E+01   7.5234E-01
   2.0000E+01   6.9339E-01
   2.1000E+01   6.0458E-01
   2.2000E+01   5.3253E-01
   2.3000E+01   4.9751E-01
   2.4000E+01   5.0606E-01
   2.5000E+01   5.5828E-01
   2.6000E+01   6.3960E-01
   2.7000E+01   7.3444E-01
   2.8000E+01   8.4518E-01
   2.9000E+01   9.7267E-01
   3.0000E+01   1.0877E+00
   3.1000E+01   1.1624E+00
   3.2000E+01   1.2072E+00
   3.3000E+01   1.2176E+00
   3.4000E+01   1.2068E+00
   3.5000E+01   1.1862E+00
   3.6000E+01   1.1449E+00
   3.7000E+01   1.1100E+00
   3.8000E+01   1.1063E+00
   3.9000E+01   1.1594E+00
   4.0000E+01   1.2721E+00
   4.1000E+01   1.4288E+00
   4.2000E+01   1.5287E+00
   4.3000E+01   1.5439E+00
   4.4000E+01   1.4739E+00
   4.5000E+01   1.3339E+00
   4.6000E+01   1.2079E+00
   4.7000E+01   1.1164E+00
   4.8000E+01   1.0608E+00
   4.9000E+01   1.0382E+00
   5.0000E+01   1.0502E+00
   5.1000E+01   1.0909E+00
   5.2000E+01   1.1672E+00
   5.3000E+01   1.2481E+00
   5.4000E+01   1.2704E+00
   5.5000E+01   1.2237E+00
   5.6000E+01   1.1108E+00
   5.7000E+01   9.8459E-01
   5.8000E+01   9.6710E-01
   5.9000E+01   1.0643E+00
   6.0000E+01   1.2759E+00
   6.1000E+01   1.5184E+00
   6.2000E+01   1.6339E+00
   6.3000E+01   1.6240E+00
   6.4000E+01   1.4860E+00
   6.5000E+01   1.3029E+00
   6.6000E+01   1.1694E+00
   6.7000E+01   1.0942E+00
   6.8000E+01   1.0706E+00
   6.9000E+01   1.0881E+00
   7.0000E+01   1.1358E+00
   7.1000E+01   1.2179E+00
   7.2000E+01   1.3228E+00
   7.3000E+01   1.4008E+00
   7.4000E+01   1.4143E+00
   7.5000E+01   1.3600E+00
   7.6000E+01   1.2458E+00
   7.7000E+01   1.1476E+00
   7.8000E+01   1.0962E+00
   7.9000E+01   1.0961E+00
   8.0000E+01   1.1419E+00
   8.1000E+01   1.1907E+00
   8.2000E+01   1.2263E+00
   8.3000E+01   1.2525E+00
   8.4000E+01   1.2724E+00
   8.5000E+01   1.2997E+00
   8.6000E+01   1.3320E+00
   8.7000E+01   1.3796E+00
   8.8000E+01   1.4280E+00
   8.9000E+01   1.4367E+00
   9.0000E+01   1.4027E+00
   9.1000E+01   1.3251E+00
   9.2000E+01   1.2203E+00
   9.3000E+01   1.1600E+00
   9.4000E+01   1.1548E+00
   9.5000E+01   1.2021E+00
   9.6000E+01   1.2855E+00
   9.7000E+01   1.3643E+00
   9.8000E+01   1.4353E+00
   9.9000E+01   1.4987E+00
   1.0000E+02   1.5425E+00
   1.0100E+02   1.5440E+00
   1.0200E+02   1.5033E+00
   1.0300E+02   1.4215E+00
   1.0400E+02   1.3507E+00
   1.0500E+02   1.3652E+00
   1.0600E+02   1.4671E+00
   1.0700E+02   1.6519E+00
   1.0800E+02   1.8259E+00
   1.0900E+02   1.8996E+00
   1.1000E+02   1.8639E+00
   1.1100E+02   1.7310E+00
   1.1200E+02   1.5457E+00
   1.1300E+02   1.3727E+00
   1.1400E+02   1.1956E+00
   1.1500E+02   1.0235E+00
   1.1600E+02   8.8518E-01
   1.1700E+02   8.0989E-01
   1.1800E+02   7.8749E-01
   1.1900E+02   8.2006E-01
   1.2000E+02   8.9295E-01
   1.2100E+02   9.9851E-01
   1.2200E+02   1.1375E+00
   1.2300E+02   1.3056E+00
   1.2400E+02   1.4180E+00
   1.2500E+02   1.4482E+00
   1.2600E+02   1.3998E+00
   1.2700E+02   1.2930E+00
   1.2800E+02   1.2856E+00
   1.2900E+02   1.4017E+00
   1.3000E+02   1.6504E+00
   1.3100E+02   1.9771E+00
   1.3200E+02   2.1491E+00
   1.3300E+02   2.1384E+00
   1.3300E+02   1.0000E+00
   1.3300E+02   2.1387E+00
   1.3400E+02   1.9396E+00
   1.3500E+02   1.6184E+00
   1.3600E+02   1.4228E+00
   1.3700E+02   1.3498E+00
   1.3800E+02   1.3985E+00
   1.3900E+02   1.5302E+00
   1.4000E+02   1.5879E+00
   1.4100E+02   1.5807E+00
   1.4200E+02   1.4980E+00
   1.4300E+02   1.4066E+00
   1.4400E+02   1.3292E+00
   1.4500E+02   1.2526E+00
   1.4600E+02   1.2085E+00
   1.4700E+02   1.1807E+00
   1.4800E+02   1.2026E+00
   1.4900E+02   1.2717E+00
   1.5000E+02   1.3694E+00
   1.5100E+02   1.4607E+00
   1.5200E+02   1.4892E+00
   1.5300E+02   1.4512E+00
   1.5400E+02   1.3479E+00
   1.5500E+02   1.2770E+00
   1.5600E+02   1.2991E+00
   1.5700E+02   1.4008E+00
   1.5800E+02   1.5975E+00
   1.5900E+02   1.7372E+00
   1.6000E+02   1.7684E+00
   1.6100E+02   1.6829E+00
   1.6200E+02   1.5329E+00
   1.6300E+02   1.3981E+00
   1.6400E+02   1.3256E+00
   1.6500E+02   1.3324E+00
   1.6600E+02   1.3912E+00
   1.6700E+02   1.4446E+00
   1.6800E+02   1.4760E+00
   1.6900E+02   1.4878E+00
   1.7000E+02   1.4847E+00
   1.7100E+02   1.4753E+00
   1.7200E+02   1.4537E+00
   1.7300E+02   1.4344E+00
   1.7300E+02   1.0000E+00
   1.7300E+02   1.4451E+00
   1.7400E+02   1.4118E+00
   1.7500E+02   1.3588E+00
   1.7600E+02   1.2574E+00
   1.7700E+02   1.1231E+00
   1.7800E+02   1.0007E+00
   1.7900E+02   9.1562E-01
   1.8000E+02   8.7333E-01
   1.8100E+02   8.7232E-01
   1.8200E+02   9.2327E-01
   1.8300E+02   9.8155E-01
   1.8300E+02   1.0000E+00
   1.8300E+02   9.5813E-01
   1.8400E+02   1.0371E+00
   1.8500E+02   1.1308E+00
   1.8600E+02   1.2276E+00
   1.8700E+02   1.3132E+00
   1.8800E+02   1.3478E+00
   1.8900E+02   1.3721E+00
   1.9000E+02   1.3846E+00
   1.9100E+02   1.3967E+00
   1.9200E+02   1.4132E+00
   1.9300E+02   1.4325E+00
   1.9400E+02   1.4363E+00
   1.9500E+02   1.4138E+00
   1.9600E+02   1.3746E+00
   1.9700E+02   1.2935E+00
   1.9800E+02   1.2224E+00
   1.9900E+02   1.1759E+00
   2.0000E+02   1.1358E+00
   2.0100E+02   1.1056E+00
   2.0200E+02   1.1050E+00
   2.0300E+02   1.1573E+00
   2.0400E+02   1.2097E+00
   2.0500E+02   1.2636E+00
   2.0600E+02   1.3089E+00
   2.0700E+02   1.2793E+00
   2.0800E+02   1.2360E+00
   2.0900E+02   1.1556E+00
   2.1000E+02   1.0913E+00
   2.1100E+02   1.0612E+00
   2.1200E+02   1.0700E+00
   2.1300E+02   1.1420E+00
   2.1400E+02   1.1955E+00
   2.1500E+02   1.3275E+00
   2.1600E+02   1.5159E+00
   2.1700E+02   1.7150E+00
   2.1800E+02   1.7888E+00
   2.1900E+02   1.7322E+00
   2.2000E+02   1.5501E+00
   2.2100E+02   1.3416E+00
   2.2200E+02   1.1683E+00
   2.2300E+02   1.1142E+00
   2.2400E+02   1.1377E+00
   2.2500E+02   1.2189E+00
   2.2600E+02   1.2725E+00
   2.2700E+02   1.3031E+00
   2.2800E+02   1.3077E+00
   2.2900E+02   1.3063E+00
   2.3000E+02   1.2971E+00
   2.3100E+02   1.2866E+00
   2.3200E+02   1.2726E+00
   2.3300E+02   1.2557E+00
   2.3400E+02   1.2310E+00
   2.3500E+02   1.2023E+00
   2.3600E+02   1.1836E+00
   2.3700E+02   1.1893E+00
   2.3800E+02   1.2496E+00
   2.3900E+02   1.3475E+00
   2.4000E+02   1.4092E+00
   2.4100E+02   1.4908E+00
   2.4200E+02   1.4846E+00
   2.4300E+02   1.4100E+00
   2.4400E+02   1.2527E+00
   2.4500E+02   1.1534E+00
   2.4600E+02   1.1271E+00
   2.4700E+02   1.1765E+00
   2.4800E+02   1.2758E+00
   2.4900E+02   1.3456E+00
   2.5000E+02   1.3642E+00
   2.5100E+02   1.3250E+00
   2.5200E+02   1.2579E+00
   2.5300E+02   1.1772E+00
   2.5400E+02   1.0893E+00
   2.5500E+02   1.0313E+00
   2.5500E+02   1.0000E+00
   2.5500E+02   1.0361E+00
   2.5600E+02   9.6260E-01
   2.5700E+02   9.0037E-01
   2.5800E+02   8.5357E-01
   2.5900E+02   8.3342E-01
   2.6000E+02   8.1714E-01
   2.6100E+02   7.6392E-01
   2.6200E+02   6.8143E-01
   2.6300E+02   6.1512E-01
   2.6300E+02   1.0000E+00
   2.6300E+02   6.2141E-01
   2.6400E+02   5.3681E-01
   2.6500E+02   5.3286E-01
   2.6500E+02   1.0000E+00
   2.6500E+02   5.2693E-01
   2.6600E+02   5.9979E-01
   2.6700E+02   7.6649E-01
   2.6800E+02   9.0867E-01
   2.6900E+02   9.7539E-01
   2.7000E+02   9.3640E-01
   2.7100E+02   8.4172E-01
   2.7200E+02   6.6727E-01
   2.7200E+02   1.0000E+00
   2.7200E+02   6.9953E-01
   2.7200E+02   1.0000E+00
   2.7200E+02   1.0000E+00
   2.7200E+02   1.0000E+00
   2.7200E+02   6.9953E-01
   2.7200E+02   1.0000E+00
   2.7200E+02   6.9953E-01
   2.7200E+02   1.0000E+00
   2.7200E+02   6.9953E-01
   2.7300E+02   5.8973E-01
   2.7300E+02   1.0000E+00
   2.7300E+02   5.8973E-01
   2.7400E+02   5.1418E-01
   2.7400E+02   1.0000E+00
   2.7400E+02   5.1418E-01
   2.7500E+02   4.6925E-01
   2.7600E+02   4.7318E-01
   2.7700E+02   5.1654E-01
   2.7700E+02   1.0000E+00
   2.7700E+02   5.0631E-01
   2.7800E+02   5.9743E-01
   2.7800E+02   1.0000E+00
   2.7800E+02   5.8369E-01
   2.7900E+02   7.2199E-01
   2.8000E+02   8.4610E-01
   2.8100E+02   9.5130E-01
   2.8100E+02   1.0000E+00
   2.8100E+02   9.4336E-01
   2.8200E+02   1.0616E+00
   2.8300E+02   1.1582E+00
   2.8400E+02   1.2202E+00
   2.8500E+02   1.2405E+00
   2.8600E+02   1.2095E+00
   2.8700E+02   1.1796E+00
   2.8800E+02   1.1223E+00
   2.8900E+02   1.0868E+00
   2.9000E+02   1.0610E+00
   2.9100E+02   1.0524E+00
   2.9200E+02   1.0440E+00
   2.9300E+02   1.0442E+00
   2.9400E+02   1.0591E+00
   2.9500E+02   1.0840E+00
   2.9600E+02   1.1247E+00
   2.9700E+02   1.1811E+00
   2.9800E+02   1.2359E+00
   2.9900E+02   1.2846E+00
   3.0000E+02   1.3034E+00
   3.0100E+02   1.2550E+00
   3.0200E+02   1.1595E+00
   3.0300E+02   1.0952E+00
   3.0400E+02   1.0117E+00
   3.0500E+02   9.6318E-01
   3.0600E+02   9.4511E-01
   3.0700E+02   9.7359E-01
   3.0700E+02   1.0000E+00
   3.0700E+02   9.6007E-01
   3.0800E+02   1.0289E+00
   3.0900E+02   1.1443E+00
   3.1000E+02   1.3080E+00
   3.1100E+02   1.4449E+00
   3.1200E+02   1.5151E+00
   3.1300E+02   1.4828E+00
   3.1400E+02   1.4111E+00
   3.1500E+02   1.2881E+00
   3.1600E+02   1.2120E+00
   3.1700E+02   1.1684E+00
   3.1800E+02   1.1602E+00
   3.1900E+02   1.1787E+00
   3.2000E+02   1.2580E+00
   3.2100E+02   1.3201E+00
   3.2200E+02   1.3982E+00
   3.2300E+02   1.4622E+00
   3.2400E+02   1.4517E+00
   3.2500E+02   1.3893E+00
   3.2600E+02   1.2559E+00
   3.2700E+02   1.1561E+00
   3.2800E+02   1.1227E+00
   3.2900E+02   1.1559E+00
   3.3000E+02   1.2438E+00
   3.3100E+02   1.3021E+00
   3.3200E+02   1.3235E+00
   3.3300E+02   1.2993E+00
   3.3400E+02   1.2554E+00
   3.3500E+02   1.2225E+00
   3.3600E+02   1.2295E+00
   3.3700E+02   1.2692E+00
   3.3800E+02   1.3407E+00
   3.3900E+02   1.3799E+00
   3.4000E+02   1.4411E+00
   3.4100E+02   1.5174E+00
   3.4200E+02   1.5699E+00
   3.4300E+02   1.5592E+00
   3.4400E+02   1.4998E+00
   3.4500E+02   1.3982E+00
   3.4600E+02   1.2393E+00
   3.4700E+02   1.1193E+00
   3.4800E+02   1.0432E+00
   3.4900E+02   1.0033E+00
   3.5000E+02   1.0021E+00
   3.5100E+02   1.0483E+00
   3.5200E+02   1.1470E+00
   3.5300E+02   1.2533E+00
   3.5400E+02   1.3804E+00
   3.5500E+02   1.4397E+00
   3.5600E+02   1.4538E+00
   3.5700E+02   1.4128E+00
   3.5800E+02   1.3489E+00
   3.5900E+02   1.2691E+00
   3.6000E+02   1.1913E+00
   3.6100E+02   1.1188E+00
   3.6200E+02   1.0482E+00
   3.6300E+02   1.0042E+00
   3.6400E+02   9.7671E-01
   3.6500E+02   9.7438E-01
   3.6500E+02   1.0000E+00
   3.6500E+02   9.7096E-01
   3.6500E+02   1.0000E+00
   3.6500E+02   9.7096E-01
   3.6500E+02   1.0000E+00
   3.6500E+02   9.7096E-01
   3.6500E+02   1.0000E+00
   3.6500E+02   9.7096E-01
   3.6500E+02   1.0000E+00
   3.6500E+02   9.7096E-01
   3.6500E+02   1.0000E+00
   3.6500E+02   9.7096E-01
   3.6600E+02   9.9635E-01
   3.6600E+02   1.0000E+00
   3.6600E+02   9.9635E-01
   3.6600E+02   1.0000E+00
   3.6600E+02   9.9635E-01
