-5.000000000000000000e+01 -1.687757595326930607e-02
-4.900000000000000000e+01 -1.113836855892155406e-02
-4.800000000000000000e+01 1.982961784637197328e-02
-4.700000000000000000e+01 -1.459392977119644032e-02
-4.600000000000000000e+01 1.866555742017852321e-02
-4.500000000000000000e+01 -3.830827688973348615e-03
-4.400000000000000000e+01 -1.238868461991379268e-02
-4.300000000000000000e+01 -1.036575829085237960e-02
-4.200000000000000000e+01 9.255724045214576770e-03
-4.100000000000000000e+01 9.118045579856026012e-03
-4.000000000000000000e+01 -6.309998272510486221e-04
-3.900000000000000000e+01 1.110638639260503810e-02
-3.800000000000000000e+01 1.879952057957292796e-02
-3.700000000000000000e+01 1.658216720640544317e-02
-3.600000000000000000e+01 7.960227839506293099e-04
-3.500000000000000000e+01 -2.127636005709092337e-02
-3.400000000000000000e+01 2.402277334054232424e-02
-3.300000000000000000e+01 7.762568317349340455e-03
-3.200000000000000000e+01 1.714776007739103950e-02
-3.100000000000000000e+01 1.337338076934522189e-02
-3.000000000000000000e+01 3.552451710503224530e-02
-2.900000000000000000e+01 1.145571498011889976e-02
-2.800000000000000000e+01 2.040690146132866784e-02
-2.700000000000000000e+01 2.170358913739580536e-02
-2.600000000000000000e+01 9.777567855837627359e-03
-2.500000000000000000e+01 1.082736550681115927e-02
-2.400000000000000000e+01 -1.416153151458633339e-02
-2.300000000000000000e+01 -7.210115930301394527e-03
-2.200000000000000000e+01 -9.638609202792875613e-03
-2.100000000000000000e+01 -3.391293647780302574e-03
-2.000000000000000000e+01 -1.181082722294857917e-02
-1.900000000000000000e+01 4.335126934430128670e-03
-1.800000000000000000e+01 -1.388627224743777672e-02
-1.700000000000000000e+01 -1.546511978043361643e-02
-1.600000000000000000e+01 -2.092512215707791751e-02
-1.500000000000000000e+01 7.895436634955522656e-03
-1.400000000000000000e+01 8.468755900878484344e-03
-1.300000000000000000e+01 1.536584783004044108e-02
-1.200000000000000000e+01 2.686117770301826510e-02
-1.100000000000000000e+01 3.446411294192588265e-02
-1.000000000000000000e+01 2.414634835639127564e-02
-9.000000000000000000e+00 5.101763689005113511e-02
-8.000000000000000000e+00 2.209223475243645915e-02
-7.000000000000000000e+00 2.364696429253338589e-02
-6.000000000000000000e+00 1.224091403799299101e-02
-5.000000000000000000e+00 4.221346882666352635e-02
-4.000000000000000000e+00 6.184566986421840412e-02
-3.000000000000000000e+00 7.345827133329660419e-02
-2.000000000000000000e+00 8.653534648344630986e-02
-1.000000000000000000e+00 1.618182946671254674e-01
0.000000000000000000e+00 9.935281225294305685e-01
1.000000000000000000e+00 1.625511361840960012e-01
2.000000000000000000e+00 8.736655207336836704e-02
3.000000000000000000e+00 7.210474826362041345e-02
4.000000000000000000e+00 6.033291499077479692e-02
5.000000000000000000e+00 4.004938211070159515e-02
6.000000000000000000e+00 1.257385214294211989e-02
7.000000000000000000e+00 2.136613155938370257e-02
8.000000000000000000e+00 2.195773668920598248e-02
9.000000000000000000e+00 5.259859274566851955e-02
1.000000000000000000e+01 2.615204310083929853e-02
1.100000000000000000e+01 3.291173261231696706e-02
1.200000000000000000e+01 2.617039378926171167e-02
1.300000000000000000e+01 1.563580656186044568e-02
1.400000000000000000e+01 6.720608845627684506e-03
1.500000000000000000e+01 4.848520130253952849e-03
1.600000000000000000e+01 -2.058359638725906077e-02
1.700000000000000000e+01 -1.768270106952709794e-02
1.800000000000000000e+01 -1.539467662148193486e-02
1.900000000000000000e+01 4.066779780741205594e-03
2.000000000000000000e+01 -1.226734898499328395e-02
2.100000000000000000e+01 -7.072113602882183292e-04
2.200000000000000000e+01 -7.853364840371751185e-03
2.300000000000000000e+01 -6.858341700367351357e-03
2.400000000000000000e+01 -1.306905353705422289e-02
2.500000000000000000e+01 9.441356530399975383e-03
2.600000000000000000e+01 9.891574492769665550e-03
2.700000000000000000e+01 2.141193610186650081e-02
2.800000000000000000e+01 2.164432638571916340e-02
2.900000000000000000e+01 1.172057125495453919e-02
3.000000000000000000e+01 3.556994459581976770e-02
3.100000000000000000e+01 1.514986726660879843e-02
3.200000000000000000e+01 1.708533946973623402e-02
3.300000000000000000e+01 7.590222289483134280e-03
3.400000000000000000e+01 2.635064327002838505e-02
3.500000000000000000e+01 -2.249692268951253640e-02
3.600000000000000000e+01 1.850248062071650637e-03
3.700000000000000000e+01 1.645617001287811784e-02
3.800000000000000000e+01 1.986817699145616845e-02
3.900000000000000000e+01 1.028413579897924715e-02
4.000000000000000000e+01 -2.129708767934733449e-04
4.100000000000000000e+01 1.291788968381463176e-02
4.200000000000000000e+01 1.113179322105471193e-02
4.300000000000000000e+01 -1.229122714089992373e-02
4.400000000000000000e+01 -1.362395115807604404e-02
4.500000000000000000e+01 -5.116423681545162472e-03
4.600000000000000000e+01 2.093178326817981758e-02
4.700000000000000000e+01 -1.399321712491071942e-02
4.800000000000000000e+01 1.915414686051473275e-02
4.900000000000000000e+01 -1.035995732784614036e-02
5.000000000000000000e+01 -1.506007773375722496e-02
-5.000000000000000000e+01 -1.156458273439250721e-02
-4.900000000000000000e+01 -9.169979810870906856e-03
-4.800000000000000000e+01 1.881168967854400173e-02
-4.700000000000000000e+01 -1.454127639237335311e-02
-4.600000000000000000e+01 1.823579430058912265e-02
-4.500000000000000000e+01 7.432862235595321179e-04
-4.400000000000000000e+01 -1.357758248724986495e-02
-4.300000000000000000e+01 -1.139385901731069552e-02
-4.200000000000000000e+01 7.166496846273886535e-03
-4.100000000000000000e+01 8.522255471275141589e-03
-4.000000000000000000e+01 -1.829558677922048151e-03
-3.900000000000000000e+01 1.080436897061458346e-02
-3.800000000000000000e+01 1.884238659612341021e-02
-3.700000000000000000e+01 1.493240538569202448e-02
-3.600000000000000000e+01 -6.281504238310466016e-04
-3.500000000000000000e+01 -2.152113764794507181e-02
-3.400000000000000000e+01 2.456941803098727783e-02
-3.300000000000000000e+01 7.573952227114976246e-03
-3.200000000000000000e+01 1.500746037807824083e-02
-3.100000000000000000e+01 1.459553425418887163e-02
-3.000000000000000000e+01 3.387463103442701212e-02
-2.900000000000000000e+01 9.759274802178776603e-03
-2.800000000000000000e+01 2.057044984147524125e-02
-2.700000000000000000e+01 2.109462367143631611e-02
-2.600000000000000000e+01 7.085401197184977400e-03
-2.500000000000000000e+01 1.141215657950349523e-02
-2.400000000000000000e+01 -1.277397367465846895e-02
-2.300000000000000000e+01 -5.089206987377623004e-03
-2.200000000000000000e+01 -7.537107240131241635e-03
-2.100000000000000000e+01 -1.182215926593892892e-03
-2.000000000000000000e+01 -1.172580433192166663e-02
-1.900000000000000000e+01 5.118127263981028102e-03
-1.800000000000000000e+01 -1.464324232206983510e-02
-1.700000000000000000e+01 -1.511963436924607974e-02
-1.600000000000000000e+01 -1.882968891006381665e-02
-1.500000000000000000e+01 8.525933850777777517e-03
-1.400000000000000000e+01 4.471974376817212070e-03
-1.300000000000000000e+01 1.230320026236600243e-02
-1.200000000000000000e+01 2.508976942228775472e-02
-1.100000000000000000e+01 3.517935758419085679e-02
-1.000000000000000000e+01 2.522477112641433386e-02
-9.000000000000000000e+00 5.018248644459945979e-02
-8.000000000000000000e+00 2.252138255014513729e-02
-7.000000000000000000e+00 2.189903195368099117e-02
-6.000000000000000000e+00 1.265802230875538378e-02
-5.000000000000000000e+00 4.318893700166630267e-02
-4.000000000000000000e+00 6.027210453941946044e-02
-3.000000000000000000e+00 6.911708689167891939e-02
-2.000000000000000000e+00 8.315036238291267923e-02
-1.000000000000000000e+00 1.596650565536820998e-01
0.000000000000000000e+00 9.998726925984076086e-01
1.000000000000000000e+00 1.594534530734453559e-01
2.000000000000000000e+00 8.308533035615370266e-02
3.000000000000000000e+00 6.957241230514185637e-02
4.000000000000000000e+00 6.072908819210644238e-02
5.000000000000000000e+00 4.383018167937018789e-02
6.000000000000000000e+00 1.265593394609210512e-02
7.000000000000000000e+00 2.237259389723798841e-02
8.000000000000000000e+00 2.257649160422044859e-02
9.000000000000000000e+00 4.971821148608381036e-02
1.000000000000000000e+01 2.471984395336415327e-02
1.100000000000000000e+01 3.564686704146607238e-02
1.200000000000000000e+01 2.532471497987949169e-02
1.300000000000000000e+01 1.228325970904891283e-02
1.400000000000000000e+01 5.002743914746770985e-03
1.500000000000000000e+01 9.217451511869484068e-03
1.600000000000000000e+01 -1.886990636066691873e-02
1.700000000000000000e+01 -1.456214162571801973e-02
1.800000000000000000e+01 -1.418751262594152886e-02
1.900000000000000000e+01 5.048347255238908038e-03
2.000000000000000000e+01 -1.164279153050329016e-02
2.100000000000000000e+01 -1.797901314918163565e-03
2.200000000000000000e+01 -7.904947646608056003e-03
2.300000000000000000e+01 -5.170245717096656757e-03
2.400000000000000000e+01 -1.302704005951269874e-02
2.500000000000000000e+01 1.182139474887091563e-02
2.600000000000000000e+01 7.102114310790957723e-03
2.700000000000000000e+01 2.118476689011068378e-02
2.800000000000000000e+01 2.012903639930163288e-02
2.900000000000000000e+01 9.763208609001915519e-03
3.000000000000000000e+01 3.384033543610761446e-02
3.100000000000000000e+01 1.409013803599874770e-02
3.200000000000000000e+01 1.485906725304532786e-02
3.300000000000000000e+01 7.721004454788934004e-03
3.400000000000000000e+01 2.402761995641225501e-02
3.500000000000000000e+01 -2.120050394910924854e-02
3.600000000000000000e+01 -7.971044403543653617e-04
3.700000000000000000e+01 1.506347198268243731e-02
3.800000000000000000e+01 1.850728680763861003e-02
3.900000000000000000e+01 1.120635805606082051e-02
4.000000000000000000e+01 -1.934294637267247033e-03
4.100000000000000000e+01 7.529155441412518565e-03
4.200000000000000000e+01 6.695611728532273321e-03
4.300000000000000000e+01 -1.080182807916022988e-02
4.400000000000000000e+01 -1.317811575131290491e-02
4.500000000000000000e+01 1.068993242955214827e-03
4.600000000000000000e+01 1.766577193726321174e-02
4.700000000000000000e+01 -1.460732468099185458e-02
4.800000000000000000e+01 1.904484552595031924e-02
4.900000000000000000e+01 -9.341173950443433516e-03
5.000000000000000000e+01 -1.208855010506044818e-02
-5.000000000000000000e+01 -1.634880679485092164e-02
-4.900000000000000000e+01 -1.092618383742582737e-02
-4.800000000000000000e+01 1.990430310079097098e-02
-4.700000000000000000e+01 -1.463474431176241611e-02
-4.600000000000000000e+01 1.813877116259287117e-02
-4.500000000000000000e+01 -2.695373264821488996e-03
-4.400000000000000000e+01 -1.217051364453853625e-02
-4.300000000000000000e+01 -1.003145057873910777e-02
-4.200000000000000000e+01 8.436390151048534999e-03
-4.100000000000000000e+01 8.066396314770112735e-03
-4.000000000000000000e+01 -8.805366171431760949e-04
-3.900000000000000000e+01 1.141011806459348368e-02
-3.800000000000000000e+01 1.849842346132099177e-02
-3.700000000000000000e+01 1.635081458722817405e-02
-3.600000000000000000e+01 4.055656671732308163e-04
-3.500000000000000000e+01 -2.104162667337947795e-02
-3.400000000000000000e+01 2.360481914690854346e-02
-3.300000000000000000e+01 7.800871421553555105e-03
-3.200000000000000000e+01 1.662416308085781433e-02
-3.100000000000000000e+01 1.310641489210402806e-02
-3.000000000000000000e+01 3.508875397958236692e-02
-2.900000000000000000e+01 1.100691199881090147e-02
-2.800000000000000000e+01 2.000755040899856313e-02
-2.700000000000000000e+01 2.170660597530393865e-02
-2.600000000000000000e+01 9.256387461730245653e-03
-2.500000000000000000e+01 1.139070252231234003e-02
-2.400000000000000000e+01 -1.404665963045320307e-02
-2.300000000000000000e+01 -6.935143476183782026e-03
-2.200000000000000000e+01 -9.729270862774273831e-03
-2.100000000000000000e+01 -3.578685427034301435e-03
-2.000000000000000000e+01 -1.156128488084447875e-02
-1.900000000000000000e+01 4.449141002298634580e-03
-1.800000000000000000e+01 -1.354638099095588355e-02
-1.700000000000000000e+01 -1.470442710522946832e-02
-1.600000000000000000e+01 -2.051511768701912500e-02
-1.500000000000000000e+01 8.730461882189068448e-03
-1.400000000000000000e+01 8.373337768691821795e-03
-1.300000000000000000e+01 1.471162043804433682e-02
-1.200000000000000000e+01 2.680597646078021132e-02
-1.100000000000000000e+01 3.494170771766891975e-02
-1.000000000000000000e+01 2.382780679115407627e-02
-9.000000000000000000e+00 5.046687299489324707e-02
-8.000000000000000000e+00 2.225801158682211636e-02
-7.000000000000000000e+00 2.386867764565551997e-02
-6.000000000000000000e+00 1.221364358559292457e-02
-5.000000000000000000e+00 4.292969974858827642e-02
-4.000000000000000000e+00 6.185431001758350672e-02
-3.000000000000000000e+00 7.289735212555284449e-02
-2.000000000000000000e+00 8.571345039379628383e-02
-1.000000000000000000e+00 1.608667321737584366e-01
0.000000000000000000e+00 9.903285332149994735e-01
1.000000000000000000e+00 1.618177116532758808e-01
2.000000000000000000e+00 8.659990725388737320e-02
3.000000000000000000e+00 7.109023084844066920e-02
4.000000000000000000e+00 5.988206487297965952e-02
5.000000000000000000e+00 4.013675867341791326e-02
6.000000000000000000e+00 1.255501154232673694e-02
7.000000000000000000e+00 2.111247678335918462e-02
8.000000000000000000e+00 2.208198889357024242e-02
9.000000000000000000e+00 5.251703451934013750e-02
1.000000000000000000e+01 2.633301152154606667e-02
1.100000000000000000e+01 3.292174402100393055e-02
1.200000000000000000e+01 2.588365714917479493e-02
1.300000000000000000e+01 1.501240960285843418e-02
1.400000000000000000e+01 6.083062797123351892e-03
1.500000000000000000e+01 4.998863298434263504e-03
1.600000000000000000e+01 -2.013001652885278506e-02
1.700000000000000000e+01 -1.747322630852456843e-02
1.800000000000000000e+01 -1.549908904755585570e-02
1.900000000000000000e+01 4.255205330926324289e-03
2.000000000000000000e+01 -1.208933307457795391e-02
2.100000000000000000e+01 -2.617534682477663929e-04
2.200000000000000000e+01 -7.589781116056916986e-03
2.300000000000000000e+01 -6.511459507013614076e-03
2.400000000000000000e+01 -1.271589934600130499e-02
2.500000000000000000e+01 9.602050073650591697e-03
2.600000000000000000e+01 9.355569041104856709e-03
2.700000000000000000e+01 2.133783966566647414e-02
2.800000000000000000e+01 2.169321294893851448e-02
2.900000000000000000e+01 1.125949469131535922e-02
3.000000000000000000e+01 3.516534472483455465e-02
3.100000000000000000e+01 1.538715514945616404e-02
3.200000000000000000e+01 1.672903162840715802e-02
3.300000000000000000e+01 7.460609761787701487e-03
3.400000000000000000e+01 2.644699742822658947e-02
3.500000000000000000e+01 -2.259232587085154703e-02
3.600000000000000000e+01 1.621192030482594346e-03
3.700000000000000000e+01 1.609226923615941773e-02
3.800000000000000000e+01 1.990612401342045992e-02
3.900000000000000000e+01 1.019912693154820423e-02
4.000000000000000000e+01 -3.680396137146363118e-04
4.100000000000000000e+01 1.286073692468658013e-02
4.200000000000000000e+01 1.079152241453820542e-02
4.300000000000000000e+01 -1.253704083197356572e-02
4.400000000000000000e+01 -1.379722919097922836e-02
4.500000000000000000e+01 -4.307844884244124012e-03
4.600000000000000000e+01 2.096312512743035705e-02
4.700000000000000000e+01 -1.395806358445783255e-02
4.800000000000000000e+01 1.900858229602763946e-02
4.900000000000000000e+01 -9.980273041996615829e-03
5.000000000000000000e+01 -1.400491903396147708e-02
