-5.000000000000000000e+01 -2.277117612412644931e-02
-4.900000000000000000e+01 -2.928295700931280929e-02
-4.800000000000000000e+01 -2.003985692395216997e-02
-4.700000000000000000e+01 -2.778150581410249436e-03
-4.600000000000000000e+01 1.495166254355210014e-02
-4.500000000000000000e+01 1.772008357255641783e-03
-4.400000000000000000e+01 -5.309154447957282336e-03
-4.300000000000000000e+01 7.980008702549260327e-03
-4.200000000000000000e+01 2.360267132705682128e-02
-4.100000000000000000e+01 2.260514773610738590e-02
-4.000000000000000000e+01 1.920143975813997858e-02
-3.900000000000000000e+01 2.470979868440443747e-02
-3.800000000000000000e+01 3.842555848184080886e-02
-3.700000000000000000e+01 5.022119476438021562e-02
-3.600000000000000000e+01 3.668570223349634785e-02
-3.500000000000000000e+01 1.917674050971013289e-02
-3.400000000000000000e+01 2.943672322659579565e-02
-3.300000000000000000e+01 4.130593656713083678e-02
-3.200000000000000000e+01 4.430948976336097217e-02
-3.100000000000000000e+01 4.179897322525293057e-02
-3.000000000000000000e+01 4.188948150486633548e-02
-2.900000000000000000e+01 4.200928538200099371e-02
-2.800000000000000000e+01 4.882102434327793145e-02
-2.700000000000000000e+01 4.454308829429888539e-02
-2.600000000000000000e+01 2.924512795469115523e-02
-2.500000000000000000e+01 -2.843251909650342663e-03
-2.400000000000000000e+01 -2.632703728820674424e-02
-2.300000000000000000e+01 -3.162447276363383047e-02
-2.200000000000000000e+01 -2.559251339777310341e-02
-2.100000000000000000e+01 -2.107262194237218694e-02
-2.000000000000000000e+01 -1.433573898084624515e-02
-1.900000000000000000e+01 -1.285441997320853867e-02
-1.800000000000000000e+01 -2.167169632470524257e-02
-1.700000000000000000e+01 -4.286858651526356812e-02
-1.600000000000000000e+01 -4.439575470601340307e-02
-1.500000000000000000e+01 -1.773406589966891600e-02
-1.400000000000000000e+01 2.167425881617765504e-02
-1.300000000000000000e+01 4.684904562964910257e-02
-1.200000000000000000e+01 4.885387278887797641e-02
-1.100000000000000000e+01 4.736296567130594132e-02
-1.000000000000000000e+01 6.215740465693038452e-02
-9.000000000000000000e+00 7.185286721780305419e-02
-8.000000000000000000e+00 5.349345802405331557e-02
-7.000000000000000000e+00 3.201013674708232115e-02
-6.000000000000000000e+00 3.330504041170010560e-02
-5.000000000000000000e+00 6.217721387620093326e-02
-4.000000000000000000e+00 1.057772959034586069e-01
-3.000000000000000000e+00 1.549291405611498973e-01
-2.000000000000000000e+00 2.655528712714800288e-01
-1.000000000000000000e+00 6.205513142234092561e-01
0.000000000000000000e+00 9.691797695394401835e-01
1.000000000000000000e+00 6.901293025761608968e-01
2.000000000000000000e+00 3.086029277542754468e-01
3.000000000000000000e+00 1.737789178537176848e-01
4.000000000000000000e+00 1.184961910364750182e-01
5.000000000000000000e+00 7.607640589821790256e-02
6.000000000000000000e+00 4.393439892945532471e-02
7.000000000000000000e+00 3.802473052127217784e-02
8.000000000000000000e+00 5.394809220134479805e-02
9.000000000000000000e+00 7.444554967651405286e-02
1.000000000000000000e+01 6.424075671808737731e-02
1.100000000000000000e+01 4.908688844617312835e-02
1.200000000000000000e+01 4.962973826558138984e-02
1.300000000000000000e+01 5.059555177750196808e-02
1.400000000000000000e+01 3.040938812190059626e-02
1.500000000000000000e+01 -6.957797569765282637e-03
1.600000000000000000e+01 -3.996436227407893643e-02
1.700000000000000000e+01 -4.576835676908175971e-02
1.800000000000000000e+01 -2.641525573166251389e-02
1.900000000000000000e+01 -1.089946132324115698e-02
2.000000000000000000e+01 -5.013828442078488087e-03
2.100000000000000000e+01 -1.122468730291716933e-02
2.200000000000000000e+01 -1.771774145792357272e-02
2.300000000000000000e+01 -2.514009746041435955e-02
2.400000000000000000e+01 -2.934323340983542930e-02
2.500000000000000000e+01 -8.606528665279410129e-03
2.600000000000000000e+01 2.414127419486671033e-02
2.700000000000000000e+01 4.373638639151317120e-02
2.800000000000000000e+01 5.206074760077352565e-02
2.900000000000000000e+01 5.045368228399098320e-02
3.000000000000000000e+01 4.908622206270592953e-02
3.100000000000000000e+01 4.600821665332536364e-02
3.200000000000000000e+01 4.244676989774961995e-02
3.300000000000000000e+01 3.938038272440615162e-02
3.400000000000000000e+01 2.696259298719180103e-02
3.500000000000000000e+01 1.555416130386104261e-02
3.600000000000000000e+01 3.166683927470469173e-02
3.700000000000000000e+01 5.256062212173686493e-02
3.800000000000000000e+01 4.253270556221774856e-02
3.900000000000000000e+01 2.819912587037760182e-02
4.000000000000000000e+01 2.201876216250061788e-02
4.100000000000000000e+01 1.744206690174252700e-02
4.200000000000000000e+01 2.268450924387707332e-02
4.300000000000000000e+01 1.713061247580534296e-02
4.400000000000000000e+01 -4.080012419202178227e-03
4.500000000000000000e+01 -3.027934676577733429e-03
4.600000000000000000e+01 1.796028907799060090e-02
4.700000000000000000e+01 1.061538764310282316e-02
4.800000000000000000e+01 -9.436404923062092706e-03
4.900000000000000000e+01 -1.994265039362834446e-02
5.000000000000000000e+01 -1.201829610635997241e-02
-5.000000000000000000e+01 4.754216010800520111e-04
-4.900000000000000000e+01 -2.536177124752982820e-02
-4.800000000000000000e+01 -1.849158441622670429e-02
-4.700000000000000000e+01 -8.255909032058885572e-03
-4.600000000000000000e+01 2.321456068372456175e-02
-4.500000000000000000e+01 7.131949556231883744e-03
-4.400000000000000000e+01 -1.518484801198049378e-02
-4.300000000000000000e+01 -8.694143910500643294e-03
-4.200000000000000000e+01 1.131606413916838236e-02
-4.100000000000000000e+01 1.681489396178151643e-02
-4.000000000000000000e+01 6.503165649156292943e-03
-3.900000000000000000e+01 4.875492258948697054e-03
-3.800000000000000000e+01 1.387701699032701380e-02
-3.700000000000000000e+01 3.896509042600009021e-02
-3.600000000000000000e+01 3.882429381737100699e-02
-3.500000000000000000e+01 6.247021710219870932e-03
-3.400000000000000000e+01 1.044953535131824644e-02
-3.300000000000000000e+01 2.299099042369521367e-02
-3.200000000000000000e+01 2.523229255052287373e-02
-3.100000000000000000e+01 2.766717107216168717e-02
-3.000000000000000000e+01 3.117011521752070802e-02
-2.900000000000000000e+01 2.973967243642773942e-02
-2.800000000000000000e+01 3.343778555832929017e-02
-2.700000000000000000e+01 4.020771342170348372e-02
-2.600000000000000000e+01 4.081411824813271222e-02
-2.500000000000000000e+01 2.473042569026478316e-02
-2.400000000000000000e+01 -8.663881037582348704e-03
-2.300000000000000000e+01 -2.158977007367548009e-02
-2.200000000000000000e+01 -1.927590080275438239e-02
-2.100000000000000000e+01 -1.025965636372261000e-02
-2.000000000000000000e+01 1.479270344807371868e-03
-1.900000000000000000e+01 6.427722058410787788e-03
-1.800000000000000000e+01 1.045574206110951553e-02
-1.700000000000000000e+01 -1.623332844238681988e-02
-1.600000000000000000e+01 -4.379737151074123563e-02
-1.500000000000000000e+01 -3.771089261772745532e-02
-1.400000000000000000e+01 -8.946819158877707817e-03
-1.300000000000000000e+01 2.276075675924705069e-02
-1.200000000000000000e+01 3.537166500071596553e-02
-1.100000000000000000e+01 2.605702801531540116e-02
-1.000000000000000000e+01 3.051364968868571989e-02
-9.000000000000000000e+00 5.690274020433746388e-02
-8.000000000000000000e+00 4.837399719074560178e-02
-7.000000000000000000e+00 2.751985192723606366e-02
-6.000000000000000000e+00 7.995486876698222264e-03
-5.000000000000000000e+00 1.086380701585670100e-02
-4.000000000000000000e+00 3.000346779083424426e-02
-3.000000000000000000e+00 3.533059134002970725e-02
-2.000000000000000000e+00 -3.870148541763149264e-02
-1.000000000000000000e+00 4.733639890452236848e-02
0.000000000000000000e+00 6.990086538721503873e-01
1.000000000000000000e+00 7.980835761377017556e-01
2.000000000000000000e+00 3.618899459683564968e-01
3.000000000000000000e+00 1.649652348597371032e-01
4.000000000000000000e+00 1.096934887720058815e-01
5.000000000000000000e+00 7.582111957072344699e-02
6.000000000000000000e+00 3.862195964281863597e-02
7.000000000000000000e+00 1.347435380977312150e-02
8.000000000000000000e+00 1.376147075894557960e-02
9.000000000000000000e+00 4.495240784414535062e-02
1.000000000000000000e+01 5.655805392760881317e-02
1.100000000000000000e+01 3.443359657811222857e-02
1.200000000000000000e+01 2.847020874919275676e-02
1.300000000000000000e+01 4.314898505458435868e-02
1.400000000000000000e+01 4.407996635199509100e-02
1.500000000000000000e+01 2.510012608829996147e-02
1.600000000000000000e+01 -1.405551691981840601e-02
1.700000000000000000e+01 -4.083972305424942578e-02
1.800000000000000000e+01 -2.523803666587148831e-02
1.900000000000000000e+01 -7.755867863386316924e-03
2.000000000000000000e+01 -1.713892151913412902e-03
2.100000000000000000e+01 -2.943251675585813014e-03
2.200000000000000000e+01 -8.494004768715254089e-03
2.300000000000000000e+01 -1.134194183141753673e-02
2.400000000000000000e+01 -2.723927091054464261e-02
2.500000000000000000e+01 -3.148045710268636971e-02
2.600000000000000000e+01 -3.467112567921816838e-03
2.700000000000000000e+01 1.743573609789660778e-02
2.800000000000000000e+01 2.924450834260074183e-02
2.900000000000000000e+01 3.168233430097090048e-02
3.000000000000000000e+01 3.190007789007646977e-02
3.100000000000000000e+01 3.217013933686575095e-02
3.200000000000000000e+01 2.420069221928875663e-02
3.300000000000000000e+01 2.886089341972324085e-02
3.400000000000000000e+01 3.259594972230511756e-02
3.500000000000000000e+01 9.311927228151781546e-03
3.600000000000000000e+01 -2.907563175390460888e-04
3.700000000000000000e+01 3.085607392161971579e-02
3.800000000000000000e+01 4.339353128252200487e-02
3.900000000000000000e+01 3.038246038670075477e-02
4.000000000000000000e+01 1.915311581130965321e-02
4.100000000000000000e+01 1.058350136247983297e-02
4.200000000000000000e+01 1.878286438165840608e-02
4.300000000000000000e+01 2.116762553625915061e-02
4.400000000000000000e+01 3.849534523628762687e-04
4.500000000000000000e+01 -2.177474797071920348e-02
4.600000000000000000e+01 3.980874972648980152e-03
4.700000000000000000e+01 1.745211975510761390e-02
4.800000000000000000e+01 6.130334540825639784e-03
4.900000000000000000e+01 -7.505374638715487171e-03
5.000000000000000000e+01 -3.213769199961948042e-02
-5.000000000000000000e+01 -3.252178285070421448e-02
-4.900000000000000000e+01 -1.688824745835481103e-02
-4.800000000000000000e+01 -3.727182668793807552e-03
-4.700000000000000000e+01 1.606963560307461333e-02
-4.600000000000000000e+01 1.267299399100544309e-02
-4.500000000000000000e+01 -1.605142679338208631e-02
-4.400000000000000000e+01 -4.806624103690082354e-03
-4.300000000000000000e+01 1.892122301197820752e-02
-4.200000000000000000e+01 2.358130694681384587e-02
-4.100000000000000000e+01 8.866639781603641995e-03
-4.000000000000000000e+01 1.521587359599030007e-02
-3.900000000000000000e+01 2.490900555716904843e-02
-3.800000000000000000e+01 4.064787723124491103e-02
-3.700000000000000000e+01 3.375432022231279749e-02
-3.600000000000000000e+01 2.280021498061760368e-03
-3.500000000000000000e+01 6.458727059866072213e-03
-3.400000000000000000e+01 3.229023377971895759e-02
-3.300000000000000000e+01 3.312727461297990811e-02
-3.200000000000000000e+01 2.758976698488069951e-02
-3.100000000000000000e+01 2.612330241380654561e-02
-3.000000000000000000e+01 2.708621364143033033e-02
-2.900000000000000000e+01 3.163727005049309093e-02
-2.800000000000000000e+01 3.278323761685770360e-02
-2.700000000000000000e+01 2.040030338746585958e-02
-2.600000000000000000e+01 8.532213092749598446e-04
-2.500000000000000000e+01 -3.059927179401141645e-02
-2.400000000000000000e+01 -2.940826409226985488e-02
-2.300000000000000000e+01 -1.489583313096685957e-02
-2.200000000000000000e+01 -1.184020836294065286e-02
-2.100000000000000000e+01 -9.689528470070037786e-03
-2.000000000000000000e+01 -5.058504613538621943e-03
-1.900000000000000000e+01 -5.788980279825930650e-03
-1.800000000000000000e+01 -2.214235572934449003e-02
-1.700000000000000000e+01 -4.081679753550972872e-02
-1.600000000000000000e+01 -1.932752028097205199e-02
-1.500000000000000000e+01 1.771943593660771019e-02
-1.400000000000000000e+01 4.435544720753996362e-02
-1.300000000000000000e+01 4.020058060092872310e-02
-1.200000000000000000e+01 2.251904931552452249e-02
-1.100000000000000000e+01 2.955401220113391958e-02
-1.000000000000000000e+01 5.464695791469765390e-02
-9.000000000000000000e+00 4.590964520878894339e-02
-8.000000000000000000e+00 1.228842374973147973e-02
-7.000000000000000000e+00 4.210127575497714728e-03
-6.000000000000000000e+00 3.181561924487044668e-02
-5.000000000000000000e+00 6.900203173504539100e-02
-4.000000000000000000e+00 1.027795204001308305e-01
-3.000000000000000000e+00 1.398183269162537323e-01
-2.000000000000000000e+00 3.032680925670596106e-01
-1.000000000000000000e+00 7.544974264233507144e-01
0.000000000000000000e+00 7.302338775804000370e-01
1.000000000000000000e+00 5.091652082877523577e-02
2.000000000000000000e+00 -4.354945572426113104e-02
3.000000000000000000e+00 4.098588119761580745e-02
4.000000000000000000e+00 3.192708257858761778e-02
5.000000000000000000e+00 1.300140296900213245e-02
6.000000000000000000e+00 6.995626583154665630e-03
7.000000000000000000e+00 2.463750638576394508e-02
8.000000000000000000e+00 4.625098118551903420e-02
9.000000000000000000e+00 5.537094154347741576e-02
1.000000000000000000e+01 2.511874425299830821e-02
1.100000000000000000e+01 2.167882506762016173e-02
1.200000000000000000e+01 3.290077008487329868e-02
1.300000000000000000e+01 2.732101923718244230e-02
1.400000000000000000e+01 -6.128810545525600548e-03
1.500000000000000000e+01 -3.561079787107047229e-02
1.600000000000000000e+01 -4.453773364918021949e-02
1.700000000000000000e+01 -2.219905595370450999e-02
1.800000000000000000e+01 7.265639274503161472e-03
1.900000000000000000e+01 8.221462015467561821e-03
2.000000000000000000e+01 4.238190684403586074e-03
2.100000000000000000e+01 -7.840510498580158250e-03
2.200000000000000000e+01 -1.478680789929195764e-02
2.300000000000000000e+01 -2.028398933506055796e-02
2.400000000000000000e+01 -1.373922140025838831e-02
2.500000000000000000e+01 2.417975952793250879e-02
2.600000000000000000e+01 4.286205259426480174e-02
2.700000000000000000e+01 4.308713046905817551e-02
2.800000000000000000e+01 3.668481115169056755e-02
2.900000000000000000e+01 3.204117986594252898e-02
3.000000000000000000e+01 3.159833692072974709e-02
3.100000000000000000e+01 3.028179661542957854e-02
3.200000000000000000e+01 2.594291005597986269e-02
3.300000000000000000e+01 2.092680410026230911e-02
3.400000000000000000e+01 6.254989789245541179e-03
3.500000000000000000e+01 4.083554238169541904e-03
3.600000000000000000e+01 3.908053755018580516e-02
3.700000000000000000e+01 4.013935594792756439e-02
3.800000000000000000e+01 1.081700950642754469e-02
3.900000000000000000e+01 7.949782060014409096e-03
4.000000000000000000e+01 5.209439472856944309e-03
4.100000000000000000e+01 1.209139903231293105e-02
4.200000000000000000e+01 1.881254398191406149e-02
4.300000000000000000e+01 -2.086623897058868284e-03
4.400000000000000000e+01 -1.702170688136116564e-02
4.500000000000000000e+01 8.159519507977939720e-03
4.600000000000000000e+01 2.746700658737239245e-02
4.700000000000000000e+01 -6.793686890077201349e-03
4.800000000000000000e+01 -2.079146754429917615e-02
4.900000000000000000e+01 -1.705880259159082285e-02
5.000000000000000000e+01 1.107885495224191809e-02
