6.663239074550129978e-17 6.319998123520006951e-05
2.498107305386134958e-01 6.319998123520006951e-05
4.996214610772269915e-01 6.319998123520006951e-05
7.494321916168100728e-01 6.319998123520006951e-05
9.992429221554236518e-01 6.319998123520006951e-05
1.249053652695006678e+00 5.923711348231890144e-05
1.498864383233620146e+00 5.415617102349170898e-05
1.748675113772233836e+00 4.829243885160962476e-05
1.998485844311816972e+00 4.211829018101045859e-05
2.248296574850430218e+00 3.746295294518978722e-05
2.498107305389043908e+00 3.447089323189974833e-05
2.747918035928627045e+00 3.281121584293172509e-05
2.997728766467240291e+00 3.230809612331396919e-05
3.247539497006823428e+00 3.290937730976102365e-05
3.497350227545437118e+00 3.467745521937623244e-05
3.747160958084050808e+00 3.780019413290623345e-05
3.996971688623633945e+00 4.253344866065050263e-05
4.246782419162247635e+00 4.778679364348629722e-05
4.496593149700860437e+00 5.300068974532654915e-05
4.746403880240444018e+00 5.802985521182856942e-05
4.996214610779057708e+00 6.272169525093369954e-05
5.246025341317670510e+00 6.692377410238157034e-05
5.495836071857254090e+00 7.049192926508812348e-05
5.745646802395867780e+00 7.329843540329904249e-05
5.995457532935450473e+00 7.524782993981554116e-05
6.245268263474064163e+00 7.639878706246732007e-05
6.495078994012677853e+00 7.675916723448381735e-05
6.744889724552260546e+00 7.631771384950624792e-05
6.994700455090874236e+00 7.508821100727516656e-05
7.244511185629487926e+00 7.310876866979268494e-05
7.494321916169070619e+00 7.043986072139196762e-05
7.744132646707684309e+00 6.716125684655257437e-05
7.993943377246297999e+00 6.345818635776751644e-05
8.243754107785880691e+00 6.077845055685964344e-05
8.493564838324495270e+00 5.947188400401754349e-05
8.743375568864077962e+00 5.945301354534093005e-05
8.993186299402690764e+00 6.072061381366894786e-05
9.242997029941305343e+00 6.335757365485709318e-05
9.492807760480888035e+00 6.753999513672541573e-05
9.742618491019500837e+00 7.355693368019745925e-05
9.992429221558115415e+00 8.162058618843094691e-05
1.024223995209769811e+01 8.830267423304978514e-05
1.049205068263631091e+01 9.172188887889099547e-05
1.074186141317589360e+01 9.147388195009259774e-05
1.099167214371450818e+01 8.758832412143071982e-05
1.124148287425312098e+01 8.052306740325840468e-05
1.149129360479270545e+01 7.107541276330937830e-05
1.174110433533131825e+01 6.023424309215934393e-05
1.199091506586993106e+01 4.925269681547411168e-05
1.224072579640951552e+01 4.210463256741025882e-05
1.249053652694812833e+01 3.870707435502951252e-05
1.274034725748674113e+01 3.826585399016855279e-05
1.299015798802632560e+01 4.068113598388694408e-05
1.323996871856493840e+01 4.650882115182523657e-05
1.348977944910452109e+01 5.717921516925469682e-05
1.373959017964313567e+01 7.559649266870283025e-05
1.398940091018174847e+01 1.067570166805404476e-04
1.423921164072133116e+01 1.440722872056733053e-04
1.448902237125994574e+01 1.786290566959308551e-04
1.473883310179855854e+01 2.034751563676454207e-04
1.498864383233814124e+01 2.129405194216919958e-04
1.523845456287675582e+01 2.047353613809429899e-04
1.548826529341536862e+01 1.808485544828439175e-04
1.573807602395495131e+01 1.467657966633500706e-04
1.598788675449356589e+01 1.101667920630620859e-04
1.623769748503314858e+01 8.560770318937666360e-05
1.648750821557176138e+01 7.168572802543309974e-05
1.673731894611037418e+01 6.468599578389171308e-05
1.698712967664995688e+01 6.289926188001891336e-05
1.723694040718857323e+01 6.590806221646916584e-05
1.748675113772718603e+01 7.441992876367418388e-05
1.773656186826676873e+01 9.055192140378093149e-05
1.798637259880538153e+01 1.180428457079670684e-04
1.823618332934496422e+01 1.494266772346513087e-04
1.848599405988357702e+01 1.773210065685864732e-04
1.873580479042219338e+01 1.972585410343633753e-04
1.898561552096177607e+01 2.057098206261584082e-04
1.923542625150038887e+01 2.011026596831948839e-04
1.948523698203900167e+01 1.842995111994951340e-04
1.973504771257858437e+01 1.583339813836091197e-04
1.998485844311720072e+01 1.280368283452329740e-04
2.023466917365581352e+01 1.044875735680557665e-04
2.048447990419539622e+01 8.824350662196486783e-05
2.073429063473400902e+01 7.712394722661813278e-05
2.098410136527359171e+01 6.975640926501539246e-05
2.123391209581220451e+01 6.529311111490816786e-05
2.148372282635082087e+01 6.324686236374067608e-05
2.173353355689040356e+01 6.340142006546601152e-05
2.198334428742901636e+01 6.564956720146214355e-05
2.223315501796762916e+01 6.796737295450322642e-05
2.248296574850721186e+01 6.952950694531645904e-05
2.273277647904582466e+01 7.028098897194425291e-05
2.298258720958444101e+01 7.019507257597942080e-05
2.323239794012402371e+01 6.927482534445924091e-05
2.348220867066263651e+01 6.755294709051910785e-05
2.373201940120221920e+01 6.508984094027901398e-05
2.398183013174083200e+01 6.203129441168080138e-05
2.423164086227944480e+01 5.949247888684556915e-05
2.448145159281903105e+01 5.778547055030259003e-05
2.473126232335764385e+01 5.684347380896061024e-05
2.498107305389625665e+01 5.663017903129430433e-05
2.523088378443583935e+01 5.713741998998872197e-05
2.548069451497445215e+01 5.838465055676939308e-05
2.573050524551403484e+01 6.042019350134852408e-05
2.598031597605265119e+01 6.326994865695150341e-05
2.623012670659126400e+01 6.602475083465363700e-05
2.647993743713084669e+01 6.827573330160514029e-05
2.672974816766945949e+01 6.996426709817691908e-05
2.697955889820807229e+01 7.104549072438120973e-05
2.722936962874765499e+01 7.149029037621731518e-05
2.747918035928627134e+01 7.128660256315033097e-05
2.772899108982488414e+01 7.043995775791745675e-05
2.797880182036446683e+01 6.898724439337235604e-05
2.822861255090307964e+01 6.721178026028382373e-05
2.847842328144266233e+01 6.522851345423233069e-05
2.872823401198127513e+01 6.305870459131837353e-05
2.897804474251989149e+01 6.072507920336279346e-05
2.922785547305947418e+01 5.825143337965181495e-05
2.947766620359808698e+01 5.566223292014798896e-05
2.972747693413669978e+01 5.298221535672441909e-05
2.997728766467628247e+01 5.026476618136522482e-05
3.022709839521489528e+01 4.802793313772710151e-05
3.047690912575351163e+01 4.639931890276962338e-05
3.072671985629309432e+01 4.532280615787858172e-05
3.097653058683170713e+01 4.476199708556956666e-05
3.122634131737128982e+01 4.469815482044608659e-05
3.147615204790990262e+01 4.512915624116430133e-05
3.172596277844851542e+01 4.606937385900572668e-05
3.197577350898810167e+01 4.753756692777826438e-05
3.222558423952671092e+01 4.933475401233036181e-05
3.247539497006532372e+01 5.139755322465439688e-05
3.272520570060490996e+01 5.375333118094511345e-05
3.297501643114352277e+01 5.643412325389422811e-05
3.322482716168310901e+01 5.947735431795351700e-05
3.347463789222172181e+01 6.292670072172569344e-05
3.372444862276033462e+01 6.683312105296059912e-05
3.397425935329991376e+01 7.120699121221596645e-05
3.422407008383853366e+01 7.513233393426377055e-05
3.447388081437714646e+01 7.812452555881228963e-05
3.472369154491672560e+01 8.005789631198950934e-05
3.497350227545533841e+01 8.084947852391944831e-05
3.522331300599395121e+01 8.046491194612440383e-05
3.547312373653353745e+01 7.892091755277370652e-05
3.572293446707215026e+01 7.628409168011761625e-05
3.597274519761173650e+01 7.273035362143014213e-05
3.622255592815034930e+01 6.955179914169502332e-05
3.647236665868896210e+01 6.713959119385027176e-05
3.672217738922854124e+01 6.542242994714854681e-05
3.697198811976715405e+01 6.435055598301431257e-05
3.722179885030577395e+01 6.389333989719084381e-05
3.747160958084535309e+01 6.403781896865237179e-05
3.772142031138396590e+01 6.478808271182523990e-05
3.797123104192257870e+01 6.613386722292690517e-05
3.822104177246216494e+01 6.748987814525046227e-05
3.847085250300077774e+01 6.861407323197823841e-05
3.872066323354036399e+01 6.949404517210848106e-05
3.897047396407897679e+01 7.011998516325605127e-05
3.922028469461758959e+01 7.048486489734082409e-05
3.947009542515716873e+01 7.058456792163312927e-05
3.971990615569578154e+01 7.041796694232861534e-05
3.996971688623440144e+01 7.001804807233111554e-05
4.021952761677398058e+01 6.999135623540636846e-05
4.046933834731259338e+01 7.057234913367741423e-05
4.071914907785217963e+01 7.177620536716847351e-05
4.096895980839079243e+01 7.363464045669538855e-05
4.121877053892940523e+01 7.619730342533732133e-05
4.146858126946899148e+01 7.953399348160771637e-05
4.171839200000760428e+01 8.373783573868962590e-05
4.196820273054621708e+01 8.886236041277944544e-05
4.221801346108579622e+01 9.363996129527633384e-05
4.246782419162440902e+01 9.741746651725633659e-05
4.271763492216302183e+01 1.000563512086794540e-04
4.296744565270260807e+01 1.014576307786017970e-04
4.321725638324122087e+01 1.015680224482620948e-04
4.346706711378080712e+01 1.003833076915083036e-04
4.371687784431941992e+01 9.794859977311006101e-05
4.396668857485803272e+01 9.438027721301945402e-05
4.421649930539761186e+01 9.027972633296597502e-05
4.446631003593623177e+01 8.590449045315670760e-05
4.471612076647484457e+01 8.131265565441338108e-05
4.496593149701442371e+01 7.656267016677797781e-05
4.521574222755303651e+01 7.171213364955864478e-05
4.546555295809164932e+01 6.681667562688346513e-05
4.571536368863123556e+01 6.192895202892495358e-05
4.596517441916984836e+01 5.714034977199891965e-05
4.621498514970943461e+01 5.328301084595145419e-05
4.646479588024804741e+01 5.051378418490740790e-05
4.671460661078666021e+01 4.868625120724114666e-05
4.696441734132623935e+01 4.770655440666035781e-05
4.721422807186485215e+01 4.752532006035930883e-05
4.746403880240347206e+01 4.813348798255557637e-05
4.771384953294305120e+01 4.956155244355439865e-05
4.796366026348166400e+01 5.184882707742513824e-05
4.821347099402125025e+01 5.438811562430188271e-05
4.846328172455986305e+01 5.690801513755083802e-05
4.871309245509847585e+01 5.939463460118751120e-05
4.896290318563806210e+01 6.183371525356791008e-05
4.921271391617667490e+01 6.421076126272809057e-05
4.946252464671528770e+01 6.651117898010422977e-05
4.971233537725486684e+01 6.872042297933148448e-05
4.996214610779347964e+01 7.085057743021672041e-05
5.021195683833209245e+01 7.345826686928677422e-05
5.046176756887167869e+01 7.682844066025691784e-05
5.071157829941029149e+01 8.105641975987733358e-05
5.096138902994987774e+01 8.626544622178084051e-05
5.121119976048849054e+01 9.261266606703739480e-05
5.146101049102710334e+01 1.002970033412850721e-04
5.171082122156668248e+01 1.095694762727246219e-04
5.196063195210530239e+01 1.205658218855240566e-04
5.221044268264391519e+01 1.294643687447602639e-04
5.246025341318349433e+01 1.339538249183618870e-04
5.271006414372210713e+01 1.335484321069566776e-04
5.295987487426169338e+01 1.282925041269428114e-04
5.320968560480030618e+01 1.187524516673694168e-04
5.345949633533891898e+01 1.059162755078918845e-04
5.370930706587850523e+01 9.102519763867239911e-05
5.395911779641711803e+01 7.558023780172472771e-05
5.420892852695573083e+01 6.422711320081312368e-05
5.445873925749530997e+01 5.717339404835809427e-05
5.470854998803392277e+01 5.331322696764240318e-05
5.495836071857254268e+01 5.207645230348467193e-05
5.520817144911212182e+01 5.328601394023276845e-05
5.545798217965073462e+01 5.711504214795719384e-05
5.570779291019032087e+01 6.412881176824385859e-05
5.595760364072893367e+01 7.521140522697167014e-05
5.620741437126754647e+01 8.661283144852881786e-05
5.645722510180713272e+01 9.550594781594815106e-05
5.670703583234574552e+01 1.008389351537019652e-04
5.695684656288435832e+01 1.019473009303996499e-04
5.720665729342393746e+01 9.868993499553764840e-05
5.745646802396255026e+01 9.147862810329757057e-05
5.770627875450117017e+01 8.119252958632992628e-05
5.795608948504074931e+01 6.914799696503185866e-05
5.820590021557936211e+01 5.919764277475129456e-05
5.845571094611894836e+01 5.192227362263752982e-05
5.870552167665756116e+01 4.665814493921824672e-05
5.895533240719617396e+01 4.295618585424819695e-05
5.920514313773575310e+01 4.051804067414410042e-05
5.945495386827437301e+01 3.915575819784332916e-05
5.970476459881298581e+01 3.876745739089913908e-05
5.995457532935256495e+01 3.931347387283662192e-05
6.020438605989117775e+01 4.057821429179932210e-05
6.045419679043076400e+01 4.252060367711919071e-05
6.070400752096937680e+01 4.523357283468062864e-05
6.095381825150798960e+01 4.885143702176142068e-05
6.120362898204757585e+01 5.356101210163314940e-05
6.145343971258618865e+01 5.961769580160476418e-05
6.170325044312480145e+01 6.736845365177801775e-05
6.195306117366438059e+01 7.718951320879151312e-05
6.220287190420300050e+01 8.721108751155879290e-05
6.245268263474161330e+01 9.604532423480085243e-05
6.270249336528119244e+01 1.031031363934877638e-04
6.295230409581980524e+01 1.078844001670027235e-04
6.320211482635939149e+01 1.100364449111788229e-04
6.345192555689800429e+01 1.093970409013350495e-04
6.370173628743661709e+01 1.060146109465183158e-04
6.395154701797620334e+01 1.002237480861921739e-04
6.420135774851480903e+01 9.417723472718731587e-05
6.445116847905342183e+01 8.865086954685892835e-05
6.470097920959301518e+01 8.359529534125348968e-05
6.495078994013162799e+01 7.896641908009804640e-05
6.520060067067024079e+01 7.472481068411731414e-05
6.545041140120981993e+01 7.083517541353452304e-05
6.570022213174843273e+01 6.726589038038887139e-05
6.595003286228801187e+01 6.400934405183349434e-05
6.619984359282662467e+01 6.150022256097757256e-05
6.644965432336523747e+01 5.985133236634501745e-05
6.669946505390483082e+01 5.899765946361799538e-05
6.694927578444344363e+01 5.890600466094597420e-05
6.719908651498205643e+01 5.957282245436920838e-05
6.744889724552163557e+01 6.102399145942989054e-05
6.769870797606024837e+01 6.331649549909836429e-05
6.794851870659982751e+01 6.647934612361339787e-05
6.819832943713845452e+01 6.907256156117132153e-05
6.844814016767706732e+01 7.035080528174191266e-05
6.869795089821664646e+01 7.023883049624768729e-05
6.894776162875525927e+01 6.874326549005978909e-05
6.919757235929387207e+01 6.595196399453041988e-05
6.944738308983345121e+01 6.202546023333735143e-05
6.969719382037206401e+01 5.718168460802466234e-05
6.994700455091067681e+01 5.172854517780406148e-05
7.019681528145027016e+01 4.705378450969838590e-05
7.044662601198888296e+01 4.348749579855990080e-05
7.069643674252846210e+01 4.083567945521990913e-05
7.094624747306707491e+01 3.896015878087624382e-05
7.119605820360568771e+01 3.776653977518216966e-05
7.144586893414526685e+01 3.719625526899238708e-05
7.169567966468387965e+01 3.722175008077874020e-05
7.194549039522249245e+01 3.782362354745020546e-05
7.219530112576208580e+01 3.851484426836779967e-05
7.244511185630069861e+01 3.907681206014130892e-05
7.269492258683931141e+01 3.950354517731534480e-05
7.294473331737889055e+01 3.979046228972267361e-05
7.319454404791750335e+01 3.993446435468010850e-05
7.344435477845708249e+01 3.993399033837358251e-05
7.369416550899569529e+01 3.978904538547241347e-05
7.394397623953430809e+01 3.952164238367419805e-05
7.419378697007390144e+01 3.963834775587235938e-05
7.444359770061251425e+01 4.036481561872173971e-05
7.469340843115112705e+01 4.173469775151047751e-05
7.494321916169070619e+01 4.381254105998962436e-05
7.519302989222931899e+01 4.669888185896604475e-05
7.544284062276889813e+01 5.053838877498272318e-05
7.569265135330752514e+01 5.553198170737972934e-05
7.594246208384613794e+01 6.190773788991942961e-05
7.619227281438571708e+01 6.870946995830917519e-05
7.644208354492432989e+01 7.529967033567788780e-05
7.669189427546294269e+01 8.148437988673382657e-05
7.694170500600252183e+01 8.706838084175890001e-05
7.719151573654113463e+01 9.186527618509802778e-05
7.744132646707974743e+01 9.570775193863665146e-05
7.769113719761934078e+01 9.845724038500628934e-05
7.794094792815795358e+01 1.000170644052048849e-04
7.819075865869753272e+01 1.004533042553888499e-04
7.844056938923614553e+01 9.980518329982687948e-05
7.869038011977475833e+01 9.809360896256156734e-05
7.894019085031433747e+01 9.537335840996347461e-05
7.919000158085295027e+01 9.173016722871503794e-05
7.943981231139156307e+01 8.727624267208469342e-05
7.968962304193115642e+01 8.214452896825738472e-05
7.993943377246976922e+01 7.652512932270741277e-05
8.018924450300838203e+01 7.159678063828660776e-05
8.043905523354796117e+01 6.770617148176863670e-05
8.068886596408657397e+01 6.471550714311182699e-05
8.093867669462615311e+01 6.252213512336275735e-05
8.118848742516476591e+01 6.105265886077724017e-05
8.143829815570339292e+01 6.025883121144036018e-05
8.168810888624297206e+01 6.011490498672691549e-05
8.193791961678158486e+01 6.060240530846218730e-05
8.218773034732019767e+01 6.136730192832263195e-05
8.243754107785977681e+01 6.225426058217961751e-05
8.268735180839838961e+01 6.326827747886214421e-05
8.293716253893798296e+01 6.441512055204030027e-05
8.318697326947659576e+01 6.570138413039081234e-05
8.343678400001520856e+01 6.713455209339740483e-05
8.368659473055478770e+01 6.872307035902532708e-05
8.393640546109340050e+01 7.044976130398963269e-05
8.418621619163201331e+01 7.159543794378561449e-05
8.443602692217159245e+01 7.180620566993187398e-05
8.468583765271020525e+01 7.107377973976883475e-05
8.493564838324881805e+01 6.942688021914508538e-05
8.518545911378841140e+01 6.692936320154039913e-05
8.543526984432702420e+01 6.367611236219123869e-05
8.568508057486660334e+01 5.978705929557863528e-05
8.593489130540521614e+01 5.543828822676346744e-05
8.618470203594382895e+01 5.173197683242427815e-05
8.643451276648340809e+01 4.899185288829467633e-05
8.668432349702202089e+01 4.708734283186550147e-05
8.693413422756063369e+01 4.593037915119800937e-05
8.718394495810022704e+01 4.546858149642402314e-05
8.743375568863883984e+01 4.568128466129137697e-05
8.768356641917745264e+01 4.657798966094274642e-05
8.793337714971703178e+01 4.820127101522591473e-05
8.818318788025564459e+01 5.068942642494156999e-05
8.843299861079522373e+01 5.420058743658189097e-05
8.868280934133383653e+01 5.892754386981899291e-05
8.893262007187246354e+01 6.514189916762434178e-05
8.918243080241204268e+01 7.322008384871591432e-05
8.943224153295065548e+01 8.368117267256454763e-05
8.968205226348926828e+01 9.724180756842834789e-05
8.993186299402884742e+01 1.146993257582009528e-04
9.018167372456746023e+01 1.308781406130018359e-04
9.043148445510705358e+01 1.413429095997052385e-04
9.068129518564566638e+01 1.444713055874228180e-04
9.093110591618427918e+01 1.397622318817552602e-04
9.118091664672385832e+01 1.279672144983355598e-04
9.143072737726247112e+01 1.108940552655919202e-04
9.168053810780108392e+01 9.095330266992718835e-05
9.193034883834066306e+01 7.077547690243006203e-05
9.218015956887927587e+01 5.598982598207847178e-05
9.242997029941788867e+01 4.647666662167599836e-05
9.267978102995748202e+01 4.048185155637990223e-05
9.292959176049609482e+01 3.699860119961301545e-05
9.317940249103567396e+01 3.548213822344626923e-05
9.342921322157428676e+01 3.570539179644699522e-05
9.367902395211289956e+01 3.770139012527986991e-05
9.392883468265247870e+01 4.170105658732553653e-05
9.417864541319109151e+01 4.601157284010264070e-05
9.442845614372970431e+01 4.951436383175994058e-05
9.467826687426929766e+01 5.196841026238234272e-05
9.492807760480791046e+01 5.319756622806391991e-05
9.517788833534748960e+01 5.311145510164391796e-05
9.542769906588610240e+01 5.171645408607734423e-05
9.567750979642471520e+01 4.911491355518645969e-05
9.592732052696429434e+01 4.554292110624359133e-05
9.617713125750290715e+01 4.259359810512956145e-05
9.642694198804153416e+01 4.078696801694953596e-05
9.667675271858111330e+01 3.999006991463646660e-05
9.692656344911972610e+01 4.014547048166324075e-05
9.717637417965833890e+01 4.126431005048318871e-05
9.742618491019791804e+01 4.342764424884570766e-05
9.767599564073653085e+01 4.679630927120279472e-05
9.792580637127612420e+01 5.161073684268899860e-05
9.817561710181473700e+01 5.757680842962701939e-05
9.842542783235334980e+01 6.461758605629613851e-05
9.867523856289292894e+01 7.295406341223894023e-05
9.892504929343154174e+01 8.285979547295738905e-05
9.917486002397015454e+01 9.467467910720246097e-05
9.942467075450973368e+01 1.088226859166600548e-04
9.967448148504834649e+01 1.258347683481241539e-04
9.992429221558695929e+01 1.462237010624259251e-04
1.001741029461265526e+02 1.653397565446874083e-04
1.004239136766651654e+02 1.791848300251968056e-04
1.006737244072047446e+02 1.861185274800466571e-04
1.009235351377433574e+02 1.852859122997803831e-04
1.011733458682819702e+02 1.767907816972948587e-04
1.014231565988215493e+02 1.616743991266728444e-04
1.016729673293601621e+02 1.417056996027159818e-04
1.019227780598987749e+02 1.192144462451788034e-04
1.021725887904383683e+02 1.006943348034898859e-04
1.024223995209769811e+02 8.722914018705544669e-05
1.026722102515165602e+02 7.749943727067263081e-05
1.029220209820551730e+02 7.061808062888294492e-05
1.031718317125937858e+02 6.599540110890452134e-05
1.034216424431333650e+02 6.325455999485246530e-05
1.036714531736719920e+02 6.217995571021318695e-05
1.039212639042106048e+02 6.265372110547619191e-05
1.041710746347501839e+02 6.358327828000874126e-05
1.044208853652887967e+02 6.444661532034132319e-05
1.046706960958274095e+02 6.524067751691947170e-05
1.049205068263669887e+02 6.596262995068299711e-05
1.051703175569056015e+02 6.660987434296938956e-05
1.054201282874451948e+02 6.718006462743922769e-05
1.056699390179838076e+02 6.767112111341532714e-05
1.059197497485224204e+02 6.807633934907292045e-05
1.061695604790619996e+02 6.823644324193611701e-05
1.064193712096006124e+02 6.807430642176656743e-05
1.066691819401392252e+02 6.759222229494776162e-05
1.069189926706788043e+02 6.679698836597207552e-05
1.071688034012174171e+02 6.569974674439728367e-05
1.074186141317560299e+02 6.431572437128342513e-05
1.076684248622956233e+02 6.266388143075377678e-05
1.079182355928342361e+02 6.077936262788190063e-05
1.081680463233738152e+02 5.909301875448948248e-05
1.084178570539124280e+02 5.778387602007361207e-05
1.086676677844510408e+02 5.682868705658307955e-05
1.089174785149906199e+02 5.621070516206055803e-05
1.091672892455292327e+02 5.591919404914345751e-05
1.094170999760678455e+02 5.594911637920315197e-05
1.096669107066074389e+02 5.630098840783790971e-05
1.099167214371460517e+02 5.696572438089020607e-05
1.101665321676856308e+02 5.744438972957422270e-05
1.104163428982242436e+02 5.748478239722808750e-05
1.106661536287628564e+02 5.708597716458151610e-05
1.109159643593024356e+02 5.625708992902040063e-05
1.111657750898410626e+02 5.501693130165764823e-05
1.114155858203796754e+02 5.339329695191817577e-05
1.116653965509192545e+02 5.142193208579655400e-05
1.119152072814578673e+02 4.916652600801686403e-05
1.121650180119964801e+02 4.735976240743046026e-05
1.124148287425360593e+02 4.628912702997889231e-05
1.126646394730746721e+02 4.590689819346435165e-05
1.129144502036142654e+02 4.619621484757619514e-05
1.131642609341528782e+02 4.716983086217021781e-05
1.134140716646914910e+02 4.887105665914280464e-05
1.136638823952310702e+02 5.137698599638018226e-05
1.139136931257696830e+02 5.477854410532481102e-05
1.141635038563082958e+02 5.828291422786182621e-05
1.144133145868478749e+02 6.138982764119343125e-05
1.146631253173864877e+02 6.401414521322656233e-05
1.149129360479251005e+02 6.608149639625177378e-05
1.151627467784646939e+02 6.753177559592929251e-05
1.154125575090033067e+02 6.832204388626633945e-05
1.156623682395428858e+02 6.842864067731187834e-05
1.159121789700814986e+02 6.786318716108946669e-05
1.161619897006201114e+02 6.715440782840237063e-05
1.164118004311596906e+02 6.655898352111973900e-05
1.166616111616983034e+02 6.607401891187326569e-05
1.169114218922369304e+02 6.569716834882387258e-05
1.171612326227765095e+02 6.542661693755726766e-05
1.174110433533151223e+02 6.526106596615148395e-05
1.176608540838547015e+02 6.519972250946485127e-05
1.179106648143933143e+02 6.524652666911816658e-05
1.181604755449319271e+02 6.555332610428020392e-05
1.184102862754715062e+02 6.620023561093547546e-05
1.186600970060101332e+02 6.719729733455241986e-05
1.189099077365487460e+02 6.856011624548850316e-05
1.191597184670883252e+02 7.031026786768062870e-05
1.194095291976269380e+02 7.247586841973556340e-05
1.196593399281655508e+02 7.509232849289161204e-05
1.199091506587051299e+02 7.815560592444470585e-05
1.201589613892437427e+02 7.991928708354292408e-05
1.204087721197833361e+02 7.940173413957098765e-05
1.206585828503219489e+02 7.664702341423326639e-05
1.209083935808605617e+02 7.188652984623875183e-05
1.211582043114001408e+02 6.550684230165903675e-05
1.214080150419387536e+02 5.799796165188916955e-05
1.216578257724773664e+02 4.989140283674614568e-05
1.219076365030169455e+02 4.177417780539757910e-05
1.221574472335555583e+02 3.639462320211217993e-05
1.224072579640941711e+02 3.412452117798045253e-05
1.226570686946337645e+02 3.443467015755537414e-05
1.229068794251723773e+02 3.739601374148684288e-05
1.231566901557119564e+02 4.370737421026614749e-05
1.234065008862505692e+02 5.497739329172614373e-05
1.236563116167891820e+02 7.442410051444095888e-05
1.239061223473287612e+02 1.081774825821913078e-04
1.241559330778673740e+02 1.546922273173993354e-04
1.244057438084060010e+02 2.081481746905219628e-04
1.246555545389455801e+02 2.635416211506333190e-04
1.249053652694841929e+02 3.139773442218989291e-04
1.251551760000237721e+02 3.519815523831066662e-04
1.254049867305623849e+02 3.712906264955835242e-04
1.256547974611009977e+02 3.685365452764348816e-04
1.259046081916405910e+02 3.446592250755534993e-04
1.261544189221792038e+02 3.194387659229272003e-04
1.264042296527178166e+02 3.011059438958870404e-04
1.266540403832573958e+02 2.886589549778213900e-04
1.269038511137960086e+02 2.814392977676653156e-04
1.271536618443346214e+02 2.790733971353252926e-04
1.274034725748742005e+02 2.814402038568043101e-04
1.276532833054128133e+02 2.886608136462240088e-04
1.279030940359524067e+02 3.008210716916711529e-04
1.281529047664910195e+02 3.067992379091369045e-04
1.284027154970296181e+02 3.003453970573622344e-04
1.286525262275692114e+02 2.822333731516825199e-04
1.289023369581078384e+02 2.545753993967176786e-04
1.291521476886464370e+02 2.204170486536493744e-04
1.294019584191860304e+02 1.831869845784901121e-04
1.296517691497246290e+02 1.461385272834521193e-04
1.299015798802632560e+02 1.120641236053699611e-04
1.301513906108028209e+02 8.738769448833772358e-05
1.304012013413414479e+02 7.135309703453671614e-05
1.306510120718810413e+02 6.100342773801270535e-05
1.309008228024196399e+02 5.461029373091879307e-05
1.311506335329582669e+02 5.118864697572282450e-05
1.314004442634978318e+02 5.024023383826763768e-05
1.316502549940364588e+02 5.163075997713637607e-05
1.319000657245750574e+02 5.549940314116407912e-05
1.321498764551146508e+02 5.978380253295609222e-05
1.323996871856532493e+02 6.310540356902621939e-05
1.326494979161928427e+02 6.527356812507589747e-05
1.328993086467314697e+02 6.616006914711139366e-05
1.331491193772700683e+02 6.571164491639759663e-05
1.333989301078096616e+02 6.395529677471489013e-05
1.336487408383482602e+02 6.099559749728612583e-05
1.338985515688868873e+02 5.704922464542413861e-05
1.341483622994264522e+02 5.406911407787724463e-05
1.343981730299650792e+02 5.282994678628501786e-05
1.346479837605037062e+02 5.321603398112333518e-05
1.348977944910432711e+02 5.526322794055746356e-05
1.351476052215818981e+02 5.916452803276815638e-05
1.353974159521214631e+02 6.530072038352129678e-05
1.356472266826600901e+02 7.430293216870319695e-05
1.358970374131986887e+02 8.705481376789245089e-05
1.361468481437382820e+02 9.968972180700225768e-05
1.363966588742769090e+02 1.085401025918858746e-04
1.366464696048155076e+02 1.123601529766210912e-04
1.368962803353551010e+02 1.105902058110840193e-04
1.371460910658936996e+02 1.034911615088851934e-04
1.373959017964332929e+02 9.208144087870655009e-05
1.376457125269718915e+02 7.789744300848355156e-05
1.378955232575105185e+02 6.274452806636527399e-05
1.381453339880501119e+02 5.119048662137857142e-05
1.383951447185887105e+02 4.372088655438448546e-05
1.386449554491273375e+02 3.909083637012312871e-05
1.388947661796669024e+02 3.658872416607736696e-05
1.391445769102055294e+02 3.585137944260847044e-05
1.393943876407441280e+02 3.677483864660466680e-05
1.396441983712837214e+02 3.948953157184253407e-05
1.398940091018223200e+02 4.435865301741909444e-05
1.401438198323619133e+02 5.044526348669659520e-05
1.403936305629005403e+02 5.706543943069394370e-05
1.406434412934391389e+02 6.421502608345311348e-05
1.408932520239787323e+02 7.188046650463718931e-05
1.411430627545173309e+02 8.003792797146470493e-05
1.413928734850559579e+02 8.865260741308509827e-05
1.416426842155955228e+02 9.767826031809991667e-05
1.418924949461341498e+02 1.070361096030397752e-04
1.421423056766727768e+02 1.156265312793071896e-04
1.423921164072123418e+02 1.225486508695562422e-04
1.426419271377509688e+02 1.274334459829622147e-04
1.428917378682905337e+02 1.300116216825769448e-04
1.431415485988291607e+02 1.301381951030494591e-04
1.433913593293677593e+02 1.278059987246426058e-04
1.436411700599073527e+02 1.231463525798747502e-04
1.438909807904459797e+02 1.164816016527417993e-04
1.441407915209845783e+02 1.109731482975917998e-04
1.443906022515241716e+02 1.079880919688726591e-04
1.446404129820627702e+02 1.073324926983318216e-04
1.448902237126023635e+02 1.089642290868729073e-04
1.451400344431409621e+02 1.129884556981950225e-04
1.453898451736795892e+02 1.196689780570668344e-04
1.456396559042191825e+02 1.294572803025935046e-04
1.458894666347577811e+02 1.429659990222724572e-04
1.461392773652964081e+02 1.570954073977899818e-04
1.463890880958359730e+02 1.693625922336128948e-04
1.466388988263746000e+02 1.791409090533382432e-04
1.468887095569131986e+02 1.859068246843094538e-04
1.471385202874527920e+02 1.892862949394571786e-04
1.473883310179913906e+02 1.890890090482701136e-04
1.476381417485309839e+02 1.853261395366488174e-04
1.478879524790696109e+02 1.782319017974756377e-04
1.481377632096082095e+02 1.692269414969920448e-04
1.483875739401478029e+02 1.591674343689664572e-04
1.486373846706864015e+02 1.482994611086322723e-04
1.488871954012250285e+02 1.368754551323176640e-04
1.491370061317645934e+02 1.251446321545896271e-04
1.493868168623032204e+02 1.133442576288855010e-04
1.496366275928418474e+02 1.016921583277288586e-04
1.498864383233814124e+02 9.040917486467969679e-05
1.501362490539200394e+02 8.089133906625510268e-05
1.503860597844596043e+02 7.346682536047590534e-05
1.506358705149982313e+02 6.772987156929769208e-05
1.508856812455368299e+02 6.338244092222301937e-05
1.511354919760764233e+02 6.020844324516413411e-05
1.513853027066150503e+02 5.805579356123180128e-05
1.516351134371536489e+02 5.682421738060254921e-05
1.518849241676932422e+02 5.644316443977174413e-05
1.521347348982318408e+02 5.617550596265384388e-05
1.523845456287714342e+02 5.562217933321522630e-05
1.526343563593100328e+02 5.479164997883386888e-05
1.528841670898486598e+02 5.369651824510138981e-05
1.531339778203882531e+02 5.235320135137247678e-05
1.533837885509268517e+02 5.078152400678321660e-05
1.536335992814654787e+02 4.900423195051688583e-05
1.538834100120050437e+02 4.704858275445688063e-05
1.541332207425436707e+02 4.504661299974551628e-05
1.543830314730822693e+02 4.306782988650935200e-05
1.546328422036218626e+02 4.111677895932072939e-05
1.548826529341604612e+02 3.919768614073127242e-05
1.551324636647000546e+02 3.731444846765372847e-05
1.553822743952386816e+02 3.547062756136498652e-05
1.556320851257772802e+02 3.366944575836615123e-05
1.558818958563168735e+02 3.192923581159939905e-05
1.561317065868554721e+02 3.103252790757482228e-05
1.563815173173940991e+02 3.136210233950385086e-05
1.566313280479336640e+02 3.295737119539184377e-05
1.568811387784722911e+02 3.601300339517726231e-05
1.571309495090109181e+02 4.091904631723443001e-05
1.573807602395504830e+02 4.834494241496732956e-05
1.576305709700891100e+02 5.939309731137100282e-05
1.578803817006286749e+02 7.579205622149175865e-05
1.581301924311673019e+02 9.492045203318425959e-05
1.583800031617059005e+02 1.129489339694252396e-04
1.586298138922454939e+02 1.276999435414401544e-04
1.588796246227841209e+02 1.371783278016555098e-04
1.591294353533227195e+02 1.400124109876679573e-04
1.593792460838623128e+02 1.357793715119556279e-04
1.596290568144009114e+02 1.251086346193066451e-04
1.598788675449405048e+02 1.095985004768462349e-04
1.601286782754791034e+02 9.456529038115050806e-05
1.603784890060177304e+02 8.201264884487253831e-05
1.606282997365573237e+02 7.149107831057971115e-05
1.608781104670959223e+02 6.263899577362846299e-05
1.611279211976345493e+02 5.516449611230319841e-05
1.613777319281741143e+02 4.883109406666538016e-05
1.616275426587127413e+02 4.344653884739223368e-05
1.618773533892513399e+02 3.886374712101200627e-05
1.621271641197909332e+02 3.545077814198515406e-05
1.623769748503295318e+02 3.324759061979728662e-05
1.626267855808691252e+02 3.205884632863695007e-05
1.628765963114077522e+02 3.178256225842758276e-05
1.631264070419463508e+02 3.239539116800728451e-05
1.633762177724859441e+02 3.394930246764111257e-05
1.636260285030245427e+02 3.657899659490053841e-05
1.638758392335631697e+02 4.050038734076443159e-05
1.641256499641027347e+02 4.470511599091512819e-05
1.643754606946413617e+02 4.833578960162830072e-05
1.646252714251799887e+02 5.119103981647770243e-05
1.648750821557195536e+02 5.310465933347484639e-05
1.651248928862581806e+02 5.396160335897034387e-05
1.653747036167977456e+02 5.370943771712914774e-05
1.656245143473363726e+02 5.236364964598593869e-05
1.658743250778749712e+02 5.002079356481456754e-05
1.661241358084145645e+02 4.764410353136565003e-05
1.663739465389531915e+02 4.571482823116398666e-05
1.666237572694917901e+02 4.418698558017326693e-05
1.668735680000313835e+02 4.302501281205243307e-05
1.671233787305699821e+02 4.220238467557161570e-05
1.673731894611095754e+02 4.170060208697500725e-05
1.676230001916481740e+02 4.150849713648458979e-05
1.678728109221868010e+02 4.162209693452779648e-05
1.681226216527263944e+02 4.206109758278975177e-05
1.683724323832649929e+02 4.284613231476518558e-05
1.686222431138036200e+02 4.399638826366869667e-05
1.688720538443431849e+02 4.554039629203653414e-05
1.691218645748818119e+02 4.751721331757416850e-05
1.693716753054204105e+02 4.997807207475897734e-05
1.696214860359600038e+02 5.298859606231098119e-05
1.698712967664986024e+02 5.661909530575574053e-05
1.701211074970381958e+02 6.012772860125641062e-05
1.703709182275768228e+02 6.294000134425141489e-05
1.706207289581154214e+02 6.494097052900938403e-05
1.708705396886550147e+02 6.604666286244449669e-05
1.711203504191936133e+02 6.620991956605573679e-05
1.713701611497322403e+02 6.542373270649107491e-05
1.716199718802718053e+02 6.372174417341726045e-05
1.718697826108104323e+02 6.118723298563117654e-05
1.721195933413490593e+02 5.861783456412907869e-05
1.723694040718886242e+02 5.642729287431622992e-05
1.726192148024272512e+02 5.458070577824483010e-05
1.728690255329668162e+02 5.304928887718658254e-05
1.731188362635054432e+02 5.180962793448785220e-05
1.733686469940440418e+02 5.084308189756814159e-05
1.736184577245836351e+02 5.013531519690418790e-05
1.738682684551222621e+02 4.966984949244392615e-05
1.741180791856608607e+02 4.904279595512392323e-05
1.743678899162004541e+02 4.802653168446226249e-05
1.746177006467390527e+02 4.664561814954222552e-05
1.748675113772786460e+02 4.493286453258161454e-05
1.751173221078172446e+02 4.292803261841315134e-05
1.753671328383558716e+02 4.067630448809075519e-05
1.756169435688954650e+02 3.822659535002747216e-05
1.758667542994340636e+02 3.564111744639815373e-05
1.761165650299726906e+02 3.368312591221474597e-05
1.763663757605122555e+02 3.268848403734781724e-05
1.766161864910508825e+02 3.257605474825284132e-05
1.768659972215894811e+02 3.333676908528484476e-05
1.771158079521290745e+02 3.503239604924272382e-05
1.773656186826676731e+02 3.780397713232151816e-05
1.776154294132072664e+02 4.189155255296789476e-05
1.778652401437458934e+02 4.764822397312683071e-05
1.781150508742844920e+02 5.396609886324349708e-05
1.783648616048240854e+02 5.974574220689598424e-05
1.786146723353626840e+02 6.465535870489870734e-05
1.788644830659013110e+02 6.839332521741123608e-05
1.791142937964408759e+02 7.071874449329663829e-05
1.793641045269795029e+02 7.147711143327593018e-05
1.796139152575181299e+02 7.061729430561391487e-05
1.798637259880576948e+02 6.821910738183086312e-05
1.801135367185963219e+02 6.592856533623334884e-05
1.803633474491358868e+02 6.464139682545016476e-05
1.806131581796745138e+02 6.430094480987350340e-05
1.808629689102131124e+02 6.489234832936028447e-05
1.811127796407527057e+02 6.644145610822414305e-05
1.813625903712913328e+02 6.901671866530321628e-05
1.816124011018299313e+02 7.273425377508335710e-05
1.818622118323695247e+02 7.775040726834939501e-05
1.821120225629081233e+02 8.302646781804394775e-05
1.823618332934477166e+02 8.773632078098981234e-05
1.826116440239863152e+02 9.174686663091230889e-05
1.828614547545249422e+02 9.494061272646641628e-05
1.831112654850645356e+02 9.722138104556784361e-05
1.833610762156031342e+02 9.851911645579393851e-05
1.836108869461417612e+02 9.879346031412739222e-05
1.838606976766813261e+02 9.804710452013139222e-05
1.841105084072199531e+02 9.714040681681009233e-05
1.843603191377585517e+02 9.659745374004579061e-05
1.846101298682981451e+02 9.641221384433721459e-05
1.848599405988367437e+02 9.658263453088783933e-05
1.851097513293763370e+02 9.711060409367869555e-05
1.853595620599149640e+02 9.800198663349243410e-05
1.856093727904535626e+02 9.926673074479804059e-05
1.858591835209931560e+02 1.009131491625043164e-04
1.861089942515317546e+02 1.024938433989473161e-04
1.863588049820703816e+02 1.037095298829727921e-04
1.866086157126099749e+02 1.045467217203486165e-04
1.868584264431485735e+02 1.049960690097788033e-04
1.871082371736881669e+02 1.050525326601441789e-04
1.873580479042267655e+02 1.047154784557129587e-04
1.876078586347653925e+02 1.039886889141486089e-04
1.878576693653049574e+02 1.028808336700749807e-04
1.881074800958435844e+02 1.014467509969384012e-04
1.883572908263821830e+02 9.972685725753846139e-05
1.886071015569217764e+02 9.773642433202077483e-05
1.888569122874604034e+02 9.549289998289680064e-05
1.891067230179990020e+02 9.301565341415912714e-05
1.893565337485385953e+02 9.032569726684160929e-05
1.896063444790771939e+02 8.744539162259488138e-05
1.898561552096167873e+02 8.440735855592572043e-05
1.901059659401553859e+02 8.196694085372619376e-05
1.903557766706940129e+02 8.053603967675401830e-05
1.906055874012336062e+02 8.006356757043987457e-05
1.908553981317722048e+02 8.053278758873676224e-05
1.911052088623108318e+02 8.196032125024773859e-05
1.913550195928503967e+02 8.439713372704797472e-05
1.916048303233890238e+02 8.793157834019791176e-05
1.918546410539276224e+02 9.267637285038091881e-05
1.921044517844672157e+02 9.716549123651428449e-05
1.923542625150058143e+02 1.002554173647594063e-04
1.926040732455454076e+02 1.018020266800885571e-04
1.928538839760840347e+02 1.017320450437861324e-04
1.931036947066226332e+02 1.000488041038225505e-04
1.933535054371622266e+02 9.683197834099232062e-05
1.936033161677008252e+02 9.223133269329987570e-05
1.938531268982394522e+02 8.647488733595473968e-05
1.941029376287790456e+02 8.141295338180548071e-05
1.943527483593176441e+02 7.795766246381175208e-05
1.946025590898572375e+02 7.592519238152365063e-05
1.948523698203958361e+02 7.520986124196410222e-05
1.951021805509344631e+02 7.577491671179957913e-05
1.953519912814740280e+02 7.764937094902173164e-05
1.956018020120126550e+02 8.093049742773197929e-05
1.958516127425512536e+02 8.577551193958275104e-05
1.961014234730908470e+02 9.083427852997002117e-05
1.963512342036294740e+02 9.501923657658969122e-05
1.966010449341680726e+02 9.818578483756968572e-05
1.968508556647076659e+02 1.002215254020489903e-04
1.971006663952462645e+02 1.010528844632846695e-04
1.973504771257858579e+02 1.006495260149827019e-04
1.976002878563244565e+02 9.902618928614056440e-05
1.978500985868630835e+02 9.624589449557071003e-05
1.980999093174026768e+02 9.277379756731784100e-05
1.983497200479412754e+02 8.892046508468006002e-05
1.985995307784799024e+02 8.474447375149395405e-05
1.988493415090194674e+02 8.030716948748647976e-05
1.990991522395580944e+02 7.567118258004494244e-05
1.993489629700966930e+02 7.089898103291597954e-05
1.995987737006362863e+02 6.605150782561946838e-05
1.998485844311749133e+02 6.119954916752240513e-05
2.000983951617144783e+02 5.751898864592553637e-05
2.003482058922531053e+02 5.555393652409100616e-05
2.005980166227917039e+02 5.513901630092434372e-05
2.008478273533312972e+02 5.623980006994016418e-05
2.010976380838698958e+02 5.894800354691903703e-05
2.013474488144085228e+02 6.349433988889984740e-05
2.015972595449481162e+02 7.028157777724206587e-05
2.018470702754867148e+02 7.992331598168152143e-05
2.020968810060263081e+02 9.095728840289118533e-05
2.023466917365649067e+02 1.018083891490488124e-04
2.025965024671035337e+02 1.120757561640892298e-04
2.028463131976430986e+02 1.213449871658582352e-04
2.030961239281817257e+02 1.292153335774785621e-04
2.033459346587203243e+02 1.353282035519324058e-04
2.035957453892599176e+02 1.393941766364145208e-04
2.038455561197985446e+02 1.412162755464119656e-04
2.040953668503371432e+02 1.407630091135190695e-04
2.043451775808767366e+02 1.380943816317881383e-04
2.045949883114153351e+02 1.333359180414518826e-04
2.048447990419549285e+02 1.267074000584648356e-04
2.050946097724935271e+02 1.185060389481002585e-04
2.053444205030321541e+02 1.090844039626901092e-04
2.055942312335717475e+02 9.882538665986263272e-05
2.058440419641103460e+02 8.813524685724339605e-05
2.060938526946489731e+02 7.912240871631614125e-05
2.063436634251885380e+02 7.258236666944283216e-05
2.065934741557271650e+02 6.803689732052519974e-05
2.068432848862657636e+02 6.516878526819028651e-05
2.070930956168053569e+02 6.378469773605591480e-05
2.073429063473439840e+02 6.379330873027661778e-05
2.075927170778835489e+02 6.519518237352397202e-05
2.078425278084221759e+02 6.808111351740561365e-05
2.080923385389607745e+02 7.244448353234491419e-05
2.083421492695003678e+02 7.840385980161758623e-05
2.085919600000389664e+02 8.630242890775189984e-05
2.088417707305775934e+02 9.661889061334429237e-05
2.090915814611171868e+02 1.100156646694268613e-04
2.093413921916557854e+02 1.274091034877169711e-04
2.095912029221953787e+02 1.500720604117875879e-04
2.098410136527339773e+02 1.797105635582826129e-04
2.100908243832726043e+02 2.087842494388179610e-04
2.103406351138121693e+02 2.279428274487212158e-04
2.105904458443507963e+02 2.338612148011152113e-04
2.108402565748893949e+02 2.254730000603073238e-04
2.110900673054289882e+02 2.042842843039037134e-04
2.113398780359676152e+02 1.739319809494125724e-04
2.115896887665062138e+02 1.391643517619671000e-04
2.118394994970458072e+02 1.046958302726837888e-04
2.120893102275844058e+02 7.922197233391723174e-05
2.123391209581239991e+02 6.314681971395346154e-05
2.125889316886625977e+02 5.302087401288748574e-05
2.128387424192012247e+02 4.689557327936566723e-05
2.130885531497408181e+02 4.369244853004953529e-05
2.133383638802794167e+02 4.288155093854470918e-05
2.135881746108180437e+02 4.433269703346518251e-05
2.138379853413576086e+02 4.826996141090125650e-05
2.140877960718962356e+02 5.396275888727713891e-05
2.143376068024348342e+02 6.086290228365916568e-05
2.145874175329744276e+02 6.925521635096368799e-05
2.148372282635130546e+02 7.950485353920217001e-05
2.150870389940526195e+02 9.208229031642803299e-05
2.153368497245912465e+02 1.075969356724923849e-04
2.155866604551298451e+02 1.268425640461348072e-04
2.158364711856694385e+02 1.508323119700896763e-04
2.160862819162080370e+02 1.769003346287151626e-04
2.163360926467466641e+02 2.014552554276903258e-04
2.165859033772862574e+02 2.227636006727789402e-04
2.168357141078248560e+02 2.391803721312218576e-04
2.170855248383644494e+02 2.493575521795927583e-04
2.173353355689030479e+02 2.524266451606933543e-04
2.175851462994416750e+02 2.481210128721544244e-04
2.178349570299812399e+02 2.368287120320730762e-04
2.180847677605198669e+02 2.212946826087758181e-04
2.183345784910584655e+02 2.035830725282051406e-04
2.185843892215980588e+02 1.843938410478080389e-04
2.188341999521366859e+02 1.644315755264736854e-04
2.190840106826752844e+02 1.443637270014997451e-04
2.193338214132148778e+02 1.247857557604139730e-04
2.195836321437534764e+02 1.061954726545424806e-04
2.198334428742930697e+02 8.899626011136063208e-05
2.200832536048316683e+02 7.557384779560713073e-05
2.203330643353702953e+02 6.635283874734534493e-05
2.205828750659098887e+02 6.023316392547669901e-05
2.208326857964484873e+02 5.653274065909278675e-05
2.210824965269871143e+02 5.485959527851475199e-05
2.213323072575266792e+02 5.504189198502080891e-05
2.215821179880653062e+02 5.709818500493086396e-05
2.218319287186039048e+02 6.122978703342585023e-05
2.220817394491434982e+02 6.619042736196669872e-05
2.223315501796821252e+02 7.085364961263712754e-05
2.225813609102216901e+02 7.510413860158263535e-05
2.228311716407603171e+02 7.883155936117047845e-05
2.230809823712989157e+02 8.193528511999677950e-05
2.233307931018385091e+02 8.432889801951637041e-05
2.235806038323771077e+02 8.594418249577341910e-05
2.238304145629157347e+02 8.673648058892133794e-05
2.240802252934553280e+02 8.699839961133494471e-05
2.243300360239939266e+02 8.695097685303100014e-05
2.245798467545335200e+02 8.659471793236047071e-05
2.248296574850721186e+02 8.593341538029658424e-05
2.250794682156107456e+02 8.497408143151725360e-05
2.253292789461503105e+02 8.372682424620474088e-05
2.255790896766889375e+02 8.220467061779300119e-05
2.258289004072275361e+02 8.042494248332231698e-05
2.260787111377671295e+02 7.864762744479494026e-05
2.263285218683057565e+02 7.704513671053814532e-05
2.265783325988443551e+02 7.560831714362144858e-05
2.268281433293839484e+02 7.432906178553995403e-05
2.270779540599225470e+02 7.320023369298471298e-05
2.273277647904621404e+02 7.221559960790653804e-05
2.275775755210007389e+02 7.136977259830473675e-05
2.278273862515393660e+02 7.065755582048718149e-05
2.280771969820789593e+02 6.997805633985006212e-05
2.283270077126175579e+02 6.926076687474329774e-05
2.285768184431561849e+02 6.850698757379220492e-05
2.288266291736957498e+02 6.771807448729331817e-05
2.290764399042343769e+02 6.689543550933627872e-05
2.293262506347739418e+02 6.604052620051309192e-05
2.295760613653125688e+02 6.515484550860663009e-05
2.298258720958511958e+02 6.423672807915821491e-05
2.300756828263907607e+02 6.275820395368057508e-05
2.303254935569293878e+02 6.038664468876117088e-05
2.305753042874679863e+02 5.722615816827217127e-05
2.308251150180075797e+02 5.341110723639627727e-05
2.310749257485461783e+02 4.909665114397792143e-05
2.313247364790848053e+02 4.444833095480320024e-05
2.315745472096243986e+02 3.963166735272383677e-05
2.318243579401629972e+02 3.481197761737741435e-05
2.320741686707025906e+02 3.157843634395336198e-05
2.323239794012411892e+02 3.062640220129242056e-05
2.325737901317798162e+02 3.175738807299275496e-05
2.328236008623193811e+02 3.520764730457339673e-05
2.330734115928580081e+02 4.173233339269928437e-05
2.333232223233966067e+02 5.288734503536707542e-05
2.335730330539362001e+02 7.165958649228821957e-05
2.338228437844748271e+02 1.037612073728467707e-04
2.340726545150134257e+02 1.471483930955676473e-04
2.343224652455530190e+02 1.915861240805219446e-04
2.345722759760916176e+02 2.290132444006618697e-04
2.348220867066312110e+02 2.513304840618336066e-04
2.350718974371698096e+02 2.532315168105030048e-04
2.353217081677084366e+02 2.342493342897443908e-04
2.355715188982480299e+02 1.989422359260800167e-04
2.358213296287866285e+02 1.551758567471983228e-04
2.360711403593252555e+02 1.194045733972437187e-04
2.363209510898648205e+02 9.560777981283739933e-05
2.365707618204034475e+02 7.966012205291538831e-05
2.368205725509430124e+02 6.906597771748945237e-05
2.370703832814816394e+02 6.231072771114300440e-05
2.373201940120202664e+02 5.849745133883154209e-05
2.375700047425598314e+02 5.714609104381033328e-05
2.378198154730984584e+02 5.808547865901284734e-05
2.380696262036370570e+02 6.017906837845268131e-05
2.383194369341766503e+02 6.257546306300007066e-05
2.385692476647152489e+02 6.530454504302171247e-05
2.388190583952538759e+02 6.840116025749540935e-05
2.390688691257934693e+02 7.190585473625312623e-05
2.393186798563320679e+02 7.586575109035891397e-05
2.395684905868716612e+02 8.033559133195690709e-05
2.398183013174102598e+02 8.537341782143884864e-05
2.400681120479488868e+02 8.979539932855363951e-05
2.403179227784884517e+02 9.249810496375861278e-05
2.405677335090270788e+02 9.331660190995746268e-05
2.408175442395656773e+02 9.220029856837021393e-05
2.410673549701052707e+02 8.921812057065983226e-05
2.413171657006438977e+02 8.455146648644438644e-05
2.415669764311824963e+02 7.847594424838767410e-05
2.418167871617220896e+02 7.134086022138115166e-05
2.420665978922606882e+02 6.481834146260981690e-05
2.423164086228002816e+02 5.977275779937541816e-05
2.425662193533388802e+02 5.594412429055466011e-05
2.428160300838775072e+02 5.314366150546440820e-05
2.430658408144171005e+02 5.123824821265140741e-05
2.433156515449556991e+02 5.013983264092955472e-05
2.435654622754943261e+02 4.979861836423628036e-05
2.438152730060338911e+02 5.019991974342191091e-05
2.440650837365725181e+02 5.151623109414634122e-05
2.443148944671121114e+02 5.394384366333286086e-05
2.445647051976507100e+02 5.763634585802746761e-05
2.448145159281893370e+02 6.283588481557736448e-05
2.450643266587289020e+02 6.989977479193997282e-05
2.453141373892675290e+02 7.934152862650621434e-05
2.455639481198061276e+02 9.189292931191956606e-05
2.458137588503457209e+02 1.085818231944394089e-04
2.460635695808843195e+02 1.262179781516910748e-04
2.463133803114229465e+02 1.403299017321853854e-04
2.465631910419625399e+02 1.492258755494841325e-04
2.468130017725011385e+02 1.517759510416007943e-04
2.470628125030407318e+02 1.476477056313550956e-04
2.473126232335793304e+02 1.373774197088860501e-04
2.475624339641179574e+02 1.222556446171961975e-04
2.478122446946575224e+02 1.040774467267227522e-04
2.480620554251961494e+02 8.840412008464414899e-05
2.483118661557347480e+02 7.742266251887975519e-05
2.485616768862743413e+02 6.991066270917414469e-05
2.488114876168129683e+02 6.508762963897851044e-05
2.490612983473515669e+02 6.247887665351098093e-05
2.493111090778911603e+02 6.183689713986646036e-05
2.495609198084297589e+02 6.310182012668054765e-05
2.498107305389693522e+02 6.638521633408436308e-05
2.500605412695079508e+02 6.996814926971300951e-05
2.503103520000465778e+02 7.223892353591554352e-05
2.505601627305861712e+02 7.306073088757180051e-05
2.508099734611247698e+02 7.238334130850827212e-05
2.510597841916633968e+02 7.024818513452355179e-05
2.513095949222029617e+02 6.678415850328297079e-05
2.515594056527415887e+02 6.219474264600279359e-05
2.518092163832811821e+02 5.674334292226467641e-05
2.520590271138197807e+02 5.209417742948629118e-05
2.523088378443584077e+02 4.915519129894462078e-05
2.525586485748979726e+02 4.767113970054937162e-05
2.528084593054365996e+02 4.751684731265322435e-05
2.530582700359751982e+02 4.867944741344717844e-05
2.533080807665147915e+02 5.125657701233245775e-05
2.535578914970533901e+02 5.547017027170250187e-05
2.538077022275920172e+02 6.169195921935820206e-05
2.540575129581316105e+02 6.815253221395859394e-05
2.543073236886702091e+02 7.278779701497218799e-05
2.545571344192098024e+02 7.515507257308276458e-05
2.548069451497484010e+02 7.502070937535672420e-05
2.550567558802870280e+02 7.239810169155248408e-05
2.553065666108265930e+02 6.754548683135725481e-05
2.555563773413652200e+02 6.092403207284461899e-05
2.558061880719038186e+02 5.313110870395734475e-05
2.560559988024434119e+02 4.638261623544652539e-05
2.563058095329820389e+02 4.167710233613161483e-05
2.565556202635206660e+02 3.854567921948054318e-05
2.568054309940602025e+02 3.669355595475061579e-05
2.570552417245988295e+02 3.595338712560513828e-05
2.573050524551384228e+02 3.625982741682282816e-05
2.575548631856770498e+02 3.763982244403835928e-05
2.578046739162156769e+02 4.021423058159791480e-05
2.580544846467552134e+02 4.329496228804831994e-05
2.583042953772938404e+02 4.617450880234268769e-05
2.585541061078324674e+02 4.878367561730615002e-05
2.588039168383720607e+02 5.105685631963518948e-05
2.590537275689106309e+02 5.293475886046417105e-05
2.593035382994502243e+02 5.436696929445290972e-05
2.595533490299888513e+02 5.531419865633478293e-05
2.598031597605274783e+02 5.575081242193093069e-05
2.600529704910670716e+02 5.594935957409034720e-05
2.603027812216056418e+02 5.613986375537345180e-05
2.605525919521442688e+02 5.632223810345240783e-05
2.608024026826838622e+02 5.649639927411050110e-05
2.610522134132224892e+02 5.666226750470239727e-05
2.613020241437610593e+02 5.681976667502909188e-05
2.615518348743006527e+02 5.696882436554551307e-05
2.618016456048392797e+02 5.711034990840373866e-05
2.620514563353788731e+02 5.765080636023903665e-05
2.623012670659175001e+02 5.894233511276532908e-05
2.625510777964560702e+02 6.103524249814744503e-05
2.628008885269956636e+02 6.401258972294984490e-05
2.630506992575342906e+02 6.799570902835095319e-05
2.633005099880729176e+02 7.315247122613667736e-05
2.635503207186125110e+02 7.970909590934001853e-05
2.638001314491510811e+02 8.796328279269423464e-05
2.640499421796897082e+02 9.664313915274549516e-05
2.642997529102293015e+02 1.042261034811782852e-04
2.645495636407679285e+02 1.103361560789272301e-04
2.647993743713074650e+02 1.146555473876242339e-04
2.650491851018460920e+02 1.169521388332655365e-04
2.652989958323847191e+02 1.171000659097037882e-04
2.655488065629243124e+02 1.150911646029400425e-04
2.657986172934629394e+02 1.110390587736504619e-04
2.660484280240015096e+02 1.066929329870541652e-04
2.662982387545411029e+02 1.033334830015458311e-04
2.665480494850797299e+02 1.008769665379791565e-04
2.667978602156193233e+02 9.926325035873599558e-05
2.670476709461579503e+02 9.845335081425407142e-05
2.672974816766965205e+02 9.842786011310778284e-05
2.675472924072361138e+02 9.918616913912838473e-05
2.677971031377747408e+02 1.007451189371658329e-04
2.680469138683133679e+02 1.024391580004722972e-04
2.682967245988529044e+02 1.036785159155894574e-04
2.685465353293915314e+02 1.044461243558605657e-04
2.687963460599301584e+02 1.047313429608229599e-04
2.690461567904697517e+02 1.045302047786100206e-04
2.692959675210083788e+02 1.038455080808351957e-04
2.695457782515479153e+02 1.026867515794272330e-04
2.697955889820865423e+02 1.010697076804413513e-04
2.700453997126251693e+02 9.890154083850476651e-05
2.702952104431647626e+02 9.612468449901014273e-05
2.705450211737033328e+02 9.279329972082218058e-05
2.707948319042419598e+02 8.897093017201087792e-05
2.710446426347815532e+02 8.472848970140038074e-05
2.712944533653201802e+02 8.014208198733561441e-05
2.715442640958588072e+02 7.529074555101918824e-05
2.717940748263983437e+02 7.025536249224121786e-05
2.720438855569369707e+02 6.577323407009548180e-05
2.722936962874765641e+02 6.231167629324340545e-05
2.725435070180151911e+02 5.973655772246711209e-05
2.727933177485538181e+02 5.795107168875032175e-05
2.730431284790933546e+02 5.688965116989014135e-05
2.732929392096319816e+02 5.651394051792686473e-05
2.735427499401706086e+02 5.681047622741321017e-05
2.737925606707102020e+02 5.778922300516602193e-05
2.740423714012487721e+02 5.902952311910111041e-05
2.742921821317883655e+02 6.014982054982919736e-05
2.745419928623269925e+02 6.114233766819035683e-05
2.747918035928656195e+02 6.200009917951413211e-05
2.750416143234052129e+02 6.271701371526957767e-05
2.752914250539437830e+02 6.328794585091541839e-05
2.755412357844824101e+02 6.370877735921721941e-05
2.757910465150220034e+02 6.397702028052971144e-05
2.760408572455606304e+02 6.451326527435478008e-05
2.762906679760992006e+02 6.569557224611593117e-05
2.765404787066387939e+02 6.755931497681532229e-05
2.767902894371774210e+02 7.016110754555723882e-05
2.770401001677170143e+02 7.358167945396828027e-05
2.772899108982556413e+02 7.793006122215033612e-05
2.775397216287942115e+02 8.334938506752726656e-05
2.777895323593338048e+02 9.002244257200043664e-05
2.780393430898724318e+02 9.614399487735939996e-05
2.782891538204110589e+02 9.969741175588656633e-05
2.785389645509506522e+02 1.003774024926435890e-04
2.787887752814892224e+02 9.812470667851361022e-05
2.790385860120288157e+02 9.313461832210748377e-05
2.792883967425674427e+02 8.582904016872727965e-05
2.795382074731060698e+02 7.679761300044883967e-05
2.797880182036456063e+02 6.672107630848702253e-05
2.800378289341842333e+02 5.767208503844048148e-05
2.802876396647228603e+02 5.066677115591212283e-05
2.805374503952624536e+02 4.524137246333881992e-05
2.807872611258010807e+02 4.105851904012205197e-05
2.810370718563396508e+02 3.787265539660813189e-05
2.812868825868792442e+02 3.550611852697158500e-05
2.815366933174178712e+02 3.383261816732231362e-05
2.817865040479574645e+02 3.276607370788372050e-05
2.820363147784960915e+02 3.236198356035657715e-05
2.822861255090346617e+02 3.269342921250214222e-05
2.825359362395742551e+02 3.378317270502970539e-05
2.827857469701128821e+02 3.570713493940023205e-05
2.830355577006515091e+02 3.860327852385866303e-05
2.832853684311910456e+02 4.268821447448460833e-05
2.835351791617296726e+02 4.828435158703430098e-05
2.837849898922682996e+02 5.586168933163737063e-05
2.840348006228078930e+02 6.516003557492623059e-05
2.842846113533465200e+02 7.565791881116275741e-05
2.845344220838860565e+02 8.744466106618902456e-05
2.847842328144246835e+02 1.006046460063743581e-04
2.850340435449633105e+02 1.152148890823363156e-04
2.852838542755029039e+02 1.313424173507420230e-04
2.855336650060414740e+02 1.490415074980440077e-04
2.857834757365801011e+02 1.683478410437594093e-04
2.860332864671196944e+02 1.848574588734555591e-04
2.862830971976583214e+02 1.931975199663558474e-04
2.865329079281979148e+02 1.921769322841127405e-04
2.867827186587364849e+02 1.819433164102107791e-04
2.870325293892751120e+02 1.639479904126183265e-04
2.872823401198147053e+02 1.406083880947009001e-04
2.875321508503533323e+02 1.147761102326490587e-04
2.877819615808919593e+02 8.917478848536210918e-05
2.880317723114314958e+02 6.955272019278835500e-05
2.882815830419701228e+02 5.713904680601892291e-05
2.885313937725087499e+02 4.944230416514394378e-05
2.887812045030483432e+02 4.506208187233703820e-05
2.890310152335869134e+02 4.325841891330297034e-05
2.892808259641265067e+02 4.373980788449512408e-05
2.895306366946651337e+02 4.658326661197391693e-05
2.897804474252037608e+02 5.225445043056367502e-05
2.900302581557433541e+02 6.010717750187994680e-05
2.902800688862819243e+02 6.919403624493149652e-05
2.905298796168205513e+02 7.971687653730634112e-05
2.907796903473601446e+02 9.191177692057721053e-05
2.910295010778987717e+02 1.060550444233546028e-04
2.912793118084373418e+02 1.224702988032372916e-04
2.915291225389769352e+02 1.415368428851016078e-04
2.917789332695155622e+02 1.636977936087168843e-04
2.920287440000551555e+02 1.852586826390300407e-04
2.922785547305937826e+02 2.009685928172475118e-04
2.925283654611323527e+02 2.089737259453446560e-04
2.927781761916719461e+02 2.082903046261255667e-04
2.930279869222105731e+02 1.990033093307065355e-04
2.932777976527492001e+02 1.822491101363284387e-04
2.935276083832887934e+02 1.599868946503473042e-04
2.937774191138273636e+02 1.346240306839990061e-04
2.940272298443669570e+02 1.119515819879476204e-04
2.942770405749055840e+02 9.463086259085118487e-05
2.945268513054442110e+02 8.130743880191378993e-05
2.947766620359838043e+02 7.101051808644310355e-05
2.950264727665223745e+02 6.303909935974709151e-05
2.952762834970610015e+02 5.688427620459144481e-05
2.955260942276005949e+02 5.217583300494874564e-05
2.957759049581392219e+02 4.864550193510959111e-05
2.960257156886777921e+02 4.649733887830542073e-05
2.962755264192173854e+02 4.592828508052549546e-05
2.965253371497560124e+02 4.688123922967734182e-05
2.967751478802956058e+02 4.945209086780576592e-05
2.970249586108342328e+02 5.390598128953365237e-05
2.972747693413728030e+02 6.072338539445726790e-05
2.975245800719123963e+02 7.068735277898249532e-05
2.977743908024510233e+02 8.503334310557007553e-05
2.980242015329896503e+02 1.012704181234766763e-04
2.982740122635291868e+02 1.147052498141333895e-04
2.985238229940678139e+02 1.235638210387902415e-04
2.987736337246064409e+02 1.265921299896827516e-04
2.990234444551460342e+02 1.233472374679707125e-04
2.992732551856846612e+02 1.143034898223707402e-04
2.995230659162241977e+02 1.007388283950516757e-04
2.997728766467628247e+02 8.443945573888132121e-05
3.000226873773014518e+02 7.020802896582595634e-05
3.002724981078410451e+02 6.025277996386501082e-05
3.005223088383796721e+02 5.337235317581334564e-05
3.007721195689182423e+02 4.879828579981719181e-05
3.010219302994578356e+02 4.605128303210684912e-05
3.012717410299964627e+02 4.485675532810320362e-05
3.015215517605360560e+02 4.509858656500828308e-05
3.017713624910746262e+02 4.679996616928061820e-05
3.020211732216132532e+02 4.908752336646248588e-05
3.022709839521528465e+02 5.101290515379620027e-05
3.025207946826914736e+02 5.252576027279362347e-05
3.027706054132301006e+02 5.358558688108251206e-05
3.030204161437696371e+02 5.416353363893819671e-05
3.032702268743082641e+02 5.424370465922918302e-05
3.035200376048468911e+02 5.382388594492551779e-05
3.037698483353864845e+02 5.291567518406169315e-05
3.040196590659250546e+02 5.178964214503292961e-05
3.042694697964646480e+02 5.069096753460095787e-05
3.045192805270032750e+02 4.961892527778362355e-05
3.047690912575419020e+02 4.857280997635432740e-05
3.050189019880814953e+02 4.755193628448177483e-05
3.052687127186200655e+02 4.655563830420063700e-05
3.055185234491586925e+02 4.558326900002088747e-05
3.057683341796982859e+02 4.463420706266834872e-05
3.060181449102369129e+02 4.380458120950292557e-05
3.062679556407754831e+02 4.318052777744167393e-05
3.065177663713150764e+02 4.275363690487429482e-05
3.067675771018537034e+02 4.251820168556676144e-05
3.070173878323932968e+02 4.247109082761248752e-05
3.072671985629319238e+02 4.261167914063292752e-05
3.075170092934704940e+02 4.294183368760998246e-05
3.077668200240100873e+02 4.346599060266432776e-05
3.080166307545487143e+02 4.498609033111551164e-05
3.082664414850873413e+02 4.843979010017578394e-05
3.085162522156269347e+02 5.426522232046227477e-05
3.087660629461655049e+02 6.324646446591869887e-05
3.090158736767050982e+02 7.669132690478252861e-05
3.092656844072437252e+02 9.675013579291385363e-05
3.095154951377823522e+02 1.269849484367554723e-04
3.097653058683219456e+02 1.733994175401868038e-04
3.100151165988605158e+02 2.320282648686655019e-04
3.102649273293991428e+02 2.869023662248251631e-04
3.105147380599387361e+02 3.278138871441799900e-04
3.107645487904773631e+02 3.461150984888637411e-04
3.110143595210159333e+02 3.376865178747246767e-04
3.112641702515555266e+02 3.044436208318970663e-04
3.115139809820941537e+02 2.536296456356163203e-04
3.117637917126337470e+02 1.952510307145713126e-04
3.120136024431723740e+02 1.468257821342861609e-04
3.122634131737109442e+02 1.139366055859100061e-04
3.125132239042505375e+02 9.123809239267835665e-05
3.127630346347891646e+02 7.539474594365588758e-05
3.130128453653277916e+02 6.429214769304820792e-05
3.132626560958673281e+02 5.657528510808384949e-05
3.135124668264059551e+02 5.137449131187000567e-05
3.137622775569445821e+02 4.814157384378435175e-05
3.140120882874841755e+02 4.655271338561819473e-05
3.142618990180228025e+02 4.645384652490245307e-05
3.145117097485623390e+02 4.783550112636106869e-05
3.147615204791009660e+02 5.083126773663386325e-05
