   0.0000E+00   9.7724E-05
   0.0000E+00   1.3773E-04
   1.0000E+00   1.3391E-04
   2.0000E+00   6.9805E-05
   3.0000E+00   8.1314E-05
   4.0000E+00   1.0197E-04
   5.0000E+00   8.9872E-05
   6.0000E+00   7.0668E-05
   7.0000E+00   5.1918E-05
   8.0000E+00   4.6323E-05
   9.0000E+00   5.0535E-05
   1.0000E+01   5.6370E-05
   1.1000E+01   6.7038E-05
   1.2000E+01   7.0083E-05
   1.3000E+01   6.3688E-05
   1.4000E+01   6.7576E-05
   1.5000E+01   9.9529E-05
   1.6000E+01   1.2661E-04
   1.7000E+01   1.0121E-04
   1.8000E+01   7.7496E-05
   1.9000E+01   8.8099E-05
   2.0000E+01   1.0765E-04
   2.1000E+01   1.1500E-04
   2.2000E+01   1.1523E-04
   2.3000E+01   1.1052E-04
   2.4000E+01   1.0181E-04
   2.5000E+01   7.9615E-05
   2.6000E+01   6.3659E-05
   2.7000E+01   5.0535E-05
   2.8000E+01   5.1814E-05
   2.9000E+01   8.9431E-05
   3.0000E+01   1.2722E-04
   3.1000E+01   1.0748E-04
   3.2000E+01   8.6128E-05
   3.3000E+01   9.3454E-05
   3.4000E+01   1.1417E-04
   3.5000E+01   1.3066E-04
   3.6000E+01   1.3060E-04
   3.7000E+01   1.1109E-04
   3.8000E+01   9.8050E-05
   3.9000E+01   9.8986E-05
   4.0000E+01   9.4202E-05
   4.1000E+01   7.7802E-05
   4.2000E+01   6.5842E-05
   4.3000E+01   6.1951E-05
   4.4000E+01   7.0885E-05
   4.5000E+01   8.8350E-05
   4.6000E+01   1.2400E-04
   4.7000E+01   1.7389E-04
   4.8000E+01   1.8233E-04
   4.9000E+01   1.1841E-04
   5.0000E+01   6.5716E-05
   5.1000E+01   5.0412E-05
   5.2000E+01   4.5852E-05
   5.3000E+01   5.5497E-05
   5.4000E+01   6.5174E-05
   5.5000E+01   7.3895E-05
   5.6000E+01   7.0432E-05
   5.7000E+01   5.6468E-05
   5.8000E+01   4.5853E-05
   5.9000E+01   4.6997E-05
   6.0000E+01   4.9148E-05
   6.1000E+01   4.6856E-05
   6.2000E+01   4.6814E-05
   6.3000E+01   5.0651E-05
   6.4000E+01   5.0111E-05
   6.5000E+01   4.4727E-05
   6.6000E+01   4.8989E-05
   6.7000E+01   8.2217E-05
   6.8000E+01   1.1848E-04
   6.9000E+01   1.1311E-04
   7.0000E+01   8.6602E-05
   7.1000E+01   5.8227E-05
   7.2000E+01   5.0136E-05
   7.3000E+01   6.1863E-05
   7.4000E+01   8.3020E-05
   7.5000E+01   1.1438E-04
   7.6000E+01   1.1283E-04
   7.7000E+01   6.8946E-05
   7.8000E+01   4.2811E-05
   7.9000E+01   4.5587E-05
   8.0000E+01   6.2787E-05
   8.1000E+01   8.5831E-05
   8.2000E+01   1.0279E-04
   8.3000E+01   8.8313E-05
   8.4000E+01   6.0376E-05
   8.5000E+01   3.9443E-05
   8.6000E+01   3.9477E-05
   8.7000E+01   8.1433E-05
   8.8000E+01   1.3533E-04
   8.9000E+01   1.3100E-04
   9.0000E+01   9.5010E-05
   9.1000E+01   6.8768E-05
   9.2000E+01   5.6875E-05
   9.3000E+01   5.5878E-05
   9.4000E+01   6.2712E-05
   9.5000E+01   8.4173E-05
   9.6000E+01   9.7913E-05
   9.7000E+01   8.8616E-05
   9.8000E+01   6.6264E-05
   9.9000E+01   4.4653E-05
   1.0000E+02   3.6708E-05
   1.0100E+02   4.1194E-05
   1.0200E+02   5.2147E-05
   1.0300E+02   5.8943E-05
   1.0400E+02   6.0540E-05
   1.0500E+02   5.3842E-05
   1.0600E+02   5.4680E-05
   1.0700E+02   7.3188E-05
   1.0800E+02   8.8918E-05
   1.0900E+02   8.8120E-05
   1.1000E+02   1.0403E-04
   1.1100E+02   1.6445E-04
   1.1200E+02   2.0832E-04
   1.1300E+02   1.4415E-04
   1.1400E+02   1.0120E-04
   1.1500E+02   9.5381E-05
   1.1600E+02   9.1012E-05
   1.1700E+02   7.1022E-05
   1.1800E+02   5.6613E-05
   1.1900E+02   4.5744E-05
   1.2000E+02   4.5691E-05
   1.2100E+02   5.4370E-05
   1.2200E+02   7.4487E-05
   1.2300E+02   1.1775E-04
   1.2400E+02   1.4304E-04
   1.2500E+02   1.2851E-04
   1.2600E+02   8.6926E-05
   1.2700E+02   4.9589E-05
   1.2800E+02   4.5757E-05
   1.2900E+02   1.1296E-04
   1.3000E+02   1.9727E-04
   1.3100E+02   1.1318E-04
   1.3200E+02   6.2847E-05
   1.3300E+02   8.1233E-05
   1.3400E+02   1.1500E-04
   1.3500E+02   1.0386E-04
   1.3600E+02   7.9235E-05
   1.3700E+02   5.8647E-05
   1.3800E+02   5.3134E-05
   1.3900E+02   6.9714E-05
   1.4000E+02   1.0388E-04
   1.4100E+02   1.7989E-04
   1.4200E+02   2.1107E-04
   1.4300E+02   1.0884E-04
   1.4400E+02   5.6911E-05
   1.4500E+02   4.9256E-05
   1.4600E+02   5.3547E-05
   1.4700E+02   5.7541E-05
   1.4800E+02   6.1946E-05
   1.4900E+02   6.4061E-05
   1.5000E+02   6.8664E-05
   1.5100E+02   8.3313E-05
   1.5200E+02   9.4862E-05
   1.5300E+02   1.0568E-04
   1.5400E+02   9.0886E-05
   1.5500E+02   5.8302E-05
   1.5600E+02   3.5197E-05
   1.5700E+02   2.6215E-05
   1.5800E+02   2.8296E-05
   1.5900E+02   5.0168E-05
   1.6000E+02   7.1640E-05
   1.6100E+02   6.7327E-05
   1.6200E+02   5.5209E-05
   1.6300E+02   4.8469E-05
   1.6400E+02   5.1403E-05
   1.6500E+02   7.3675E-05
   1.6600E+02   9.5837E-05
   1.6700E+02   8.3957E-05
   1.6800E+02   7.2886E-05
   1.6900E+02   7.6888E-05
   1.7000E+02   7.4379E-05
   1.7100E+02   6.0808E-05
   1.7200E+02   5.4234E-05
   1.7300E+02   5.7911E-05
   1.7400E+02   5.7709E-05
   1.7500E+02   4.7333E-05
   1.7600E+02   5.0200E-05
   1.7700E+02   8.5958E-05
   1.7800E+02   1.1770E-04
   1.7900E+02   1.0101E-04
   1.8000E+02   7.7433E-05
   1.8100E+02   6.2520E-05
   1.8200E+02   6.2711E-05
   1.8300E+02   7.9627E-05
   1.8400E+02   8.7332E-05
   1.8500E+02   6.1815E-05
   1.8600E+02   4.9836E-05
   1.8700E+02   5.6273E-05
   1.8800E+02   6.7619E-05
   1.8900E+02   6.8645E-05
   1.9000E+02   5.2855E-05
   1.9100E+02   3.6647E-05
   1.9200E+02   3.1073E-05
   1.9300E+02   4.2270E-05
   1.9400E+02   6.5167E-05
   1.9500E+02   1.0097E-04
   1.9600E+02   1.2628E-04
   1.9700E+02   1.0166E-04
   1.9800E+02   8.0447E-05
   1.9900E+02   8.3798E-05
   2.0000E+02   8.5049E-05
   2.0100E+02   7.1894E-05
   2.0200E+02   8.4938E-05
   2.0300E+02   1.4687E-04
   2.0400E+02   2.0175E-04
   2.0500E+02   1.7064E-04
   2.0600E+02   1.2641E-04
   2.0700E+02   8.8434E-05
   2.0800E+02   6.9379E-05
   2.0900E+02   6.9043E-05
   2.1000E+02   7.0047E-05
   2.1100E+02   6.8496E-05
   2.1200E+02   7.6644E-05
   2.1300E+02   9.5804E-05
   2.1400E+02   8.7625E-05
   2.1500E+02   4.5241E-05
   2.1600E+02   3.3366E-05
   2.1700E+02   4.3662E-05
   2.1800E+02   5.7913E-05
   2.1900E+02   4.8568E-05
   2.2000E+02   4.2969E-05
   2.2100E+02   4.4796E-05
   2.2200E+02   4.6648E-05
   2.2300E+02   4.4257E-05
   2.2400E+02   4.5353E-05
   2.2500E+02   5.2442E-05
   2.2600E+02   5.1506E-05
   2.2700E+02   3.5794E-05
   2.2800E+02   3.0806E-05
   2.2900E+02   3.5970E-05
   2.3000E+02   4.3395E-05
   2.3100E+02   5.5338E-05
   2.3200E+02   6.5838E-05
   2.3300E+02   7.1553E-05
   2.3400E+02   6.9779E-05
   2.3500E+02   5.8985E-05
   2.3600E+02   4.6118E-05
   2.3700E+02   3.5532E-05
   2.3800E+02   4.4150E-05
   2.3900E+02   1.1315E-04
   2.4000E+02   1.7631E-04
   2.4100E+02   1.1424E-04
   2.4200E+02   6.1217E-05
   2.4300E+02   4.7562E-05
   2.4400E+02   6.3581E-05
   2.4500E+02   1.5182E-04
   2.4600E+02   1.9833E-04
   2.4700E+02   8.9416E-05
   2.4800E+02   4.3212E-05
   2.4900E+02   4.7272E-05
   2.5000E+02   6.4768E-05
   2.5100E+02   8.6054E-05
   2.5200E+02   9.0974E-05
   2.5300E+02   7.6648E-05
   2.5400E+02   6.1655E-05
   2.5500E+02   5.3976E-05
   2.5600E+02   5.6663E-05
   2.5700E+02   7.6379E-05
   2.5800E+02   9.8583E-05
   2.5900E+02   1.0306E-04
   2.6000E+02   8.9588E-05
   2.6100E+02   6.5771E-05
   2.6200E+02   7.6029E-05
   2.6300E+02   1.6300E-04
   2.6400E+02   2.2374E-04
   2.6500E+02   9.8286E-05
   2.6600E+02   6.3741E-05
   2.6700E+02   1.1249E-04
   2.6800E+02   1.5174E-04
   2.6900E+02   8.7332E-05
   2.7000E+02   5.8342E-05
   2.7100E+02   7.0543E-05
   2.7200E+02   8.5846E-05
   2.7300E+02   8.2768E-05
   2.7400E+02   7.4869E-05
   2.7500E+02   6.8447E-05
   2.7600E+02   6.7666E-05
   2.7700E+02   7.7136E-05
   2.7800E+02   8.3590E-05
   2.7900E+02   7.7469E-05
   2.8000E+02   6.3505E-05
   2.8100E+02   5.1295E-05
   2.8200E+02   4.4593E-05
   2.8300E+02   5.3433E-05
   2.8400E+02   8.4738E-05
   2.8500E+02   1.8946E-04
   2.8600E+02   2.4136E-04
   2.8700E+02   1.4396E-04
   2.8800E+02   8.6892E-05
   2.8900E+02   7.8605E-05
   2.9000E+02   6.8355E-05
   2.9100E+02   5.0204E-05
   2.9200E+02   4.6985E-05
   2.9300E+02   5.8667E-05
   2.9400E+02   7.2731E-05
   2.9500E+02   7.3995E-05
   2.9600E+02   7.2817E-05
   2.9700E+02   7.3200E-05
   2.9800E+02   1.0088E-04
   2.9900E+02   1.5925E-04
   3.0000E+02   2.6133E-04
   3.0100E+02   3.1502E-04
   3.0200E+02   2.9619E-04
   3.0300E+02   2.2530E-04
