   0.0000E+00   9.7724E-05
   0.0000E+00   2.9066E-04
   1.0000E+00   2.9182E-04
   2.0000E+00   3.1871E-04
   3.0000E+00   3.1198E-04
   4.0000E+00   2.1429E-04
   5.0000E+00   1.0712E-04
   6.0000E+00   6.9109E-05
   7.0000E+00   7.4154E-05
   8.0000E+00   6.6062E-05
   9.0000E+00   4.3302E-05
   1.0000E+01   4.0969E-05
   1.1000E+01   8.8463E-05
   1.2000E+01   1.3701E-04
   1.3000E+01   9.0197E-05
   1.4000E+01   6.2230E-05
   1.5000E+01   5.7539E-05
   1.6000E+01   6.7754E-05
   1.7000E+01   9.4004E-05
   1.8000E+01   1.0840E-04
   1.9000E+01   8.8464E-05
   2.0000E+01   7.7556E-05
   2.1000E+01   8.6739E-05
   2.2000E+01   1.2944E-04
   2.3000E+01   1.9378E-04
   2.4000E+01   2.5058E-04
   2.5000E+01   2.2940E-04
   2.6000E+01   1.8071E-04
   2.7000E+01   1.3838E-04
   2.8000E+01   9.1587E-05
   2.9000E+01   5.8956E-05
   3.0000E+01   5.1296E-05
   3.1000E+01   7.1571E-05
   3.2000E+01   9.1401E-05
   3.3000E+01   8.7756E-05
   3.4000E+01   8.3694E-05
   3.5000E+01   9.0370E-05
   3.6000E+01   9.4923E-05
   3.7000E+01   9.6246E-05
   3.8000E+01   9.8417E-05
   3.9000E+01   1.0125E-04
   4.0000E+01   9.3379E-05
   4.1000E+01   7.1096E-05
   4.2000E+01   6.0229E-05
   4.3000E+01   5.4929E-05
   4.4000E+01   5.6500E-05
   4.5000E+01   6.1208E-05
   4.6000E+01   6.6028E-05
   4.7000E+01   7.2237E-05
   4.8000E+01   7.7822E-05
   4.9000E+01   8.5495E-05
   5.0000E+01   1.0200E-04
   5.1000E+01   1.1734E-04
   5.2000E+01   1.3240E-04
   5.3000E+01   1.4819E-04
   5.4000E+01   1.2625E-04
   5.5000E+01   7.6053E-05
   5.6000E+01   5.9122E-05
   5.7000E+01   7.2913E-05
   5.8000E+01   8.9725E-05
   5.9000E+01   9.4382E-05
   6.0000E+01   8.6786E-05
   6.1000E+01   6.8996E-05
   6.2000E+01   7.0788E-05
   6.3000E+01   8.9333E-05
   6.4000E+01   9.1883E-05
   6.5000E+01   7.0536E-05
   6.6000E+01   5.3325E-05
   6.7000E+01   5.0263E-05
   6.8000E+01   6.3837E-05
   6.9000E+01   1.2075E-04
   7.0000E+01   1.4511E-04
   7.1000E+01   7.3644E-05
   7.2000E+01   4.6270E-05
   7.3000E+01   4.8880E-05
   7.4000E+01   5.3500E-05
   7.5000E+01   4.8856E-05
   7.6000E+01   5.4055E-05
   7.7000E+01   7.1643E-05
   7.8000E+01   1.0919E-04
   7.9000E+01   1.5559E-04
   8.0000E+01   1.3748E-04
   8.1000E+01   6.8139E-05
   8.2000E+01   3.9751E-05
   8.3000E+01   3.8261E-05
   8.4000E+01   3.6233E-05
   8.5000E+01   2.7523E-05
   8.6000E+01   3.0036E-05
   8.7000E+01   4.9483E-05
   8.8000E+01   7.0548E-05
   8.9000E+01   7.8513E-05
   9.0000E+01   6.8411E-05
   9.1000E+01   5.0170E-05
   9.2000E+01   3.8995E-05
   9.3000E+01   3.6149E-05
   9.4000E+01   5.9258E-05
   9.5000E+01   1.5635E-04
   9.6000E+01   2.6251E-04
   9.7000E+01   1.6244E-04
   9.8000E+01   8.5761E-05
   9.9000E+01   5.7789E-05
   1.0000E+02   5.3296E-05
   1.0100E+02   6.2498E-05
   1.0200E+02   8.2482E-05
   1.0300E+02   1.0821E-04
   1.0400E+02   1.1377E-04
   1.0500E+02   1.0037E-04
   1.0600E+02   7.2690E-05
   1.0700E+02   5.4408E-05
   1.0800E+02   5.8234E-05
   1.0900E+02   1.0868E-04
   1.1000E+02   1.4397E-04
   1.1100E+02   1.3082E-04
   1.1200E+02   1.0317E-04
   1.1300E+02   7.9174E-05
   1.1400E+02   5.8818E-05
   1.1500E+02   4.9899E-05
   1.1600E+02   5.6401E-05
   1.1700E+02   8.6004E-05
   1.1800E+02   9.9131E-05
   1.1900E+02   7.1493E-05
   1.2000E+02   5.9594E-05
   1.2100E+02   6.7414E-05
   1.2200E+02   7.4570E-05
   1.2300E+02   6.9356E-05
   1.2400E+02   6.4047E-05
   1.2500E+02   6.2299E-05
   1.2600E+02   6.4060E-05
   1.2700E+02   6.7582E-05
   1.2800E+02   7.1471E-05
   1.2900E+02   7.1879E-05
   1.3000E+02   7.2226E-05
   1.3100E+02   7.3042E-05
   1.3200E+02   7.4330E-05
   1.3300E+02   7.7687E-05
   1.3400E+02   1.1172E-04
   1.3500E+02   2.0516E-04
   1.3600E+02   2.2567E-04
   1.3700E+02   1.0774E-04
   1.3800E+02   5.3249E-05
   1.3900E+02   4.4971E-05
   1.4000E+02   6.4496E-05
   1.4100E+02   1.3842E-04
   1.4200E+02   1.8851E-04
   1.4300E+02   1.0720E-04
   1.4400E+02   6.0856E-05
   1.4500E+02   4.7389E-05
   1.4600E+02   4.4106E-05
   1.4700E+02   4.5838E-05
   1.4800E+02   5.3966E-05
   1.4900E+02   6.3596E-05
   1.5000E+02   7.0540E-05
   1.5100E+02   6.7977E-05
   1.5200E+02   6.0870E-05
   1.5300E+02   5.4061E-05
   1.5400E+02   5.0857E-05
   1.5500E+02   5.2820E-05
   1.5600E+02   5.1969E-05
   1.5700E+02   4.8272E-05
   1.5800E+02   4.8159E-05
   1.5900E+02   5.3828E-05
   1.6000E+02   5.1364E-05
   1.6100E+02   4.1144E-05
   1.6200E+02   5.2260E-05
   1.6300E+02   1.3379E-04
   1.6400E+02   1.7797E-04
   1.6500E+02   9.3644E-05
   1.6600E+02   6.0673E-05
   1.6700E+02   6.7581E-05
   1.6800E+02   8.1097E-05
   1.6900E+02   8.2922E-05
   1.7000E+02   7.6669E-05
   1.7100E+02   6.4880E-05
   1.7200E+02   6.9566E-05
   1.7300E+02   9.7240E-05
   1.7400E+02   1.4530E-04
   1.7500E+02   1.7879E-04
   1.7600E+02   1.5094E-04
   1.7700E+02   8.5500E-05
   1.7800E+02   6.3947E-05
   1.7900E+02   7.2112E-05
   1.8000E+02   8.3768E-05
   1.8100E+02   8.9041E-05
   1.8200E+02   9.4164E-05
   1.8300E+02   1.0016E-04
   1.8400E+02   1.0700E-04
   1.8500E+02   1.2398E-04
   1.8600E+02   1.4599E-04
   1.8700E+02   1.9886E-04
   1.8800E+02   1.7190E-04
   1.8900E+02   8.6707E-05
   1.9000E+02   4.7963E-05
   1.9100E+02   3.6552E-05
   1.9200E+02   4.6430E-05
   1.9300E+02   8.5522E-05
   1.9400E+02   1.0666E-04
   1.9500E+02   7.8696E-05
   1.9600E+02   6.7383E-05
   1.9700E+02   8.4191E-05
   1.9800E+02   1.0459E-04
   1.9900E+02   1.1233E-04
   2.0000E+02   1.3812E-04
   2.0100E+02   1.8983E-04
   2.0200E+02   1.8864E-04
   2.0300E+02   1.2153E-04
   2.0400E+02   7.3695E-05
   2.0500E+02   5.1539E-05
   2.0600E+02   3.7910E-05
   2.0700E+02   3.0450E-05
   2.0800E+02   3.6133E-05
   2.0900E+02   6.3466E-05
   2.1000E+02   7.0285E-05
   2.1100E+02   3.7996E-05
   2.1200E+02   4.2698E-05
   2.1300E+02   1.4526E-04
   2.1400E+02   2.2907E-04
   2.1500E+02   1.0457E-04
   2.1600E+02   8.1517E-05
   2.1700E+02   1.7590E-04
   2.1800E+02   2.2779E-04
   2.1900E+02   1.0608E-04
   2.2000E+02   5.7413E-05
   2.2100E+02   5.7447E-05
   2.2200E+02   6.1951E-05
   2.2300E+02   6.4660E-05
   2.2400E+02   7.0628E-05
   2.2500E+02   8.2551E-05
   2.2600E+02   7.3513E-05
   2.2700E+02   4.9896E-05
   2.2800E+02   4.6518E-05
   2.2900E+02   6.1325E-05
   2.3000E+02   6.6217E-05
   2.3100E+02   5.4604E-05
   2.3200E+02   4.9777E-05
   2.3300E+02   5.7989E-05
   2.3400E+02   6.6288E-05
   2.3500E+02   6.7949E-05
   2.3600E+02   7.3387E-05
   2.3700E+02   8.2374E-05
   2.3800E+02   8.7023E-05
   2.3900E+02   8.5771E-05
   2.4000E+02   8.2913E-05
   2.4100E+02   7.9112E-05
   2.4200E+02   7.6305E-05
   2.4300E+02   7.4585E-05
   2.4400E+02   9.0079E-05
   2.4500E+02   1.2519E-04
   2.4600E+02   1.1316E-04
   2.4700E+02   7.2279E-05
   2.4800E+02   7.6379E-05
   2.4900E+02   1.8095E-04
   2.5000E+02   2.8579E-04
   2.5100E+02   2.2274E-04
   2.5200E+02   1.2870E-04
   2.5300E+02   6.5617E-05
   2.5400E+02   6.1475E-05
   2.5500E+02   1.0850E-04
   2.5600E+02   1.2387E-04
   2.5700E+02   7.7186E-05
   2.5800E+02   6.5036E-05
   2.5900E+02   9.3775E-05
   2.6000E+02   1.0110E-04
   2.6100E+02   7.3669E-05
   2.6200E+02   6.6567E-05
   2.6300E+02   8.6230E-05
   2.6400E+02   9.5598E-05
   2.6500E+02   8.9553E-05
   2.6600E+02   9.6694E-05
   2.6700E+02   1.2222E-04
   2.6800E+02   1.0242E-04
   2.6900E+02   5.4453E-05
   2.7000E+02   6.2314E-05
   2.7100E+02   1.5557E-04
   2.7200E+02   1.7448E-04
   2.7300E+02   6.5998E-05
   2.7400E+02   4.4416E-05
   2.7500E+02   7.1235E-05
   2.7600E+02   1.1920E-04
   2.7700E+02   1.4959E-04
   2.7800E+02   1.3225E-04
   2.7900E+02   9.5957E-05
   2.8000E+02   6.9115E-05
   2.8100E+02   6.3334E-05
   2.8200E+02   7.0310E-05
   2.8300E+02   9.0466E-05
   2.8400E+02   1.0279E-04
   2.8500E+02   9.2434E-05
   2.8600E+02   9.7830E-05
   2.8700E+02   1.1542E-04
   2.8800E+02   1.0227E-04
   2.8900E+02   6.7826E-05
   2.9000E+02   6.2407E-05
   2.9100E+02   9.4307E-05
   2.9200E+02   1.1563E-04
   2.9300E+02   9.7513E-05
   2.9400E+02   7.9351E-05
   2.9500E+02   6.0561E-05
   2.9600E+02   4.9583E-05
   2.9700E+02   4.6952E-05
   2.9800E+02   5.0119E-05
   2.9900E+02   6.4140E-05
   3.0000E+02   7.6875E-05
   3.0100E+02   8.8552E-05
   3.0200E+02   1.1146E-04
   3.0300E+02   1.3126E-04
   3.0400E+02   1.1242E-04
   3.0500E+02   6.9440E-05
   3.0600E+02   5.1610E-05
   3.0700E+02   4.5380E-05
   3.0800E+02   5.6597E-05
   3.0900E+02   8.6012E-05
   3.1000E+02   9.6400E-05
   3.1100E+02   6.9181E-05
   3.1200E+02   8.2775E-05
   3.1300E+02   1.5388E-04
   3.1400E+02   1.6731E-04
   3.1500E+02   1.0150E-04
   3.1600E+02   5.3682E-05
   3.1700E+02   3.6329E-05
   3.1800E+02   5.8106E-05
   3.1900E+02   1.4739E-04
   3.2000E+02   1.8197E-04
   3.2100E+02   6.7372E-05
   3.2200E+02   4.1845E-05
   3.2300E+02   5.5072E-05
   3.2400E+02   5.1339E-05
   3.2500E+02   2.9024E-05
   3.2600E+02   2.4447E-05
   3.2700E+02   3.0489E-05
   3.2800E+02   6.0089E-05
   3.2900E+02   1.5814E-04
   3.3000E+02   1.9464E-04
   3.3100E+02   1.0612E-04
   3.3200E+02   6.3300E-05
   3.3300E+02   5.2368E-05
   3.3400E+02   5.1025E-05
   3.3500E+02   5.6036E-05
   3.3600E+02   6.9461E-05
   3.3700E+02   8.8426E-05
   3.3800E+02   9.7645E-05
   3.3900E+02   9.9231E-05
   3.4000E+02   1.0711E-04
   3.4100E+02   1.2066E-04
   3.4200E+02   9.6794E-05
   3.4300E+02   6.3049E-05
   3.4400E+02   5.8829E-05
   3.4500E+02   8.4918E-05
   3.4600E+02   9.9877E-05
   3.4700E+02   8.1262E-05
   3.4800E+02   7.8688E-05
   3.4900E+02   9.6155E-05
   3.5000E+02   8.4567E-05
   3.5100E+02   5.5902E-05
   3.5200E+02   4.1049E-05
   3.5300E+02   4.1038E-05
   3.5400E+02   4.5932E-05
   3.5500E+02   5.5473E-05
   3.5600E+02   6.9894E-05
   3.5700E+02   8.7167E-05
   3.5800E+02   7.7842E-05
   3.5900E+02   4.6892E-05
   3.6000E+02   4.0012E-05
   3.6100E+02   4.9171E-05
   3.6200E+02   6.3912E-05
   3.6300E+02   7.4506E-05
   3.6400E+02   7.7332E-05
   3.6500E+02   7.2915E-05
   3.6600E+02   9.4440E-05
   3.6700E+02   1.5878E-04
   3.6800E+02   1.8136E-04
   3.6900E+02   1.3019E-04
   3.7000E+02   1.3243E-04
   3.7100E+02   2.0556E-04
   3.7200E+02   1.4717E-04
   3.7300E+02   5.0555E-05
   3.7400E+02   5.1475E-05
   3.7500E+02   1.6498E-04
   3.7600E+02   2.5513E-04
   3.7700E+02   1.1552E-04
   3.7800E+02   6.2819E-05
   3.7900E+02   5.7975E-05
   3.8000E+02   5.0328E-05
   3.8100E+02   4.2857E-05
   3.8200E+02   4.3242E-05
   3.8300E+02   5.5500E-05
   3.8400E+02   6.2264E-05
   3.8500E+02   6.2919E-05
   3.8600E+02   5.0770E-05
   3.8700E+02   3.6552E-05
   3.8800E+02   4.3742E-05
   3.8900E+02   8.8979E-05
   3.9000E+02   1.1763E-04
   3.9100E+02   8.3326E-05
   3.9200E+02   6.6004E-05
   3.9300E+02   6.7215E-05
   3.9400E+02   6.4083E-05
   3.9500E+02   5.7039E-05
   3.9600E+02   6.2563E-05
   3.9700E+02   8.7247E-05
   3.9800E+02   1.0068E-04
   3.9900E+02   9.2098E-05
   4.0000E+02   8.3437E-05
   4.0100E+02   7.8276E-05
   4.0200E+02   7.8329E-05
   4.0300E+02   8.1051E-05
   4.0400E+02   7.4446E-05
   4.0500E+02   6.1991E-05
   4.0600E+02   6.5779E-05
   4.0700E+02   9.1165E-05
   4.0800E+02   9.1840E-05
   4.0900E+02   6.3976E-05
   4.1000E+02   5.6168E-05
   4.1100E+02   5.9828E-05
   4.1200E+02   6.4994E-05
   4.1300E+02   7.1763E-05
   4.1400E+02   9.0922E-05
   4.1500E+02   1.2397E-04
   4.1600E+02   1.2899E-04
   4.1700E+02   9.2358E-05
   4.1800E+02   7.4974E-05
   4.1900E+02   6.8990E-05
   4.2000E+02   5.9642E-05
   4.2100E+02   4.3008E-05
   4.2200E+02   3.1794E-05
   4.2300E+02   2.4100E-05
   4.2400E+02   3.1006E-05
   4.2500E+02   5.9029E-05
   4.2600E+02   9.6889E-05
   4.2700E+02   1.0571E-04
   4.2800E+02   1.2890E-04
   4.2900E+02   1.8907E-04
   4.3000E+02   2.4168E-04
   4.3100E+02   2.7702E-04
   4.3200E+02   3.0205E-04
   4.3300E+02   2.9612E-04
   4.3400E+02   2.2262E-04
   4.3500E+02   1.2266E-04
   4.3600E+02   8.7244E-05
   4.3700E+02   8.4443E-05
   4.3800E+02   1.0047E-04
   4.3900E+02   1.2850E-04
   4.4000E+02   1.0284E-04
   4.4100E+02   5.4747E-05
   4.4200E+02   6.1376E-05
   4.4300E+02   1.8568E-04
   4.4400E+02   3.0685E-04
   4.4500E+02   2.5383E-04
   4.4600E+02   1.4704E-04
   4.4700E+02   6.1403E-05
   4.4800E+02   4.4785E-05
   4.4900E+02   6.3138E-05
   4.5000E+02   8.5404E-05
   4.5100E+02   9.4688E-05
   4.5200E+02   8.1877E-05
   4.5300E+02   5.7386E-05
   4.5400E+02   4.1642E-05
   4.5500E+02   3.7759E-05
   4.5600E+02   4.7090E-05
   4.5700E+02   6.5174E-05
   4.5800E+02   7.4099E-05
   4.5900E+02   6.6884E-05
   4.6000E+02   9.3528E-05
   4.6100E+02   1.9834E-04
   4.6200E+02   2.0966E-04
   4.6300E+02   1.0283E-04
   4.6400E+02   6.6381E-05
   4.6500E+02   7.1870E-05
   4.6600E+02   7.8366E-05
   4.6700E+02   8.0259E-05
   4.6800E+02   7.7909E-05
   4.6900E+02   7.4710E-05
   4.7000E+02   8.6171E-05
   4.7100E+02   1.0233E-04
   4.7200E+02   9.1985E-05
   4.7300E+02   5.8921E-05
   4.7400E+02   5.7196E-05
   4.7500E+02   7.9591E-05
   4.7600E+02   9.0527E-05
   4.7700E+02   8.1601E-05
   4.7800E+02   6.4252E-05
   4.7900E+02   4.6014E-05
   4.8000E+02   4.5047E-05
   4.8100E+02   6.8606E-05
   4.8200E+02   7.9121E-05
   4.8300E+02   7.7059E-05
   4.8400E+02   1.0406E-04
   4.8500E+02   1.9849E-04
   4.8600E+02   2.7937E-04
   4.8700E+02   2.5218E-04
   4.8800E+02   1.8594E-04
   4.8900E+02   1.1044E-04
   4.9000E+02   9.4486E-05
   4.9100E+02   1.0513E-04
   4.9200E+02   8.5033E-05
   4.9300E+02   5.6343E-05
   4.9400E+02   8.8908E-05
   4.9500E+02   2.1685E-04
   4.9600E+02   2.3336E-04
   4.9700E+02   8.8871E-05
   4.9800E+02   8.0494E-05
   4.9900E+02   1.7357E-04
   5.0000E+02   1.8847E-04
   5.0100E+02   1.0253E-04
   5.0200E+02   9.9900E-05
   5.0300E+02   1.8797E-04
   5.0400E+02   1.9205E-04
   5.0500E+02   9.7105E-05
   5.0600E+02   7.0516E-05
   5.0700E+02   7.3374E-05
   5.0800E+02   7.2266E-05
   5.0900E+02   6.6716E-05
   5.1000E+02   8.2573E-05
   5.1100E+02   1.3472E-04
   5.1200E+02   1.5551E-04
   5.1300E+02   1.2448E-04
   5.1400E+02   6.9040E-05
   5.1500E+02   2.9036E-05
   5.1600E+02   2.3224E-05
   5.1700E+02   3.0685E-05
   5.1800E+02   4.6107E-05
   5.1900E+02   6.5049E-05
   5.2000E+02   9.1934E-05
   5.2100E+02   1.1293E-04
   5.2200E+02   1.0133E-04
   5.2300E+02   7.5332E-05
   5.2400E+02   6.4651E-05
   5.2500E+02   6.9613E-05
   5.2600E+02   6.5481E-05
   5.2700E+02   5.3222E-05
   5.2800E+02   4.6738E-05
   5.2900E+02   4.7845E-05
   5.3000E+02   7.2509E-05
   5.3100E+02   1.4396E-04
   5.3200E+02   1.5882E-04
   5.3300E+02   8.9325E-05
   5.3400E+02   6.2396E-05
   5.3500E+02   6.5435E-05
   5.3600E+02   1.0499E-04
   5.3700E+02   2.2794E-04
   5.3800E+02   2.5460E-04
   5.3900E+02   1.5274E-04
   5.4000E+02   8.3717E-05
   5.4100E+02   5.2987E-05
   5.4200E+02   7.8086E-05
   5.4300E+02   2.0452E-04
   5.4400E+02   2.2532E-04
   5.4500E+02   1.0322E-04
   5.4600E+02   7.2127E-05
   5.4700E+02   7.6827E-05
   5.4800E+02   7.9129E-05
   5.4900E+02   7.6253E-05
   5.5000E+02   8.5838E-05
   5.5100E+02   1.0856E-04
   5.5200E+02   1.1834E-04
   5.5300E+02   1.1181E-04
   5.5400E+02   1.0343E-04
   5.5500E+02   9.4615E-05
   5.5600E+02   8.3824E-05
   5.5700E+02   7.3264E-05
   5.5800E+02   6.9581E-05
   5.5900E+02   7.0029E-05
   5.6000E+02   7.0993E-05
   5.6100E+02   7.4364E-05
   5.6200E+02   9.4690E-05
   5.6300E+02   1.2727E-04
   5.6400E+02   1.0440E-04
   5.6500E+02   5.3892E-05
   5.6600E+02   3.4819E-05
   5.6700E+02   3.5566E-05
   5.6800E+02   6.1971E-05
   5.6900E+02   1.5489E-04
   5.7000E+02   2.3664E-04
   5.7100E+02   2.1382E-04
   5.7200E+02   1.5809E-04
   5.7300E+02   1.0306E-04
   5.7400E+02   7.5060E-05
   5.7500E+02   6.3963E-05
   5.7600E+02   7.2058E-05
   5.7700E+02   8.5384E-05
   5.7800E+02   8.9106E-05
   5.7900E+02   7.7829E-05
   5.8000E+02   6.8507E-05
   5.8100E+02   6.8179E-05
   5.8200E+02   9.3208E-05
   5.8300E+02   1.3936E-04
   5.8400E+02   1.3840E-04
   5.8500E+02   9.0030E-05
   5.8600E+02   1.1290E-04
   5.8700E+02   2.1739E-04
   5.8800E+02   1.9603E-04
   5.8900E+02   9.0932E-05
   5.9000E+02   9.0174E-05
   5.9100E+02   1.7803E-04
   5.9200E+02   1.9403E-04
   5.9300E+02   1.0940E-04
   5.9400E+02   1.2101E-04
   5.9500E+02   2.5872E-04
   5.9600E+02   3.0062E-04
   5.9700E+02   1.8833E-04
   5.9800E+02   1.2869E-04
   5.9900E+02   9.5734E-05
   6.0000E+02   1.1960E-04
   6.0100E+02   2.2107E-04
   6.0200E+02   1.8555E-04
   6.0300E+02   7.0894E-05
   6.0400E+02   4.6469E-05
   6.0500E+02   5.4072E-05
   6.0600E+02   5.7083E-05
   6.0700E+02   5.4605E-05
   6.0800E+02   6.3620E-05
   6.0900E+02   8.5004E-05
   6.1000E+02   8.3382E-05
   6.1100E+02   6.6629E-05
   6.1200E+02   8.7753E-05
   6.1300E+02   1.8210E-04
   6.1400E+02   2.0220E-04
   6.1500E+02   1.1714E-04
   6.1600E+02   8.1649E-05
   6.1700E+02   7.5394E-05
   6.1800E+02   6.8530E-05
   6.1900E+02   6.3376E-05
   6.2000E+02   6.1627E-05
   6.2100E+02   6.5943E-05
   6.2200E+02   7.5325E-05
   6.2300E+02   8.4934E-05
   6.2400E+02   8.7224E-05
   6.2500E+02   7.6566E-05
   6.2600E+02   6.4341E-05
   6.2700E+02   5.4014E-05
   6.2800E+02   6.5376E-05
   6.2900E+02   1.0337E-04
   6.3000E+02   1.2070E-04
   6.3100E+02   1.0249E-04
   6.3200E+02   8.4298E-05
   6.3300E+02   7.8743E-05
   6.3400E+02   1.1858E-04
   6.3500E+02   2.4851E-04
   6.3600E+02   2.4741E-04
   6.3700E+02   1.1778E-04
   6.3800E+02   7.7494E-05
   6.3900E+02   7.3928E-05
   6.4000E+02   6.6586E-05
   6.4100E+02   6.1740E-05
   6.4200E+02   8.6831E-05
   6.4300E+02   1.5627E-04
   6.4400E+02   2.1189E-04
   6.4500E+02   2.3729E-04
   6.4600E+02   2.4969E-04
   6.4700E+02   2.5326E-04
   6.4800E+02   2.7501E-04
   6.4800E+02   9.7724E-05
   6.4800E+02   9.7724E-05
   6.4800E+02   9.7724E-05
   6.4800E+02   9.7724E-05
   6.4800E+02   9.7724E-05
   6.4800E+02   9.7724E-05
   6.4800E+02   2.7270E-04
   6.4900E+02   3.0769E-04
   6.4900E+02   9.7724E-05
   6.4900E+02   3.0812E-04
   6.5000E+02   2.9292E-04
   6.5000E+02   9.7724E-05
   6.5000E+02   9.7724E-05
   6.5000E+02   9.7724E-05
   6.5000E+02   9.7724E-05
   6.5000E+02   9.7724E-05
   6.5000E+02   9.7724E-05
   6.5000E+02   2.8570E-04
   6.5100E+02   2.3530E-04
   6.5100E+02   9.7724E-05
   6.5100E+02   2.3435E-04
   6.5200E+02   2.0118E-04
