   0.0000E+00   9.7724E-05
   0.0000E+00   2.4523E-04
   1.0000E+00   2.4470E-04
   2.0000E+00   2.2255E-04
   3.0000E+00   1.9602E-04
   4.0000E+00   1.1589E-04
   5.0000E+00   5.5981E-05
   6.0000E+00   5.0502E-05
   7.0000E+00   8.3709E-05
   8.0000E+00   1.3211E-04
   9.0000E+00   1.4427E-04
   1.0000E+01   9.1877E-05
   1.1000E+01   4.6615E-05
   1.2000E+01   6.5943E-05
   1.3000E+01   2.3185E-04
   1.4000E+01   2.6985E-04
   1.5000E+01   9.5132E-05
   1.6000E+01   5.2392E-05
   1.7000E+01   5.4306E-05
   1.8000E+01   8.4531E-05
   1.9000E+01   1.7386E-04
   2.0000E+01   2.3230E-04
   2.1000E+01   1.9598E-04
   2.2000E+01   1.9818E-04
   2.3000E+01   2.3991E-04
   2.4000E+01   1.9160E-04
   2.5000E+01   9.9094E-05
   2.6000E+01   6.7121E-05
   2.7000E+01   5.8899E-05
   2.8000E+01   5.8104E-05
   2.9000E+01   5.9491E-05
   3.0000E+01   5.5275E-05
   3.1000E+01   4.9310E-05
   3.2000E+01   4.1634E-05
   3.3000E+01   3.7631E-05
   3.4000E+01   4.7089E-05
   3.5000E+01   7.3786E-05
   3.6000E+01   7.1913E-05
   3.7000E+01   4.4936E-05
   3.8000E+01   4.2354E-05
   3.9000E+01   6.2696E-05
   4.0000E+01   8.4012E-05
   4.1000E+01   9.6104E-05
   4.2000E+01   1.0425E-04
   4.3000E+01   1.0188E-04
   4.4000E+01   8.4070E-05
   4.5000E+01   7.6336E-05
   4.6000E+01   1.1407E-04
   4.7000E+01   2.2183E-04
   4.8000E+01   2.5112E-04
   4.9000E+01   1.5459E-04
   5.0000E+01   1.0697E-04
   5.1000E+01   8.7807E-05
   5.2000E+01   7.6427E-05
   5.3000E+01   6.9727E-05
   5.4000E+01   8.3996E-05
   5.5000E+01   1.3089E-04
   5.6000E+01   1.4712E-04
   5.7000E+01   1.1298E-04
   5.8000E+01   8.2850E-05
   5.9000E+01   5.6704E-05
   6.0000E+01   5.0848E-05
   6.1000E+01   5.8891E-05
   6.2000E+01   9.7567E-05
   6.3000E+01   1.7530E-04
   6.4000E+01   1.7646E-04
   6.5000E+01   9.9449E-05
   6.6000E+01   7.3872E-05
   6.7000E+01   7.8433E-05
   6.8000E+01   7.3101E-05
   6.9000E+01   5.8342E-05
   7.0000E+01   5.9844E-05
   7.1000E+01   7.0349E-05
   7.2000E+01   7.5419E-05
   7.3000E+01   7.0214E-05
   7.4000E+01   5.7985E-05
   7.5000E+01   5.1156E-05
   7.6000E+01   6.0919E-05
   7.7000E+01   8.3597E-05
   7.8000E+01   8.2818E-05
   7.9000E+01   6.3227E-05
   8.0000E+01   6.3105E-05
   8.1000E+01   7.2923E-05
   8.2000E+01   8.1582E-05
   8.3000E+01   8.8014E-05
   8.4000E+01   1.3472E-04
   8.5000E+01   1.9427E-04
   8.6000E+01   1.8114E-04
   8.7000E+01   9.5447E-05
   8.8000E+01   6.7747E-05
   8.9000E+01   6.4780E-05
   9.0000E+01   8.5858E-05
   9.1000E+01   1.1233E-04
   9.2000E+01   1.1169E-04
   9.3000E+01   7.7405E-05
   9.4000E+01   6.6106E-05
   9.5000E+01   6.8788E-05
   9.6000E+01   6.9819E-05
   9.7000E+01   7.1061E-05
   9.8000E+01   8.6730E-05
   9.9000E+01   1.1099E-04
   1.0000E+02   1.3577E-04
   1.0100E+02   1.5616E-04
   1.0200E+02   2.4744E-04
   1.0300E+02   3.7203E-04
   1.0400E+02   2.2370E-04
   1.0500E+02   5.9335E-05
   1.0600E+02   4.5500E-05
   1.0700E+02   8.5708E-05
   1.0800E+02   1.3684E-04
   1.0900E+02   1.7991E-04
   1.1000E+02   1.8879E-04
   1.1100E+02   1.6089E-04
   1.1200E+02   1.2352E-04
   1.1300E+02   1.0069E-04
   1.1400E+02   9.0817E-05
   1.1500E+02   8.7201E-05
   1.1600E+02   6.1734E-05
   1.1700E+02   4.3434E-05
   1.1800E+02   5.0925E-05
   1.1900E+02   9.8141E-05
   1.2000E+02   1.2064E-04
   1.2100E+02   8.7011E-05
   1.2200E+02   6.8918E-05
   1.2300E+02   6.3323E-05
   1.2400E+02   6.1449E-05
   1.2500E+02   6.3186E-05
   1.2600E+02   7.4752E-05
   1.2700E+02   8.4651E-05
   1.2800E+02   7.2827E-05
   1.2900E+02   5.4165E-05
   1.3000E+02   7.8257E-05
   1.3100E+02   1.6075E-04
   1.3200E+02   1.4909E-04
   1.3300E+02   6.2350E-05
   1.3400E+02   4.4921E-05
   1.3500E+02   5.7740E-05
   1.3600E+02   8.8540E-05
   1.3700E+02   1.1968E-04
   1.3800E+02   1.6942E-04
   1.3900E+02   1.9639E-04
   1.4000E+02   1.3496E-04
   1.4100E+02   6.8099E-05
   1.4200E+02   5.0173E-05
   1.4300E+02   5.9847E-05
   1.4400E+02   8.5923E-05
   1.4500E+02   1.1348E-04
   1.4600E+02   8.7892E-05
   1.4700E+02   4.8662E-05
   1.4800E+02   4.4491E-05
   1.4900E+02   6.8036E-05
   1.5000E+02   7.5675E-05
   1.5100E+02   6.1723E-05
   1.5200E+02   5.3945E-05
   1.5300E+02   5.4333E-05
   1.5400E+02   6.6992E-05
   1.5500E+02   1.0220E-04
   1.5600E+02   1.5619E-04
   1.5700E+02   1.8317E-04
   1.5800E+02   1.3961E-04
   1.5900E+02   8.1743E-05
   1.6000E+02   9.9214E-05
   1.6100E+02   1.9697E-04
   1.6200E+02   2.1980E-04
   1.6300E+02   1.3809E-04
   1.6400E+02   8.4950E-05
   1.6500E+02   5.9606E-05
   1.6600E+02   5.4630E-05
   1.6700E+02   6.1468E-05
   1.6800E+02   7.3144E-05
   1.6900E+02   8.4590E-05
   1.7000E+02   8.5131E-05
   1.7100E+02   6.9527E-05
   1.7200E+02   5.1760E-05
   1.7300E+02   3.7587E-05
   1.7400E+02   5.7618E-05
   1.7500E+02   1.2663E-04
   1.7600E+02   1.4873E-04
   1.7700E+02   9.4387E-05
   1.7800E+02   6.9923E-05
   1.7900E+02   6.4975E-05
   1.8000E+02   5.7193E-05
   1.8100E+02   5.2465E-05
   1.8200E+02   6.3908E-05
   1.8300E+02   9.6636E-05
   1.8400E+02   1.1338E-04
   1.8500E+02   1.0129E-04
   1.8600E+02   9.7433E-05
   1.8700E+02   1.0446E-04
   1.8800E+02   1.4559E-04
   1.8900E+02   1.9759E-04
   1.9000E+02   2.5355E-04
   1.9100E+02   2.8289E-04
   1.9200E+02   3.1070E-04
   1.9300E+02   3.2551E-04
   1.9400E+02   3.0577E-04
   1.9500E+02   2.4538E-04
   1.9600E+02   1.4870E-04
   1.9700E+02   6.9046E-05
   1.9800E+02   5.5661E-05
   1.9900E+02   8.0835E-05
   2.0000E+02   9.7688E-05
   2.0100E+02   1.0215E-04
   2.0200E+02   7.2360E-05
   2.0300E+02   4.7212E-05
   2.0400E+02   8.4688E-05
   2.0500E+02   2.1340E-04
   2.0600E+02   2.3924E-04
   2.0700E+02   1.1933E-04
   2.0800E+02   6.4511E-05
   2.0900E+02   5.0626E-05
   2.1000E+02   5.6506E-05
   2.1100E+02   7.0706E-05
   2.1200E+02   8.0459E-05
   2.1300E+02   8.6097E-05
   2.1400E+02   1.2183E-04
   2.1500E+02   1.9302E-04
   2.1600E+02   1.8126E-04
   2.1700E+02   1.0557E-04
   2.1800E+02   8.1958E-05
   2.1900E+02   8.3432E-05
   2.2000E+02   1.1784E-04
   2.2100E+02   1.7729E-04
   2.2200E+02   1.5952E-04
   2.2300E+02   9.8873E-05
   2.2400E+02   9.0569E-05
   2.2500E+02   1.0367E-04
   2.2600E+02   8.4932E-05
   2.2700E+02   6.6123E-05
   2.2800E+02   9.7009E-05
   2.2900E+02   2.0357E-04
   2.3000E+02   1.9962E-04
   2.3100E+02   1.0871E-04
   2.3200E+02   8.6330E-05
   2.3300E+02   9.8770E-05
   2.3400E+02   9.8609E-05
   2.3500E+02   9.6264E-05
   2.3600E+02   1.6702E-04
   2.3700E+02   3.0609E-04
   2.3800E+02   2.7563E-04
   2.3900E+02   1.3274E-04
   2.4000E+02   1.2910E-04
   2.4100E+02   2.1766E-04
   2.4200E+02   3.1631E-04
   2.4300E+02   3.1799E-04
   2.4400E+02   1.7024E-04
   2.4500E+02   7.1014E-05
   2.4600E+02   8.2561E-05
   2.4700E+02   2.1221E-04
   2.4800E+02   1.8145E-04
   2.4900E+02   7.9799E-05
   2.5000E+02   1.0016E-04
   2.5100E+02   2.3192E-04
   2.5200E+02   1.9715E-04
   2.5300E+02   7.1744E-05
   2.5400E+02   6.3037E-05
   2.5500E+02   1.1268E-04
   2.5600E+02   1.1887E-04
   2.5700E+02   9.2667E-05
   2.5800E+02   1.2889E-04
   2.5900E+02   2.5245E-04
   2.6000E+02   2.5855E-04
   2.6100E+02   1.4662E-04
   2.6200E+02   9.5881E-05
   2.6300E+02   7.6219E-05
   2.6400E+02   8.2934E-05
   2.6500E+02   1.2586E-04
   2.6600E+02   2.0539E-04
   2.6700E+02   3.2299E-04
   2.6800E+02   2.2903E-04
   2.6900E+02   8.5426E-05
   2.7000E+02   6.8883E-05
   2.7100E+02   9.7740E-05
   2.7200E+02   1.0444E-04
   2.7300E+02   8.6486E-05
   2.7400E+02   7.2388E-05
   2.7500E+02   6.9128E-05
   2.7600E+02   1.1618E-04
   2.7700E+02   2.1481E-04
   2.7800E+02   2.7635E-04
   2.7900E+02   2.2461E-04
   2.8000E+02   1.5002E-04
   2.8100E+02   9.5736E-05
   2.8200E+02   8.5062E-05
   2.8300E+02   1.0648E-04
   2.8400E+02   1.5136E-04
   2.8500E+02   2.0941E-04
   2.8600E+02   2.7681E-04
   2.8700E+02   3.1461E-04
   2.8800E+02   2.6062E-04
   2.8900E+02   2.0905E-04
   2.9000E+02   2.2750E-04
   2.9100E+02   2.9064E-04
   2.9200E+02   1.9757E-04
   2.9300E+02   9.6058E-05
   2.9400E+02   7.2684E-05
   2.9500E+02   9.1882E-05
   2.9600E+02   1.6926E-04
   2.9700E+02   3.6048E-04
   2.9800E+02   2.4097E-04
   2.9900E+02   7.6257E-05
   3.0000E+02   4.9200E-05
   3.0100E+02   6.5871E-05
   3.0200E+02   1.1868E-04
   3.0300E+02   1.9888E-04
   3.0400E+02   1.7935E-04
   3.0500E+02   1.0758E-04
   3.0600E+02   1.2386E-04
   3.0700E+02   2.0628E-04
   3.0800E+02   1.5841E-04
   3.0900E+02   6.4165E-05
   3.1000E+02   4.9567E-05
   3.1100E+02   6.1080E-05
   3.1200E+02   7.4421E-05
   3.1300E+02   8.5630E-05
   3.1400E+02   8.3924E-05
   3.1500E+02   7.7363E-05
   3.1500E+02   9.7724E-05
   3.1500E+02   7.7562E-05
   3.1600E+02   8.1038E-05
   3.1700E+02   9.2363E-05
   3.1800E+02   9.3232E-05
   3.1900E+02   8.5045E-05
   3.2000E+02   7.6903E-05
   3.2100E+02   6.5832E-05
   3.2200E+02   5.7009E-05
   3.2300E+02   5.7761E-05
   3.2400E+02   7.4957E-05
   3.2500E+02   9.3768E-05
   3.2600E+02   6.7203E-05
   3.2700E+02   4.7763E-05
   3.2800E+02   5.0419E-05
   3.2900E+02   7.8876E-05
   3.3000E+02   8.1173E-05
   3.3100E+02   7.7153E-05
   3.3200E+02   1.0229E-04
   3.3300E+02   1.1807E-04
   3.3400E+02   9.0673E-05
   3.3500E+02   4.8253E-05
   3.3600E+02   5.2325E-05
   3.3700E+02   7.3802E-05
   3.3800E+02   9.3186E-05
   3.3900E+02   9.6865E-05
   3.4000E+02   1.1704E-04
   3.4100E+02   1.2944E-04
   3.4200E+02   1.2054E-04
   3.4300E+02   8.5457E-05
   3.4400E+02   5.6197E-05
   3.4500E+02   4.0006E-05
   3.4600E+02   4.8210E-05
   3.4700E+02   7.0116E-05
   3.4800E+02   6.6883E-05
   3.4900E+02   5.1485E-05
   3.5000E+02   4.7308E-05
   3.5100E+02   4.8485E-05
   3.5200E+02   6.1279E-05
   3.5300E+02   6.4968E-05
   3.5400E+02   5.6206E-05
   3.5500E+02   4.2161E-05
   3.5600E+02   4.3574E-05
   3.5700E+02   5.3091E-05
   3.5800E+02   6.5742E-05
   3.5900E+02   7.1329E-05
   3.6000E+02   5.1210E-05
   3.6100E+02   3.9895E-05
   3.6200E+02   6.3372E-05
   3.6300E+02   1.9726E-04
   3.6400E+02   2.7126E-04
   3.6500E+02   2.2579E-04
   3.6600E+02   1.4540E-04
   3.6700E+02   8.1028E-05
   3.6800E+02   6.5457E-05
   3.6900E+02   8.2942E-05
