   0.0000E+00   9.7724E-05
   0.0000E+00   6.3200E-05
   1.0000E+00   6.2787E-05
   2.0000E+00   4.2006E-05
   3.0000E+00   3.2678E-05
   4.0000E+00   4.4920E-05
   5.0000E+00   6.5198E-05
   6.0000E+00   7.5478E-05
   7.0000E+00   7.4872E-05
   8.0000E+00   6.0593E-05
   9.0000E+00   6.1428E-05
   1.0000E+01   8.2244E-05
   1.1000E+01   8.4833E-05
   1.2000E+01   4.8353E-05
   1.3000E+01   4.4731E-05
   1.4000E+01   1.0926E-04
   1.5000E+01   2.1001E-04
   1.6000E+01   1.0672E-04
   1.7000E+01   6.3545E-05
   1.8000E+01   1.1991E-04
   1.9000E+01   2.0327E-04
   2.0000E+01   1.1730E-04
   2.1000E+01   6.7730E-05
   2.2000E+01   6.7475E-05
   2.3000E+01   6.9817E-05
   2.4000E+01   6.0967E-05
   2.5000E+01   5.7038E-05
   2.6000E+01   6.4227E-05
   2.7000E+01   7.1372E-05
   2.8000E+01   6.7522E-05
   2.9000E+01   5.9376E-05
   3.0000E+01   4.8958E-05
   3.1000E+01   4.4700E-05
   3.2000E+01   4.8936E-05
   3.3000E+01   5.9172E-05
   3.4000E+01   7.5653E-05
   3.5000E+01   8.0630E-05
   3.6000E+01   6.9319E-05
   3.7000E+01   6.4127E-05
   3.8000E+01   6.6649E-05
   3.9000E+01   7.0464E-05
   4.0000E+01   7.0006E-05
   4.1000E+01   7.6589E-05
   4.2000E+01   9.3619E-05
   4.3000E+01   1.0155E-04
   4.4000E+01   8.9478E-05
   4.5000E+01   7.3527E-05
   4.6000E+01   5.4533E-05
   4.7000E+01   4.7547E-05
   4.8000E+01   5.2727E-05
   4.9000E+01   6.3369E-05
   5.0000E+01   7.4193E-05
   5.1000E+01   9.4587E-05
   5.2000E+01   1.2351E-04
   5.3000E+01   1.2116E-04
   5.4000E+01   7.2503E-05
   5.5000E+01   5.2646E-05
   5.6000E+01   7.7083E-05
   5.7000E+01   9.9949E-05
   5.8000E+01   6.6346E-05
   5.9000E+01   4.1945E-05
   6.0000E+01   4.0480E-05
   6.1000E+01   5.1624E-05
   6.2000E+01   8.0784E-05
   6.3000E+01   1.0871E-04
   6.4000E+01   9.7766E-05
   6.5000E+01   7.7190E-05
   6.6000E+01   6.2610E-05
   6.7000E+01   5.9680E-05
   6.8000E+01   6.8387E-05
   6.9000E+01   6.6262E-05
   7.0000E+01   4.7682E-05
   7.1000E+01   3.8587E-05
   7.2000E+01   3.8110E-05
   7.3000E+01   3.9934E-05
   7.4000E+01   3.9610E-05
   7.5000E+01   4.4741E-05
   7.6000E+01   6.7639E-05
   7.7000E+01   9.0091E-05
   7.8000E+01   1.0033E-04
   7.9000E+01   9.3747E-05
   8.0000E+01   7.2560E-05
   8.1000E+01   6.1852E-05
   8.2000E+01   6.1093E-05
   8.3000E+01   6.6265E-05
   8.4000E+01   7.1669E-05
   8.5000E+01   6.6875E-05
   8.6000E+01   5.2880E-05
   8.7000E+01   4.5603E-05
   8.8000E+01   5.0906E-05
   8.9000E+01   7.3951E-05
   9.0000E+01   1.1961E-04
   9.1000E+01   1.3602E-04
   9.2000E+01   5.8022E-05
   9.3000E+01   3.5946E-05
   9.4000E+01   4.4778E-05
   9.5000E+01   5.3119E-05
   9.6000E+01   4.4159E-05
   9.7000E+01   4.1155E-05
   9.8000E+01   5.7472E-05
   9.9000E+01   9.7875E-05
   1.0000E+02   1.5416E-04
   1.0100E+02   1.8222E-04
   1.0200E+02   1.1058E-04
   1.0300E+02   6.7235E-05
   1.0400E+02   6.3450E-05
   1.0500E+02   6.6191E-05
   1.0600E+02   6.8197E-05
   1.0700E+02   6.5971E-05
   1.0800E+02   5.8690E-05
   1.0900E+02   5.6111E-05
   1.1000E+02   5.7395E-05
   1.1100E+02   5.4928E-05
   1.1200E+02   4.8438E-05
   1.1300E+02   4.7095E-05
   1.1400E+02   5.8408E-05
   1.1500E+02   6.7538E-05
   1.1600E+02   6.7034E-05
   1.1700E+02   6.5557E-05
   1.1800E+02   6.5746E-05
   1.1900E+02   7.0634E-05
   1.2000E+02   7.9392E-05
   1.2100E+02   6.8958E-05
   1.2200E+02   3.7704E-05
   1.2300E+02   4.0928E-05
   1.2400E+02   1.2539E-04
   1.2500E+02   3.3526E-04
   1.2600E+02   3.3465E-04
   1.2700E+02   2.8049E-04
   1.2800E+02   3.0416E-04
   1.2900E+02   2.2458E-04
   1.3000E+02   9.9370E-05
   1.3100E+02   5.2792E-05
   1.3200E+02   5.7962E-05
   1.3300E+02   6.5830E-05
   1.3400E+02   5.5253E-05
   1.3500E+02   5.7756E-05
   1.3600E+02   9.9155E-05
   1.3700E+02   1.0665E-04
   1.3800E+02   5.7151E-05
   1.3900E+02   3.6054E-05
   1.4000E+02   4.6910E-05
   1.4100E+02   7.6106E-05
   1.4200E+02   1.1169E-04
   1.4300E+02   1.3008E-04
   1.4400E+02   1.1375E-04
   1.4500E+02   1.1094E-04
   1.4600E+02   1.5336E-04
   1.4700E+02   1.8755E-04
   1.4800E+02   1.7220E-04
   1.4900E+02   1.2941E-04
   1.5000E+02   8.5710E-05
   1.5100E+02   5.9118E-05
   1.5200E+02   5.6191E-05
   1.5300E+02   5.2879E-05
   1.5400E+02   4.5278E-05
   1.5500E+02   3.7778E-05
   1.5600E+02   3.1383E-05
   1.5700E+02   4.2165E-05
   1.5800E+02   8.9340E-05
   1.5900E+02   1.3968E-04
   1.6000E+02   9.9230E-05
   1.6100E+02   5.7109E-05
   1.6200E+02   3.6359E-05
   1.6300E+02   3.2623E-05
   1.6400E+02   4.3130E-05
   1.6500E+02   5.3950E-05
   1.6600E+02   4.8090E-05
   1.6700E+02   4.2551E-05
   1.6800E+02   4.1928E-05
   1.6900E+02   4.6743E-05
   1.7000E+02   5.8956E-05
   1.7100E+02   6.6146E-05
   1.7200E+02   5.8350E-05
   1.7300E+02   5.2301E-05
   1.7400E+02   4.9289E-05
   1.7500E+02   4.3070E-05
   1.7600E+02   3.3605E-05
   1.7700E+02   3.4950E-05
   1.7800E+02   5.2732E-05
   1.7900E+02   7.0314E-05
   1.8000E+02   6.6143E-05
   1.8100E+02   6.5826E-05
   1.8200E+02   8.2011E-05
   1.8300E+02   9.6442E-05
   1.8400E+02   9.7531E-05
   1.8500E+02   9.7410E-05
   1.8600E+02   1.0196E-04
   1.8700E+02   1.0502E-04
   1.8800E+02   1.0157E-04
   1.8900E+02   9.2653E-05
   1.9000E+02   8.1531E-05
   1.9100E+02   8.3293E-05
   1.9200E+02   9.6386E-05
   1.9300E+02   1.0034E-04
   1.9400E+02   8.2281E-05
   1.9500E+02   7.5674E-05
   1.9600E+02   9.0977E-05
   1.9700E+02   1.0089E-04
   1.9800E+02   9.0309E-05
   1.9900E+02   7.6269E-05
   2.0000E+02   5.8394E-05
   2.0100E+02   5.8423E-05
   2.0200E+02   8.6622E-05
   2.0300E+02   1.3163E-04
   2.0400E+02   1.4080E-04
   2.0500E+02   1.1415E-04
   2.0600E+02   8.1686E-05
   2.0700E+02   6.3789E-05
   2.0800E+02   7.4416E-05
   2.0900E+02   1.2377E-04
   2.1000E+02   1.9959E-04
   2.1100E+02   2.1047E-04
   2.1200E+02   8.6823E-05
   2.1300E+02   4.4643E-05
   2.1400E+02   5.4179E-05
   2.1500E+02   8.9752E-05
   2.1600E+02   1.8203E-04
   2.1700E+02   2.4787E-04
   2.1800E+02   2.2645E-04
   2.1900E+02   1.4792E-04
   2.2000E+02   7.4703E-05
   2.2100E+02   5.4874E-05
   2.2200E+02   6.6522E-05
   2.2300E+02   8.2090E-05
   2.2400E+02   8.6987E-05
   2.2500E+02   8.5115E-05
   2.2600E+02   7.8938E-05
   2.2700E+02   7.2768E-05
   2.2800E+02   6.9531E-05
   2.2900E+02   6.7089E-05
   2.3000E+02   6.2542E-05
   2.3100E+02   4.8777E-05
   2.3200E+02   3.1670E-05
   2.3300E+02   4.4115E-05
   2.3400E+02   1.3314E-04
   2.3500E+02   2.5293E-04
   2.3600E+02   1.2193E-04
   2.3700E+02   6.2256E-05
   2.3800E+02   6.0719E-05
   2.3900E+02   7.3888E-05
   2.4000E+02   8.8697E-05
   2.4100E+02   8.5990E-05
   2.4200E+02   6.6373E-05
   2.4300E+02   5.0638E-05
   2.4400E+02   5.1977E-05
   2.4500E+02   7.3261E-05
   2.4600E+02   1.2759E-04
   2.4700E+02   1.4362E-04
   2.4800E+02   9.0281E-05
   2.4900E+02   6.2339E-05
   2.5000E+02   6.9805E-05
   2.5100E+02   6.9418E-05
   2.5200E+02   5.0806E-05
   2.5300E+02   4.8523E-05
   2.5400E+02   6.8076E-05
   2.5500E+02   7.2241E-05
   2.5600E+02   4.4699E-05
   2.5700E+02   3.5991E-05
   2.5800E+02   4.2679E-05
   2.5900E+02   5.3516E-05
   2.6000E+02   5.6055E-05
   2.6100E+02   5.6796E-05
   2.6200E+02   5.8844E-05
   2.6300E+02   7.3133E-05
   2.6400E+02   9.9118E-05
   2.6500E+02   1.1672E-04
   2.6600E+02   1.0547E-04
   2.6700E+02   9.8448E-05
   2.6800E+02   1.0303E-04
   2.6900E+02   1.0391E-04
   2.7000E+02   9.7865E-05
   2.7100E+02   8.1994E-05
   2.7200E+02   6.5456E-05
   2.7300E+02   5.6927E-05
   2.7400E+02   5.9817E-05
   2.7500E+02   6.2865E-05
   2.7600E+02   6.5922E-05
   2.7700E+02   7.8158E-05
   2.7800E+02   9.6051E-05
   2.7900E+02   9.0676E-05
   2.8000E+02   5.7460E-05
   2.8100E+02   3.7882E-05
   2.8200E+02   3.2504E-05
   2.8300E+02   4.1856E-05
   2.8400E+02   6.7162E-05
   2.8500E+02   1.1371E-04
   2.8600E+02   1.8368E-04
   2.8700E+02   1.5993E-04
   2.8800E+02   6.8548E-05
   2.8900E+02   4.3274E-05
   2.9000E+02   6.2417E-05
   2.9100E+02   1.0521E-04
   2.9200E+02   1.9032E-04
   2.9300E+02   1.9292E-04
   2.9400E+02   1.1114E-04
   2.9500E+02   6.1321E-05
   2.9600E+02   4.6330E-05
   2.9700E+02   5.6301E-05
   2.9800E+02   1.0245E-04
   2.9900E+02   1.2012E-04
   3.0000E+02   6.8683E-05
   3.0100E+02   4.5642E-05
   3.0200E+02   5.0345E-05
   3.0300E+02   5.4195E-05
   3.0400E+02   5.1341E-05
   3.0500E+02   4.7494E-05
   3.0600E+02   4.2954E-05
   3.0700E+02   4.2668E-05
   3.0800E+02   4.5541E-05
   3.0900E+02   8.1629E-05
   3.1000E+02   2.5213E-04
   3.1100E+02   3.3488E-04
   3.1200E+02   1.3684E-04
   3.1300E+02   6.1969E-05
   3.1400E+02   4.6628E-05
