   0.0000E+00   9.7724E-05
   0.0000E+00   2.3402E-04
   1.0000E+00   2.3381E-04
   2.0000E+00   1.4378E-04
   3.0000E+00   7.3011E-05
   4.0000E+00   7.1377E-05
   5.0000E+00   8.6925E-05
   6.0000E+00   6.4807E-05
   7.0000E+00   5.4575E-05
   8.0000E+00   8.8080E-05
   9.0000E+00   1.4662E-04
   1.0000E+01   1.1277E-04
   1.1000E+01   7.8857E-05
   1.2000E+01   1.1610E-04
   1.3000E+01   1.8261E-04
   1.4000E+01   1.3438E-04
   1.5000E+01   7.7665E-05
   1.6000E+01   6.7021E-05
   1.7000E+01   7.3723E-05
   1.8000E+01   8.5256E-05
   1.9000E+01   9.4962E-05
   2.0000E+01   9.9482E-05
   2.1000E+01   8.8520E-05
   2.2000E+01   7.2620E-05
   2.3000E+01   5.7762E-05
   2.4000E+01   6.8592E-05
   2.5000E+01   8.2806E-05
   2.6000E+01   7.7469E-05
   2.7000E+01   6.6567E-05
   2.8000E+01   7.3995E-05
   2.9000E+01   9.0529E-05
   3.0000E+01   9.0379E-05
   3.1000E+01   9.7536E-05
   3.2000E+01   1.5382E-04
   3.3000E+01   2.1348E-04
   3.4000E+01   1.5009E-04
   3.5000E+01   7.9629E-05
   3.6000E+01   5.3807E-05
   3.7000E+01   5.1300E-05
   3.8000E+01   6.8862E-05
   3.9000E+01   8.9987E-05
   4.0000E+01   9.8083E-05
   4.1000E+01   9.3469E-05
   4.2000E+01   7.6253E-05
   4.3000E+01   7.2968E-05
   4.4000E+01   9.2457E-05
   4.5000E+01   1.2020E-04
   4.6000E+01   9.7890E-05
   4.7000E+01   7.2147E-05
   4.8000E+01   5.6377E-05
   4.9000E+01   5.3029E-05
   5.0000E+01   5.9059E-05
   5.1000E+01   6.6868E-05
   5.2000E+01   6.0828E-05
   5.3000E+01   5.2640E-05
   5.4000E+01   4.7548E-05
   5.5000E+01   4.6749E-05
   5.6000E+01   4.7463E-05
   5.7000E+01   5.5981E-05
   5.8000E+01   7.7614E-05
   5.9000E+01   1.0519E-04
   6.0000E+01   8.4922E-05
   6.1000E+01   6.4108E-05
   6.2000E+01   7.4056E-05
   6.3000E+01   9.2140E-05
   6.4000E+01   6.9024E-05
   6.5000E+01   5.2698E-05
   6.6000E+01   7.8905E-05
   6.7000E+01   1.0522E-04
   6.8000E+01   9.2386E-05
   6.9000E+01   6.7246E-05
   7.0000E+01   5.9614E-05
   7.1000E+01   6.5975E-05
   7.2000E+01   9.9077E-05
   7.3000E+01   1.2469E-04
   7.4000E+01   7.6585E-05
   7.5000E+01   5.0123E-05
   7.6000E+01   4.9499E-05
   7.7000E+01   7.5023E-05
   7.8000E+01   1.3094E-04
   7.9000E+01   2.1331E-04
   8.0000E+01   1.7737E-04
   8.1000E+01   1.0663E-04
   8.2000E+01   7.9882E-05
   8.3000E+01   6.9814E-05
   8.4000E+01   6.0994E-05
   8.5000E+01   5.7282E-05
   8.6000E+01   6.0279E-05
   8.7000E+01   7.9015E-05
   8.8000E+01   9.9353E-05
   8.9000E+01   1.0770E-04
   9.0000E+01   7.6364E-05
   9.1000E+01   5.4667E-05
   9.2000E+01   6.8794E-05
   9.3000E+01   1.0131E-04
   9.4000E+01   8.5466E-05
   9.5000E+01   6.8621E-05
   9.6000E+01   8.4899E-05
   9.7000E+01   1.0180E-04
   9.8000E+01   8.3646E-05
   9.9000E+01   6.1103E-05
   1.0000E+02   4.8410E-05
   1.0100E+02   4.4182E-05
   1.0200E+02   4.9719E-05
   1.0300E+02   6.6111E-05
   1.0400E+02   8.3178E-05
   1.0500E+02   9.1947E-05
   1.0600E+02   7.0246E-05
   1.0700E+02   5.5757E-05
   1.0800E+02   6.1576E-05
   1.0900E+02   7.0579E-05
   1.1000E+02   5.9736E-05
   1.1100E+02   6.0729E-05
   1.1200E+02   1.2996E-04
   1.1300E+02   2.4881E-04
   1.1400E+02   1.6368E-04
   1.1500E+02   8.1741E-05
   1.1600E+02   7.5488E-05
   1.1700E+02   9.2104E-05
   1.1800E+02   9.5968E-05
   1.1900E+02   8.8184E-05
   1.2000E+02   7.1807E-05
   1.2100E+02   5.8729E-05
   1.2200E+02   6.2797E-05
   1.2300E+02   7.2777E-05
   1.2400E+02   8.0345E-05
   1.2500E+02   7.8451E-05
   1.2600E+02   5.4239E-05
   1.2700E+02   4.3316E-05
   1.2800E+02   5.4486E-05
   1.2900E+02   7.8916E-05
   1.3000E+02   8.0189E-05
   1.3100E+02   8.3219E-05
   1.3200E+02   1.0925E-04
   1.3300E+02   1.3180E-04
   1.3400E+02   8.6674E-05
   1.3500E+02   6.2610E-05
   1.3600E+02   1.0937E-04
   1.3700E+02   1.6892E-04
   1.3800E+02   1.0394E-04
   1.3900E+02   5.1540E-05
   1.4000E+02   4.5689E-05
   1.4100E+02   5.9614E-05
   1.4200E+02   9.0414E-05
   1.4300E+02   1.0446E-04
   1.4400E+02   7.3188E-05
   1.4500E+02   5.8664E-05
   1.4600E+02   1.3184E-04
   1.4700E+02   2.1995E-04
   1.4800E+02   9.9628E-05
   1.4900E+02   3.3164E-05
   1.5000E+02   3.8627E-05
   1.5100E+02   7.0636E-05
   1.5200E+02   9.5525E-05
   1.5300E+02   9.4612E-05
   1.5400E+02   6.8044E-05
   1.5500E+02   5.0485E-05
   1.5600E+02   5.6085E-05
   1.5700E+02   6.9870E-05
   1.5800E+02   7.3636E-05
   1.5900E+02   7.3081E-05
   1.6000E+02   7.1678E-05
   1.6100E+02   6.4519E-05
   1.6200E+02   4.5922E-05
   1.6300E+02   4.2210E-05
   1.6400E+02   5.4979E-05
   1.6500E+02   8.0122E-05
   1.6600E+02   8.7702E-05
   1.6700E+02   7.9987E-05
   1.6800E+02   6.7018E-05
   1.6900E+02   6.9295E-05
   1.7000E+02   1.2019E-04
   1.7100E+02   1.8289E-04
   1.7200E+02   1.7492E-04
   1.7300E+02   1.3173E-04
   1.7400E+02   1.0276E-04
   1.7500E+02   9.5653E-05
   1.7600E+02   1.0089E-04
   1.7700E+02   9.7003E-05
   1.7800E+02   6.6638E-05
   1.7900E+02   4.9441E-05
   1.8000E+02   5.9054E-05
   1.8100E+02   7.9371E-05
   1.8200E+02   8.3581E-05
   1.8300E+02   9.3560E-05
   1.8400E+02   1.3685E-04
   1.8500E+02   1.6932E-04
   1.8600E+02   1.0926E-04
   1.8700E+02   6.4694E-05
   1.8800E+02   5.7990E-05
   1.8900E+02   6.4543E-05
   1.9000E+02   7.0107E-05
   1.9100E+02   7.8438E-05
   1.9200E+02   9.7362E-05
   1.9300E+02   1.0345E-04
   1.9400E+02   7.5284E-05
   1.9500E+02   7.4044E-05
   1.9600E+02   1.4149E-04
   1.9700E+02   2.2586E-04
   1.9800E+02   1.4805E-04
   1.9900E+02   9.0720E-05
   2.0000E+02   1.4405E-04
   2.0100E+02   2.1797E-04
   2.0200E+02   1.7356E-04
   2.0300E+02   9.6673E-05
   2.0400E+02   5.5604E-05
   2.0500E+02   5.3492E-05
   2.0600E+02   1.2848E-04
   2.0700E+02   2.5427E-04
   2.0800E+02   1.5996E-04
   2.0900E+02   7.3808E-05
   2.1000E+02   7.0994E-05
   2.1100E+02   8.6191E-05
   2.1200E+02   8.5931E-05
   2.1300E+02   8.0723E-05
   2.1400E+02   7.4844E-05
   2.1500E+02   6.9001E-05
   2.1600E+02   5.5950E-05
   2.1700E+02   5.2045E-05
   2.1800E+02   6.3964E-05
   2.1900E+02   9.6044E-05
   2.2000E+02   1.6655E-04
   2.2100E+02   2.1482E-04
   2.2200E+02   1.1473E-04
   2.2300E+02   6.2160E-05
   2.2400E+02   7.0817E-05
   2.2500E+02   9.7301E-05
   2.2600E+02   9.4910E-05
   2.2700E+02   9.8330E-05
   2.2800E+02   1.3579E-04
   2.2900E+02   1.4972E-04
   2.3000E+02   7.4228E-05
   2.3100E+02   4.1609E-05
   2.3200E+02   5.9009E-05
   2.3300E+02   8.6819E-05
   2.3400E+02   8.5700E-05
   2.3500E+02   7.7713E-05
   2.3600E+02   9.4011E-05
   2.3700E+02   1.1060E-04
   2.3800E+02   1.0374E-04
   2.3900E+02   1.0109E-04
   2.4000E+02   1.1890E-04
   2.4100E+02   1.2257E-04
   2.4200E+02   9.6777E-05
   2.4300E+02   9.0029E-05
   2.4400E+02   1.3849E-04
   2.4500E+02   2.1156E-04
   2.4600E+02   2.0486E-04
   2.4700E+02   1.8844E-04
   2.4800E+02   2.2243E-04
   2.4900E+02   1.9727E-04
   2.5000E+02   1.0513E-04
   2.5100E+02   5.1731E-05
   2.5200E+02   4.2770E-05
   2.5300E+02   4.9105E-05
   2.5400E+02   7.1219E-05
   2.5500E+02   9.1327E-05
   2.5600E+02   7.9913E-05
   2.5700E+02   6.8530E-05
   2.5800E+02   8.1144E-05
   2.5900E+02   9.8668E-05
   2.6000E+02   8.6950E-05
   2.6100E+02   9.6203E-05
   2.6200E+02   1.6031E-04
   2.6300E+02   2.4377E-04
   2.6400E+02   1.6454E-04
   2.6500E+02   9.4282E-05
   2.6600E+02   8.2826E-05
   2.6700E+02   8.6984E-05
   2.6800E+02   8.5524E-05
   2.6900E+02   8.5668E-05
   2.7000E+02   9.1816E-05
   2.7100E+02   9.0991E-05
   2.7200E+02   7.4405E-05
   2.7300E+02   6.5986E-05
   2.7400E+02   7.7664E-05
   2.7500E+02   8.3048E-05
   2.7600E+02   6.6183E-05
   2.7700E+02   6.6199E-05
   2.7800E+02   1.2441E-04
   2.7900E+02   1.8385E-04
   2.8000E+02   1.1564E-04
   2.8100E+02   5.9982E-05
   2.8200E+02   5.4533E-05
   2.8300E+02   6.5807E-05
   2.8400E+02   9.3555E-05
   2.8500E+02   1.1310E-04
   2.8600E+02   9.5285E-05
   2.8700E+02   7.3019E-05
   2.8800E+02   7.1432E-05
   2.8900E+02   7.2151E-05
   2.9000E+02   6.6110E-05
   2.9100E+02   6.1567E-05
   2.9200E+02   5.8930E-05
   2.9300E+02   6.1493E-05
   2.9400E+02   6.9647E-05
   2.9500E+02   7.2310E-05
   2.9600E+02   6.4076E-05
   2.9700E+02   5.7810E-05
   2.9800E+02   6.2553E-05
   2.9900E+02   7.5303E-05
   3.0000E+02   9.7615E-05
   3.0100E+02   1.1112E-04
   3.0200E+02   1.1044E-04
   3.0300E+02   9.9904E-05
   3.0400E+02   8.9656E-05
   3.0500E+02   7.7787E-05
   3.0600E+02   7.4068E-05
   3.0700E+02   7.7625E-05
   3.0800E+02   9.3536E-05
   3.0900E+02   9.9127E-05
   3.1000E+02   9.0261E-05
   3.1100E+02   9.7752E-05
   3.1200E+02   1.5581E-04
   3.1300E+02   2.4736E-04
   3.1400E+02   2.5546E-04
   3.1500E+02   1.9228E-04
   3.1600E+02   1.1278E-04
   3.1700E+02   7.2223E-05
   3.1800E+02   7.3173E-05
   3.1900E+02   7.7542E-05
   3.2000E+02   6.6293E-05
   3.2100E+02   6.4965E-05
   3.2200E+02   9.0622E-05
   3.2300E+02   1.0479E-04
   3.2400E+02   7.4217E-05
   3.2500E+02   5.2403E-05
   3.2600E+02   6.2216E-05
   3.2700E+02   1.0034E-04
   3.2800E+02   1.5564E-04
   3.2900E+02   1.9972E-04
   3.3000E+02   1.2550E-04
   3.3100E+02   7.5431E-05
   3.3200E+02   7.3232E-05
   3.3300E+02   7.5631E-05
   3.3400E+02   6.3439E-05
   3.3500E+02   5.5089E-05
   3.3600E+02   6.1581E-05
   3.3700E+02   7.6282E-05
   3.3800E+02   9.8461E-05
   3.3900E+02   1.0774E-04
   3.4000E+02   9.6963E-05
   3.4100E+02   7.5677E-05
   3.4200E+02   5.5607E-05
   3.4300E+02   5.3911E-05
   3.4400E+02   8.0260E-05
   3.4500E+02   1.0265E-04
   3.4600E+02   8.7623E-05
   3.4700E+02   8.0903E-05
   3.4800E+02   1.1050E-04
   3.4900E+02   1.4102E-04
   3.5000E+02   1.2206E-04
   3.5100E+02   8.9161E-05
   3.5200E+02   6.7187E-05
   3.5300E+02   6.4858E-05
   3.5400E+02   9.3371E-05
   3.5500E+02   1.3763E-04
   3.5600E+02   1.4042E-04
   3.5700E+02   1.2397E-04
   3.5800E+02   1.0797E-04
   3.5900E+02   8.7598E-05
   3.6000E+02   6.5946E-05
   3.6100E+02   4.7267E-05
   3.6200E+02   3.8432E-05
   3.6300E+02   3.7182E-05
   3.6400E+02   5.2703E-05
   3.6500E+02   6.2903E-05
   3.6600E+02   4.9051E-05
   3.6700E+02   4.1845E-05
   3.6800E+02   5.8548E-05
   3.6900E+02   8.0626E-05
   3.7000E+02   7.2502E-05
   3.7100E+02   6.5643E-05
   3.7200E+02   8.1229E-05
   3.7300E+02   8.5283E-05
   3.7400E+02   5.4720E-05
   3.7500E+02   3.8211E-05
   3.7600E+02   3.3725E-05
   3.7700E+02   3.7738E-05
   3.7800E+02   4.7812E-05
   3.7900E+02   6.2659E-05
   3.8000E+02   7.7190E-05
   3.8100E+02   9.1305E-05
   3.8200E+02   1.0016E-04
   3.8300E+02   1.0434E-04
   3.8400E+02   9.7730E-05
   3.8500E+02   8.9516E-05
   3.8600E+02   8.5606E-05
   3.8700E+02   8.8910E-05
   3.8800E+02   1.0165E-04
   3.8900E+02   1.0313E-04
   3.9000E+02   8.2746E-05
   3.9100E+02   7.0655E-05
   3.9200E+02   6.8321E-05
   3.9300E+02   6.5428E-05
   3.9400E+02   5.3875E-05
   3.9500E+02   4.9375E-05
   3.9600E+02   5.2602E-05
   3.9700E+02   5.4546E-05
   3.9800E+02   5.3192E-05
   3.9900E+02   6.4793E-05
   4.0000E+02   1.1185E-04
   4.0100E+02   1.4117E-04
   4.0200E+02   8.9670E-05
   4.0300E+02   6.7536E-05
   4.0400E+02   1.0044E-04
   4.0500E+02   1.3115E-04
   4.0600E+02   1.0066E-04
   4.0700E+02   9.2476E-05
   4.0800E+02   1.5238E-04
   4.0900E+02   1.9990E-04
   4.1000E+02   1.3048E-04
   4.1100E+02   8.2708E-05
   4.1200E+02   8.7644E-05
   4.1300E+02   9.4285E-05
   4.1400E+02   6.8674E-05
   4.1500E+02   6.3785E-05
   4.1600E+02   9.0241E-05
   4.1700E+02   1.5296E-04
   4.1800E+02   2.0832E-04
   4.1900E+02   2.1975E-04
   4.2000E+02   1.4666E-04
   4.2100E+02   1.2161E-04
   4.2200E+02   1.6171E-04
   4.2300E+02   2.1716E-04
   4.2400E+02   2.1681E-04
   4.2500E+02   1.6454E-04
   4.2600E+02   1.0354E-04
   4.2700E+02   6.6048E-05
   4.2800E+02   4.8702E-05
   4.2900E+02   5.1992E-05
   4.3000E+02   7.8069E-05
   4.3100E+02   1.1904E-04
   4.3200E+02   1.1277E-04
   4.3300E+02   9.3621E-05
   4.3400E+02   8.7736E-05
   4.3500E+02   9.7237E-05
   4.3600E+02   1.2072E-04
   4.3700E+02   1.1968E-04
   4.3800E+02   7.6921E-05
   4.3900E+02   4.8045E-05
   4.4000E+02   4.1281E-05
   4.4100E+02   5.2956E-05
   4.4200E+02   1.0688E-04
   4.4300E+02   1.7073E-04
   4.4400E+02   1.2403E-04
   4.4500E+02   7.8980E-05
   4.4600E+02   8.0802E-05
   4.4700E+02   9.0287E-05
   4.4800E+02   9.3830E-05
   4.4900E+02   9.4714E-05
   4.5000E+02   9.4570E-05
   4.5100E+02   9.5714E-05
   4.5200E+02   1.0019E-04
   4.5300E+02   9.7910E-05
   4.5400E+02   8.3272E-05
   4.5500E+02   7.1704E-05
   4.5600E+02   5.4513E-05
   4.5700E+02   6.3072E-05
   4.5800E+02   1.5177E-04
   4.5900E+02   2.3281E-04
   4.6000E+02   1.6424E-04
   4.6100E+02   9.8261E-05
   4.6200E+02   7.3452E-05
   4.6300E+02   5.7395E-05
   4.6400E+02   3.7864E-05
   4.6500E+02   3.2930E-05
   4.6600E+02   3.8015E-05
   4.6700E+02   4.7281E-05
   4.6800E+02   6.3671E-05
   4.6900E+02   6.9882E-05
   4.7000E+02   6.6641E-05
   4.7100E+02   6.4505E-05
   4.7200E+02   7.3457E-05
   4.7300E+02   8.4695E-05
   4.7400E+02   8.9018E-05
   4.7500E+02   1.1057E-04
   4.7600E+02   1.7042E-04
   4.7700E+02   2.5024E-04
   4.7800E+02   2.5102E-04
   4.7900E+02   1.8494E-04
   4.8000E+02   1.1436E-04
   4.8100E+02   9.8760E-05
   4.8200E+02   1.7748E-04
   4.8300E+02   2.4515E-04
   4.8400E+02   1.4339E-04
   4.8500E+02   8.5500E-05
   4.8600E+02   9.3826E-05
   4.8700E+02   1.2967E-04
   4.8800E+02   1.8386E-04
   4.8900E+02   2.3684E-04
   4.9000E+02   2.3072E-04
   4.9100E+02   1.7691E-04
   4.9200E+02   8.9748E-05
   4.9300E+02   5.8976E-05
   4.9400E+02   4.7552E-05
   4.9500E+02   5.5629E-05
   4.9600E+02   9.1549E-05
   4.9700E+02   1.2920E-04
   4.9800E+02   1.1236E-04
   4.9900E+02   1.1492E-04
   5.0000E+02   1.7526E-04
   5.0100E+02   2.5352E-04
   5.0200E+02   2.3586E-04
   5.0300E+02   1.6483E-04
   5.0400E+02   9.5675E-05
   5.0500E+02   6.7671E-05
   5.0600E+02   6.0459E-05
   5.0700E+02   6.7367E-05
   5.0800E+02   8.7905E-05
   5.0900E+02   9.1984E-05
   5.1000E+02   7.0729E-05
   5.1100E+02   5.1919E-05
   5.1200E+02   4.7258E-05
   5.1300E+02   5.2377E-05
   5.1400E+02   6.0657E-05
   5.1500E+02   8.0053E-05
   5.1600E+02   1.0393E-04
   5.1700E+02   1.0585E-04
   5.1800E+02   7.6620E-05
   5.1900E+02   5.5720E-05
   5.2000E+02   4.6016E-05
   5.2100E+02   4.2863E-05
   5.2200E+02   4.1602E-05
   5.2300E+02   3.8280E-05
   5.2400E+02   3.5328E-05
   5.2500E+02   4.4862E-05
   5.2600E+02   8.9992E-05
   5.2700E+02   1.1877E-04
   5.2800E+02   7.0754E-05
   5.2900E+02   5.7405E-05
   5.3000E+02   1.2237E-04
   5.3100E+02   2.6678E-04
   5.3200E+02   2.8144E-04
   5.3300E+02   2.2635E-04
   5.3400E+02   1.5496E-04
   5.3500E+02   9.9304E-05
   5.3600E+02   6.7812E-05
   5.3700E+02   5.1010E-05
   5.3800E+02   5.5291E-05
   5.3900E+02   6.3840E-05
   5.4000E+02   6.7405E-05
   5.4100E+02   7.5820E-05
   5.4100E+02   9.7724E-05
   5.4100E+02   7.4249E-05
   5.4200E+02   9.4280E-05
   5.4300E+02   1.1691E-04
   5.4400E+02   1.2417E-04
   5.4500E+02   9.5948E-05
   5.4600E+02   6.4670E-05
   5.4700E+02   4.8682E-05
   5.4800E+02   5.5893E-05
   5.4900E+02   7.1444E-05
   5.5000E+02   8.0037E-05
   5.5100E+02   9.2137E-05
   5.5200E+02   1.0034E-04
   5.5300E+02   8.6581E-05
   5.5400E+02   5.1579E-05
   5.5500E+02   5.4174E-05
   5.5600E+02   1.0345E-04
   5.5700E+02   1.3591E-04
   5.5800E+02   8.2020E-05
   5.5900E+02   6.1219E-05
   5.6000E+02   9.5118E-05
   5.6100E+02   1.1696E-04
   5.6200E+02   7.2200E-05
   5.6300E+02   4.8267E-05
   5.6400E+02   5.6303E-05
   5.6500E+02   7.0989E-05
   5.6600E+02   7.0720E-05
   5.6700E+02   6.2241E-05
   5.6800E+02   5.3773E-05
   5.6900E+02   6.7697E-05
   5.7000E+02   1.1056E-04
   5.7100E+02   1.2562E-04
   5.7200E+02   8.0866E-05
   5.7300E+02   5.1637E-05
   5.7400E+02   4.2469E-05
   5.7500E+02   4.9635E-05
   5.7600E+02   6.9664E-05
   5.7700E+02   8.2644E-05
   5.7800E+02   6.2986E-05
   5.7900E+02   5.6416E-05
   5.8000E+02   6.4933E-05
   5.8100E+02   7.0369E-05
   5.8200E+02   6.4563E-05
   5.8300E+02   7.8216E-05
   5.8400E+02   1.7897E-04
   5.8500E+02   2.4987E-04
   5.8600E+02   2.0454E-04
   5.8700E+02   1.5858E-04
   5.8800E+02   1.2167E-04
   5.8900E+02   1.2539E-04
   5.9000E+02   1.6561E-04
   5.9100E+02   1.6349E-04
   5.9200E+02   1.2370E-04
   5.9300E+02   1.0669E-04
   5.9400E+02   1.2392E-04
   5.9500E+02   1.1212E-04
   5.9600E+02   7.4317E-05
   5.9700E+02   7.7430E-05
   5.9800E+02   1.8425E-04
   5.9900E+02   3.3054E-04
   6.0000E+02   3.1460E-04
   6.0100E+02   2.0605E-04
   6.0200E+02   1.1823E-04
   6.0300E+02   1.0564E-04
   6.0400E+02   1.7053E-04
   6.0500E+02   1.5460E-04
   6.0600E+02   6.5389E-05
   6.0700E+02   4.7347E-05
   6.0800E+02   7.8155E-05
   6.0900E+02   1.0369E-04
   6.1000E+02   7.6708E-05
   6.1100E+02   6.6342E-05
   6.1200E+02   1.0211E-04
   6.1300E+02   9.8669E-05
   6.1400E+02   5.0553E-05
   6.1500E+02   3.2192E-05
   6.1600E+02   4.1402E-05
   6.1700E+02   6.7179E-05
   6.1800E+02   8.1812E-05
   6.1900E+02   8.7641E-05
   6.2000E+02   7.7366E-05
   6.2100E+02   6.0572E-05
   6.2200E+02   4.9549E-05
   6.2300E+02   5.0769E-05
   6.2400E+02   6.4433E-05
   6.2500E+02   7.3150E-05
   6.2600E+02   6.5897E-05
   6.2700E+02   8.1796E-05
   6.2800E+02   1.6267E-04
   6.2900E+02   2.6596E-04
   6.3000E+02   2.5893E-04
   6.3100E+02   1.5144E-04
   6.3200E+02   8.1199E-05
   6.3300E+02   5.5256E-05
   6.3400E+02   7.2256E-05
   6.3500E+02   1.2273E-04
   6.3600E+02   2.2186E-04
   6.3700E+02   2.0381E-04
   6.3800E+02   9.5400E-05
   6.3900E+02   5.6495E-05
   6.4000E+02   7.2178E-05
   6.4100E+02   7.9388E-05
   6.4200E+02   6.2970E-05
   6.4300E+02   7.4865E-05
   6.4400E+02   1.7425E-04
   6.4500E+02   1.8658E-04
   6.4600E+02   7.5324E-05
   6.4700E+02   4.8976E-05
   6.4800E+02   9.5689E-05
   6.4900E+02   1.3139E-04
   6.5000E+02   9.3436E-05
   6.5100E+02   6.8925E-05
   6.5200E+02   6.4371E-05
   6.5300E+02   8.2357E-05
   6.5400E+02   1.1279E-04
   6.5500E+02   1.3040E-04
   6.5600E+02   1.2261E-04
   6.5700E+02   9.0429E-05
   6.5800E+02   5.6093E-05
   6.5900E+02   5.4543E-05
   6.6000E+02   8.9405E-05
   6.6100E+02   9.9261E-05
   6.6200E+02   7.3919E-05
   6.6300E+02   6.4018E-05
   6.6400E+02   7.9882E-05
   6.6500E+02   1.0719E-04
   6.6600E+02   1.3402E-04
   6.6700E+02   1.1063E-04
   6.6800E+02   6.7047E-05
   6.6900E+02   7.7062E-05
   6.7000E+02   1.5523E-04
   6.7100E+02   2.4433E-04
   6.7200E+02   1.8591E-04
   6.7300E+02   1.1190E-04
   6.7400E+02   8.7865E-05
   6.7500E+02   6.3443E-05
   6.7600E+02   4.0605E-05
   6.7700E+02   4.0275E-05
   6.7800E+02   5.4538E-05
   6.7900E+02   6.2909E-05
   6.8000E+02   5.2932E-05
   6.8100E+02   5.4110E-05
   6.8200E+02   7.1546E-05
   6.8300E+02   6.8189E-05
   6.8400E+02   4.3545E-05
   6.8500E+02   4.0277E-05
   6.8600E+02   5.3941E-05
   6.8700E+02   6.9329E-05
   6.8800E+02   8.4206E-05
   6.8900E+02   7.8456E-05
   6.9000E+02   6.2764E-05
   6.9100E+02   5.0605E-05
   6.9200E+02   4.1373E-05
   6.9300E+02   4.0336E-05
   6.9400E+02   4.5851E-05
   6.9500E+02   5.1374E-05
   6.9600E+02   5.1671E-05
   6.9700E+02   4.6640E-05
   6.9800E+02   4.4946E-05
   6.9900E+02   7.7627E-05
   7.0000E+02   1.9430E-04
   7.0100E+02   2.5097E-04
   7.0200E+02   1.3229E-04
   7.0300E+02   1.0309E-04
   7.0400E+02   1.9373E-04
   7.0500E+02   1.5386E-04
   7.0600E+02   4.3228E-05
   7.0700E+02   2.3224E-05
   7.0800E+02   3.0530E-05
   7.0900E+02   4.3238E-05
   7.1000E+02   6.9935E-05
   7.1100E+02   7.7477E-05
   7.1200E+02   6.8907E-05
   7.1300E+02   6.7721E-05
   7.1400E+02   9.0779E-05
   7.1500E+02   1.0604E-04
   7.1600E+02   1.1231E-04
   7.1700E+02   1.3894E-04
   7.1800E+02   2.0858E-04
   7.1900E+02   2.0537E-04
   7.2000E+02   1.0724E-04
   7.2100E+02   7.6930E-05
   7.2200E+02   7.2573E-05
   7.2300E+02   9.8162E-05
   7.2400E+02   1.5964E-04
   7.2500E+02   2.4529E-04
   7.2600E+02   2.5338E-04
   7.2700E+02   2.6018E-04
