   0.0000E+00   9.7724E-05
   0.0000E+00   1.8885E-04
   1.0000E+00   1.8877E-04
   2.0000E+00   1.8777E-04
   3.0000E+00   1.8355E-04
   4.0000E+00   1.3382E-04
   5.0000E+00   8.1102E-05
   6.0000E+00   6.9258E-05
   7.0000E+00   7.3855E-05
   8.0000E+00   5.6454E-05
   9.0000E+00   3.5765E-05
   1.0000E+01   4.3394E-05
   1.1000E+01   7.7658E-05
   1.2000E+01   7.6936E-05
   1.3000E+01   4.3382E-05
   1.4000E+01   3.3972E-05
   1.5000E+01   3.6970E-05
   1.6000E+01   4.0063E-05
   1.7000E+01   4.2050E-05
   1.8000E+01   4.9542E-05
   1.9000E+01   6.3202E-05
   2.0000E+01   7.3243E-05
   2.1000E+01   7.5225E-05
   2.2000E+01   6.7415E-05
   2.3000E+01   5.8209E-05
   2.4000E+01   7.1052E-05
   2.5000E+01   1.0924E-04
   2.6000E+01   9.3556E-05
   2.7000E+01   5.3731E-05
   2.8000E+01   4.1312E-05
   2.9000E+01   4.9099E-05
   3.0000E+01   6.9009E-05
   3.1000E+01   1.0554E-04
   3.2000E+01   9.0038E-05
   3.3000E+01   5.1332E-05
   3.4000E+01   6.0939E-05
   3.5000E+01   1.3045E-04
   3.6000E+01   1.3965E-04
   3.7000E+01   8.6618E-05
   3.8000E+01   6.4334E-05
   3.9000E+01   5.4533E-05
   4.0000E+01   3.9707E-05
   4.1000E+01   3.0513E-05
   4.2000E+01   3.2828E-05
   4.3000E+01   5.0388E-05
   4.4000E+01   7.2493E-05
   4.5000E+01   8.6679E-05
   4.6000E+01   1.0053E-04
   4.7000E+01   1.0247E-04
   4.8000E+01   8.1245E-05
   4.9000E+01   6.2370E-05
   5.0000E+01   7.7992E-05
   5.1000E+01   1.4897E-04
   5.2000E+01   1.7384E-04
   5.3000E+01   1.3474E-04
   5.4000E+01   9.8584E-05
   5.5000E+01   7.0931E-05
   5.6000E+01   6.5746E-05
   5.7000E+01   8.0040E-05
   5.8000E+01   1.3719E-04
   5.9000E+01   2.4351E-04
   6.0000E+01   2.0714E-04
   6.1000E+01   8.5745E-05
   6.2000E+01   5.3372E-05
   6.3000E+01   4.9199E-05
   6.4000E+01   5.2262E-05
   6.5000E+01   5.9974E-05
   6.6000E+01   6.3609E-05
   6.7000E+01   6.0415E-05
   6.8000E+01   5.5887E-05
   6.9000E+01   5.3595E-05
   7.0000E+01   8.2514E-05
   7.1000E+01   1.4035E-04
   7.2000E+01   1.2681E-04
   7.3000E+01   7.2312E-05
   7.4000E+01   9.8123E-05
   7.5000E+01   2.3086E-04
   7.6000E+01   2.9207E-04
   7.7000E+01   1.7330E-04
   7.8000E+01   1.1565E-04
   7.9000E+01   8.4361E-05
   8.0000E+01   7.3891E-05
   8.1000E+01   7.3615E-05
   8.2000E+01   6.7557E-05
   8.3000E+01   5.8694E-05
   8.4000E+01   6.8020E-05
   8.5000E+01   8.8973E-05
   8.6000E+01   1.2150E-04
   8.7000E+01   1.5771E-04
   8.8000E+01   1.5287E-04
   8.9000E+01   1.1327E-04
   9.0000E+01   9.0557E-05
   9.1000E+01   7.5757E-05
   9.2000E+01   7.6246E-05
   9.3000E+01   8.6305E-05
   9.4000E+01   8.0380E-05
   9.5000E+01   6.5489E-05
   9.6000E+01   4.0737E-05
   9.7000E+01   2.8973E-05
   9.8000E+01   3.1849E-05
   9.9000E+01   5.6200E-05
   1.0000E+02   7.6013E-05
   1.0100E+02   7.9518E-05
   1.0200E+02   7.2598E-05
   1.0300E+02   6.0949E-05
   1.0400E+02   6.1723E-05
   1.0500E+02   6.9163E-05
   1.0600E+02   6.7958E-05
   1.0700E+02   5.7832E-05
   1.0800E+02   4.8867E-05
   1.0900E+02   4.5042E-05
   1.1000E+02   5.0904E-05
   1.1100E+02   6.8326E-05
   1.1200E+02   7.5858E-05
   1.1300E+02   7.8455E-05
   1.1400E+02   1.0241E-04
   1.1500E+02   1.2698E-04
   1.1600E+02   9.8073E-05
   1.1700E+02   5.7265E-05
   1.1800E+02   5.4685E-05
   1.1900E+02   7.4497E-05
   1.2000E+02   6.2416E-05
   1.2100E+02   4.5017E-05
   1.2200E+02   6.5576E-05
   1.2300E+02   1.6397E-04
   1.2400E+02   1.6984E-04
   1.2500E+02   8.9654E-05
   1.2600E+02   5.2184E-05
   1.2700E+02   4.7373E-05
   1.2800E+02   8.5651E-05
   1.2900E+02   1.7486E-04
   1.3000E+02   1.4189E-04
   1.3100E+02   6.2858E-05
   1.3200E+02   7.5171E-05
   1.3300E+02   1.7998E-04
   1.3400E+02   1.9554E-04
   1.3500E+02   1.1448E-04
   1.3600E+02   1.0810E-04
   1.3700E+02   1.4320E-04
   1.3800E+02   1.4461E-04
   1.3900E+02   1.1260E-04
   1.4000E+02   9.3145E-05
   1.4100E+02   8.4469E-05
   1.4200E+02   7.0902E-05
   1.4300E+02   6.6631E-05
   1.4400E+02   7.5837E-05
   1.4500E+02   1.0841E-04
   1.4600E+02   1.5133E-04
   1.4700E+02   1.9173E-04
   1.4800E+02   1.2629E-04
   1.4900E+02   6.4844E-05
   1.5000E+02   6.7190E-05
   1.5100E+02   1.1160E-04
   1.5200E+02   1.1746E-04
   1.5300E+02   8.0823E-05
   1.5400E+02   7.4798E-05
   1.5500E+02   8.6765E-05
   1.5600E+02   1.0527E-04
   1.5700E+02   1.1379E-04
   1.5800E+02   9.1515E-05
   1.5900E+02   5.5557E-05
   1.6000E+02   3.9589E-05
   1.6100E+02   3.6880E-05
   1.6200E+02   4.2568E-05
   1.6300E+02   6.1952E-05
   1.6400E+02   1.2469E-04
   1.6500E+02   2.6548E-04
   1.6600E+02   2.6101E-04
   1.6700E+02   1.3197E-04
   1.6800E+02   8.2745E-05
   1.6900E+02   6.4797E-05
   1.7000E+02   4.9093E-05
   1.7100E+02   4.0808E-05
   1.7200E+02   3.9293E-05
   1.7300E+02   4.5987E-05
   1.7400E+02   7.6725E-05
   1.7500E+02   1.1527E-04
   1.7600E+02   1.1657E-04
   1.7700E+02   8.9317E-05
   1.7800E+02   8.8710E-05
   1.7900E+02   1.1000E-04
   1.8000E+02   1.1036E-04
   1.8100E+02   9.6123E-05
   1.8200E+02   8.6287E-05
   1.8300E+02   8.7555E-05
   1.8400E+02   1.2380E-04
   1.8500E+02   2.0132E-04
   1.8600E+02   2.0258E-04
   1.8700E+02   1.3455E-04
   1.8800E+02   8.9889E-05
   1.8900E+02   6.4265E-05
   1.9000E+02   5.6416E-05
   1.9100E+02   5.6232E-05
   1.9200E+02   5.8047E-05
   1.9300E+02   6.2215E-05
   1.9400E+02   6.8270E-05
   1.9500E+02   7.7503E-05
   1.9600E+02   1.0186E-04
   1.9700E+02   1.0695E-04
   1.9800E+02   7.9673E-05
   1.9900E+02   4.7823E-05
   2.0000E+02   5.0109E-05
   2.0100E+02   7.1463E-05
   2.0200E+02   6.9867E-05
   2.0300E+02   5.1249E-05
   2.0400E+02   5.6534E-05
   2.0500E+02   7.4732E-05
   2.0600E+02   7.1712E-05
   2.0700E+02   5.7422E-05
   2.0800E+02   7.3792E-05
   2.0900E+02   1.2414E-04
   2.1000E+02   1.4167E-04
   2.1100E+02   1.1535E-04
   2.1200E+02   1.0381E-04
   2.1300E+02   9.6045E-05
   2.1400E+02   7.3816E-05
   2.1500E+02   5.7290E-05
   2.1600E+02   5.6983E-05
   2.1700E+02   6.7394E-05
   2.1800E+02   8.1883E-05
   2.1900E+02   8.9381E-05
   2.2000E+02   8.6111E-05
   2.2100E+02   7.6857E-05
   2.2200E+02   7.4309E-05
   2.2300E+02   8.2890E-05
   2.2400E+02   1.4924E-04
   2.2500E+02   2.3317E-04
   2.2600E+02   1.4431E-04
   2.2700E+02   4.8763E-05
   2.2800E+02   7.6696E-05
   2.2900E+02   2.4743E-04
   2.3000E+02   2.7474E-04
   2.3100E+02   1.3247E-04
   2.3200E+02   9.5397E-05
   2.3300E+02   1.0278E-04
   2.3400E+02   8.4393E-05
   2.3500E+02   7.2190E-05
   2.3600E+02   9.6543E-05
   2.3700E+02   1.7659E-04
   2.3800E+02   1.9674E-04
   2.3900E+02   1.5554E-04
   2.4000E+02   1.0855E-04
   2.4100E+02   8.4671E-05
   2.4200E+02   9.4415E-05
   2.4300E+02   1.2421E-04
   2.4400E+02   1.0575E-04
   2.4500E+02   6.2805E-05
   2.4600E+02   5.5408E-05
   2.4700E+02   6.0335E-05
   2.4800E+02   6.6493E-05
   2.4900E+02   7.3334E-05
   2.5000E+02   8.9556E-05
   2.5100E+02   1.0279E-04
   2.5200E+02   8.3486E-05
   2.5300E+02   5.3375E-05
   2.5400E+02   4.4686E-05
   2.5500E+02   4.6375E-05
   2.5600E+02   7.0244E-05
   2.5700E+02   1.2672E-04
   2.5800E+02   1.2819E-04
   2.5900E+02   9.8580E-05
   2.6000E+02   1.1699E-04
   2.6100E+02   1.7158E-04
   2.6200E+02   1.2168E-04
   2.6300E+02   5.9757E-05
   2.6400E+02   4.6507E-05
   2.6500E+02   5.5044E-05
   2.6600E+02   5.7703E-05
   2.6700E+02   5.5635E-05
   2.6800E+02   5.2674E-05
   2.6900E+02   5.5558E-05
   2.7000E+02   7.3534E-05
   2.7100E+02   9.5354E-05
   2.7200E+02   1.0939E-04
   2.7300E+02   1.0583E-04
   2.7400E+02   9.5746E-05
   2.7500E+02   8.3715E-05
   2.7600E+02   7.2040E-05
   2.7700E+02   5.8618E-05
   2.7800E+02   4.7638E-05
   2.7900E+02   4.2819E-05
   2.8000E+02   5.0739E-05
   2.8100E+02   6.4548E-05
   2.8200E+02   7.5493E-05
   2.8300E+02   7.3374E-05
   2.8400E+02   6.0695E-05
   2.8500E+02   5.0366E-05
   2.8600E+02   4.6661E-05
   2.8700E+02   5.0199E-05
   2.8800E+02   7.1915E-05
   2.8900E+02   9.5348E-05
   2.9000E+02   1.0567E-04
   2.9100E+02   9.8400E-05
   2.9200E+02   9.9969E-05
   2.9300E+02   9.8310E-05
   2.9400E+02   6.9760E-05
   2.9500E+02   4.8466E-05
   2.9600E+02   5.6741E-05
   2.9700E+02   9.1767E-05
   2.9800E+02   1.5919E-04
   2.9900E+02   2.3531E-04
   3.0000E+02   1.2495E-04
   3.0100E+02   3.4773E-05
   3.0200E+02   3.4182E-05
   3.0300E+02   7.0907E-05
   3.0400E+02   1.2314E-04
   3.0500E+02   1.3335E-04
   3.0600E+02   7.9729E-05
   3.0700E+02   4.3697E-05
   3.0800E+02   3.7552E-05
   3.0900E+02   4.5074E-05
   3.1000E+02   5.5855E-05
   3.1100E+02   7.3252E-05
   3.1200E+02   8.7031E-05
   3.1300E+02   1.0735E-04
   3.1400E+02   9.2759E-05
   3.1500E+02   8.3196E-05
   3.1600E+02   1.1613E-04
   3.1700E+02   2.1307E-04
   3.1800E+02   2.2816E-04
   3.1900E+02   1.8276E-04
   3.2000E+02   2.2862E-04
   3.2100E+02   3.2617E-04
   3.2200E+02   2.0744E-04
   3.2300E+02   8.7407E-05
   3.2400E+02   9.9924E-05
   3.2500E+02   1.7138E-04
   3.2600E+02   1.2899E-04
   3.2700E+02   6.1167E-05
   3.2800E+02   4.1701E-05
   3.2900E+02   4.2671E-05
   3.3000E+02   6.3812E-05
   3.3100E+02   1.1002E-04
   3.3200E+02   1.1862E-04
   3.3300E+02   1.0176E-04
   3.3400E+02   8.3100E-05
   3.3500E+02   7.1414E-05
   3.3600E+02   6.9425E-05
   3.3700E+02   6.7768E-05
   3.3800E+02   5.5693E-05
   3.3900E+02   4.2341E-05
   3.4000E+02   4.4780E-05
   3.4100E+02   6.0605E-05
   3.4200E+02   9.9191E-05
   3.4300E+02   1.4618E-04
   3.4400E+02   1.0322E-04
   3.4500E+02   4.9459E-05
   3.4600E+02   5.0459E-05
   3.4700E+02   7.5857E-05
   3.4800E+02   7.3678E-05
   3.4900E+02   6.9398E-05
   3.5000E+02   1.3122E-04
   3.5100E+02   2.6342E-04
   3.5200E+02   1.7274E-04
   3.5300E+02   5.6064E-05
   3.5400E+02   5.5778E-05
   3.5500E+02   9.8980E-05
   3.5600E+02   9.3403E-05
   3.5700E+02   6.7372E-05
   3.5800E+02   1.0145E-04
   3.5900E+02   2.1230E-04
   3.6000E+02   1.6840E-04
   3.6100E+02   7.6175E-05
   3.6200E+02   4.7234E-05
   3.6300E+02   4.2219E-05
   3.6400E+02   4.6085E-05
   3.6500E+02   5.7871E-05
   3.6600E+02   7.2834E-05
   3.6700E+02   8.9060E-05
   3.6800E+02   9.9798E-05
   3.6900E+02   1.0733E-04
   3.7000E+02   1.0589E-04
   3.7100E+02   1.0362E-04
   3.7200E+02   1.3205E-04
   3.7300E+02   1.5674E-04
   3.7400E+02   1.2518E-04
   3.7500E+02   9.5589E-05
   3.7600E+02   1.1584E-04
   3.7700E+02   1.6751E-04
   3.7800E+02   1.0419E-04
   3.7900E+02   4.6917E-05
   3.8000E+02   5.8556E-05
   3.8100E+02   1.1463E-04
   3.8200E+02   1.6973E-04
   3.8300E+02   1.6641E-04
   3.8400E+02   1.0700E-04
   3.8500E+02   5.9038E-05
   3.8600E+02   7.8248E-05
   3.8700E+02   1.3241E-04
   3.8800E+02   9.8386E-05
   3.8900E+02   6.0492E-05
   3.9000E+02   9.0008E-05
   3.9100E+02   2.1535E-04
   3.9200E+02   1.6739E-04
   3.9300E+02   6.6800E-05
   3.9400E+02   5.6847E-05
   3.9500E+02   8.0024E-05
   3.9600E+02   9.0917E-05
   3.9700E+02   8.5180E-05
   3.9800E+02   6.9566E-05
   3.9900E+02   6.2323E-05
   4.0000E+02   7.7422E-05
   4.0100E+02   1.0658E-04
   4.0200E+02   9.5497E-05
   4.0300E+02   6.6297E-05
   4.0400E+02   5.6425E-05
   4.0500E+02   5.5253E-05
   4.0600E+02   5.3328E-05
   4.0700E+02   5.2154E-05
   4.0800E+02   5.2831E-05
   4.0900E+02   5.9896E-05
   4.1000E+02   7.3620E-05
   4.1100E+02   7.7735E-05
   4.1200E+02   5.9904E-05
   4.1300E+02   3.9841E-05
   4.1400E+02   4.5165E-05
   4.1500E+02   6.2908E-05
   4.1600E+02   7.6451E-05
   4.1700E+02   7.9345E-05
   4.1800E+02   8.4333E-05
   4.1900E+02   9.6650E-05
   4.2000E+02   1.1456E-04
   4.2100E+02   1.2770E-04
   4.2200E+02   1.0855E-04
   4.2300E+02   8.5538E-05
   4.2400E+02   6.6542E-05
   4.2500E+02   5.7986E-05
   4.2600E+02   5.5632E-05
   4.2700E+02   5.6232E-05
   4.2800E+02   5.3138E-05
   4.2900E+02   6.0153E-05
   4.3000E+02   1.0934E-04
   4.3100E+02   2.6555E-04
   4.3200E+02   3.0949E-04
   4.3300E+02   2.4596E-04
   4.3400E+02   2.5680E-04
   4.3500E+02   2.7081E-04
   4.3600E+02   1.7444E-04
   4.3700E+02   9.5786E-05
   4.3800E+02   9.5896E-05
   4.3900E+02   1.2237E-04
   4.4000E+02   1.0120E-04
   4.4100E+02   6.0376E-05
   4.4200E+02   5.0685E-05
   4.4300E+02   5.5329E-05
   4.4400E+02   7.1605E-05
   4.4500E+02   9.9060E-05
   4.4600E+02   8.8915E-05
   4.4700E+02   6.2516E-05
   4.4800E+02   5.8072E-05
   4.4900E+02   5.8269E-05
   4.5000E+02   5.1387E-05
   4.5100E+02   5.5689E-05
   4.5200E+02   1.1788E-04
   4.5300E+02   2.7027E-04
   4.5400E+02   3.6164E-04
   4.5500E+02   2.7581E-04
   4.5600E+02   1.5563E-04
   4.5700E+02   8.3953E-05
   4.5800E+02   7.5048E-05
   4.5900E+02   8.6269E-05
   4.6000E+02   7.2490E-05
   4.6100E+02   6.4304E-05
   4.6200E+02   9.5322E-05
   4.6300E+02   1.7985E-04
   4.6400E+02   2.1835E-04
   4.6500E+02   1.7058E-04
   4.6600E+02   1.0677E-04
   4.6700E+02   6.1817E-05
   4.6800E+02   5.3149E-05
   4.6900E+02   5.6154E-05
   4.7000E+02   6.1107E-05
   4.7100E+02   7.7731E-05
   4.7200E+02   1.7062E-04
   4.7300E+02   3.1390E-04
   4.7400E+02   2.5992E-04
   4.7500E+02   1.2170E-04
   4.7600E+02   6.8727E-05
   4.7700E+02   5.2017E-05
   4.7800E+02   5.5609E-05
   4.7900E+02   6.9028E-05
   4.8000E+02   8.9317E-05
   4.8100E+02   9.9180E-05
   4.8200E+02   8.8051E-05
   4.8200E+02   9.7724E-05
   4.8200E+02   9.1746E-05
   4.8300E+02   8.4188E-05
   4.8400E+02   1.1229E-04
   4.8500E+02   1.6483E-04
   4.8600E+02   1.2563E-04
   4.8700E+02   8.9963E-05
   4.8800E+02   7.6066E-05
   4.8900E+02   8.6959E-05
   4.9000E+02   1.5755E-04
   4.9100E+02   2.4331E-04
   4.9200E+02   2.8293E-04
   4.9300E+02   2.1058E-04
   4.9300E+02   9.7724E-05
   4.9300E+02   9.7724E-05
   4.9300E+02   9.7724E-05
   4.9300E+02   9.7724E-05
   4.9300E+02   9.7724E-05
   4.9300E+02   9.7724E-05
   4.9300E+02   2.2163E-04
   4.9400E+02   1.2444E-04
