   1.3400E+02   8.1065E-18   1.1554E-02   4.9911E-02   3.3242E-19   4.2340E-03
  1.8036E-14
   1.3400E+02   8.1065E-18   1.1554E-02   4.7445E-02   3.3242E-19   4.2340E-03
  1.8033E-14
   1.3500E+02   8.1065E-18   1.0475E-02   5.0044E-02   3.3242E-19   4.1144E-03
  1.1316E-14
   1.3600E+02   8.1065E-18   8.6859E-03   5.4226E-02   3.3242E-19   3.8057E-03
  1.1728E-14
   1.3700E+02   8.1065E-18   6.8754E-03   5.6818E-02   3.3242E-19   3.3156E-03
  1.3561E-14
   1.3800E+02   8.1065E-18   5.4419E-03   5.9074E-02   3.3242E-19   2.7996E-03
  1.5373E-14
   1.3900E+02   8.1065E-18   4.4198E-03   6.0474E-02   3.3242E-19   2.3598E-03
  1.7031E-14
   1.4000E+02   8.1065E-18   3.8529E-03   5.9741E-02   3.3242E-19   2.0775E-03
  8.2691E-15
   1.4100E+02   8.1065E-18   3.7950E-03   5.8716E-02   3.3242E-19   2.0188E-03
  7.8685E-15
   1.4200E+02   8.1065E-18   4.2144E-03   5.7774E-02   3.3242E-19   2.1696E-03
  1.3706E-14
   1.4300E+02   8.1065E-18   5.1550E-03   5.4477E-02   3.3242E-19   2.5080E-03
  1.4647E-14
   1.4400E+02   8.1065E-18   6.3212E-03   5.2434E-02   3.3242E-19   2.9092E-03
  1.3726E-14
   1.4500E+02   8.1065E-18   7.2305E-03   5.1022E-02   3.3242E-19   3.2153E-03
  1.2882E-14
   1.4600E+02   8.1065E-18   7.7538E-03   5.0895E-02   3.3242E-19   3.3987E-03
  1.2387E-14
   1.4700E+02   8.1065E-18   7.8549E-03   5.1426E-02   3.3242E-19   3.4634E-03
  1.2325E-14
   1.4800E+02   8.1065E-18   7.7381E-03   5.1872E-02   3.3242E-19   3.4495E-03
  1.2455E-14
   1.4900E+02   8.1065E-18   7.6525E-03   5.1982E-02   3.3242E-19   3.4269E-03
  1.2532E-14
   1.5000E+02   8.1065E-18   7.6408E-03   5.1893E-02   3.3242E-19   3.4186E-03
  1.2535E-14
   1.5100E+02   8.1065E-18   7.7033E-03   5.1701E-02   3.3242E-19   3.4304E-03
  1.2467E-14
   1.5200E+02   8.1065E-18   7.6403E-03   5.2126E-02   3.3242E-19   3.4231E-03
  1.2561E-14
   1.5300E+02   8.1065E-18   7.2627E-03   5.3277E-02   3.3242E-19   3.3385E-03
  1.3040E-14
   1.5400E+02   8.1065E-18   6.5505E-03   5.5232E-02   3.3242E-19   3.1466E-03
  1.3943E-14
   1.5500E+02   8.1065E-18   5.5216E-03   5.7825E-02   3.3242E-19   2.8093E-03
  1.5327E-14
   1.5600E+02   8.1065E-18   4.5281E-03   6.0409E-02   3.3242E-19   2.4037E-03
  1.6878E-14
   1.5700E+02   8.1065E-18   3.8023E-03   6.0333E-02   3.3242E-19   2.0688E-03
  8.5112E-15
   1.5800E+02   8.1065E-18   3.3135E-03   6.1279E-02   3.3242E-19   1.8273E-03
  8.3441E-15
   1.5900E+02   8.1065E-18   3.0214E-03   6.2079E-02   3.3242E-19   1.6768E-03
  8.6400E-15
   1.6000E+02   8.1065E-18   2.9140E-03   6.2147E-02   3.3242E-19   1.6141E-03
  8.7773E-15
   1.6100E+02   8.1065E-18   2.9896E-03   6.1470E-02   3.3242E-19   1.6401E-03
  8.7091E-15
   1.6200E+02   8.1065E-18   3.2572E-03   6.0119E-02   3.3242E-19   1.7566E-03
  8.4041E-15
   1.6300E+02   8.1065E-18   3.6799E-03   5.8406E-02   3.3242E-19   1.9435E-03
  7.9495E-15
   1.6400E+02   8.1065E-18   3.9899E-03   5.7896E-02   3.3242E-19   2.0934E-03
  7.6615E-15
   1.6500E+02   8.1065E-18   4.0187E-03   5.8583E-02   3.3242E-19   2.1255E-03
  7.6306E-15
   1.6600E+02   8.1065E-18   3.7645E-03   6.0311E-02   3.3242E-19   2.0304E-03
  7.8476E-15
   1.6700E+02   8.1065E-18   3.3692E-03   6.0760E-02   3.3242E-19   1.8492E-03
  8.2239E-15
   1.6800E+02   8.1065E-18   3.3489E-03   5.9897E-02   3.3242E-19   1.8117E-03
  8.2729E-15
   1.6900E+02   8.1065E-18   3.8335E-03   5.7711E-02   3.3242E-19   1.9984E-03
  7.8047E-15
   1.7000E+02   8.1065E-18   4.8958E-03   5.4786E-02   3.3242E-19   2.3959E-03
  1.4339E-14
   1.7100E+02   8.1065E-18   6.4902E-03   5.0794E-02   3.3242E-19   2.9222E-03
  1.3194E-14
   1.7200E+02   8.1065E-18   8.0696E-03   4.7977E-02   3.3242E-19   3.3883E-03
  1.1774E-14
   1.7300E+02   8.1065E-18   9.3682E-03   4.6397E-02   3.3242E-19   3.7195E-03
  1.0341E-14
   1.7400E+02   8.1065E-18   1.0381E-02   4.6476E-02   3.3242E-19   3.9554E-03
  1.7893E-14
   1.7500E+02   8.1065E-18   1.0945E-02   4.6817E-02   3.3242E-19   4.0904E-03
  1.8997E-14
   1.7600E+02   8.1065E-18   1.0794E-02   4.8610E-02   3.3242E-19   4.1136E-03
  2.0039E-14
   1.7700E+02   8.1065E-18   9.7686E-03   5.0741E-02   3.3242E-19   3.9870E-03
  1.0994E-14
   1.7800E+02   8.1065E-18   7.6727E-03   5.5853E-02   3.3242E-19   3.5779E-03
  1.2768E-14
   1.7900E+02   8.1065E-18   5.0282E-03   6.1228E-02   3.3242E-19   2.7035E-03
  1.5999E-14
   1.8000E+02   8.1065E-18   3.3407E-03   6.3535E-02   3.3242E-19   1.8948E-03
  8.8532E-15
   1.8100E+02   8.1065E-18   2.5492E-03   6.5142E-02   3.3242E-19   1.4563E-03
  9.1951E-15
   1.8200E+02   8.1065E-18   2.3161E-03   6.5116E-02   3.3242E-19   1.3145E-03
  9.5082E-15
   1.8300E+02   8.1065E-18   2.3939E-03   6.4067E-02   3.3242E-19   1.3452E-03
  9.4494E-15
   1.8400E+02   8.1065E-18   2.6358E-03   6.1882E-02   3.3242E-19   1.4582E-03
  9.1559E-15
   1.8500E+02   8.1065E-18   3.0735E-03   6.0592E-02   3.3242E-19   1.6596E-03
  8.6277E-15
   1.8600E+02   8.1065E-18   3.7540E-03   5.7852E-02   3.3242E-19   1.9558E-03
  7.8833E-15
   1.8700E+02   8.1065E-18   4.6421E-03   5.5955E-02   3.3242E-19   2.3176E-03
  1.4680E-14
   1.8800E+02   8.1065E-18   5.6630E-03   5.3658E-02   3.3242E-19   2.6931E-03
  1.4256E-14
   1.8900E+02   8.1065E-18   6.7888E-03   5.0961E-02   3.3242E-19   3.0574E-03
  1.3177E-14
   1.9000E+02   8.1065E-18   7.9999E-03   4.8994E-02   3.3242E-19   3.3993E-03
  1.1896E-14
   1.9100E+02   8.1065E-18   9.1680E-03   4.6998E-02   3.3242E-19   3.6929E-03
  1.0620E-14
   1.9200E+02   8.1065E-18   1.0151E-02   4.6598E-02   3.3242E-19   3.9174E-03
  1.6037E-14
   1.9300E+02   8.1065E-18   1.0897E-02   4.6145E-02   3.3242E-19   4.0704E-03
  1.8691E-14
   1.9400E+02   8.1065E-18   1.1426E-02   4.5658E-02   3.3242E-19   4.1689E-03
  1.7812E-14
   1.9500E+02   8.1065E-18   1.1736E-02   4.5907E-02   3.3242E-19   4.2307E-03
  1.7270E-14
   1.9600E+02   8.1065E-18   1.1748E-02   4.6788E-02   3.3242E-19   4.2516E-03
  1.7406E-14
   1.9700E+02   8.1065E-18   1.1443E-02   4.7671E-02   3.3242E-19   4.2271E-03
  1.8371E-14
   1.9800E+02   8.1065E-18   1.0806E-02   4.9406E-02   3.3242E-19   4.1492E-03
  2.0216E-14
   1.9900E+02   8.1065E-18   9.9203E-03   5.0141E-02   3.3242E-19   4.0102E-03
  1.0717E-14
   2.0000E+02   8.1065E-18   8.8349E-03   5.2184E-02   3.3242E-19   3.8009E-03
  1.1311E-14
   2.0100E+02   8.1065E-18   7.5558E-03   5.4746E-02   3.3242E-19   3.4917E-03
  1.2698E-14
   2.0200E+02   8.1065E-18   6.1595E-03   5.7082E-02   3.3242E-19   3.0594E-03
  1.4390E-14
   2.0300E+02   8.1065E-18   4.9774E-03   5.9036E-02   3.3242E-19   2.6020E-03
  1.6084E-14
   2.0400E+02   8.1065E-18   4.1208E-03   5.9933E-02   3.3242E-19   2.2195E-03
  1.0029E-14
   2.0500E+02   8.1065E-18   3.5564E-03   6.0615E-02   3.3242E-19   1.9455E-03
  8.2017E-15
   2.0600E+02   8.1065E-18   3.2337E-03   6.1336E-02   3.3242E-19   1.7788E-03
  8.4202E-15
   2.0700E+02   8.1065E-18   3.1791E-03   6.0930E-02   3.3242E-19   1.7372E-03
  8.4631E-15
   2.0800E+02   8.1065E-18   3.3908E-03   5.8788E-02   3.3242E-19   1.8200E-03
  8.2385E-15
   2.0900E+02   8.1065E-18   3.8979E-03   5.7687E-02   3.3242E-19   2.0296E-03
  7.7453E-15
   2.1000E+02   8.1065E-18   4.6488E-03   5.6450E-02   3.3242E-19   2.3327E-03
  1.4928E-14
   2.1100E+02   8.1065E-18   5.2661E-03   5.5260E-02   3.3242E-19   2.5844E-03
  1.4959E-14
   2.1200E+02   8.1065E-18   5.6558E-03   5.5063E-02   3.3242E-19   2.7514E-03
  1.4860E-14
   2.1300E+02   8.1065E-18   5.7228E-03   5.5647E-02   3.3242E-19   2.8017E-03
  1.4937E-14
   2.1400E+02   8.1065E-18   5.5693E-03   5.6002E-02   3.3242E-19   2.7587E-03
  1.5156E-14
   2.1500E+02   8.1065E-18   5.5530E-03   5.5407E-02   3.3242E-19   2.7407E-03
  1.5146E-14
   2.1600E+02   8.1065E-18   5.7603E-03   5.4774E-02   3.3242E-19   2.7974E-03
  1.4843E-14
   2.1700E+02   8.1065E-18   6.1963E-03   5.3191E-02   3.3242E-19   2.9299E-03
  1.4261E-14
   2.1800E+02   8.1065E-18   6.6927E-03   5.2959E-02   3.3242E-19   3.0932E-03
  1.3704E-14
   2.1900E+02   8.1065E-18   6.7838E-03   5.3962E-02   3.3242E-19   3.1569E-03
  1.3675E-14
   2.2000E+02   8.1065E-18   6.3182E-03   5.6615E-02   3.3242E-19   3.0502E-03
  1.4255E-14
   2.2100E+02   8.1065E-18   5.3070E-03   5.8838E-02   3.3242E-19   2.7255E-03
  1.5625E-14
   2.2200E+02   8.1065E-18   4.1822E-03   6.0073E-02   3.3242E-19   2.2610E-03
  1.0409E-14
   2.2300E+02   8.1065E-18   3.5914E-03   6.0409E-02   3.3242E-19   1.9587E-03
  8.2027E-15
   2.2400E+02   8.1065E-18   3.4906E-03   5.9847E-02   3.3242E-19   1.8832E-03
  8.1285E-15
   2.2500E+02   8.1065E-18   3.8086E-03   5.7763E-02   3.3242E-19   2.0004E-03
  7.8188E-15
   2.2600E+02   8.1065E-18   4.3592E-03   5.7527E-02   3.3242E-19   2.2315E-03
  1.5014E-14
   2.2700E+02   8.1065E-18   4.7737E-03   5.6965E-02   3.3242E-19   2.4117E-03
  1.5819E-14
   2.2800E+02   8.1065E-18   5.0086E-03   5.6800E-02   3.3242E-19   2.5187E-03
  1.5893E-14
   2.2900E+02   8.1065E-18   5.0544E-03   5.7129E-02   3.3242E-19   2.5510E-03
  1.5976E-14
   2.3000E+02   8.1065E-18   5.0067E-03   5.7236E-02   3.3242E-19   2.5374E-03
  1.6077E-14
   2.3100E+02   8.1065E-18   5.0088E-03   5.7163E-02   3.3242E-19   2.5344E-03
  1.6065E-14
   2.3200E+02   8.1065E-18   5.0569E-03   5.6693E-02   3.3242E-19   2.5483E-03
  1.5976E-14
   2.3300E+02   8.1065E-18   5.1681E-03   5.6524E-02   3.3242E-19   2.5873E-03
  1.5763E-14
   2.3400E+02   8.1065E-18   5.2653E-03   5.6396E-02   3.3242E-19   2.6258E-03
  1.5591E-14
   2.3500E+02   8.1065E-18   5.2861E-03   5.6494E-02   3.3242E-19   2.6405E-03
  1.5556E-14
   2.3600E+02   8.1065E-18   5.2159E-03   5.7192E-02   3.3242E-19   2.6211E-03
  1.5678E-14
   2.3700E+02   8.1065E-18   5.0689E-03   5.7254E-02   3.3242E-19   2.5695E-03
  1.5958E-14
   2.3800E+02   8.1065E-18   4.9975E-03   5.7253E-02   3.3242E-19   2.5348E-03
  1.6064E-14
   2.3900E+02   8.1065E-18   5.0529E-03   5.6635E-02   3.3242E-19   2.5449E-03
  1.5957E-14
   2.4000E+02   8.1065E-18   5.2860E-03   5.5287E-02   3.3242E-19   2.6202E-03
  1.5521E-14
   2.4100E+02   8.1065E-18   5.6783E-03   5.4437E-02   3.3242E-19   2.7521E-03
  1.4936E-14
   2.4200E+02   8.1065E-18   6.2019E-03   5.3610E-02   3.3242E-19   2.9253E-03
  1.4249E-14
   2.4300E+02   8.1065E-18   6.8276E-03   5.2158E-02   3.3242E-19   3.1202E-03
  1.3472E-14
   2.4400E+02   8.1065E-18   7.5472E-03   5.0553E-02   3.3242E-19   3.3254E-03
  1.2577E-14
   2.4500E+02   8.1065E-18   8.3238E-03   4.9471E-02   3.3242E-19   3.5300E-03
  1.1665E-14
   2.4600E+02   8.1065E-18   8.9076E-03   4.8785E-02   3.3242E-19   3.6860E-03
  1.1020E-14
   2.4700E+02   8.1065E-18   9.2206E-03   4.8917E-02   3.3242E-19   3.7827E-03
  1.0693E-14
   2.4800E+02   8.1065E-18   9.1753E-03   4.9934E-02   3.3242E-19   3.8011E-03
  1.0761E-14
   2.4900E+02   8.1065E-18   8.8351E-03   5.0706E-02   3.3242E-19   3.7458E-03
  1.1165E-14
   2.5000E+02   8.1065E-18   8.4852E-03   5.1106E-02   3.3242E-19   3.6648E-03
  1.1548E-14
   2.5100E+02   8.1065E-18   8.2506E-03   5.1303E-02   3.3242E-19   3.6002E-03
  1.1832E-14
   2.5200E+02   8.1065E-18   8.1569E-03   5.0996E-02   3.3242E-19   3.5646E-03
  1.1934E-14
   2.5300E+02   8.1065E-18   8.2736E-03   5.0576E-02   3.3242E-19   3.5766E-03
  1.1775E-14
   2.5400E+02   8.1065E-18   8.8093E-03   4.7985E-02   3.3242E-19   3.6751E-03
  1.1109E-14
   2.5500E+02   8.1065E-18   9.8065E-03   4.6640E-02   3.3242E-19   3.8541E-03
  1.1994E-14
   2.5600E+02   8.1065E-18   1.1196E-02   4.3752E-02   3.3242E-19   4.0775E-03
  1.6932E-14
   2.5700E+02   8.1065E-18   1.2701E-02   4.1686E-02   3.3242E-19   4.2827E-03
  1.3984E-14
   2.5800E+02   8.1065E-18   1.3871E-02   4.0079E-02   3.3242E-19   4.4309E-03
  1.1635E-14
   2.5900E+02   8.1065E-18   1.4546E-02   3.9952E-02   3.3242E-19   4.5135E-03
  1.0220E-14
   2.6000E+02   8.1065E-18   1.4828E-02   4.0611E-02   3.3242E-19   4.5541E-03
  9.6793E-15
   2.6100E+02   8.1065E-18   1.4779E-02   4.1392E-02   3.3242E-19   4.5642E-03
  9.8700E-15
   2.6200E+02   8.1065E-18   1.4539E-02   4.2794E-02   3.3242E-19   4.5560E-03
  1.0502E-14
   2.6300E+02   8.1065E-18   1.4109E-02   4.4582E-02   3.3242E-19   4.5292E-03
  1.1588E-14
   2.6400E+02   8.1065E-18   1.3486E-02   4.5367E-02   3.3242E-19   4.4815E-03
  1.3179E-14
   2.6500E+02   8.1065E-18   1.2739E-02   4.6746E-02   3.3242E-19   4.4100E-03
  1.5042E-14
   2.6600E+02   8.1065E-18   1.2074E-02   4.7476E-02   3.3242E-19   4.3326E-03
  1.6735E-14
   2.6700E+02   8.1065E-18   1.1555E-02   4.7992E-02   3.3242E-19   4.2595E-03
  1.8093E-14
   2.6800E+02   8.1065E-18   1.1211E-02   4.8105E-02   3.3242E-19   4.2012E-03
  1.9023E-14
   2.6900E+02   8.1065E-18   1.0793E-02   4.9397E-02   3.3242E-19   4.1392E-03
  2.0188E-14
   2.7000E+02   8.1065E-18   9.8827E-03   5.0621E-02   3.3242E-19   4.0050E-03
  1.0889E-14
   2.7100E+02   8.1065E-18   8.3075E-03   5.5066E-02   3.3242E-19   3.7080E-03
  1.1978E-14
   2.7200E+02   8.1065E-18   6.0236E-03   5.8972E-02   3.3242E-19   3.0782E-03
  1.4660E-14
   2.7300E+02   8.1065E-18   4.1389E-03   6.1100E-02   3.3242E-19   2.2771E-03
  9.7879E-15
   2.7400E+02   8.1065E-18   3.4519E-03   6.1061E-02   3.3242E-19   1.8912E-03
  8.3274E-15
   2.7500E+02   8.1065E-18   3.6694E-03   5.8465E-02   3.3242E-19   1.9374E-03
  7.9695E-15
   2.7600E+02   8.1065E-18   4.7326E-03   5.5373E-02   3.3242E-19   2.3289E-03
  1.4184E-14
   2.7700E+02   8.1065E-18   6.2135E-03   5.1510E-02   3.3242E-19   2.8428E-03
  1.3449E-14
   2.7800E+02   8.1065E-18   7.7104E-03   4.9003E-02   3.3242E-19   3.3015E-03
  1.2184E-14
   2.7900E+02   8.1065E-18   9.0577E-03   4.7132E-02   3.3242E-19   3.6478E-03
  1.0686E-14
   2.8000E+02   8.1065E-18   1.0254E-02   4.6239E-02   3.3242E-19   3.9162E-03
  1.6976E-14
   2.8100E+02   8.1065E-18   1.1170E-02   4.5307E-02   3.3242E-19   4.1010E-03
  1.8027E-14
   2.8200E+02   8.1065E-18   1.1784E-02   4.4930E-02   3.3242E-19   4.2156E-03
  1.6943E-14
   2.8300E+02   8.1065E-18   1.2129E-02   4.5172E-02   3.3242E-19   4.2816E-03
  1.6302E-14
   2.8400E+02   8.1065E-18   1.2190E-02   4.5748E-02   3.3242E-19   4.3076E-03
  1.6288E-14
   2.8500E+02   8.1065E-18   1.1887E-02   4.7736E-02   3.3242E-19   4.2876E-03
  1.7165E-14
   2.8600E+02   8.1065E-18   1.1152E-02   4.9177E-02   3.3242E-19   4.2064E-03
  1.9257E-14
   2.8700E+02   8.1065E-18   9.9176E-03   5.1065E-02   3.3242E-19   4.0302E-03
  1.0936E-14
   2.8800E+02   8.1065E-18   8.1473E-03   5.4018E-02   3.3242E-19   3.6709E-03
  1.2191E-14
   2.8900E+02   8.1065E-18   6.6414E-03   5.5966E-02   3.3242E-19   3.2257E-03
  1.3808E-14
   2.9000E+02   8.1065E-18   5.7519E-03   5.6908E-02   3.3242E-19   2.8779E-03
  1.4889E-14
   2.9100E+02   8.1065E-18   5.4796E-03   5.6325E-02   3.3242E-19   2.7293E-03
  1.5190E-14
   2.9200E+02   8.1065E-18   5.7083E-03   5.5133E-02   3.3242E-19   2.7739E-03
  1.4867E-14
   2.9300E+02   8.1065E-18   6.1818E-03   5.3179E-02   3.3242E-19   2.9212E-03
  1.4267E-14
   2.9400E+02   8.1065E-18   6.8129E-03   5.1346E-02   3.3242E-19   3.1149E-03
  1.3495E-14
   2.9500E+02   8.1065E-18   7.5964E-03   5.0201E-02   3.3242E-19   3.3344E-03
  1.2532E-14
   2.9600E+02   8.1065E-18   8.4024E-03   4.9464E-02   3.3242E-19   3.5506E-03
  1.1614E-14
   2.9700E+02   8.1065E-18   8.7340E-03   4.9781E-02   3.3242E-19   3.6706E-03
  1.1307E-14
   2.9800E+02   8.1065E-18   8.3943E-03   5.2582E-02   3.3242E-19   3.6409E-03
  1.1718E-14
   2.9900E+02   8.1065E-18   7.3209E-03   5.5489E-02   3.3242E-19   3.4093E-03
  1.3008E-14
   3.0000E+02   8.1065E-18   5.8930E-03   5.7443E-02   3.3242E-19   2.9669E-03
  1.4746E-14
   3.0100E+02   8.1065E-18   5.0959E-03   5.8036E-02   3.3242E-19   2.6199E-03
  1.5866E-14
   3.0200E+02   8.1065E-18   5.0493E-03   5.7028E-02   3.3242E-19   2.5440E-03
  1.5901E-14
   3.0300E+02   8.1065E-18   5.7081E-03   5.3775E-02   3.3242E-19   2.7327E-03
  1.4800E-14
   3.0400E+02   8.1065E-18   6.9773E-03   5.0217E-02   3.3242E-19   3.1055E-03
  1.3140E-14
   3.0500E+02   8.1065E-18   8.5776E-03   4.6866E-02   3.3242E-19   3.5113E-03
  1.1164E-14
   3.0600E+02   8.1065E-18   1.0420E-02   4.4670E-02   3.3242E-19   3.8949E-03
  1.6748E-14
   3.0700E+02   8.1065E-18   1.2318E-02   4.1010E-02   3.3242E-19   4.1990E-03
  1.4609E-14
   3.0800E+02   8.1065E-18   1.3880E-02   3.9738E-02   3.3242E-19   4.4069E-03
  1.1430E-14
