-5.000000000000000000e+01 -1.179447035645462827e-01
-4.900000000000000000e+01 -1.110123127627861972e-01
-4.800000000000000000e+01 -1.231905942696713135e-01
-4.700000000000000000e+01 -1.368689311024713084e-01
-4.600000000000000000e+01 -1.652677482554671118e-01
-4.500000000000000000e+01 -1.948367135505794379e-01
-4.400000000000000000e+01 -2.008817622887625054e-01
-4.300000000000000000e+01 -1.753093850401510334e-01
-4.200000000000000000e+01 -1.628370672008492281e-01
-4.100000000000000000e+01 -1.606921783709492624e-01
-4.000000000000000000e+01 -1.610411641136118843e-01
-3.900000000000000000e+01 -1.619596033994059880e-01
-3.800000000000000000e+01 -1.566622071644079850e-01
-3.700000000000000000e+01 -1.552802702300347115e-01
-3.600000000000000000e+01 -1.561118649604257835e-01
-3.500000000000000000e+01 -1.436437557448058400e-01
-3.400000000000000000e+01 -1.436924890896528750e-01
-3.300000000000000000e+01 -1.581039900761654904e-01
-3.200000000000000000e+01 -1.624518692157504995e-01
-3.100000000000000000e+01 -1.663072947658113809e-01
-3.000000000000000000e+01 -1.713480248697694941e-01
-2.900000000000000000e+01 -1.645874573683416275e-01
-2.800000000000000000e+01 -1.572803374829244150e-01
-2.700000000000000000e+01 -1.574090663117188038e-01
-2.600000000000000000e+01 -1.690343477177890519e-01
-2.500000000000000000e+01 -1.946292228576811389e-01
-2.400000000000000000e+01 -2.300352437846170939e-01
-2.300000000000000000e+01 -2.480922513613132430e-01
-2.200000000000000000e+01 -2.488106791383463967e-01
-2.100000000000000000e+01 -2.396852077453782703e-01
-2.000000000000000000e+01 -2.271414597650127931e-01
-1.900000000000000000e+01 -1.912323059127798430e-01
-1.800000000000000000e+01 -1.717102585286952865e-01
-1.700000000000000000e+01 -1.863696127067117070e-01
-1.600000000000000000e+01 -2.065592267622373968e-01
-1.500000000000000000e+01 -2.213258042161542760e-01
-1.400000000000000000e+01 -2.187572499806706705e-01
-1.300000000000000000e+01 -2.113738436641334484e-01
-1.200000000000000000e+01 -2.208136706733820342e-01
-1.100000000000000000e+01 -2.081538568855878235e-01
-1.000000000000000000e+01 -2.130833365069841889e-01
-9.000000000000000000e+00 -2.499419657207214707e-01
-8.000000000000000000e+00 -2.858466784760950175e-01
-7.000000000000000000e+00 -2.993861219303097787e-01
-6.000000000000000000e+00 -2.907716764626834816e-01
-5.000000000000000000e+00 -3.042570999340398763e-01
-4.000000000000000000e+00 -3.488395589040413358e-01
-3.000000000000000000e+00 -4.009440770617723748e-01
-2.000000000000000000e+00 -4.635323137554093198e-01
-1.000000000000000000e+00 -6.229992742004916151e-01
0.000000000000000000e+00 -9.044148124503029740e-01
1.000000000000000000e+00 -8.262596187248448798e-01
2.000000000000000000e+00 -5.541231319061620253e-01
3.000000000000000000e+00 -4.445388489405545096e-01
4.000000000000000000e+00 -3.942856461408512647e-01
5.000000000000000000e+00 -3.461811904590595956e-01
6.000000000000000000e+00 -3.064530258862827594e-01
7.000000000000000000e+00 -2.926959811701819736e-01
8.000000000000000000e+00 -2.915035445304179351e-01
9.000000000000000000e+00 -2.734424211689348017e-01
1.000000000000000000e+01 -2.414661815519822674e-01
1.100000000000000000e+01 -2.128794687848336586e-01
1.200000000000000000e+01 -2.214677716483788861e-01
1.300000000000000000e+01 -2.261127894682485595e-01
1.400000000000000000e+01 -2.187036200279891540e-01
1.500000000000000000e+01 -2.313100183330747406e-01
1.600000000000000000e+01 -2.281291926345271615e-01
1.700000000000000000e+01 -2.093702568072511039e-01
1.800000000000000000e+01 -1.885274249515864753e-01
1.900000000000000000e+01 -1.864310737696592835e-01
2.000000000000000000e+01 -2.178108536690621377e-01
2.100000000000000000e+01 -2.310393827723401239e-01
2.200000000000000000e+01 -2.255102730227005470e-01
2.300000000000000000e+01 -2.240995411592475173e-01
2.400000000000000000e+01 -2.188597119040421590e-01
2.500000000000000000e+01 -1.896593576856994146e-01
2.600000000000000000e+01 -1.587537729908770623e-01
2.700000000000000000e+01 -1.490806283381603814e-01
2.800000000000000000e+01 -1.492375383094881325e-01
2.900000000000000000e+01 -1.589141277769657579e-01
3.000000000000000000e+01 -1.583368325374152896e-01
3.100000000000000000e+01 -1.566018009055632210e-01
3.200000000000000000e+01 -1.486955099235401367e-01
3.300000000000000000e+01 -1.367336662820921034e-01
3.400000000000000000e+01 -1.294439878798287480e-01
3.500000000000000000e+01 -1.169377373055468378e-01
3.600000000000000000e+01 -1.215303689994905872e-01
3.700000000000000000e+01 -1.351575726686413681e-01
3.800000000000000000e+01 -1.463454018638239429e-01
3.900000000000000000e+01 -1.530644460975801591e-01
4.000000000000000000e+01 -1.522985432759964841e-01
4.100000000000000000e+01 -1.557031343941036317e-01
4.200000000000000000e+01 -1.529277552311137101e-01
4.300000000000000000e+01 -1.402859661305764782e-01
4.400000000000000000e+01 -1.569672147437437548e-01
4.500000000000000000e+01 -1.802245793913528349e-01
4.600000000000000000e+01 -1.656080939885973269e-01
4.700000000000000000e+01 -1.251562908847411448e-01
4.800000000000000000e+01 -1.055032838742385459e-01
4.900000000000000000e+01 -9.983313315527671261e-02
5.000000000000000000e+01 -9.888837854143062156e-02
-5.000000000000000000e+01 8.886372881853205064e-02
-4.900000000000000000e+01 9.305447781752274050e-02
-4.800000000000000000e+01 9.150381387777976883e-02
-4.700000000000000000e+01 9.238617349835286097e-02
-4.600000000000000000e+01 1.232020132258091621e-01
-4.500000000000000000e+01 1.479483968179262365e-01
-4.400000000000000000e+01 1.406169354509048397e-01
-4.300000000000000000e+01 1.210704846935310025e-01
-4.200000000000000000e+01 1.237297502444321129e-01
-4.100000000000000000e+01 1.355052982773929382e-01
-4.000000000000000000e+01 1.426754628494271149e-01
-3.900000000000000000e+01 1.392343378720231617e-01
-3.800000000000000000e+01 1.390354591069435930e-01
-3.700000000000000000e+01 1.370931904762680009e-01
-3.600000000000000000e+01 1.090084763183775812e-01
-3.500000000000000000e+01 9.520917875293695432e-02
-3.400000000000000000e+01 1.091442203213217749e-01
-3.300000000000000000e+01 1.109733884878113808e-01
-3.200000000000000000e+01 1.140227944391040138e-01
-3.100000000000000000e+01 1.274941669129182886e-01
-3.000000000000000000e+01 1.301508837963239462e-01
-2.900000000000000000e+01 1.374950019947001056e-01
-2.800000000000000000e+01 1.343496253576461352e-01
-2.700000000000000000e+01 1.404641346887680609e-01
-2.600000000000000000e+01 1.493509957080506600e-01
-2.500000000000000000e+01 1.656743571054943298e-01
-2.400000000000000000e+01 1.809032113964356425e-01
-2.300000000000000000e+01 1.807962611435237621e-01
-2.200000000000000000e+01 1.852975013726810560e-01
-2.100000000000000000e+01 1.836664666374785426e-01
-2.000000000000000000e+01 1.717214055309863874e-01
-1.900000000000000000e+01 1.535502588663657797e-01
-1.800000000000000000e+01 1.651757632411811061e-01
-1.700000000000000000e+01 2.019311138995809052e-01
-1.600000000000000000e+01 2.268230623359996923e-01
-1.500000000000000000e+01 2.357784692106116853e-01
-1.400000000000000000e+01 2.253813433662517907e-01
-1.300000000000000000e+01 2.241457603557766576e-01
-1.200000000000000000e+01 2.279041669813637039e-01
-1.100000000000000000e+01 2.083694638241335162e-01
-1.000000000000000000e+01 2.228160639288539746e-01
-9.000000000000000000e+00 2.521205589191121144e-01
-8.000000000000000000e+00 2.758066150006133754e-01
-7.000000000000000000e+00 2.786064578422506322e-01
-6.000000000000000000e+00 2.852957272504580977e-01
-5.000000000000000000e+00 3.276008639382741450e-01
-4.000000000000000000e+00 3.757729339611439179e-01
-3.000000000000000000e+00 4.114277401772487575e-01
-2.000000000000000000e+00 4.854479490233867267e-01
-1.000000000000000000e+00 7.445133191437257603e-01
0.000000000000000000e+00 9.051361634777949083e-01
1.000000000000000000e+00 6.022248899410678202e-01
2.000000000000000000e+00 4.218423619828104987e-01
3.000000000000000000e+00 3.716748735164191464e-01
4.000000000000000000e+00 3.375922657545710193e-01
5.000000000000000000e+00 2.964947703911790522e-01
6.000000000000000000e+00 2.758270451364278619e-01
7.000000000000000000e+00 2.861333456198042469e-01
8.000000000000000000e+00 2.760880598289534582e-01
9.000000000000000000e+00 2.440566538546624920e-01
1.000000000000000000e+01 2.184956371205427905e-01
1.100000000000000000e+01 2.178491754079611153e-01
1.200000000000000000e+01 2.311863395784552466e-01
1.300000000000000000e+01 2.113810856266654381e-01
1.400000000000000000e+01 2.186901063586406957e-01
1.500000000000000000e+01 2.248140275052694093e-01
1.600000000000000000e+01 2.098718619469267521e-01
1.700000000000000000e+01 1.818790004082729839e-01
1.800000000000000000e+01 1.472627670989698490e-01
1.900000000000000000e+01 1.512231101687097901e-01
2.000000000000000000e+01 1.731387601334276327e-01
2.100000000000000000e+01 1.872160220094967187e-01
2.200000000000000000e+01 2.075822418494316646e-01
2.300000000000000000e+01 2.131437211167806212e-01
2.400000000000000000e+01 2.033274708249483975e-01
2.500000000000000000e+01 1.778658008733967621e-01
2.600000000000000000e+01 1.669613195816117002e-01
2.700000000000000000e+01 1.612704408474460727e-01
2.800000000000000000e+01 1.495404853516226762e-01
2.900000000000000000e+01 1.449373431940124135e-01
3.000000000000000000e+01 1.440615620556433829e-01
3.100000000000000000e+01 1.414536286821778399e-01
3.200000000000000000e+01 1.334795801519492453e-01
3.300000000000000000e+01 1.364857846217449600e-01
3.400000000000000000e+01 1.330679838334518084e-01
3.500000000000000000e+01 1.296243397724375634e-01
3.600000000000000000e+01 1.492464725707535467e-01
3.700000000000000000e+01 1.646173074048105367e-01
3.800000000000000000e+01 1.601847522146528646e-01
3.900000000000000000e+01 1.642290399547482738e-01
4.000000000000000000e+01 1.612037700795901363e-01
4.100000000000000000e+01 1.518246861767705846e-01
4.200000000000000000e+01 1.473790289983337165e-01
4.300000000000000000e+01 1.591174805713332085e-01
4.400000000000000000e+01 1.893932585787385658e-01
4.500000000000000000e+01 1.844773770472233898e-01
4.600000000000000000e+01 1.451931759032950298e-01
4.700000000000000000e+01 1.193998014733396867e-01
4.800000000000000000e+01 1.231458825686573971e-01
4.900000000000000000e+01 1.119486985496146586e-01
5.000000000000000000e+01 1.067373789580848276e-01
-5.000000000000000000e+01 -1.001540422957308968e-01
-4.900000000000000000e+01 -9.489001091107744645e-02
-4.800000000000000000e+01 -1.080813533200389587e-01
-4.700000000000000000e+01 -1.128912960206534949e-01
-4.600000000000000000e+01 -1.324822776138052383e-01
-4.500000000000000000e+01 -1.635622756514219789e-01
-4.400000000000000000e+01 -1.809927104046042401e-01
-4.300000000000000000e+01 -1.606845704651850559e-01
-4.200000000000000000e+01 -1.448168517248927256e-01
-4.100000000000000000e+01 -1.402462004425720499e-01
-4.000000000000000000e+01 -1.456645533213207222e-01
-3.900000000000000000e+01 -1.521852316917651216e-01
-3.800000000000000000e+01 -1.498964534022947381e-01
-3.700000000000000000e+01 -1.561761106962923917e-01
-3.600000000000000000e+01 -1.577055437144561367e-01
-3.500000000000000000e+01 -1.418007799456857676e-01
-3.400000000000000000e+01 -1.375431973415514597e-01
-3.300000000000000000e+01 -1.476965219446397526e-01
-3.200000000000000000e+01 -1.463459027971759085e-01
-3.100000000000000000e+01 -1.445427113203750780e-01
-3.000000000000000000e+01 -1.539447633824646833e-01
-2.900000000000000000e+01 -1.508330194015634340e-01
-2.800000000000000000e+01 -1.476079187457330910e-01
-2.700000000000000000e+01 -1.538060936872465978e-01
-2.600000000000000000e+01 -1.600139332346063037e-01
-2.500000000000000000e+01 -1.737901288240290831e-01
-2.400000000000000000e+01 -1.977602115340644784e-01
-2.300000000000000000e+01 -2.096186825495498507e-01
-2.200000000000000000e+01 -2.094161881520450741e-01
-2.100000000000000000e+01 -1.913599904943796004e-01
-2.000000000000000000e+01 -1.771606129856073686e-01
-1.900000000000000000e+01 -1.502380993794522335e-01
-1.800000000000000000e+01 -1.335077289867032668e-01
-1.700000000000000000e+01 -1.525062046951022321e-01
-1.600000000000000000e+01 -1.740878305314265406e-01
-1.500000000000000000e+01 -1.924307706574726606e-01
-1.400000000000000000e+01 -1.982565745259836920e-01
-1.300000000000000000e+01 -1.850478735144887865e-01
-1.200000000000000000e+01 -1.971815013154133711e-01
-1.100000000000000000e+01 -1.897234744517894423e-01
-1.000000000000000000e+01 -1.830552917286650816e-01
-9.000000000000000000e+00 -2.035790397806639951e-01
-8.000000000000000000e+00 -2.329495248731796586e-01
-7.000000000000000000e+00 -2.517588096669701736e-01
-6.000000000000000000e+00 -2.382386820546708306e-01
-5.000000000000000000e+00 -2.419801580556239506e-01
-4.000000000000000000e+00 -2.711837180189080598e-01
-3.000000000000000000e+00 -3.002453164183677692e-01
-2.000000000000000000e+00 -3.352345419913474456e-01
-1.000000000000000000e+00 -4.117864667011453261e-01
0.000000000000000000e+00 -6.731643817698124144e-01
1.000000000000000000e+00 -7.166344037194729566e-01
2.000000000000000000e+00 -4.763689429849584656e-01
3.000000000000000000e+00 -3.721789965991716964e-01
4.000000000000000000e+00 -3.424527212692505818e-01
5.000000000000000000e+00 -3.061784960078653972e-01
6.000000000000000000e+00 -2.592195536734579475e-01
7.000000000000000000e+00 -2.375976047690993298e-01
8.000000000000000000e+00 -2.391838460900801711e-01
9.000000000000000000e+00 -2.312427436970410366e-01
1.000000000000000000e+01 -2.103262870078613789e-01
1.100000000000000000e+01 -1.834772211438545908e-01
1.200000000000000000e+01 -1.897194093565650053e-01
1.300000000000000000e+01 -2.066054267520804344e-01
1.400000000000000000e+01 -2.011583370676702509e-01
1.500000000000000000e+01 -2.133272477250950649e-01
1.600000000000000000e+01 -2.125860097185919007e-01
1.700000000000000000e+01 -1.924922634364181206e-01
1.800000000000000000e+01 -1.659334939419259691e-01
1.900000000000000000e+01 -1.464133578952378223e-01
2.000000000000000000e+01 -1.628544501524629151e-01
2.100000000000000000e+01 -1.741574645727576032e-01
2.200000000000000000e+01 -1.651908750833068762e-01
2.300000000000000000e+01 -1.573453673467596625e-01
2.400000000000000000e+01 -1.643797434223283616e-01
2.500000000000000000e+01 -1.533459430001477275e-01
2.600000000000000000e+01 -1.319327724149197134e-01
2.700000000000000000e+01 -1.263815947345050539e-01
2.800000000000000000e+01 -1.250740570376718541e-01
2.900000000000000000e+01 -1.356446819791125302e-01
3.000000000000000000e+01 -1.335090612464423787e-01
3.100000000000000000e+01 -1.249162633568799419e-01
3.200000000000000000e+01 -1.171096247003871049e-01
3.300000000000000000e+01 -1.026905226016125022e-01
3.400000000000000000e+01 -1.058861344083214667e-01
3.500000000000000000e+01 -8.977954702212287419e-02
3.600000000000000000e+01 -8.737404103428353386e-02
3.700000000000000000e+01 -1.087801060212431614e-01
3.800000000000000000e+01 -1.205093214993037815e-01
3.900000000000000000e+01 -1.207674834539140124e-01
4.000000000000000000e+01 -1.207141654597339575e-01
4.100000000000000000e+01 -1.201997667526698566e-01
4.200000000000000000e+01 -1.128414235775601349e-01
4.300000000000000000e+01 -9.026875728205988048e-02
4.400000000000000000e+01 -9.769172691922167751e-02
4.500000000000000000e+01 -1.186278942851998336e-01
4.600000000000000000e+01 -1.122609061837098049e-01
4.700000000000000000e+01 -7.846859031217656710e-02
4.800000000000000000e+01 -6.598492305827886872e-02
4.900000000000000000e+01 -6.782821650124090662e-02
5.000000000000000000e+01 -6.721629475630973294e-02
