0 308.
 -43.0258512
 -43.9468853
 -44.8679193
 -45.7889534
 -46.7099874
 -47.6310216
 -48.5520556
 -49.4730896
 -50.3941236
 -51.315158
 -52.236192
 -53.157226
 -54.07826
 -54.999294
 -55.9203279
 -56.8413619
 -57.7623959
 -58.6834299
 -59.6044648
 -60.5254978
 -61.4465328
 -62.3675658
 -63.2886007
 -64.2096338
 -65.1306687
 -66.0517017
 -66.9727367
 -67.8937697
 -68.8148046
 -69.7358377
 -70.6568726
 -71.5779056
 -72.4989405
 -73.4199736
 -74.3410085
 -5.86149023
 -6.93530008
 -8.01897263
 -9.13248638
 -10.290801
 -11.5032597
 -12.7715827
 -14.0905253
 -15.450007
 -16.8396057
 -18.249686
 -19.6734408
 -21.1051164
 -22.5408084
 -24.0176305
 -25.5693121
 -27.4106549
 -76.1612497
 -77.3265271
 -78.5320731
 -79.7882474
 -81.0307821
 -82.3520341
 -83.7381375
 -85.1903918
 -86.8254193
 -88.4108325
 -90.541681
 -92.4900184
 -95.7531584
 -97.887787
 -99.1659901
 -100.217543
 -101.202678
 -102.157756
 -103.107173
 -104.041233
 -104.972224
 -105.894302
 -106.814001
 -107.730457
 -108.645313
 -109.558767
 -110.473323
 -111.39048
 -17.1333845
 -17.7518028
 -18.3670944
 -18.9775591
 -19.609885
 -20.2378992
 -20.8879656
 -21.5691198
 -22.3119743
 -23.1883766
 -24.3201584
 -22.8632445
 -21.522555
 -20.1907648
 -18.8593158
 -17.521595
 -16.174109
 -14.8199515
 -13.5583269
 -13.7232862
 -15.4294591
 -17.3089132
 -19.2059871
 -21.1229163
 -23.0837825
 -25.1334416
 -27.3432229
 -29.7021588
 -31.1696722
 -31.0468505
 -31.0743802
 -32.8965995
 -38.2983875
 -39.9973794
 -41.6705266
 -43.3547789
 -45.0638579
 -46.8076962
 -48.5896069
 -50.4073342
 -52.2620699
 -54.1500153
 -56.0706568
 -58.0266506
 -60.0405901
 -62.2476035
 -64.8066327
 -67.5458869
 -74.7498158
 -118.369673
 -121.261282
 -123.257738
 -124.695784
 -126.109232
 -128.343081
 -132.237382
 -139.001361
 -143.009684
 -145.746545
 -148.403014
 -151.216623
 -153.818711
 -200.
 -8.19384283
 -344.822942
 -200.069627
 -200.206021
 -200.285517
 -200.
 -200.003402
 -200.00032
 -200.121852
 -200.129459
 -200.068795
 -200.111741
 -200.030434
 -200.00102
 -200.004763
 -200.118951
 -200.000001
 -200.000003
 -200.035644
 -200.131899
 -200.003538
 -200.099794
 -200.159493
 -200.034643
 -200.324264
 -200.001066
 -200.036634
 -200.151664
 -200.155652
 -200.168594
 -200.043337
 -200.012628
 -200.
 -200.003636
 -200.
 -200.000494
 -200.005837
 -200.003387
 -200.001553
 -200.000547
 -200.001171
 -200.002957
 -200.004835
 -200.012303
 -200.
 -388.590479
 -63.0258512
 -371.946885
 -372.867919
 -373.788953
 -374.709987
 -375.631022
 -376.552056
 -377.47309
 -378.394124
 -379.315158
 -380.236192
 -381.157226
 -382.07826
 -382.999294
 -383.920328
 -384.841362
 -385.762396
 -386.68343
 -387.604465
 -388.525498
 -389.446533
 -390.367566
 -391.288601
 -392.209634
 -393.130669
 -394.051702
 -394.972737
 -395.89377
 -396.814805
 -397.735838
 -398.656873
 -399.577906
 -400.498941
 -401.419974
 -94.3410085
