3.903614457831325748e-16 2.418391321165876207e+01
2.439586205806138774e-01 2.418391321165876207e+01
4.879172411626478412e-01 2.418391321165876207e+01
7.318758617432616909e-01 2.418391321165876207e+01
9.758344823252956823e-01 2.418391321165876207e+01
1.219793102905909699e+00 2.468004022228156913e+01
1.463751723486523382e+00 2.512884525124994184e+01
1.707710344068557484e+00 2.552739989350430250e+01
1.951668964649171389e+00 2.587307294030318161e+01
2.195627585231205270e+00 2.616355929334682529e+01
2.439586205811819397e+00 2.638321721897080607e+01
2.683544826393853278e+00 2.648360995170570931e+01
2.927503446974466961e+00 2.645954421095236242e+01
3.171462067555081088e+00 2.631135901565392743e+01
3.415420688137114968e+00 2.604113735037940458e+01
3.659379308717728652e+00 2.565265744207104603e+01
3.903337929299762976e+00 2.515130485383816605e+01
4.147296549880376659e+00 2.454394825471836228e+01
4.391255170462410540e+00 2.383878287064830204e+01
4.635213791043024223e+00 2.304514660273823168e+01
4.879172411623638794e+00 2.217331457563632924e+01
5.123131032205672675e+00 2.123427842419407696e+01
5.367089652786286358e+00 2.023951692355837650e+01
5.611048273368320238e+00 1.920076461200530105e+01
5.855006893948933921e+00 1.812978485458423350e+01
6.098965514530967802e+00 1.703815336630346522e+01
6.342924135111582373e+00 1.597430682793306111e+01
6.586882755692196056e+00 1.506362445032158526e+01
6.830841376274229937e+00 1.429712925489770114e+01
7.074799996854843620e+00 1.365778000618709065e+01
7.318758617436877500e+00 1.313177062886747848e+01
7.562717238017492072e+00 1.270803404172771423e+01
7.806675858599525952e+00 1.237785402155245507e+01
8.050634479180139635e+00 1.213456603384817178e+01
8.294593099760753319e+00 1.197333263680672033e+01
8.538551720342788087e+00 1.189098284320442822e+01
8.782510340923401770e+00 1.188590795677339607e+01
9.026468961505434763e+00 1.195800908239808891e+01
9.270427582086048446e+00 1.210869390718626981e+01
9.514386202666662129e+00 1.234092260541355301e+01
9.758344823248696898e+00 1.265930496764477908e+01
1.000230344382931058e+01 1.307025322545617740e+01
1.024626206441134535e+01 1.355414930885138958e+01
1.049022068499195903e+01 1.401356366470507098e+01
1.073417930557399202e+01 1.443522578415037039e+01
1.097813792615460571e+01 1.481484923431359668e+01
1.122209654673522117e+01 1.514849737326915502e+01
1.146605516731725416e+01 1.543265119532551566e+01
1.171001378789786784e+01 1.566427106298027638e+01
1.195397240847990261e+01 1.584085081262448824e+01
1.219793102906051629e+01 1.596046288781966815e+01
1.244188964964255106e+01 1.602179336382564401e+01
1.268584827022316475e+01 1.602416597349925809e+01
1.292980689080377843e+01 1.596755452028379274e+01
1.317376551138581142e+01 1.585258335968581456e+01
1.341772413196642511e+01 1.568051593687764189e+01
1.366168275254845987e+01 1.545323167465940806e+01
1.390564137312907356e+01 1.517319180297476855e+01
1.414959999371110833e+01 1.485303866958062891e+01
1.439355861429172201e+01 1.453042041529620576e+01
1.463751723487233569e+01 1.420899131492661205e+01
1.488147585545436868e+01 1.388898528429413304e+01
1.512543447603498414e+01 1.357062929063855528e+01
1.536939309661701714e+01 1.325414314170776997e+01
1.561335171719763082e+01 1.293973929415008683e+01
1.585731033777966559e+01 1.262762268117428910e+01
1.610126895836027927e+01 1.231799055950468080e+01
1.634522757894089295e+01 1.201103237548865721e+01
1.658918619952292772e+01 1.170692965026474042e+01
1.683314482010354141e+01 1.140585588378409909e+01
1.707710344068557617e+01 1.110797647743140537e+01
1.732106206126618986e+01 1.081344867500500939e+01
1.756502068184822107e+01 1.052242152167418254e+01
1.780897930242883476e+01 1.023503584059789162e+01
1.805293792300945199e+01 9.957421514448212108e+00
1.829689654359148321e+01 9.711481682661995407e+00
1.854085516417209689e+01 9.497350994819745651e+00
1.878481378475413166e+01 9.313177314204740043e+00
1.902877240533474534e+01 9.157388605319772168e+00
1.927273102591678011e+01 9.028670567060780527e+00
1.951668964649739380e+01 8.925948143858388306e+00
1.976064826707800748e+01 8.848370550450690430e+00
2.000460688766004225e+01 8.795299518062851263e+00
2.024856550824065593e+01 8.766300534460567562e+00
2.049252412882269070e+01 8.761136909412989837e+00
2.073648274940330438e+01 8.779766551993136048e+00
2.098044136998391807e+01 8.822341398224009978e+00
2.122439999056595283e+01 8.889209478167753531e+00
2.146835861114656652e+01 8.980919661861467063e+00
2.171231723172859773e+01 9.098229174794914442e+00
2.195627585230921142e+01 9.240889826693177156e+00
2.220023447289124618e+01 9.405149535407128170e+00
2.244419309347185987e+01 9.591568860592280643e+00
2.268815171405247355e+01 9.801343839386472467e+00
2.293211033463450832e+01 1.003583777145279399e+01
2.317606895521512200e+01 1.029659596531089427e+01
2.342002757579715677e+01 1.058536267418647014e+01
2.366398619637777045e+01 1.090410048069741578e+01
2.390794481695980522e+01 1.125501243119518513e+01
2.415190343754041891e+01 1.164056726787839047e+01
2.439586205812103259e+01 1.206352816132591421e+01
2.463982067870306736e+01 1.252698540863444343e+01
2.488377929928368104e+01 1.303439363468387668e+01
2.512773791986571581e+01 1.358961411763305982e+01
2.537169654044632949e+01 1.419696295643195150e+01
2.561565516102836071e+01 1.486126591059721136e+01
2.585961378160897439e+01 1.556995051329134228e+01
2.610357240218958808e+01 1.625037236697895082e+01
2.634753102277162284e+01 1.688766576140771392e+01
2.659148964335223653e+01 1.747455624142006059e+01
2.683544826393427130e+01 1.800416191140515920e+01
2.707940688451488498e+01 1.847012722921819972e+01
2.732336550509691975e+01 1.886674967594985830e+01
2.756732412567753343e+01 1.918909578008670636e+01
2.781128274625814711e+01 1.943310319967511646e+01
2.805524136684018188e+01 1.959566591094359111e+01
2.829919998742079557e+01 1.967470000643401917e+01
2.854315860800283033e+01 1.966918815410174304e+01
2.878711722858344402e+01 1.957920139135744719e+01
2.903107584916547879e+01 1.940589760135424413e+01
2.927503446974609247e+01 1.915149671721156466e+01
2.951899309032670615e+01 1.881923339649215166e+01
2.976295171090873737e+01 1.844539480234131190e+01
3.000691033148935105e+01 1.816413012012816353e+01
3.025086895207138582e+01 1.798577037201432915e+01
3.049482757265199950e+01 1.790734807724914646e+01
3.073878619323261319e+01 1.792756464870459965e+01
3.098274481381464796e+01 1.804675448833237184e+01
3.122670343439526164e+01 1.826689422299704901e+01
3.147066205497729641e+01 1.859165743848190999e+01
3.171462067555791009e+01 1.902651703741224765e+01
3.195857929613994486e+01 1.957889922125547955e+01
3.220253791672055854e+01 2.025839517215140972e+01
3.244649653730117222e+01 2.107703889493538441e+01
3.269045515788320699e+01 2.204966249944927625e+01
3.293441377846382068e+01 2.319434361265624034e+01
3.317837239904585545e+01 2.453296380070231208e+01
3.342233101962646913e+01 2.609190209517051784e+01
3.366628964020850390e+01 2.783789448057997618e+01
3.391024826078911758e+01 2.949784404987696362e+01
3.415420688136973126e+01 3.100769115087959094e+01
3.439816550195176603e+01 3.233507312959962121e+01
3.464212412253237972e+01 3.345057047927020477e+01
3.488608274311441448e+01 3.432878822981351163e+01
3.513004136369502817e+01 3.494931610229932772e+01
3.537399998427705583e+01 3.529751678702995576e+01
3.561795860485766951e+01 3.536509984683928565e+01
3.586191722543829030e+01 3.515044982800674944e+01
3.610587584602031797e+01 3.465869044693035761e+01
3.634983446660093165e+01 3.390148129163264912e+01
3.659379308718296642e+01 3.289655830116852542e+01
3.683775170776358010e+01 3.166704331013162843e+01
3.708171032834561487e+01 3.024056018481185504e+01
3.732566894892622855e+01 2.864820470239861550e+01
3.756962756950684224e+01 2.698810110232173542e+01
3.781358619008887700e+01 2.555230955211264998e+01
3.805754481066949069e+01 2.434555297668441654e+01
3.830150343125152546e+01 2.334214585641882067e+01
3.854546205183213914e+01 2.252130567928343652e+01
3.878942067241417391e+01 2.186643602024502542e+01
3.903337929299478759e+01 2.136456693422928410e+01
3.927733791357540127e+01 2.100592622686335886e+01
3.952129653415743604e+01 2.078362173371682786e+01
3.976525515473804973e+01 2.069342011910065438e+01
4.000921377532008449e+01 2.073361223496691963e+01
4.025317239590069818e+01 2.090495903215537155e+01
4.049713101648131186e+01 2.121071562250374853e+01
4.074108963706334663e+01 2.165673455929201552e+01
4.098504825764396031e+01 2.225165293340977257e+01
4.122900687822599508e+01 2.300717167631883697e+01
4.147296549880660876e+01 2.389692345898781767e+01
4.171692411938864353e+01 2.473748779461249825e+01
4.196088273996925722e+01 2.549640982695132152e+01
4.220484136054987090e+01 2.616449204082326574e+01
4.244879998113190567e+01 2.673347544037318002e+01
4.269275860171251935e+01 2.719620928471347199e+01
4.293671722229455412e+01 2.754680057768599966e+01
4.318067584287516780e+01 2.778073894499263474e+01
4.342463446345719547e+01 2.789499320007212191e+01
4.366859308403780915e+01 2.788807670855252496e+01
4.391255170461842283e+01 2.776007958086003669e+01
4.415651032520045760e+01 2.751266671839711364e+01
4.440046894578107128e+01 2.714904177253698592e+01
4.464442756636310605e+01 2.667387810710322427e+01
4.488838618694371974e+01 2.609321884418275062e+01
4.513234480752575450e+01 2.541434898166507494e+01
4.537630342810636819e+01 2.468567506522055410e+01
4.562026204868698187e+01 2.409605503697094164e+01
4.586422066926901664e+01 2.365958441232833920e+01
4.610817928984963032e+01 2.336837451246697128e+01
4.635213791043166509e+01 2.321721502646713020e+01
4.659609653101227877e+01 2.320341833612543425e+01
4.684005515159431354e+01 2.332673971562844528e+01
4.708401377217492723e+01 2.358937008237968769e+01
4.732797239275554091e+01 2.399600099775654982e+01
4.757193101333757568e+01 2.455396462297103710e+01
4.781588963391818936e+01 2.527345448663070471e+01
4.805984825450022413e+01 2.616783638781511101e+01
4.830380687508083781e+01 2.725406273272694690e+01
4.854776549566287258e+01 2.855320831016945959e+01
4.879172411624348626e+01 3.009115122504629625e+01
4.903568273682409995e+01 3.189942977467742224e+01
4.927964135740613472e+01 3.395785219907257613e+01
4.952359997798674840e+01 3.599815784389537043e+01
4.976755859856878317e+01 3.795952719348478155e+01
5.001151721914939685e+01 3.981637941892581978e+01
5.025547583973143162e+01 4.154351049946087215e+01
5.049943446031204530e+01 4.311665619664005789e+01
5.074339308089265899e+01 4.451305562194691134e+01
5.098735170147469375e+01 4.571199723900999601e+01
5.123131032205530744e+01 4.669532906640530001e+01
5.147526894263733510e+01 4.744791554962674240e+01
5.171922756321794878e+01 4.795802504484220918e+01
5.196318618379856247e+01 4.821763405530136026e+01
5.220714480438059724e+01 4.822263719490420897e+01
5.245110342496121092e+01 4.797295520036959005e+01
5.269506204554324569e+01 4.747253702045621537e+01
5.293902066612385937e+01 4.672925590530077500e+01
5.318297928670589414e+01 4.580696222206184842e+01
5.342693790728650782e+01 4.497347026247039281e+01
5.367089652786712151e+01 4.425944571913984049e+01
5.391485514844915627e+01 4.365964536016402775e+01
5.415881376902976996e+01 4.316970678363019687e+01
5.440277238961180473e+01 4.278609550858645605e+01
5.464673101019241841e+01 4.250606244932338029e+01
5.489068963077445318e+01 4.232761105607814756e+01
5.513464825135506686e+01 4.224947357195796371e+01
5.537860687193568054e+01 4.227109601042610620e+01
5.562256549251771531e+01 4.239263160397435115e+01
5.586652411309832900e+01 4.261494261540686779e+01
5.611048273368036376e+01 4.293961054175503023e+01
5.635444135426097745e+01 4.336895487998113907e+01
5.659839997484301222e+01 4.390606076649604006e+01
5.684235859542362590e+01 4.455481595188372523e+01
5.708631721600423958e+01 4.528121665612033553e+01
5.733027583658627435e+01 4.588515813249816944e+01
5.757423445716688803e+01 4.633218259974773190e+01
5.781819307774892280e+01 4.661757379244622257e+01
5.806215169832953649e+01 4.673830472646503864e+01
5.830611031891157126e+01 4.669309114485673007e+01
5.855006893949218494e+01 4.648241425941485971e+01
5.879402756007279862e+01 4.610851222480924605e+01
5.903798618065482628e+01 4.557534055651560578e+01
5.928194480123544707e+01 4.488850247142325145e+01
5.952590342181747474e+01 4.405515086647479706e+01
5.976986204239808842e+01 4.308386433313654607e+01
6.001382066298012319e+01 4.198450021226335593e+01
6.025777928356073687e+01 4.076802820769044189e+01
6.050173790414135055e+01 3.944634848192665544e+01
6.074569652472338532e+01 3.803209844431579967e+01
6.098965514530399901e+01 3.656627112065123697e+01
6.123361376588603378e+01 3.520177048686874599e+01
6.147757238646664746e+01 3.395180254532397157e+01
6.172153100704726114e+01 3.280769080906945590e+01
6.196548962762929591e+01 3.176164502368187215e+01
6.220944824820990959e+01 3.080667375365844407e+01
6.245340686879194436e+01 2.993650721720001684e+01
6.269736548937255805e+01 2.914552918633376777e+01
6.294132410995459281e+01 2.842871692313564935e+01
6.318528273053520650e+01 2.778158825738047710e+01
6.342924135111582018e+01 2.720015502780628935e+01
6.367319997169785495e+01 2.668088221196185117e+01
6.391715859227846863e+01 2.622065215941067606e+01
6.416111721286050340e+01 2.581673342231193402e+01
6.440507583344111708e+01 2.546675374751309207e+01
6.464903445402315185e+01 2.516867685632847440e+01
6.489299307460376554e+01 2.491668286957310130e+01
6.513695169518437922e+01 2.468702022094233328e+01
6.538091031576641399e+01 2.447571519331214418e+01
6.562486893634702767e+01 2.428233125064564035e+01
6.586882755692906244e+01 2.410647100323149061e+01
6.611278617750967612e+01 2.394777484688289348e+01
6.635674479809171089e+01 2.380591973743019807e+01
6.660070341867232457e+01 2.368061809469329404e+01
6.684466203925293826e+01 2.357161683069834979e+01
6.708862065983497303e+01 2.347869649756341559e+01
6.733257928041558671e+01 2.340167055102514837e+01
6.757653790099762148e+01 2.334038472614274085e+01
6.782049652157823516e+01 2.329471652226534673e+01
6.806445514216026993e+01 2.326457479484144386e+01
6.830841376274088361e+01 2.324989945217738452e+01
6.855237238332149730e+01 2.325066125572302766e+01
6.879633100390353206e+01 2.327212697425807164e+01
6.904028962448414575e+01 2.334446058618619801e+01
6.928424824506618052e+01 2.347293079607921840e+01
6.952820686564679420e+01 2.365846171047766333e+01
6.977216548622882897e+01 2.390239380846554695e+01
7.001612410680944265e+01 2.420650009596318952e+01
7.026008272739005633e+01 2.457300759958214442e+01
7.050404134797209110e+01 2.500462456506923559e+01
7.074799996855270479e+01 2.550457382567749320e+01
7.099195858913472534e+01 2.607663291634665015e+01
7.123591720971533903e+01 2.672518163277292302e+01
7.147987583029737380e+01 2.745525787357983560e+01
7.172383445087798748e+01 2.827262276156049836e+01
7.196779307145860116e+01 2.918383622097313079e+01
7.221175169204063593e+01 3.019634439575738227e+01
7.245571031262124961e+01 3.131858053433439437e+01
7.269966893320328438e+01 3.252931872543062042e+01
7.294362755378389807e+01 3.364753771880713629e+01
7.318758617436451175e+01 3.462907319516875759e+01
7.343154479494654652e+01 3.545991635949403076e+01
7.367550341552716020e+01 3.612799035086982968e+01
7.391946203610919497e+01 3.662344217296342919e+01
7.416342065668980865e+01 3.693888443643338348e+01
7.440737927727184342e+01 3.706957862527357150e+01
7.465133789785245710e+01 3.701355353286690075e+01
7.489529651843307079e+01 3.677165473043503141e+01
7.513925513901510556e+01 3.634752333274656877e+01
7.538321375959571924e+01 3.574750480640670958e+01
7.562717238017775401e+01 3.498049101278112261e+01
7.587113100075836769e+01 3.405770098112684252e+01
7.611508962134040246e+01 3.299240796530070696e+01
7.635904824192101614e+01 3.179962206163640204e+01
7.660300686250162983e+01 3.052079157624255146e+01
7.684696548308366459e+01 2.931628661358102761e+01
7.709092410366427828e+01 2.820521167828131226e+01
7.733488272424631305e+01 2.718047277309796428e+01
7.757884134482692673e+01 2.623565360812471781e+01
7.782279996540896150e+01 2.536494988452148291e+01
7.806675858598957518e+01 2.456311081709762334e+01
7.831071720657018886e+01 2.382538708138231343e+01
7.855467582715222363e+01 2.314748447093685968e+01
7.879863444773283732e+01 2.252552263779848829e+01
7.904259306831487208e+01 2.195599836548417372e+01
7.928655168889548577e+01 2.143575289123261030e+01
7.953051030947752054e+01 2.096194285295151971e+01
7.977446893005813422e+01 2.053201448849586441e+01
8.001842755063874790e+01 2.014368076052176804e+01
8.026238617122078267e+01 1.979490112085262510e+01
8.050634479180139635e+01 1.948681114813633641e+01
8.075030341238343112e+01 1.923602108408062961e+01
8.099426203296404481e+01 1.904360604653782829e+01
8.123822065354607957e+01 1.890787006200227793e+01
8.148217927412669326e+01 1.882762352710355813e+01
8.172613789470730694e+01 1.880216581558538280e+01
8.197009651528934171e+01 1.883127507324784844e+01
8.221405513586995539e+01 1.891520499253473986e+01
8.245801375645199016e+01 1.905468850106315060e+01
8.270197237703260384e+01 1.925094843923801946e+01
8.294593099761321753e+01 1.950571544495679532e+01
8.318988961819525230e+01 1.982125341194328527e+01
8.343384823877586598e+01 2.020039304649733580e+01
8.367780685935790075e+01 2.064657421962760964e+01
8.392176547993851443e+01 2.116389800223625883e+01
8.416572410052054920e+01 2.175718948586580481e+01
8.440968272110116288e+01 2.241205355749707095e+01
8.465364134168177657e+01 2.299869810544609550e+01
8.489759996226381134e+01 2.348607553479987686e+01
8.514155858284442502e+01 2.386729791814315504e+01
8.538551720342645979e+01 2.413690910334168294e+01
8.562947582400707347e+01 2.429101463945585238e+01
8.587343444458910824e+01 2.432737538037301661e+01
8.611739306516972192e+01 2.424546162156979179e+01
8.636135168575033561e+01 2.404646594055324016e+01
8.660531030633235616e+01 2.373327430590143905e+01
8.684926892691298406e+01 2.331039643320173482e+01
8.709322754749500461e+01 2.278385773695018912e+01
8.733718616807561830e+01 2.216105649667809985e+01
8.758114478865765307e+01 2.145059096902410900e+01
8.782510340923826675e+01 2.066206209005159167e+01
8.806906202981888043e+01 1.980585808790852909e+01
8.831302065040091520e+01 1.891571343183366238e+01
8.855697927098152888e+01 1.814658572465809883e+01
8.880093789156356365e+01 1.751338424769799218e+01
8.904489651214417734e+01 1.700388585137807240e+01
8.928885513272621210e+01 1.660845515988014398e+01
8.953281375330682579e+01 1.631974049693875273e+01
8.977677237388743947e+01 1.613244569891058688e+01
9.002073099446947424e+01 1.604316788246854841e+01
9.026468961505008792e+01 1.605029419616057851e+01
9.050864823563212269e+01 1.615395316128241987e+01
9.075260685621273637e+01 1.635601854270113975e+01
9.099656547679477114e+01 1.666016591317476170e+01
9.124052409737538483e+01 1.707198430650146648e+01
9.148448271795599851e+01 1.759914771737801686e+01
9.172844133853803328e+01 1.825165382946305570e+01
9.197239995911864696e+01 1.904214038612288107e+01
9.221635857970068173e+01 1.996719851750696151e+01
9.246031720028129541e+01 2.090277588133838904e+01
9.270427582086190910e+01 2.181809041827316520e+01
9.294823444144394387e+01 2.270677492562761302e+01
9.319219306202455755e+01 2.356243220160811092e+01
9.343615168260659232e+01 2.437871024142009446e+01
9.368011030318720600e+01 2.514937970373883047e+01
9.392406892376924077e+01 2.586841234848849069e+01
9.416802754434985445e+01 2.653005907944381647e+01
9.441198616493046814e+01 2.712892618849280524e+01
9.465594478551250290e+01 2.766004839332843801e+01
9.489990340609311659e+01 2.811895728891792956e+01
9.514386202667515136e+01 2.850174389486988247e+01
9.538782064725576504e+01 2.880511407506762822e+01
9.563177926783779981e+01 2.902643573114775322e+01
9.587573788841841349e+01 2.916377682426605844e+01
9.611969650899902717e+01 2.923886305061038016e+01
9.636365512958106194e+01 2.941791993830234730e+01
9.660761375016167563e+01 2.973646482821729364e+01
9.685157237074371039e+01 3.019900309600956589e+01
9.709553099132432408e+01 3.081213351088931418e+01
9.733948961190635885e+01 3.158470536805897666e+01
9.758344823248697253e+01 3.252803163179854806e+01
9.782740685306758621e+01 3.365616528585788814e+01
9.807136547364962098e+01 3.498624835087311169e+01
9.831532409423023466e+01 3.653894570864755309e+01
9.855928271481226943e+01 3.833897909637557433e+01
9.880324133539288312e+01 4.041578055596850305e+01
9.904719995597491788e+01 4.280428944079871911e+01
9.929115857655553157e+01 4.554592303807840636e+01
9.953511719713614525e+01 4.868975827357144226e+01
9.977907581771818002e+01 5.229397122035079093e+01
1.000230344382987937e+02 5.635244152548482077e+01
1.002669930588808285e+02 6.032188531484236194e+01
1.005109516794614422e+02 6.400968422918627709e+01
1.007549103000434769e+02 6.733255142100763635e+01
1.009988689206240906e+02 7.021227847359577368e+01
1.012428275412047043e+02 7.257878111591351455e+01
1.014867861617867391e+02 7.437292852716797142e+01
1.017307447823673527e+02 7.554899710571706350e+01
1.019747034029493875e+02 7.607660665492350915e+01
1.022186620235300012e+02 7.594202455109414984e+01
1.024626206441120218e+02 7.514875974119132707e+01
1.027065792646926354e+02 7.371741070381558814e+01
1.029505378852732491e+02 7.168477656954897270e+01
1.031944965058552839e+02 6.910228494622178630e+01
1.034384551264358976e+02 6.603383020890036903e+01
1.036824137470179323e+02 6.255314906027400923e+01
1.039263723675985460e+02 5.878229910601568520e+01
1.041703309881791597e+02 5.509883032539763548e+01
1.044142896087611945e+02 5.157528093712394934e+01
1.046582482293418082e+02 4.821078875560731092e+01
1.049022068499238429e+02 4.500391368474423359e+01
1.051461654705044566e+02 4.195268304538720372e+01
1.053901240910864914e+02 3.905463744995910957e+01
1.056340827116671051e+02 3.630687682356147405e+01
1.058780413322477187e+02 3.370610619535018770e+01
1.061219999528297535e+02 3.124868091275871862e+01
1.063659585734103672e+02 2.893065096010242243e+01
1.066099171939924020e+02 2.674780409403265580e+01
1.068538758145730156e+02 2.469570754047118299e+01
1.070978344351550504e+02 2.276974802898394046e+01
1.073417930557356641e+02 2.096516997344823707e+01
1.075857516763162778e+02 1.927711163876072931e+01
1.078297102968983125e+02 1.772578891830875492e+01
1.080736689174789262e+02 1.648815712198647176e+01
1.083176275380609610e+02 1.555358039468099207e+01
1.085615861586415747e+02 1.487922655041790421e+01
1.088055447792236095e+02 1.443517493735673618e+01
1.090495033998042231e+02 1.420219474082453992e+01
1.092934620203848368e+02 1.417035049651516410e+01
1.095374206409668716e+02 1.433829259098843600e+01
1.097813792615474853e+02 1.471316148120222778e+01
1.100253378821295200e+02 1.531109607178241383e+01
1.102692965027101337e+02 1.615839716254401282e+01
1.105132551232921685e+02 1.729346393944346616e+01
1.107572137438727822e+02 1.876970399522650013e+01
1.110011723644533959e+02 2.065972668395113487e+01
1.112451309850354306e+02 2.306128148636113906e+01
1.114890896056160443e+02 2.610562041323796478e+01
1.117330482261980791e+02 2.990776912357266681e+01
1.119770068467786928e+02 3.408372029037329298e+01
1.122209654673607275e+02 3.848895668881634435e+01
1.124649240879413412e+02 4.306767810783832573e+01
1.127088827085219549e+02 4.775215230724402460e+01
1.129528413291039897e+02 5.246390547971029150e+01
1.131967999496846033e+02 5.711556218032106358e+01
1.134407585702666381e+02 6.161329968712571770e+01
1.136847171908472518e+02 6.585983725995239979e+01
1.139286758114278655e+02 6.975783793289669177e+01
1.141726344320099003e+02 7.321356309375987337e+01
1.144165930525905139e+02 7.614059178836463104e+01
1.146605516731725487e+02 7.846340048167824932e+01
1.149045102937531624e+02 8.012059703868338545e+01
1.151484689143351972e+02 8.106761589039764715e+01
1.153924275349158108e+02 8.127870929978264769e+01
1.156363861554964245e+02 8.079223704329403688e+01
1.158803447760784593e+02 8.000073076899784041e+01
1.161243033966590730e+02 7.900055342990425800e+01
1.163682620172411077e+02 7.779974477355938234e+01
1.166122206378217214e+02 7.640786588572585458e+01
1.168561792584037562e+02 7.483587246739031684e+01
1.171001378789843699e+02 7.309597133483138975e+01
1.173440964995649836e+02 7.120146276975366106e+01
1.175880551201470183e+02 6.916657156395891093e+01
1.178320137407276320e+02 6.700626975391401174e+01
1.180759723613096526e+02 6.473609412362618798e+01
1.183199309818902663e+02 6.237196156940954239e+01
1.185638896024723010e+02 5.992998536725917091e+01
1.188078482230529147e+02 5.742629526855348843e+01
1.190518068436335284e+02 5.487686417438323616e+01
1.192957654642155632e+02 5.229734391249037628e+01
1.195397240847961768e+02 4.973500643472603144e+01
1.197836827053782116e+02 4.747631620408039055e+01
1.200276413259588253e+02 4.555460451356107399e+01
1.202715999465408601e+02 4.393675508358051474e+01
1.205155585671214737e+02 4.259553816615617450e+01
1.207595171877020874e+02 4.150884715827336180e+01
1.210034758082841222e+02 4.065909104225228532e+01
1.212474344288647359e+02 4.003271926381948020e+01
1.214913930494467706e+02 3.961986106161995025e+01
1.217353516700273843e+02 3.941406578848727804e+01
1.219793102906094191e+02 3.941213464426002844e+01
1.222232689111900328e+02 3.961403766463867271e+01
1.224672275317706465e+02 4.002291294495255158e+01
1.227111861523526812e+02 4.064514807065785362e+01
1.229551447729332949e+02 4.149054671790501203e+01
1.231991033935153297e+02 4.257258651807159566e+01
1.234430620140959434e+02 4.387515841507751446e+01
1.236870206346779781e+02 4.508996623334929410e+01
1.239309792552585918e+02 4.612539983884671102e+01
1.241749378758392055e+02 4.696771141467792177e+01
1.244188964964212403e+02 4.760555966738371581e+01
1.246628551170018540e+02 4.803026389460278267e+01
1.249068137375838887e+02 4.823600057138057906e+01
1.251507723581645024e+02 4.821993623216143021e+01
1.253947309787451161e+02 4.798229241008618828e+01
1.256386895993271509e+02 4.752634055307929373e+01
1.258826482199077645e+02 4.685832707985537837e+01
1.261266068404897993e+02 4.598733097570882222e+01
1.263705654610704130e+02 4.492505846627307164e+01
1.266145240816524478e+02 4.368558125974578843e+01
1.268584827022330614e+02 4.228502653750877016e+01
1.271024413228136751e+02 4.074122823380608338e+01
1.273463999433957099e+02 3.908625055923975822e+01
1.275903585639763236e+02 3.745956984103900567e+01
1.278343171845583583e+02 3.589285246422653586e+01
1.280782758051389578e+02 3.438425154273841855e+01
1.283222344257210068e+02 3.293196084880482033e+01
1.285661930463016063e+02 3.153421462794649344e+01
1.288101516668822342e+02 3.018928737896394665e+01
1.290541102874642547e+02 2.889549360088733465e+01
1.292980689080448826e+02 2.765118750852084872e+01
1.295420275286269032e+02 2.645476271821262770e+01
1.297859861492075311e+02 2.530465190570384948e+01
1.300299447697895516e+02 2.419932643747259249e+01
1.302739033903701795e+02 2.313729597740372412e+01
1.305178620109507790e+02 2.211710807015069591e+01
1.307618206315328280e+02 2.113734770289517328e+01
1.310057792521134274e+02 2.019663684693852446e+01
1.312497378726954764e+02 1.930405666661835440e+01
1.314936964932760759e+02 1.855906531320952269e+01
1.317376551138581249e+02 1.797336090742249937e+01
1.319816137344387244e+02 1.753348186939451381e+01
1.322255723550193522e+02 1.722950183621704312e+01
1.324695309756013728e+02 1.705465550641007155e+01
1.327134895961820007e+02 1.700508709406731711e+01
1.329574482167640213e+02 1.707970826717069457e+01
1.332014068373446491e+02 1.728015822444925220e+01
1.334453654579266697e+02 1.761086385547327637e+01
1.336893240785072976e+02 1.807920308262680464e+01
1.339332826990878971e+02 1.869577984331419174e+01
1.341772413196699461e+02 1.947482509486884439e+01
1.344211999402505455e+02 2.043474511833190022e+01
1.346651585608325945e+02 2.159884674552979433e+01
1.349091171814131940e+02 2.299627954322971846e+01
1.351530758019938219e+02 2.464657708422233284e+01
1.353970344225758424e+02 2.639970045188114867e+01
1.356409930431564703e+02 2.820596164902906366e+01
1.358849516637384909e+02 3.005954128555405092e+01
1.361289102843191188e+02 3.195385885686572180e+01
1.363728689049011393e+02 3.388159150433004640e+01
1.366168275254817672e+02 3.583470366386585226e+01
1.368607861460623667e+02 3.780448782478366354e+01
1.371047447666444157e+02 3.978161643155333849e+01
1.373487033872250151e+02 4.175620476074216469e+01
1.375926620078070641e+02 4.371788439647465907e+01
1.378366206283876636e+02 4.565588671481008021e+01
1.380805792489697126e+02 4.755913557664977276e+01
1.383245378695503121e+02 4.941634822272710892e+01
1.385684964901309399e+02 5.121614317077786893e+01
1.388124551107129605e+02 5.294715373636937983e+01
1.390564137312935884e+02 5.458844816133387923e+01
1.393003723518756090e+02 5.601750292661248665e+01
1.395443309724562369e+02 5.718385612168279408e+01
1.397882895930382574e+02 5.806973259436517765e+01
1.400322482136188853e+02 5.866146565804415047e+01
1.402762068341994848e+02 5.894984785712328090e+01
1.405201654547815338e+02 5.893036933239295649e+01
1.407641240753621332e+02 5.860333516225144734e+01
1.410080826959441822e+02 5.797385741284588079e+01
1.412520413165247817e+02 5.705172218668634088e+01
1.414959999371068022e+02 5.585113650206605485e+01
1.417399585576874301e+02 5.439036415323992202e+01
1.419839171782680580e+02 5.269126359397326809e+01
1.422278757988500786e+02 5.077874418076304153e+01
1.424718344194306781e+02 4.868015966426987262e+01
1.427157930400127270e+02 4.642465952841470767e+01
1.429597516605933265e+02 4.406752647526819544e+01
1.432037102811753755e+02 4.191054053867298279e+01
1.434476689017559750e+02 4.001113008078947786e+01
1.436916275223366029e+02 3.834346365361530218e+01
1.439355861429186234e+02 3.688542841652386528e+01
1.441795447634992513e+02 3.561814442904937295e+01
1.444235033840812719e+02 3.452555882968762546e+01
1.446674620046618998e+02 3.359410773001501838e+01
1.449114206252424992e+02 3.281243587413007390e+01
1.451553792458245482e+02 3.217116595911301147e+01
1.453993378664051477e+02 3.166271105620828408e+01
1.456432964869871967e+02 3.128112487690820487e+01
1.458872551075677961e+02 3.102198574317031188e+01
1.461312137281498451e+02 3.088231108842611405e+01
1.463751723487304446e+02 3.086050017209053209e+01
1.466191309693110725e+02 3.095630346519491027e+01
1.468630895898930930e+02 3.116232200621123383e+01
1.471070482104737209e+02 3.137681537418324851e+01
1.473510068310557415e+02 3.156918554110416508e+01
1.475949654516363694e+02 3.173900859115318696e+01
1.478389240722183899e+02 3.188590883896033645e+01
1.480828826927990178e+02 3.200956021432709520e+01
1.483268413133796173e+02 3.210968746817144392e+01
1.485707999339616663e+02 3.218606719343199529e+01
1.488147585545422658e+02 3.223852865564305148e+01
1.490587171751243147e+02 3.226695442885957021e+01
1.493026757957049142e+02 3.227128083360860700e+01
1.495466344162869632e+02 3.225149817458945734e+01
1.497905930368675627e+02 3.220765077687573097e+01
1.500345516574481906e+02 3.213983682043149770e+01
1.502785102780302111e+02 3.204820797380605768e+01
1.505224688986108390e+02 3.193296882892342836e+01
1.507664275191928596e+02 3.180100945010219249e+01
1.510103861397734875e+02 3.173645767146296492e+01
1.512543447603555080e+02 3.176438419604282970e+01
1.514983033809361359e+02 3.188503332455859507e+01
1.517422620015167354e+02 3.209946213877017840e+01
1.519862206220987844e+02 3.240955595274039780e+01
1.522301792426793838e+02 3.281805596648009526e+01
1.524741378632614328e+02 3.332859969043066428e+01
1.527180964838420323e+02 3.394577497610737282e+01
1.529620551044240813e+02 3.467518877753499140e+01
1.532060137250046807e+02 3.552355208722989488e+01
1.534499723455853086e+02 3.649878284899179448e+01
1.536939309661673292e+02 3.761012905705509723e+01
1.539378895867479571e+02 3.886831471976784513e+01
1.541818482073299776e+02 4.028571190940804314e+01
1.544258068279106055e+02 4.187654275420040761e+01
1.546697654484926261e+02 4.364600762705843806e+01
1.549137240690732540e+02 4.545725322460616979e+01
1.551576826896538535e+02 4.725943841099236664e+01
1.554016413102359024e+02 4.904566469081679259e+01
1.556455999308165019e+02 5.080885337406412106e+01
1.558895585513985509e+02 5.254179006429264120e+01
1.561335171719791504e+02 5.423717201412834754e+01
1.563774757925597783e+02 5.588765793739738541e+01
1.566214344131417988e+02 5.748591982120815658e+01
1.568653930337224267e+02 5.902469624123944669e+01
1.571093516543044473e+02 6.049684664892762243e+01
1.573533102748850752e+02 6.189540607100022385e+01
1.575972688954670957e+02 6.321363964164059013e+01
1.578412275160476952e+02 6.444509637414817860e+01
1.580851861366283231e+02 6.558366157482396375e+01
1.583291447572103436e+02 6.662360730517725926e+01
1.585731033777909715e+02 6.755749277286005849e+01
1.588170619983729921e+02 6.835014341257222270e+01
1.590610206189536200e+02 6.898649826580079036e+01
1.593049792395356405e+02 6.946204028656667617e+01
1.595489378601162684e+02 6.977337557458822914e+01
1.597928964806968679e+02 6.991827371252007595e+01
1.600368551012789169e+02 6.989569437597803869e+01
1.602808137218595164e+02 6.970579977229655810e+01
1.605247723424415653e+02 6.934995269994469425e+01
1.607687309630221648e+02 6.883070026109712103e+01
1.610126895836042138e+02 6.815174349962725842e+01
1.612566482041848133e+02 6.731789347087401154e+01
1.615006068247654412e+02 6.633501447250799288e+01
1.617445654453474617e+02 6.520995537357563876e+01
1.619885240659280896e+02 6.395047016640132398e+01
1.622324826865101102e+02 6.256512903001084425e+01
1.624764413070907381e+02 6.107955179589347949e+01
1.627203999276727586e+02 5.973551944690246529e+01
1.629643585482533865e+02 5.860085003409394488e+01
1.632083171688339860e+02 5.766464927898901038e+01
1.634522757894160350e+02 5.691803027062619691e+01
1.636962344099966344e+02 5.635397276091892138e+01
1.639401930305786834e+02 5.596721304849074130e+01
1.641841516511592829e+02 5.575416203074367161e+01
1.644281102717413319e+02 5.571284963616074748e+01
1.646720688923219313e+02 5.584289443123851981e+01
1.649160275129025592e+02 5.614549774489487532e+01
1.651599861334845798e+02 5.662346218353381033e+01
1.654039447540652077e+02 5.728123493665076182e+01
1.656479033746472282e+02 5.812497681080702705e+01
1.658918619952278561e+02 5.916265849366817520e+01
1.661358206158084556e+02 6.040418615605073427e+01
1.663797792363905046e+02 6.183586743656120888e+01
1.666237378569711041e+02 6.306601700922402642e+01
1.668676964775531530e+02 6.394244631134558432e+01
1.671116550981337525e+02 6.444986161190007579e+01
1.673556137187158015e+02 6.457934392187934236e+01
1.675995723392964010e+02 6.432860976885766036e+01
1.678435309598770289e+02 6.370207818207217088e+01
1.680874895804590494e+02 6.271074114236123620e+01
1.683314482010396773e+02 6.137184280374034984e+01
1.685754068216216979e+02 5.970838056659778914e+01
1.688193654422023258e+02 5.774844817176536083e+01
1.690633240627843463e+02 5.552444702708840651e+01
1.693072826833649742e+02 5.307219667970473864e+01
1.695512413039455737e+02 5.042997849402786414e+01
1.697951999245276227e+02 4.763754807325582163e+01
1.700391585451082221e+02 4.473515175179854708e+01
1.702831171656902711e+02 4.177865836682828160e+01
1.705270757862708706e+02 3.904533932253734463e+01
1.707710344068529196e+02 3.659642419807403257e+01
1.710149930274335190e+02 3.440034864182666041e+01
1.712589516480141469e+02 3.242961365454392109e+01
1.715029102685961675e+02 3.066023258762491466e+01
1.717468688891767954e+02 2.907125997675527529e+01
1.719908275097588159e+02 2.764438956013825077e+01
1.722347861303394438e+02 2.636361090408134444e+01
1.724787447509214644e+02 2.521491577934260775e+01
1.727227033715020923e+02 2.418604686383749680e+01
1.729666619920826918e+02 2.326628254000907248e+01
1.732106206126647123e+02 2.244625255216145021e+01
1.734545792332453402e+02 2.171778012305164651e+01
1.736985378538273608e+02 2.107374682920988818e+01
1.739424964744079887e+02 2.050797712381613280e+01
1.741864550949900092e+02 2.001910245509425579e+01
1.744304137155706371e+02 1.966852749739560480e+01
1.746743723361512366e+02 1.947295047279748559e+01
1.749183309567332856e+02 1.942783195202968116e+01
1.751622895773138850e+02 1.953212901028246051e+01
1.754062481978959340e+02 1.978825494494204662e+01
1.756502068184765335e+02 2.020217258237092750e+01
1.758941654390585825e+02 2.078362623736452264e+01
1.761381240596391820e+02 2.154652499050065728e+01
1.763820826802198098e+02 2.250949844178310855e+01
1.766260413008018304e+02 2.369665609738536816e+01
1.768699999213824583e+02 2.513859379571674424e+01
1.771139585419644789e+02 2.687370602377301765e+01
1.773579171625451067e+02 2.894988284687041968e+01
1.776018757831257062e+02 3.142669611554666886e+01
1.778458344037077552e+02 3.437821383240372342e+01
1.780897930242883547e+02 3.787604118664832242e+01
1.783337516448704037e+02 4.161982916419688650e+01
1.785777102654510031e+02 4.544850099463925375e+01
1.788216688860330521e+02 4.931992317537608272e+01
1.790656275066136516e+02 5.318740191327913891e+01
1.793095861271942795e+02 5.700050704376020860e+01
1.795535447477763000e+02 6.070608402077127153e+01
1.797975033683569279e+02 6.424942949919399382e+01
1.800414619889389485e+02 6.757559683134734030e+01
1.802854206095195764e+02 7.063078967153874999e+01
1.805293792301015969e+02 7.336379537048917143e+01
1.807733378506822248e+02 7.572740541394983893e+01
1.810172964712628243e+02 7.767976818948200446e+01
1.812612550918448733e+02 7.918562007861532948e+01
1.815052137124254727e+02 8.021734434370002020e+01
1.817491723330075217e+02 8.075581340763446292e+01
1.819931309535881212e+02 8.080236459069399757e+01
1.822370895741701702e+02 8.057157153833450991e+01
1.824810481947507697e+02 8.014750955224516815e+01
1.827250068153313975e+02 7.953323765396157796e+01
1.829689654359134181e+02 7.873316775764095610e+01
1.832129240564940460e+02 7.775301190048568856e+01
1.834568826770760666e+02 7.659971433441160116e+01
1.837008412976566945e+02 7.528136960837660752e+01
1.839447999182387150e+02 7.380712799273527480e+01
1.841887585388193429e+02 7.218708979099044143e+01
1.844327171593999424e+02 7.043219024507557435e+01
1.846766757799819914e+02 6.855407686656363353e+01
1.849206344005625908e+02 6.656498111435701048e+01
1.851645930211446398e+02 6.447758638923538399e+01
1.854085516417252393e+02 6.230489432721576293e+01
1.856525102623072883e+02 6.006009134623897694e+01
1.858964688828878877e+02 5.776059165964305464e+01
1.861404275034685156e+02 5.549966143731640500e+01
1.863843861240505362e+02 5.331009673265469218e+01
1.866283447446311641e+02 5.119046132915779168e+01
1.868723033652131846e+02 4.913930982822910210e+01
1.871162619857938125e+02 4.715518983465779002e+01
1.873602206063744120e+02 4.523664406571173657e+01
1.876041792269564610e+02 4.338221238321897744e+01
1.878481378475370605e+02 4.159043374778342184e+01
1.880920964681191094e+02 3.985984809451522892e+01
1.883360550886997089e+02 3.818899813021047862e+01
1.885800137092817295e+02 3.657643105151643681e+01
1.888239723298623574e+02 3.502070018444347710e+01
1.890679309504429852e+02 3.352036654512985336e+01
1.893118895710250058e+02 3.207400032247439015e+01
1.895558481916056053e+02 3.068018228306547357e+01
1.897998068121876543e+02 2.933947726365392228e+01
1.900437654327682537e+02 2.809047303449345279e+01
1.902877240533503027e+02 2.694194757907967386e+01
1.905316826739309022e+02 2.588583474329989897e+01
1.907756412945115301e+02 2.491486940607657985e+01
1.910195999150935506e+02 2.402250593089975084e+01
1.912635585356741785e+02 2.320284595757049217e+01
1.915075171562561991e+02 2.245057443500813577e+01
1.917514757768368270e+02 2.176090293620535476e+01
1.919954343974188475e+02 2.112951941791705934e+01
1.922393930179994754e+02 2.055254369397158243e+01
1.924833516385800749e+02 2.002648798326019630e+01
1.927273102591621239e+02 1.954822197441123066e+01
1.929712688797427234e+02 1.911494191964425937e+01
1.932152275003247723e+02 1.872414333224638838e+01
1.934591861209053718e+02 1.837359691661441374e+01
1.937031447414874208e+02 1.806197943328485778e+01
1.939471033620680203e+02 1.780207771331639321e+01
1.941910619826486482e+02 1.759776713380251323e+01
1.944350206032306687e+02 1.744720906850337627e+01
1.946789792238112966e+02 1.734905759152739790e+01
1.949229378443933172e+02 1.730243940460524854e+01
1.951668964649739451e+02 1.730694087413968063e+01
1.954108550855559656e+02 1.736260190836476269e+01
1.956548137061365935e+02 1.746991654761068347e+01
1.958987723267171930e+02 1.762984027990852454e+01
1.961427309472992420e+02 1.784380423373985280e+01
1.963866895678798414e+02 1.811373654336208361e+01
1.966306481884618904e+02 1.844209133370719655e+01
1.968746068090424899e+02 1.883188593537067845e+01
1.971185654296231178e+02 1.928674712041897621e+01
1.973625240502051383e+02 1.981096735139719556e+01
1.976064826707857662e+02 2.040852732776606615e+01
1.978504412913677868e+02 2.105913357085376347e+01
1.980943999119484147e+02 2.175521187193718831e+01
1.983383585325304352e+02 2.249987582991384372e+01
1.985823171531110631e+02 2.329651249571841731e+01
1.988262757736916626e+02 2.414880742209269826e+01
1.990702343942737116e+02 2.506077231475495637e+01
1.993141930148543111e+02 2.603677556943485527e+01
1.995581516354363600e+02 2.708157601293388339e+01
1.998021102560169595e+02 2.820036020402213239e+01
2.000460688765990085e+02 2.939878369288825866e+01
2.002900274971796080e+02 3.068301668543539051e+01
2.005339861177602359e+02 3.205979461313891932e+01
2.007779447383422564e+02 3.353647416973137751e+01
2.010219033589228843e+02 3.512109544493301172e+01
2.012658619795049049e+02 3.682245086309385584e+01
2.015098206000855328e+02 3.864688817793425102e+01
2.017537792206675533e+02 4.051600651215476745e+01
2.019977378412481812e+02 4.238707125780451435e+01
2.022416964618287807e+02 4.425219970164083350e+01
2.024856550824108297e+02 4.610319178863317546e+01
2.027296137029914291e+02 4.793158592631575488e+01
2.029735723235734781e+02 4.972871996065749300e+01
2.032175309441540776e+02 5.148579676253929449e+01
2.034614895647361266e+02 5.319395377324536156e+01
2.037054481853167260e+02 5.484433577287792616e+01
2.039494068058973539e+02 5.642817006173934402e+01
2.041933654264793745e+02 5.793684318071889550e+01
2.044373240470600024e+02 5.936197824631575770e+01
2.046812826676420229e+02 6.069551193916336729e+01
2.049252412882226224e+02 6.192977016304991622e+01
2.051691999088046714e+02 6.305754138629827565e+01
2.054131585293852709e+02 6.407025459156498925e+01
2.056571171499658988e+02 6.490894989481265043e+01
2.059010757705479193e+02 6.554234887785764840e+01
2.061450343911285472e+02 6.596426147468505974e+01
2.063889930117105678e+02 6.617054208558676009e+01
2.066329516322911957e+02 6.615915739179790478e+01
2.068769102528732162e+02 6.593021972312425305e+01
2.071208688734538441e+02 6.548598521275265227e+01
2.073648274940344436e+02 6.483081678163577521e+01
2.076087861146164926e+02 6.397111280175460735e+01
2.078527447351970920e+02 6.291520306944715912e+01
2.080967033557791410e+02 6.167321445387148771e+01
2.083406619763597405e+02 6.025690925081241289e+01
2.085846205969403684e+02 5.867949984887202675e+01
2.088285792175223889e+02 5.695544378924466145e+01
2.090725378381030168e+02 5.510022365854043613e+01
2.093164964586850374e+02 5.313758535494734758e+01
2.095604550792656653e+02 5.129596054879497302e+01
2.098044136998476858e+02 4.966319226012802801e+01
2.100483723204283137e+02 4.822322053959251775e+01
2.102923309410089132e+02 4.696214272849141480e+01
2.105362895615909622e+02 4.586799023232138950e+01
2.107802481821715617e+02 4.493053942091087549e+01
2.110242068027536106e+02 4.414115247644755868e+01
2.112681654233342101e+02 4.349264472204382059e+01
2.115121240439162591e+02 4.297917557724776572e+01
2.117560826644968586e+02 4.259616082236821910e+01
2.120000412850774865e+02 4.234020432495476172e+01
2.122439999056595070e+02 4.220904780371863296e+01
2.124879585262401349e+02 4.220153758851461845e+01
2.127319171468221555e+02 4.231760769075659567e+01
2.129758757674027834e+02 4.255827883612547424e+01
2.132198343879848039e+02 4.292118081352273151e+01
2.134637930085654318e+02 4.326538039821732440e+01
2.137077516291460313e+02 4.352120926539477352e+01
2.139517102497280803e+02 4.368707257282390088e+01
2.141956688703086797e+02 4.376193296719368675e+01
2.144396274908907287e+02 4.374532138972136863e+01
2.146835861114713282e+02 4.363734197110350976e+01
2.149275447320533772e+02 4.343867094435715615e+01
2.151715033526339766e+02 4.315054959143241575e+01
2.154154619732146045e+02 4.277477132650554381e+01
2.156594205937966251e+02 4.231366310401543984e+01
2.159033792143772530e+02 4.177006142108739795e+01
2.161473378349592736e+02 4.114728326052236440e+01
2.163912964555399014e+02 4.044909239080428165e+01
2.166352550761219220e+02 3.967966150189498364e+01
2.168792136967025499e+02 3.884353070955435072e+01
2.171231723172831494e+02 3.795053824530510411e+01
2.173671309378651983e+02 3.717200830704011594e+01
2.176110895584457978e+02 3.658236298764411032e+01
2.178550481790278468e+02 3.617304988587570591e+01
2.180990067996084463e+02 3.593818527761332859e+01
2.183429654201890742e+02 3.587441293454396174e+01
2.185869240407710947e+02 3.598082406306011194e+01
2.188308826613517226e+02 3.625893568533245315e+01
2.190748412819337432e+02 3.671272674145141934e+01
2.193187999025143711e+02 3.734873311733412748e+01
2.195627585230963916e+02 3.817620478082109514e+01
2.198067171436770195e+02 3.920733032312497812e+01
2.200506757642576190e+02 4.045753654782763675e+01
2.202946343848396396e+02 4.194587342913653316e+01
2.205385930054202674e+02 4.369549789874532308e+01
2.207825516260022880e+02 4.573427366380037284e+01
2.210265102465829159e+02 4.808726318451672910e+01
2.212704688671649365e+02 5.047088402858966560e+01
2.215144274877455643e+02 5.270817813063629131e+01
2.217583861083261638e+02 5.476982336628850589e+01
2.220023447289082128e+02 5.662796014398780642e+01
2.222463033494888123e+02 5.825681498406176217e+01
2.224902619700708613e+02 5.963329391067062346e+01
2.227342205906514607e+02 6.073752661234439643e+01
2.229781792112335097e+02 6.155334347306537524e+01
2.232221378318141092e+02 6.206866947564446235e+01
2.234660964523947371e+02 6.227582156821161874e+01
2.237100550729767576e+02 6.217169925873645298e+01
2.239540136935573855e+02 6.175786182933645563e+01
2.241979723141394061e+02 6.104048948268232522e+01
2.244419309347200340e+02 6.003022977368895852e+01
2.246858895553020545e+02 5.874193465984240703e+01
2.249298481758826824e+02 5.720071151344453142e+01
2.251738067964632819e+02 5.567894749246301700e+01
2.254177654170453309e+02 5.430475440855884273e+01
2.256617240376259304e+02 5.306912674986183731e+01
2.259056826582079793e+02 5.196408439748307728e+01
2.261496412787885788e+02 5.098258689917302888e+01
2.263935998993706278e+02 5.011845880138680087e+01
2.266375585199512273e+02 4.936632493252464826e+01
2.268815171405318551e+02 4.872155468820714219e+01
2.271254757611138757e+02 4.818021451035464509e+01
2.273694343816945036e+02 4.773902787715429952e+01
2.276133930022765242e+02 4.739534223394682044e+01
2.278573516228571521e+02 4.714710239760235311e+01
2.281013102434391726e+02 4.699283006076638713e+01
2.283452688640198005e+02 4.693160910970086519e+01
2.285892274846004000e+02 4.696307655139191439e+01
2.288331861051824490e+02 4.708567728205744629e+01
2.290771447257630484e+02 4.722333363290552199e+01
2.293211033463450974e+02 4.733496693729953364e+01
2.295650619669256969e+02 4.742039095843231422e+01
2.298090205875063248e+02 4.747946298578094826e+01
2.300529792080883453e+02 4.751208423238693257e+01
2.302969378286689732e+02 4.751820011014290657e+01
2.305408964492509938e+02 4.749780038201077303e+01
2.307848550698316217e+02 4.745091919057487928e+01
2.310288136904136422e+02 4.737763496281904452e+01
2.312727723109942701e+02 4.727807019150372270e+01
2.315167309315748696e+02 4.715239109398752504e+01
2.317606895521569186e+02 4.700080714983198504e+01
2.320046481727375181e+02 4.682357051898934230e+01
2.322486067933195670e+02 4.662097534282200684e+01
2.324925654139001665e+02 4.639335693069169508e+01
2.327365240344822155e+02 4.614192638154574411e+01
2.329804826550628150e+02 4.590707542168505739e+01
2.332244412756434429e+02 4.571051646792671619e+01
2.334683998962254634e+02 4.555176695351850924e+01
2.337123585168060913e+02 4.543043813892113292e+01
2.339563171373881119e+02 4.534623352483581726e+01
2.342002757579687398e+02 4.529894764426133946e+01
2.344442343785507603e+02 4.528846522666678709e+01
2.346881929991313882e+02 4.531476072953493883e+01
2.349321516197119877e+02 4.537789823460086325e+01
2.351761102402940367e+02 4.547803170820031227e+01
2.354200688608746361e+02 4.561540562720391989e+01
2.356640274814566851e+02 4.579035597411127867e+01
2.359079861020372846e+02 4.600331160695863986e+01
2.361519447226193051e+02 4.625479601188807521e+01
2.363959033431999330e+02 4.654542944837407958e+01
2.366398619637805325e+02 4.687462131529184717e+01
2.368838205843625815e+02 4.717323807185157847e+01
2.371277792049431810e+02 4.740082224445743009e+01
2.373717378255252299e+02 4.755633016954340775e+01
2.376156964461058294e+02 4.763904678248599822e+01
2.378596550666878784e+02 4.764859109487841948e+01
2.381036136872684779e+02 4.758491911771765359e+01
2.383475723078491058e+02 4.744832419913580424e+01
2.385915309284311263e+02 4.723943477303978966e+01
2.388354895490117542e+02 4.695920954284677862e+01
2.390794481695937748e+02 4.660893015194359634e+01
2.393234067901744027e+02 4.619019141931686789e+01
2.395673654107550021e+02 4.570488924439762002e+01
2.398113240313370511e+02 4.515520630951392889e+01
2.400552826519176506e+02 4.454359573079523926e+01
2.402992412724996996e+02 4.387276282880394973e+01
2.405431998930802990e+02 4.314599466097274671e+01
2.407871585136623480e+02 4.238655922572137769e+01
2.410311171342429475e+02 4.160816222262336339e+01
2.412750757548235754e+02 4.081234943017393846e+01
2.415190343754055959e+02 4.000067783607130423e+01
2.417629929959862238e+02 3.917471063495283801e+01
2.420069516165682444e+02 3.833601229978167879e+01
2.422509102371488723e+02 3.748614374825737627e+01
2.424948688577308928e+02 3.662665762441399409e+01
2.427388274783115207e+02 3.575909371482946852e+01
2.429827860988921202e+02 3.488497451741690014e+01
2.432267447194741692e+02 3.400580097981831784e+01
2.434707033400547687e+02 3.312304842294417284e+01
2.437146619606368176e+02 3.223816266383031603e+01
2.439586205812174171e+02 3.135255635074222980e+01
2.442025792017994661e+02 3.046760552170420766e+01
2.444465378223800656e+02 2.958567450297099555e+01
2.446904964429606935e+02 2.877325507141389949e+01
2.449344550635427140e+02 2.806428295582233545e+01
2.451784136841233419e+02 2.745214847778103362e+01
2.454223723047053625e+02 2.693122831948348761e+01
2.456663309252859904e+02 2.649679943643960556e+01
2.459102895458680109e+02 2.614496766176847942e+01
2.461542481664486388e+02 2.587260949065863258e+01
2.463982067870292383e+02 2.567732582571192523e+01
2.466421654076112873e+02 2.555740672348601805e+01
2.468861240281918867e+02 2.551180641629525780e+01
2.471300826487739357e+02 2.554012809796484973e+01
2.473740412693545352e+02 2.564261816336849620e+01
2.476179998899365842e+02 2.582016978455441247e+01
2.478619585105171836e+02 2.607433589618914738e+01
2.481059171310978115e+02 2.640735185489769066e+01
2.483498757516798321e+02 2.682124910074319146e+01
2.485938343722604600e+02 2.725110516267514882e+01
2.488377929928424805e+02 2.765442343883118070e+01
2.490817516134231084e+02 2.802983012635747784e+01
2.493257102340037079e+02 2.837603373394894390e+01
2.495696688545857569e+02 2.869183247584710728e+01
2.498136274751663564e+02 2.897612121691559395e+01
2.500575860957484053e+02 2.922789791268461812e+01
2.503015447163290048e+02 2.944626949182799791e+01
2.505455033369110538e+02 2.963045713281163529e+01
2.507894619574916533e+02 2.977980089104440609e+01
2.510334205780722812e+02 2.989376363810282200e+01
2.512773791986543017e+02 2.997193428009585503e+01
2.515213378192349296e+02 3.001403022819907207e+01
2.517652964398169502e+02 3.001989910058035704e+01
2.520092550603975781e+02 2.998951964136536219e+01
2.522532136809795986e+02 2.992229723463329094e+01
2.524971723015601981e+02 2.976028787732298042e+01
2.527411309221408260e+02 2.946832127784065491e+01
2.529850895427228465e+02 2.905024084099273907e+01
2.532290481633034744e+02 2.851150558724774697e+01
2.534730067838854950e+02 2.785907153602067154e+01
2.537169654044661229e+02 2.710124227323615997e+01
2.539609240250481434e+02 2.624749318953715971e+01
2.542048826456287713e+02 2.530827458656943207e+01
2.544488412662093708e+02 2.429479936220054626e+01
2.546927998867914198e+02 2.321882128713331284e+01
2.549367585073720193e+02 2.209240996870655493e+01
2.551807171279540682e+02 2.092772846731280723e+01
2.554246757485346677e+02 1.973681920010016810e+01
2.556686343691167167e+02 1.853140325585345138e+01
2.559125929896973162e+02 1.732269758358870249e+01
2.561565516102779156e+02 1.612222771140624289e+01
2.564005102308599930e+02 1.502523827645197763e+01
2.566444688514405925e+02 1.407457537583887763e+01
2.568884274720226131e+02 1.325155522236002170e+01
2.571323860926032125e+02 1.254053360757996494e+01
2.573763447131852899e+02 1.192841659496697915e+01
2.576203033337658894e+02 1.140426226669509013e+01
2.578642619543464889e+02 1.095895669004909578e+01
2.581082205749285094e+02 1.058495073531785380e+01
2.583521791955091658e+02 1.027604713642650758e+01
2.585961378160911863e+02 1.002722939662200297e+01
2.588400964366717858e+02 9.834525927261672962e+00
2.590840550572538064e+02 9.694904264803749783e+00
2.593280136778344627e+02 9.606191416698870000e+00
2.595719722984150621e+02 9.567017402486555966e+00
2.598159309189970827e+02 9.576779933021445146e+00
2.600598895395776822e+02 9.635454688389978983e+00
2.603038481601597596e+02 9.724708991334818364e+00
2.605478067807403590e+02 9.832241116796897273e+00
2.607917654013209585e+02 9.958637680119439395e+00
2.610357240219029791e+02 1.010459355395426329e+01
2.612796826424836354e+02 1.027091823673233506e+01
2.615236412630656559e+02 1.045854333561152849e+01
2.617675998836462554e+02 1.066853126072408031e+01
2.620115585042282760e+02 1.090208524432190984e+01
2.622555171248089323e+02 1.116056081698115854e+01
2.624994757453895318e+02 1.144547889397046347e+01
2.627434343659715523e+02 1.175854064831051637e+01
2.629873929865521518e+02 1.210164437364441525e+01
2.632313516071342292e+02 1.247690457015913701e+01
2.634753102277148287e+02 1.288667352097095531e+01
2.637192688482968492e+02 1.333356566554273748e+01
2.639632274688774487e+02 1.382025266882178727e+01
2.642071860894581050e+02 1.431916299720625751e+01
2.644511447100401256e+02 1.480818490551927091e+01
2.646951033306207250e+02 1.528511008481697964e+01
2.649390619512027456e+02 1.574772635000710430e+01
2.651830205717834019e+02 1.619383441343148533e+01
2.654269791923654225e+02 1.662126505895996331e+01
2.656709378129460219e+02 1.702789653214535548e+01
2.659148964335266214e+02 1.741167195387902566e+01
2.661588550541086988e+02 1.777061655926375749e+01
2.664028136746892983e+02 1.810285456080436006e+01
2.666467722952713189e+02 1.840662543528520700e+01
2.668907309158519183e+02 1.868029943696961581e+01
2.671346895364339389e+02 1.892239214625914911e+01
2.673786481570145952e+02 1.913157787224508510e+01
2.676226067775951947e+02 1.930670174000376704e+01
2.678665653981772152e+02 1.944731476469956633e+01
2.681105240187578147e+02 1.963259263206188265e+01
2.683544826393398921e+02 1.992206429483863062e+01
2.685984412599204916e+02 2.032028009115929734e+01
2.688423998805025121e+02 2.083357079785088217e+01
2.690863585010831116e+02 2.147021562829915098e+01
2.693303171216637679e+02 2.224066506512417263e+01
2.695742757422457885e+02 2.315782693425163785e+01
2.698182343628263880e+02 2.423742669106411896e+01
2.700621929834084085e+02 2.549845599471889557e+01
2.703061516039890648e+02 2.696372745885069122e+01
2.705501102245696643e+02 2.866055819570744134e+01
2.707940688451516849e+02 3.062161068144436982e+01
2.710380274657322843e+02 3.288592690590768086e+01
2.712819860863143617e+02 3.550020117114990370e+01
2.715259447068949612e+02 3.852034884030015860e+01
2.717699033274769818e+02 4.201149952633920748e+01
2.720138619480575812e+02 4.566617382654938950e+01
2.722578205686382375e+02 4.916476397405938314e+01
2.725017791892202581e+02 5.242593474133879283e+01
2.727457378098008576e+02 5.536958869370452163e+01
2.729896964303828781e+02 5.792010001698340460e+01
2.732336550509635344e+02 6.000952645761948645e+01
2.734776136715455550e+02 6.158061007972762013e+01
2.737215722921261545e+02 6.258938229488462923e+01
2.739655309127067540e+02 6.300720788364056801e+01
2.742094895332888314e+02 6.282213541926646627e+01
2.744534481538694308e+02 6.203946521808233427e+01
2.746974067744514514e+02 6.068149715033707992e+01
2.749413653950320509e+02 5.878647505719429489e+01
2.751853240156141283e+02 5.640679750548745375e+01
2.754292826361947277e+02 5.360661169476772159e+01
2.756732412567753272e+02 5.046035231317034686e+01
2.759171998773573478e+02 4.734312348727778641e+01
2.761611584979380041e+02 4.448570753303332026e+01
2.764051171185200246e+02 4.186403292373688600e+01
2.766490757391006241e+02 3.945650289740054006e+01
2.768930343596826447e+02 3.724372260824542025e+01
2.771369929802633010e+02 3.520825836051802327e+01
2.773809516008439005e+02 3.333442495259240701e+01
2.776249102214259210e+02 3.160809767553689298e+01
2.778688688420065205e+02 3.001654595559517702e+01
2.781128274625885979e+02 2.854828601598725157e+01
2.783567860831691974e+02 2.719295026809709270e+01
2.786007447037512179e+02 2.594117143155976279e+01
2.788447033243318174e+02 2.478447963503160878e+01
2.790886619449124737e+02 2.371521096760978864e+01
2.793326205654944943e+02 2.272642614151073914e+01
2.795765791860750937e+02 2.181188805025427513e+01
2.798205378066571143e+02 2.097961545069305700e+01
2.800644964272377706e+02 2.023333547807049726e+01
2.803084550478197912e+02 1.956604899934450259e+01
2.805524136684003906e+02 1.897162303566374320e+01
2.807963722889809901e+02 1.844469728766408068e+01
2.810403309095630675e+02 1.798060385505126391e+01
2.812842895301436670e+02 1.757529847220930819e+01
2.815282481507256875e+02 1.722530184440363143e+01
2.817722067713062870e+02 1.692764989463108805e+01
2.820161653918869433e+02 1.667985192543218176e+01
2.822601240124689639e+02 1.647985586889861054e+01
2.825040826330495634e+02 1.632601994580378246e+01
2.827480412536315839e+02 1.621709018551813841e+01
2.829919998742122402e+02 1.615218337546177807e+01
2.832359584947942608e+02 1.613077511521171559e+01
2.834799171153748603e+02 1.615272476021331016e+01
2.837238757359554597e+02 1.623027820799045173e+01
2.839678343565374803e+02 1.637411624340784044e+01
2.842117929771181366e+02 1.658599414340789835e+01
2.844557515977001572e+02 1.686851608887003451e+01
2.846997102182807566e+02 1.722518857997952324e+01
2.849436688388627772e+02 1.766049305519698009e+01
2.851876274594434335e+02 1.817997982173555727e+01
2.854315860800240330e+02 1.879038605643501469e+01
2.856755447006060535e+02 1.949978139094736918e+01
2.859195033211866530e+02 2.031774548497537225e+01
2.861634619417687304e+02 2.125558305236262413e+01
2.864074205623493299e+02 2.232658308172118922e+01
2.866513791829313504e+02 2.354633054185807950e+01
2.868953378035119499e+02 2.493308075003085378e+01
2.871392964240926062e+02 2.650820889482466214e+01
2.873832550446746268e+02 2.829648139020066111e+01
2.876272136652552263e+02 3.017865121562083885e+01
2.878711722858372468e+02 3.202562209162131523e+01
2.881151309064179031e+02 3.381626838064511276e+01
2.883590895269999237e+02 3.552909512740084352e+01
2.886030481475805232e+02 3.714265721120705877e+01
2.888470067681611226e+02 3.863599951092324147e+01
2.890909653887432000e+02 3.998910569231673406e+01
2.893349240093237995e+02 4.118334232800049932e+01
2.895788826299058201e+02 4.220188465844822190e+01
2.898228412504864195e+02 4.303011043885548759e+01
2.900667998710684969e+02 4.365594900553967506e+01
2.903107584916490964e+02 4.407017392236843989e+01
2.905547171122296959e+02 4.426662929306441185e+01
2.907986757328117164e+02 4.424238198101593866e+01
2.910426343533923728e+02 4.399779447580885972e+01
2.912865929739743933e+02 4.353662935097344189e+01
2.915305515945549928e+02 4.295090436374924536e+01
2.917745102151355923e+02 4.231830677866846457e+01
2.920184688357176697e+02 4.164114974719617379e+01
2.922624274562982691e+02 4.092188227540205503e+01
2.925063860768802897e+02 4.016307449852329370e+01
2.927503446974608892e+02 3.936740242480357210e+01
2.929943033180429666e+02 3.853763227480867926e+01
2.932382619386235660e+02 3.767660454405187664e+01
2.934822205592041655e+02 3.678721791650816897e+01
2.937261791797861861e+02 3.587241315558100752e+01
2.939701378003668424e+02 3.493515709638144529e+01
2.942140964209488629e+02 3.397842685941785845e+01
2.944580550415294624e+02 3.300519440109999181e+01
2.947020136621114830e+02 3.201841151021499599e+01
2.949459722826921393e+02 3.102099535298192023e+01
2.951899309032727388e+02 3.001590517888865151e+01
2.954338895238547593e+02 2.911467232968393759e+01
2.956778481444353588e+02 2.840445794136911317e+01
2.959218067650174362e+02 2.787245622208544304e+01
2.961657653855980357e+02 2.750920979003189615e+01
2.964097240061800562e+02 2.730832896001403753e+01
2.966536826267606557e+02 2.726630405506176302e+01
2.968976412473413120e+02 2.738240300991063947e+01
2.971415998679233326e+02 2.765865007582629431e+01
2.973855584885039320e+02 2.809988475781267780e+01
2.976295171090859526e+02 2.871390339128857505e+01
2.978734757296666089e+02 2.951168916782763318e+01
2.981174343502486295e+02 3.050774012941480962e+01
2.983613929708292289e+02 3.172050886765205746e+01
2.986053515914098284e+02 3.317297262272134617e+01
2.988493102119919058e+02 3.489335845811749692e+01
2.990932688325725053e+02 3.691595567950524526e+01
2.993372274531545258e+02 3.902871365749867039e+01
2.995811860737351253e+02 4.098839107248787883e+01
2.998251446943171459e+02 4.276062225666678529e+01
3.000691033148978022e+02 4.431325719761370863e+01
3.003130619354784017e+02 4.561732791284059374e+01
3.005570205560604222e+02 4.664794571376962296e+01
3.008009791766410217e+02 4.738509060718845944e+01
3.010449377972230991e+02 4.781425788364133211e+01
3.012888964178036986e+02 4.792693272727208864e+01
3.015328550383842980e+02 4.772087115440754701e+01
3.017768136589663186e+02 4.720017433240681726e+01
3.020207722795469749e+02 4.637515284053269227e+01
3.022647309001289955e+02 4.526198714858889360e+01
3.025086895207095949e+02 4.388219993114359596e+01
3.027526481412916155e+02 4.226196425517902355e+01
3.029966067618722718e+02 4.043129191759922492e+01
3.032405653824528713e+02 3.850548817100602150e+01
3.034845240030348918e+02 3.658054279062240255e+01
3.037284826236154913e+02 3.466571431448175389e+01
3.039724412441975687e+02 3.276971456131498428e+01
3.042163998647781682e+02 3.090065320599853038e+01
3.044603584853601888e+02 2.906599256989855107e+01
3.047043171059407882e+02 2.727251272112592062e+01
3.049482757265214445e+02 2.552628680027718033e+01
3.051922343471034651e+02 2.383266632088356474e+01
3.054361929676840646e+02 2.219627604116347186e+01
3.056801515882660851e+02 2.062101786855652819e+01
3.059241102088467414e+02 1.911008314265772867e+01
3.061680688294287620e+02 1.766597254565253650e+01
3.064120274500093615e+02 1.629052281486955422e+01
3.066559860705899609e+02 1.498493937749310057e+01
3.068999446911720383e+02 1.374983555124932977e+01
3.071439033117526378e+02 1.266819753426853623e+01
3.073878619323346584e+02 1.179538705686872113e+01
3.076318205529152578e+02 1.109914725981549388e+01
3.078757791734973353e+02 1.055472877416069366e+01
3.081197377940779347e+02 1.014342422052666670e+01
3.083636964146585342e+02 9.851495142482011858e+00
3.086076550352405548e+02 9.669405051679742513e+00
3.088516136558212111e+02 9.591298473056864893e+00
