8.411250000000000000e+03 2.497430967358994280e+01
8.413500000000000000e+03 1.649801521910562840e+01
8.417500000000000000e+03 1.156303983995011109e+01
8.421500000000000000e+03 1.189836428891801212e+01
8.425500000000000000e+03 1.237406493682893505e+01
8.428000000000000000e+03 1.986574391924859739e+01
8.428000000000000000e+03 2.082666753493888478e+01
8.428000000000000000e+03 1.965448397938527236e+01
8.427750000000000000e+03 1.965448397938527236e+01
8.427000000000000000e+03 2.364944215887415524e+01
8.430500000000000000e+03 1.898170984988887255e+01
8.434500000000000000e+03 8.961892626956295516e+00
8.438500000000000000e+03 8.491101672700642311e+00
8.442500000000000000e+03 1.143194406556815856e+01
8.446500000000000000e+03 3.762372711141266279e+01
8.450500000000000000e+03 3.370504685062734040e+01
8.454500000000000000e+03 1.733838445004866458e+01
8.458500000000000000e+03 1.661843143708390969e+01
8.462000000000000000e+03 3.814239788752624349e+01
8.465500000000000000e+03 4.197264010858448557e+01
8.469500000000000000e+03 1.392707024285293294e+01
8.473500000000000000e+03 1.394101192446423987e+01
8.477500000000000000e+03 1.997708702690378857e+01
8.481500000000000000e+03 2.013869510312981603e+01
8.485500000000000000e+03 1.703572393981638200e+01
8.489500000000000000e+03 9.762430957729563374e+00
8.493500000000000000e+03 8.450508446325860845e+00
8.497000000000000000e+03 1.022145648452061906e+01
8.500500000000000000e+03 1.118865045244286271e+01
8.504500000000000000e+03 2.141057195409127445e+01
8.508500000000000000e+03 2.561101103010583913e+01
8.512500000000000000e+03 1.927563798087777514e+01
8.516500000000000000e+03 1.858176093834552844e+01
8.521399999999999636e+03 6.082699879758168748e+01
8.526500000000000000e+03 7.649073829029991600e+01
8.530500000000000000e+03 3.905406546635135356e+01
8.534000000000000000e+03 2.113423357440912298e+01
8.537500000000000000e+03 1.236166139782047502e+01
8.541500000000000000e+03 1.940843182889497598e+01
8.545500000000000000e+03 1.994712593720099036e+01
8.549500000000000000e+03 2.603775320664993842e+01
8.553500000000000000e+03 3.367784505144973650e+01
8.557500000000000000e+03 2.707020592323580388e+01
8.560250000000000000e+03 2.642327172635744148e+01
8.563500000000000000e+03 2.343590665905298209e+01
8.567000000000000000e+03 2.048106779586632342e+01
8.570500000000000000e+03 2.342786948990231721e+01
8.574500000000000000e+03 2.136058081080626891e+01
8.578500000000000000e+03 1.551331497528206960e+01
8.582500000000000000e+03 1.328665641419559229e+01
8.586500000000000000e+03 1.556494653237908565e+01
8.590500000000000000e+03 3.088179053056302692e+01
8.594500000000000000e+03 5.401352070914576586e+01
8.598500000000000000e+03 3.795392453924771559e+01
8.602000000000000000e+03 2.987293639486425789e+01
8.605500000000000000e+03 3.426877947707652083e+01
8.609500000000000000e+03 3.098143688307111532e+01
8.613500000000000000e+03 3.834634515970057578e+01
8.617500000000000000e+03 3.553492977423261578e+01
8.621500000000000000e+03 4.378793628157814055e+01
8.625500000000000000e+03 6.208347431592886778e+01
8.629500000000000000e+03 3.734214770951789575e+01
8.633500000000000000e+03 1.439472062967695365e+01
8.637000000000000000e+03 1.281671906275427375e+01
8.640500000000000000e+03 2.142369958281083342e+01
8.644500000000000000e+03 2.409862243407610194e+01
8.648500000000000000e+03 1.672999475452575524e+01
8.652500000000000000e+03 3.438361218221331228e+01
8.656500000000000000e+03 3.169150389857369277e+01
8.660500000000000000e+03 9.027329622493006411e+00
8.664500000000000000e+03 1.386652541767258739e+01
8.668500000000000000e+03 3.807146826198165002e+01
8.672000000000000000e+03 5.026350001588063066e+01
8.675500000000000000e+03 2.521249930358569458e+01
8.679500000000000000e+03 4.718291140813140316e+01
8.683500000000000000e+03 5.952133825252245458e+01
8.687500000000000000e+03 5.204579484012434420e+01
8.692600000000000364e+03 5.061476808647693559e+01
8.697500000000000000e+03 6.770028220835482102e+01
8.702000000000000000e+03 2.949345916755918751e+01
8.712000000000000000e+03 3.339967281002186184e+01
8.717000000000000000e+03 1.430350544798556278e+01
8.720500000000000000e+03 2.041057132556064602e+01
8.725200000000000728e+03 1.546505896444549499e+01
8.730500000000000000e+03 1.334399310822751517e+01
8.734500000000000000e+03 2.180604548299965728e+01
8.738500000000000000e+03 1.205303250894955980e+01
8.742500000000000000e+03 1.832095526692480902e+01
8.746500000000000000e+03 3.609021358793759049e+01
8.750500000000000000e+03 2.689124511070924228e+01
8.754500000000000000e+03 2.943325950860385731e+01
8.758750000000000000e+03 4.244588506387267302e+01
8.763500000000000000e+03 4.018247768956051402e+01
8.767500000000000000e+03 2.500207846348270380e+01
8.771500000000000000e+03 1.494435039749461325e+01
8.775500000000000000e+03 2.783285205110566807e+01
8.780000000000000000e+03 1.596754735529474445e+01
8.800200000000000728e+03 3.031852062052051977e+01
8.805750000000000000e+03 2.047628190567210282e+01
8.809500000000000000e+03 2.363715213163537499e+01
8.813000000000000000e+03 1.904978023253008956e+01
8.816250000000000000e+03 1.202139433303897320e+01
8.818500000000000000e+03 1.109750776611590339e+01
8.822500000000000000e+03 2.356336399908370893e+01
8.826500000000000000e+03 4.418239801962621982e+01
8.830500000000000000e+03 3.734505775828736773e+01
8.834500000000000000e+03 2.779111441916542447e+01
8.838500000000000000e+03 2.113591112289585894e+01
8.842500000000000000e+03 3.400968966762319212e+01
8.846000000000000000e+03 2.272146995783417012e+01
8.849500000000000000e+03 3.516899038997540572e+01
8.853500000000000000e+03 2.150895197751101051e+01
8.857500000000000000e+03 2.602596660001494300e+01
8.860250000000000000e+03 4.399671117263667242e+01
8.863500000000000000e+03 4.308425120778001371e+01
8.867500000000000000e+03 1.674635720881115120e+01
8.871500000000000000e+03 2.386803146213117088e+01
8.875500000000000000e+03 2.025250696185299404e+01
8.879000000000000000e+03 1.111498440329413917e+01
8.882500000000000000e+03 1.060816459864656913e+01
8.886500000000000000e+03 1.364134811537739367e+01
8.890500000000000000e+03 1.044888800429978559e+01
8.894500000000000000e+03 1.449008529430713921e+01
8.898500000000000000e+03 2.658571107654706367e+01
8.902500000000000000e+03 4.832793946859959533e+01
8.906500000000000000e+03 8.283109587397213147e+01
8.910500000000000000e+03 2.789825975509165090e+01
8.913666666666666060e+03 2.461974831861811808e+01
8.915500000000000000e+03 2.123279680341786246e+01
8.919500000000000000e+03 1.643132885108952479e+01
8.922250000000000000e+03 2.173298412241764765e+01
8.925500000000000000e+03 2.323959626620429830e+01
8.929250000000000000e+03 1.420339528800911033e+01
8.930000000000000000e+03 1.592038746525245330e+01
8.930000000000000000e+03 1.592038746525245330e+01
8.930000000000000000e+03 1.592038746525245330e+01
8.930000000000000000e+03 1.389423292350577377e+01
8.929000000000000000e+03 1.160451225471669545e+01
8.932500000000000000e+03 7.837209759070930204e+00
8.936500000000000000e+03 7.776701243060787583e+00
8.940500000000000000e+03 1.004453563254282145e+01
8.944500000000000000e+03 1.061833559300159813e+01
8.948500000000000000e+03 1.162070737682510924e+01
8.952500000000000000e+03 3.491283379209644977e+01
8.956500000000000000e+03 3.852590399022404455e+01
8.960000000000000000e+03 1.475980369117796975e+01
8.963500000000000000e+03 3.662526094232660068e+00
8.967500000000000000e+03 3.620612255545312408e+00
8.972600000000000364e+03 9.738590794918705384e+00
8.977500000000000000e+03 1.377701247808304075e+01
8.981500000000000000e+03 2.394558869915760368e+01
8.985500000000000000e+03 3.837792168309808716e+01
8.989500000000000000e+03 3.200896926693052080e+01
8.993500000000000000e+03 1.908144616905388702e+01
8.997000000000000000e+03 1.388528373194670174e+01
9.000500000000000000e+03 2.878254878019988894e+01
9.004500000000000000e+03 3.616187180118922129e+01
9.008500000000000000e+03 1.866421250596887305e+01
9.012500000000000000e+03 3.662104416024116205e+01
9.016500000000000000e+03 1.561239887235235280e+01
9.020500000000000000e+03 1.887883812490606417e+01
9.024500000000000000e+03 1.457765971954022710e+01
9.028500000000000000e+03 7.999294839459390793e+00
9.032000000000000000e+03 1.422497667765886753e+01
9.035500000000000000e+03 2.717204588482649186e+01
9.039500000000000000e+03 1.906460471272768942e+01
9.043500000000000000e+03 1.375103524652053721e+01
9.047500000000000000e+03 1.146242752582671898e+01
9.051250000000000000e+03 1.001682909793839471e+01
9.053500000000000000e+03 5.267952450433500466e+00
9.057500000000000000e+03 6.231462471740712772e+00
9.061500000000000000e+03 7.203471326749113501e+00
9.064250000000000000e+03 1.186324432816690866e+01
9.068000000000000000e+03 2.267940534206090319e+01
9.072500000000000000e+03 3.788208652365754858e+01
9.076500000000000000e+03 2.295465863723066846e+01
9.080500000000000000e+03 2.093114412460083074e+01
9.084500000000000000e+03 1.356492115023215739e+01
9.087750000000000000e+03 1.282548573472701747e+01
9.088000000000000000e+03 1.885294075765277455e+01
9.090500000000000000e+03 7.915947531872626008e+00
9.093799999999999272e+03 1.430105133922678462e+01
9.098000000000000000e+03 1.794064893339475120e+01
9.101250000000000000e+03 1.576235206679253409e+01
9.103500000000000000e+03 1.109998297370431608e+01
9.107500000000000000e+03 1.894660551156277606e+01
9.111500000000000000e+03 2.845226401156225293e+01
9.115500000000000000e+03 7.681172534411416564e+00
9.119500000000000000e+03 5.391500562890014336e+00
9.123500000000000000e+03 1.586976033158527066e+01
9.126750000000000000e+03 1.298143574792068300e+01
9.127000000000000000e+03 1.794533359669711814e+01
9.127000000000000000e+03 1.591857484979943038e+01
9.127500000000000000e+03 1.560322348641497925e+01
9.128750000000000000e+03 1.143368119844807040e+01
9.131500000000000000e+03 5.642970013594765355e+00
9.135500000000000000e+03 2.043416080072904872e+00
9.138250000000000000e+03 6.385249032000451130e+00
9.141500000000000000e+03 2.998772376696880126e+00
9.145250000000000000e+03 7.833964957988294842e+00
9.146000000000000000e+03 1.571822295806321534e+01
9.146000000000000000e+03 1.257790889184857619e+01
9.146500000000000000e+03 1.266785168977991205e+01
9.147750000000000000e+03 8.411488272302896974e+00
9.150500000000000000e+03 5.085104023149018104e+00
9.154500000000000000e+03 6.207366771000127237e+00
9.158250000000000000e+03 1.141678130196983076e+01
9.159000000000000000e+03 1.857209395843558397e+01
9.159000000000000000e+03 1.514533682637867607e+01
9.159666666666666060e+03 1.310012226667223523e+01
9.160750000000000000e+03 1.255079632936857337e+01
9.163500000000000000e+03 1.117048402253960404e+01
9.167500000000000000e+03 2.012249675895026968e+01
9.171500000000000000e+03 2.464288770433763887e+01
9.175500000000000000e+03 1.645566004865352738e+01
9.179500000000000000e+03 1.493278708555943801e+01
9.183500000000000000e+03 1.510049955801214594e+01
9.186250000000000000e+03 1.987487205679141766e+01
9.189000000000000000e+03 3.043469826999077554e+01
9.192500000000000000e+03 2.852488714220418942e+01
9.196500000000000000e+03 1.602001040833169654e+01
9.201399999999999636e+03 4.940998195972684215e+01
9.206500000000000000e+03 1.441738514735118315e+01
9.210500000000000000e+03 1.249885385181281094e+01
9.214500000000000000e+03 2.503968674608120182e+01
9.218500000000000000e+03 1.979792950682584163e+01
9.222500000000000000e+03 1.663628893069859771e+01
9.226000000000000000e+03 1.229337387106876101e+01
9.229500000000000000e+03 3.010446703722087136e+01
9.233500000000000000e+03 7.137858437516054266e+01
9.237500000000000000e+03 3.280626043360475563e+01
9.241500000000000000e+03 1.587625822292736544e+01
9.244750000000000000e+03 2.044615750549720801e+01
9.247500000000000000e+03 3.647737905355088373e+01
9.251500000000000000e+03 5.164542535262259548e+01
9.255500000000000000e+03 1.549065990068112697e+01
9.259000000000000000e+03 1.415776215336771315e+01
9.262500000000000000e+03 2.119396855268976054e+01
9.266500000000000000e+03 1.851623194823460139e+01
9.270500000000000000e+03 2.811193865717060447e+01
9.274500000000000000e+03 3.003585413569025064e+01
9.278500000000000000e+03 1.857873250755474004e+01
9.282500000000000000e+03 7.258286037884415975e+01
9.286500000000000000e+03 7.583326226846857310e+01
9.290500000000000000e+03 5.396791244373840613e+01
9.294000000000000000e+03 3.207468217728808924e+01
9.297500000000000000e+03 2.132668345702658286e+01
9.301500000000000000e+03 1.556934997568551537e+01
9.305500000000000000e+03 1.758801577231921698e+01
9.309250000000000000e+03 1.626685166367473911e+01
9.311500000000000000e+03 7.148566361375272571e+00
9.315500000000000000e+03 6.496004965154297928e+00
9.317750000000000000e+03 1.228835519231054008e+01
9.320250000000000000e+03 1.199982108741628828e+01
9.323500000000000000e+03 8.178405965304561320e+00
9.327000000000000000e+03 7.367377512090780733e+00
9.330500000000000000e+03 5.600084448009852167e+00
9.334500000000000000e+03 8.020980732225503118e+00
9.339200000000000728e+03 1.428792964404181554e+01
9.344500000000000000e+03 1.719421784885589588e+01
9.348500000000000000e+03 2.077325095479312722e+01
9.352500000000000000e+03 1.797607174110375183e+01
9.356500000000000000e+03 1.029433362990142165e+01
9.360500000000000000e+03 1.304089576733194100e+01
9.364000000000000000e+03 1.848429623310618908e+01
9.367500000000000000e+03 7.517067883296340369e+01
9.371500000000000000e+03 1.102320382264072833e+02
9.375500000000000000e+03 2.907703461224100394e+01
9.379500000000000000e+03 3.402657629190942146e+01
9.383500000000000000e+03 2.364306237218511342e+01
9.387500000000000000e+03 1.675151448102137408e+01
9.391500000000000000e+03 1.905063291681414839e+01
9.395500000000000000e+03 1.178830266561550211e+01
9.399000000000000000e+03 2.613621615237014950e+01
9.402500000000000000e+03 3.990655970234146821e+01
9.406500000000000000e+03 3.565739035687116143e+01
9.410500000000000000e+03 2.977876731666712118e+01
9.414500000000000000e+03 2.656824474799800484e+01
9.418500000000000000e+03 1.862630106860730450e+01
9.422500000000000000e+03 2.502234454787981122e+01
9.424750000000000000e+03 2.203592416859363112e+01
9.428500000000000000e+03 2.896534269098997427e+01
9.432000000000000000e+03 3.687715622209989164e+01
9.436399999999999636e+03 2.425052210987553991e+01
9.441500000000000000e+03 8.734720235039882041e+00
9.445500000000000000e+03 8.377443096636483233e+00
9.449500000000000000e+03 6.171333609845716772e+00
9.453500000000000000e+03 5.299173412561930085e+00
9.457500000000000000e+03 6.744138764624454829e+00
9.460750000000000000e+03 1.176286813523967467e+01
9.464600000000000364e+03 1.541409939493281556e+01
9.469000000000000000e+03 1.130908830903026541e+01
9.470000000000000000e+03 1.461188364049357880e+01
9.470000000000000000e+03 1.584304488216006490e+01
9.470000000000000000e+03 1.584304488216006490e+01
9.469250000000000000e+03 1.558260964072960419e+01
9.470500000000000000e+03 9.648352166227688542e+00
9.474500000000000000e+03 3.633852050684520663e+01
9.478500000000000000e+03 6.359841617823086324e+01
9.482500000000000000e+03 4.496980255378709046e+01
9.486500000000000000e+03 1.531327945794420131e+01
9.491500000000000000e+03 5.404573431955735430e+01
9.495500000000000000e+03 4.325886478993257356e+01
9.499500000000000000e+03 2.567105215719866962e+01
9.503500000000000000e+03 2.588103531771357524e+01
9.507500000000000000e+03 3.490834794514509554e+01
9.511500000000000000e+03 1.812314827085295477e+01
9.515500000000000000e+03 1.957333834378427895e+01
9.519500000000000000e+03 2.929082611090332477e+01
9.523000000000000000e+03 4.083813127058193260e+01
9.526500000000000000e+03 4.860353213269311823e+01
9.530500000000000000e+03 3.136143733859726979e+01
9.534500000000000000e+03 1.363928275401304191e+01
9.538500000000000000e+03 2.585909976589237402e+01
9.542500000000000000e+03 4.446410450291971728e+01
9.546500000000000000e+03 2.657574507899110827e+01
9.550500000000000000e+03 1.451361222073416712e+01
9.555000000000000000e+03 1.349639396778271205e+01
9.560000000000000000e+03 1.858161170129542938e+01
9.563500000000000000e+03 1.757628976080271244e+01
9.568000000000000000e+03 1.792773522599323854e+01
9.573500000000000000e+03 3.954912079204616049e+01
9.577500000000000000e+03 4.626427364073909132e+01
9.581500000000000000e+03 6.111029362971024881e+01
9.585500000000000000e+03 3.656386903528952814e+01
9.589500000000000000e+03 4.608918830510793896e+01
9.593500000000000000e+03 2.712884274440543919e+01
9.601000000000000000e+03 2.702670475569814812e+01
9.611600000000000364e+03 5.690701470553678831e+01
9.616500000000000000e+03 2.231680122487350815e+01
9.620500000000000000e+03 3.169481738280177652e+01
9.625000000000000000e+03 1.276794391721644573e+01
9.629200000000000728e+03 1.567442749416169079e+01
9.635600000000000364e+03 2.760266981401033348e+01
9.640500000000000000e+03 4.700769747392639886e+01
9.644500000000000000e+03 6.226323398537698495e+01
9.649000000000000000e+03 3.183073776703474778e+01
