6.404999999999999583e-01 9.810074698385066925e-11
1.665499999999999980e+00 1.773215235894237999e-10
2.690500000000000114e+00 2.565383465905588664e-10
3.715500000000000025e+00 2.418855346709667249e-10
4.740249999999999631e+00 2.447219913378484035e-10
5.765249999999999986e+00 2.309001401255123040e-10
6.790250000000000341e+00 2.263806115018369019e-10
7.815249999999999808e+00 2.263806115018369019e-10
8.839999999999999858e+00 1.131903057510456946e-10
9.737000000000000099e+00 9.113737361396111954e-11
1.063375000000000092e+01 1.571713709607151586e-10
1.165874999999999950e+01 2.992214366182383605e-10
1.268374999999999808e+01 3.224667181391465175e-10
1.370850000000000080e+01 2.722108061864823336e-10
1.473350000000000115e+01 9.403811243091941840e-11
1.575850000000000151e+01 8.392149487919714399e-11
1.678325000000000244e+01 1.605864227181265429e-10
1.780825000000000102e+01 1.723723482519187925e-10
1.870499999999999829e+01 8.462531650443685820e-11
1.960200000000000031e+01 6.506480811439357539e-11
2.062699999999999889e+01 2.016336218929008577e-10
2.165174999999999983e+01 2.169916646398745805e-10
2.267674999999999841e+01 1.463415372049746425e-10
2.370175000000000054e+01 1.377451479244792436e-10
2.472675000000000267e+01 1.664230766445876242e-10
2.575150000000000006e+01 2.808958027044844735e-10
2.677649999999999864e+01 3.328003432817571825e-10
2.767333333333333556e+01 2.850927724342014939e-10
2.857024999999999793e+01 2.662938163477669418e-10
2.959499999999999886e+01 1.529078084826656193e-10
3.062000000000000099e+01 1.071087667199180385e-10
3.164500000000000313e+01 1.450206041840565205e-10
3.267000000000000171e+01 1.508910776054011375e-10
3.366940000000000310e+01 6.363855882250392144e-11
3.471974999999999767e+01 2.105528439312409795e-11
3.574474999999999625e+01 5.770094311966187321e-11
3.664166666666667282e+01 1.280684342217025416e-10
3.753849999999999909e+01 2.277742912484575080e-10
3.856325000000000358e+01 1.597769016072592446e-10
3.958825000000000216e+01 1.389849984687257691e-10
4.061325000000000074e+01 1.056851279307400680e-10
4.163824999999999932e+01 7.220081660991600184e-11
4.266299999999999670e+01 9.242540344820696195e-11
4.368800000000000239e+01 9.231702566323383441e-11
4.471300000000000097e+01 1.137971484425004938e-10
4.560999999999999233e+01 1.360441483159326326e-10
4.650649999999999551e+01 1.171463664716280768e-10
4.753149999999999409e+01 1.277748608145731419e-10
4.855649999999999977e+01 1.807602581332921536e-10
4.958150000000000546e+01 2.165629801083348248e-10
5.060625000000000284e+01 1.922370648919296079e-10
5.163125000000000142e+01 9.568502619046326599e-11
5.265625000000000000e+01 3.803322437420084122e-11
5.368124999999999858e+01 6.126724201018511013e-11
5.457800000000000296e+01 8.497110401088812265e-11
5.547475000000000733e+01 6.755864735712509469e-11
5.649975000000000591e+01 7.869984341882102502e-11
5.752474999999999739e+01 5.957237991041823783e-11
5.854974999999999596e+01 6.172929678059298340e-11
5.957450000000000045e+01 5.384441597877083105e-11
6.059950000000000614e+01 2.928501106166294658e-11
6.162449999999999761e+01 6.650901783368064259e-11
6.264949999999999619e+01 1.947325920794218559e-10
6.354599999999999937e+01 2.391295750955182670e-10
6.444299999999999784e+01 1.488438327936488191e-10
6.546800000000000352e+01 1.120444138347928355e-10
6.649299999999999500e+01 1.676483176566374141e-10
6.751800000000000068e+01 9.232715766207502589e-11
6.854275000000001228e+01 1.008756486758387816e-10
6.956774999999998954e+01 2.973238114791083585e-10
7.059274999999999523e+01 2.337776561794572315e-10
7.161775000000000091e+01 9.096497008248842966e-11
7.251433333333334019e+01 4.544697407339830782e-11
7.341124999999999545e+01 1.006236251361179620e-10
7.443625000000000114e+01 5.321732320083485536e-11
7.546099999999999852e+01 3.100977791487548215e-11
7.648600000000000421e+01 3.983601188313749983e-11
7.743420000000000414e+01 4.161580776475578341e-11
7.853600000000000136e+01 2.906218572941308141e-11
7.963779999999999859e+01 9.036748829875190857e-11
8.066259999999999764e+01 6.895057120400408265e-11
8.148266666666667390e+01 1.924644724778235143e-10
8.237950000000000728e+01 1.515376690924445092e-10
8.343019999999999925e+01 1.901316036804212152e-10
8.442924999999999613e+01 2.486642137304170435e-10
8.545425000000000182e+01 1.362587270980705318e-10
8.647925000000000750e+01 2.330978386017505867e-10
8.750425000000001319e+01 1.856800551137519245e-10
8.852899999999999636e+01 7.399528177747892210e-11
8.955400000000000205e+01 9.403546266913942979e-11
9.057899999999997931e+01 1.012953712954037729e-10
9.147599999999999909e+01 5.234458904638547424e-11
9.237275000000001057e+01 5.460594108612790213e-11
9.339749999999999375e+01 1.035173992627293382e-10
9.442249999999999943e+01 1.913874612753474611e-10
9.544749999999999091e+01 1.068659760596861270e-10
9.654939999999999145e+01 1.773541116393521826e-10
9.742040000000000077e+01 8.183316597597523267e-11
9.852224999999999966e+01 1.260381063307324165e-10
9.954725000000000534e+01 1.246175874134093232e-10
1.004440000000000026e+02 1.528918329034305859e-10
1.013410000000000082e+02 3.258978694173600378e-10
1.023657499999999914e+02 2.810915213067075605e-10
1.033907499999999970e+02 1.405528102299214707e-10
1.044157500000000027e+02 5.397224008899499476e-11
1.054405000000000001e+02 5.816222681007176610e-11
1.064654999999999916e+02 8.842631326369297472e-11
1.074904999999999973e+02 1.292704646484243679e-10
1.085155000000000030e+02 7.627724640315521005e-11
1.094119999999999919e+02 1.124661469011840145e-10
1.103089999999999975e+02 7.540897112558661421e-11
1.113340000000000032e+02 1.308963490056751189e-10
1.123589999999999947e+02 1.203335107565209155e-10
1.133840000000000146e+02 5.659559194205708247e-11
1.144087499999999977e+02 6.335737119758624431e-11
1.154337500000000034e+02 1.688359911587393987e-10
1.164587500000000091e+02 1.194772364201194412e-10
1.174837500000000006e+02 1.360467755828209817e-10
1.183803333333333256e+02 2.427400911222260823e-10
1.192772500000000093e+02 2.811898571319304499e-10
1.203022500000000150e+02 2.177824602715706020e-10
1.213272499999999923e+02 2.634994798686839710e-10
1.223520000000000039e+02 2.447073322310472731e-10
1.233769999999999811e+02 1.065596005617454949e-10
1.244020000000000010e+02 7.080588439914368845e-11
1.254270000000000209e+02 2.591100957055492489e-11
1.264519999999999982e+02 8.625587591605254673e-11
1.273486666666666594e+02 9.274443178634623398e-11
1.282454999999999927e+02 1.276580149240465439e-10
1.292704999999999984e+02 1.746551521433819241e-10
1.302955000000000041e+02 1.525751269949210749e-10
1.313202500000000157e+02 1.166793257460114431e-10
1.323452499999999930e+02 2.346412052332258173e-10
1.333702499999999986e+02 2.641362286746040455e-10
1.343950000000000102e+02 2.641362286746040455e-10
1.354199999999999875e+02 2.641362286746040455e-10
1.363170000000000073e+02 1.760908191164874486e-10
1.372137500000000045e+02 2.073330427657918763e-10
1.382387499999999818e+02 3.418057127746695199e-10
1.392634999999999934e+02 3.413228231857739589e-10
1.402884999999999991e+02 3.002047306028823028e-10
1.413135000000000048e+02 2.697704726286483253e-10
1.423385000000000105e+02 2.629191148270530724e-10
1.433632499999999936e+02 9.804611901880020184e-11
1.443882499999999993e+02 6.438328242074819358e-11
1.452849999999999966e+02 1.954618725605010317e-10
1.461819999999999879e+02 4.409829531169621533e-10
1.472070000000000221e+02 5.768137724229927933e-10
1.481547999999999945e+02 3.145894998631322062e-10
1.492567499999999825e+02 2.246232417220138249e-10
1.502817499999999882e+02 1.250921227915500935e-10
1.513067499999999939e+02 6.212382574852905418e-11
1.523315000000000055e+02 7.513634066126657888e-11
1.533565000000000111e+02 1.472045324395437169e-10
1.542533333333333303e+02 2.068010446099178064e-10
1.551502499999999998e+02 1.067683993545977075e-10
1.561749999999999829e+02 6.867256677803118380e-11
1.571999999999999886e+02 1.469960809776307768e-10
1.582249999999999943e+02 7.489357072437033939e-11
1.592500000000000000e+02 1.794156805744656392e-10
1.602750000000000057e+02 1.569912958730450343e-10
1.612997499999999889e+02 1.995763928484672610e-10
1.623247499999999945e+02 3.298724139754351445e-10
1.632216666666666640e+02 2.340138068390696680e-10
1.641182499999999891e+02 1.069459565752567807e-10
1.651432499999999948e+02 1.463516694344589531e-10
1.661682500000000005e+02 2.082951547009559802e-10
1.671932500000000061e+02 2.494867973896356875e-10
1.682179999999999893e+02 4.310623137230350511e-10
1.692429999999999950e+02 4.319604860658744504e-10
1.702679999999999723e+02 4.069351409981390493e-10
1.712929999999999779e+02 3.715393690818707001e-10
1.723180000000000121e+02 3.818120370026765536e-10
1.731504999999999939e+02 1.855222542346055002e-10
1.741115000000000066e+02 6.644825908929623816e-11
1.751364999999999839e+02 1.144571571824164393e-10
1.761614999999999895e+02 1.316567705766385109e-10
1.771862500000000011e+02 2.075366967644682962e-10
1.782112500000000068e+02 3.028429531705715730e-10
1.792362500000000125e+02 3.101999054909793234e-10
1.802612499999999898e+02 3.757130306922250020e-10
1.812091999999999814e+02 2.815244730512325343e-10
1.821829999999999927e+02 1.634984107173023383e-10
1.830797499999999900e+02 2.110257825430246611e-10
1.841047500000000241e+02 2.543987830797124459e-10
1.851297500000000014e+02 1.859129821015131397e-10
1.861545000000000130e+02 9.582626622837365534e-11
1.871794999999999902e+02 3.261320724692825122e-10
1.882044999999999959e+02 5.121436990262682039e-10
1.892295000000000300e+02 2.074268765770859480e-10
1.902542499999999848e+02 2.795359440601757703e-10
1.911510000000000389e+02 2.932480048371261734e-10
1.920480000000000018e+02 2.807699306497312961e-10
1.930730000000000075e+02 2.931777850112156095e-10
1.940977499999999907e+02 3.453686389251381010e-10
1.951227499999999964e+02 3.881603770641384844e-10
1.961477500000000020e+02 5.134198376820500670e-10
1.971727500000000077e+02 8.815135679657838611e-10
1.981974999999999909e+02 5.862587198722234311e-10
1.992224999999999966e+02 6.536489168902593193e-10
2.001193333333333157e+02 1.019511395673592444e-09
2.010162500000000136e+02 7.766237373134280734e-10
2.020409999999999968e+02 6.515366633673629550e-10
2.030659999999999741e+02 6.291772227130863543e-10
2.040909999999999798e+02 4.626627966894146316e-10
2.051160000000000139e+02 4.178454506435339607e-10
2.061409999999999911e+02 4.033188462952462246e-10
2.071657500000000027e+02 4.662686162162641596e-10
2.081907499999999800e+02 4.314831876027181776e-10
2.090876666666666495e+02 3.804759253810554905e-10
2.099844999999999970e+02 3.437671967134832957e-10
2.110092500000000086e+02 2.791732086088945969e-10
2.120342500000000143e+02 1.650819174927466329e-10
2.130592499999999916e+02 1.088679529059014931e-10
2.140842499999999973e+02 1.701095234915258262e-10
2.151089999999999804e+02 1.950422619381942599e-10
2.161340000000000146e+02 1.954065678367420605e-10
2.171590000000000202e+02 1.731602185389998661e-10
2.180560000000000116e+02 9.492575766437372431e-11
2.189527500000000089e+02 1.009431606406506132e-10
2.199774999999999920e+02 2.209322022589098044e-10
2.209767999999999972e+02 6.682663002021477872e-11
2.220275000000000318e+02 1.888660823282188981e-10
2.230522499999999866e+02 2.433045751406667552e-10
2.240772500000000207e+02 1.283219231434761392e-10
2.251022499999999980e+02 1.394171757267973591e-10
2.261272500000000036e+02 1.715956213773306175e-10
2.270240000000000009e+02 2.274984067057984108e-10
2.279207499999999982e+02 1.311272743660729487e-10
2.289457500000000039e+02 2.824768207582307686e-11
2.299707500000000095e+02 8.988549717805917424e-11
2.309957499999999868e+02 1.793056053906175249e-10
2.320204999999999984e+02 1.550586155184236752e-10
2.330455000000000041e+02 8.474417529708675976e-11
2.340705000000000098e+02 4.546153980434952979e-11
2.350955000000000155e+02 1.797032583490171407e-10
2.359919999999999618e+02 2.206767292742214878e-10
2.368889999999999816e+02 1.394496010316567348e-10
2.379140000000000157e+02 1.516104121777124255e-10
2.389389999999999930e+02 1.019058894937732386e-10
2.399639999999999986e+02 8.923116029533641972e-11
2.409887499999999818e+02 1.670368039327863173e-10
2.420137499999999875e+02 3.813085674664668118e-11
2.430387499999999932e+02 1.921721071167058611e-11
2.440637499999999989e+02 3.395067159310188529e-11
2.449603333333333239e+02 6.970846859717248880e-11
2.458572499999999934e+02 1.237931771778869857e-10
2.468822499999999991e+02 1.844258721131753926e-10
2.479072500000000048e+02 1.661836754194861105e-10
2.489320000000000164e+02 1.945388604685998548e-10
2.499570000000000221e+02 3.435706807848787131e-10
2.509819999999999993e+02 4.823735039254938945e-10
2.520069999999999766e+02 3.469728564195393238e-10
2.530317499999999882e+02 3.420416193568285779e-10
2.540567500000000223e+02 3.268242647561116274e-10
2.549536666666666633e+02 3.365962821492938144e-10
2.558505000000000109e+02 3.952383339012207324e-10
2.568752499999999941e+02 3.728489827391748033e-10
2.579258000000000379e+02 2.167414776154008809e-10
2.589252500000000055e+02 1.776707427631107637e-10
2.599502499999999827e+02 1.386763518311646503e-10
2.609749999999999659e+02 1.534099993643950022e-10
2.620000000000000000e+02 2.680089915847186007e-10
2.630249999999999773e+02 2.330463505831042859e-10
2.639219999999999686e+02 1.776514368706593487e-10
2.648187500000000227e+02 4.554500416416020792e-11
2.658435000000000059e+02 1.406187377766036905e-11
2.668684999999999832e+02 8.725220392376486504e-11
2.678935000000000173e+02 7.301244262973173699e-11
2.689184999999999945e+02 1.117175059543313175e-10
2.699432500000000346e+02 1.697660257359474233e-10
2.709682500000000118e+02 1.540193310171022273e-10
2.719932499999999891e+02 2.550381238911753513e-10
2.728900000000000432e+02 1.286767845618123026e-10
2.737870000000000346e+02 5.989803173135383437e-11
2.748117500000000746e+02 6.034370634708219539e-11
2.758367499999999950e+02 7.994887272210984423e-11
2.768617500000000291e+02 9.491878009919101457e-11
2.778867500000000064e+02 1.481559512268393978e-10
2.789114999999999895e+02 1.056592315386764701e-10
2.799365000000000236e+02 1.171002854484230543e-10
2.809615000000000009e+02 9.870341041147569313e-11
2.818580000000000041e+02 6.284847546428640943e-11
2.827293999999999983e+02 1.101397092031342590e-10
2.837799999999999727e+02 2.969652701966036996e-10
2.848050000000000068e+02 3.286368821878561925e-10
2.858299999999999841e+02 3.789506910039179786e-10
2.868547500000000241e+02 4.387149855038395416e-10
2.878797500000000582e+02 3.969961481426175683e-10
2.889047500000000355e+02 3.826575427375973557e-10
2.898528000000000020e+02 2.107036509955175350e-10
2.908263333333333662e+02 2.528280387340310404e-10
2.917487999999999602e+02 2.869894347344099081e-10
2.927482499999999845e+02 2.793962887549236093e-10
2.937732499999999618e+02 2.793962887549236093e-10
2.947980000000000018e+02 1.121449536725066232e-10
2.958229999999999791e+02 2.909169132793626068e-10
2.968480000000000132e+02 1.062140458613215130e-10
2.978729999999999905e+02 2.918113190281109613e-11
2.988979999999999677e+02 5.274060420305010255e-11
2.998587499999999864e+02 1.832012699286620773e-10
3.006915000000000191e+02 4.789801210281337394e-11
3.017164999999999964e+02 4.859477368866229726e-11
3.027414999999999736e+02 1.005549432789131353e-10
3.037662500000000136e+02 1.097150426606820712e-10
3.047912499999999909e+02 7.301215459918262750e-11
3.058162500000000250e+02 1.511719871757021026e-10
3.068412500000000591e+02 1.472947480642239994e-10
3.078659999999999854e+02 9.189365786822808359e-11
3.087629999999999768e+02 5.588505019198149145e-11
3.096597500000000309e+02 4.146231658288537244e-11
3.106847500000000082e+02 8.622750778420347233e-11
3.117094999999999914e+02 2.053715147933586634e-10
3.127345000000000255e+02 1.241475675531301214e-10
3.137595000000000027e+02 5.100690436117801955e-11
3.147844999999999800e+02 9.936035999399560672e-11
3.158092500000000200e+02 1.934165777417668190e-10
3.169112000000000080e+02 2.190634988085640669e-10
3.177309999999999945e+02 1.580875653498380782e-10
3.186279999999999859e+02 1.614373537738152402e-10
3.197298000000000116e+02 1.640209346724357500e-10
3.206777500000000600e+02 6.067803851815046810e-11
3.217027500000000373e+02 4.777372062875646473e-11
3.227277500000000146e+02 3.270066010416918798e-11
3.237527499999999918e+02 6.100888452757260868e-11
3.247774999999999750e+02 4.624806798195614517e-11
3.258025000000000091e+02 9.273599465190810615e-11
3.267506000000000199e+02 1.048010888226320471e-10
3.275194000000000187e+02 4.080455328235975843e-11
3.286209999999999809e+02 1.241874056272456634e-10
3.296459999999999582e+02 8.143504998444104695e-11
3.307477999999999838e+02 2.307273459734048448e-10
3.317727999999999611e+02 2.657693913174393175e-10
3.326442000000000121e+02 9.583782585705905495e-11
3.337457500000000437e+02 5.259494152607108068e-11
3.347707500000000209e+02 2.901406059305186381e-11
3.358726000000000340e+02 7.535773229173568854e-11
