   0.0000E+00   1.3424E+00
   0.0000E+00   9.8081E-01
   1.0000E+00   9.8426E-01
   2.0000E+00   1.0800E+00
   3.0000E+00   1.1642E+00
   4.0000E+00   1.2359E+00
   5.0000E+00   1.2904E+00
   6.0000E+00   1.2979E+00
   7.0000E+00   1.2610E+00
   8.0000E+00   1.1739E+00
   9.0000E+00   1.0736E+00
   1.0000E+01   1.0278E+00
   1.1000E+01   1.0442E+00
   1.2000E+01   1.1241E+00
   1.3000E+01   1.2415E+00
   1.4000E+01   1.3648E+00
   1.5000E+01   1.4948E+00
   1.6000E+01   1.6143E+00
   1.7000E+01   1.7133E+00
   1.8000E+01   1.7460E+00
   1.9000E+01   1.7125E+00
   2.0000E+01   1.6136E+00
   2.1000E+01   1.4968E+00
   2.2000E+01   1.4029E+00
   2.3000E+01   1.3421E+00
   2.4000E+01   1.3010E+00
   2.5000E+01   1.2768E+00
   2.6000E+01   1.2520E+00
   2.7000E+01   1.2319E+00
   2.8000E+01   1.2187E+00
   2.9000E+01   1.2237E+00
   3.0000E+01   1.2536E+00
   3.1000E+01   1.3085E+00
   3.2000E+01   1.3919E+00
   3.3000E+01   1.4728E+00
   3.4000E+01   1.5505E+00
   3.5000E+01   1.6270E+00
   3.6000E+01   1.6910E+00
   3.7000E+01   1.7228E+00
   3.8000E+01   1.7111E+00
   3.9000E+01   1.6583E+00
   4.0000E+01   1.5675E+00
   4.1000E+01   1.4835E+00
   4.2000E+01   1.4142E+00
   4.3000E+01   1.3526E+00
   4.4000E+01   1.3066E+00
   4.5000E+01   1.2730E+00
   4.6000E+01   1.2546E+00
   4.7000E+01   1.2515E+00
   4.8000E+01   1.2671E+00
   4.9000E+01   1.2909E+00
   5.0000E+01   1.3400E+00
   5.1000E+01   1.3994E+00
   5.2000E+01   1.4712E+00
   5.3000E+01   1.5307E+00
   5.4000E+01   1.5775E+00
   5.5000E+01   1.6121E+00
   5.6000E+01   1.6330E+00
   5.7000E+01   1.6310E+00
   5.8000E+01   1.6098E+00
   5.9000E+01   1.5688E+00
   6.0000E+01   1.5236E+00
   6.1000E+01   1.4899E+00
   6.2000E+01   1.4691E+00
   6.3000E+01   1.4626E+00
   6.4000E+01   1.4646E+00
   6.5000E+01   1.4715E+00
   6.6000E+01   1.4862E+00
   6.7000E+01   1.5058E+00
   6.8000E+01   1.5241E+00
   6.9000E+01   1.5544E+00
   7.0000E+01   1.5857E+00
   7.1000E+01   1.6228E+00
   7.2000E+01   1.6434E+00
   7.3000E+01   1.6383E+00
   7.4000E+01   1.6072E+00
   7.5000E+01   1.5514E+00
   7.6000E+01   1.5044E+00
   7.7000E+01   1.4720E+00
   7.8000E+01   1.4536E+00
   7.9000E+01   1.4509E+00
   8.0000E+01   1.4526E+00
   8.1000E+01   1.4581E+00
   8.2000E+01   1.4640E+00
   8.3000E+01   1.4731E+00
   8.4000E+01   1.4891E+00
   8.5000E+01   1.5077E+00
   8.6000E+01   1.5325E+00
   8.7000E+01   1.5546E+00
   8.8000E+01   1.5650E+00
   8.9000E+01   1.5620E+00
   9.0000E+01   1.5445E+00
   9.1000E+01   1.5213E+00
   9.2000E+01   1.5107E+00
   9.3000E+01   1.5151E+00
   9.4000E+01   1.5333E+00
   9.5000E+01   1.5530E+00
   9.6000E+01   1.5516E+00
   9.7000E+01   1.5267E+00
   9.8000E+01   1.4823E+00
   9.9000E+01   1.4406E+00
   1.0000E+02   1.4467E+00
   1.0100E+02   1.4993E+00
   1.0200E+02   1.5973E+00
   1.0300E+02   1.6926E+00
   1.0400E+02   1.7335E+00
   1.0500E+02   1.7212E+00
   1.0600E+02   1.6516E+00
   1.0700E+02   1.5719E+00
   1.0800E+02   1.5085E+00
   1.0900E+02   1.4611E+00
   1.1000E+02   1.4249E+00
   1.1100E+02   1.4211E+00
   1.1200E+02   1.4562E+00
   1.1300E+02   1.5331E+00
   1.1400E+02   1.6435E+00
   1.1500E+02   1.7407E+00
   1.1600E+02   1.8045E+00
   1.1700E+02   1.8323E+00
   1.1800E+02   1.8223E+00
   1.1900E+02   1.7671E+00
   1.2000E+02   1.6651E+00
   1.2100E+02   1.5096E+00
   1.2200E+02   1.3230E+00
   1.2300E+02   1.2176E+00
   1.2400E+02   1.2158E+00
   1.2500E+02   1.3200E+00
   1.2600E+02   1.4921E+00
   1.2700E+02   1.5686E+00
   1.2800E+02   1.5341E+00
   1.2900E+02   1.3863E+00
   1.3000E+02   1.1727E+00
   1.3100E+02   1.0821E+00
   1.3200E+02   1.1200E+00
   1.3300E+02   1.2909E+00
   1.3400E+02   1.5402E+00
   1.3500E+02   1.7282E+00
   1.3600E+02   1.8579E+00
   1.3700E+02   1.9249E+00
   1.3800E+02   1.9379E+00
   1.3900E+02   1.9125E+00
   1.4000E+02   1.8526E+00
   1.4100E+02   1.7535E+00
   1.4200E+02   1.6527E+00
   1.4300E+02   1.5950E+00
   1.4400E+02   1.5827E+00
   1.4500E+02   1.6139E+00
   1.4600E+02   1.6664E+00
   1.4700E+02   1.7259E+00
   1.4800E+02   1.7895E+00
   1.4900E+02   1.8563E+00
   1.5000E+02   1.8997E+00
   1.5100E+02   1.9082E+00
   1.5200E+02   1.8814E+00
   1.5300E+02   1.8195E+00
   1.5400E+02   1.7463E+00
   1.5500E+02   1.6875E+00
   1.5600E+02   1.6231E+00
   1.5700E+02   1.5744E+00
   1.5800E+02   1.5514E+00
   1.5900E+02   1.5653E+00
   1.5900E+02   1.3424E+00
   1.5900E+02   1.5651E+00
   1.6000E+02   1.6174E+00
   1.6100E+02   1.7103E+00
   1.6200E+02   1.7852E+00
   1.6300E+02   1.8479E+00
   1.6400E+02   1.9142E+00
   1.6500E+02   1.9420E+00
   1.6600E+02   1.9261E+00
   1.6700E+02   1.8547E+00
   1.6800E+02   1.7483E+00
   1.6900E+02   1.6065E+00
   1.7000E+02   1.5551E+00
   1.7100E+02   1.6009E+00
   1.7200E+02   1.7103E+00
   1.7300E+02   1.8885E+00
   1.7400E+02   1.9816E+00
   1.7500E+02   2.0099E+00
   1.7600E+02   1.9384E+00
   1.7700E+02   1.8943E+00
   1.7800E+02   1.8712E+00
   1.7900E+02   1.9212E+00
   1.8000E+02   1.9972E+00
   1.8100E+02   2.0701E+00
   1.8200E+02   2.1102E+00
   1.8300E+02   2.1107E+00
   1.8400E+02   2.0606E+00
   1.8500E+02   1.9926E+00
   1.8600E+02   1.9016E+00
   1.8700E+02   1.8025E+00
   1.8800E+02   1.7063E+00
   1.8900E+02   1.6321E+00
   1.9000E+02   1.6261E+00
   1.9100E+02   1.6897E+00
   1.9200E+02   1.8030E+00
   1.9300E+02   1.9016E+00
   1.9400E+02   1.9656E+00
   1.9500E+02   1.9694E+00
   1.9600E+02   1.9348E+00
   1.9700E+02   1.9001E+00
   1.9800E+02   1.8802E+00
   1.9900E+02   1.8780E+00
   2.0000E+02   1.8858E+00
   2.0100E+02   1.8553E+00
   2.0200E+02   1.7664E+00
   2.0300E+02   1.6762E+00
   2.0400E+02   1.5173E+00
   2.0500E+02   1.4453E+00
   2.0600E+02   1.4269E+00
   2.0700E+02   1.5011E+00
   2.0800E+02   1.5968E+00
   2.0900E+02   1.7218E+00
   2.1000E+02   1.8038E+00
   2.1100E+02   1.8935E+00
   2.1200E+02   1.9623E+00
   2.1300E+02   1.9643E+00
   2.1400E+02   1.8753E+00
   2.1500E+02   1.7597E+00
   2.1600E+02   1.5754E+00
   2.1700E+02   1.4778E+00
   2.1800E+02   1.4388E+00
   2.1900E+02   1.4819E+00
   2.2000E+02   1.5388E+00
   2.2100E+02   1.5959E+00
   2.2200E+02   1.6248E+00
   2.2300E+02   1.6357E+00
   2.2400E+02   1.6503E+00
   2.2500E+02   1.6743E+00
   2.2600E+02   1.7166E+00
   2.2700E+02   1.7695E+00
   2.2800E+02   1.8236E+00
   2.2900E+02   1.8421E+00
   2.3000E+02   1.8309E+00
   2.3100E+02   1.8052E+00
   2.3200E+02   1.7585E+00
   2.3300E+02   1.7383E+00
   2.3400E+02   1.6985E+00
   2.3500E+02   1.6597E+00
   2.3600E+02   1.6420E+00
   2.3700E+02   1.6275E+00
   2.3800E+02   1.6278E+00
   2.3900E+02   1.6404E+00
   2.4000E+02   1.6556E+00
   2.4100E+02   1.6657E+00
   2.4200E+02   1.6758E+00
   2.4300E+02   1.6928E+00
   2.4400E+02   1.7158E+00
   2.4500E+02   1.7397E+00
   2.4600E+02   1.7588E+00
   2.4700E+02   1.7923E+00
   2.4800E+02   1.8218E+00
   2.4900E+02   1.8279E+00
   2.5000E+02   1.8245E+00
   2.5100E+02   1.8092E+00
   2.5200E+02   1.7837E+00
   2.5300E+02   1.7479E+00
   2.5400E+02   1.7082E+00
   2.5500E+02   1.6513E+00
   2.5600E+02   1.6303E+00
   2.5700E+02   1.6509E+00
   2.5800E+02   1.7252E+00
   2.5900E+02   1.7724E+00
   2.6000E+02   1.8394E+00
   2.6100E+02   1.8807E+00
   2.6200E+02   1.9148E+00
   2.6300E+02   1.9351E+00
   2.6400E+02   1.9372E+00
   2.6500E+02   1.9201E+00
   2.6600E+02   1.8875E+00
   2.6700E+02   1.8540E+00
   2.6800E+02   1.8131E+00
   2.6900E+02   1.7656E+00
   2.7000E+02   1.7521E+00
   2.7100E+02   1.6922E+00
   2.7200E+02   1.6002E+00
   2.7300E+02   1.4757E+00
   2.7400E+02   1.3207E+00
   2.7500E+02   1.2191E+00
   2.7600E+02   1.2357E+00
   2.7700E+02   1.3423E+00
   2.7800E+02   1.5692E+00
   2.7900E+02   1.7556E+00
   2.8000E+02   1.8869E+00
   2.8100E+02   1.9489E+00
   2.8200E+02   1.9391E+00
   2.8300E+02   1.9103E+00
   2.8400E+02   1.8526E+00
   2.8500E+02   1.8244E+00
   2.8600E+02   1.7620E+00
   2.8700E+02   1.7142E+00
   2.8800E+02   1.6741E+00
   2.8900E+02   1.6530E+00
   2.9000E+02   1.6348E+00
   2.9100E+02   1.5725E+00
   2.9200E+02   1.4826E+00
   2.9300E+02   1.3588E+00
   2.9400E+02   1.2616E+00
   2.9500E+02   1.2117E+00
   2.9600E+02   1.2471E+00
   2.9700E+02   1.3689E+00
   2.9800E+02   1.5473E+00
   2.9900E+02   1.6680E+00
   3.0000E+02   1.7264E+00
   3.0100E+02   1.7281E+00
   3.0200E+02   1.6827E+00
   3.0300E+02   1.6329E+00
   3.0400E+02   1.5903E+00
   3.0500E+02   1.5150E+00
   3.0600E+02   1.4538E+00
   3.0700E+02   1.4151E+00
   3.0800E+02   1.3817E+00
   3.0900E+02   1.3617E+00
   3.1000E+02   1.3487E+00
   3.1100E+02   1.3307E+00
   3.1200E+02   1.2976E+00
   3.1300E+02   1.2639E+00
   3.1400E+02   1.2673E+00
   3.1500E+02   1.3133E+00
   3.1600E+02   1.4036E+00
   3.1700E+02   1.5674E+00
   3.1800E+02   1.6580E+00
   3.1900E+02   1.7035E+00
   3.2000E+02   1.6740E+00
   3.2100E+02   1.5779E+00
   3.2200E+02   1.4885E+00
   3.2300E+02   1.4324E+00
   3.2400E+02   1.3993E+00
   3.2500E+02   1.3817E+00
   3.2600E+02   1.3497E+00
   3.2700E+02   1.3269E+00
   3.2800E+02   1.2750E+00
   3.2900E+02   1.2251E+00
   3.3000E+02   1.1998E+00
   3.3100E+02   1.2160E+00
   3.3200E+02   1.2441E+00
   3.3300E+02   1.3106E+00
   3.3400E+02   1.3692E+00
   3.3500E+02   1.4142E+00
   3.3600E+02   1.4561E+00
   3.3700E+02   1.4794E+00
   3.3800E+02   1.4637E+00
   3.3900E+02   1.4084E+00
   3.4000E+02   1.3136E+00
   3.4100E+02   1.1997E+00
   3.4200E+02   1.1551E+00
   3.4300E+02   1.1659E+00
   3.4400E+02   1.2675E+00
   3.4500E+02   1.3415E+00
   3.4600E+02   1.4473E+00
   3.4700E+02   1.5575E+00
   3.4800E+02   1.6690E+00
   3.4900E+02   1.7676E+00
   3.5000E+02   1.8249E+00
   3.5100E+02   1.8306E+00
   3.5200E+02   1.8010E+00
   3.5300E+02   1.7418E+00
   3.5400E+02   1.6242E+00
   3.5500E+02   1.4941E+00
   3.5600E+02   1.3219E+00
   3.5700E+02   1.1776E+00
   3.5800E+02   1.1089E+00
   3.5900E+02   1.1393E+00
   3.6000E+02   1.2101E+00
   3.6100E+02   1.3052E+00
   3.6200E+02   1.3415E+00
   3.6300E+02   1.3601E+00
   3.6400E+02   1.3517E+00
   3.6500E+02   1.4026E+00
   3.6600E+02   1.4886E+00
   3.6700E+02   1.6722E+00
   3.6800E+02   1.8587E+00
   3.6900E+02   1.9508E+00
   3.7000E+02   1.8932E+00
   3.7100E+02   1.6869E+00
   3.7200E+02   1.3804E+00
   3.7300E+02   1.1924E+00
   3.7400E+02   1.1845E+00
   3.7500E+02   1.3307E+00
   3.7600E+02   1.5945E+00
   3.7700E+02   1.7512E+00
   3.7800E+02   1.8049E+00
   3.7900E+02   1.7448E+00
   3.8000E+02   1.6064E+00
   3.8100E+02   1.5289E+00
   3.8200E+02   1.5135E+00
   3.8300E+02   1.5670E+00
   3.8400E+02   1.6217E+00
   3.8500E+02   1.6486E+00
   3.8600E+02   1.6462E+00
   3.8700E+02   1.6234E+00
   3.8800E+02   1.5781E+00
   3.8900E+02   1.5630E+00
   3.9000E+02   1.5581E+00
   3.9100E+02   1.5658E+00
   3.9200E+02   1.5505E+00
   3.9300E+02   1.4886E+00
   3.9400E+02   1.3919E+00
   3.9500E+02   1.2792E+00
   3.9600E+02   1.1646E+00
   3.9700E+02   1.1234E+00
   3.9800E+02   1.1543E+00
   3.9900E+02   1.2344E+00
   4.0000E+02   1.3246E+00
   4.0100E+02   1.4055E+00
   4.0200E+02   1.4634E+00
   4.0300E+02   1.5141E+00
   4.0400E+02   1.5553E+00
   4.0500E+02   1.6056E+00
   4.0600E+02   1.6620E+00
   4.0700E+02   1.7183E+00
   4.0800E+02   1.7433E+00
   4.0900E+02   1.7502E+00
   4.1000E+02   1.7275E+00
   4.1100E+02   1.6855E+00
   4.1200E+02   1.7067E+00
   4.1300E+02   1.7518E+00
   4.1400E+02   1.8932E+00
   4.1500E+02   2.0283E+00
   4.1600E+02   2.1202E+00
   4.1700E+02   2.1419E+00
   4.1800E+02   2.0874E+00
   4.1900E+02   1.9770E+00
   4.2000E+02   1.9033E+00
   4.2100E+02   1.8736E+00
   4.2200E+02   1.8833E+00
   4.2300E+02   1.8836E+00
   4.2400E+02   1.8333E+00
   4.2500E+02   1.7515E+00
   4.2600E+02   1.6153E+00
   4.2700E+02   1.4582E+00
   4.2800E+02   1.3795E+00
   4.2900E+02   1.3564E+00
   4.3000E+02   1.4246E+00
   4.3100E+02   1.4809E+00
   4.3200E+02   1.6018E+00
   4.3300E+02   1.7044E+00
   4.3400E+02   1.8512E+00
   4.3500E+02   1.9526E+00
   4.3600E+02   2.0108E+00
   4.3700E+02   1.9992E+00
   4.3800E+02   1.9389E+00
   4.3900E+02   1.8573E+00
   4.4000E+02   1.8235E+00
   4.4100E+02   1.8114E+00
   4.4200E+02   1.8216E+00
   4.4300E+02   1.8358E+00
   4.4400E+02   1.8425E+00
   4.4500E+02   1.8384E+00
   4.4600E+02   1.8337E+00
   4.4700E+02   1.8301E+00
   4.4800E+02   1.8271E+00
   4.4900E+02   1.8226E+00
   4.5000E+02   1.8199E+00
   4.5100E+02   1.7989E+00
   4.5200E+02   1.7651E+00
   4.5300E+02   1.7395E+00
   4.5400E+02   1.6876E+00
   4.5500E+02   1.6651E+00
   4.5600E+02   1.6760E+00
   4.5700E+02   1.7192E+00
   4.5800E+02   1.7553E+00
   4.5900E+02   1.8001E+00
   4.6000E+02   1.8436E+00
   4.6100E+02   1.8659E+00
   4.6200E+02   1.8930E+00
   4.6300E+02   1.9009E+00
   4.6400E+02   1.9122E+00
   4.6500E+02   1.9146E+00
   4.6600E+02   1.9151E+00
   4.6700E+02   1.9254E+00
   4.6800E+02   1.9349E+00
   4.6900E+02   1.9471E+00
   4.7000E+02   1.9617E+00
   4.7100E+02   1.9684E+00
   4.7200E+02   1.9747E+00
   4.7300E+02   1.9709E+00
   4.7400E+02   1.9674E+00
   4.7500E+02   1.9469E+00
   4.7600E+02   1.9055E+00
   4.7700E+02   1.8800E+00
   4.7800E+02   1.8609E+00
   4.7900E+02   1.8610E+00
   4.8000E+02   1.8953E+00
   4.8100E+02   1.9319E+00
   4.8200E+02   1.9540E+00
   4.8300E+02   1.9272E+00
   4.8400E+02   1.8641E+00
   4.8500E+02   1.7747E+00
   4.8600E+02   1.6939E+00
   4.8700E+02   1.6695E+00
   4.8800E+02   1.7049E+00
   4.8900E+02   1.7584E+00
   4.9000E+02   1.7994E+00
   4.9100E+02   1.7950E+00
   4.9200E+02   1.7526E+00
   4.9300E+02   1.6945E+00
   4.9400E+02   1.6465E+00
   4.9500E+02   1.6273E+00
   4.9600E+02   1.6363E+00
   4.9700E+02   1.6695E+00
   4.9800E+02   1.7155E+00
   4.9900E+02   1.7542E+00
   5.0000E+02   1.8153E+00
   5.0100E+02   1.8494E+00
   5.0200E+02   1.8611E+00
   5.0300E+02   1.8433E+00
   5.0400E+02   1.7847E+00
   5.0500E+02   1.7181E+00
   5.0600E+02   1.6781E+00
   5.0700E+02   1.6744E+00
   5.0800E+02   1.7022E+00
   5.0900E+02   1.7379E+00
   5.1000E+02   1.7791E+00
   5.1100E+02   1.8161E+00
   5.1200E+02   1.8597E+00
   5.1300E+02   1.8732E+00
   5.1400E+02   1.8564E+00
   5.1500E+02   1.8134E+00
   5.1600E+02   1.7416E+00
   5.1700E+02   1.6756E+00
   5.1800E+02   1.6734E+00
   5.1900E+02   1.7238E+00
   5.2000E+02   1.8223E+00
   5.2100E+02   1.9143E+00
   5.2200E+02   1.9486E+00
   5.2300E+02   1.9295E+00
   5.2400E+02   1.8538E+00
   5.2500E+02   1.8126E+00
   5.2600E+02   1.7979E+00
   5.2700E+02   1.8288E+00
   5.2800E+02   1.8655E+00
   5.2900E+02   1.8696E+00
   5.3000E+02   1.8101E+00
   5.3100E+02   1.6927E+00
   5.3200E+02   1.4817E+00
   5.3300E+02   1.3459E+00
   5.3400E+02   1.2093E+00
   5.3500E+02   1.1157E+00
   5.3600E+02   1.0536E+00
   5.3700E+02   1.0872E+00
   5.3800E+02   1.1728E+00
   5.3900E+02   1.3368E+00
   5.4000E+02   1.5663E+00
   5.4100E+02   1.7232E+00
   5.4200E+02   1.7775E+00
   5.4300E+02   1.7459E+00
   5.4400E+02   1.6745E+00
   5.4500E+02   1.6058E+00
   5.4600E+02   1.5357E+00
   5.4700E+02   1.4970E+00
   5.4800E+02   1.4578E+00
   5.4900E+02   1.4289E+00
   5.5000E+02   1.3956E+00
   5.5100E+02   1.3766E+00
   5.5200E+02   1.3599E+00
   5.5300E+02   1.3535E+00
   5.5400E+02   1.3582E+00
   5.5500E+02   1.3808E+00
   5.5600E+02   1.4139E+00
   5.5700E+02   1.4916E+00
   5.5800E+02   1.5758E+00
   5.5900E+02   1.6795E+00
   5.6000E+02   1.7631E+00
   5.6100E+02   1.7866E+00
   5.6200E+02   1.7454E+00
   5.6300E+02   1.6361E+00
   5.6400E+02   1.5330E+00
   5.6500E+02   1.4911E+00
   5.6600E+02   1.4986E+00
   5.6700E+02   1.5618E+00
   5.6800E+02   1.6001E+00
   5.6900E+02   1.6156E+00
   5.7000E+02   1.6001E+00
   5.7100E+02   1.5612E+00
   5.7200E+02   1.5474E+00
   5.7300E+02   1.5698E+00
   5.7400E+02   1.6478E+00
   5.7500E+02   1.7288E+00
   5.7600E+02   1.7828E+00
   5.7700E+02   1.7966E+00
   5.7800E+02   1.7709E+00
   5.7900E+02   1.7244E+00
   5.8000E+02   1.7199E+00
   5.8100E+02   1.7556E+00
   5.8200E+02   1.8500E+00
   5.8300E+02   1.9720E+00
   5.8400E+02   2.0575E+00
   5.8500E+02   2.0964E+00
   5.8600E+02   2.0866E+00
   5.8700E+02   2.0625E+00
   5.8800E+02   2.0301E+00
   5.8900E+02   2.0119E+00
   5.9000E+02   2.0028E+00
   5.9100E+02   1.9750E+00
   5.9200E+02   1.8556E+00
   5.9300E+02   1.7534E+00
   5.9400E+02   1.5502E+00
   5.9500E+02   1.3687E+00
   5.9600E+02   1.2783E+00
   5.9700E+02   1.2839E+00
   5.9800E+02   1.3820E+00
   5.9900E+02   1.4862E+00
   6.0000E+02   1.5132E+00
   6.0100E+02   1.4636E+00
   6.0200E+02   1.3436E+00
   6.0300E+02   1.2166E+00
   6.0400E+02   1.1732E+00
   6.0500E+02   1.2054E+00
   6.0600E+02   1.2709E+00
   6.0700E+02   1.3263E+00
   6.0800E+02   1.3316E+00
   6.0900E+02   1.2768E+00
   6.1000E+02   1.2004E+00
   6.1100E+02   1.1724E+00
   6.1200E+02   1.2470E+00
   6.1300E+02   1.4006E+00
   6.1400E+02   1.6526E+00
   6.1500E+02   1.8268E+00
   6.1600E+02   1.8887E+00
   6.1700E+02   1.8284E+00
   6.1800E+02   1.7235E+00
   6.1900E+02   1.5998E+00
   6.2000E+02   1.4946E+00
   6.2100E+02   1.4406E+00
   6.2200E+02   1.3939E+00
   6.2300E+02   1.3460E+00
   6.2400E+02   1.2920E+00
   6.2500E+02   1.2299E+00
   6.2600E+02   1.1683E+00
   6.2700E+02   1.1307E+00
   6.2800E+02   1.1383E+00
   6.2900E+02   1.1580E+00
   6.3000E+02   1.2007E+00
   6.3100E+02   1.2473E+00
   6.3200E+02   1.2762E+00
   6.3300E+02   1.2852E+00
   6.3400E+02   1.3244E+00
   6.3400E+02   1.3424E+00
   6.3400E+02   1.3150E+00
   6.3500E+02   1.3895E+00
   6.3600E+02   1.4835E+00
   6.3700E+02   1.6415E+00
   6.3800E+02   1.7517E+00
   6.3900E+02   1.8496E+00
   6.4000E+02   1.8906E+00
   6.4100E+02   1.8885E+00
   6.4200E+02   1.8617E+00
   6.4300E+02   1.8176E+00
   6.4400E+02   1.7772E+00
   6.4500E+02   1.7407E+00
   6.4600E+02   1.6935E+00
   6.4700E+02   1.6577E+00
   6.4800E+02   1.6430E+00
   6.4900E+02   1.6417E+00
   6.5000E+02   1.6650E+00
   6.5100E+02   1.6970E+00
   6.5200E+02   1.7424E+00
   6.5200E+02   1.3424E+00
   6.5200E+02   1.7209E+00
   6.5300E+02   1.7819E+00
   6.5400E+02   1.7989E+00
   6.5500E+02   1.7746E+00
   6.5600E+02   1.7027E+00
   6.5700E+02   1.5773E+00
   6.5800E+02   1.4500E+00
   6.5900E+02   1.3429E+00
   6.6000E+02   1.2054E+00
   6.6100E+02   1.0798E+00
   6.6200E+02   9.8901E-01
   6.6300E+02   9.4795E-01
   6.6300E+02   1.3424E+00
   6.6300E+02   9.4859E-01
   6.6400E+02   9.3640E-01
   6.6500E+02   9.5733E-01
   6.6600E+02   9.8316E-01
   6.6700E+02   1.0052E+00
   6.6800E+02   1.0199E+00
   6.6900E+02   1.0381E+00
   6.7000E+02   1.0597E+00
   6.7100E+02   1.0763E+00
   6.7200E+02   1.1152E+00
   6.7300E+02   1.1430E+00
   6.7400E+02   1.2172E+00
   6.7500E+02   1.3186E+00
   6.7600E+02   1.4578E+00
   6.7700E+02   1.5925E+00
   6.7800E+02   1.6256E+00
   6.7900E+02   1.5905E+00
   6.8000E+02   1.4528E+00
   6.8100E+02   1.3583E+00
   6.8200E+02   1.3252E+00
   6.8300E+02   1.3657E+00
   6.8400E+02   1.4843E+00
   6.8500E+02   1.6261E+00
   6.8600E+02   1.6948E+00
   6.8700E+02   1.7156E+00
   6.8800E+02   1.6990E+00
   6.8900E+02   1.6965E+00
   6.9000E+02   1.7358E+00
   6.9100E+02   1.8087E+00
   6.9200E+02   1.9021E+00
   6.9300E+02   1.9746E+00
   6.9400E+02   1.9852E+00
   6.9500E+02   1.9492E+00
   6.9600E+02   1.8476E+00
   6.9700E+02   1.7649E+00
   6.9700E+02   1.3424E+00
   6.9700E+02   1.7738E+00
   6.9800E+02   1.6707E+00
   6.9900E+02   1.5468E+00
   7.0000E+02   1.4450E+00
   7.0100E+02   1.3435E+00
   7.0200E+02   1.2344E+00
   7.0300E+02   1.1368E+00
   7.0400E+02   1.0525E+00
   7.0500E+02   1.0378E+00
   7.0600E+02   1.1049E+00
   7.0700E+02   1.2465E+00
   7.0800E+02   1.4175E+00
   7.0900E+02   1.5525E+00
   7.1000E+02   1.6238E+00
   7.1100E+02   1.6302E+00
   7.1200E+02   1.6065E+00
   7.1300E+02   1.5421E+00
   7.1400E+02   1.4702E+00
   7.1400E+02   1.3424E+00
   7.1400E+02   1.4708E+00
   7.1500E+02   1.3453E+00
   7.1600E+02   1.2531E+00
   7.1700E+02   1.1956E+00
   7.1800E+02   1.2067E+00
   7.1900E+02   1.2739E+00
   7.2000E+02   1.3141E+00
   7.2100E+02   1.3645E+00
   7.2200E+02   1.3969E+00
   7.2300E+02   1.4087E+00
   7.2400E+02   1.3814E+00
   7.2500E+02   1.3516E+00
   7.2500E+02   1.3424E+00
   7.2500E+02   1.3628E+00
   7.2600E+02   1.2965E+00
   7.2700E+02   1.1864E+00
   7.2800E+02   1.1337E+00
   7.2900E+02   1.1257E+00
   7.3000E+02   1.1574E+00
   7.3100E+02   1.2426E+00
   7.3200E+02   1.3256E+00
   7.3300E+02   1.3960E+00
   7.3400E+02   1.4347E+00
   7.3500E+02   1.4599E+00
   7.3600E+02   1.4377E+00
   7.3700E+02   1.3630E+00
   7.3800E+02   1.2265E+00
   7.3900E+02   1.0706E+00
   7.4000E+02   9.4747E-01
   7.4000E+02   1.3424E+00
   7.4000E+02   9.5683E-01
   7.4100E+02   8.9834E-01
   7.4200E+02   9.1901E-01
   7.4200E+02   1.3424E+00
   7.4200E+02   9.1206E-01
   7.4300E+02   9.7759E-01
   7.4400E+02   1.0436E+00
   7.4500E+02   1.0676E+00
   7.4600E+02   1.0737E+00
   7.4700E+02   1.0704E+00
   7.4800E+02   1.0756E+00
   7.4900E+02   1.0977E+00
   7.5000E+02   1.1194E+00
   7.5100E+02   1.1640E+00
   7.5200E+02   1.2036E+00
   7.5300E+02   1.2342E+00
   7.5400E+02   1.2629E+00
   7.5500E+02   1.2929E+00
   7.5600E+02   1.3447E+00
   7.5700E+02   1.4237E+00
   7.5800E+02   1.5465E+00
   7.5900E+02   1.6161E+00
   7.6000E+02   1.6924E+00
   7.6100E+02   1.7478E+00
   7.6200E+02   1.7831E+00
   7.6300E+02   1.8065E+00
   7.6400E+02   1.8217E+00
   7.6500E+02   1.8344E+00
   7.6600E+02   1.8374E+00
   7.6700E+02   1.8281E+00
   7.6800E+02   1.7980E+00
   7.6900E+02   1.7537E+00
   7.7000E+02   1.7062E+00
   7.7100E+02   1.6481E+00
   7.7200E+02   1.5778E+00
   7.7300E+02   1.5015E+00
   7.7400E+02   1.4560E+00
   7.7500E+02   1.4507E+00
   7.7600E+02   1.5345E+00
   7.7700E+02   1.6506E+00
   7.7800E+02   1.8076E+00
   7.7900E+02   1.9426E+00
   7.8000E+02   2.0137E+00
   7.8100E+02   2.0217E+00
   7.8200E+02   1.9597E+00
   7.8300E+02   1.9026E+00
   7.8400E+02   1.7693E+00
   7.8500E+02   1.6992E+00
   7.8600E+02   1.5823E+00
   7.8700E+02   1.5368E+00
   7.8800E+02   1.5747E+00
   7.8900E+02   1.7057E+00
   7.9000E+02   1.7970E+00
   7.9100E+02   1.8921E+00
   7.9200E+02   1.9275E+00
   7.9300E+02   1.8934E+00
   7.9400E+02   1.8558E+00
   7.9500E+02   1.8251E+00
   7.9600E+02   1.8310E+00
   7.9700E+02   1.8657E+00
   7.9800E+02   1.8800E+00
   7.9900E+02   1.8920E+00
   8.0000E+02   1.8818E+00
   8.0100E+02   1.8595E+00
   8.0200E+02   1.8310E+00
   8.0300E+02   1.8383E+00
   8.0400E+02   1.8526E+00
   8.0500E+02   1.9010E+00
   8.0600E+02   1.9395E+00
   8.0700E+02   1.9547E+00
   8.0800E+02   1.9468E+00
   8.0900E+02   1.9219E+00
   8.1000E+02   1.8623E+00
   8.1100E+02   1.7733E+00
   8.1200E+02   1.7165E+00
   8.1300E+02   1.6101E+00
   8.1400E+02   1.5386E+00
   8.1500E+02   1.5423E+00
   8.1600E+02   1.6225E+00
   8.1700E+02   1.7298E+00
   8.1800E+02   1.8211E+00
   8.1900E+02   1.8334E+00
   8.2000E+02   1.7800E+00
   8.2100E+02   1.6782E+00
   8.2200E+02   1.6262E+00
   8.2300E+02   1.6659E+00
   8.2400E+02   1.7761E+00
   8.2500E+02   1.9451E+00
   8.2600E+02   2.0188E+00
   8.2700E+02   1.9630E+00
   8.2800E+02   1.7836E+00
   8.2900E+02   1.5390E+00
   8.3000E+02   1.3179E+00
   8.3100E+02   1.1449E+00
   8.3200E+02   1.0334E+00
   8.3300E+02   9.8130E-01
   8.3400E+02   9.6935E-01
   8.3500E+02   1.0227E+00
   8.3600E+02   1.0726E+00
   8.3700E+02   1.1230E+00
   8.3800E+02   1.1782E+00
   8.3900E+02   1.2047E+00
   8.4000E+02   1.2345E+00
   8.4100E+02   1.2506E+00
   8.4200E+02   1.2834E+00
   8.4200E+02   1.3424E+00
   8.4200E+02   1.2808E+00
   8.4300E+02   1.3343E+00
   8.4400E+02   1.4013E+00
   8.4500E+02   1.4713E+00
   8.4600E+02   1.4956E+00
   8.4700E+02   1.4875E+00
   8.4800E+02   1.4492E+00
   8.4900E+02   1.4175E+00
   8.5000E+02   1.4054E+00
   8.5100E+02   1.4148E+00
   8.5200E+02   1.4331E+00
   8.5300E+02   1.4575E+00
   8.5400E+02   1.5241E+00
   8.5500E+02   1.5664E+00
   8.5600E+02   1.6216E+00
   8.5700E+02   1.6493E+00
   8.5800E+02   1.6235E+00
   8.5900E+02   1.4848E+00
   8.6000E+02   1.4058E+00
   8.6100E+02   1.3441E+00
   8.6200E+02   1.3540E+00
   8.6300E+02   1.4518E+00
   8.6400E+02   1.6136E+00
   8.6500E+02   1.7059E+00
   8.6600E+02   1.7071E+00
   8.6700E+02   1.6230E+00
   8.6800E+02   1.5053E+00
   8.6900E+02   1.4485E+00
   8.7000E+02   1.4795E+00
   8.7100E+02   1.6286E+00
   8.7200E+02   1.7409E+00
   8.7300E+02   1.7843E+00
   8.7400E+02   1.7077E+00
   8.7500E+02   1.4766E+00
   8.7600E+02   1.2327E+00
   8.7700E+02   1.0443E+00
   8.7800E+02   9.6013E-01
   8.7900E+02   9.8245E-01
   8.8000E+02   1.0472E+00
   8.8100E+02   1.1348E+00
   8.8200E+02   1.1948E+00
   8.8300E+02   1.3036E+00
   8.8300E+02   1.3424E+00
   8.8300E+02   1.2665E+00
   8.8300E+02   1.3424E+00
   8.8300E+02   1.3424E+00
   8.8300E+02   1.3424E+00
   8.8300E+02   1.2665E+00
   8.8300E+02   1.3424E+00
   8.8300E+02   1.2665E+00
   8.8300E+02   1.3424E+00
   8.8300E+02   1.2665E+00
   8.8400E+02   1.3431E+00
   8.8400E+02   1.3424E+00
   8.8400E+02   1.3431E+00
   8.8500E+02   1.3995E+00
   8.8500E+02   1.3424E+00
   8.8500E+02   1.3995E+00
   8.8600E+02   1.4365E+00
   8.8700E+02   1.4538E+00
   8.8800E+02   1.4622E+00
   8.8900E+02   1.4795E+00
   8.9000E+02   1.4909E+00
   8.9100E+02   1.5123E+00
   8.9200E+02   1.5106E+00
   8.9300E+02   1.4858E+00
   8.9400E+02   1.4378E+00
   8.9500E+02   1.3659E+00
   8.9600E+02   1.3387E+00
   8.9700E+02   1.3694E+00
   8.9800E+02   1.4822E+00
   8.9900E+02   1.6307E+00
   9.0000E+02   1.7237E+00
   9.0100E+02   1.7023E+00
   9.0200E+02   1.5834E+00
   9.0300E+02   1.4111E+00
   9.0400E+02   1.2711E+00
   9.0500E+02   1.1869E+00
   9.0600E+02   1.1844E+00
   9.0700E+02   1.2327E+00
   9.0800E+02   1.3072E+00
   9.0800E+02   1.3424E+00
   9.0800E+02   1.2963E+00
   9.0900E+02   1.3791E+00
   9.1000E+02   1.4689E+00
   9.1100E+02   1.5844E+00
   9.1200E+02   1.6629E+00
   9.1300E+02   1.7294E+00
   9.1400E+02   1.7749E+00
   9.1500E+02   1.8095E+00
   9.1600E+02   1.7918E+00
   9.1700E+02   1.7223E+00
   9.1800E+02   1.5902E+00
   9.1900E+02   1.4406E+00
   9.2000E+02   1.3226E+00
   9.2100E+02   1.2318E+00
   9.2200E+02   1.1873E+00
   9.2300E+02   1.1659E+00
   9.2400E+02   1.1561E+00
   9.2500E+02   1.1558E+00
   9.2600E+02   1.1638E+00
   9.2700E+02   1.1868E+00
   9.2800E+02   1.2215E+00
   9.2900E+02   1.2215E+00
   9.3000E+02   1.2663E+00
   9.3100E+02   1.2858E+00
   9.3200E+02   1.3025E+00
   9.3300E+02   1.3055E+00
   9.3400E+02   1.2818E+00
   9.3500E+02   1.2667E+00
   9.3600E+02   1.2122E+00
   9.3700E+02   1.1113E+00
   9.3800E+02   1.0267E+00
   9.3900E+02   9.7372E-01
   9.4000E+02   9.8559E-01
   9.4100E+02   1.0526E+00
   9.4200E+02   1.1638E+00
   9.4300E+02   1.2389E+00
   9.4400E+02   1.2508E+00
   9.4500E+02   1.1808E+00
   9.4600E+02   1.1045E+00
   9.4700E+02   1.0366E+00
   9.4800E+02   1.0286E+00
   9.4900E+02   1.0602E+00
   9.5000E+02   1.1439E+00
   9.5100E+02   1.1824E+00
   9.5200E+02   1.2089E+00
   9.5300E+02   1.2022E+00
   9.5400E+02   1.1685E+00
   9.5500E+02   1.1429E+00
   9.5600E+02   1.1076E+00
   9.5700E+02   1.0770E+00
   9.5800E+02   1.0476E+00
   9.5900E+02   1.0198E+00
   9.6000E+02   9.9892E-01
   9.6100E+02   9.9516E-01
   9.6200E+02   9.8800E-01
   9.6300E+02   9.7140E-01
   9.6300E+02   1.3424E+00
   9.6300E+02   9.7773E-01
   9.6400E+02   9.5223E-01
   9.6400E+02   1.3424E+00
   9.6400E+02   9.5670E-01
   9.6400E+02   1.3424E+00
   9.6400E+02   1.3424E+00
   9.6400E+02   1.3424E+00
   9.6400E+02   9.5670E-01
   9.6400E+02   1.3424E+00
   9.6400E+02   9.5670E-01
   9.6400E+02   1.3424E+00
   9.6400E+02   9.5670E-01
   9.6400E+02   1.3424E+00
   9.6400E+02   9.5670E-01
   9.6400E+02   1.3424E+00
   9.6400E+02   9.5670E-01
