   0.0000E+00   1.3424E+00
   0.0000E+00   1.3424E+00
   1.0000E+00   1.2006E+00
   2.0000E+00   1.0980E+00
   3.0000E+00   1.0347E+00
   4.0000E+00   1.0078E+00
   5.0000E+00   1.0219E+00
   6.0000E+00   1.0681E+00
   7.0000E+00   1.1296E+00
   8.0000E+00   1.1915E+00
   9.0000E+00   1.2565E+00
   1.0000E+01   1.3206E+00
   1.1000E+01   1.3653E+00
   1.2000E+01   1.3816E+00
   1.3000E+01   1.3685E+00
   1.4000E+01   1.3312E+00
   1.5000E+01   1.3082E+00
   1.6000E+01   1.3131E+00
   1.7000E+01   1.3439E+00
   1.8000E+01   1.3998E+00
   1.9000E+01   1.4280E+00
   2.0000E+01   1.4249E+00
   2.1000E+01   1.3852E+00
   2.2000E+01   1.3327E+00
   2.3000E+01   1.2730E+00
   2.4000E+01   1.2183E+00
   2.5000E+01   1.1647E+00
   2.6000E+01   1.1186E+00
   2.7000E+01   1.0710E+00
   2.8000E+01   1.0208E+00
   2.9000E+01   9.6461E-01
   3.0000E+01   9.1541E-01
   3.1000E+01   8.9429E-01
   3.2000E+01   9.0519E-01
   3.3000E+01   9.4515E-01
   3.4000E+01   1.0012E+00
   3.5000E+01   1.0299E+00
   3.6000E+01   1.0365E+00
   3.7000E+01   1.0169E+00
   3.8000E+01   9.9777E-01
   3.9000E+01   1.0020E+00
   4.0000E+01   1.0316E+00
   4.1000E+01   1.0850E+00
   4.2000E+01   1.1489E+00
   4.3000E+01   1.2001E+00
   4.4000E+01   1.2448E+00
   4.5000E+01   1.2832E+00
   4.6000E+01   1.3233E+00
   4.7000E+01   1.3792E+00
   4.8000E+01   1.4520E+00
   4.9000E+01   1.5328E+00
   5.0000E+01   1.5779E+00
   5.1000E+01   1.5612E+00
   5.2000E+01   1.4823E+00
   5.3000E+01   1.3458E+00
   5.4000E+01   1.2199E+00
   5.5000E+01   1.1313E+00
   5.6000E+01   1.0795E+00
   5.7000E+01   1.0678E+00
   5.8000E+01   1.1072E+00
   5.9000E+01   1.1934E+00
   6.0000E+01   1.3391E+00
   6.1000E+01   1.5170E+00
   6.2000E+01   1.6440E+00
   6.3000E+01   1.7000E+00
   6.4000E+01   1.6833E+00
   6.5000E+01   1.6133E+00
   6.6000E+01   1.5627E+00
   6.7000E+01   1.5417E+00
   6.8000E+01   1.5518E+00
   6.9000E+01   1.5819E+00
   7.0000E+01   1.6108E+00
   7.1000E+01   1.6359E+00
   7.2000E+01   1.6555E+00
   7.3000E+01   1.6551E+00
   7.4000E+01   1.6149E+00
   7.5000E+01   1.5244E+00
   7.6000E+01   1.3877E+00
   7.7000E+01   1.2439E+00
   7.8000E+01   1.1310E+00
   7.9000E+01   1.0617E+00
   8.0000E+01   1.0335E+00
   8.1000E+01   1.0295E+00
   8.2000E+01   1.0343E+00
   8.3000E+01   1.0435E+00
   8.4000E+01   1.0602E+00
   8.5000E+01   1.1012E+00
   8.6000E+01   1.1828E+00
   8.7000E+01   1.2952E+00
   8.8000E+01   1.4471E+00
   8.9000E+01   1.5794E+00
   9.0000E+01   1.6480E+00
   9.1000E+01   1.6592E+00
   9.2000E+01   1.6106E+00
   9.3000E+01   1.5441E+00
   9.4000E+01   1.4764E+00
   9.5000E+01   1.4031E+00
   9.6000E+01   1.3404E+00
   9.7000E+01   1.3142E+00
   9.8000E+01   1.3461E+00
   9.9000E+01   1.4355E+00
   1.0000E+02   1.5780E+00
   1.0100E+02   1.7004E+00
   1.0200E+02   1.7929E+00
   1.0300E+02   1.8584E+00
   1.0400E+02   1.8913E+00
   1.0500E+02   1.8986E+00
   1.0600E+02   1.8822E+00
   1.0700E+02   1.8361E+00
   1.0800E+02   1.7814E+00
   1.0900E+02   1.7586E+00
   1.1000E+02   1.7687E+00
   1.1100E+02   1.8155E+00
   1.1200E+02   1.8754E+00
   1.1300E+02   1.8914E+00
   1.1400E+02   1.8577E+00
   1.1500E+02   1.7756E+00
   1.1600E+02   1.6797E+00
   1.1700E+02   1.6339E+00
   1.1800E+02   1.6422E+00
   1.1900E+02   1.7044E+00
   1.2000E+02   1.7879E+00
   1.2100E+02   1.8498E+00
   1.2200E+02   1.8838E+00
   1.2300E+02   1.8946E+00
   1.2400E+02   1.8953E+00
   1.2500E+02   1.9012E+00
   1.2600E+02   1.9140E+00
   1.2700E+02   1.9282E+00
   1.2800E+02   1.9323E+00
   1.2900E+02   1.9168E+00
   1.3000E+02   1.8781E+00
   1.3100E+02   1.8182E+00
   1.3100E+02   1.3424E+00
   1.3100E+02   1.8238E+00
   1.3200E+02   1.7450E+00
   1.3300E+02   1.6845E+00
   1.3400E+02   1.6093E+00
   1.3500E+02   1.5425E+00
   1.3600E+02   1.4757E+00
   1.3700E+02   1.4244E+00
   1.3800E+02   1.3585E+00
   1.3900E+02   1.3158E+00
   1.4000E+02   1.3302E+00
   1.4100E+02   1.3965E+00
   1.4200E+02   1.5480E+00
   1.4300E+02   1.7385E+00
   1.4400E+02   1.8601E+00
   1.4500E+02   1.9033E+00
   1.4600E+02   1.8696E+00
   1.4700E+02   1.7558E+00
   1.4800E+02   1.6455E+00
   1.4900E+02   1.5061E+00
   1.5000E+02   1.3838E+00
   1.5100E+02   1.2790E+00
   1.5200E+02   1.2473E+00
   1.5300E+02   1.3084E+00
   1.5400E+02   1.4397E+00
   1.5500E+02   1.5853E+00
   1.5600E+02   1.6213E+00
   1.5700E+02   1.5424E+00
   1.5800E+02   1.3528E+00
   1.5900E+02   1.1477E+00
   1.6000E+02   1.0959E+00
   1.6100E+02   1.1967E+00
   1.6200E+02   1.4168E+00
   1.6300E+02   1.6996E+00
   1.6400E+02   1.8550E+00
   1.6500E+02   1.8869E+00
   1.6600E+02   1.8093E+00
   1.6700E+02   1.6854E+00
   1.6800E+02   1.5703E+00
   1.6900E+02   1.4582E+00
   1.7000E+02   1.3825E+00
   1.7100E+02   1.3653E+00
   1.7200E+02   1.3984E+00
   1.7300E+02   1.5437E+00
   1.7400E+02   1.6880E+00
   1.7500E+02   1.8049E+00
   1.7600E+02   1.8277E+00
   1.7700E+02   1.7563E+00
   1.7800E+02   1.6169E+00
   1.7900E+02   1.4954E+00
   1.8000E+02   1.4496E+00
   1.8100E+02   1.4828E+00
   1.8200E+02   1.5633E+00
   1.8300E+02   1.6096E+00
   1.8400E+02   1.6196E+00
   1.8500E+02   1.5858E+00
   1.8600E+02   1.5171E+00
   1.8700E+02   1.5103E+00
   1.8800E+02   1.5634E+00
   1.8900E+02   1.7155E+00
   1.9000E+02   1.8290E+00
   1.9100E+02   1.9044E+00
   1.9200E+02   1.8986E+00
   1.9300E+02   1.8054E+00
   1.9400E+02   1.6765E+00
   1.9500E+02   1.6000E+00
   1.9600E+02   1.5821E+00
   1.9700E+02   1.6486E+00
   1.9800E+02   1.7167E+00
   1.9900E+02   1.7717E+00
   2.0000E+02   1.8430E+00
   2.0100E+02   1.8915E+00
   2.0200E+02   1.8999E+00
   2.0300E+02   1.8391E+00
   2.0400E+02   1.6891E+00
   2.0500E+02   1.4668E+00
   2.0600E+02   1.2390E+00
   2.0700E+02   1.1063E+00
   2.0800E+02   1.0787E+00
   2.0900E+02   1.1308E+00
   2.1000E+02   1.2026E+00
   2.1100E+02   1.2345E+00
   2.1200E+02   1.2116E+00
   2.1300E+02   1.1739E+00
   2.1400E+02   1.1063E+00
   2.1500E+02   1.0724E+00
   2.1600E+02   1.0382E+00
   2.1700E+02   1.0185E+00
   2.1800E+02   1.0213E+00
   2.1900E+02   1.0521E+00
   2.2000E+02   1.1097E+00
   2.2100E+02   1.1742E+00
   2.2200E+02   1.2874E+00
   2.2300E+02   1.3599E+00
   2.2400E+02   1.4784E+00
   2.2500E+02   1.5797E+00
   2.2600E+02   1.6496E+00
   2.2700E+02   1.6545E+00
   2.2800E+02   1.6174E+00
   2.2900E+02   1.5362E+00
   2.3000E+02   1.5063E+00
   2.3100E+02   1.5377E+00
   2.3200E+02   1.6215E+00
   2.3300E+02   1.7274E+00
   2.3400E+02   1.8210E+00
   2.3500E+02   1.8825E+00
   2.3600E+02   1.9069E+00
   2.3700E+02   1.9075E+00
   2.3800E+02   1.8651E+00
   2.3900E+02   1.8108E+00
   2.4000E+02   1.7433E+00
   2.4100E+02   1.6420E+00
   2.4200E+02   1.5721E+00
   2.4300E+02   1.4959E+00
   2.4400E+02   1.4520E+00
   2.4500E+02   1.3874E+00
   2.4600E+02   1.3523E+00
   2.4700E+02   1.3009E+00
   2.4800E+02   1.2349E+00
   2.4900E+02   1.1787E+00
   2.5000E+02   1.1459E+00
   2.5100E+02   1.1312E+00
   2.5200E+02   1.1363E+00
   2.5300E+02   1.1769E+00
   2.5400E+02   1.2723E+00
   2.5500E+02   1.3279E+00
   2.5600E+02   1.4721E+00
   2.5700E+02   1.5800E+00
   2.5800E+02   1.6061E+00
   2.5900E+02   1.5585E+00
   2.6000E+02   1.4717E+00
   2.6100E+02   1.4201E+00
   2.6200E+02   1.4510E+00
   2.6300E+02   1.5568E+00
   2.6400E+02   1.6962E+00
   2.6500E+02   1.8132E+00
   2.6600E+02   1.8867E+00
   2.6700E+02   1.9041E+00
   2.6800E+02   1.8764E+00
   2.6900E+02   1.8220E+00
   2.7000E+02   1.7471E+00
   2.7100E+02   1.6705E+00
   2.7200E+02   1.5673E+00
   2.7300E+02   1.4944E+00
   2.7400E+02   1.4776E+00
   2.7500E+02   1.4939E+00
   2.7600E+02   1.5449E+00
   2.7700E+02   1.6229E+00
   2.7800E+02   1.6982E+00
   2.7900E+02   1.7403E+00
   2.8000E+02   1.8128E+00
   2.8100E+02   1.8369E+00
   2.8200E+02   1.8122E+00
   2.8300E+02   1.7671E+00
   2.8400E+02   1.6823E+00
   2.8500E+02   1.5982E+00
   2.8600E+02   1.5465E+00
   2.8700E+02   1.4671E+00
   2.8800E+02   1.4376E+00
   2.8900E+02   1.4358E+00
   2.9000E+02   1.4491E+00
   2.9100E+02   1.4936E+00
   2.9200E+02   1.5256E+00
   2.9300E+02   1.5002E+00
   2.9400E+02   1.4213E+00
   2.9500E+02   1.3741E+00
   2.9600E+02   1.2788E+00
   2.9700E+02   1.1576E+00
   2.9800E+02   1.0552E+00
   2.9900E+02   9.8159E-01
   3.0000E+02   9.2773E-01
   3.0100E+02   9.3621E-01
   3.0100E+02   1.3424E+00
   3.0100E+02   9.3286E-01
   3.0200E+02   1.0023E+00
   3.0300E+02   1.1238E+00
   3.0400E+02   1.2362E+00
   3.0500E+02   1.2991E+00
   3.0600E+02   1.3285E+00
   3.0700E+02   1.3287E+00
   3.0800E+02   1.3247E+00
   3.0900E+02   1.3241E+00
   3.1000E+02   1.3257E+00
   3.1100E+02   1.3288E+00
   3.1200E+02   1.3344E+00
   3.1200E+02   1.3424E+00
   3.1200E+02   1.3337E+00
   3.1200E+02   1.3424E+00
   3.1200E+02   1.3424E+00
   3.1200E+02   1.3424E+00
   3.1200E+02   1.3337E+00
   3.1300E+02   1.3442E+00
   3.1400E+02   1.3629E+00
   3.1500E+02   1.3729E+00
   3.1600E+02   1.3687E+00
   3.1600E+02   1.3424E+00
   3.1600E+02   1.3710E+00
   3.1700E+02   1.3550E+00
   3.1800E+02   1.3232E+00
   3.1900E+02   1.2896E+00
   3.2000E+02   1.3132E+00
   3.2100E+02   1.3424E+00
   3.2200E+02   1.4295E+00
   3.2300E+02   1.5668E+00
   3.2400E+02   1.6457E+00
   3.2500E+02   1.7323E+00
   3.2600E+02   1.8086E+00
   3.2600E+02   1.3424E+00
   3.2600E+02   1.8086E+00
   3.2700E+02   1.8729E+00
   3.2800E+02   1.8704E+00
   3.2900E+02   1.8275E+00
   3.3000E+02   1.7421E+00
   3.3100E+02   1.6259E+00
   3.3200E+02   1.5071E+00
   3.3300E+02   1.4242E+00
   3.3400E+02   1.3459E+00
   3.3500E+02   1.2977E+00
   3.3600E+02   1.3009E+00
   3.3700E+02   1.3421E+00
   3.3800E+02   1.4371E+00
   3.3900E+02   1.5230E+00
   3.4000E+02   1.5536E+00
   3.4100E+02   1.5379E+00
   3.4200E+02   1.4914E+00
   3.4300E+02   1.4657E+00
   3.4400E+02   1.4883E+00
   3.4500E+02   1.5868E+00
   3.4600E+02   1.6563E+00
   3.4700E+02   1.6897E+00
   3.4800E+02   1.6283E+00
   3.4900E+02   1.4952E+00
   3.5000E+02   1.2974E+00
   3.5100E+02   1.1581E+00
   3.5200E+02   1.1322E+00
   3.5300E+02   1.2254E+00
   3.5400E+02   1.3392E+00
   3.5500E+02   1.4169E+00
   3.5600E+02   1.4179E+00
   3.5700E+02   1.3424E+00
   3.5700E+02   1.3424E+00
   3.5700E+02   1.3551E+00
   3.5800E+02   1.2464E+00
   3.5900E+02   1.2280E+00
   3.6000E+02   1.2900E+00
   3.6100E+02   1.4659E+00
   3.6200E+02   1.6444E+00
   3.6300E+02   1.7326E+00
   3.6400E+02   1.7313E+00
   3.6500E+02   1.6292E+00
   3.6600E+02   1.4957E+00
   3.6700E+02   1.4192E+00
   3.6800E+02   1.4076E+00
   3.6900E+02   1.4730E+00
   3.7000E+02   1.5101E+00
   3.7100E+02   1.5098E+00
   3.7200E+02   1.4678E+00
   3.7300E+02   1.3829E+00
   3.7400E+02   1.2763E+00
   3.7500E+02   1.1808E+00
   3.7600E+02   1.0879E+00
   3.7700E+02   1.0215E+00
   3.7800E+02   9.6923E-01
   3.7800E+02   1.3424E+00
   3.7800E+02   9.8620E-01
   3.7800E+02   1.3424E+00
   3.7800E+02   9.8620E-01
   3.7800E+02   1.3424E+00
   3.7800E+02   9.8620E-01
   3.7800E+02   1.3424E+00
   3.7800E+02   9.8620E-01
   3.7800E+02   1.3424E+00
   3.7800E+02   9.8620E-01
   3.7800E+02   1.3424E+00
   3.7800E+02   9.8620E-01
   3.7900E+02   9.4321E-01
   3.7900E+02   1.3424E+00
   3.7900E+02   9.4321E-01
   3.7900E+02   1.3424E+00
   3.7900E+02   9.4321E-01
