   0.0000E+00   1.3424E+00
   0.0000E+00   1.3835E+00
   1.0000E+00   1.3844E+00
   2.0000E+00   1.4142E+00
   3.0000E+00   1.4218E+00
   4.0000E+00   1.3944E+00
   5.0000E+00   1.3363E+00
   6.0000E+00   1.2422E+00
   7.0000E+00   1.1411E+00
   8.0000E+00   1.0842E+00
   9.0000E+00   1.0778E+00
   1.0000E+01   1.1162E+00
   1.1000E+01   1.1723E+00
   1.2000E+01   1.2014E+00
   1.3000E+01   1.2022E+00
   1.4000E+01   1.1742E+00
   1.5000E+01   1.1340E+00
   1.6000E+01   1.0948E+00
   1.7000E+01   1.0471E+00
   1.8000E+01   9.9593E-01
   1.9000E+01   9.6028E-01
   2.0000E+01   9.4402E-01
   2.1000E+01   9.4670E-01
   2.2000E+01   9.6711E-01
   2.3000E+01   1.0071E+00
   2.4000E+01   1.0587E+00
   2.5000E+01   1.1257E+00
   2.6000E+01   1.2079E+00
   2.7000E+01   1.2653E+00
   2.8000E+01   1.2915E+00
   2.9000E+01   1.2862E+00
   3.0000E+01   1.2593E+00
   3.1000E+01   1.2572E+00
   3.2000E+01   1.2967E+00
   3.3000E+01   1.3727E+00
   3.4000E+01   1.4794E+00
   3.5000E+01   1.5396E+00
   3.6000E+01   1.5420E+00
   3.7000E+01   1.4846E+00
   3.8000E+01   1.3862E+00
   3.9000E+01   1.3310E+00
   4.0000E+01   1.3170E+00
   4.1000E+01   1.3488E+00
   4.2000E+01   1.4086E+00
   4.3000E+01   1.4416E+00
   4.4000E+01   1.4413E+00
   4.5000E+01   1.4104E+00
   4.6000E+01   1.3705E+00
   4.7000E+01   1.3722E+00
   4.8000E+01   1.4183E+00
   4.9000E+01   1.5022E+00
   5.0000E+01   1.6027E+00
   5.1000E+01   1.6609E+00
   5.2000E+01   1.6832E+00
   5.3000E+01   1.6673E+00
   5.4000E+01   1.6374E+00
   5.5000E+01   1.6259E+00
   5.6000E+01   1.6327E+00
   5.7000E+01   1.6546E+00
   5.8000E+01   1.6694E+00
   5.9000E+01   1.6590E+00
   6.0000E+01   1.6234E+00
   6.1000E+01   1.5615E+00
   6.2000E+01   1.4948E+00
   6.3000E+01   1.4509E+00
   6.4000E+01   1.4152E+00
   6.5000E+01   1.3933E+00
   6.6000E+01   1.3798E+00
   6.7000E+01   1.3705E+00
   6.8000E+01   1.3666E+00
   6.9000E+01   1.3687E+00
   7.0000E+01   1.3843E+00
   7.1000E+01   1.4231E+00
   7.2000E+01   1.4676E+00
   7.3000E+01   1.5307E+00
   7.4000E+01   1.5654E+00
   7.5000E+01   1.5633E+00
   7.6000E+01   1.5211E+00
   7.7000E+01   1.4550E+00
   7.8000E+01   1.3921E+00
   7.9000E+01   1.3428E+00
   8.0000E+01   1.3038E+00
   8.1000E+01   1.2793E+00
   8.2000E+01   1.2753E+00
   8.3000E+01   1.2925E+00
   8.4000E+01   1.3306E+00
   8.5000E+01   1.3738E+00
   8.6000E+01   1.3852E+00
   8.7000E+01   1.3597E+00
   8.8000E+01   1.3006E+00
   8.9000E+01   1.2313E+00
   9.0000E+01   1.2055E+00
   9.1000E+01   1.2221E+00
   9.2000E+01   1.2829E+00
   9.3000E+01   1.3607E+00
   9.4000E+01   1.4186E+00
   9.5000E+01   1.4535E+00
   9.6000E+01   1.4660E+00
   9.7000E+01   1.4857E+00
   9.8000E+01   1.5403E+00
   9.9000E+01   1.6278E+00
   1.0000E+02   1.7480E+00
   1.0100E+02   1.8466E+00
   1.0200E+02   1.8811E+00
   1.0300E+02   1.8502E+00
   1.0400E+02   1.7597E+00
   1.0500E+02   1.6403E+00
   1.0600E+02   1.5103E+00
   1.0700E+02   1.3692E+00
   1.0800E+02   1.2244E+00
   1.0900E+02   1.1529E+00
   1.1000E+02   1.1848E+00
   1.1100E+02   1.3173E+00
   1.1200E+02   1.5394E+00
   1.1300E+02   1.7287E+00
   1.1400E+02   1.8508E+00
   1.1500E+02   1.9061E+00
   1.1600E+02   1.8996E+00
   1.1700E+02   1.8652E+00
   1.1800E+02   1.8153E+00
   1.1900E+02   1.7426E+00
   1.2000E+02   1.6587E+00
   1.2100E+02   1.6093E+00
   1.2200E+02   1.5960E+00
   1.2300E+02   1.6207E+00
   1.2400E+02   1.6665E+00
   1.2500E+02   1.6833E+00
   1.2600E+02   1.6659E+00
   1.2700E+02   1.6126E+00
   1.2800E+02   1.5383E+00
   1.2900E+02   1.4645E+00
   1.3000E+02   1.3846E+00
   1.3100E+02   1.3041E+00
   1.3200E+02   1.2428E+00
   1.3300E+02   1.2338E+00
   1.3400E+02   1.2769E+00
   1.3400E+02   1.3424E+00
   1.3400E+02   1.2766E+00
   1.3500E+02   1.3741E+00
   1.3600E+02   1.5140E+00
   1.3700E+02   1.6087E+00
   1.3800E+02   1.6876E+00
   1.3900E+02   1.7383E+00
   1.4000E+02   1.7685E+00
   1.4100E+02   1.7573E+00
   1.4200E+02   1.7201E+00
   1.4300E+02   1.6264E+00
   1.4400E+02   1.5593E+00
   1.4500E+02   1.5068E+00
   1.4600E+02   1.4901E+00
   1.4700E+02   1.4959E+00
   1.4800E+02   1.5055E+00
   1.4900E+02   1.5087E+00
   1.5000E+02   1.5071E+00
   1.5100E+02   1.5018E+00
   1.5200E+02   1.5123E+00
   1.5300E+02   1.5437E+00
   1.5400E+02   1.5977E+00
   1.5500E+02   1.6692E+00
   1.5600E+02   1.7398E+00
   1.5700E+02   1.7809E+00
   1.5800E+02   1.8146E+00
   1.5900E+02   1.8380E+00
   1.6000E+02   1.8433E+00
   1.6100E+02   1.8308E+00
   1.6200E+02   1.8018E+00
   1.6300E+02   1.7617E+00
   1.6400E+02   1.7461E+00
   1.6500E+02   1.7585E+00
   1.6600E+02   1.7961E+00
   1.6700E+02   1.8084E+00
   1.6800E+02   1.7924E+00
   1.6900E+02   1.7436E+00
   1.7000E+02   1.6431E+00
   1.7100E+02   1.5218E+00
   1.7200E+02   1.4212E+00
   1.7300E+02   1.3518E+00
   1.7400E+02   1.3083E+00
   1.7500E+02   1.2896E+00
   1.7600E+02   1.3274E+00
   1.7700E+02   1.4160E+00
   1.7800E+02   1.5701E+00
   1.7900E+02   1.7279E+00
   1.8000E+02   1.8372E+00
   1.8100E+02   1.8944E+00
   1.8200E+02   1.9066E+00
   1.8300E+02   1.8906E+00
   1.8400E+02   1.8462E+00
   1.8500E+02   1.8168E+00
   1.8600E+02   1.7520E+00
   1.8700E+02   1.6742E+00
   1.8800E+02   1.6014E+00
   1.8900E+02   1.5162E+00
   1.9000E+02   1.4450E+00
   1.9100E+02   1.3690E+00
   1.9200E+02   1.3218E+00
   1.9300E+02   1.2762E+00
   1.9400E+02   1.2446E+00
   1.9500E+02   1.2389E+00
   1.9600E+02   1.2569E+00
   1.9700E+02   1.2816E+00
   1.9800E+02   1.3361E+00
   1.9900E+02   1.3964E+00
   2.0000E+02   1.4720E+00
   2.0100E+02   1.5570E+00
   2.0200E+02   1.6345E+00
   2.0300E+02   1.6989E+00
   2.0400E+02   1.7549E+00
   2.0500E+02   1.7948E+00
   2.0600E+02   1.8191E+00
   2.0700E+02   1.8152E+00
   2.0800E+02   1.7700E+00
   2.0900E+02   1.7434E+00
   2.1000E+02   1.6819E+00
   2.1100E+02   1.6404E+00
   2.1200E+02   1.6256E+00
   2.1300E+02   1.6335E+00
   2.1400E+02   1.6410E+00
   2.1500E+02   1.6277E+00
   2.1600E+02   1.6115E+00
   2.1700E+02   1.5691E+00
   2.1800E+02   1.5559E+00
   2.1900E+02   1.5747E+00
   2.2000E+02   1.6383E+00
   2.2100E+02   1.6971E+00
   2.2200E+02   1.7554E+00
   2.2300E+02   1.7899E+00
   2.2400E+02   1.7865E+00
   2.2500E+02   1.7426E+00
   2.2600E+02   1.7093E+00
   2.2700E+02   1.6831E+00
   2.2800E+02   1.6718E+00
   2.2900E+02   1.6755E+00
   2.3000E+02   1.6768E+00
   2.3100E+02   1.6750E+00
   2.3200E+02   1.6640E+00
   2.3300E+02   1.6597E+00
   2.3400E+02   1.6560E+00
   2.3500E+02   1.6577E+00
   2.3600E+02   1.6736E+00
   2.3700E+02   1.6753E+00
   2.3800E+02   1.6764E+00
   2.3900E+02   1.6627E+00
   2.4000E+02   1.6309E+00
   2.4100E+02   1.6074E+00
   2.4200E+02   1.5811E+00
   2.4300E+02   1.5363E+00
   2.4400E+02   1.4852E+00
   2.4500E+02   1.4446E+00
   2.4600E+02   1.4138E+00
   2.4700E+02   1.4072E+00
   2.4800E+02   1.4294E+00
   2.4900E+02   1.4511E+00
   2.5000E+02   1.4670E+00
   2.5100E+02   1.4768E+00
   2.5200E+02   1.4724E+00
   2.5300E+02   1.4626E+00
   2.5400E+02   1.3898E+00
   2.5500E+02   1.3379E+00
   2.5600E+02   1.2107E+00
   2.5700E+02   1.1096E+00
   2.5800E+02   1.0184E+00
   2.5900E+02   9.8410E-01
   2.6000E+02   9.8680E-01
   2.6100E+02   1.0052E+00
   2.6200E+02   1.0503E+00
   2.6300E+02   1.1127E+00
   2.6400E+02   1.1504E+00
   2.6500E+02   1.2095E+00
   2.6600E+02   1.2490E+00
   2.6700E+02   1.2791E+00
   2.6800E+02   1.2935E+00
   2.6900E+02   1.3373E+00
   2.7000E+02   1.4083E+00
   2.7100E+02   1.5452E+00
   2.7200E+02   1.6667E+00
   2.7300E+02   1.7660E+00
   2.7400E+02   1.7992E+00
   2.7500E+02   1.7545E+00
   2.7600E+02   1.6585E+00
   2.7700E+02   1.5429E+00
   2.7800E+02   1.4538E+00
   2.7900E+02   1.3784E+00
   2.8000E+02   1.3100E+00
   2.8100E+02   1.2488E+00
   2.8200E+02   1.2163E+00
   2.8300E+02   1.2081E+00
   2.8400E+02   1.2165E+00
   2.8500E+02   1.2724E+00
   2.8600E+02   1.3202E+00
   2.8700E+02   1.4127E+00
   2.8800E+02   1.5201E+00
   2.8900E+02   1.5965E+00
   2.9000E+02   1.6412E+00
   2.9100E+02   1.6419E+00
   2.9200E+02   1.6184E+00
   2.9300E+02   1.5688E+00
   2.9400E+02   1.5157E+00
   2.9500E+02   1.4759E+00
   2.9600E+02   1.4430E+00
   2.9700E+02   1.4394E+00
   2.9800E+02   1.5081E+00
   2.9900E+02   1.5867E+00
   3.0000E+02   1.6503E+00
   3.0100E+02   1.6803E+00
   3.0200E+02   1.6666E+00
   3.0300E+02   1.5911E+00
   3.0400E+02   1.4905E+00
   3.0500E+02   1.3799E+00
   3.0600E+02   1.2678E+00
   3.0700E+02   1.1069E+00
   3.0800E+02   1.0147E+00
