   0.0000E+00   1.3424E+00
   0.0000E+00   1.1093E+00
   1.0000E+00   1.1071E+00
   2.0000E+00   1.0414E+00
   3.0000E+00   9.8673E-01
   4.0000E+00   9.4386E-01
   5.0000E+00   9.1076E-01
   6.0000E+00   8.8799E-01
   7.0000E+00   8.8652E-01
   8.0000E+00   9.0561E-01
   9.0000E+00   9.4383E-01
   1.0000E+01   1.0035E+00
   1.1000E+01   1.0332E+00
   1.2000E+01   1.0167E+00
   1.3000E+01   9.5517E-01
   1.4000E+01   8.5704E-01
   1.5000E+01   8.2868E-01
   1.6000E+01   8.9599E-01
   1.7000E+01   1.0576E+00
   1.8000E+01   1.2925E+00
   1.9000E+01   1.4744E+00
   2.0000E+01   1.5759E+00
   2.1000E+01   1.5960E+00
   2.2000E+01   1.5475E+00
   2.3000E+01   1.5013E+00
   2.4000E+01   1.4600E+00
   2.5000E+01   1.4188E+00
   2.6000E+01   1.3947E+00
   2.7000E+01   1.4020E+00
   2.8000E+01   1.4451E+00
   2.9000E+01   1.5208E+00
   3.0000E+01   1.6203E+00
   3.1000E+01   1.7021E+00
   3.2000E+01   1.7752E+00
   3.3000E+01   1.8322E+00
   3.4000E+01   1.8647E+00
   3.5000E+01   1.8463E+00
   3.6000E+01   1.7769E+00
   3.7000E+01   1.6580E+00
   3.8000E+01   1.5381E+00
   3.9000E+01   1.4804E+00
   4.0000E+01   1.4825E+00
   4.1000E+01   1.5432E+00
   4.2000E+01   1.6028E+00
   4.3000E+01   1.6034E+00
   4.4000E+01   1.5478E+00
   4.5000E+01   1.4374E+00
   4.6000E+01   1.3435E+00
   4.7000E+01   1.3054E+00
   4.8000E+01   1.3246E+00
   4.9000E+01   1.3946E+00
   5.0000E+01   1.4413E+00
   5.1000E+01   1.4383E+00
   5.2000E+01   1.3819E+00
   5.3000E+01   1.2864E+00
   5.4000E+01   1.2125E+00
   5.5000E+01   1.1867E+00
   5.6000E+01   1.2094E+00
   5.7000E+01   1.2735E+00
   5.8000E+01   1.3308E+00
   5.9000E+01   1.3615E+00
   6.0000E+01   1.3728E+00
   6.1000E+01   1.3681E+00
   6.2000E+01   1.3724E+00
   6.3000E+01   1.3904E+00
   6.4000E+01   1.4249E+00
   6.5000E+01   1.4525E+00
   6.6000E+01   1.4860E+00
   6.7000E+01   1.5124E+00
   6.8000E+01   1.5329E+00
   6.9000E+01   1.5429E+00
   7.0000E+01   1.5379E+00
   7.1000E+01   1.5154E+00
   7.2000E+01   1.4757E+00
   7.3000E+01   1.4400E+00
   7.4000E+01   1.4382E+00
   7.5000E+01   1.4717E+00
   7.6000E+01   1.5429E+00
   7.7000E+01   1.6146E+00
   7.8000E+01   1.6372E+00
   7.9000E+01   1.6097E+00
   8.0000E+01   1.5332E+00
   8.1000E+01   1.4478E+00
   8.2000E+01   1.3894E+00
   8.3000E+01   1.3638E+00
   8.4000E+01   1.3671E+00
   8.5000E+01   1.3807E+00
   8.6000E+01   1.3933E+00
   8.7000E+01   1.4020E+00
   8.8000E+01   1.4110E+00
   8.9000E+01   1.4230E+00
   9.0000E+01   1.4477E+00
   9.1000E+01   1.4786E+00
   9.2000E+01   1.5188E+00
   9.3000E+01   1.5767E+00
   9.4000E+01   1.6498E+00
   9.5000E+01   1.7403E+00
   9.6000E+01   1.8422E+00
   9.7000E+01   1.9063E+00
   9.8000E+01   1.9148E+00
   9.9000E+01   1.8706E+00
   1.0000E+02   1.7825E+00
   1.0100E+02   1.6878E+00
   1.0200E+02   1.5965E+00
   1.0300E+02   1.5109E+00
   1.0400E+02   1.4237E+00
   1.0500E+02   1.3488E+00
   1.0600E+02   1.2805E+00
   1.0700E+02   1.2206E+00
   1.0800E+02   1.1749E+00
   1.0900E+02   1.1747E+00
   1.1000E+02   1.2191E+00
   1.1100E+02   1.3097E+00
   1.1200E+02   1.4136E+00
   1.1300E+02   1.4441E+00
   1.1400E+02   1.3990E+00
   1.1500E+02   1.2744E+00
   1.1600E+02   1.1454E+00
   1.1700E+02   1.1164E+00
   1.1800E+02   1.1942E+00
   1.1900E+02   1.3767E+00
   1.2000E+02   1.5904E+00
   1.2100E+02   1.7347E+00
   1.2200E+02   1.8079E+00
   1.2300E+02   1.8134E+00
   1.2400E+02   1.7997E+00
   1.2500E+02   1.8100E+00
   1.2600E+02   1.8476E+00
   1.2700E+02   1.9050E+00
   1.2800E+02   1.9570E+00
   1.2900E+02   1.9854E+00
   1.3000E+02   1.9914E+00
   1.3100E+02   1.9735E+00
   1.3200E+02   1.9274E+00
   1.3300E+02   1.8510E+00
   1.3400E+02   1.7435E+00
   1.3500E+02   1.6073E+00
   1.3600E+02   1.5214E+00
   1.3700E+02   1.5056E+00
   1.3800E+02   1.5557E+00
   1.3900E+02   1.6629E+00
   1.4000E+02   1.7173E+00
   1.4100E+02   1.6936E+00
   1.4200E+02   1.5917E+00
   1.4300E+02   1.4366E+00
   1.4400E+02   1.3688E+00
   1.4500E+02   1.4115E+00
   1.4600E+02   1.5620E+00
   1.4700E+02   1.7838E+00
   1.4800E+02   1.9219E+00
   1.4900E+02   1.9520E+00
   1.5000E+02   1.8784E+00
   1.5100E+02   1.7432E+00
   1.5200E+02   1.6489E+00
   1.5300E+02   1.6048E+00
   1.5400E+02   1.6113E+00
   1.5500E+02   1.6317E+00
   1.5600E+02   1.5916E+00
   1.5700E+02   1.4904E+00
   1.5800E+02   1.3325E+00
   1.5900E+02   1.1537E+00
   1.6000E+02   1.0484E+00
   1.6100E+02   1.0037E+00
   1.6200E+02   1.0252E+00
   1.6300E+02   1.0812E+00
   1.6400E+02   1.1424E+00
   1.6500E+02   1.1966E+00
   1.6600E+02   1.2587E+00
   1.6700E+02   1.3212E+00
   1.6800E+02   1.3753E+00
   1.6900E+02   1.4262E+00
   1.7000E+02   1.4772E+00
   1.7100E+02   1.5347E+00
   1.7200E+02   1.6164E+00
   1.7300E+02   1.7185E+00
   1.7400E+02   1.8383E+00
   1.7500E+02   1.9147E+00
   1.7600E+02   1.9224E+00
   1.7700E+02   1.8626E+00
   1.7800E+02   1.7431E+00
   1.7900E+02   1.6224E+00
   1.8000E+02   1.5229E+00
   1.8100E+02   1.4442E+00
   1.8200E+02   1.3874E+00
   1.8300E+02   1.3638E+00
   1.8400E+02   1.3758E+00
   1.8500E+02   1.4232E+00
   1.8600E+02   1.4937E+00
   1.8700E+02   1.5480E+00
   1.8800E+02   1.5762E+00
   1.8900E+02   1.5809E+00
   1.9000E+02   1.5704E+00
   1.9100E+02   1.5755E+00
   1.9200E+02   1.5902E+00
   1.9300E+02   1.6226E+00
   1.9400E+02   1.6603E+00
   1.9500E+02   1.6823E+00
   1.9600E+02   1.6853E+00
   1.9700E+02   1.6714E+00
   1.9800E+02   1.6513E+00
   1.9900E+02   1.6434E+00
   2.0000E+02   1.6493E+00
   2.0100E+02   1.6679E+00
   2.0200E+02   1.7034E+00
   2.0300E+02   1.7626E+00
   2.0400E+02   1.8449E+00
   2.0500E+02   1.9497E+00
   2.0600E+02   2.0301E+00
   2.0700E+02   2.0618E+00
   2.0800E+02   2.0386E+00
   2.0900E+02   1.9651E+00
   2.1000E+02   1.8803E+00
   2.1100E+02   1.8188E+00
   2.1200E+02   1.7770E+00
   2.1300E+02   1.7570E+00
   2.1400E+02   1.7461E+00
   2.1500E+02   1.7356E+00
   2.1600E+02   1.7283E+00
   2.1700E+02   1.7232E+00
   2.1800E+02   1.7310E+00
   2.1900E+02   1.7558E+00
   2.2000E+02   1.7951E+00
   2.2100E+02   1.8516E+00
   2.2200E+02   1.8908E+00
   2.2300E+02   1.9139E+00
   2.2400E+02   1.9181E+00
   2.2500E+02   1.9080E+00
   2.2600E+02   1.9026E+00
   2.2700E+02   1.9060E+00
   2.2800E+02   1.9170E+00
   2.2900E+02   1.9251E+00
   2.3000E+02   1.9004E+00
   2.3100E+02   1.8362E+00
   2.3200E+02   1.7333E+00
   2.3300E+02   1.6109E+00
   2.3400E+02   1.5280E+00
   2.3500E+02   1.4898E+00
   2.3600E+02   1.4969E+00
   2.3700E+02   1.5348E+00
   2.3800E+02   1.5713E+00
   2.3900E+02   1.6108E+00
   2.4000E+02   1.6408E+00
   2.4100E+02   1.6686E+00
   2.4200E+02   1.6835E+00
   2.4300E+02   1.6840E+00
   2.4400E+02   1.6718E+00
   2.4500E+02   1.6618E+00
   2.4600E+02   1.6742E+00
   2.4700E+02   1.7056E+00
   2.4800E+02   1.7583E+00
   2.4900E+02   1.8162E+00
   2.5000E+02   1.8704E+00
   2.5100E+02   1.9149E+00
   2.5200E+02   1.9546E+00
   2.5300E+02   1.9574E+00
   2.5400E+02   1.9060E+00
   2.5500E+02   1.7974E+00
   2.5600E+02   1.6454E+00
   2.5700E+02   1.5342E+00
   2.5800E+02   1.5032E+00
   2.5900E+02   1.5525E+00
   2.6000E+02   1.6786E+00
   2.6100E+02   1.7818E+00
   2.6200E+02   1.8385E+00
   2.6300E+02   1.8520E+00
   2.6400E+02   1.8282E+00
   2.6500E+02   1.8231E+00
   2.6600E+02   1.8459E+00
   2.6700E+02   1.9007E+00
   2.6800E+02   1.9778E+00
   2.6900E+02   2.0292E+00
   2.7000E+02   2.0529E+00
   2.7100E+02   2.0487E+00
   2.7200E+02   2.0197E+00
   2.7300E+02   1.9681E+00
   2.7400E+02   1.8962E+00
   2.7500E+02   1.8112E+00
   2.7600E+02   1.7181E+00
   2.7700E+02   1.6525E+00
   2.7800E+02   1.6247E+00
   2.7900E+02   1.6290E+00
   2.8000E+02   1.6510E+00
   2.8100E+02   1.6702E+00
   2.8200E+02   1.6832E+00
   2.8300E+02   1.6905E+00
   2.8400E+02   1.6864E+00
   2.8500E+02   1.6643E+00
   2.8600E+02   1.6228E+00
   2.8700E+02   1.5622E+00
   2.8800E+02   1.4986E+00
   2.8900E+02   1.4506E+00
   2.9000E+02   1.4110E+00
   2.9100E+02   1.3884E+00
   2.9200E+02   1.4002E+00
   2.9300E+02   1.4553E+00
   2.9400E+02   1.5633E+00
   2.9500E+02   1.7063E+00
   2.9600E+02   1.8154E+00
   2.9700E+02   1.8466E+00
   2.9800E+02   1.7984E+00
   2.9900E+02   1.6768E+00
   3.0000E+02   1.5649E+00
   3.0100E+02   1.4885E+00
   3.0200E+02   1.4484E+00
   3.0300E+02   1.4462E+00
   3.0400E+02   1.4661E+00
   3.0500E+02   1.5106E+00
   3.0600E+02   1.5739E+00
   3.0700E+02   1.6494E+00
   3.0800E+02   1.6871E+00
   3.0900E+02   1.6753E+00
   3.1000E+02   1.6145E+00
   3.1100E+02   1.5193E+00
   3.1200E+02   1.4786E+00
   3.1300E+02   1.4930E+00
   3.1400E+02   1.5677E+00
   3.1500E+02   1.6743E+00
   3.1600E+02   1.7528E+00
   3.1700E+02   1.7974E+00
   3.1800E+02   1.8056E+00
   3.1900E+02   1.7853E+00
   3.2000E+02   1.7501E+00
   3.2100E+02   1.7010E+00
   3.2200E+02   1.6394E+00
   3.2300E+02   1.5668E+00
   3.2400E+02   1.4883E+00
   3.2500E+02   1.4208E+00
   3.2600E+02   1.3434E+00
   3.2700E+02   1.2880E+00
   3.2800E+02   1.2654E+00
   3.2900E+02   1.2802E+00
   3.3000E+02   1.3320E+00
   3.3100E+02   1.4036E+00
   3.3200E+02   1.4944E+00
   3.3300E+02   1.5937E+00
   3.3400E+02   1.7044E+00
   3.3500E+02   1.7805E+00
   3.3600E+02   1.7858E+00
   3.3700E+02   1.7239E+00
   3.3800E+02   1.5979E+00
   3.3900E+02   1.4792E+00
   3.4000E+02   1.4018E+00
   3.4100E+02   1.3699E+00
   3.4200E+02   1.3755E+00
   3.4300E+02   1.4056E+00
   3.4400E+02   1.4539E+00
   3.4500E+02   1.5125E+00
   3.4600E+02   1.5850E+00
   3.4700E+02   1.6502E+00
   3.4800E+02   1.6914E+00
   3.4900E+02   1.7171E+00
   3.5000E+02   1.7264E+00
   3.5100E+02   1.7407E+00
   3.5200E+02   1.7643E+00
   3.5300E+02   1.7955E+00
   3.5400E+02   1.8257E+00
   3.5500E+02   1.8408E+00
   3.5600E+02   1.8351E+00
   3.5700E+02   1.8093E+00
   3.5800E+02   1.7742E+00
   3.5900E+02   1.7533E+00
   3.6000E+02   1.7472E+00
   3.6100E+02   1.7571E+00
   3.6200E+02   1.7753E+00
   3.6300E+02   1.7909E+00
   3.6400E+02   1.8018E+00
   3.6500E+02   1.8089E+00
   3.6600E+02   1.8025E+00
   3.6700E+02   1.7681E+00
   3.6800E+02   1.7094E+00
   3.6900E+02   1.6221E+00
   3.7000E+02   1.5312E+00
   3.7100E+02   1.4637E+00
   3.7200E+02   1.4200E+00
   3.7300E+02   1.4004E+00
   3.7400E+02   1.3978E+00
   3.7500E+02   1.4148E+00
   3.7600E+02   1.4408E+00
   3.7700E+02   1.4709E+00
   3.7800E+02   1.5049E+00
   3.7900E+02   1.5225E+00
   3.8000E+02   1.5279E+00
   3.8100E+02   1.5235E+00
   3.8200E+02   1.5437E+00
   3.8300E+02   1.5963E+00
   3.8400E+02   1.6869E+00
   3.8500E+02   1.8020E+00
   3.8600E+02   1.8707E+00
   3.8700E+02   1.8709E+00
   3.8800E+02   1.8015E+00
   3.8900E+02   1.6860E+00
   3.9000E+02   1.6089E+00
   3.9100E+02   1.5942E+00
   3.9200E+02   1.6409E+00
   3.9300E+02   1.7301E+00
   3.9400E+02   1.7773E+00
   3.9500E+02   1.7696E+00
   3.9600E+02   1.7085E+00
   3.9700E+02   1.6150E+00
   3.9800E+02   1.5646E+00
   3.9900E+02   1.5645E+00
   4.0000E+02   1.6132E+00
   4.0100E+02   1.6845E+00
   4.0200E+02   1.7198E+00
   4.0300E+02   1.7161E+00
   4.0400E+02   1.6732E+00
   4.0400E+02   1.3424E+00
   4.0400E+02   1.6741E+00
   4.0500E+02   1.6221E+00
   4.0600E+02   1.6254E+00
   4.0700E+02   1.6993E+00
   4.0800E+02   1.7814E+00
   4.0900E+02   1.8853E+00
   4.1000E+02   1.9450E+00
   4.1100E+02   1.9439E+00
   4.1200E+02   1.8958E+00
   4.1300E+02   1.8511E+00
   4.1400E+02   1.8227E+00
   4.1500E+02   1.8215E+00
   4.1600E+02   1.8462E+00
   4.1700E+02   1.8738E+00
   4.1800E+02   1.8899E+00
   4.1900E+02   1.8991E+00
   4.2000E+02   1.9023E+00
   4.2100E+02   1.9102E+00
   4.2200E+02   1.9313E+00
   4.2300E+02   1.9465E+00
   4.2400E+02   1.9623E+00
   4.2500E+02   1.9870E+00
   4.2600E+02   2.0045E+00
   4.2700E+02   2.0105E+00
   4.2800E+02   2.0116E+00
   4.2900E+02   1.9573E+00
   4.3000E+02   1.8670E+00
   4.3100E+02   1.7597E+00
   4.3200E+02   1.6011E+00
   4.3300E+02   1.4645E+00
   4.3400E+02   1.4079E+00
   4.3500E+02   1.3988E+00
   4.3600E+02   1.4349E+00
   4.3700E+02   1.4721E+00
   4.3800E+02   1.5007E+00
   4.3900E+02   1.5301E+00
   4.4000E+02   1.5489E+00
   4.4100E+02   1.5470E+00
   4.4200E+02   1.5239E+00
   4.4300E+02   1.4704E+00
   4.4400E+02   1.3716E+00
   4.4400E+02   1.3424E+00
   4.4400E+02   1.4072E+00
   4.4500E+02   1.3189E+00
   4.4600E+02   1.2056E+00
   4.4700E+02   1.0794E+00
   4.4800E+02   1.0084E+00
   4.4900E+02   1.0320E+00
   4.5000E+02   1.1191E+00
   4.5100E+02   1.3183E+00
   4.5200E+02   1.4911E+00
   4.5300E+02   1.6513E+00
   4.5400E+02   1.7537E+00
   4.5500E+02   1.8254E+00
   4.5600E+02   1.8587E+00
   4.5700E+02   1.8511E+00
   4.5800E+02   1.8299E+00
   4.5900E+02   1.7719E+00
   4.6000E+02   1.7246E+00
   4.6100E+02   1.6493E+00
   4.6200E+02   1.5969E+00
   4.6300E+02   1.5323E+00
   4.6400E+02   1.5037E+00
   4.6500E+02   1.4704E+00
   4.6600E+02   1.4529E+00
   4.6700E+02   1.4522E+00
   4.6800E+02   1.4628E+00
   4.6900E+02   1.5121E+00
   4.7000E+02   1.5632E+00
   4.7100E+02   1.6018E+00
   4.7200E+02   1.6179E+00
   4.7300E+02   1.5880E+00
   4.7400E+02   1.5067E+00
   4.7500E+02   1.4355E+00
   4.7600E+02   1.3738E+00
   4.7700E+02   1.3206E+00
   4.7800E+02   1.2914E+00
   4.7900E+02   1.2977E+00
   4.8000E+02   1.3423E+00
   4.8100E+02   1.4677E+00
   4.8200E+02   1.6090E+00
   4.8300E+02   1.7839E+00
   4.8400E+02   1.8460E+00
   4.8500E+02   1.7984E+00
   4.8600E+02   1.6588E+00
   4.8700E+02   1.4734E+00
   4.8800E+02   1.3677E+00
   4.8900E+02   1.3453E+00
   4.9000E+02   1.4051E+00
   4.9100E+02   1.4609E+00
   4.9200E+02   1.4526E+00
   4.9300E+02   1.3714E+00
   4.9400E+02   1.2404E+00
   4.9500E+02   1.1070E+00
   4.9600E+02   1.0400E+00
   4.9700E+02   1.0319E+00
   4.9800E+02   1.1066E+00
   4.9900E+02   1.2261E+00
   5.0000E+02   1.3219E+00
   5.0100E+02   1.5020E+00
   5.0200E+02   1.7290E+00
   5.0300E+02   1.9120E+00
   5.0400E+02   1.9845E+00
   5.0500E+02   1.9700E+00
   5.0600E+02   1.8684E+00
   5.0700E+02   1.7503E+00
   5.0800E+02   1.6810E+00
   5.0900E+02   1.6084E+00
   5.1000E+02   1.5627E+00
   5.1100E+02   1.5357E+00
   5.1200E+02   1.5180E+00
   5.1300E+02   1.5185E+00
   5.1400E+02   1.5314E+00
   5.1500E+02   1.5589E+00
   5.1600E+02   1.6010E+00
   5.1700E+02   1.6576E+00
   5.1800E+02   1.6919E+00
   5.1900E+02   1.7326E+00
   5.2000E+02   1.7461E+00
   5.2100E+02   1.7406E+00
   5.2200E+02   1.7079E+00
   5.2300E+02   1.6477E+00
   5.2400E+02   1.5672E+00
   5.2500E+02   1.4476E+00
   5.2600E+02   1.3553E+00
   5.2700E+02   1.3053E+00
   5.2800E+02   1.2959E+00
   5.2900E+02   1.3383E+00
   5.3000E+02   1.3791E+00
   5.3100E+02   1.3477E+00
   5.3200E+02   1.2916E+00
   5.3300E+02   1.1369E+00
   5.3400E+02   1.0419E+00
   5.3500E+02   1.0249E+00
   5.3600E+02   1.1254E+00
   5.3700E+02   1.2972E+00
   5.3800E+02   1.4653E+00
   5.3900E+02   1.5948E+00
   5.4000E+02   1.6687E+00
   5.4100E+02   1.6918E+00
   5.4200E+02   1.7051E+00
   5.4300E+02   1.7356E+00
   5.4400E+02   1.7595E+00
   5.4500E+02   1.8060E+00
   5.4600E+02   1.8382E+00
   5.4700E+02   1.8581E+00
   5.4800E+02   1.8730E+00
   5.4900E+02   1.8797E+00
   5.5000E+02   1.8602E+00
   5.5100E+02   1.8602E+00
   5.5200E+02   1.8331E+00
   5.5300E+02   1.7997E+00
   5.5400E+02   1.7836E+00
   5.5500E+02   1.7953E+00
   5.5600E+02   1.8421E+00
   5.5700E+02   1.8788E+00
   5.5800E+02   1.9112E+00
   5.5900E+02   1.9271E+00
   5.6000E+02   1.9268E+00
   5.6100E+02   1.9106E+00
   5.6200E+02   1.8800E+00
   5.6300E+02   1.8172E+00
   5.6400E+02   1.7533E+00
   5.6500E+02   1.7042E+00
   5.6600E+02   1.6519E+00
   5.6700E+02   1.6241E+00
   5.6800E+02   1.6213E+00
   5.6900E+02   1.6197E+00
   5.7000E+02   1.5942E+00
   5.7100E+02   1.5523E+00
   5.7200E+02   1.4897E+00
   5.7300E+02   1.4507E+00
   5.7400E+02   1.4306E+00
   5.7500E+02   1.4492E+00
   5.7600E+02   1.5138E+00
   5.7700E+02   1.5752E+00
   5.7800E+02   1.6509E+00
   5.7900E+02   1.7080E+00
   5.8000E+02   1.7628E+00
   5.8100E+02   1.7936E+00
   5.8200E+02   1.7628E+00
   5.8300E+02   1.6863E+00
   5.8400E+02   1.5336E+00
   5.8500E+02   1.4313E+00
   5.8600E+02   1.3819E+00
   5.8700E+02   1.3857E+00
   5.8800E+02   1.4394E+00
   5.8900E+02   1.5214E+00
   5.9000E+02   1.6111E+00
   5.9100E+02   1.6897E+00
   5.9200E+02   1.7421E+00
   5.9300E+02   1.8034E+00
   5.9400E+02   1.8329E+00
   5.9500E+02   1.8317E+00
   5.9600E+02   1.8080E+00
   5.9700E+02   1.7755E+00
   5.9800E+02   1.7507E+00
   5.9900E+02   1.7120E+00
   6.0000E+02   1.6688E+00
   6.0100E+02   1.6516E+00
   6.0200E+02   1.6907E+00
   6.0300E+02   1.7336E+00
   6.0400E+02   1.7544E+00
   6.0500E+02   1.7446E+00
   6.0600E+02   1.6665E+00
   6.0700E+02   1.5266E+00
   6.0800E+02   1.3681E+00
   6.0900E+02   1.2848E+00
   6.1000E+02   1.2499E+00
   6.1100E+02   1.2955E+00
   6.1200E+02   1.3486E+00
   6.1300E+02   1.4321E+00
   6.1400E+02   1.5132E+00
   6.1500E+02   1.6133E+00
   6.1600E+02   1.6891E+00
   6.1700E+02   1.7332E+00
   6.1800E+02   1.7307E+00
   6.1900E+02   1.7003E+00
   6.2000E+02   1.6376E+00
   6.2100E+02   1.5576E+00
   6.2200E+02   1.5024E+00
   6.2300E+02   1.4268E+00
   6.2400E+02   1.3518E+00
   6.2500E+02   1.3150E+00
   6.2600E+02   1.2702E+00
   6.2700E+02   1.2463E+00
   6.2800E+02   1.2382E+00
   6.2900E+02   1.2494E+00
   6.3000E+02   1.3072E+00
   6.3000E+02   1.3424E+00
   6.3000E+02   1.2822E+00
   6.3100E+02   1.3391E+00
   6.3200E+02   1.3994E+00
   6.3300E+02   1.4506E+00
   6.3400E+02   1.5224E+00
   6.3500E+02   1.5553E+00
   6.3600E+02   1.5901E+00
   6.3700E+02   1.5976E+00
   6.3800E+02   1.5783E+00
   6.3900E+02   1.5555E+00
   6.4000E+02   1.5472E+00
   6.4100E+02   1.5639E+00
   6.4200E+02   1.5850E+00
   6.4300E+02   1.6269E+00
   6.4400E+02   1.6310E+00
   6.4500E+02   1.5820E+00
   6.4600E+02   1.5381E+00
   6.4700E+02   1.4542E+00
   6.4800E+02   1.4299E+00
   6.4900E+02   1.4450E+00
   6.5000E+02   1.5156E+00
   6.5100E+02   1.5957E+00
   6.5200E+02   1.6521E+00
   6.5300E+02   1.7349E+00
   6.5400E+02   1.7644E+00
   6.5500E+02   1.7947E+00
   6.5600E+02   1.7778E+00
   6.5700E+02   1.7460E+00
   6.5800E+02   1.6686E+00
   6.5900E+02   1.6003E+00
   6.6000E+02   1.5899E+00
   6.6100E+02   1.6397E+00
   6.6200E+02   1.7206E+00
   6.6300E+02   1.7942E+00
   6.6400E+02   1.8215E+00
   6.6500E+02   1.7712E+00
   6.6600E+02   1.7227E+00
   6.6700E+02   1.6560E+00
   6.6800E+02   1.6257E+00
   6.6900E+02   1.6425E+00
   6.7000E+02   1.6887E+00
   6.7100E+02   1.7359E+00
   6.7200E+02   1.7792E+00
   6.7300E+02   1.8168E+00
   6.7400E+02   1.8469E+00
   6.7500E+02   1.8320E+00
   6.7600E+02   1.7811E+00
   6.7700E+02   1.6802E+00
   6.7800E+02   1.5409E+00
   6.7900E+02   1.4713E+00
   6.8000E+02   1.4777E+00
   6.8100E+02   1.5876E+00
   6.8200E+02   1.6914E+00
   6.8300E+02   1.7908E+00
   6.8400E+02   1.8211E+00
   6.8500E+02   1.7912E+00
   6.8600E+02   1.7336E+00
   6.8700E+02   1.6497E+00
   6.8800E+02   1.5519E+00
   6.8900E+02   1.4637E+00
   6.9000E+02   1.3692E+00
   6.9100E+02   1.3603E+00
   6.9200E+02   1.4076E+00
   6.9300E+02   1.5300E+00
   6.9400E+02   1.6840E+00
   6.9500E+02   1.7450E+00
   6.9600E+02   1.7472E+00
   6.9700E+02   1.6815E+00
   6.9800E+02   1.6058E+00
   6.9900E+02   1.5872E+00
   7.0000E+02   1.6158E+00
   7.0100E+02   1.7089E+00
   7.0200E+02   1.7740E+00
   7.0300E+02   1.7802E+00
   7.0400E+02   1.7345E+00
   7.0500E+02   1.6107E+00
   7.0600E+02   1.4801E+00
   7.0700E+02   1.3809E+00
   7.0800E+02   1.3001E+00
   7.0900E+02   1.2187E+00
   7.1000E+02   1.1948E+00
   7.1100E+02   1.2352E+00
   7.1200E+02   1.3317E+00
   7.1300E+02   1.4709E+00
   7.1400E+02   1.5944E+00
   7.1500E+02   1.6283E+00
   7.1600E+02   1.5974E+00
   7.1700E+02   1.5192E+00
   7.1800E+02   1.4154E+00
   7.1900E+02   1.3350E+00
   7.2000E+02   1.2345E+00
   7.2100E+02   1.1555E+00
   7.2200E+02   1.1253E+00
   7.2300E+02   1.1339E+00
   7.2400E+02   1.2034E+00
   7.2500E+02   1.2700E+00
   7.2600E+02   1.3239E+00
   7.2700E+02   1.3450E+00
   7.2800E+02   1.3465E+00
   7.2900E+02   1.3337E+00
   7.3000E+02   1.3393E+00
   7.3100E+02   1.3689E+00
   7.3200E+02   1.4113E+00
   7.3300E+02   1.4692E+00
   7.3400E+02   1.5187E+00
   7.3500E+02   1.5518E+00
   7.3600E+02   1.5733E+00
   7.3700E+02   1.5906E+00
   7.3800E+02   1.6172E+00
   7.3900E+02   1.6638E+00
   7.4000E+02   1.6915E+00
   7.4100E+02   1.7340E+00
   7.4200E+02   1.7768E+00
   7.4300E+02   1.8122E+00
   7.4400E+02   1.8409E+00
   7.4500E+02   1.8219E+00
   7.4600E+02   1.7534E+00
   7.4700E+02   1.6105E+00
   7.4800E+02   1.3999E+00
   7.4900E+02   1.2521E+00
   7.5000E+02   1.1635E+00
   7.5100E+02   1.1679E+00
   7.5200E+02   1.2167E+00
   7.5300E+02   1.2886E+00
   7.5400E+02   1.3525E+00
   7.5500E+02   1.4150E+00
   7.5600E+02   1.4578E+00
   7.5700E+02   1.4849E+00
   7.5800E+02   1.5039E+00
   7.5900E+02   1.5148E+00
   7.6000E+02   1.5063E+00
   7.6100E+02   1.4608E+00
   7.6200E+02   1.4177E+00
   7.6200E+02   1.3424E+00
   7.6200E+02   1.4276E+00
   7.6300E+02   1.3352E+00
   7.6400E+02   1.2248E+00
   7.6500E+02   1.1833E+00
   7.6600E+02   1.2354E+00
   7.6600E+02   1.3424E+00
   7.6600E+02   1.2108E+00
   7.6700E+02   1.3192E+00
   7.6800E+02   1.4570E+00
   7.6900E+02   1.5611E+00
   7.7000E+02   1.5756E+00
   7.7100E+02   1.5330E+00
   7.7200E+02   1.4714E+00
   7.7300E+02   1.4386E+00
   7.7400E+02   1.4358E+00
   7.7500E+02   1.4633E+00
   7.7600E+02   1.4677E+00
   7.7700E+02   1.4287E+00
   7.7800E+02   1.3563E+00
   7.7900E+02   1.2146E+00
   7.8000E+02   1.0995E+00
   7.8100E+02   1.0820E+00
   7.8200E+02   1.1868E+00
   7.8300E+02   1.3224E+00
   7.8400E+02   1.4664E+00
   7.8500E+02   1.5718E+00
   7.8600E+02   1.6047E+00
   7.8700E+02   1.5823E+00
   7.8800E+02   1.5255E+00
   7.8900E+02   1.4260E+00
   7.9000E+02   1.3534E+00
   7.9100E+02   1.2466E+00
   7.9200E+02   1.1739E+00
   7.9300E+02   1.1723E+00
   7.9400E+02   1.2397E+00
   7.9400E+02   1.3424E+00
   7.9400E+02   1.2231E+00
   7.9500E+02   1.3361E+00
   7.9600E+02   1.4283E+00
   7.9700E+02   1.4671E+00
   7.9800E+02   1.4538E+00
   7.9900E+02   1.4039E+00
   8.0000E+02   1.3722E+00
   8.0100E+02   1.3783E+00
   8.0200E+02   1.4420E+00
   8.0300E+02   1.4748E+00
   8.0400E+02   1.4828E+00
   8.0500E+02   1.4360E+00
   8.0600E+02   1.3648E+00
   8.0700E+02   1.2387E+00
   8.0800E+02   1.1367E+00
   8.0900E+02   1.0519E+00
   8.1000E+02   9.8895E-01
   8.1100E+02   9.8451E-01
   8.1200E+02   1.0285E+00
   8.1300E+02   1.1496E+00
   8.1400E+02   1.2502E+00
   8.1500E+02   1.3909E+00
   8.1600E+02   1.4573E+00
   8.1700E+02   1.4245E+00
   8.1800E+02   1.3425E+00
   8.1900E+02   1.2243E+00
   8.2000E+02   1.2147E+00
   8.2100E+02   1.3092E+00
   8.2200E+02   1.4738E+00
   8.2300E+02   1.6805E+00
   8.2400E+02   1.7832E+00
   8.2500E+02   1.8352E+00
   8.2600E+02   1.8055E+00
   8.2700E+02   1.7627E+00
   8.2800E+02   1.7173E+00
   8.2900E+02   1.6777E+00
   8.3000E+02   1.6418E+00
   8.3100E+02   1.6135E+00
   8.3200E+02   1.6031E+00
   8.3300E+02   1.6107E+00
   8.3400E+02   1.6259E+00
   8.3500E+02   1.6604E+00
   8.3600E+02   1.7207E+00
   8.3700E+02   1.7798E+00
   8.3800E+02   1.8562E+00
   8.3900E+02   1.8978E+00
   8.4000E+02   1.8726E+00
   8.4100E+02   1.7975E+00
   8.4200E+02   1.7471E+00
   8.4300E+02   1.6908E+00
   8.4400E+02   1.6971E+00
   8.4500E+02   1.7318E+00
   8.4600E+02   1.8039E+00
   8.4700E+02   1.8412E+00
   8.4800E+02   1.8301E+00
   8.4900E+02   1.7813E+00
   8.5000E+02   1.7021E+00
   8.5100E+02   1.6527E+00
   8.5200E+02   1.6456E+00
   8.5300E+02   1.6750E+00
   8.5400E+02   1.7197E+00
   8.5500E+02   1.7335E+00
   8.5600E+02   1.7218E+00
   8.5700E+02   1.6876E+00
   8.5800E+02   1.6205E+00
   8.5900E+02   1.5376E+00
   8.6000E+02   1.4484E+00
   8.6000E+02   1.3424E+00
   8.6000E+02   1.4666E+00
   8.6100E+02   1.3495E+00
   8.6200E+02   1.2526E+00
   8.6300E+02   1.1897E+00
   8.6400E+02   1.1865E+00
   8.6500E+02   1.2281E+00
   8.6600E+02   1.2603E+00
   8.6700E+02   1.2542E+00
   8.6800E+02   1.2205E+00
   8.6900E+02   1.1484E+00
   8.7000E+02   1.1069E+00
   8.7100E+02   1.1239E+00
   8.7200E+02   1.2380E+00
   8.7200E+02   1.3424E+00
   8.7200E+02   1.1973E+00
   8.7300E+02   1.3338E+00
   8.7400E+02   1.4424E+00
   8.7500E+02   1.4729E+00
   8.7600E+02   1.4235E+00
   8.7700E+02   1.3433E+00
   8.7800E+02   1.2930E+00
   8.7900E+02   1.3406E+00
   8.8000E+02   1.4688E+00
   8.8100E+02   1.6383E+00
   8.8200E+02   1.7637E+00
   8.8300E+02   1.7700E+00
   8.8400E+02   1.6757E+00
   8.8500E+02   1.5050E+00
   8.8600E+02   1.3428E+00
   8.8700E+02   1.2509E+00
   8.8800E+02   1.2032E+00
   8.8900E+02   1.1951E+00
   8.9000E+02   1.1796E+00
   8.9100E+02   1.1535E+00
   8.9200E+02   1.1329E+00
   8.9300E+02   1.1080E+00
   8.9400E+02   1.1016E+00
   8.9500E+02   1.1169E+00
   8.9600E+02   1.1865E+00
   8.9700E+02   1.2346E+00
   8.9800E+02   1.2890E+00
   8.9800E+02   1.3424E+00
   8.9800E+02   1.2746E+00
   8.9800E+02   1.3424E+00
   8.9800E+02   1.2746E+00
   8.9800E+02   1.3424E+00
   8.9800E+02   1.2746E+00
   8.9800E+02   1.3424E+00
   8.9800E+02   1.2746E+00
   8.9800E+02   1.3424E+00
   8.9800E+02   1.2746E+00
   8.9800E+02   1.3424E+00
   8.9800E+02   1.2746E+00
   8.9900E+02   1.3521E+00
   8.9900E+02   1.3424E+00
   8.9900E+02   1.3521E+00
   9.0000E+02   1.4401E+00
   9.0000E+02   1.3424E+00
   9.0000E+02   1.4401E+00
   9.0100E+02   1.5437E+00
   9.0200E+02   1.6360E+00
   9.0300E+02   1.7213E+00
   9.0400E+02   1.7820E+00
   9.0500E+02   1.8220E+00
   9.0600E+02   1.8012E+00
   9.0700E+02   1.7467E+00
   9.0800E+02   1.6205E+00
   9.0900E+02   1.5015E+00
   9.1000E+02   1.4527E+00
   9.1100E+02   1.4403E+00
   9.1200E+02   1.4799E+00
   9.1300E+02   1.5010E+00
   9.1400E+02   1.4794E+00
   9.1500E+02   1.4121E+00
   9.1600E+02   1.3268E+00
   9.1700E+02   1.2450E+00
   9.1800E+02   1.2210E+00
   9.1900E+02   1.2461E+00
   9.2000E+02   1.3124E+00
   9.2100E+02   1.3742E+00
   9.2200E+02   1.4450E+00
   9.2300E+02   1.5026E+00
   9.2400E+02   1.5347E+00
   9.2500E+02   1.5512E+00
   9.2600E+02   1.5509E+00
   9.2700E+02   1.5427E+00
   9.2800E+02   1.5171E+00
   9.2900E+02   1.4763E+00
   9.3000E+02   1.4580E+00
   9.3100E+02   1.4339E+00
   9.3200E+02   1.4098E+00
   9.3300E+02   1.3850E+00
   9.3400E+02   1.3850E+00
   9.3500E+02   1.3511E+00
   9.3500E+02   1.3424E+00
   9.3500E+02   1.3630E+00
   9.3500E+02   1.3424E+00
   9.3500E+02   1.3424E+00
   9.3500E+02   1.3424E+00
   9.3500E+02   1.3630E+00
   9.3600E+02   1.3426E+00
   9.3600E+02   1.3424E+00
   9.3600E+02   1.3428E+00
   9.3700E+02   1.3308E+00
   9.3800E+02   1.3301E+00
   9.3800E+02   1.3424E+00
   9.3800E+02   1.3293E+00
   9.3900E+02   1.3396E+00
   9.3900E+02   1.3424E+00
   9.3900E+02   1.3365E+00
   9.3900E+02   1.3424E+00
   9.3900E+02   1.3365E+00
   9.4000E+02   1.3553E+00
   9.4100E+02   1.4008E+00
   9.4200E+02   1.4543E+00
   9.4300E+02   1.4782E+00
   9.4400E+02   1.4923E+00
   9.4500E+02   1.4882E+00
   9.4600E+02   1.4421E+00
   9.4700E+02   1.3969E+00
   9.4700E+02   1.3424E+00
   9.4700E+02   1.4003E+00
   9.4700E+02   1.3424E+00
   9.4700E+02   1.4003E+00
   9.4700E+02   1.3424E+00
   9.4700E+02   1.4003E+00
   9.4700E+02   1.3424E+00
   9.4700E+02   1.4003E+00
   9.4800E+02   1.3183E+00
   9.4800E+02   1.3424E+00
   9.4800E+02   1.3183E+00
   9.4900E+02   1.2300E+00
   9.4900E+02   1.3424E+00
   9.4900E+02   1.2300E+00
   9.5000E+02   1.1176E+00
   9.5100E+02   1.0206E+00
   9.5200E+02   9.7761E-01
   9.5300E+02   1.0350E+00
   9.5400E+02   1.1669E+00
   9.5500E+02   1.2972E+00
   9.5500E+02   1.3424E+00
   9.5500E+02   1.2918E+00
   9.5600E+02   1.4846E+00
   9.5700E+02   1.6045E+00
   9.5800E+02   1.6943E+00
   9.5900E+02   1.7303E+00
   9.6000E+02   1.7314E+00
   9.6100E+02   1.7031E+00
   9.6200E+02   1.6332E+00
   9.6300E+02   1.5508E+00
   9.6400E+02   1.5057E+00
   9.6500E+02   1.5159E+00
   9.6600E+02   1.5808E+00
   9.6700E+02   1.6757E+00
   9.6800E+02   1.7478E+00
   9.6900E+02   1.7738E+00
   9.7000E+02   1.7503E+00
   9.7100E+02   1.7029E+00
   9.7200E+02   1.6869E+00
   9.7300E+02   1.7108E+00
   9.7400E+02   1.7755E+00
   9.7500E+02   1.8755E+00
   9.7600E+02   1.9488E+00
   9.7700E+02   1.9823E+00
   9.7800E+02   1.9983E+00
   9.7900E+02   1.9891E+00
   9.8000E+02   1.9658E+00
   9.8100E+02   1.9469E+00
   9.8200E+02   1.8841E+00
   9.8300E+02   1.8529E+00
   9.8400E+02   1.8219E+00
   9.8500E+02   1.7872E+00
   9.8600E+02   1.7721E+00
   9.8700E+02   1.7694E+00
   9.8800E+02   1.7828E+00
   9.8900E+02   1.8287E+00
   9.9000E+02   1.8880E+00
   9.9100E+02   1.9287E+00
   9.9200E+02   1.9483E+00
   9.9300E+02   1.9519E+00
   9.9400E+02   1.9430E+00
   9.9500E+02   1.9302E+00
   9.9600E+02   1.9252E+00
   9.9700E+02   1.9282E+00
   9.9800E+02   1.9336E+00
   9.9900E+02   1.9059E+00
   1.0000E+03   1.8426E+00
   1.0010E+03   1.7281E+00
   1.0020E+03   1.5678E+00
   1.0030E+03   1.3907E+00
   1.0030E+03   1.3424E+00
   1.0030E+03   1.4209E+00
   1.0030E+03   1.3424E+00
   1.0030E+03   1.4209E+00
   1.0030E+03   1.3424E+00
   1.0030E+03   1.4209E+00
   1.0030E+03   1.3424E+00
   1.0030E+03   1.4209E+00
   1.0030E+03   1.3424E+00
   1.0030E+03   1.4209E+00
   1.0030E+03   1.3424E+00
   1.0030E+03   1.4209E+00
   1.0040E+03   1.2912E+00
   1.0040E+03   1.3424E+00
   1.0040E+03   1.2912E+00
   1.0050E+03   1.1828E+00
   1.0050E+03   1.3424E+00
   1.0050E+03   1.1828E+00
   1.0060E+03   1.0930E+00
   1.0070E+03   1.0776E+00
   1.0080E+03   1.1358E+00
   1.0090E+03   1.2768E+00
   1.0090E+03   1.3424E+00
   1.0090E+03   1.2242E+00
   1.0100E+03   1.3814E+00
   1.0110E+03   1.4845E+00
   1.0120E+03   1.5081E+00
   1.0130E+03   1.4561E+00
   1.0140E+03   1.3780E+00
   1.0150E+03   1.3439E+00
   1.0160E+03   1.3928E+00
   1.0170E+03   1.4962E+00
   1.0180E+03   1.5709E+00
   1.0190E+03   1.6045E+00
   1.0200E+03   1.5455E+00
   1.0210E+03   1.4550E+00
   1.0220E+03   1.3151E+00
   1.0230E+03   1.2425E+00
   1.0240E+03   1.2536E+00
   1.0240E+03   1.3424E+00
   1.0240E+03   1.2525E+00
   1.0250E+03   1.3366E+00
   1.0250E+03   1.3424E+00
   1.0250E+03   1.3325E+00
   1.0260E+03   1.4356E+00
   1.0270E+03   1.4446E+00
   1.0280E+03   1.3579E+00
   1.0280E+03   1.3424E+00
   1.0280E+03   1.3941E+00
   1.0290E+03   1.2528E+00
   1.0300E+03   1.1000E+00
   1.0310E+03   1.0304E+00
   1.0320E+03   1.0135E+00
   1.0330E+03   1.0479E+00
   1.0340E+03   1.0861E+00
   1.0350E+03   1.0996E+00
   1.0360E+03   1.0993E+00
   1.0370E+03   1.0793E+00
   1.0380E+03   1.0675E+00
   1.0390E+03   1.0546E+00
   1.0400E+03   1.0533E+00
   1.0410E+03   1.0544E+00
   1.0420E+03   1.0871E+00
   1.0430E+03   1.1654E+00
   1.0440E+03   1.2590E+00
   1.0440E+03   1.3424E+00
   1.0440E+03   1.2383E+00
   1.0440E+03   1.3424E+00
   1.0440E+03   1.3424E+00
   1.0440E+03   1.3424E+00
   1.0440E+03   1.2383E+00
   1.0440E+03   1.3424E+00
   1.0440E+03   1.2383E+00
   1.0440E+03   1.3424E+00
   1.0440E+03   1.2383E+00
   1.0440E+03   1.3424E+00
   1.0440E+03   1.2383E+00
   1.0440E+03   1.3424E+00
   1.0440E+03   1.2383E+00
