   0.0000E+00   1.3424E+00
   0.0000E+00   9.4021E-01
   1.0000E+00   9.4100E-01
   2.0000E+00   1.0015E+00
   3.0000E+00   1.1297E+00
   4.0000E+00   1.3254E+00
   5.0000E+00   1.5564E+00
   6.0000E+00   1.7179E+00
   7.0000E+00   1.7903E+00
   8.0000E+00   1.7768E+00
   9.0000E+00   1.6973E+00
   1.0000E+01   1.6024E+00
   1.1000E+01   1.5087E+00
   1.2000E+01   1.4019E+00
   1.3000E+01   1.3073E+00
   1.4000E+01   1.2411E+00
   1.5000E+01   1.2074E+00
   1.6000E+01   1.2076E+00
   1.7000E+01   1.2328E+00
   1.8000E+01   1.2757E+00
   1.9000E+01   1.3338E+00
   2.0000E+01   1.4147E+00
   2.1000E+01   1.4817E+00
   2.2000E+01   1.5191E+00
   2.3000E+01   1.5263E+00
   2.4000E+01   1.5005E+00
   2.5000E+01   1.4738E+00
   2.6000E+01   1.4599E+00
   2.7000E+01   1.4621E+00
   2.8000E+01   1.4787E+00
   2.9000E+01   1.5117E+00
   3.0000E+01   1.5655E+00
   3.1000E+01   1.6382E+00
   3.2000E+01   1.7290E+00
   3.3000E+01   1.7842E+00
   3.4000E+01   1.7816E+00
   3.5000E+01   1.7241E+00
   3.6000E+01   1.6209E+00
   3.7000E+01   1.5587E+00
   3.8000E+01   1.5683E+00
   3.9000E+01   1.6469E+00
   4.0000E+01   1.7785E+00
   4.1000E+01   1.8681E+00
   4.2000E+01   1.8922E+00
   4.3000E+01   1.8509E+00
   4.4000E+01   1.7559E+00
   4.5000E+01   1.6583E+00
   4.6000E+01   1.5604E+00
   4.7000E+01   1.4590E+00
   4.8000E+01   1.3686E+00
   4.9000E+01   1.2948E+00
   5.0000E+01   1.2384E+00
   5.1000E+01   1.2023E+00
   5.2000E+01   1.1934E+00
   5.3000E+01   1.2307E+00
   5.4000E+01   1.3137E+00
   5.5000E+01   1.4411E+00
   5.6000E+01   1.5734E+00
   5.7000E+01   1.6385E+00
   5.8000E+01   1.6337E+00
   5.9000E+01   1.5607E+00
   6.0000E+01   1.4584E+00
   6.1000E+01   1.3846E+00
   6.2000E+01   1.3334E+00
   6.3000E+01   1.3067E+00
   6.4000E+01   1.3103E+00
   6.5000E+01   1.3461E+00
   6.6000E+01   1.4153E+00
   6.7000E+01   1.5210E+00
   6.8000E+01   1.6129E+00
   6.9000E+01   1.6738E+00
   7.0000E+01   1.7034E+00
   7.1000E+01   1.7001E+00
   7.2000E+01   1.6792E+00
   7.3000E+01   1.6472E+00
   7.4000E+01   1.6085E+00
   7.5000E+01   1.5590E+00
   7.6000E+01   1.5098E+00
   7.7000E+01   1.4587E+00
   7.8000E+01   1.4108E+00
   7.9000E+01   1.3692E+00
   8.0000E+01   1.3092E+00
   8.1000E+01   1.2265E+00
   8.2000E+01   1.1336E+00
   8.3000E+01   1.0249E+00
   8.4000E+01   9.5769E-01
   8.5000E+01   9.3826E-01
   8.6000E+01   9.6561E-01
   8.7000E+01   1.0401E+00
   8.8000E+01   1.1692E+00
   8.9000E+01   1.3515E+00
   9.0000E+01   1.5935E+00
   9.1000E+01   1.8394E+00
   9.2000E+01   1.9636E+00
   9.3000E+01   1.9581E+00
   9.4000E+01   1.8188E+00
   9.5000E+01   1.6146E+00
   9.6000E+01   1.4844E+00
   9.7000E+01   1.4334E+00
   9.8000E+01   1.4614E+00
   9.9000E+01   1.5353E+00
   1.0000E+02   1.6120E+00
   1.0100E+02   1.6795E+00
   1.0200E+02   1.7470E+00
   1.0300E+02   1.8041E+00
   1.0400E+02   1.8312E+00
   1.0500E+02   1.8329E+00
   1.0600E+02   1.8081E+00
   1.0700E+02   1.7783E+00
   1.0800E+02   1.7547E+00
   1.0900E+02   1.7393E+00
   1.1000E+02   1.7292E+00
   1.1100E+02   1.7283E+00
   1.1200E+02   1.7356E+00
   1.1300E+02   1.7522E+00
   1.1400E+02   1.7785E+00
   1.1500E+02   1.7998E+00
   1.1600E+02   1.8161E+00
   1.1700E+02   1.8221E+00
   1.1800E+02   1.8229E+00
   1.1900E+02   1.8234E+00
   1.2000E+02   1.8253E+00
   1.2100E+02   1.8305E+00
   1.2200E+02   1.8343E+00
   1.2300E+02   1.8472E+00
   1.2400E+02   1.8661E+00
   1.2500E+02   1.8899E+00
   1.2600E+02   1.9192E+00
   1.2700E+02   1.9371E+00
   1.2800E+02   1.9447E+00
   1.2900E+02   1.9372E+00
   1.3000E+02   1.9205E+00
   1.3100E+02   1.8732E+00
   1.3200E+02   1.7986E+00
   1.3300E+02   1.6946E+00
   1.3400E+02   1.5760E+00
   1.3500E+02   1.4741E+00
   1.3600E+02   1.3961E+00
   1.3700E+02   1.3360E+00
   1.3800E+02   1.2796E+00
   1.3900E+02   1.2084E+00
   1.4000E+02   1.1198E+00
   1.4100E+02   1.0160E+00
   1.4200E+02   9.2462E-01
   1.4300E+02   8.6026E-01
   1.4400E+02   8.2815E-01
   1.4500E+02   8.2935E-01
   1.4600E+02   8.3716E-01
   1.4700E+02   8.2870E-01
   1.4800E+02   8.0455E-01
   1.4900E+02   7.6312E-01
   1.5000E+02   7.4390E-01
   1.5100E+02   7.6445E-01
   1.5200E+02   8.2599E-01
   1.5300E+02   9.3283E-01
   1.5400E+02   1.0404E+00
   1.5500E+02   1.1519E+00
   1.5600E+02   1.2551E+00
   1.5700E+02   1.3491E+00
   1.5800E+02   1.4052E+00
   1.5900E+02   1.4013E+00
   1.6000E+02   1.3458E+00
   1.6100E+02   1.2368E+00
   1.6200E+02   1.1077E+00
   1.6300E+02   9.7943E-01
   1.6400E+02   8.4285E-01
   1.6500E+02   7.1554E-01
   1.6600E+02   7.1323E-01
   1.6700E+02   8.5432E-01
   1.6800E+02   1.1435E+00
   1.6900E+02   1.5173E+00
   1.7000E+02   1.7500E+00
   1.7100E+02   1.8118E+00
   1.7200E+02   1.7009E+00
   1.7300E+02   1.4533E+00
   1.7400E+02   1.1978E+00
   1.7500E+02   9.3652E-01
   1.7600E+02   6.7000E-01
   1.7700E+02   4.4137E-01
   1.7800E+02   3.5421E-01
   1.7900E+02   4.1009E-01
   1.8000E+02   6.1134E-01
   1.8100E+02   8.6518E-01
   1.8200E+02   1.0328E+00
   1.8300E+02   1.1122E+00
   1.8400E+02   1.1021E+00
   1.8500E+02   1.0427E+00
   1.8600E+02   9.8790E-01
   1.8700E+02   9.4304E-01
   1.8800E+02   8.9686E-01
   1.8900E+02   8.8460E-01
   1.9000E+02   9.2770E-01
   1.9100E+02   1.0239E+00
   1.9200E+02   1.1762E+00
   1.9300E+02   1.2982E+00
   1.9400E+02   1.3525E+00
   1.9500E+02   1.3349E+00
   1.9600E+02   1.2502E+00
   1.9700E+02   1.1607E+00
   1.9800E+02   1.0997E+00
   1.9900E+02   1.0641E+00
   2.0000E+02   1.0570E+00
   2.0100E+02   1.1124E+00
   2.0200E+02   1.2427E+00
   2.0300E+02   1.4413E+00
   2.0400E+02   1.6987E+00
   2.0500E+02   1.8785E+00
   2.0600E+02   1.9520E+00
   2.0700E+02   1.9163E+00
   2.0800E+02   1.7963E+00
   2.0900E+02   1.6904E+00
   2.1000E+02   1.6093E+00
   2.1100E+02   1.5578E+00
   2.1200E+02   1.5363E+00
   2.1300E+02   1.5483E+00
   2.1400E+02   1.5965E+00
   2.1500E+02   1.6787E+00
   2.1600E+02   1.7732E+00
   2.1700E+02   1.8448E+00
   2.1800E+02   1.8907E+00
   2.1900E+02   1.9058E+00
   2.2000E+02   1.9109E+00
   2.2100E+02   1.9331E+00
   2.2200E+02   1.9734E+00
   2.2300E+02   2.0381E+00
   2.2300E+02   1.3424E+00
   2.2300E+02   2.0341E+00
   2.2400E+02   2.0847E+00
   2.2500E+02   2.0743E+00
   2.2600E+02   2.0140E+00
   2.2700E+02   1.8871E+00
   2.2800E+02   1.7805E+00
   2.2900E+02   1.7255E+00
   2.3000E+02   1.7301E+00
   2.3100E+02   1.7763E+00
   2.3200E+02   1.8244E+00
   2.3300E+02   1.8106E+00
   2.3400E+02   1.7465E+00
   2.3500E+02   1.6791E+00
   2.3600E+02   1.5781E+00
   2.3700E+02   1.5090E+00
   2.3800E+02   1.4623E+00
   2.3900E+02   1.4314E+00
   2.4000E+02   1.4164E+00
   2.4100E+02   1.4009E+00
   2.4200E+02   1.3936E+00
   2.4300E+02   1.3916E+00
   2.4400E+02   1.4280E+00
   2.4500E+02   1.5193E+00
   2.4600E+02   1.6093E+00
   2.4700E+02   1.7294E+00
   2.4800E+02   1.8246E+00
   2.4900E+02   1.8512E+00
   2.5000E+02   1.8194E+00
   2.5100E+02   1.7431E+00
   2.5200E+02   1.7060E+00
   2.5300E+02   1.6899E+00
   2.5400E+02   1.7111E+00
   2.5500E+02   1.7270E+00
   2.5600E+02   1.7155E+00
   2.5700E+02   1.6622E+00
   2.5800E+02   1.5660E+00
   2.5900E+02   1.4746E+00
   2.6000E+02   1.4543E+00
   2.6100E+02   1.5319E+00
   2.6200E+02   1.6434E+00
   2.6300E+02   1.7521E+00
   2.6400E+02   1.8506E+00
   2.6500E+02   1.8869E+00
   2.6600E+02   1.8655E+00
   2.6700E+02   1.8378E+00
   2.6800E+02   1.8115E+00
   2.6900E+02   1.8016E+00
   2.7000E+02   1.8043E+00
   2.7100E+02   1.8130E+00
   2.7200E+02   1.8259E+00
   2.7300E+02   1.8643E+00
   2.7400E+02   1.8947E+00
   2.7500E+02   1.9182E+00
   2.7600E+02   1.9416E+00
   2.7700E+02   1.9650E+00
   2.7800E+02   1.9977E+00
   2.7900E+02   2.0094E+00
   2.8000E+02   2.0042E+00
   2.8100E+02   1.9752E+00
   2.8200E+02   1.9215E+00
   2.8300E+02   1.8752E+00
   2.8400E+02   1.8124E+00
   2.8500E+02   1.7282E+00
   2.8600E+02   1.6277E+00
   2.8700E+02   1.5750E+00
   2.8800E+02   1.5823E+00
   2.8900E+02   1.6514E+00
   2.9000E+02   1.7403E+00
   2.9100E+02   1.7957E+00
   2.9200E+02   1.8216E+00
   2.9300E+02   1.8038E+00
   2.9400E+02   1.7586E+00
   2.9500E+02   1.7034E+00
   2.9600E+02   1.6341E+00
   2.9700E+02   1.5726E+00
   2.9800E+02   1.5248E+00
   2.9900E+02   1.5351E+00
   3.0000E+02   1.6114E+00
   3.0100E+02   1.7131E+00
   3.0200E+02   1.8001E+00
   3.0300E+02   1.8748E+00
   3.0400E+02   1.9062E+00
   3.0500E+02   1.8907E+00
   3.0600E+02   1.8553E+00
   3.0700E+02   1.8547E+00
   3.0800E+02   1.8813E+00
   3.0900E+02   1.9348E+00
   3.1000E+02   1.9560E+00
   3.1100E+02   1.9139E+00
   3.1200E+02   1.8114E+00
   3.1300E+02   1.6964E+00
   3.1400E+02   1.5784E+00
   3.1500E+02   1.5565E+00
   3.1600E+02   1.6407E+00
   3.1700E+02   1.7779E+00
   3.1800E+02   1.9142E+00
   3.1900E+02   1.9601E+00
   3.2000E+02   1.9328E+00
   3.2100E+02   1.8349E+00
   3.2200E+02   1.7584E+00
   3.2300E+02   1.7486E+00
   3.2400E+02   1.8204E+00
   3.2500E+02   1.8854E+00
   3.2600E+02   1.9706E+00
   3.2700E+02   2.0300E+00
   3.2800E+02   2.0495E+00
   3.2900E+02   2.0446E+00
   3.3000E+02   2.0367E+00
   3.3100E+02   2.0223E+00
   3.3200E+02   2.0072E+00
   3.3300E+02   1.9718E+00
   3.3400E+02   1.9530E+00
   3.3500E+02   1.9348E+00
   3.3600E+02   1.9099E+00
   3.3700E+02   1.8966E+00
   3.3800E+02   1.8555E+00
   3.3900E+02   1.8257E+00
   3.4000E+02   1.7916E+00
   3.4100E+02   1.7586E+00
   3.4200E+02   1.7523E+00
   3.4300E+02   1.7841E+00
   3.4400E+02   1.8147E+00
   3.4500E+02   1.8717E+00
   3.4600E+02   1.9439E+00
   3.4700E+02   1.9949E+00
   3.4800E+02   2.0234E+00
   3.4900E+02   2.0463E+00
   3.5000E+02   2.0571E+00
   3.5100E+02   2.0234E+00
   3.5200E+02   2.0202E+00
   3.5300E+02   1.9955E+00
   3.5400E+02   1.9812E+00
   3.5500E+02   1.9916E+00
   3.5600E+02   2.0040E+00
   3.5700E+02   2.0145E+00
   3.5800E+02   2.0171E+00
   3.5900E+02   2.0027E+00
   3.6000E+02   1.9871E+00
   3.6100E+02   1.9696E+00
   3.6200E+02   1.9405E+00
   3.6300E+02   1.9074E+00
   3.6400E+02   1.8858E+00
   3.6500E+02   1.8722E+00
   3.6600E+02   1.8645E+00
   3.6700E+02   1.8756E+00
   3.6800E+02   1.8845E+00
   3.6900E+02   1.8939E+00
   3.7000E+02   1.8897E+00
   3.7100E+02   1.8790E+00
   3.7200E+02   1.8693E+00
   3.7300E+02   1.8589E+00
   3.7400E+02   1.8532E+00
   3.7500E+02   1.8547E+00
   3.7600E+02   1.8605E+00
   3.7700E+02   1.8694E+00
   3.7800E+02   1.8814E+00
   3.7900E+02   1.8963E+00
   3.8000E+02   1.9143E+00
   3.8100E+02   1.9667E+00
   3.8200E+02   1.9667E+00
   3.8300E+02   2.0021E+00
   3.8400E+02   2.0109E+00
   3.8500E+02   2.0082E+00
   3.8600E+02   1.9663E+00
   3.8700E+02   1.9373E+00
   3.8800E+02   1.8891E+00
   3.8900E+02   1.8900E+00
   3.9000E+02   1.9304E+00
   3.9100E+02   2.0090E+00
   3.9200E+02   2.0724E+00
   3.9300E+02   2.0899E+00
   3.9400E+02   2.0636E+00
   3.9500E+02   1.9777E+00
   3.9600E+02   1.8900E+00
   3.9700E+02   1.8431E+00
   3.9800E+02   1.7943E+00
   3.9900E+02   1.7720E+00
   4.0000E+02   1.7495E+00
   4.0100E+02   1.7411E+00
   4.0200E+02   1.7260E+00
   4.0300E+02   1.7109E+00
   4.0400E+02   1.7069E+00
   4.0500E+02   1.7168E+00
   4.0600E+02   1.7293E+00
   4.0700E+02   1.7408E+00
   4.0800E+02   1.7762E+00
   4.0900E+02   1.8187E+00
   4.1000E+02   1.8615E+00
   4.1100E+02   1.9027E+00
   4.1200E+02   1.8931E+00
   4.1300E+02   1.7949E+00
   4.1400E+02   1.7274E+00
   4.1500E+02   1.5573E+00
   4.1600E+02   1.4508E+00
   4.1700E+02   1.4066E+00
   4.1800E+02   1.4175E+00
   4.1900E+02   1.4812E+00
   4.2000E+02   1.5658E+00
   4.2100E+02   1.6680E+00
   4.2200E+02   1.7454E+00
   4.2300E+02   1.8451E+00
   4.2400E+02   1.8710E+00
   4.2500E+02   1.8247E+00
   4.2600E+02   1.7162E+00
   4.2700E+02   1.5692E+00
   4.2800E+02   1.5076E+00
   4.2900E+02   1.5106E+00
   4.3000E+02   1.5714E+00
   4.3100E+02   1.6533E+00
   4.3200E+02   1.7064E+00
   4.3300E+02   1.7385E+00
   4.3400E+02   1.7514E+00
   4.3500E+02   1.7534E+00
   4.3600E+02   1.7583E+00
   4.3700E+02   1.7639E+00
   4.3800E+02   1.7669E+00
   4.3900E+02   1.7469E+00
   4.4000E+02   1.7148E+00
   4.4100E+02   1.6511E+00
   4.4200E+02   1.5496E+00
   4.4300E+02   1.5001E+00
   4.4400E+02   1.4984E+00
   4.4500E+02   1.5582E+00
   4.4600E+02   1.6711E+00
   4.4700E+02   1.7420E+00
   4.4800E+02   1.7917E+00
   4.4900E+02   1.8025E+00
   4.5000E+02   1.7835E+00
   4.5100E+02   1.7913E+00
   4.5200E+02   1.8306E+00
   4.5300E+02   1.9151E+00
   4.5400E+02   1.9769E+00
   4.5500E+02   2.0461E+00
   4.5600E+02   2.0696E+00
   4.5700E+02   2.0550E+00
   4.5800E+02   2.0172E+00
   4.5900E+02   1.9530E+00
   4.6000E+02   1.8448E+00
   4.6100E+02   1.7605E+00
   4.6200E+02   1.6427E+00
   4.6300E+02   1.5530E+00
   4.6400E+02   1.5133E+00
   4.6500E+02   1.5220E+00
   4.6600E+02   1.5286E+00
   4.6700E+02   1.5123E+00
   4.6800E+02   1.4667E+00
   4.6900E+02   1.3777E+00
   4.6900E+02   1.3424E+00
   4.6900E+02   1.4101E+00
   4.7000E+02   1.3191E+00
   4.7100E+02   1.2106E+00
   4.7200E+02   1.0952E+00
   4.7300E+02   1.0055E+00
   4.7400E+02   9.2587E-01
   4.7500E+02   9.0351E-01
   4.7500E+02   1.3424E+00
   4.7500E+02   9.0325E-01
   4.7600E+02   9.3986E-01
   4.7700E+02   1.0382E+00
   4.7800E+02   1.1796E+00
   4.7900E+02   1.3066E+00
   4.8000E+02   1.4327E+00
   4.8100E+02   1.5769E+00
   4.8200E+02   1.6929E+00
   4.8300E+02   1.7282E+00
   4.8400E+02   1.6962E+00
   4.8500E+02   1.6431E+00
   4.8600E+02   1.5880E+00
   4.8700E+02   1.5739E+00
   4.8800E+02   1.6123E+00
   4.8900E+02   1.6500E+00
   4.9000E+02   1.6987E+00
   4.9100E+02   1.7361E+00
   4.9200E+02   1.7597E+00
   4.9300E+02   1.7659E+00
   4.9400E+02   1.7596E+00
   4.9500E+02   1.7491E+00
   4.9600E+02   1.7301E+00
   4.9700E+02   1.6994E+00
   4.9800E+02   1.6803E+00
   4.9900E+02   1.6711E+00
   5.0000E+02   1.6734E+00
   5.0100E+02   1.6871E+00
   5.0200E+02   1.7126E+00
   5.0300E+02   1.7394E+00
   5.0400E+02   1.7950E+00
   5.0500E+02   1.8523E+00
   5.0600E+02   1.8955E+00
   5.0700E+02   1.9157E+00
   5.0800E+02   1.9127E+00
   5.0900E+02   1.9062E+00
   5.1000E+02   1.9095E+00
   5.1100E+02   1.9228E+00
   5.1200E+02   1.9410E+00
   5.1300E+02   1.9684E+00
   5.1400E+02   1.9891E+00
   5.1500E+02   2.0044E+00
   5.1600E+02   2.0100E+00
   5.1700E+02   2.0160E+00
   5.1800E+02   2.0146E+00
   5.1900E+02   2.0056E+00
   5.2000E+02   1.9984E+00
   5.2100E+02   1.9782E+00
   5.2200E+02   1.9503E+00
   5.2300E+02   1.9148E+00
   5.2400E+02   1.8764E+00
   5.2500E+02   1.8612E+00
   5.2600E+02   1.8505E+00
   5.2700E+02   1.8547E+00
   5.2800E+02   1.8671E+00
   5.2900E+02   1.8481E+00
   5.3000E+02   1.7697E+00
   5.3100E+02   1.6606E+00
   5.3200E+02   1.5093E+00
   5.3300E+02   1.3905E+00
   5.3400E+02   1.3585E+00
   5.3500E+02   1.3966E+00
   5.3600E+02   1.4722E+00
   5.3700E+02   1.5874E+00
   5.3800E+02   1.7007E+00
   5.3900E+02   1.8063E+00
   5.4000E+02   1.9271E+00
   5.4100E+02   1.9962E+00
   5.4200E+02   2.0311E+00
   5.4300E+02   2.0106E+00
   5.4400E+02   1.9762E+00
   5.4500E+02   1.9381E+00
   5.4600E+02   1.9115E+00
   5.4700E+02   1.9004E+00
   5.4800E+02   1.8979E+00
   5.4900E+02   1.9105E+00
   5.5000E+02   1.9809E+00
   5.5100E+02   2.0159E+00
   5.5200E+02   2.0537E+00
   5.5300E+02   2.0533E+00
   5.5400E+02   1.9997E+00
   5.5500E+02   1.9288E+00
   5.5600E+02   1.8431E+00
   5.5700E+02   1.8084E+00
   5.5800E+02   1.8211E+00
   5.5900E+02   1.8625E+00
   5.6000E+02   1.9081E+00
   5.6100E+02   1.9531E+00
   5.6200E+02   1.9822E+00
   5.6300E+02   1.9899E+00
   5.6400E+02   2.0021E+00
   5.6500E+02   2.0143E+00
   5.6600E+02   2.0198E+00
   5.6700E+02   2.0201E+00
   5.6800E+02   2.0040E+00
   5.6900E+02   1.9867E+00
   5.7000E+02   1.9147E+00
   5.7100E+02   1.8999E+00
   5.7200E+02   1.8567E+00
   5.7300E+02   1.8207E+00
   5.7400E+02   1.8086E+00
   5.7500E+02   1.8001E+00
   5.7600E+02   1.7895E+00
   5.7700E+02   1.7806E+00
   5.7800E+02   1.7502E+00
   5.7900E+02   1.7434E+00
   5.8000E+02   1.7207E+00
   5.8100E+02   1.6813E+00
   5.8200E+02   1.6156E+00
   5.8300E+02   1.5761E+00
   5.8400E+02   1.5559E+00
   5.8500E+02   1.5706E+00
   5.8600E+02   1.6200E+00
   5.8700E+02   1.7010E+00
   5.8800E+02   1.7512E+00
   5.8900E+02   1.8541E+00
   5.9000E+02   1.9605E+00
   5.9100E+02   2.0456E+00
   5.9200E+02   2.0399E+00
   5.9300E+02   1.9124E+00
   5.9400E+02   1.7834E+00
   5.9500E+02   1.5969E+00
   5.9600E+02   1.5206E+00
   5.9700E+02   1.5536E+00
   5.9800E+02   1.7119E+00
   5.9900E+02   1.8535E+00
   6.0000E+02   1.9266E+00
   6.0100E+02   1.9115E+00
   6.0200E+02   1.8134E+00
   6.0300E+02   1.7428E+00
   6.0400E+02   1.7178E+00
   6.0500E+02   1.7563E+00
   6.0600E+02   1.8690E+00
   6.0700E+02   1.9544E+00
   6.0800E+02   2.0270E+00
   6.0900E+02   2.0908E+00
   6.1000E+02   2.1144E+00
   6.1100E+02   2.1061E+00
   6.1200E+02   2.0611E+00
   6.1300E+02   1.9695E+00
   6.1400E+02   1.8666E+00
   6.1500E+02   1.7950E+00
   6.1600E+02   1.7782E+00
   6.1700E+02   1.8399E+00
   6.1800E+02   1.8896E+00
   6.1900E+02   1.8927E+00
   6.2000E+02   1.8018E+00
   6.2100E+02   1.6545E+00
   6.2200E+02   1.4390E+00
   6.2300E+02   1.3632E+00
   6.2400E+02   1.4381E+00
   6.2500E+02   1.6514E+00
   6.2600E+02   1.9134E+00
   6.2700E+02   2.0714E+00
   6.2800E+02   2.0869E+00
   6.2900E+02   1.9388E+00
   6.3000E+02   1.7669E+00
   6.3100E+02   1.6274E+00
   6.3200E+02   1.5473E+00
   6.3300E+02   1.5328E+00
   6.3400E+02   1.5744E+00
   6.3500E+02   1.6236E+00
   6.3600E+02   1.6944E+00
   6.3700E+02   1.7714E+00
   6.3800E+02   1.8396E+00
   6.3900E+02   1.8333E+00
   6.4000E+02   1.7608E+00
   6.4100E+02   1.6555E+00
   6.4200E+02   1.5475E+00
   6.4300E+02   1.5046E+00
   6.4400E+02   1.5522E+00
   6.4500E+02   1.6367E+00
   6.4600E+02   1.7407E+00
   6.4700E+02   1.8035E+00
   6.4800E+02   1.8204E+00
   6.4900E+02   1.7975E+00
   6.5000E+02   1.7856E+00
   6.5100E+02   1.8142E+00
   6.5200E+02   1.8666E+00
   6.5300E+02   1.9049E+00
   6.5400E+02   1.9463E+00
   6.5500E+02   1.9331E+00
   6.5600E+02   1.8726E+00
   6.5700E+02   1.8255E+00
   6.5800E+02   1.7623E+00
   6.5900E+02   1.7277E+00
   6.6000E+02   1.7057E+00
   6.6100E+02   1.7060E+00
   6.6200E+02   1.7143E+00
   6.6300E+02   1.7272E+00
   6.6400E+02   1.7507E+00
   6.6500E+02   1.7809E+00
   6.6600E+02   1.8006E+00
   6.6700E+02   1.8175E+00
   6.6800E+02   1.8326E+00
   6.6900E+02   1.8350E+00
   6.7000E+02   1.8315E+00
   6.7100E+02   1.8167E+00
   6.7200E+02   1.8167E+00
   6.7300E+02   1.8141E+00
   6.7400E+02   1.8148E+00
   6.7500E+02   1.8328E+00
   6.7600E+02   1.8479E+00
   6.7700E+02   1.8450E+00
   6.7800E+02   1.7874E+00
   6.7900E+02   1.6920E+00
   6.8000E+02   1.5207E+00
   6.8100E+02   1.3799E+00
   6.8200E+02   1.3577E+00
   6.8300E+02   1.4242E+00
   6.8400E+02   1.5927E+00
   6.8500E+02   1.7134E+00
   6.8600E+02   1.7338E+00
   6.8700E+02   1.6270E+00
   6.8800E+02   1.4519E+00
   6.8900E+02   1.2765E+00
   6.9000E+02   1.1694E+00
   6.9100E+02   1.1355E+00
   6.9200E+02   1.1728E+00
   6.9300E+02   1.2578E+00
   6.9400E+02   1.3393E+00
   6.9500E+02   1.4334E+00
   6.9600E+02   1.5657E+00
   6.9700E+02   1.6480E+00
   6.9800E+02   1.6920E+00
   6.9900E+02   1.6855E+00
   7.0000E+02   1.6487E+00
   7.0100E+02   1.5818E+00
   7.0200E+02   1.5160E+00
   7.0300E+02   1.4280E+00
   7.0400E+02   1.3944E+00
   7.0500E+02   1.3793E+00
   7.0600E+02   1.4223E+00
   7.0700E+02   1.5236E+00
   7.0800E+02   1.6425E+00
   7.0900E+02   1.7417E+00
   7.1000E+02   1.8217E+00
   7.1100E+02   1.8613E+00
   7.1200E+02   1.8651E+00
   7.1300E+02   1.8217E+00
   7.1400E+02   1.7566E+00
   7.1500E+02   1.6809E+00
   7.1600E+02   1.5665E+00
   7.1700E+02   1.4702E+00
   7.1800E+02   1.4138E+00
   7.1900E+02   1.3611E+00
   7.1900E+02   1.3424E+00
   7.1900E+02   1.3719E+00
   7.2000E+02   1.3367E+00
   7.2100E+02   1.3065E+00
   7.2200E+02   1.2785E+00
   7.2300E+02   1.2537E+00
   7.2400E+02   1.2609E+00
   7.2500E+02   1.3264E+00
   7.2500E+02   1.3424E+00
   7.2500E+02   1.2939E+00
   7.2600E+02   1.3704E+00
   7.2700E+02   1.4857E+00
   7.2800E+02   1.6117E+00
   7.2900E+02   1.6965E+00
   7.3000E+02   1.7451E+00
   7.3100E+02   1.7813E+00
   7.3200E+02   1.7784E+00
   7.3300E+02   1.7382E+00
   7.3400E+02   1.6434E+00
   7.3500E+02   1.5298E+00
   7.3600E+02   1.4500E+00
   7.3700E+02   1.4473E+00
   7.3800E+02   1.5064E+00
   7.3900E+02   1.6308E+00
   7.4000E+02   1.7278E+00
   7.4100E+02   1.7635E+00
   7.4200E+02   1.7524E+00
   7.4300E+02   1.7053E+00
   7.4400E+02   1.6632E+00
   7.4500E+02   1.6449E+00
   7.4600E+02   1.6452E+00
   7.4700E+02   1.6542E+00
   7.4800E+02   1.6577E+00
   7.4900E+02   1.6546E+00
   7.5000E+02   1.6389E+00
   7.5100E+02   1.6384E+00
   7.5200E+02   1.6638E+00
   7.5300E+02   1.7098E+00
   7.5400E+02   1.7904E+00
   7.5500E+02   1.8799E+00
   7.5600E+02   1.9205E+00
   7.5700E+02   1.9201E+00
   7.5800E+02   1.8704E+00
   7.5900E+02   1.8229E+00
   7.6000E+02   1.7983E+00
   7.6100E+02   1.8006E+00
   7.6200E+02   1.8401E+00
   7.6300E+02   1.8698E+00
   7.6400E+02   1.8886E+00
   7.6500E+02   1.8841E+00
   7.6600E+02   1.8643E+00
   7.6700E+02   1.8397E+00
   7.6800E+02   1.8284E+00
   7.6900E+02   1.8309E+00
   7.7000E+02   1.8347E+00
   7.7100E+02   1.8346E+00
   7.7200E+02   1.8271E+00
   7.7300E+02   1.8086E+00
   7.7400E+02   1.7837E+00
   7.7500E+02   1.7502E+00
   7.7600E+02   1.7063E+00
   7.7700E+02   1.6573E+00
   7.7800E+02   1.5915E+00
   7.7900E+02   1.5672E+00
   7.8000E+02   1.5882E+00
   7.8100E+02   1.6679E+00
   7.8200E+02   1.7164E+00
   7.8300E+02   1.7903E+00
   7.8400E+02   1.8578E+00
   7.8500E+02   1.8994E+00
   7.8600E+02   1.9316E+00
   7.8700E+02   1.9452E+00
   7.8800E+02   1.9565E+00
   7.8900E+02   1.9568E+00
   7.9000E+02   1.9539E+00
   7.9100E+02   1.9592E+00
   7.9200E+02   1.9770E+00
   7.9300E+02   1.9961E+00
   7.9400E+02   1.9993E+00
   7.9500E+02   1.9773E+00
   7.9600E+02   1.8990E+00
   7.9700E+02   1.8394E+00
   7.9800E+02   1.7420E+00
   7.9900E+02   1.6276E+00
   8.0000E+02   1.5324E+00
   8.0100E+02   1.4444E+00
   8.0200E+02   1.4123E+00
   8.0300E+02   1.4073E+00
   8.0400E+02   1.4474E+00
   8.0500E+02   1.5513E+00
   8.0600E+02   1.6170E+00
   8.0700E+02   1.7167E+00
   8.0800E+02   1.8005E+00
   8.0900E+02   1.8866E+00
   8.1000E+02   1.9148E+00
   8.1100E+02   1.8996E+00
   8.1200E+02   1.8063E+00
   8.1300E+02   1.6979E+00
   8.1400E+02   1.6005E+00
   8.1500E+02   1.5867E+00
   8.1600E+02   1.6692E+00
   8.1700E+02   1.7598E+00
   8.1800E+02   1.8755E+00
   8.1900E+02   1.9201E+00
   8.2000E+02   1.9199E+00
   8.2100E+02   1.8711E+00
   8.2200E+02   1.8410E+00
   8.2300E+02   1.8270E+00
   8.2400E+02   1.8332E+00
   8.2500E+02   1.8531E+00
   8.2600E+02   1.8709E+00
   8.2700E+02   1.8874E+00
   8.2800E+02   1.8934E+00
   8.2900E+02   1.9061E+00
   8.3000E+02   1.9229E+00
   8.3100E+02   1.9411E+00
   8.3200E+02   1.9634E+00
   8.3300E+02   1.9894E+00
   8.3400E+02   1.9924E+00
   8.3500E+02   1.9702E+00
   8.3600E+02   1.9117E+00
   8.3700E+02   1.8854E+00
   8.3800E+02   1.8652E+00
   8.3900E+02   1.8738E+00
   8.4000E+02   1.9121E+00
   8.4100E+02   1.9353E+00
   8.4200E+02   1.9483E+00
   8.4300E+02   1.9396E+00
   8.4400E+02   1.9104E+00
   8.4500E+02   1.8855E+00
   8.4600E+02   1.8683E+00
   8.4700E+02   1.8699E+00
   8.4800E+02   1.8868E+00
   8.4900E+02   1.9159E+00
   8.5000E+02   1.9543E+00
   8.5100E+02   1.9892E+00
   8.5200E+02   2.0273E+00
   8.5300E+02   2.0504E+00
   8.5400E+02   2.0420E+00
   8.5500E+02   1.9944E+00
   8.5600E+02   1.9633E+00
   8.5700E+02   1.9133E+00
   8.5800E+02   1.8930E+00
   8.5900E+02   1.9046E+00
   8.6000E+02   1.9259E+00
   8.6100E+02   1.9384E+00
   8.6200E+02   1.9209E+00
   8.6300E+02   1.8601E+00
   8.6400E+02   1.8372E+00
   8.6500E+02   1.8066E+00
   8.6600E+02   1.8081E+00
   8.6700E+02   1.8471E+00
   8.6800E+02   1.8781E+00
   8.6900E+02   1.9083E+00
   8.7000E+02   1.9261E+00
   8.7100E+02   1.9312E+00
   8.7200E+02   1.9271E+00
   8.7300E+02   1.9259E+00
   8.7400E+02   1.9322E+00
   8.7500E+02   1.9322E+00
   8.7600E+02   1.9373E+00
   8.7700E+02   1.9343E+00
   8.7800E+02   1.9207E+00
   8.7900E+02   1.9065E+00
   8.8000E+02   1.8857E+00
   8.8100E+02   1.8578E+00
   8.8200E+02   1.7806E+00
   8.8300E+02   1.7568E+00
   8.8400E+02   1.7150E+00
   8.8500E+02   1.6972E+00
   8.8600E+02   1.7156E+00
   8.8700E+02   1.7595E+00
   8.8800E+02   1.8010E+00
   8.8900E+02   1.7939E+00
   8.9000E+02   1.7431E+00
   8.9100E+02   1.6964E+00
   8.9200E+02   1.6237E+00
   8.9300E+02   1.5811E+00
   8.9400E+02   1.5476E+00
   8.9500E+02   1.5447E+00
   8.9600E+02   1.5082E+00
   8.9700E+02   1.4139E+00
   8.9800E+02   1.2605E+00
   8.9900E+02   1.0701E+00
   8.9900E+02   1.3424E+00
   8.9900E+02   1.0784E+00
   8.9900E+02   1.3424E+00
   8.9900E+02   1.3424E+00
   8.9900E+02   1.0784E+00
   8.9900E+02   1.3424E+00
   8.9900E+02   1.0784E+00
   8.9900E+02   1.3424E+00
   8.9900E+02   1.0784E+00
   8.9900E+02   1.3424E+00
   8.9900E+02   1.0784E+00
   9.0000E+02   9.4618E-01
   9.0000E+02   1.3424E+00
   9.0000E+02   9.2901E-01
   9.0100E+02   8.6178E-01
   9.0100E+02   1.3424E+00
   9.0100E+02   8.6178E-01
   9.0200E+02   8.8094E-01
   9.0200E+02   1.3424E+00
   9.0200E+02   8.7671E-01
   9.0200E+02   1.3424E+00
   9.0200E+02   8.7671E-01
   9.0200E+02   1.3424E+00
   9.0200E+02   1.3424E+00
   9.0200E+02   8.7671E-01
   9.0200E+02   1.3424E+00
   9.0200E+02   8.7671E-01
   9.0200E+02   1.3424E+00
   9.0200E+02   8.7671E-01
   9.0200E+02   1.3424E+00
   9.0200E+02   8.7671E-01
   9.0200E+02   1.3424E+00
   9.0200E+02   8.7671E-01
