   0.0000E+00   1.3424E+00
   0.0000E+00   9.4021E-01
   1.0000E+00   9.4100E-01
   2.0000E+00   1.0015E+00
   3.0000E+00   1.1297E+00
   4.0000E+00   1.3254E+00
   5.0000E+00   1.5583E+00
   6.0000E+00   1.7190E+00
   7.0000E+00   1.7903E+00
   8.0000E+00   1.7748E+00
   9.0000E+00   1.6973E+00
   1.0000E+01   1.6064E+00
   1.1000E+01   1.5040E+00
   1.2000E+01   1.4017E+00
   1.3000E+01   1.3067E+00
   1.4000E+01   1.2406E+00
   1.5000E+01   1.2077E+00
   1.6000E+01   1.2072E+00
   1.7000E+01   1.2330E+00
   1.8000E+01   1.2748E+00
   1.9000E+01   1.3374E+00
   2.0000E+01   1.4139E+00
   2.1000E+01   1.4811E+00
   2.2000E+01   1.5191E+00
   2.3000E+01   1.5260E+00
   2.4000E+01   1.5007E+00
   2.5000E+01   1.4724E+00
   2.6000E+01   1.4599E+00
   2.7000E+01   1.4622E+00
   2.8000E+01   1.4813E+00
   2.9000E+01   1.5160E+00
   3.0000E+01   1.5656E+00
   3.1000E+01   1.6404E+00
   3.2000E+01   1.7287E+00
   3.3000E+01   1.7841E+00
   3.4000E+01   1.7819E+00
   3.5000E+01   1.7253E+00
   3.6000E+01   1.6188E+00
   3.7000E+01   1.5587E+00
   3.8000E+01   1.5683E+00
   3.9000E+01   1.6469E+00
   4.0000E+01   1.7799E+00
   4.1000E+01   1.8676E+00
   4.2000E+01   1.8922E+00
   4.3000E+01   1.8516E+00
   4.4000E+01   1.7571E+00
   4.5000E+01   1.6589E+00
   4.6000E+01   1.5597E+00
   4.7000E+01   1.4628E+00
   4.8000E+01   1.3657E+00
   4.9000E+01   1.2948E+00
   5.0000E+01   1.2384E+00
   5.1000E+01   1.2023E+00
   5.2000E+01   1.1934E+00
   5.3000E+01   1.2298E+00
   5.4000E+01   1.3118E+00
   5.5000E+01   1.4402E+00
   5.6000E+01   1.5727E+00
   5.7000E+01   1.6378E+00
   5.8000E+01   1.6337E+00
   5.9000E+01   1.5612E+00
   6.0000E+01   1.4604E+00
   6.1000E+01   1.3834E+00
   6.2000E+01   1.3331E+00
   6.3000E+01   1.3073E+00
   6.4000E+01   1.3113E+00
   6.5000E+01   1.3467E+00
   6.6000E+01   1.4158E+00
   6.7000E+01   1.5189E+00
   6.8000E+01   1.6140E+00
   6.9000E+01   1.6760E+00
   7.0000E+01   1.7035E+00
   7.1000E+01   1.6997E+00
   7.2000E+01   1.6788E+00
   7.3000E+01   1.6498E+00
   7.4000E+01   1.6076E+00
   7.5000E+01   1.5563E+00
   7.6000E+01   1.5099E+00
   7.7000E+01   1.4606E+00
   7.8000E+01   1.4103E+00
   7.9000E+01   1.3663E+00
   8.0000E+01   1.3069E+00
   8.1000E+01   1.2298E+00
   8.2000E+01   1.1337E+00
   8.3000E+01   1.0262E+00
   8.4000E+01   9.5756E-01
   8.5000E+01   9.3825E-01
   8.6000E+01   9.6490E-01
   8.7000E+01   1.0395E+00
   8.8000E+01   1.1684E+00
   8.9000E+01   1.3515E+00
   9.0000E+01   1.5900E+00
   9.1000E+01   1.8394E+00
   9.2000E+01   1.9637E+00
   9.3000E+01   1.9572E+00
   9.4000E+01   1.8198E+00
   9.5000E+01   1.6147E+00
   9.6000E+01   1.4832E+00
   9.7000E+01   1.4335E+00
   9.8000E+01   1.4625E+00
   9.9000E+01   1.5354E+00
   1.0000E+02   1.6156E+00
   1.0100E+02   1.6813E+00
   1.0200E+02   1.7473E+00
   1.0300E+02   1.8020E+00
   1.0400E+02   1.8308E+00
   1.0500E+02   1.8330E+00
   1.0600E+02   1.8104E+00
   1.0700E+02   1.7799E+00
   1.0800E+02   1.7542E+00
   1.0900E+02   1.7394E+00
   1.1000E+02   1.7293E+00
   1.1100E+02   1.7286E+00
   1.1200E+02   1.7364E+00
   1.1300E+02   1.7522E+00
   1.1400E+02   1.7779E+00
   1.1500E+02   1.8009E+00
   1.1600E+02   1.8145E+00
   1.1700E+02   1.8229E+00
   1.1800E+02   1.8229E+00
   1.1900E+02   1.8233E+00
   1.2000E+02   1.8260E+00
   1.2100E+02   1.8293E+00
   1.2200E+02   1.8346E+00
   1.2300E+02   1.8461E+00
   1.2400E+02   1.8659E+00
   1.2500E+02   1.8890E+00
   1.2600E+02   1.9194E+00
   1.2700E+02   1.9371E+00
   1.2800E+02   1.9447E+00
   1.2900E+02   1.9394E+00
   1.3000E+02   1.9198E+00
   1.3100E+02   1.8719E+00
   1.3200E+02   1.8002E+00
   1.3300E+02   1.6944E+00
   1.3400E+02   1.5785E+00
   1.3500E+02   1.4726E+00
   1.3600E+02   1.3958E+00
   1.3700E+02   1.3355E+00
   1.3800E+02   1.2804E+00
   1.3900E+02   1.2096E+00
   1.4000E+02   1.1234E+00
   1.4100E+02   1.0218E+00
   1.4200E+02   9.2521E-01
   1.4300E+02   8.6043E-01
   1.4400E+02   8.2771E-01
   1.4500E+02   8.2931E-01
   1.4600E+02   8.3715E-01
   1.4700E+02   8.2910E-01
   1.4800E+02   8.0541E-01
   1.4900E+02   7.6321E-01
   1.5000E+02   7.4388E-01
   1.5100E+02   7.6529E-01
   1.5200E+02   8.2600E-01
   1.5300E+02   9.3346E-01
   1.5400E+02   1.0404E+00
   1.5500E+02   1.1519E+00
   1.5600E+02   1.2525E+00
   1.5700E+02   1.3499E+00
   1.5800E+02   1.4052E+00
   1.5900E+02   1.4022E+00
   1.6000E+02   1.3457E+00
   1.6100E+02   1.2371E+00
   1.6200E+02   1.1094E+00
   1.6300E+02   9.7986E-01
   1.6400E+02   8.4338E-01
   1.6500E+02   7.1617E-01
   1.6600E+02   7.1298E-01
   1.6700E+02   8.5754E-01
   1.6800E+02   1.1435E+00
   1.6900E+02   1.5199E+00
   1.7000E+02   1.7496E+00
   1.7100E+02   1.8117E+00
   1.7200E+02   1.7005E+00
   1.7300E+02   1.4528E+00
   1.7400E+02   1.1981E+00
   1.7500E+02   9.3652E-01
   1.7600E+02   6.6903E-01
   1.7600E+02   1.3424E+00
   1.7600E+02   6.7005E-01
   1.7700E+02   4.3891E-01
   1.7800E+02   3.5245E-01
   1.7900E+02   4.1327E-01
   1.8000E+02   6.1744E-01
   1.8100E+02   8.6909E-01
   1.8200E+02   1.0411E+00
   1.8300E+02   1.1120E+00
   1.8400E+02   1.0909E+00
   1.8500E+02   1.0355E+00
   1.8600E+02   9.7521E-01
   1.8600E+02   1.3424E+00
   1.8600E+02   9.9287E-01
   1.8600E+02   1.3424E+00
   1.8600E+02   9.9287E-01
   1.8600E+02   1.3424E+00
   1.8600E+02   1.3424E+00
   1.8600E+02   9.9287E-01
   1.8600E+02   1.3424E+00
   1.8600E+02   9.9287E-01
   1.8700E+02   9.4312E-01
   1.8700E+02   1.3424E+00
   1.8700E+02   9.4332E-01
   1.8800E+02   8.9569E-01
   1.8900E+02   8.8769E-01
   1.9000E+02   9.2957E-01
   1.9000E+02   1.3424E+00
   1.9000E+02   9.2492E-01
   1.9100E+02   1.0315E+00
   1.9200E+02   1.1942E+00
   1.9300E+02   1.3019E+00
   1.9400E+02   1.3525E+00
   1.9500E+02   1.3353E+00
   1.9600E+02   1.2460E+00
   1.9700E+02   1.1625E+00
   1.9800E+02   1.0961E+00
   1.9900E+02   1.0632E+00
   2.0000E+02   1.0583E+00
   2.0100E+02   1.1291E+00
   2.0200E+02   1.2538E+00
   2.0300E+02   1.4400E+00
   2.0400E+02   1.6977E+00
   2.0500E+02   1.8836E+00
   2.0600E+02   1.9538E+00
   2.0700E+02   1.8998E+00
   2.0800E+02   1.7882E+00
   2.0900E+02   1.6866E+00
   2.1000E+02   1.6018E+00
   2.1100E+02   1.5514E+00
   2.1200E+02   1.5364E+00
   2.1300E+02   1.5485E+00
   2.1400E+02   1.6113E+00
   2.1500E+02   1.6946E+00
   2.1600E+02   1.7801E+00
   2.1700E+02   1.8505E+00
   2.1800E+02   1.8926E+00
   2.1900E+02   1.9060E+00
   2.2000E+02   1.9114E+00
   2.2100E+02   1.9432E+00
   2.2200E+02   1.9901E+00
   2.2300E+02   2.0597E+00
   2.2400E+02   2.0847E+00
   2.2500E+02   2.0744E+00
   2.2600E+02   2.0071E+00
   2.2700E+02   1.8853E+00
   2.2800E+02   1.7731E+00
   2.2900E+02   1.7260E+00
   2.3000E+02   1.7233E+00
   2.3100E+02   1.7777E+00
   2.3200E+02   1.8243E+00
   2.3300E+02   1.8099E+00
   2.3400E+02   1.7554E+00
   2.3500E+02   1.6793E+00
   2.3600E+02   1.5830E+00
   2.3700E+02   1.5150E+00
   2.3800E+02   1.4517E+00
   2.3900E+02   1.4309E+00
   2.4000E+02   1.4179E+00
   2.4100E+02   1.4016E+00
   2.4200E+02   1.3919E+00
   2.4300E+02   1.3898E+00
   2.4400E+02   1.4220E+00
   2.4500E+02   1.4906E+00
   2.4600E+02   1.6058E+00
   2.4700E+02   1.7310E+00
   2.4800E+02   1.8255E+00
   2.4900E+02   1.8512E+00
   2.5000E+02   1.8143E+00
   2.5100E+02   1.7565E+00
   2.5200E+02   1.7069E+00
   2.5300E+02   1.6898E+00
   2.5400E+02   1.7155E+00
   2.5500E+02   1.7275E+00
   2.5600E+02   1.7111E+00
   2.5700E+02   1.6638E+00
   2.5800E+02   1.5370E+00
   2.5900E+02   1.4786E+00
   2.6000E+02   1.4533E+00
   2.6100E+02   1.5254E+00
   2.6200E+02   1.6223E+00
   2.6300E+02   1.7525E+00
   2.6400E+02   1.8523E+00
   2.6500E+02   1.8862E+00
   2.6600E+02   1.8672E+00
   2.6700E+02   1.8303E+00
   2.6800E+02   1.8088E+00
   2.6900E+02   1.8009E+00
   2.7000E+02   1.8024E+00
   2.7100E+02   1.8173E+00
   2.7200E+02   1.8302E+00
   2.7300E+02   1.8467E+00
   2.7400E+02   1.8800E+00
   2.7500E+02   1.9042E+00
   2.7600E+02   1.9495E+00
   2.7700E+02   1.9795E+00
   2.7800E+02   1.9941E+00
   2.7900E+02   2.0089E+00
   2.8000E+02   1.9908E+00
   2.8100E+02   1.9625E+00
   2.8200E+02   1.9226E+00
   2.8300E+02   1.8846E+00
   2.8400E+02   1.7897E+00
   2.8400E+02   1.3424E+00
   2.8400E+02   1.8178E+00
   2.8500E+02   1.7276E+00
   2.8600E+02   1.6275E+00
   2.8700E+02   1.5739E+00
   2.8800E+02   1.5917E+00
   2.8900E+02   1.6676E+00
   2.9000E+02   1.7337E+00
   2.9100E+02   1.7956E+00
   2.9200E+02   1.8216E+00
   2.9300E+02   1.8040E+00
   2.9400E+02   1.7589E+00
   2.9500E+02   1.7000E+00
   2.9600E+02   1.6288E+00
   2.9700E+02   1.5800E+00
   2.9800E+02   1.5284E+00
   2.9900E+02   1.5330E+00
   3.0000E+02   1.6096E+00
   3.0100E+02   1.6774E+00
   3.0200E+02   1.8000E+00
   3.0300E+02   1.8797E+00
   3.0400E+02   1.9063E+00
   3.0500E+02   1.8897E+00
   3.0600E+02   1.8560E+00
   3.0700E+02   1.8574E+00
   3.0800E+02   1.8966E+00
   3.0900E+02   1.9303E+00
   3.1000E+02   1.9567E+00
   3.1100E+02   1.9271E+00
   3.1200E+02   1.7983E+00
   3.1300E+02   1.6980E+00
   3.1400E+02   1.5756E+00
   3.1500E+02   1.5556E+00
   3.1600E+02   1.6219E+00
   3.1700E+02   1.7781E+00
   3.1800E+02   1.9143E+00
   3.1900E+02   1.9591E+00
   3.2000E+02   1.9353E+00
   3.2100E+02   1.8316E+00
   3.2200E+02   1.7602E+00
   3.2300E+02   1.7473E+00
   3.2400E+02   1.8156E+00
   3.2500E+02   1.8893E+00
   3.2600E+02   1.9762E+00
   3.2700E+02   2.0345E+00
   3.2800E+02   2.0499E+00
   3.2900E+02   2.0467E+00
   3.3000E+02   2.0327E+00
   3.3100E+02   2.0252E+00
   3.3200E+02   1.9899E+00
   3.3300E+02   1.9705E+00
   3.3400E+02   1.9484E+00
   3.3500E+02   1.9269E+00
   3.3600E+02   1.8999E+00
   3.3700E+02   1.8999E+00
   3.3800E+02   1.8709E+00
   3.3900E+02   1.8409E+00
   3.4000E+02   1.7839E+00
   3.4100E+02   1.7625E+00
   3.4200E+02   1.7523E+00
   3.4300E+02   1.7775E+00
   3.4400E+02   1.8414E+00
   3.4500E+02   1.8811E+00
   3.4600E+02   1.9389E+00
   3.4700E+02   1.9878E+00
   3.4800E+02   2.0349E+00
   3.4900E+02   2.0491E+00
   3.5000E+02   2.0560E+00
   3.5100E+02   2.0487E+00
   3.5200E+02   2.0212E+00
   3.5300E+02   1.9900E+00
   3.5400E+02   1.9817E+00
   3.5500E+02   1.9850E+00
   3.5600E+02   2.0063E+00
   3.5700E+02   2.0141E+00
   3.5800E+02   2.0182E+00
   3.5900E+02   2.0078E+00
   3.6000E+02   1.9848E+00
   3.6100E+02   1.9733E+00
   3.6200E+02   1.9413E+00
   3.6300E+02   1.9198E+00
   3.6400E+02   1.8895E+00
   3.6500E+02   1.8718E+00
   3.6600E+02   1.8644E+00
   3.6700E+02   1.8758E+00
   3.6800E+02   1.8845E+00
   3.6900E+02   1.8942E+00
   3.7000E+02   1.8924E+00
   3.7100E+02   1.8704E+00
   3.7200E+02   1.8704E+00
   3.7300E+02   1.8569E+00
   3.7400E+02   1.8533E+00
   3.7500E+02   1.8555E+00
   3.7600E+02   1.8603E+00
   3.7700E+02   1.8716E+00
   3.7800E+02   1.8875E+00
   3.7900E+02   1.9080E+00
   3.8000E+02   1.9478E+00
   3.8100E+02   1.9478E+00
   3.8200E+02   1.9971E+00
   3.8300E+02   1.9971E+00
   3.8400E+02   2.0121E+00
   3.8500E+02   2.0071E+00
   3.8600E+02   1.9843E+00
   3.8700E+02   1.9175E+00
   3.8800E+02   1.8917E+00
   3.8900E+02   1.8920E+00
   3.9000E+02   1.9318E+00
   3.9100E+02   2.0175E+00
   3.9200E+02   2.0714E+00
   3.9300E+02   2.0892E+00
   3.9400E+02   2.0536E+00
   3.9500E+02   1.9854E+00
   3.9600E+02   1.8923E+00
   3.9700E+02   1.8453E+00
   3.9800E+02   1.7978E+00
   3.9900E+02   1.7704E+00
   4.0000E+02   1.7563E+00
   4.0100E+02   1.7412E+00
   4.0200E+02   1.7265E+00
   4.0300E+02   1.7121E+00
   4.0400E+02   1.7073E+00
   4.0500E+02   1.7105E+00
   4.0600E+02   1.7381E+00
   4.0700E+02   1.7417E+00
   4.0800E+02   1.7762E+00
   4.0900E+02   1.8187E+00
   4.1000E+02   1.8614E+00
   4.1100E+02   1.9026E+00
   4.1200E+02   1.8928E+00
   4.1300E+02   1.7962E+00
   4.1400E+02   1.7266E+00
   4.1500E+02   1.5572E+00
   4.1600E+02   1.4542E+00
   4.1700E+02   1.4084E+00
   4.1800E+02   1.4186E+00
   4.1900E+02   1.4870E+00
   4.2000E+02   1.5497E+00
   4.2100E+02   1.6831E+00
   4.2200E+02   1.7448E+00
   4.2300E+02   1.8435E+00
   4.2400E+02   1.8707E+00
   4.2500E+02   1.8057E+00
   4.2600E+02   1.7198E+00
   4.2700E+02   1.5785E+00
   4.2800E+02   1.5049E+00
   4.2900E+02   1.5144E+00
   4.3000E+02   1.5872E+00
   4.3100E+02   1.6443E+00
   4.3200E+02   1.7036E+00
   4.3300E+02   1.7414E+00
   4.3400E+02   1.7514E+00
   4.3500E+02   1.7534E+00
   4.3600E+02   1.7583E+00
   4.3700E+02   1.7639E+00
   4.3800E+02   1.7669E+00
   4.3900E+02   1.7470E+00
   4.4000E+02   1.7183E+00
   4.4100E+02   1.6406E+00
   4.4200E+02   1.5471E+00
   4.4300E+02   1.4987E+00
   4.4400E+02   1.4955E+00
   4.4500E+02   1.5706E+00
   4.4600E+02   1.6529E+00
   4.4700E+02   1.7401E+00
   4.4800E+02   1.7925E+00
   4.4900E+02   1.8024E+00
   4.5000E+02   1.7841E+00
   4.5100E+02   1.7891E+00
   4.5200E+02   1.8277E+00
   4.5300E+02   1.9123E+00
   4.5400E+02   1.9754E+00
   4.5500E+02   2.0390E+00
   4.5600E+02   2.0699E+00
   4.5700E+02   2.0594E+00
   4.5800E+02   2.0160E+00
   4.5900E+02   1.9440E+00
   4.6000E+02   1.8677E+00
   4.6100E+02   1.7630E+00
   4.6200E+02   1.6426E+00
   4.6300E+02   1.5530E+00
   4.6400E+02   1.5133E+00
   4.6500E+02   1.5220E+00
   4.6600E+02   1.5286E+00
   4.6700E+02   1.5123E+00
   4.6800E+02   1.4666E+00
   4.6900E+02   1.3775E+00
   4.6900E+02   1.3424E+00
   4.6900E+02   1.4101E+00
   4.7000E+02   1.3174E+00
   4.7100E+02   1.2041E+00
   4.7200E+02   1.1107E+00
   4.7300E+02   1.0069E+00
   4.7400E+02   9.2736E-01
   4.7500E+02   9.0364E-01
   4.7500E+02   1.3424E+00
   4.7500E+02   9.0325E-01
   4.7600E+02   9.4206E-01
   4.7700E+02   1.0500E+00
   4.7800E+02   1.1859E+00
   4.7900E+02   1.3283E+00
   4.8000E+02   1.4326E+00
   4.8100E+02   1.5768E+00
   4.8200E+02   1.6929E+00
   4.8300E+02   1.7282E+00
   4.8400E+02   1.6961E+00
   4.8500E+02   1.6431E+00
   4.8600E+02   1.5880E+00
   4.8700E+02   1.5739E+00
   4.8800E+02   1.6125E+00
   4.8900E+02   1.6500E+00
   4.9000E+02   1.6985E+00
   4.9100E+02   1.7360E+00
   4.9200E+02   1.7597E+00
   4.9300E+02   1.7659E+00
   4.9400E+02   1.7596E+00
   4.9500E+02   1.7491E+00
   4.9600E+02   1.7316E+00
   4.9700E+02   1.7027E+00
   4.9800E+02   1.6841E+00
   4.9900E+02   1.6711E+00
   5.0000E+02   1.6719E+00
   5.0100E+02   1.6839E+00
   5.0200E+02   1.7093E+00
   5.0300E+02   1.7411E+00
   5.0400E+02   1.7950E+00
   5.0500E+02   1.8523E+00
   5.0600E+02   1.8955E+00
   5.0700E+02   1.9157E+00
   5.0800E+02   1.9127E+00
   5.0900E+02   1.9062E+00
   5.1000E+02   1.9095E+00
   5.1100E+02   1.9228E+00
   5.1200E+02   1.9410E+00
   5.1300E+02   1.9684E+00
   5.1400E+02   1.9891E+00
   5.1500E+02   2.0044E+00
   5.1600E+02   2.0100E+00
   5.1700E+02   2.0160E+00
   5.1800E+02   2.0146E+00
   5.1900E+02   2.0057E+00
   5.2000E+02   1.9893E+00
   5.2100E+02   1.9783E+00
   5.2200E+02   1.9504E+00
   5.2300E+02   1.9150E+00
   5.2400E+02   1.8766E+00
   5.2500E+02   1.8612E+00
   5.2600E+02   1.8505E+00
   5.2700E+02   1.8547E+00
   5.2800E+02   1.8671E+00
   5.2900E+02   1.8481E+00
   5.3000E+02   1.7701E+00
   5.3100E+02   1.6635E+00
   5.3200E+02   1.4976E+00
   5.3300E+02   1.3935E+00
   5.3400E+02   1.3583E+00
   5.3500E+02   1.3980E+00
   5.3600E+02   1.4704E+00
   5.3700E+02   1.5790E+00
   5.3800E+02   1.7189E+00
   5.3900E+02   1.8037E+00
   5.4000E+02   1.9180E+00
   5.4100E+02   1.9981E+00
   5.4200E+02   2.0312E+00
   5.4300E+02   2.0118E+00
   5.4400E+02   1.9795E+00
   5.4500E+02   1.9388E+00
   5.4600E+02   1.9123E+00
   5.4700E+02   1.9012E+00
   5.4800E+02   1.8959E+00
   5.4900E+02   1.9161E+00
   5.5000E+02   1.9480E+00
   5.5100E+02   2.0218E+00
   5.5200E+02   2.0519E+00
   5.5300E+02   2.0571E+00
   5.5400E+02   2.0054E+00
   5.5500E+02   1.9336E+00
   5.5600E+02   1.8537E+00
   5.5700E+02   1.8079E+00
   5.5800E+02   1.8305E+00
   5.5900E+02   1.8678E+00
   5.6000E+02   1.9064E+00
   5.6100E+02   1.9581E+00
   5.6200E+02   1.9834E+00
   5.6300E+02   1.9909E+00
   5.6400E+02   2.0018E+00
   5.6500E+02   2.0130E+00
   5.6600E+02   2.0188E+00
   5.6700E+02   2.0201E+00
   5.6800E+02   2.0100E+00
   5.6900E+02   1.9870E+00
   5.7000E+02   1.9248E+00
   5.7100E+02   1.9008E+00
   5.7200E+02   1.8507E+00
   5.7300E+02   1.8241E+00
   5.7400E+02   1.8078E+00
   5.7500E+02   1.7996E+00
   5.7600E+02   1.7890E+00
   5.7700E+02   1.7809E+00
   5.7800E+02   1.7603E+00
   5.7900E+02   1.7480E+00
   5.8000E+02   1.7217E+00
   5.8100E+02   1.6777E+00
   5.8200E+02   1.6313E+00
   5.8300E+02   1.5795E+00
   5.8400E+02   1.5561E+00
   5.8500E+02   1.5678E+00
   5.8600E+02   1.6092E+00
   5.8700E+02   1.6788E+00
   5.8800E+02   1.7512E+00
   5.8900E+02   1.8542E+00
   5.9000E+02   1.9603E+00
   5.9100E+02   2.0439E+00
   5.9200E+02   2.0415E+00
   5.9300E+02   1.9330E+00
   5.9400E+02   1.7796E+00
   5.9500E+02   1.5932E+00
   5.9600E+02   1.5197E+00
   5.9700E+02   1.5885E+00
   5.9800E+02   1.7249E+00
   5.9900E+02   1.8536E+00
   6.0000E+02   1.9270E+00
   6.0100E+02   1.9110E+00
   6.0200E+02   1.8098E+00
   6.0300E+02   1.7432E+00
   6.0400E+02   1.7173E+00
   6.0500E+02   1.7563E+00
   6.0600E+02   1.8684E+00
   6.0700E+02   1.9535E+00
   6.0800E+02   2.0504E+00
   6.0900E+02   2.0897E+00
   6.1000E+02   2.1181E+00
   6.1100E+02   2.1071E+00
   6.1200E+02   2.0613E+00
   6.1300E+02   1.9628E+00
   6.1400E+02   1.8718E+00
   6.1500E+02   1.7929E+00
   6.1600E+02   1.7790E+00
   6.1700E+02   1.8353E+00
   6.1800E+02   1.8890E+00
   6.1900E+02   1.8823E+00
   6.2000E+02   1.8086E+00
   6.2100E+02   1.6577E+00
   6.2200E+02   1.4447E+00
   6.2300E+02   1.3627E+00
   6.2400E+02   1.4278E+00
   6.2500E+02   1.6275E+00
   6.2600E+02   1.9120E+00
   6.2700E+02   2.0699E+00
   6.2800E+02   2.0777E+00
   6.2900E+02   1.9707E+00
   6.3000E+02   1.7483E+00
   6.3100E+02   1.6181E+00
   6.3200E+02   1.5429E+00
   6.3300E+02   1.5372E+00
   6.3400E+02   1.5691E+00
   6.3500E+02   1.6329E+00
   6.3600E+02   1.7340E+00
   6.3700E+02   1.7714E+00
   6.3800E+02   1.8396E+00
   6.3900E+02   1.8333E+00
   6.4000E+02   1.7608E+00
   6.4100E+02   1.6555E+00
   6.4200E+02   1.5362E+00
   6.4300E+02   1.5044E+00
   6.4400E+02   1.5575E+00
   6.4500E+02   1.6491E+00
   6.4600E+02   1.7417E+00
   6.4700E+02   1.8036E+00
   6.4800E+02   1.8204E+00
   6.4900E+02   1.7979E+00
   6.5000E+02   1.7856E+00
   6.5100E+02   1.8012E+00
   6.5200E+02   1.8420E+00
   6.5300E+02   1.9144E+00
   6.5400E+02   1.9461E+00
   6.5500E+02   1.9446E+00
   6.5600E+02   1.8974E+00
   6.5700E+02   1.8305E+00
   6.5800E+02   1.7589E+00
   6.5900E+02   1.7281E+00
   6.6000E+02   1.7060E+00
   6.6100E+02   1.7056E+00
   6.6200E+02   1.7131E+00
   6.6300E+02   1.7399E+00
   6.6400E+02   1.7498E+00
   6.6500E+02   1.7797E+00
   6.6600E+02   1.8059E+00
   6.6700E+02   1.8217E+00
   6.6800E+02   1.8328E+00
   6.6900E+02   1.8350E+00
   6.7000E+02   1.8340E+00
   6.7100E+02   1.8242E+00
   6.7200E+02   1.8155E+00
   6.7300E+02   1.8137E+00
   6.7400E+02   1.8152E+00
   6.7500E+02   1.8259E+00
   6.7600E+02   1.8473E+00
   6.7700E+02   1.8411E+00
   6.7800E+02   1.7895E+00
   6.7900E+02   1.6913E+00
   6.8000E+02   1.5314E+00
   6.8100E+02   1.3977E+00
   6.8200E+02   1.3600E+00
   6.8300E+02   1.4380E+00
   6.8400E+02   1.5877E+00
   6.8500E+02   1.7119E+00
   6.8600E+02   1.7333E+00
   6.8700E+02   1.6223E+00
   6.8800E+02   1.4417E+00
   6.8900E+02   1.2783E+00
   6.9000E+02   1.1688E+00
   6.9100E+02   1.1355E+00
   6.9200E+02   1.1905E+00
   6.9300E+02   1.2842E+00
   6.9400E+02   1.3346E+00
   6.9400E+02   1.3424E+00
   6.9400E+02   1.3266E+00
   6.9500E+02   1.4478E+00
   6.9600E+02   1.5701E+00
   6.9700E+02   1.6476E+00
   6.9800E+02   1.6909E+00
   6.9900E+02   1.6794E+00
   7.0000E+02   1.6450E+00
   7.0100E+02   1.5818E+00
   7.0200E+02   1.5337E+00
   7.0300E+02   1.4408E+00
   7.0400E+02   1.3951E+00
   7.0500E+02   1.3789E+00
   7.0600E+02   1.4414E+00
   7.0700E+02   1.5573E+00
   7.0800E+02   1.6515E+00
   7.0900E+02   1.7415E+00
   7.1000E+02   1.8205E+00
   7.1100E+02   1.8567E+00
   7.1200E+02   1.8639E+00
   7.1300E+02   1.8260E+00
   7.1400E+02   1.7787E+00
   7.1500E+02   1.6778E+00
   7.1600E+02   1.5554E+00
   7.1700E+02   1.4821E+00
   7.1800E+02   1.4083E+00
   7.1900E+02   1.3707E+00
   7.2000E+02   1.3369E+00
   7.2100E+02   1.3009E+00
   7.2200E+02   1.2796E+00
   7.2300E+02   1.2540E+00
   7.2400E+02   1.2601E+00
   7.2500E+02   1.3202E+00
   7.2500E+02   1.3424E+00
   7.2500E+02   1.2939E+00
   7.2600E+02   1.3692E+00
   7.2700E+02   1.4927E+00
   7.2800E+02   1.6164E+00
   7.2900E+02   1.6953E+00
   7.3000E+02   1.7450E+00
   7.3100E+02   1.7817E+00
   7.3200E+02   1.7801E+00
   7.3300E+02   1.7381E+00
   7.3400E+02   1.6537E+00
   7.3500E+02   1.5287E+00
   7.3600E+02   1.4486E+00
   7.3700E+02   1.4471E+00
   7.3800E+02   1.5070E+00
   7.3900E+02   1.6301E+00
   7.4000E+02   1.7255E+00
   7.4100E+02   1.7635E+00
   7.4200E+02   1.7524E+00
   7.4300E+02   1.7024E+00
   7.4400E+02   1.6661E+00
   7.4500E+02   1.6424E+00
   7.4600E+02   1.6423E+00
   7.4700E+02   1.6535E+00
   7.4800E+02   1.6571E+00
   7.4900E+02   1.6531E+00
   7.5000E+02   1.6398E+00
   7.5100E+02   1.6371E+00
   7.5200E+02   1.6659E+00
   7.5300E+02   1.7228E+00
   7.5400E+02   1.7903E+00
   7.5500E+02   1.8800E+00
   7.5600E+02   1.9215E+00
   7.5700E+02   1.9214E+00
   7.5800E+02   1.8702E+00
   7.5900E+02   1.8215E+00
   7.6000E+02   1.7966E+00
   7.6100E+02   1.8078E+00
   7.6200E+02   1.8477E+00
   7.6300E+02   1.8732E+00
   7.6400E+02   1.8881E+00
   7.6500E+02   1.8862E+00
   7.6600E+02   1.8654E+00
   7.6700E+02   1.8426E+00
   7.6800E+02   1.8298E+00
   7.6900E+02   1.8291E+00
   7.7000E+02   1.8346E+00
   7.7100E+02   1.8334E+00
   7.7200E+02   1.8290E+00
   7.7300E+02   1.8016E+00
   7.7400E+02   1.7718E+00
   7.7500E+02   1.7530E+00
   7.7600E+02   1.7060E+00
   7.7700E+02   1.6572E+00
   7.7800E+02   1.5917E+00
   7.7900E+02   1.5671E+00
   7.8000E+02   1.5885E+00
   7.8100E+02   1.6678E+00
   7.8200E+02   1.7163E+00
   7.8300E+02   1.7949E+00
   7.8400E+02   1.8610E+00
   7.8500E+02   1.8984E+00
   7.8600E+02   1.9284E+00
   7.8700E+02   1.9452E+00
   7.8800E+02   1.9563E+00
   7.8900E+02   1.9565E+00
   7.9000E+02   1.9541E+00
   7.9100E+02   1.9597E+00
   7.9200E+02   1.9754E+00
   7.9300E+02   1.9963E+00
   7.9400E+02   2.0001E+00
   7.9500E+02   1.9656E+00
   7.9600E+02   1.8943E+00
   7.9700E+02   1.8442E+00
   7.9800E+02   1.7420E+00
   7.9900E+02   1.6353E+00
   8.0000E+02   1.5376E+00
   8.0100E+02   1.4470E+00
   8.0200E+02   1.4165E+00
   8.0300E+02   1.4068E+00
   8.0400E+02   1.4652E+00
   8.0500E+02   1.5200E+00
   8.0600E+02   1.6314E+00
   8.0700E+02   1.7340E+00
   8.0800E+02   1.8004E+00
   8.0900E+02   1.8866E+00
   8.1000E+02   1.9148E+00
   8.1100E+02   1.8997E+00
   8.1200E+02   1.8057E+00
   8.1300E+02   1.7012E+00
   8.1400E+02   1.6006E+00
   8.1500E+02   1.5850E+00
   8.1600E+02   1.6633E+00
   8.1700E+02   1.7598E+00
   8.1800E+02   1.8755E+00
   8.1900E+02   1.9201E+00
   8.2000E+02   1.9198E+00
   8.2100E+02   1.8711E+00
   8.2200E+02   1.8410E+00
   8.2300E+02   1.8270E+00
   8.2400E+02   1.8332E+00
   8.2500E+02   1.8531E+00
   8.2600E+02   1.8709E+00
   8.2700E+02   1.8874E+00
   8.2800E+02   1.8933E+00
   8.2900E+02   1.9061E+00
   8.3000E+02   1.9228E+00
   8.3100E+02   1.9411E+00
   8.3200E+02   1.9634E+00
   8.3300E+02   1.9894E+00
   8.3400E+02   1.9925E+00
   8.3500E+02   1.9711E+00
   8.3600E+02   1.9150E+00
   8.3700E+02   1.8808E+00
   8.3800E+02   1.8650E+00
   8.3900E+02   1.8706E+00
   8.4000E+02   1.8958E+00
   8.4100E+02   1.9395E+00
   8.4200E+02   1.9481E+00
   8.4300E+02   1.9402E+00
   8.4400E+02   1.9053E+00
   8.4500E+02   1.8794E+00
   8.4600E+02   1.8691E+00
   8.4700E+02   1.8743E+00
   8.4800E+02   1.8854E+00
   8.4900E+02   1.9238E+00
   8.5000E+02   1.9488E+00
   8.5100E+02   1.9907E+00
   8.5200E+02   2.0227E+00
   8.5300E+02   2.0491E+00
   8.5400E+02   2.0486E+00
   8.5500E+02   2.0168E+00
   8.5600E+02   1.9587E+00
   8.5700E+02   1.9148E+00
   8.5800E+02   1.8930E+00
   8.5900E+02   1.8999E+00
   8.6000E+02   1.9262E+00
   8.6100E+02   1.9381E+00
   8.6200E+02   1.9212E+00
   8.6300E+02   1.8630E+00
   8.6400E+02   1.8394E+00
   8.6500E+02   1.8109E+00
   8.6600E+02   1.8107E+00
   8.6700E+02   1.8367E+00
   8.6800E+02   1.8713E+00
   8.6900E+02   1.9057E+00
   8.7000E+02   1.9256E+00
   8.7100E+02   1.9312E+00
   8.7200E+02   1.9266E+00
   8.7300E+02   1.9262E+00
   8.7400E+02   1.9281E+00
   8.7500E+02   1.9345E+00
   8.7600E+02   1.9371E+00
   8.7700E+02   1.9341E+00
   8.7800E+02   1.9247E+00
   8.7900E+02   1.9095E+00
   8.8000E+02   1.8888E+00
   8.8100E+02   1.8544E+00
   8.8200E+02   1.7961E+00
   8.8300E+02   1.7606E+00
   8.8400E+02   1.7136E+00
   8.8500E+02   1.6972E+00
   8.8600E+02   1.7217E+00
   8.8700E+02   1.7595E+00
   8.8800E+02   1.8010E+00
   8.8900E+02   1.7939E+00
   8.9000E+02   1.7431E+00
   8.9100E+02   1.7012E+00
   8.9200E+02   1.6214E+00
   8.9300E+02   1.5769E+00
   8.9400E+02   1.5484E+00
   8.9500E+02   1.5435E+00
   8.9600E+02   1.5075E+00
   8.9700E+02   1.3777E+00
   8.9700E+02   1.3424E+00
   8.9700E+02   1.4190E+00
   8.9800E+02   1.2724E+00
   8.9900E+02   1.0681E+00
   8.9900E+02   1.3424E+00
   8.9900E+02   1.0784E+00
   8.9900E+02   1.3424E+00
   8.9900E+02   1.0784E+00
   8.9900E+02   1.3424E+00
   8.9900E+02   1.0784E+00
   8.9900E+02   1.3424E+00
   8.9900E+02   1.0784E+00
   8.9900E+02   1.3424E+00
   8.9900E+02   1.0784E+00
   8.9900E+02   1.3424E+00
   8.9900E+02   1.0784E+00
   8.9900E+02   1.3424E+00
   8.9900E+02   1.0784E+00
   9.0000E+02   9.4588E-01
   9.0000E+02   1.3424E+00
   9.0000E+02   9.2901E-01
   9.0100E+02   8.6130E-01
   9.0200E+02   8.9137E-01
   9.0200E+02   1.3424E+00
   9.0200E+02   8.7671E-01
   9.0200E+02   1.3424E+00
   9.0200E+02   1.3424E+00
   9.0200E+02   1.3424E+00
   9.0200E+02   8.7671E-01
   9.0200E+02   1.3424E+00
   9.0200E+02   8.7671E-01
   9.0200E+02   1.3424E+00
   9.0200E+02   8.7671E-01
   9.0200E+02   1.3424E+00
   9.0200E+02   8.7671E-01
   9.0200E+02   1.3424E+00
   9.0200E+02   8.7671E-01
