   0.0000E+00   1.3424E+00
   0.0000E+00   1.3329E+00
   1.0000E+00   1.3323E+00
   2.0000E+00   1.3291E+00
   3.0000E+00   1.3350E+00
   4.0000E+00   1.3500E+00
   5.0000E+00   1.3769E+00
   6.0000E+00   1.4084E+00
   7.0000E+00   1.4512E+00
   8.0000E+00   1.4880E+00
   9.0000E+00   1.4947E+00
   1.0000E+01   1.4690E+00
   1.1000E+01   1.4133E+00
   1.2000E+01   1.3324E+00
   1.3000E+01   1.2456E+00
   1.4000E+01   1.1496E+00
   1.5000E+01   1.0514E+00
   1.6000E+01   9.8243E-01
   1.7000E+01   9.9524E-01
   1.8000E+01   1.0863E+00
   1.9000E+01   1.2564E+00
   2.0000E+01   1.4433E+00
   2.1000E+01   1.5840E+00
   2.2000E+01   1.6784E+00
   2.3000E+01   1.7265E+00
   2.4000E+01   1.7354E+00
   2.5000E+01   1.7108E+00
   2.6000E+01   1.6570E+00
   2.7000E+01   1.5669E+00
   2.8000E+01   1.5109E+00
   2.9000E+01   1.5085E+00
   3.0000E+01   1.5590E+00
   3.1000E+01   1.6601E+00
   3.2000E+01   1.7383E+00
   3.3000E+01   1.7729E+00
   3.4000E+01   1.7608E+00
   3.5000E+01   1.7113E+00
   3.6000E+01   1.6862E+00
   3.7000E+01   1.7029E+00
   3.8000E+01   1.7638E+00
   3.9000E+01   1.8570E+00
   4.0000E+01   1.9255E+00
   4.1000E+01   1.9741E+00
   4.2000E+01   1.9964E+00
   4.3000E+01   1.9960E+00
   4.4000E+01   1.9804E+00
   4.5000E+01   1.9540E+00
   4.6000E+01   1.9119E+00
   4.7000E+01   1.8647E+00
   4.8000E+01   1.8276E+00
   4.9000E+01   1.7985E+00
   5.0000E+01   1.7741E+00
   5.1000E+01   1.7677E+00
   5.2000E+01   1.7821E+00
   5.3000E+01   1.8088E+00
   5.4000E+01   1.8552E+00
   5.5000E+01   1.9090E+00
   5.6000E+01   1.9414E+00
   5.7000E+01   1.9539E+00
   5.8000E+01   1.9469E+00
   5.9000E+01   1.9324E+00
   6.0000E+01   1.9256E+00
   6.1000E+01   1.9265E+00
   6.2000E+01   1.9331E+00
   6.3000E+01   1.9182E+00
   6.4000E+01   1.8564E+00
   6.5000E+01   1.7485E+00
   6.6000E+01   1.5981E+00
   6.7000E+01   1.4429E+00
   6.8000E+01   1.3116E+00
   6.9000E+01   1.1985E+00
   7.0000E+01   1.1079E+00
   7.1000E+01   1.0744E+00
   7.2000E+01   1.1046E+00
   7.3000E+01   1.2027E+00
   7.4000E+01   1.3568E+00
   7.5000E+01   1.4702E+00
   7.6000E+01   1.5113E+00
   7.7000E+01   1.4801E+00
   7.8000E+01   1.3944E+00
   7.9000E+01   1.3455E+00
   8.0000E+01   1.3618E+00
   8.1000E+01   1.4336E+00
   8.2000E+01   1.5495E+00
   8.3000E+01   1.6041E+00
   8.4000E+01   1.5796E+00
   8.5000E+01   1.4795E+00
   8.6000E+01   1.3368E+00
   8.7000E+01   1.2524E+00
   8.8000E+01   1.2469E+00
   8.9000E+01   1.3143E+00
   9.0000E+01   1.4180E+00
   9.1000E+01   1.4503E+00
   9.2000E+01   1.4085E+00
   9.3000E+01   1.2913E+00
   9.4000E+01   1.1403E+00
   9.5000E+01   1.0463E+00
   9.6000E+01   1.0099E+00
   9.7000E+01   1.0285E+00
   9.8000E+01   1.0704E+00
   9.9000E+01   1.0955E+00
   1.0000E+02   1.1005E+00
   1.0100E+02   1.0867E+00
   1.0200E+02   1.0686E+00
   1.0300E+02   1.0572E+00
   1.0400E+02   1.0518E+00
   1.0500E+02   1.0528E+00
   1.0600E+02   1.0754E+00
   1.0700E+02   1.1337E+00
   1.0800E+02   1.2247E+00
   1.0900E+02   1.3422E+00
   1.1000E+02   1.4210E+00
   1.1100E+02   1.4243E+00
   1.1200E+02   1.3535E+00
   1.1300E+02   1.2112E+00
   1.1400E+02   1.0756E+00
   1.1500E+02   9.8923E-01
   1.1600E+02   9.4679E-01
   1.1600E+02   1.3424E+00
   1.1600E+02   9.4714E-01
   1.1700E+02   9.3993E-01
   1.1800E+02   9.3804E-01
   1.1900E+02   9.3472E-01
   1.2000E+02   9.2548E-01
   1.2100E+02   9.2136E-01
   1.2200E+02   9.3430E-01
   1.2300E+02   9.5559E-01
   1.2400E+02   1.0065E+00
   1.2500E+02   1.0717E+00
   1.2600E+02   1.1719E+00
   1.2700E+02   1.3191E+00
   1.2800E+02   1.4743E+00
   1.2900E+02   1.6584E+00
   1.3000E+02   1.7331E+00
   1.3100E+02   1.7144E+00
   1.3200E+02   1.5763E+00
   1.3300E+02   1.4094E+00
   1.3400E+02   1.3005E+00
   1.3500E+02   1.2297E+00
   1.3600E+02   1.2302E+00
   1.3700E+02   1.2457E+00
   1.3800E+02   1.2485E+00
   1.3900E+02   1.2344E+00
   1.4000E+02   1.1932E+00
   1.4100E+02   1.1973E+00
   1.4200E+02   1.2566E+00
   1.4300E+02   1.3688E+00
   1.4400E+02   1.5795E+00
   1.4500E+02   1.7303E+00
   1.4600E+02   1.7677E+00
   1.4700E+02   1.7139E+00
   1.4800E+02   1.5348E+00
   1.4900E+02   1.3749E+00
   1.5000E+02   1.2481E+00
   1.5100E+02   1.1507E+00
   1.5200E+02   1.0965E+00
   1.5300E+02   1.0700E+00
   1.5400E+02   1.0730E+00
   1.5500E+02   1.1043E+00
   1.5600E+02   1.1652E+00
   1.5700E+02   1.2224E+00
   1.5800E+02   1.2611E+00
   1.5900E+02   1.2915E+00
   1.6000E+02   1.3163E+00
   1.6100E+02   1.3282E+00
   1.6200E+02   1.3283E+00
   1.6300E+02   1.3167E+00
   1.6400E+02   1.2901E+00
   1.6500E+02   1.2667E+00
   1.6600E+02   1.2550E+00
   1.6700E+02   1.2433E+00
   1.6800E+02   1.2281E+00
   1.6900E+02   1.1782E+00
   1.7000E+02   1.1005E+00
   1.7100E+02   9.6786E-01
   1.7100E+02   1.3424E+00
   1.7100E+02   1.0288E+00
   1.7200E+02   9.2313E-01
   1.7300E+02   8.6132E-01
   1.7400E+02   8.5504E-01
   1.7500E+02   8.9406E-01
   1.7500E+02   1.3424E+00
   1.7500E+02   8.8813E-01
   1.7600E+02   9.4908E-01
   1.7700E+02   9.9387E-01
   1.7800E+02   1.0139E+00
   1.7900E+02   1.0111E+00
   1.8000E+02   1.0050E+00
   1.8100E+02   1.0086E+00
   1.8200E+02   1.0302E+00
   1.8300E+02   1.0553E+00
   1.8400E+02   1.0981E+00
   1.8500E+02   1.1767E+00
   1.8600E+02   1.2526E+00
   1.8700E+02   1.3676E+00
   1.8800E+02   1.4628E+00
   1.8900E+02   1.4904E+00
   1.9000E+02   1.4544E+00
   1.9100E+02   1.3665E+00
   1.9200E+02   1.2947E+00
   1.9300E+02   1.2553E+00
   1.9400E+02   1.2664E+00
   1.9500E+02   1.2970E+00
   1.9600E+02   1.3231E+00
   1.9700E+02   1.3153E+00
   1.9800E+02   1.2875E+00
   1.9900E+02   1.2336E+00
   2.0000E+02   1.2464E+00
   2.0100E+02   1.3356E+00
   2.0200E+02   1.5001E+00
   2.0300E+02   1.7190E+00
   2.0400E+02   1.8874E+00
   2.0500E+02   1.9830E+00
   2.0600E+02   2.0076E+00
   2.0700E+02   1.9628E+00
   2.0800E+02   1.9136E+00
   2.0900E+02   1.8483E+00
   2.1000E+02   1.7660E+00
   2.1100E+02   1.7015E+00
   2.1200E+02   1.6188E+00
   2.1300E+02   1.5332E+00
   2.1400E+02   1.4524E+00
   2.1500E+02   1.3868E+00
   2.1600E+02   1.3313E+00
   2.1700E+02   1.2456E+00
   2.1800E+02   1.1503E+00
   2.1900E+02   1.0742E+00
   2.2000E+02   1.0550E+00
   2.2100E+02   1.0921E+00
   2.2200E+02   1.2003E+00
   2.2300E+02   1.2842E+00
   2.2400E+02   1.3272E+00
   2.2500E+02   1.3443E+00
   2.2600E+02   1.3181E+00
   2.2700E+02   1.2917E+00
   2.2800E+02   1.2887E+00
   2.2900E+02   1.3140E+00
   2.3000E+02   1.3413E+00
   2.3100E+02   1.3954E+00
   2.3200E+02   1.4427E+00
   2.3300E+02   1.4800E+00
   2.3400E+02   1.5183E+00
   2.3500E+02   1.5411E+00
   2.3600E+02   1.5376E+00
   2.3700E+02   1.4920E+00
   2.3800E+02   1.4656E+00
   2.3900E+02   1.4265E+00
   2.4000E+02   1.4149E+00
   2.4100E+02   1.4234E+00
   2.4200E+02   1.4433E+00
   2.4300E+02   1.4489E+00
   2.4400E+02   1.4133E+00
   2.4500E+02   1.3794E+00
   2.4600E+02   1.3445E+00
   2.4700E+02   1.3052E+00
   2.4800E+02   1.2938E+00
   2.4900E+02   1.3134E+00
   2.5000E+02   1.3328E+00
   2.5100E+02   1.3466E+00
   2.5200E+02   1.3678E+00
   2.5300E+02   1.3825E+00
   2.5400E+02   1.3828E+00
   2.5500E+02   1.3743E+00
   2.5600E+02   1.3536E+00
   2.5700E+02   1.3176E+00
   2.5800E+02   1.2757E+00
   2.5900E+02   1.2381E+00
   2.6000E+02   1.1896E+00
   2.6100E+02   1.1732E+00
   2.6200E+02   1.1463E+00
   2.6300E+02   1.1336E+00
   2.6400E+02   1.1234E+00
   2.6500E+02   1.1157E+00
   2.6600E+02   1.1227E+00
   2.6700E+02   1.1407E+00
   2.6800E+02   1.1682E+00
   2.6900E+02   1.2054E+00
   2.7000E+02   1.2641E+00
   2.7100E+02   1.3376E+00
   2.7100E+02   1.3424E+00
   2.7100E+02   1.3283E+00
   2.7200E+02   1.4293E+00
   2.7300E+02   1.5275E+00
   2.7400E+02   1.6202E+00
   2.7500E+02   1.6822E+00
   2.7600E+02   1.7343E+00
   2.7700E+02   1.7565E+00
   2.7800E+02   1.7469E+00
   2.7900E+02   1.7051E+00
   2.8000E+02   1.6149E+00
   2.8100E+02   1.5183E+00
   2.8200E+02   1.4459E+00
   2.8300E+02   1.4235E+00
   2.8400E+02   1.4600E+00
   2.8500E+02   1.5170E+00
   2.8600E+02   1.5611E+00
   2.8700E+02   1.5699E+00
   2.8800E+02   1.5380E+00
   2.8900E+02   1.4978E+00
   2.9000E+02   1.4668E+00
   2.9100E+02   1.4663E+00
   2.9200E+02   1.4925E+00
   2.9300E+02   1.5247E+00
   2.9400E+02   1.5616E+00
   2.9500E+02   1.5850E+00
   2.9600E+02   1.5933E+00
   2.9700E+02   1.5963E+00
   2.9800E+02   1.5903E+00
   2.9900E+02   1.5516E+00
   3.0000E+02   1.5401E+00
   3.0100E+02   1.5267E+00
   3.0200E+02   1.5359E+00
   3.0300E+02   1.5921E+00
   3.0400E+02   1.6770E+00
   3.0500E+02   1.7226E+00
   3.0600E+02   1.7719E+00
   3.0700E+02   1.8029E+00
   3.0800E+02   1.8071E+00
   3.0900E+02   1.7821E+00
   3.1000E+02   1.7303E+00
   3.1100E+02   1.6364E+00
   3.1200E+02   1.5138E+00
   3.1300E+02   1.3878E+00
   3.1400E+02   1.2729E+00
   3.1500E+02   1.1714E+00
   3.1600E+02   1.0982E+00
   3.1700E+02   1.0638E+00
   3.1800E+02   1.0565E+00
   3.1900E+02   1.0814E+00
   3.2000E+02   1.1501E+00
   3.2100E+02   1.2229E+00
   3.2200E+02   1.2912E+00
   3.2300E+02   1.3444E+00
   3.2400E+02   1.4166E+00
   3.2500E+02   1.4482E+00
   3.2600E+02   1.4288E+00
   3.2700E+02   1.3580E+00
   3.2800E+02   1.2869E+00
   3.2900E+02   1.2194E+00
   3.3000E+02   1.1983E+00
   3.3100E+02   1.2131E+00
   3.3200E+02   1.2684E+00
   3.3300E+02   1.3234E+00
   3.3300E+02   1.3424E+00
   3.3300E+02   1.3225E+00
   3.3400E+02   1.4286E+00
   3.3500E+02   1.5851E+00
   3.3600E+02   1.6820E+00
   3.3700E+02   1.6966E+00
   3.3800E+02   1.6082E+00
   3.3900E+02   1.3715E+00
   3.4000E+02   1.1566E+00
   3.4100E+02   9.8995E-01
   3.4200E+02   9.1881E-01
   3.4300E+02   9.2339E-01
   3.4400E+02   9.8715E-01
   3.4500E+02   1.0466E+00
   3.4600E+02   1.1089E+00
   3.4700E+02   1.1640E+00
   3.4800E+02   1.2281E+00
   3.4900E+02   1.3414E+00
   3.5000E+02   1.4593E+00
   3.5100E+02   1.6200E+00
   3.5200E+02   1.7531E+00
   3.5300E+02   1.7909E+00
   3.5400E+02   1.7327E+00
   3.5500E+02   1.5774E+00
   3.5600E+02   1.4287E+00
   3.5700E+02   1.3655E+00
   3.5800E+02   1.3652E+00
   3.5900E+02   1.4472E+00
   3.6000E+02   1.5242E+00
   3.6100E+02   1.6098E+00
   3.6200E+02   1.6967E+00
   3.6300E+02   1.7797E+00
   3.6400E+02   1.8281E+00
   3.6500E+02   1.8247E+00
   3.6600E+02   1.7680E+00
   3.6700E+02   1.6883E+00
   3.6800E+02   1.6345E+00
   3.6900E+02   1.6471E+00
   3.7000E+02   1.7234E+00
   3.7100E+02   1.7995E+00
   3.7200E+02   1.8410E+00
   3.7300E+02   1.8180E+00
   3.7400E+02   1.7415E+00
   3.7500E+02   1.6167E+00
   3.7600E+02   1.5753E+00
   3.7700E+02   1.6105E+00
   3.7800E+02   1.7218E+00
   3.7900E+02   1.8513E+00
   3.8000E+02   1.8889E+00
   3.8100E+02   1.8220E+00
   3.8200E+02   1.6719E+00
   3.8300E+02   1.4607E+00
   3.8400E+02   1.3591E+00
   3.8500E+02   1.3513E+00
   3.8600E+02   1.4275E+00
   3.8700E+02   1.5253E+00
   3.8800E+02   1.5967E+00
   3.8900E+02   1.6278E+00
   3.9000E+02   1.6303E+00
   3.9100E+02   1.6182E+00
   3.9200E+02   1.5984E+00
   3.9300E+02   1.5726E+00
   3.9400E+02   1.5452E+00
   3.9500E+02   1.5041E+00
   3.9600E+02   1.4238E+00
   3.9700E+02   1.3414E+00
   3.9800E+02   1.2166E+00
   3.9900E+02   1.1314E+00
   4.0000E+02   1.1227E+00
   4.0100E+02   1.1902E+00
   4.0200E+02   1.2834E+00
   4.0300E+02   1.3551E+00
   4.0400E+02   1.3814E+00
   4.0500E+02   1.3459E+00
   4.0600E+02   1.2777E+00
   4.0700E+02   1.1950E+00
   4.0800E+02   1.1030E+00
   4.0900E+02   1.0317E+00
   4.1000E+02   9.5932E-01
   4.1100E+02   9.5958E-01
   4.1200E+02   1.0069E+00
   4.1300E+02   1.1913E+00
   4.1400E+02   1.2898E+00
   4.1500E+02   1.3839E+00
   4.1600E+02   1.3993E+00
   4.1700E+02   1.3398E+00
   4.1800E+02   1.2225E+00
   4.1900E+02   1.1344E+00
   4.2000E+02   1.0796E+00
   4.2100E+02   1.0537E+00
   4.2200E+02   1.0642E+00
   4.2300E+02   1.1415E+00
   4.2400E+02   1.2057E+00
   4.2500E+02   1.2702E+00
   4.2600E+02   1.3734E+00
   4.2700E+02   1.4622E+00
   4.2800E+02   1.5478E+00
   4.2900E+02   1.5836E+00
   4.3000E+02   1.5961E+00
   4.3100E+02   1.5597E+00
   4.3200E+02   1.4807E+00
   4.3300E+02   1.3790E+00
   4.3400E+02   1.2976E+00
   4.3500E+02   1.2855E+00
   4.3600E+02   1.3495E+00
   4.3700E+02   1.5026E+00
   4.3800E+02   1.6309E+00
   4.3900E+02   1.6833E+00
   4.4000E+02   1.6759E+00
   4.4100E+02   1.6071E+00
   4.4200E+02   1.5532E+00
   4.4300E+02   1.5409E+00
   4.4400E+02   1.5869E+00
   4.4500E+02   1.6141E+00
   4.4600E+02   1.6312E+00
   4.4700E+02   1.5947E+00
   4.4800E+02   1.5078E+00
   4.4900E+02   1.4322E+00
   4.5000E+02   1.3548E+00
   4.5100E+02   1.2723E+00
   4.5200E+02   1.1874E+00
   4.5300E+02   1.1401E+00
   4.5400E+02   1.1520E+00
   4.5500E+02   1.2097E+00
   4.5600E+02   1.3063E+00
   4.5700E+02   1.4432E+00
   4.5800E+02   1.5034E+00
   4.5900E+02   1.4830E+00
   4.6000E+02   1.3689E+00
   4.6100E+02   1.2325E+00
   4.6200E+02   1.1404E+00
   4.6300E+02   1.1100E+00
   4.6400E+02   1.1342E+00
   4.6500E+02   1.1919E+00
   4.6600E+02   1.2373E+00
   4.6700E+02   1.2549E+00
   4.6800E+02   1.2582E+00
   4.6900E+02   1.2665E+00
   4.7000E+02   1.3004E+00
   4.7100E+02   1.3359E+00
   4.7200E+02   1.3945E+00
   4.7300E+02   1.4568E+00
   4.7400E+02   1.5083E+00
   4.7500E+02   1.5435E+00
   4.7600E+02   1.5628E+00
   4.7700E+02   1.5590E+00
   4.7800E+02   1.5041E+00
   4.7900E+02   1.4431E+00
   4.8000E+02   1.4251E+00
   4.8100E+02   1.3744E+00
   4.8200E+02   1.3600E+00
   4.8300E+02   1.3816E+00
   4.8400E+02   1.4322E+00
   4.8500E+02   1.4540E+00
   4.8600E+02   1.4249E+00
   4.8700E+02   1.3594E+00
   4.8700E+02   1.3424E+00
   4.8700E+02   1.3822E+00
   4.8800E+02   1.2843E+00
   4.8900E+02   1.2365E+00
   4.9000E+02   1.2510E+00
   4.9100E+02   1.3322E+00
   4.9200E+02   1.4149E+00
   4.9300E+02   1.4588E+00
   4.9400E+02   1.4120E+00
   4.9500E+02   1.2929E+00
   4.9600E+02   1.1151E+00
   4.9700E+02   9.7976E-01
   4.9700E+02   1.3424E+00
   4.9700E+02   9.8882E-01
   4.9700E+02   1.3424E+00
   4.9700E+02   1.3424E+00
   4.9700E+02   9.8882E-01
   4.9700E+02   1.3424E+00
   4.9700E+02   9.8882E-01
   4.9700E+02   1.3424E+00
   4.9700E+02   9.8882E-01
   4.9800E+02   9.2444E-01
   4.9800E+02   1.3424E+00
   4.9800E+02   9.2478E-01
   4.9900E+02   9.3097E-01
   4.9900E+02   1.3424E+00
   4.9900E+02   9.2700E-01
   5.0000E+02   9.8393E-01
   5.0100E+02   1.0512E+00
   5.0200E+02   1.1264E+00
   5.0300E+02   1.2476E+00
   5.0400E+02   1.2962E+00
   5.0400E+02   1.3424E+00
   5.0400E+02   1.2932E+00
   5.0500E+02   1.3817E+00
   5.0600E+02   1.4757E+00
   5.0700E+02   1.5741E+00
   5.0800E+02   1.6349E+00
   5.0900E+02   1.6777E+00
   5.1000E+02   1.6719E+00
   5.1100E+02   1.6395E+00
   5.1200E+02   1.5782E+00
   5.1300E+02   1.5418E+00
   5.1400E+02   1.5112E+00
   5.1500E+02   1.4959E+00
   5.1600E+02   1.4687E+00
   5.1700E+02   1.4376E+00
   5.1800E+02   1.3856E+00
   5.1900E+02   1.3256E+00
   5.2000E+02   1.2871E+00
   5.2100E+02   1.3122E+00
   5.2200E+02   1.3652E+00
   5.2300E+02   1.4770E+00
   5.2400E+02   1.5550E+00
   5.2500E+02   1.5660E+00
   5.2600E+02   1.5054E+00
   5.2700E+02   1.3987E+00
   5.2800E+02   1.3391E+00
   5.2900E+02   1.3420E+00
   5.3000E+02   1.4114E+00
   5.3100E+02   1.5360E+00
   5.3200E+02   1.6022E+00
   5.3300E+02   1.5812E+00
   5.3400E+02   1.4540E+00
   5.3500E+02   1.3459E+00
   5.3600E+02   1.2437E+00
   5.3700E+02   1.2087E+00
   5.3800E+02   1.2649E+00
   5.3900E+02   1.3336E+00
   5.4000E+02   1.4373E+00
   5.4100E+02   1.5354E+00
   5.4200E+02   1.6680E+00
   5.4300E+02   1.7711E+00
   5.4400E+02   1.7934E+00
   5.4500E+02   1.7280E+00
   5.4600E+02   1.5661E+00
   5.4700E+02   1.3532E+00
   5.4800E+02   1.2314E+00
   5.4900E+02   1.1797E+00
   5.5000E+02   1.2117E+00
   5.5100E+02   1.2672E+00
   5.5200E+02   1.3198E+00
   5.5200E+02   1.3424E+00
   5.5200E+02   1.3044E+00
   5.5200E+02   1.3424E+00
   5.5200E+02   1.3424E+00
   5.5200E+02   1.3424E+00
   5.5200E+02   1.3044E+00
   5.5200E+02   1.3424E+00
   5.5200E+02   1.3044E+00
   5.5200E+02   1.3424E+00
   5.5200E+02   1.3044E+00
   5.5300E+02   1.3535E+00
   5.5300E+02   1.3424E+00
   5.5300E+02   1.3535E+00
   5.5400E+02   1.3984E+00
   5.5400E+02   1.3424E+00
   5.5400E+02   1.3984E+00
   5.5500E+02   1.4244E+00
   5.5600E+02   1.3967E+00
   5.5700E+02   1.3630E+00
   5.5700E+02   1.3424E+00
   5.5700E+02   1.3656E+00
   5.5800E+02   1.2815E+00
   5.5900E+02   1.1797E+00
   5.6000E+02   1.1080E+00
   5.6100E+02   1.0420E+00
   5.6200E+02   9.9634E-01
   5.6300E+02   9.7795E-01
   5.6400E+02   9.8805E-01
   5.6500E+02   1.0404E+00
   5.6600E+02   1.0739E+00
   5.6700E+02   1.1293E+00
   5.6800E+02   1.1471E+00
   5.6900E+02   1.1436E+00
   5.7000E+02   1.1288E+00
   5.7100E+02   1.0845E+00
   5.7200E+02   1.0556E+00
   5.7300E+02   1.0030E+00
   5.7400E+02   9.5035E-01
   5.7500E+02   9.5567E-01
   5.7600E+02   1.0505E+00
   5.7700E+02   1.1934E+00
   5.7800E+02   1.3360E+00
   5.7900E+02   1.4495E+00
   5.8000E+02   1.4737E+00
   5.8100E+02   1.4115E+00
   5.8200E+02   1.3490E+00
   5.8300E+02   1.3639E+00
   5.8400E+02   1.4802E+00
   5.8500E+02   1.7028E+00
   5.8600E+02   1.9436E+00
   5.8700E+02   2.0544E+00
   5.8800E+02   2.0312E+00
   5.8900E+02   1.8636E+00
   5.8900E+02   1.3424E+00
   5.8900E+02   1.8811E+00
   5.9000E+02   1.6595E+00
   5.9100E+02   1.5037E+00
   5.9200E+02   1.4229E+00
   5.9300E+02   1.4197E+00
   5.9400E+02   1.4407E+00
   5.9500E+02   1.4300E+00
   5.9600E+02   1.3930E+00
   5.9700E+02   1.3513E+00
   5.9700E+02   1.3424E+00
   5.9700E+02   1.3564E+00
   5.9800E+02   1.2906E+00
   5.9900E+02   1.2485E+00
   6.0000E+02   1.2058E+00
   6.0100E+02   1.1979E+00
   6.0200E+02   1.2156E+00
   6.0300E+02   1.2420E+00
   6.0400E+02   1.3390E+00
   6.0400E+02   1.3424E+00
   6.0400E+02   1.2871E+00
   6.0500E+02   1.3690E+00
   6.0600E+02   1.4267E+00
   6.0700E+02   1.4254E+00
   6.0800E+02   1.3746E+00
   6.0900E+02   1.2760E+00
   6.1000E+02   1.1694E+00
   6.1100E+02   1.0693E+00
   6.1200E+02   9.9126E-01
   6.1200E+02   1.3424E+00
   6.1200E+02   9.9870E-01
   6.1200E+02   1.3424E+00
   6.1200E+02   1.3424E+00
   6.1200E+02   1.3424E+00
   6.1200E+02   9.9870E-01
   6.1200E+02   1.3424E+00
   6.1200E+02   9.9870E-01
   6.1200E+02   1.3424E+00
   6.1200E+02   9.9870E-01
   6.1200E+02   1.3424E+00
   6.1200E+02   9.9870E-01
   6.1300E+02   9.4611E-01
   6.1300E+02   1.3424E+00
   6.1300E+02   9.2963E-01
   6.1400E+02   8.8317E-01
   6.1500E+02   8.6582E-01
   6.1600E+02   8.8528E-01
   6.1700E+02   9.0911E-01
   6.1800E+02   9.2355E-01
   6.1900E+02   9.1557E-01
   6.2000E+02   9.0158E-01
   6.2100E+02   8.7163E-01
   6.2200E+02   8.7411E-01
   6.2300E+02   9.2632E-01
   6.2300E+02   1.3424E+00
   6.2300E+02   8.9965E-01
   6.2300E+02   1.3424E+00
   6.2300E+02   1.3424E+00
   6.2300E+02   1.3424E+00
   6.2300E+02   8.9965E-01
   6.2300E+02   1.3424E+00
   6.2300E+02   8.9965E-01
   6.2300E+02   1.3424E+00
   6.2300E+02   8.9965E-01
   6.2300E+02   1.3424E+00
   6.2300E+02   8.9965E-01
   6.2300E+02   1.3424E+00
   6.2300E+02   8.9965E-01
