   0.0000E+00   1.3424E+00
   0.0000E+00   9.3133E-01
   1.0000E+00   9.2964E-01
   2.0000E+00   8.7496E-01
   3.0000E+00   8.4302E-01
   4.0000E+00   8.3357E-01
   5.0000E+00   8.4679E-01
   6.0000E+00   8.6921E-01
   7.0000E+00   8.7148E-01
   8.0000E+00   8.5440E-01
   9.0000E+00   8.1745E-01
   1.0000E+01   7.7802E-01
   1.1000E+01   7.7021E-01
   1.2000E+01   7.9046E-01
   1.3000E+01   8.4328E-01
   1.4000E+01   8.8475E-01
   1.5000E+01   8.8370E-01
   1.6000E+01   8.3419E-01
   1.7000E+01   7.4324E-01
   1.8000E+01   6.8363E-01
   1.9000E+01   7.0786E-01
   2.0000E+01   8.1412E-01
   2.1000E+01   1.0024E+00
   2.2000E+01   1.1660E+00
   2.3000E+01   1.2458E+00
   2.4000E+01   1.2439E+00
   2.5000E+01   1.1602E+00
   2.6000E+01   1.0804E+00
   2.7000E+01   1.0220E+00
   2.8000E+01   9.9584E-01
   2.9000E+01   9.9297E-01
   3.0000E+01   9.8645E-01
   3.1000E+01   9.7007E-01
   3.2000E+01   9.4884E-01
   3.3000E+01   9.1730E-01
   3.4000E+01   8.9100E-01
   3.5000E+01   8.7509E-01
   3.6000E+01   8.6776E-01
   3.7000E+01   8.7270E-01
   3.8000E+01   8.9481E-01
   3.9000E+01   9.2583E-01
   4.0000E+01   9.7878E-01
   4.1000E+01   1.0433E+00
   4.2000E+01   1.0961E+00
   4.3000E+01   1.1328E+00
   4.4000E+01   1.1531E+00
   4.5000E+01   1.1653E+00
   4.6000E+01   1.1717E+00
   4.7000E+01   1.1733E+00
   4.8000E+01   1.1701E+00
   4.9000E+01   1.1577E+00
   5.0000E+01   1.1238E+00
   5.1000E+01   1.0678E+00
   5.2000E+01   9.8205E-01
   5.3000E+01   9.0146E-01
   5.4000E+01   8.2585E-01
   5.5000E+01   7.6993E-01
   5.6000E+01   7.2337E-01
   5.7000E+01   7.1139E-01
   5.8000E+01   7.4571E-01
   5.9000E+01   8.2124E-01
   6.0000E+01   9.4368E-01
   6.1000E+01   1.0651E+00
   6.2000E+01   1.1419E+00
   6.3000E+01   1.1818E+00
   6.4000E+01   1.1855E+00
   6.5000E+01   1.2173E+00
   6.6000E+01   1.3086E+00
   6.7000E+01   1.4593E+00
   6.8000E+01   1.6643E+00
   6.9000E+01   1.8202E+00
   7.0000E+01   1.8849E+00
   7.1000E+01   1.8639E+00
   7.2000E+01   1.7549E+00
   7.3000E+01   1.6325E+00
   7.4000E+01   1.4992E+00
   7.5000E+01   1.3498E+00
   7.6000E+01   1.2084E+00
   7.7000E+01   1.1209E+00
   7.8000E+01   1.1085E+00
   7.9000E+01   1.1633E+00
   8.0000E+01   1.2626E+00
   8.1000E+01   1.3148E+00
   8.2000E+01   1.3092E+00
   8.3000E+01   1.2450E+00
   8.4000E+01   1.1372E+00
   8.5000E+01   1.0537E+00
   8.6000E+01   9.9421E-01
   8.7000E+01   9.5592E-01
   8.8000E+01   9.4615E-01
   8.9000E+01   9.7948E-01
   9.0000E+01   1.0510E+00
   9.1000E+01   1.1613E+00
   9.2000E+01   1.2996E+00
   9.3000E+01   1.4358E+00
   9.4000E+01   1.5731E+00
   9.5000E+01   1.7022E+00
   9.6000E+01   1.8078E+00
   9.7000E+01   1.8578E+00
   9.8000E+01   1.8510E+00
   9.9000E+01   1.7884E+00
   1.0000E+02   1.7162E+00
   1.0100E+02   1.6734E+00
   1.0200E+02   1.6583E+00
   1.0300E+02   1.6711E+00
   1.0400E+02   1.6894E+00
   1.0500E+02   1.7009E+00
   1.0600E+02   1.7062E+00
   1.0700E+02   1.7057E+00
   1.0800E+02   1.7098E+00
   1.0900E+02   1.7174E+00
   1.1000E+02   1.7345E+00
   1.1100E+02   1.7548E+00
   1.1200E+02   1.7635E+00
   1.1300E+02   1.7542E+00
   1.1400E+02   1.7293E+00
   1.1500E+02   1.6896E+00
   1.1600E+02   1.6520E+00
   1.1700E+02   1.6265E+00
   1.1800E+02   1.6082E+00
   1.1900E+02   1.5945E+00
   1.2000E+02   1.5577E+00
   1.2100E+02   1.4913E+00
   1.2200E+02   1.3935E+00
   1.2300E+02   1.2931E+00
   1.2400E+02   1.2396E+00
   1.2500E+02   1.2446E+00
   1.2600E+02   1.3080E+00
   1.2700E+02   1.4023E+00
   1.2800E+02   1.4573E+00
   1.2900E+02   1.4682E+00
   1.3000E+02   1.4386E+00
   1.3100E+02   1.3898E+00
   1.3200E+02   1.3597E+00
   1.3300E+02   1.3490E+00
   1.3400E+02   1.3599E+00
   1.3500E+02   1.3733E+00
   1.3600E+02   1.3724E+00
   1.3700E+02   1.3542E+00
   1.3800E+02   1.3241E+00
   1.3900E+02   1.3086E+00
   1.4000E+02   1.3406E+00
   1.4100E+02   1.4221E+00
   1.4200E+02   1.5501E+00
   1.4300E+02   1.6451E+00
   1.4400E+02   1.6587E+00
   1.4500E+02   1.5886E+00
   1.4600E+02   1.4452E+00
   1.4700E+02   1.3025E+00
   1.4800E+02   1.2124E+00
   1.4900E+02   1.1708E+00
   1.5000E+02   1.1772E+00
   1.5100E+02   1.1756E+00
   1.5200E+02   1.1505E+00
   1.5300E+02   1.0981E+00
   1.5400E+02   1.0291E+00
   1.5500E+02   9.7560E-01
   1.5600E+02   9.4834E-01
   1.5700E+02   9.4864E-01
   1.5800E+02   9.7298E-01
   1.5900E+02   1.0107E+00
   1.6000E+02   1.0440E+00
   1.6100E+02   1.0841E+00
   1.6200E+02   1.1295E+00
   1.6300E+02   1.1913E+00
   1.6400E+02   1.2623E+00
   1.6500E+02   1.3433E+00
   1.6600E+02   1.4268E+00
   1.6700E+02   1.4600E+00
   1.6800E+02   1.4379E+00
   1.6900E+02   1.3663E+00
   1.7000E+02   1.2740E+00
   1.7100E+02   1.2442E+00
   1.7200E+02   1.2810E+00
   1.7300E+02   1.3866E+00
   1.7400E+02   1.5133E+00
   1.7500E+02   1.6029E+00
   1.7600E+02   1.6496E+00
   1.7700E+02   1.6524E+00
   1.7800E+02   1.6329E+00
   1.7900E+02   1.6164E+00
   1.8000E+02   1.5990E+00
   1.8100E+02   1.5870E+00
   1.8200E+02   1.5616E+00
   1.8300E+02   1.5089E+00
   1.8400E+02   1.4362E+00
   1.8500E+02   1.3398E+00
   1.8600E+02   1.2773E+00
   1.8700E+02   1.2909E+00
   1.8800E+02   1.3773E+00
   1.8900E+02   1.5367E+00
   1.9000E+02   1.6835E+00
   1.9100E+02   1.7963E+00
   1.9200E+02   1.8708E+00
   1.9300E+02   1.9107E+00
   1.9400E+02   1.9342E+00
   1.9500E+02   1.9484E+00
   1.9600E+02   1.9537E+00
   1.9700E+02   1.9489E+00
   1.9800E+02   1.9333E+00
   1.9900E+02   1.9028E+00
   2.0000E+02   1.8607E+00
   2.0100E+02   1.8054E+00
   2.0200E+02   1.7472E+00
   2.0300E+02   1.6831E+00
   2.0400E+02   1.6121E+00
   2.0500E+02   1.5361E+00
   2.0600E+02   1.4596E+00
   2.0700E+02   1.3808E+00
   2.0800E+02   1.3065E+00
   2.0900E+02   1.2346E+00
   2.1000E+02   1.1884E+00
   2.1100E+02   1.1694E+00
   2.1200E+02   1.1771E+00
   2.1300E+02   1.1996E+00
   2.1400E+02   1.2377E+00
   2.1400E+02   1.3424E+00
   2.1400E+02   1.2334E+00
   2.1500E+02   1.2803E+00
   2.1600E+02   1.3293E+00
   2.1700E+02   1.3887E+00
   2.1800E+02   1.4410E+00
   2.1900E+02   1.4717E+00
   2.2000E+02   1.5116E+00
   2.2100E+02   1.5412E+00
   2.2200E+02   1.5634E+00
   2.2300E+02   1.5750E+00
   2.2400E+02   1.5833E+00
   2.2500E+02   1.5759E+00
   2.2600E+02   1.5325E+00
   2.2700E+02   1.4861E+00
   2.2800E+02   1.4529E+00
   2.2900E+02   1.4149E+00
   2.3000E+02   1.3637E+00
   2.3100E+02   1.3330E+00
   2.3200E+02   1.3018E+00
   2.3300E+02   1.3032E+00
   2.3400E+02   1.3409E+00
   2.3500E+02   1.4053E+00
   2.3600E+02   1.5081E+00
   2.3700E+02   1.5579E+00
   2.3800E+02   1.5439E+00
   2.3900E+02   1.4410E+00
   2.4000E+02   1.3483E+00
   2.4100E+02   1.2453E+00
   2.4200E+02   1.2027E+00
   2.4300E+02   1.2049E+00
   2.4400E+02   1.2272E+00
   2.4500E+02   1.2371E+00
   2.4600E+02   1.2068E+00
   2.4700E+02   1.1743E+00
   2.4800E+02   1.1183E+00
   2.4900E+02   1.0977E+00
   2.5000E+02   1.1175E+00
   2.5100E+02   1.2028E+00
   2.5200E+02   1.2634E+00
   2.5300E+02   1.3418E+00
   2.5400E+02   1.4621E+00
   2.5500E+02   1.6015E+00
   2.5600E+02   1.7393E+00
   2.5700E+02   1.8125E+00
   2.5800E+02   1.8542E+00
   2.5900E+02   1.8361E+00
   2.6000E+02   1.7692E+00
   2.6100E+02   1.7022E+00
   2.6200E+02   1.5604E+00
   2.6300E+02   1.3664E+00
   2.6400E+02   1.1969E+00
   2.6500E+02   1.0918E+00
   2.6600E+02   1.0584E+00
   2.6700E+02   1.0982E+00
   2.6800E+02   1.1254E+00
   2.6900E+02   1.1089E+00
   2.7000E+02   1.0404E+00
   2.7100E+02   9.8024E-01
   2.7200E+02   9.4922E-01
   2.7300E+02   1.0480E+00
   2.7400E+02   1.1882E+00
   2.7500E+02   1.4387E+00
   2.7600E+02   1.6334E+00
   2.7700E+02   1.6947E+00
   2.7800E+02   1.6220E+00
   2.7900E+02   1.5108E+00
   2.8000E+02   1.4008E+00
   2.8100E+02   1.3938E+00
   2.8200E+02   1.4391E+00
   2.8300E+02   1.5510E+00
   2.8400E+02   1.6721E+00
   2.8500E+02   1.7398E+00
   2.8600E+02   1.7974E+00
   2.8700E+02   1.8324E+00
   2.8800E+02   1.8159E+00
   2.8900E+02   1.7522E+00
   2.9000E+02   1.6433E+00
   2.9100E+02   1.4920E+00
   2.9200E+02   1.3969E+00
   2.9300E+02   1.3563E+00
   2.9400E+02   1.3613E+00
   2.9500E+02   1.3962E+00
   2.9600E+02   1.4377E+00
   2.9700E+02   1.4546E+00
   2.9800E+02   1.4940E+00
   2.9900E+02   1.5221E+00
   3.0000E+02   1.5731E+00
   3.0100E+02   1.6451E+00
   3.0200E+02   1.7386E+00
   3.0300E+02   1.7901E+00
   3.0400E+02   1.7504E+00
   3.0500E+02   1.6119E+00
   3.0600E+02   1.3630E+00
   3.0700E+02   1.1704E+00
   3.0800E+02   1.0928E+00
   3.0900E+02   1.1407E+00
   3.1000E+02   1.3097E+00
   3.1100E+02   1.4552E+00
   3.1200E+02   1.5597E+00
   3.1300E+02   1.5970E+00
   3.1400E+02   1.5763E+00
   3.1500E+02   1.5033E+00
   3.1600E+02   1.4362E+00
   3.1700E+02   1.3446E+00
   3.1800E+02   1.2079E+00
   3.1900E+02   1.1561E+00
   3.2000E+02   1.1869E+00
   3.2100E+02   1.2996E+00
   3.2200E+02   1.4712E+00
   3.2300E+02   1.5846E+00
   3.2400E+02   1.6037E+00
   3.2500E+02   1.5462E+00
   3.2600E+02   1.4011E+00
   3.2700E+02   1.3273E+00
   3.2800E+02   1.2736E+00
   3.2900E+02   1.2637E+00
   3.3000E+02   1.3242E+00
   3.3100E+02   1.3851E+00
   3.3200E+02   1.5015E+00
   3.3300E+02   1.6909E+00
   3.3400E+02   1.8385E+00
   3.3500E+02   1.9006E+00
   3.3600E+02   1.8440E+00
   3.3700E+02   1.6877E+00
   3.3800E+02   1.4747E+00
   3.3900E+02   1.3328E+00
   3.4000E+02   1.2557E+00
   3.4100E+02   1.2537E+00
   3.4200E+02   1.2848E+00
   3.4300E+02   1.3340E+00
   3.4400E+02   1.3641E+00
   3.4500E+02   1.4121E+00
   3.4600E+02   1.4814E+00
   3.4700E+02   1.5958E+00
   3.4800E+02   1.7239E+00
   3.4900E+02   1.9045E+00
   3.5000E+02   2.0465E+00
   3.5100E+02   2.0952E+00
   3.5200E+02   2.0595E+00
   3.5300E+02   1.9536E+00
   3.5400E+02   1.8694E+00
   3.5500E+02   1.8069E+00
   3.5600E+02   1.7998E+00
   3.5700E+02   1.8233E+00
   3.5800E+02   1.8030E+00
   3.5900E+02   1.7488E+00
   3.6000E+02   1.6425E+00
   3.6100E+02   1.4965E+00
   3.6200E+02   1.4082E+00
   3.6300E+02   1.4095E+00
   3.6400E+02   1.5116E+00
   3.6500E+02   1.6291E+00
   3.6600E+02   1.7521E+00
   3.6700E+02   1.8599E+00
   3.6800E+02   1.9459E+00
   3.6900E+02   1.9969E+00
   3.7000E+02   2.0040E+00
   3.7100E+02   1.9690E+00
   3.7200E+02   1.9066E+00
   3.7300E+02   1.7854E+00
   3.7400E+02   1.7203E+00
   3.7500E+02   1.6334E+00
   3.7600E+02   1.5692E+00
   3.7700E+02   1.5335E+00
   3.7800E+02   1.5287E+00
   3.7900E+02   1.5663E+00
   3.8000E+02   1.6501E+00
   3.8100E+02   1.6919E+00
   3.8200E+02   1.7285E+00
   3.8300E+02   1.7247E+00
   3.8400E+02   1.6926E+00
   3.8500E+02   1.6379E+00
   3.8600E+02   1.5770E+00
   3.8700E+02   1.4788E+00
   3.8800E+02   1.4393E+00
   3.8900E+02   1.3443E+00
   3.9000E+02   1.2549E+00
   3.9100E+02   1.1386E+00
   3.9200E+02   1.0109E+00
   3.9300E+02   9.2689E-01
   3.9400E+02   8.9069E-01
   3.9500E+02   9.3482E-01
   3.9500E+02   1.3424E+00
   3.9500E+02   9.1188E-01
   3.9600E+02   9.9061E-01
   3.9700E+02   1.0758E+00
   3.9800E+02   1.1651E+00
   3.9900E+02   1.2021E+00
   4.0000E+02   1.2532E+00
   4.0100E+02   1.2855E+00
   4.0200E+02   1.3130E+00
   4.0300E+02   1.3422E+00
   4.0300E+02   1.3424E+00
   4.0300E+02   1.3362E+00
   4.0400E+02   1.3609E+00
   4.0500E+02   1.3990E+00
   4.0600E+02   1.4374E+00
   4.0700E+02   1.4928E+00
   4.0800E+02   1.5370E+00
   4.0900E+02   1.5600E+00
   4.1000E+02   1.5552E+00
   4.1100E+02   1.5072E+00
   4.1200E+02   1.4793E+00
   4.1300E+02   1.4788E+00
   4.1400E+02   1.5460E+00
   4.1500E+02   1.6501E+00
   4.1600E+02   1.7119E+00
   4.1700E+02   1.7566E+00
   4.1800E+02   1.7516E+00
   4.1900E+02   1.6843E+00
   4.2000E+02   1.6088E+00
   4.2100E+02   1.5942E+00
   4.2200E+02   1.6285E+00
   4.2300E+02   1.7349E+00
   4.2400E+02   1.8056E+00
   4.2500E+02   1.8850E+00
   4.2600E+02   1.9412E+00
   4.2700E+02   1.9700E+00
   4.2800E+02   1.9800E+00
   4.2900E+02   1.9893E+00
   4.3000E+02   1.9883E+00
   4.3100E+02   1.9878E+00
   4.3200E+02   1.9588E+00
   4.3300E+02   1.9018E+00
   4.3400E+02   1.8310E+00
   4.3500E+02   1.7240E+00
   4.3600E+02   1.6106E+00
   4.3700E+02   1.5226E+00
   4.3800E+02   1.4758E+00
   4.3900E+02   1.4313E+00
   4.4000E+02   1.4191E+00
   4.4100E+02   1.4322E+00
   4.4200E+02   1.4730E+00
   4.4300E+02   1.5045E+00
   4.4400E+02   1.5365E+00
   4.4500E+02   1.5275E+00
   4.4600E+02   1.5062E+00
   4.4700E+02   1.4563E+00
   4.4800E+02   1.4499E+00
   4.4900E+02   1.4770E+00
   4.5000E+02   1.5503E+00
   4.5100E+02   1.6416E+00
   4.5200E+02   1.6601E+00
   4.5300E+02   1.5936E+00
   4.5400E+02   1.5026E+00
   4.5500E+02   1.3522E+00
   4.5600E+02   1.2792E+00
   4.5700E+02   1.2968E+00
   4.5800E+02   1.4119E+00
   4.5900E+02   1.5560E+00
   4.6000E+02   1.6608E+00
   4.6100E+02   1.6906E+00
   4.6200E+02   1.6670E+00
   4.6300E+02   1.6087E+00
   4.6400E+02   1.5866E+00
   4.6500E+02   1.5892E+00
   4.6600E+02   1.6255E+00
   4.6700E+02   1.6877E+00
   4.6800E+02   1.7263E+00
   4.6900E+02   1.7942E+00
   4.7000E+02   1.8810E+00
   4.7100E+02   1.9442E+00
   4.7200E+02   1.9443E+00
   4.7300E+02   1.8845E+00
   4.7400E+02   1.7814E+00
   4.7500E+02   1.6817E+00
   4.7600E+02   1.6128E+00
   4.7700E+02   1.5872E+00
   4.7800E+02   1.5985E+00
   4.7900E+02   1.6244E+00
   4.8000E+02   1.6620E+00
   4.8100E+02   1.7114E+00
   4.8200E+02   1.7422E+00
   4.8300E+02   1.7636E+00
   4.8400E+02   1.7469E+00
   4.8500E+02   1.6963E+00
   4.8600E+02   1.6013E+00
   4.8700E+02   1.5240E+00
   4.8800E+02   1.4624E+00
   4.8900E+02   1.3884E+00
   4.9000E+02   1.3495E+00
   4.9100E+02   1.2854E+00
   4.9200E+02   1.2160E+00
   4.9300E+02   1.1420E+00
   4.9400E+02   1.0932E+00
   4.9500E+02   1.1109E+00
   4.9600E+02   1.2104E+00
   4.9700E+02   1.3826E+00
   4.9800E+02   1.5955E+00
   4.9900E+02   1.7057E+00
   5.0000E+02   1.7124E+00
   5.0100E+02   1.6131E+00
   5.0200E+02   1.4499E+00
   5.0300E+02   1.3535E+00
   5.0400E+02   1.2904E+00
   5.0500E+02   1.2814E+00
   5.0600E+02   1.3095E+00
   5.0700E+02   1.3394E+00
   5.0800E+02   1.3993E+00
   5.0900E+02   1.4649E+00
   5.1000E+02   1.5375E+00
   5.1100E+02   1.5632E+00
   5.1200E+02   1.5690E+00
   5.1300E+02   1.5430E+00
   5.1400E+02   1.5274E+00
   5.1500E+02   1.5279E+00
   5.1600E+02   1.5615E+00
   5.1700E+02   1.6017E+00
   5.1800E+02   1.6565E+00
   5.1900E+02   1.7078E+00
   5.2000E+02   1.8009E+00
   5.2100E+02   1.9134E+00
   5.2200E+02   1.9436E+00
   5.2300E+02   1.8815E+00
   5.2400E+02   1.7166E+00
   5.2500E+02   1.4542E+00
   5.2600E+02   1.2799E+00
   5.2700E+02   1.2104E+00
   5.2800E+02   1.2606E+00
   5.2900E+02   1.3857E+00
   5.3000E+02   1.4985E+00
   5.3100E+02   1.5605E+00
   5.3200E+02   1.5588E+00
   5.3300E+02   1.5292E+00
   5.3400E+02   1.4879E+00
   5.3500E+02   1.4326E+00
   5.3600E+02   1.3555E+00
   5.3700E+02   1.3079E+00
   5.3800E+02   1.2775E+00
   5.3900E+02   1.2826E+00
   5.4000E+02   1.3232E+00
   5.4100E+02   1.3906E+00
   5.4200E+02   1.4823E+00
   5.4300E+02   1.5945E+00
   5.4400E+02   1.7249E+00
   5.4500E+02   1.7981E+00
   5.4600E+02   1.8515E+00
   5.4700E+02   1.8372E+00
   5.4800E+02   1.7650E+00
   5.4900E+02   1.6912E+00
   5.5000E+02   1.6460E+00
   5.5100E+02   1.6362E+00
   5.5200E+02   1.6649E+00
   5.5300E+02   1.6853E+00
   5.5400E+02   1.6878E+00
   5.5500E+02   1.6666E+00
   5.5600E+02   1.6176E+00
   5.5700E+02   1.6028E+00
   5.5800E+02   1.6225E+00
   5.5900E+02   1.6888E+00
   5.6000E+02   1.7892E+00
   5.6100E+02   1.8710E+00
   5.6200E+02   1.9189E+00
   5.6300E+02   1.9185E+00
   5.6400E+02   1.8863E+00
   5.6500E+02   1.8687E+00
   5.6600E+02   1.8808E+00
   5.6700E+02   1.9153E+00
   5.6800E+02   1.9808E+00
   5.6900E+02   2.0163E+00
   5.7000E+02   2.0229E+00
   5.7100E+02   1.9958E+00
   5.7200E+02   1.9530E+00
   5.7300E+02   1.9355E+00
   5.7400E+02   1.9481E+00
   5.7500E+02   1.9856E+00
   5.7600E+02   2.0530E+00
   5.7700E+02   2.0788E+00
   5.7800E+02   2.0784E+00
   5.7900E+02   2.0417E+00
   5.8000E+02   2.0023E+00
   5.8100E+02   1.9895E+00
   5.8200E+02   2.0072E+00
   5.8300E+02   2.0782E+00
   5.8400E+02   2.1029E+00
   5.8500E+02   2.0971E+00
   5.8600E+02   2.0259E+00
   5.8700E+02   1.9407E+00
   5.8800E+02   1.8227E+00
   5.8900E+02   1.7801E+00
   5.9000E+02   1.8024E+00
   5.9100E+02   1.8853E+00
   5.9200E+02   1.9771E+00
   5.9300E+02   2.0231E+00
   5.9400E+02   2.0029E+00
   5.9500E+02   1.9542E+00
   5.9600E+02   1.8916E+00
   5.9700E+02   1.8574E+00
   5.9800E+02   1.8506E+00
   5.9900E+02   1.8652E+00
   6.0000E+02   1.8910E+00
   6.0100E+02   1.9196E+00
   6.0200E+02   1.9657E+00
   6.0300E+02   2.0050E+00
   6.0400E+02   2.0242E+00
   6.0500E+02   2.0096E+00
   6.0600E+02   1.9426E+00
   6.0700E+02   1.8856E+00
   6.0800E+02   1.7878E+00
   6.0900E+02   1.7055E+00
   6.1000E+02   1.5691E+00
   6.1100E+02   1.4329E+00
   6.1200E+02   1.3456E+00
   6.1300E+02   1.3272E+00
   6.1400E+02   1.3640E+00
   6.1500E+02   1.4468E+00
   6.1600E+02   1.5226E+00
   6.1700E+02   1.5666E+00
   6.1800E+02   1.5811E+00
   6.1900E+02   1.5899E+00
   6.2000E+02   1.6092E+00
   6.2100E+02   1.6746E+00
   6.2200E+02   1.7178E+00
   6.2300E+02   1.7797E+00
   6.2400E+02   1.8402E+00
   6.2500E+02   1.8942E+00
   6.2600E+02   1.9242E+00
   6.2700E+02   1.9386E+00
   6.2800E+02   1.9512E+00
   6.2900E+02   1.9476E+00
   6.3000E+02   1.9340E+00
   6.3100E+02   1.9243E+00
   6.3200E+02   1.9039E+00
   6.3300E+02   1.8833E+00
   6.3400E+02   1.8619E+00
   6.3500E+02   1.8420E+00
   6.3600E+02   1.8233E+00
   6.3700E+02   1.8058E+00
   6.3800E+02   1.8058E+00
   6.3900E+02   1.7532E+00
   6.4000E+02   1.6813E+00
   6.4100E+02   1.5402E+00
   6.4200E+02   1.4044E+00
   6.4300E+02   1.2822E+00
   6.4400E+02   1.2442E+00
   6.4500E+02   1.3020E+00
   6.4600E+02   1.4069E+00
   6.4700E+02   1.5496E+00
   6.4800E+02   1.6356E+00
   6.4900E+02   1.7380E+00
   6.5000E+02   1.8179E+00
   6.5100E+02   1.8446E+00
   6.5200E+02   1.8012E+00
   6.5300E+02   1.7266E+00
   6.5400E+02   1.5849E+00
   6.5500E+02   1.5087E+00
   6.5600E+02   1.4905E+00
   6.5700E+02   1.5477E+00
   6.5800E+02   1.6315E+00
   6.5900E+02   1.7234E+00
   6.6000E+02   1.7991E+00
   6.6100E+02   1.8857E+00
   6.6200E+02   1.9441E+00
   6.6300E+02   1.9710E+00
   6.6400E+02   1.9771E+00
   6.6500E+02   1.9543E+00
   6.6600E+02   1.9181E+00
   6.6700E+02   1.8581E+00
   6.6800E+02   1.8299E+00
   6.6900E+02   1.7697E+00
   6.7000E+02   1.7316E+00
   6.7100E+02   1.6918E+00
   6.7200E+02   1.6572E+00
   6.7300E+02   1.6316E+00
   6.7400E+02   1.6084E+00
   6.7500E+02   1.5881E+00
   6.7600E+02   1.5657E+00
   6.7700E+02   1.5329E+00
   6.7800E+02   1.5264E+00
   6.7900E+02   1.5607E+00
   6.8000E+02   1.6367E+00
   6.8100E+02   1.6919E+00
   6.8200E+02   1.7472E+00
   6.8300E+02   1.7912E+00
   6.8400E+02   1.7971E+00
   6.8500E+02   1.7677E+00
   6.8600E+02   1.7376E+00
   6.8700E+02   1.6781E+00
   6.8800E+02   1.5954E+00
   6.8900E+02   1.5022E+00
   6.9000E+02   1.4670E+00
   6.9100E+02   1.5059E+00
   6.9200E+02   1.5846E+00
   6.9300E+02   1.7036E+00
   6.9400E+02   1.8138E+00
   6.9500E+02   1.8535E+00
   6.9600E+02   1.8468E+00
   6.9700E+02   1.7561E+00
   6.9800E+02   1.7037E+00
   6.9900E+02   1.5745E+00
   7.0000E+02   1.4254E+00
   7.0100E+02   1.2586E+00
   7.0200E+02   1.1699E+00
   7.0300E+02   1.1680E+00
   7.0400E+02   1.2613E+00
   7.0500E+02   1.3616E+00
   7.0600E+02   1.4532E+00
   7.0700E+02   1.5174E+00
   7.0800E+02   1.5330E+00
   7.0900E+02   1.5173E+00
   7.1000E+02   1.4718E+00
   7.1100E+02   1.3628E+00
   7.1100E+02   1.3424E+00
   7.1100E+02   1.3997E+00
   7.1200E+02   1.2818E+00
   7.1300E+02   1.1741E+00
   7.1400E+02   1.1248E+00
   7.1500E+02   1.1276E+00
   7.1600E+02   1.1849E+00
   7.1700E+02   1.2555E+00
   7.1800E+02   1.2926E+00
   7.1900E+02   1.3421E+00
   7.1900E+02   1.3424E+00
   7.1900E+02   1.3324E+00
   7.2000E+02   1.3592E+00
   7.2100E+02   1.3818E+00
   7.2200E+02   1.3959E+00
   7.2300E+02   1.4145E+00
   7.2400E+02   1.4249E+00
   7.2500E+02   1.4733E+00
   7.2600E+02   1.5665E+00
   7.2700E+02   1.6739E+00
   7.2800E+02   1.7860E+00
   7.2900E+02   1.8731E+00
   7.3000E+02   1.8847E+00
   7.3100E+02   1.8267E+00
   7.3200E+02   1.7124E+00
   7.3300E+02   1.6181E+00
   7.3400E+02   1.5807E+00
   7.3500E+02   1.6069E+00
   7.3600E+02   1.6583E+00
   7.3700E+02   1.7094E+00
   7.3800E+02   1.7401E+00
   7.3900E+02   1.7538E+00
   7.4000E+02   1.7528E+00
   7.4100E+02   1.7429E+00
   7.4200E+02   1.7380E+00
   7.4300E+02   1.7218E+00
   7.4400E+02   1.7097E+00
   7.4500E+02   1.7113E+00
   7.4600E+02   1.7294E+00
   7.4700E+02   1.7671E+00
   7.4800E+02   1.8117E+00
   7.4900E+02   1.8423E+00
   7.5000E+02   1.8573E+00
   7.5100E+02   1.8565E+00
   7.5200E+02   1.8418E+00
   7.5300E+02   1.8149E+00
   7.5400E+02   1.7758E+00
   7.5500E+02   1.7758E+00
   7.5600E+02   1.7401E+00
   7.5700E+02   1.7138E+00
   7.5800E+02   1.6975E+00
   7.5900E+02   1.6937E+00
   7.6000E+02   1.6730E+00
   7.6100E+02   1.6300E+00
   7.6200E+02   1.5134E+00
   7.6300E+02   1.4334E+00
   7.6400E+02   1.3678E+00
   7.6500E+02   1.3750E+00
   7.6600E+02   1.4490E+00
   7.6700E+02   1.5648E+00
   7.6800E+02   1.6649E+00
   7.6900E+02   1.6888E+00
   7.7000E+02   1.6188E+00
   7.7100E+02   1.5272E+00
   7.7200E+02   1.4473E+00
   7.7300E+02   1.4471E+00
   7.7400E+02   1.5042E+00
   7.7500E+02   1.6044E+00
   7.7600E+02   1.6500E+00
   7.7700E+02   1.6260E+00
   7.7800E+02   1.5122E+00
   7.7900E+02   1.3710E+00
   7.8000E+02   1.3018E+00
   7.8100E+02   1.3166E+00
   7.8200E+02   1.4056E+00
   7.8300E+02   1.5568E+00
   7.8400E+02   1.6491E+00
   7.8500E+02   1.6711E+00
   7.8600E+02   1.6154E+00
   7.8700E+02   1.5356E+00
   7.8800E+02   1.5031E+00
   7.8900E+02   1.5192E+00
   7.9000E+02   1.5903E+00
   7.9100E+02   1.6625E+00
   7.9200E+02   1.6962E+00
   7.9300E+02   1.6662E+00
   7.9400E+02   1.5960E+00
   7.9500E+02   1.5264E+00
   7.9600E+02   1.5091E+00
   7.9700E+02   1.5481E+00
   7.9800E+02   1.6202E+00
   7.9900E+02   1.6732E+00
   8.0000E+02   1.6880E+00
   8.0100E+02   1.6644E+00
   8.0200E+02   1.5990E+00
   8.0300E+02   1.5417E+00
   8.0400E+02   1.5318E+00
   8.0500E+02   1.5671E+00
   8.0600E+02   1.6101E+00
   8.0700E+02   1.6359E+00
   8.0800E+02   1.5832E+00
   8.0900E+02   1.4714E+00
   8.1000E+02   1.3892E+00
   8.1100E+02   1.2979E+00
   8.1200E+02   1.2694E+00
   8.1300E+02   1.3120E+00
   8.1400E+02   1.4111E+00
   8.1500E+02   1.5225E+00
   8.1600E+02   1.5974E+00
   8.1700E+02   1.6647E+00
   8.1800E+02   1.7294E+00
   8.1900E+02   1.7591E+00
   8.2000E+02   1.7791E+00
   8.2100E+02   1.7801E+00
   8.2200E+02   1.7608E+00
   8.2300E+02   1.7433E+00
   8.2400E+02   1.7077E+00
   8.2500E+02   1.6536E+00
   8.2600E+02   1.6052E+00
   8.2700E+02   1.5799E+00
   8.2800E+02   1.5554E+00
   8.2900E+02   1.5472E+00
   8.3000E+02   1.5613E+00
   8.3100E+02   1.5920E+00
   8.3200E+02   1.6714E+00
   8.3300E+02   1.7410E+00
   8.3400E+02   1.8407E+00
   8.3500E+02   1.9009E+00
   8.3600E+02   1.9327E+00
   8.3700E+02   1.9335E+00
   8.3800E+02   1.9140E+00
   8.3900E+02   1.9016E+00
   8.4000E+02   1.8954E+00
   8.4100E+02   1.8906E+00
   8.4200E+02   1.8749E+00
   8.4300E+02   1.8188E+00
   8.4400E+02   1.7600E+00
   8.4500E+02   1.7010E+00
   8.4600E+02   1.6446E+00
   8.4700E+02   1.6445E+00
   8.4800E+02   1.7054E+00
   8.4900E+02   1.7821E+00
   8.5000E+02   1.8506E+00
   8.5100E+02   1.8572E+00
   8.5200E+02   1.7852E+00
   8.5300E+02   1.7309E+00
   8.5400E+02   1.6675E+00
   8.5500E+02   1.6654E+00
   8.5600E+02   1.7132E+00
   8.5700E+02   1.7931E+00
   8.5800E+02   1.8594E+00
   8.5900E+02   1.8957E+00
   8.6000E+02   1.8929E+00
   8.6100E+02   1.8723E+00
   8.6200E+02   1.8546E+00
   8.6300E+02   1.8553E+00
   8.6400E+02   1.8772E+00
   8.6500E+02   1.8885E+00
   8.6600E+02   1.8968E+00
   8.6700E+02   1.8921E+00
   8.6800E+02   1.8775E+00
   8.6900E+02   1.8597E+00
   8.7000E+02   1.8520E+00
   8.7100E+02   1.8543E+00
   8.7200E+02   1.8663E+00
   8.7300E+02   1.8677E+00
   8.7400E+02   1.8164E+00
   8.7500E+02   1.7254E+00
   8.7600E+02   1.5455E+00
   8.7700E+02   1.4166E+00
   8.7800E+02   1.3607E+00
   8.7900E+02   1.3862E+00
   8.8000E+02   1.5226E+00
   8.8100E+02   1.6143E+00
   8.8200E+02   1.6976E+00
   8.8300E+02   1.7419E+00
   8.8400E+02   1.7393E+00
   8.8500E+02   1.6998E+00
   8.8600E+02   1.6327E+00
   8.8700E+02   1.5552E+00
   8.8800E+02   1.4539E+00
   8.8900E+02   1.3662E+00
   8.9000E+02   1.2941E+00
   8.9100E+02   1.2550E+00
   8.9200E+02   1.2551E+00
   8.9300E+02   1.3077E+00
   8.9300E+02   1.3424E+00
   8.9300E+02   1.2828E+00
   8.9400E+02   1.3673E+00
   8.9500E+02   1.5389E+00
   8.9600E+02   1.6707E+00
   8.9700E+02   1.7960E+00
   8.9800E+02   1.8422E+00
   8.9900E+02   1.7897E+00
   9.0000E+02   1.7155E+00
   9.0100E+02   1.5946E+00
   9.0200E+02   1.4545E+00
   9.0300E+02   1.3654E+00
   9.0400E+02   1.2524E+00
   9.0500E+02   1.1832E+00
   9.0600E+02   1.1754E+00
   9.0700E+02   1.2301E+00
   9.0800E+02   1.2828E+00
   9.0800E+02   1.3424E+00
   9.0800E+02   1.2762E+00
   9.0800E+02   1.3424E+00
   9.0800E+02   1.3424E+00
   9.0800E+02   1.3424E+00
   9.0800E+02   1.2762E+00
   9.0800E+02   1.3424E+00
   9.0800E+02   1.2762E+00
   9.0800E+02   1.3424E+00
   9.0800E+02   1.2762E+00
   9.0900E+02   1.3389E+00
   9.0900E+02   1.3424E+00
   9.0900E+02   1.3389E+00
   9.0900E+02   1.3424E+00
   9.0900E+02   1.3389E+00
