   0.0000E+00   1.3424E+00
   0.0000E+00   9.2555E-01
   1.0000E+00   9.2393E-01
   2.0000E+00   8.8089E-01
   3.0000E+00   8.6576E-01
   4.0000E+00   8.7697E-01
   5.0000E+00   9.0832E-01
   6.0000E+00   9.2313E-01
   7.0000E+00   9.1815E-01
   8.0000E+00   8.9856E-01
   9.0000E+00   8.7152E-01
   1.0000E+01   8.7323E-01
   1.1000E+01   9.0564E-01
   1.2000E+01   9.6791E-01
   1.3000E+01   1.0380E+00
   1.4000E+01   1.0766E+00
   1.5000E+01   1.0777E+00
   1.6000E+01   1.0433E+00
   1.7000E+01   9.9755E-01
   1.8000E+01   9.7873E-01
   1.9000E+01   9.8423E-01
   2.0000E+01   1.0133E+00
   2.1000E+01   1.0702E+00
   2.2000E+01   1.1695E+00
   2.3000E+01   1.2983E+00
   2.4000E+01   1.4668E+00
   2.5000E+01   1.6169E+00
   2.6000E+01   1.6910E+00
   2.7000E+01   1.6972E+00
   2.8000E+01   1.6345E+00
   2.9000E+01   1.5375E+00
   3.0000E+01   1.4270E+00
   3.1000E+01   1.3012E+00
   3.2000E+01   1.1586E+00
   3.3000E+01   9.9404E-01
   3.4000E+01   8.1266E-01
   3.5000E+01   5.9750E-01
   3.6000E+01   3.7973E-01
   3.7000E+01   2.5487E-01
   3.8000E+01   2.5265E-01
   3.9000E+01   3.7774E-01
   4.0000E+01   6.0682E-01
   4.1000E+01   7.9677E-01
   4.2000E+01   9.2364E-01
   4.3000E+01   9.8223E-01
   4.4000E+01   9.8442E-01
   4.5000E+01   9.8990E-01
   4.6000E+01   1.0077E+00
   4.7000E+01   1.0317E+00
   4.8000E+01   1.0680E+00
   4.9000E+01   1.1059E+00
   5.0000E+01   1.1570E+00
   5.1000E+01   1.2121E+00
   5.2000E+01   1.2690E+00
   5.3000E+01   1.3372E+00
   5.4000E+01   1.4053E+00
   5.5000E+01   1.4777E+00
   5.6000E+01   1.5472E+00
   5.7000E+01   1.5895E+00
   5.8000E+01   1.6041E+00
   5.9000E+01   1.5934E+00
   6.0000E+01   1.5632E+00
   6.1000E+01   1.5269E+00
   6.2000E+01   1.4853E+00
   6.3000E+01   1.4353E+00
   6.4000E+01   1.3757E+00
   6.5000E+01   1.3130E+00
   6.6000E+01   1.2413E+00
   6.7000E+01   1.1639E+00
   6.8000E+01   1.1169E+00
   6.9000E+01   1.1238E+00
   7.0000E+01   1.1838E+00
   7.1000E+01   1.2975E+00
   7.2000E+01   1.4144E+00
   7.3000E+01   1.5061E+00
   7.4000E+01   1.5712E+00
   7.5000E+01   1.6119E+00
   7.6000E+01   1.6064E+00
   7.7000E+01   1.5521E+00
   7.8000E+01   1.4421E+00
   7.9000E+01   1.2955E+00
   8.0000E+01   1.2133E+00
   8.1000E+01   1.2274E+00
   8.2000E+01   1.3362E+00
   8.3000E+01   1.5164E+00
   8.4000E+01   1.6185E+00
   8.5000E+01   1.6104E+00
   8.6000E+01   1.4959E+00
   8.7000E+01   1.3057E+00
   8.8000E+01   1.1750E+00
   8.9000E+01   1.1223E+00
   9.0000E+01   1.1467E+00
   9.1000E+01   1.2254E+00
   9.2000E+01   1.2761E+00
   9.3000E+01   1.3010E+00
   9.4000E+01   1.2973E+00
   9.5000E+01   1.2658E+00
   9.6000E+01   1.2076E+00
   9.7000E+01   1.1248E+00
   9.8000E+01   1.0175E+00
   9.9000E+01   9.1747E-01
   1.0000E+02   8.6979E-01
   1.0100E+02   8.7879E-01
   1.0200E+02   9.4219E-01
   1.0300E+02   1.0407E+00
   1.0400E+02   1.1451E+00
   1.0500E+02   1.2486E+00
   1.0600E+02   1.3583E+00
   1.0700E+02   1.4434E+00
   1.0800E+02   1.4753E+00
   1.0900E+02   1.4508E+00
   1.1000E+02   1.3786E+00
   1.1100E+02   1.2989E+00
   1.1200E+02   1.2318E+00
   1.1300E+02   1.1873E+00
   1.1400E+02   1.1599E+00
   1.1500E+02   1.1412E+00
   1.1600E+02   1.1287E+00
   1.1700E+02   1.1226E+00
   1.1800E+02   1.1214E+00
   1.1900E+02   1.0978E+00
   1.2000E+02   1.0439E+00
   1.2100E+02   9.5594E-01
   1.2200E+02   8.4708E-01
   1.2300E+02   7.6600E-01
   1.2400E+02   7.1617E-01
   1.2400E+02   1.3424E+00
   1.2400E+02   7.1628E-01
   1.2500E+02   7.0161E-01
   1.2600E+02   7.2361E-01
   1.2700E+02   7.4399E-01
   1.2800E+02   7.6406E-01
   1.2900E+02   7.8368E-01
   1.3000E+02   8.0507E-01
   1.3100E+02   8.2327E-01
   1.3200E+02   8.4084E-01
   1.3300E+02   8.4606E-01
   1.3400E+02   8.5752E-01
   1.3500E+02   8.8443E-01
   1.3600E+02   9.2108E-01
   1.3600E+02   1.3424E+00
   1.3600E+02   9.0870E-01
   1.3700E+02   9.5481E-01
   1.3800E+02   1.0295E+00
   1.3900E+02   1.1231E+00
   1.4000E+02   1.2630E+00
   1.4100E+02   1.4293E+00
   1.4200E+02   1.6006E+00
   1.4300E+02   1.6634E+00
   1.4400E+02   1.6478E+00
   1.4500E+02   1.5308E+00
   1.4600E+02   1.4325E+00
   1.4700E+02   1.3541E+00
   1.4800E+02   1.3369E+00
   1.4900E+02   1.3646E+00
   1.5000E+02   1.3864E+00
   1.5100E+02   1.3839E+00
   1.5200E+02   1.3533E+00
   1.5300E+02   1.2975E+00
   1.5400E+02   1.2336E+00
   1.5500E+02   1.1867E+00
   1.5600E+02   1.1467E+00
   1.5700E+02   1.1140E+00
   1.5800E+02   1.0744E+00
   1.5900E+02   1.0271E+00
   1.6000E+02   9.6586E-01
   1.6000E+02   1.3424E+00
   1.6000E+02   9.7383E-01
   1.6000E+02   1.3424E+00
   1.6000E+02   1.3424E+00
   1.6000E+02   1.3424E+00
   1.6000E+02   9.7383E-01
   1.6100E+02   9.1001E-01
   1.6200E+02   8.7059E-01
   1.6300E+02   8.9046E-01
   1.6400E+02   9.2124E-01
   1.6400E+02   1.3424E+00
   1.6400E+02   9.1144E-01
   1.6500E+02   9.8448E-01
   1.6600E+02   1.0539E+00
   1.6700E+02   1.1517E+00
   1.6800E+02   1.2000E+00
   1.6900E+02   1.2499E+00
   1.7000E+02   1.2739E+00
   1.7100E+02   1.2369E+00
   1.7200E+02   1.1959E+00
   1.7300E+02   1.1262E+00
   1.7400E+02   1.0784E+00
   1.7400E+02   1.3424E+00
   1.7400E+02   1.0784E+00
   1.7500E+02   1.0378E+00
   1.7600E+02   1.0248E+00
   1.7700E+02   1.0384E+00
   1.7800E+02   1.0935E+00
   1.7900E+02   1.1904E+00
   1.8000E+02   1.3133E+00
   1.8100E+02   1.4363E+00
   1.8200E+02   1.4960E+00
   1.8300E+02   1.5046E+00
   1.8400E+02   1.4440E+00
   1.8500E+02   1.3564E+00
   1.8600E+02   1.1776E+00
   1.8700E+02   9.4856E-01
   1.8800E+02   6.3389E-01
   1.8900E+02   3.9538E-01
   1.9000E+02   3.4996E-01
   1.9100E+02   4.6889E-01
   1.9200E+02   7.4717E-01
   1.9300E+02   1.0333E+00
   1.9400E+02   1.2021E+00
   1.9500E+02   1.2589E+00
   1.9600E+02   1.2098E+00
   1.9700E+02   1.1203E+00
   1.9800E+02   1.0350E+00
   1.9900E+02   9.6611E-01
   1.9900E+02   1.3424E+00
   1.9900E+02   9.9292E-01
   1.9900E+02   1.3424E+00
   1.9900E+02   9.9292E-01
   1.9900E+02   1.3424E+00
   1.9900E+02   1.3424E+00
   1.9900E+02   9.9292E-01
   1.9900E+02   1.3424E+00
   1.9900E+02   9.9292E-01
   1.9900E+02   1.3424E+00
   1.9900E+02   9.9292E-01
   2.0000E+02   9.3333E-01
   2.0000E+02   1.3424E+00
   2.0000E+02   9.3333E-01
   2.0100E+02   8.7964E-01
   2.0100E+02   1.3424E+00
   2.0100E+02   8.7964E-01
   2.0200E+02   8.2715E-01
   2.0300E+02   7.7123E-01
   2.0400E+02   7.3883E-01
   2.0500E+02   6.5026E-01
   2.0600E+02   5.3643E-01
   2.0700E+02   3.5359E-01
   2.0800E+02   1.4922E-01
   2.0900E+02   2.8317E-02
   2.1000E+02   4.4512E-02
   2.1000E+02   1.3424E+00
   2.1000E+02   2.7532E-02
   2.1100E+02   1.3633E-01
   2.1200E+02   3.2929E-01
   2.1300E+02   4.8846E-01
   2.1400E+02   5.2956E-01
   2.1500E+02   5.3100E-01
   2.1600E+02   4.9125E-01
   2.1700E+02   4.8256E-01
   2.1800E+02   5.0515E-01
   2.1800E+02   1.3424E+00
   2.1800E+02   4.9927E-01
   2.1800E+02   1.3424E+00
   2.1800E+02   1.3424E+00
   2.1800E+02   1.3424E+00
   2.1800E+02   4.9927E-01
   2.1800E+02   1.3424E+00
   2.1800E+02   4.9927E-01
   2.1800E+02   1.3424E+00
   2.1800E+02   4.9927E-01
   2.1900E+02   5.4614E-01
   2.1900E+02   1.3424E+00
   2.1900E+02   5.4614E-01
   2.2000E+02   6.0908E-01
   2.2000E+02   1.3424E+00
   2.2000E+02   6.0908E-01
   2.2100E+02   6.6397E-01
   2.2200E+02   7.0271E-01
   2.2300E+02   7.2452E-01
   2.2400E+02   7.3089E-01
   2.2500E+02   7.4913E-01
   2.2600E+02   7.8560E-01
   2.2700E+02   8.0536E-01
   2.2800E+02   8.2773E-01
   2.2900E+02   8.5937E-01
   2.3000E+02   8.9510E-01
   2.3100E+02   9.3350E-01
   2.3100E+02   1.3424E+00
   2.3100E+02   9.1865E-01
   2.3100E+02   1.3424E+00
   2.3100E+02   1.3424E+00
   2.3100E+02   1.3424E+00
   2.3100E+02   9.1865E-01
   2.3100E+02   1.3424E+00
   2.3100E+02   9.1865E-01
   2.3100E+02   1.3424E+00
   2.3100E+02   9.1865E-01
   2.3200E+02   9.5471E-01
   2.3200E+02   1.3424E+00
   2.3200E+02   9.5471E-01
   2.3300E+02   9.8215E-01
   2.3300E+02   1.3424E+00
   2.3300E+02   9.8215E-01
   2.3400E+02   1.0047E+00
   2.3500E+02   1.0155E+00
   2.3600E+02   1.0531E+00
   2.3700E+02   1.1109E+00
   2.3800E+02   1.1926E+00
   2.3900E+02   1.2770E+00
   2.4000E+02   1.3346E+00
   2.4100E+02   1.3870E+00
   2.4200E+02   1.4154E+00
   2.4300E+02   1.4115E+00
   2.4400E+02   1.3827E+00
   2.4500E+02   1.3544E+00
   2.4600E+02   1.3001E+00
   2.4700E+02   1.2249E+00
   2.4800E+02   1.1732E+00
   2.4900E+02   1.1517E+00
   2.5000E+02   1.1544E+00
   2.5100E+02   1.1737E+00
   2.5200E+02   1.1843E+00
   2.5300E+02   1.1835E+00
   2.5400E+02   1.1628E+00
   2.5500E+02   1.1603E+00
   2.5600E+02   1.1676E+00
   2.5700E+02   1.2222E+00
   2.5800E+02   1.2573E+00
   2.5800E+02   1.3424E+00
   2.5800E+02   1.2504E+00
   2.5900E+02   1.3348E+00
   2.6000E+02   1.4038E+00
   2.6100E+02   1.4720E+00
   2.6200E+02   1.5601E+00
   2.6300E+02   1.5840E+00
   2.6400E+02   1.5204E+00
   2.6500E+02   1.4167E+00
   2.6600E+02   1.2170E+00
   2.6700E+02   1.0347E+00
   2.6800E+02   1.0117E+00
   2.6900E+02   1.2122E+00
   2.7000E+02   1.4261E+00
   2.7100E+02   1.7184E+00
   2.7200E+02   1.8577E+00
   2.7300E+02   1.8398E+00
   2.7400E+02   1.6876E+00
   2.7500E+02   1.4892E+00
   2.7600E+02   1.3561E+00
   2.7700E+02   1.2440E+00
   2.7800E+02   1.1698E+00
   2.7900E+02   1.1184E+00
   2.8000E+02   1.0868E+00
   2.8100E+02   1.0613E+00
   2.8200E+02   1.0590E+00
   2.8300E+02   1.0941E+00
   2.8400E+02   1.1645E+00
   2.8500E+02   1.2852E+00
   2.8600E+02   1.3671E+00
   2.8700E+02   1.4573E+00
   2.8800E+02   1.4613E+00
   2.8900E+02   1.3976E+00
   2.9000E+02   1.3159E+00
   2.9100E+02   1.2414E+00
   2.9200E+02   1.2063E+00
   2.9300E+02   1.2143E+00
   2.9400E+02   1.2362E+00
   2.9500E+02   1.2345E+00
   2.9600E+02   1.1981E+00
   2.9700E+02   1.1037E+00
   2.9800E+02   1.0771E+00
   2.9900E+02   1.0878E+00
   3.0000E+02   1.2084E+00
   3.0100E+02   1.3410E+00
   3.0200E+02   1.5178E+00
   3.0300E+02   1.6936E+00
   3.0400E+02   1.7994E+00
   3.0500E+02   1.8782E+00
   3.0600E+02   1.8943E+00
   3.0700E+02   1.8361E+00
   3.0800E+02   1.7400E+00
   3.0900E+02   1.5495E+00
   3.1000E+02   1.3672E+00
   3.1100E+02   1.2440E+00
   3.1200E+02   1.1770E+00
   3.1300E+02   1.1768E+00
   3.1400E+02   1.2042E+00
   3.1500E+02   1.2417E+00
   3.1600E+02   1.2829E+00
   3.1700E+02   1.3129E+00
   3.1700E+02   1.3424E+00
   3.1700E+02   1.3021E+00
   3.1800E+02   1.3621E+00
   3.1900E+02   1.4734E+00
   3.2000E+02   1.5946E+00
   3.2100E+02   1.7310E+00
   3.2200E+02   1.8130E+00
   3.2300E+02   1.7915E+00
   3.2400E+02   1.6950E+00
   3.2500E+02   1.4793E+00
   3.2600E+02   1.3315E+00
   3.2700E+02   1.1946E+00
   3.2800E+02   1.1074E+00
   3.2900E+02   1.0810E+00
   3.3000E+02   1.0858E+00
   3.3100E+02   1.1348E+00
   3.3200E+02   1.2214E+00
   3.3300E+02   1.2833E+00
   3.3400E+02   1.3388E+00
   3.3500E+02   1.3525E+00
   3.3600E+02   1.3272E+00
   3.3700E+02   1.2714E+00
   3.3800E+02   1.2457E+00
   3.3900E+02   1.2562E+00
   3.4000E+02   1.2953E+00
   3.4100E+02   1.3420E+00
   3.4200E+02   1.4080E+00
   3.4300E+02   1.4697E+00
   3.4400E+02   1.5489E+00
   3.4500E+02   1.5702E+00
   3.4600E+02   1.5308E+00
   3.4700E+02   1.4582E+00
   3.4800E+02   1.3076E+00
   3.4900E+02   1.1570E+00
   3.5000E+02   1.1419E+00
   3.5100E+02   1.2572E+00
   3.5200E+02   1.4474E+00
   3.5300E+02   1.6881E+00
   3.5400E+02   1.8449E+00
   3.5500E+02   1.9279E+00
   3.5600E+02   1.9390E+00
   3.5700E+02   1.9204E+00
   3.5800E+02   1.8975E+00
   3.5900E+02   1.8617E+00
   3.6000E+02   1.8349E+00
   3.6100E+02   1.8013E+00
   3.6200E+02   1.7611E+00
   3.6300E+02   1.7088E+00
   3.6400E+02   1.6410E+00
   3.6500E+02   1.5549E+00
   3.6600E+02   1.5110E+00
   3.6700E+02   1.4457E+00
   3.6800E+02   1.3983E+00
   3.6900E+02   1.3472E+00
   3.7000E+02   1.3022E+00
   3.7100E+02   1.2550E+00
   3.7200E+02   1.2081E+00
   3.7300E+02   1.1768E+00
   3.7400E+02   1.1738E+00
   3.7500E+02   1.2091E+00
   3.7600E+02   1.2198E+00
   3.7700E+02   1.2455E+00
   3.7800E+02   1.2565E+00
   3.7900E+02   1.2580E+00
   3.8000E+02   1.2378E+00
   3.8100E+02   1.1554E+00
   3.8200E+02   1.0598E+00
   3.8200E+02   1.3424E+00
   3.8200E+02   1.0622E+00
   3.8300E+02   8.8721E-01
   3.8400E+02   7.1182E-01
   3.8500E+02   6.2237E-01
   3.8600E+02   6.2893E-01
   3.8700E+02   7.6158E-01
   3.8800E+02   8.6315E-01
   3.8900E+02   9.3733E-01
   3.8900E+02   1.3424E+00
   3.8900E+02   9.3063E-01
   3.9000E+02   9.7358E-01
   3.9100E+02   9.6478E-01
   3.9200E+02   9.4311E-01
   3.9200E+02   1.3424E+00
   3.9200E+02   9.4443E-01
   3.9300E+02   9.2579E-01
   3.9400E+02   9.1719E-01
   3.9500E+02   9.1618E-01
   3.9600E+02   9.1479E-01
   3.9700E+02   9.0235E-01
   3.9800E+02   8.8969E-01
   3.9900E+02   8.7021E-01
   4.0000E+02   8.4064E-01
   4.0100E+02   8.0095E-01
   4.0200E+02   7.5113E-01
   4.0300E+02   7.2633E-01
   4.0400E+02   7.0874E-01
   4.0500E+02   7.3653E-01
   4.0600E+02   8.3509E-01
   4.0700E+02   9.3618E-01
   4.0800E+02   1.0476E+00
   4.0900E+02   1.1250E+00
   4.1000E+02   1.1518E+00
   4.1100E+02   1.1538E+00
   4.1200E+02   1.1563E+00
   4.1300E+02   1.1644E+00
   4.1400E+02   1.1858E+00
   4.1500E+02   1.2025E+00
   4.1600E+02   1.2221E+00
   4.1700E+02   1.2572E+00
   4.1800E+02   1.2572E+00
   4.1900E+02   1.2938E+00
   4.2000E+02   1.3084E+00
   4.2100E+02   1.3263E+00
   4.2200E+02   1.3401E+00
   4.2300E+02   1.3303E+00
   4.2400E+02   1.2977E+00
   4.2500E+02   1.2251E+00
   4.2600E+02   1.1421E+00
   4.2700E+02   1.0408E+00
   4.2800E+02   9.9439E-01
   4.2900E+02   9.8661E-01
   4.3000E+02   1.0263E+00
   4.3100E+02   1.0863E+00
   4.3200E+02   1.1185E+00
   4.3300E+02   1.1306E+00
   4.3400E+02   1.1245E+00
   4.3500E+02   1.1540E+00
   4.3600E+02   1.2580E+00
   4.3700E+02   1.3633E+00
   4.3800E+02   1.5772E+00
   4.3900E+02   1.7648E+00
   4.4000E+02   1.9443E+00
   4.4100E+02   2.0673E+00
   4.4200E+02   2.1294E+00
   4.4300E+02   2.1197E+00
   4.4400E+02   2.0302E+00
   4.4500E+02   1.8279E+00
   4.4600E+02   1.6327E+00
   4.4700E+02   1.4350E+00
   4.4800E+02   1.3513E+00
   4.4900E+02   1.3748E+00
   4.5000E+02   1.4671E+00
   4.5100E+02   1.5506E+00
   4.5200E+02   1.5725E+00
   4.5300E+02   1.5301E+00
   4.5400E+02   1.4763E+00
   4.5500E+02   1.3918E+00
   4.5600E+02   1.3350E+00
   4.5700E+02   1.2637E+00
   4.5800E+02   1.2161E+00
   4.5900E+02   1.1953E+00
   4.6000E+02   1.2103E+00
   4.6100E+02   1.2707E+00
   4.6200E+02   1.3237E+00
   4.6300E+02   1.3289E+00
   4.6400E+02   1.2790E+00
   4.6500E+02   1.1701E+00
   4.6600E+02   1.0463E+00
   4.6700E+02   9.9560E-01
   4.6800E+02   1.0570E+00
   4.6900E+02   1.1681E+00
   4.7000E+02   1.2977E+00
   4.7100E+02   1.4166E+00
   4.7200E+02   1.5114E+00
   4.7300E+02   1.5677E+00
   4.7400E+02   1.6030E+00
   4.7500E+02   1.6183E+00
   4.7600E+02   1.6134E+00
   4.7700E+02   1.5896E+00
   4.7800E+02   1.5774E+00
   4.7900E+02   1.5299E+00
   4.8000E+02   1.5064E+00
   4.8100E+02   1.4896E+00
   4.8200E+02   1.4734E+00
   4.8300E+02   1.4663E+00
   4.8400E+02   1.4659E+00
   4.8500E+02   1.4675E+00
   4.8600E+02   1.4576E+00
   4.8700E+02   1.4089E+00
   4.8800E+02   1.3543E+00
   4.8900E+02   1.2885E+00
   4.9000E+02   1.2411E+00
   4.9100E+02   1.2522E+00
   4.9200E+02   1.2962E+00
   4.9300E+02   1.3706E+00
   4.9400E+02   1.4259E+00
   4.9500E+02   1.4219E+00
   4.9600E+02   1.3717E+00
   4.9600E+02   1.3424E+00
   4.9600E+02   1.3955E+00
   4.9700E+02   1.3281E+00
   4.9800E+02   1.3010E+00
   4.9900E+02   1.3364E+00
   5.0000E+02   1.3953E+00
   5.0100E+02   1.5085E+00
   5.0200E+02   1.5690E+00
   5.0300E+02   1.5933E+00
   5.0400E+02   1.5742E+00
   5.0500E+02   1.5304E+00
   5.0600E+02   1.4961E+00
   5.0700E+02   1.4527E+00
   5.0800E+02   1.4037E+00
   5.0900E+02   1.3687E+00
   5.1000E+02   1.3107E+00
   5.1100E+02   1.1978E+00
   5.1200E+02   1.0502E+00
   5.1300E+02   9.5003E-01
   5.1400E+02   8.7601E-01
   5.1500E+02   8.6237E-01
   5.1600E+02   8.9208E-01
   5.1700E+02   9.3739E-01
   5.1800E+02   9.4275E-01
   5.1900E+02   9.1843E-01
   5.2000E+02   8.6345E-01
   5.2100E+02   8.0293E-01
   5.2200E+02   7.5639E-01
   5.2300E+02   7.2625E-01
   5.2400E+02   7.0559E-01
   5.2500E+02   7.0610E-01
   5.2600E+02   7.2300E-01
   5.2700E+02   7.5987E-01
   5.2800E+02   7.7049E-01
   5.2900E+02   8.1295E-01
   5.3000E+02   8.3786E-01
   5.3100E+02   8.8630E-01
   5.3200E+02   8.9117E-01
   5.3300E+02   9.4191E-01
   5.3300E+02   1.3424E+00
   5.3300E+02   9.3050E-01
   5.3400E+02   1.0037E+00
   5.3500E+02   1.1053E+00
   5.3600E+02   1.2224E+00
   5.3700E+02   1.2797E+00
   5.3800E+02   1.2727E+00
   5.3900E+02   1.2165E+00
   5.4000E+02   1.1363E+00
   5.4100E+02   1.0365E+00
   5.4200E+02   9.7145E-01
   5.4200E+02   1.3424E+00
   5.4200E+02   9.8620E-01
   5.4200E+02   1.3424E+00
   5.4200E+02   9.8620E-01
   5.4200E+02   1.3424E+00
   5.4200E+02   9.8620E-01
   5.4200E+02   1.3424E+00
   5.4200E+02   9.8620E-01
   5.4200E+02   1.3424E+00
   5.4200E+02   9.8620E-01
   5.4200E+02   1.3424E+00
   5.4200E+02   9.8620E-01
   5.4200E+02   1.3424E+00
   5.4200E+02   9.8620E-01
   5.4200E+02   1.3424E+00
   5.4200E+02   9.8620E-01
