   0.0000E+00   1.3424E+00
   0.0000E+00   9.3133E-01
   1.0000E+00   9.2964E-01
   2.0000E+00   8.7496E-01
   3.0000E+00   8.4302E-01
   4.0000E+00   8.3357E-01
   5.0000E+00   8.4679E-01
   6.0000E+00   8.6921E-01
   7.0000E+00   8.7148E-01
   8.0000E+00   8.5440E-01
   9.0000E+00   8.1745E-01
   1.0000E+01   7.7802E-01
   1.1000E+01   7.7021E-01
   1.2000E+01   7.9046E-01
   1.3000E+01   8.4328E-01
   1.4000E+01   8.8475E-01
   1.5000E+01   8.8370E-01
   1.6000E+01   8.3419E-01
   1.7000E+01   7.4324E-01
   1.8000E+01   6.8363E-01
   1.9000E+01   7.0786E-01
   2.0000E+01   8.1413E-01
   2.1000E+01   1.0024E+00
   2.2000E+01   1.1658E+00
   2.3000E+01   1.2459E+00
   2.4000E+01   1.2436E+00
   2.5000E+01   1.1613E+00
   2.6000E+01   1.0800E+00
   2.7000E+01   1.0233E+00
   2.8000E+01   9.9536E-01
   2.9000E+01   9.9287E-01
   3.0000E+01   9.8767E-01
   3.1000E+01   9.6964E-01
   3.2000E+01   9.4705E-01
   3.3000E+01   9.1649E-01
   3.4000E+01   8.9107E-01
   3.5000E+01   8.7494E-01
   3.6000E+01   8.6740E-01
   3.7000E+01   8.7251E-01
   3.8000E+01   8.9020E-01
   3.9000E+01   9.2721E-01
   4.0000E+01   9.7831E-01
   4.1000E+01   1.0443E+00
   4.2000E+01   1.0978E+00
   4.3000E+01   1.1298E+00
   4.4000E+01   1.1546E+00
   4.5000E+01   1.1658E+00
   4.6000E+01   1.1718E+00
   4.7000E+01   1.1735E+00
   4.8000E+01   1.1706E+00
   4.9000E+01   1.1593E+00
   5.0000E+01   1.1237E+00
   5.1000E+01   1.0678E+00
   5.2000E+01   9.8726E-01
   5.3000E+01   8.9979E-01
   5.4000E+01   8.2591E-01
   5.5000E+01   7.6995E-01
   5.6000E+01   7.2336E-01
   5.7000E+01   7.1136E-01
   5.8000E+01   7.4368E-01
   5.9000E+01   8.2372E-01
   6.0000E+01   9.4349E-01
   6.1000E+01   1.0624E+00
   6.2000E+01   1.1432E+00
   6.3000E+01   1.1821E+00
   6.4000E+01   1.1853E+00
   6.5000E+01   1.2168E+00
   6.6000E+01   1.3083E+00
   6.7000E+01   1.4607E+00
   6.8000E+01   1.6646E+00
   6.9000E+01   1.8202E+00
   7.0000E+01   1.8850E+00
   7.1000E+01   1.8637E+00
   7.2000E+01   1.7580E+00
   7.3000E+01   1.6326E+00
   7.4000E+01   1.4992E+00
   7.5000E+01   1.3541E+00
   7.6000E+01   1.2094E+00
   7.7000E+01   1.1209E+00
   7.8000E+01   1.1084E+00
   7.9000E+01   1.1615E+00
   8.0000E+01   1.2633E+00
   8.1000E+01   1.3145E+00
   8.2000E+01   1.3079E+00
   8.3000E+01   1.2452E+00
   8.4000E+01   1.1379E+00
   8.5000E+01   1.0552E+00
   8.6000E+01   9.9103E-01
   8.7000E+01   9.5593E-01
   8.8000E+01   9.4617E-01
   8.9000E+01   9.7638E-01
   9.0000E+01   1.0536E+00
   9.1000E+01   1.1628E+00
   9.2000E+01   1.3013E+00
   9.3000E+01   1.4358E+00
   9.4000E+01   1.5731E+00
   9.5000E+01   1.7040E+00
   9.6000E+01   1.8092E+00
   9.7000E+01   1.8579E+00
   9.8000E+01   1.8503E+00
   9.9000E+01   1.7867E+00
   1.0000E+02   1.7163E+00
   1.0100E+02   1.6734E+00
   1.0200E+02   1.6583E+00
   1.0300E+02   1.6725E+00
   1.0400E+02   1.6898E+00
   1.0500E+02   1.7008E+00
   1.0600E+02   1.7063E+00
   1.0700E+02   1.7056E+00
   1.0800E+02   1.7085E+00
   1.0900E+02   1.7176E+00
   1.1000E+02   1.7351E+00
   1.1100E+02   1.7549E+00
   1.1200E+02   1.7635E+00
   1.1300E+02   1.7549E+00
   1.1400E+02   1.7300E+00
   1.1500E+02   1.6898E+00
   1.1600E+02   1.6541E+00
   1.1700E+02   1.6266E+00
   1.1800E+02   1.6083E+00
   1.1900E+02   1.5946E+00
   1.2000E+02   1.5561E+00
   1.2100E+02   1.4910E+00
   1.2200E+02   1.3988E+00
   1.2300E+02   1.2933E+00
   1.2400E+02   1.2398E+00
   1.2500E+02   1.2441E+00
   1.2600E+02   1.3071E+00
   1.2700E+02   1.4015E+00
   1.2800E+02   1.4548E+00
   1.2900E+02   1.4685E+00
   1.3000E+02   1.4385E+00
   1.3100E+02   1.3885E+00
   1.3200E+02   1.3589E+00
   1.3300E+02   1.3490E+00
   1.3400E+02   1.3592E+00
   1.3500E+02   1.3737E+00
   1.3600E+02   1.3722E+00
   1.3700E+02   1.3544E+00
   1.3800E+02   1.3239E+00
   1.3900E+02   1.3086E+00
   1.4000E+02   1.3410E+00
   1.4100E+02   1.4213E+00
   1.4200E+02   1.5469E+00
   1.4300E+02   1.6448E+00
   1.4400E+02   1.6582E+00
   1.4500E+02   1.5916E+00
   1.4600E+02   1.4442E+00
   1.4700E+02   1.3026E+00
   1.4800E+02   1.2126E+00
   1.4900E+02   1.1703E+00
   1.5000E+02   1.1762E+00
   1.5100E+02   1.1753E+00
   1.5200E+02   1.1500E+00
   1.5300E+02   1.1007E+00
   1.5400E+02   1.0263E+00
   1.5500E+02   9.7381E-01
   1.5600E+02   9.4731E-01
   1.5700E+02   9.4934E-01
   1.5800E+02   9.7274E-01
   1.5800E+02   1.3424E+00
   1.5800E+02   9.7252E-01
   1.5900E+02   1.0308E+00
   1.6000E+02   1.0449E+00
   1.6100E+02   1.0865E+00
   1.6200E+02   1.1295E+00
   1.6300E+02   1.1944E+00
   1.6400E+02   1.2823E+00
   1.6500E+02   1.3433E+00
   1.6600E+02   1.4396E+00
   1.6700E+02   1.4602E+00
   1.6800E+02   1.4384E+00
   1.6900E+02   1.3581E+00
   1.7000E+02   1.2698E+00
   1.7100E+02   1.2454E+00
   1.7200E+02   1.3049E+00
   1.7300E+02   1.3957E+00
   1.7400E+02   1.5140E+00
   1.7500E+02   1.6066E+00
   1.7600E+02   1.6512E+00
   1.7700E+02   1.6531E+00
   1.7800E+02   1.6336E+00
   1.7900E+02   1.6095E+00
   1.8000E+02   1.5972E+00
   1.8100E+02   1.5849E+00
   1.8200E+02   1.5540E+00
   1.8300E+02   1.5065E+00
   1.8400E+02   1.4007E+00
   1.8500E+02   1.3396E+00
   1.8600E+02   1.2783E+00
   1.8700E+02   1.2988E+00
   1.8800E+02   1.3762E+00
   1.8900E+02   1.5486E+00
   1.9000E+02   1.7039E+00
   1.9100E+02   1.7957E+00
   1.9200E+02   1.8776E+00
   1.9300E+02   1.9128E+00
   1.9400E+02   1.9394E+00
   1.9500E+02   1.9500E+00
   1.9600E+02   1.9537E+00
   1.9700E+02   1.9369E+00
   1.9800E+02   1.9139E+00
   1.9900E+02   1.8811E+00
   2.0000E+02   1.8384E+00
   2.0100E+02   1.7885E+00
   2.0200E+02   1.7482E+00
   2.0300E+02   1.6742E+00
   2.0400E+02   1.5972E+00
   2.0500E+02   1.5123E+00
   2.0600E+02   1.4412E+00
   2.0700E+02   1.3700E+00
   2.0800E+02   1.3009E+00
   2.0900E+02   1.2272E+00
   2.1000E+02   1.1833E+00
   2.1100E+02   1.1692E+00
   2.1200E+02   1.1835E+00
   2.1300E+02   1.2154E+00
   2.1400E+02   1.2352E+00
   2.1500E+02   1.3110E+00
   2.1500E+02   1.3424E+00
   2.1500E+02   1.2761E+00
   2.1600E+02   1.3285E+00
   2.1700E+02   1.3890E+00
   2.1800E+02   1.4415E+00
   2.1900E+02   1.4720E+00
   2.2000E+02   1.5115E+00
   2.2100E+02   1.5410E+00
   2.2200E+02   1.5632E+00
   2.2300E+02   1.5749E+00
   2.2400E+02   1.5832E+00
   2.2500E+02   1.5750E+00
   2.2600E+02   1.5477E+00
   2.2700E+02   1.5179E+00
   2.2800E+02   1.4474E+00
   2.2900E+02   1.4155E+00
   2.3000E+02   1.3574E+00
   2.3100E+02   1.3323E+00
   2.3200E+02   1.3030E+00
   2.3300E+02   1.3122E+00
   2.3400E+02   1.3378E+00
   2.3500E+02   1.4079E+00
   2.3600E+02   1.5064E+00
   2.3700E+02   1.5558E+00
   2.3800E+02   1.5407E+00
   2.3900E+02   1.4597E+00
   2.4000E+02   1.3431E+00
   2.4100E+02   1.2509E+00
   2.4200E+02   1.2017E+00
   2.4300E+02   1.1989E+00
   2.4400E+02   1.2285E+00
   2.4500E+02   1.2335E+00
   2.4600E+02   1.2057E+00
   2.4700E+02   1.1705E+00
   2.4800E+02   1.1211E+00
   2.4900E+02   1.0973E+00
   2.5000E+02   1.1105E+00
   2.5100E+02   1.1671E+00
   2.5200E+02   1.2671E+00
   2.5300E+02   1.3387E+00
   2.5400E+02   1.4789E+00
   2.5500E+02   1.5985E+00
   2.5600E+02   1.7297E+00
   2.5600E+02   1.3424E+00
   2.5600E+02   1.7226E+00
   2.5700E+02   1.8125E+00
   2.5800E+02   1.8542E+00
   2.5900E+02   1.8362E+00
   2.6000E+02   1.7702E+00
   2.6100E+02   1.7038E+00
   2.6200E+02   1.5517E+00
   2.6300E+02   1.3655E+00
   2.6400E+02   1.1954E+00
   2.6500E+02   1.0865E+00
   2.6600E+02   1.0592E+00
   2.6700E+02   1.0935E+00
   2.6800E+02   1.1267E+00
   2.6900E+02   1.1160E+00
   2.7000E+02   1.0217E+00
   2.7100E+02   9.8082E-01
   2.7200E+02   9.4835E-01
   2.7300E+02   1.0271E+00
   2.7400E+02   1.2468E+00
   2.7500E+02   1.4389E+00
   2.7600E+02   1.6318E+00
   2.7700E+02   1.6938E+00
   2.7800E+02   1.6428E+00
   2.7900E+02   1.5058E+00
   2.8000E+02   1.4097E+00
   2.8100E+02   1.3890E+00
   2.8200E+02   1.4658E+00
   2.8300E+02   1.5509E+00
   2.8400E+02   1.6564E+00
   2.8500E+02   1.7384E+00
   2.8600E+02   1.7974E+00
   2.8700E+02   1.8324E+00
   2.8800E+02   1.8159E+00
   2.8900E+02   1.7526E+00
   2.9000E+02   1.6357E+00
   2.9100E+02   1.5038E+00
   2.9200E+02   1.4039E+00
   2.9300E+02   1.3583E+00
   2.9400E+02   1.3627E+00
   2.9500E+02   1.3969E+00
   2.9600E+02   1.4355E+00
   2.9700E+02   1.4581E+00
   2.9800E+02   1.4800E+00
   2.9900E+02   1.5233E+00
   3.0000E+02   1.5747E+00
   3.0100E+02   1.6478E+00
   3.0200E+02   1.7379E+00
   3.0300E+02   1.7901E+00
   3.0400E+02   1.7443E+00
   3.0500E+02   1.6084E+00
   3.0600E+02   1.3660E+00
   3.0600E+02   1.3424E+00
   3.0600E+02   1.3835E+00
   3.0700E+02   1.1635E+00
   3.0800E+02   1.0909E+00
   3.0900E+02   1.1316E+00
   3.1000E+02   1.2993E+00
   3.1100E+02   1.4614E+00
   3.1200E+02   1.5585E+00
   3.1300E+02   1.5957E+00
   3.1400E+02   1.5639E+00
   3.1500E+02   1.5128E+00
   3.1600E+02   1.4329E+00
   3.1700E+02   1.3427E+00
   3.1800E+02   1.2189E+00
   3.1900E+02   1.1549E+00
   3.2000E+02   1.2061E+00
   3.2100E+02   1.3184E+00
   3.2200E+02   1.4712E+00
   3.2300E+02   1.5846E+00
   3.2400E+02   1.6037E+00
   3.2500E+02   1.5463E+00
   3.2600E+02   1.4012E+00
   3.2700E+02   1.3274E+00
   3.2800E+02   1.2688E+00
   3.2900E+02   1.2690E+00
   3.3000E+02   1.3054E+00
   3.3100E+02   1.3851E+00
   3.3200E+02   1.5016E+00
   3.3300E+02   1.6908E+00
   3.3400E+02   1.8386E+00
   3.3500E+02   1.9006E+00
   3.3600E+02   1.8407E+00
   3.3700E+02   1.6864E+00
   3.3800E+02   1.4671E+00
   3.3900E+02   1.3328E+00
   3.4000E+02   1.2542E+00
   3.4100E+02   1.2592E+00
   3.4200E+02   1.2908E+00
   3.4300E+02   1.3221E+00
   3.4400E+02   1.3692E+00
   3.4500E+02   1.4270E+00
   3.4600E+02   1.4903E+00
   3.4700E+02   1.5802E+00
   3.4800E+02   1.7154E+00
   3.4900E+02   1.9004E+00
   3.5000E+02   2.0333E+00
   3.5100E+02   2.0950E+00
   3.5200E+02   2.0692E+00
   3.5300E+02   1.9501E+00
   3.5400E+02   1.8606E+00
   3.5500E+02   1.8109E+00
   3.5600E+02   1.7994E+00
   3.5700E+02   1.8235E+00
   3.5800E+02   1.8126E+00
   3.5900E+02   1.7563E+00
   3.6000E+02   1.6351E+00
   3.6100E+02   1.4933E+00
   3.6200E+02   1.4065E+00
   3.6300E+02   1.4073E+00
   3.6400E+02   1.5109E+00
   3.6500E+02   1.6233E+00
   3.6600E+02   1.7521E+00
   3.6700E+02   1.8599E+00
   3.6800E+02   1.9457E+00
   3.6900E+02   1.9968E+00
   3.7000E+02   2.0040E+00
   3.7100E+02   1.9694E+00
   3.7200E+02   1.9073E+00
   3.7300E+02   1.7838E+00
   3.7400E+02   1.7204E+00
   3.7500E+02   1.6334E+00
   3.7600E+02   1.5692E+00
   3.7700E+02   1.5335E+00
   3.7800E+02   1.5287E+00
   3.7900E+02   1.5663E+00
   3.8000E+02   1.6501E+00
   3.8100E+02   1.6920E+00
   3.8200E+02   1.7285E+00
   3.8300E+02   1.7247E+00
   3.8400E+02   1.6925E+00
   3.8500E+02   1.6377E+00
   3.8600E+02   1.5771E+00
   3.8700E+02   1.4793E+00
   3.8800E+02   1.4398E+00
   3.8900E+02   1.3441E+00
   3.8900E+02   1.3424E+00
   3.8900E+02   1.3591E+00
   3.9000E+02   1.2541E+00
   3.9100E+02   1.1204E+00
   3.9200E+02   1.0158E+00
   3.9300E+02   9.2648E-01
   3.9400E+02   8.9083E-01
   3.9500E+02   9.1998E-01
   3.9500E+02   1.3424E+00
   3.9500E+02   9.1188E-01
   3.9600E+02   9.9068E-01
   3.9700E+02   1.0759E+00
   3.9800E+02   1.1650E+00
   3.9900E+02   1.2021E+00
   4.0000E+02   1.2531E+00
   4.0100E+02   1.2854E+00
   4.0200E+02   1.3129E+00
   4.0300E+02   1.3422E+00
   4.0300E+02   1.3424E+00
   4.0300E+02   1.3362E+00
   4.0400E+02   1.3609E+00
   4.0500E+02   1.3990E+00
   4.0600E+02   1.4374E+00
   4.0700E+02   1.4928E+00
   4.0800E+02   1.5370E+00
   4.0900E+02   1.5600E+00
   4.1000E+02   1.5552E+00
   4.1100E+02   1.5072E+00
   4.1200E+02   1.4793E+00
   4.1300E+02   1.4788E+00
   4.1400E+02   1.5459E+00
   4.1500E+02   1.6497E+00
   4.1600E+02   1.7116E+00
   4.1700E+02   1.7566E+00
   4.1800E+02   1.7516E+00
   4.1900E+02   1.6922E+00
   4.2000E+02   1.6140E+00
   4.2100E+02   1.5941E+00
   4.2200E+02   1.6211E+00
   4.2300E+02   1.7137E+00
   4.2400E+02   1.8059E+00
   4.2500E+02   1.8862E+00
   4.2600E+02   1.9393E+00
   4.2700E+02   1.9673E+00
   4.2800E+02   1.9831E+00
   4.2900E+02   1.9893E+00
   4.3000E+02   1.9910E+00
   4.3100E+02   1.9853E+00
   4.3200E+02   1.9644E+00
   4.3300E+02   1.9076E+00
   4.3400E+02   1.7898E+00
   4.3500E+02   1.7219E+00
   4.3600E+02   1.6075E+00
   4.3700E+02   1.5262E+00
   4.3800E+02   1.4615E+00
   4.3900E+02   1.4273E+00
   4.4000E+02   1.4194E+00
   4.4100E+02   1.4374E+00
   4.4200E+02   1.4723E+00
   4.4300E+02   1.5128E+00
   4.4400E+02   1.5376E+00
   4.4500E+02   1.5345E+00
   4.4600E+02   1.5084E+00
   4.4700E+02   1.4553E+00
   4.4800E+02   1.4507E+00
   4.4900E+02   1.4797E+00
   4.5000E+02   1.5577E+00
   4.5100E+02   1.6412E+00
   4.5200E+02   1.6592E+00
   4.5300E+02   1.6187E+00
   4.5400E+02   1.4799E+00
   4.5500E+02   1.3509E+00
   4.5600E+02   1.2768E+00
   4.5700E+02   1.3136E+00
   4.5800E+02   1.4119E+00
   4.5900E+02   1.5560E+00
   4.6000E+02   1.6608E+00
   4.6100E+02   1.6906E+00
   4.6200E+02   1.6670E+00
   4.6300E+02   1.6087E+00
   4.6400E+02   1.5866E+00
   4.6500E+02   1.5885E+00
   4.6600E+02   1.6159E+00
   4.6700E+02   1.6695E+00
   4.6800E+02   1.7255E+00
   4.6900E+02   1.8075E+00
   4.7000E+02   1.8982E+00
   4.7100E+02   1.9475E+00
   4.7200E+02   1.9389E+00
   4.7300E+02   1.8769E+00
   4.7400E+02   1.7853E+00
   4.7500E+02   1.6793E+00
   4.7600E+02   1.6126E+00
   4.7700E+02   1.5868E+00
   4.7800E+02   1.6029E+00
   4.7900E+02   1.6260E+00
   4.8000E+02   1.6570E+00
   4.8100E+02   1.7162E+00
   4.8200E+02   1.7421E+00
   4.8300E+02   1.7636E+00
   4.8400E+02   1.7478E+00
   4.8500E+02   1.6945E+00
   4.8600E+02   1.6121E+00
   4.8700E+02   1.5394E+00
   4.8800E+02   1.4660E+00
   4.8900E+02   1.4048E+00
   4.9000E+02   1.3501E+00
   4.9100E+02   1.2871E+00
   4.9200E+02   1.2258E+00
   4.9300E+02   1.1469E+00
   4.9400E+02   1.0930E+00
   4.9500E+02   1.1105E+00
   4.9600E+02   1.2235E+00
   4.9700E+02   1.3826E+00
   4.9800E+02   1.5956E+00
   4.9900E+02   1.7056E+00
   5.0000E+02   1.7090E+00
   5.0100E+02   1.6108E+00
   5.0200E+02   1.4623E+00
   5.0300E+02   1.3528E+00
   5.0400E+02   1.2905E+00
   5.0500E+02   1.2788E+00
   5.0600E+02   1.3050E+00
   5.0700E+02   1.3409E+00
   5.0700E+02   1.3424E+00
   5.0700E+02   1.3356E+00
   5.0800E+02   1.4025E+00
   5.0900E+02   1.4635E+00
   5.1000E+02   1.5337E+00
   5.1100E+02   1.5652E+00
   5.1200E+02   1.5587E+00
   5.1300E+02   1.5428E+00
   5.1400E+02   1.5270E+00
   5.1500E+02   1.5305E+00
   5.1600E+02   1.5419E+00
   5.1700E+02   1.6212E+00
   5.1800E+02   1.6700E+00
   5.1900E+02   1.7290E+00
   5.2000E+02   1.8008E+00
   5.2100E+02   1.9132E+00
   5.2200E+02   1.9436E+00
   5.2300E+02   1.8776E+00
   5.2400E+02   1.7151E+00
   5.2500E+02   1.4451E+00
   5.2600E+02   1.2793E+00
   5.2700E+02   1.2105E+00
   5.2800E+02   1.2671E+00
   5.2900E+02   1.3857E+00
   5.3000E+02   1.4982E+00
   5.3100E+02   1.5603E+00
   5.3200E+02   1.5643E+00
   5.3300E+02   1.5351E+00
   5.3400E+02   1.4776E+00
   5.3500E+02   1.4181E+00
   5.3600E+02   1.3469E+00
   5.3700E+02   1.3097E+00
   5.3800E+02   1.2750E+00
   5.3900E+02   1.2845E+00
   5.4000E+02   1.3256E+00
   5.4000E+02   1.3424E+00
   5.4000E+02   1.3166E+00
   5.4100E+02   1.3906E+00
   5.4200E+02   1.4824E+00
   5.4300E+02   1.5946E+00
   5.4400E+02   1.7250E+00
   5.4500E+02   1.7981E+00
   5.4600E+02   1.8515E+00
   5.4700E+02   1.8372E+00
   5.4800E+02   1.7650E+00
   5.4900E+02   1.6947E+00
   5.5000E+02   1.6433E+00
   5.5100E+02   1.6367E+00
   5.5200E+02   1.6641E+00
   5.5300E+02   1.6861E+00
   5.5400E+02   1.6884E+00
   5.5500E+02   1.6692E+00
   5.5600E+02   1.6172E+00
   5.5700E+02   1.6028E+00
   5.5800E+02   1.6217E+00
   5.5900E+02   1.6940E+00
   5.6000E+02   1.7895E+00
   5.6100E+02   1.8707E+00
   5.6200E+02   1.9188E+00
   5.6300E+02   1.9192E+00
   5.6400E+02   1.8864E+00
   5.6500E+02   1.8690E+00
   5.6600E+02   1.8878E+00
   5.6700E+02   1.9404E+00
   5.6800E+02   1.9795E+00
   5.6900E+02   2.0196E+00
   5.7000E+02   2.0239E+00
   5.7100E+02   1.9925E+00
   5.7200E+02   1.9512E+00
   5.7300E+02   1.9351E+00
   5.7400E+02   1.9459E+00
   5.7500E+02   2.0037E+00
   5.7600E+02   2.0462E+00
   5.7700E+02   2.0782E+00
   5.7800E+02   2.0733E+00
   5.7900E+02   2.0300E+00
   5.8000E+02   2.0026E+00
   5.8100E+02   1.9894E+00
   5.8200E+02   2.0382E+00
   5.8300E+02   2.0728E+00
   5.8400E+02   2.1017E+00
   5.8500E+02   2.0949E+00
   5.8600E+02   2.0370E+00
   5.8700E+02   1.9325E+00
   5.8800E+02   1.8189E+00
   5.8900E+02   1.7796E+00
   5.9000E+02   1.8125E+00
   5.9100E+02   1.9100E+00
   5.9200E+02   1.9864E+00
   5.9300E+02   2.0213E+00
   5.9400E+02   2.0038E+00
   5.9500E+02   1.9480E+00
   5.9600E+02   1.8964E+00
   5.9700E+02   1.8565E+00
   5.9800E+02   1.8505E+00
   5.9900E+02   1.8709E+00
   6.0000E+02   1.8940E+00
   6.0100E+02   1.9213E+00
   6.0200E+02   1.9591E+00
   6.0300E+02   2.0017E+00
   6.0400E+02   2.0243E+00
   6.0500E+02   2.0121E+00
   6.0600E+02   1.9660E+00
   6.0700E+02   1.9069E+00
   6.0800E+02   1.8133E+00
   6.0900E+02   1.7064E+00
   6.1000E+02   1.5721E+00
   6.1100E+02   1.4245E+00
   6.1200E+02   1.3496E+00
   6.1300E+02   1.3261E+00
   6.1400E+02   1.3619E+00
   6.1500E+02   1.4475E+00
   6.1600E+02   1.5202E+00
   6.1700E+02   1.5639E+00
   6.1800E+02   1.5805E+00
   6.1900E+02   1.5861E+00
   6.2000E+02   1.6083E+00
   6.2100E+02   1.6609E+00
   6.2200E+02   1.7155E+00
   6.2300E+02   1.7851E+00
   6.2400E+02   1.8464E+00
   6.2500E+02   1.8876E+00
   6.2600E+02   1.9203E+00
   6.2700E+02   1.9419E+00
   6.2800E+02   1.9506E+00
   6.2900E+02   1.9492E+00
   6.3000E+02   1.9379E+00
   6.3100E+02   1.9149E+00
   6.3200E+02   1.9029E+00
   6.3300E+02   1.8834E+00
   6.3400E+02   1.8633E+00
   6.3500E+02   1.8441E+00
   6.3600E+02   1.8258E+00
   6.3700E+02   1.8085E+00
   6.3800E+02   1.8028E+00
   6.3900E+02   1.7636E+00
   6.4000E+02   1.6856E+00
   6.4100E+02   1.5585E+00
   6.4200E+02   1.3975E+00
   6.4300E+02   1.2824E+00
   6.4400E+02   1.2448E+00
   6.4500E+02   1.2939E+00
   6.4600E+02   1.4069E+00
   6.4700E+02   1.5493E+00
   6.4800E+02   1.6607E+00
   6.4900E+02   1.7354E+00
   6.5000E+02   1.8179E+00
   6.5100E+02   1.8446E+00
   6.5200E+02   1.8012E+00
   6.5300E+02   1.7274E+00
   6.5400E+02   1.5954E+00
   6.5500E+02   1.4988E+00
   6.5600E+02   1.4864E+00
   6.5700E+02   1.5408E+00
   6.5800E+02   1.6203E+00
   6.5900E+02   1.7187E+00
   6.6000E+02   1.7991E+00
   6.6100E+02   1.8857E+00
   6.6200E+02   1.9441E+00
   6.6300E+02   1.9710E+00
   6.6400E+02   1.9771E+00
   6.6500E+02   1.9543E+00
   6.6600E+02   1.9181E+00
   6.6700E+02   1.8581E+00
   6.6800E+02   1.8299E+00
   6.6900E+02   1.7697E+00
   6.7000E+02   1.7315E+00
   6.7100E+02   1.6918E+00
   6.7200E+02   1.6577E+00
   6.7300E+02   1.6319E+00
   6.7400E+02   1.6091E+00
   6.7500E+02   1.5883E+00
   6.7600E+02   1.5654E+00
   6.7700E+02   1.5326E+00
   6.7800E+02   1.5265E+00
   6.7900E+02   1.5599E+00
   6.8000E+02   1.6328E+00
   6.8100E+02   1.6873E+00
   6.8200E+02   1.7472E+00
   6.8300E+02   1.7917E+00
   6.8400E+02   1.7967E+00
   6.8500E+02   1.7648E+00
   6.8600E+02   1.7372E+00
   6.8700E+02   1.6766E+00
   6.8800E+02   1.6013E+00
   6.8900E+02   1.5115E+00
   6.9000E+02   1.4666E+00
   6.9100E+02   1.4882E+00
   6.9200E+02   1.6083E+00
   6.9300E+02   1.7145E+00
   6.9400E+02   1.8139E+00
   6.9500E+02   1.8535E+00
   6.9600E+02   1.8262E+00
   6.9700E+02   1.7573E+00
   6.9800E+02   1.7012E+00
   6.9900E+02   1.5763E+00
   7.0000E+02   1.4121E+00
   7.0100E+02   1.2578E+00
   7.0200E+02   1.1741E+00
   7.0300E+02   1.1784E+00
   7.0400E+02   1.2391E+00
   7.0500E+02   1.3613E+00
   7.0600E+02   1.4684E+00
   7.0700E+02   1.5162E+00
   7.0800E+02   1.5327E+00
   7.0900E+02   1.5137E+00
   7.1000E+02   1.4767E+00
   7.1100E+02   1.3456E+00
   7.1100E+02   1.3424E+00
   7.1100E+02   1.3997E+00
   7.1200E+02   1.2792E+00
   7.1300E+02   1.1663E+00
   7.1400E+02   1.1228E+00
   7.1500E+02   1.1343E+00
   7.1600E+02   1.1891E+00
   7.1700E+02   1.2433E+00
   7.1800E+02   1.2959E+00
   7.1800E+02   1.3424E+00
   7.1800E+02   1.2923E+00
   7.1900E+02   1.3338E+00
   7.2000E+02   1.3595E+00
   7.2100E+02   1.3853E+00
   7.2200E+02   1.3991E+00
   7.2300E+02   1.4093E+00
   7.2400E+02   1.4229E+00
   7.2500E+02   1.4780E+00
   7.2600E+02   1.5431E+00
   7.2700E+02   1.6438E+00
   7.2800E+02   1.7860E+00
   7.2900E+02   1.8731E+00
   7.3000E+02   1.8847E+00
   7.3100E+02   1.8268E+00
   7.3200E+02   1.7137E+00
   7.3300E+02   1.6140E+00
   7.3400E+02   1.5817E+00
   7.3500E+02   1.5985E+00
   7.3600E+02   1.6637E+00
   7.3700E+02   1.7067E+00
   7.3800E+02   1.7387E+00
   7.3900E+02   1.7538E+00
   7.4000E+02   1.7528E+00
   7.4100E+02   1.7429E+00
   7.4200E+02   1.7378E+00
   7.4300E+02   1.7198E+00
   7.4400E+02   1.7086E+00
   7.4500E+02   1.7143E+00
   7.4600E+02   1.7302E+00
   7.4700E+02   1.7672E+00
   7.4800E+02   1.8118E+00
   7.4900E+02   1.8423E+00
   7.5000E+02   1.8573E+00
   7.5100E+02   1.8565E+00
   7.5200E+02   1.8417E+00
   7.5300E+02   1.8148E+00
   7.5400E+02   1.7757E+00
   7.5500E+02   1.7757E+00
   7.5600E+02   1.7402E+00
   7.5700E+02   1.7140E+00
   7.5800E+02   1.6986E+00
   7.5900E+02   1.6936E+00
   7.6000E+02   1.6703E+00
   7.6100E+02   1.6259E+00
   7.6200E+02   1.5258E+00
   7.6300E+02   1.4432E+00
   7.6400E+02   1.3663E+00
   7.6500E+02   1.3738E+00
   7.6600E+02   1.4399E+00
   7.6700E+02   1.5631E+00
   7.6800E+02   1.6698E+00
   7.6900E+02   1.6884E+00
   7.7000E+02   1.6224E+00
   7.7100E+02   1.5259E+00
   7.7200E+02   1.4479E+00
   7.7300E+02   1.4410E+00
   7.7400E+02   1.4977E+00
   7.7500E+02   1.5965E+00
   7.7600E+02   1.6499E+00
   7.7700E+02   1.6174E+00
   7.7800E+02   1.4971E+00
   7.7900E+02   1.3822E+00
   7.8000E+02   1.3007E+00
   7.8100E+02   1.3106E+00
   7.8200E+02   1.4056E+00
   7.8300E+02   1.5567E+00
   7.8400E+02   1.6540E+00
   7.8500E+02   1.6643E+00
   7.8600E+02   1.6096E+00
   7.8700E+02   1.5390E+00
   7.8800E+02   1.5021E+00
   7.8900E+02   1.5324E+00
   7.9000E+02   1.5909E+00
   7.9100E+02   1.6637E+00
   7.9200E+02   1.6961E+00
   7.9300E+02   1.6769E+00
   7.9400E+02   1.6114E+00
   7.9500E+02   1.5331E+00
   7.9600E+02   1.5092E+00
   7.9700E+02   1.5323E+00
   7.9800E+02   1.6040E+00
   7.9900E+02   1.6670E+00
   8.0000E+02   1.6887E+00
   8.0100E+02   1.6649E+00
   8.0200E+02   1.5929E+00
   8.0300E+02   1.5455E+00
   8.0400E+02   1.5303E+00
   8.0500E+02   1.5684E+00
   8.0600E+02   1.6056E+00
   8.0700E+02   1.6364E+00
   8.0800E+02   1.6093E+00
   8.0900E+02   1.4886E+00
   8.1000E+02   1.3969E+00
   8.1100E+02   1.2971E+00
   8.1200E+02   1.2693E+00
   8.1300E+02   1.3168E+00
   8.1400E+02   1.4057E+00
   8.1500E+02   1.5142E+00
   8.1600E+02   1.5994E+00
   8.1700E+02   1.6628E+00
   8.1800E+02   1.7220E+00
   8.1900E+02   1.7573E+00
   8.2000E+02   1.7782E+00
   8.2100E+02   1.7810E+00
   8.2200E+02   1.7665E+00
   8.2300E+02   1.7440E+00
   8.2400E+02   1.7082E+00
   8.2500E+02   1.6555E+00
   8.2600E+02   1.6084E+00
   8.2700E+02   1.5668E+00
   8.2800E+02   1.5549E+00
   8.2900E+02   1.5472E+00
   8.3000E+02   1.5565E+00
   8.3100E+02   1.6054E+00
   8.3200E+02   1.6881E+00
   8.3300E+02   1.7424E+00
   8.3400E+02   1.8414E+00
   8.3500E+02   1.9062E+00
   8.3600E+02   1.9346E+00
   8.3700E+02   1.9288E+00
   8.3800E+02   1.9130E+00
   8.3900E+02   1.9063E+00
   8.4000E+02   1.8949E+00
   8.4100E+02   1.8897E+00
   8.4200E+02   1.8720E+00
   8.4300E+02   1.8398E+00
   8.4400E+02   1.7637E+00
   8.4500E+02   1.7035E+00
   8.4600E+02   1.6460E+00
   8.4700E+02   1.6448E+00
   8.4800E+02   1.6916E+00
   8.4900E+02   1.7880E+00
   8.5000E+02   1.8470E+00
   8.5100E+02   1.8527E+00
   8.5200E+02   1.8173E+00
   8.5300E+02   1.7310E+00
   8.5400E+02   1.6675E+00
   8.5500E+02   1.6655E+00
   8.5600E+02   1.7135E+00
   8.5700E+02   1.7931E+00
   8.5800E+02   1.8594E+00
   8.5900E+02   1.8957E+00
   8.6000E+02   1.8928E+00
   8.6100E+02   1.8689E+00
   8.6200E+02   1.8545E+00
   8.6300E+02   1.8556E+00
   8.6400E+02   1.8760E+00
   8.6500E+02   1.8913E+00
   8.6600E+02   1.8974E+00
   8.6700E+02   1.8926E+00
   8.6800E+02   1.8814E+00
   8.6900E+02   1.8611E+00
   8.7000E+02   1.8516E+00
   8.7100E+02   1.8561E+00
   8.7200E+02   1.8713E+00
   8.7300E+02   1.8674E+00
   8.7400E+02   1.8121E+00
   8.7500E+02   1.7244E+00
   8.7600E+02   1.5490E+00
   8.7700E+02   1.4185E+00
   8.7800E+02   1.3622E+00
   8.7900E+02   1.3823E+00
   8.8000E+02   1.4919E+00
   8.8100E+02   1.6203E+00
   8.8200E+02   1.6972E+00
   8.8300E+02   1.7407E+00
   8.8400E+02   1.7395E+00
   8.8500E+02   1.7013E+00
   8.8600E+02   1.6510E+00
   8.8700E+02   1.5332E+00
   8.8800E+02   1.4434E+00
   8.8900E+02   1.3489E+00
   8.9000E+02   1.2996E+00
   8.9100E+02   1.2535E+00
   8.9200E+02   1.2498E+00
   8.9300E+02   1.2860E+00
   8.9300E+02   1.3424E+00
   8.9300E+02   1.2828E+00
   8.9400E+02   1.3673E+00
   8.9500E+02   1.5400E+00
   8.9600E+02   1.6862E+00
   8.9700E+02   1.7957E+00
   8.9800E+02   1.8422E+00
   8.9900E+02   1.8079E+00
   9.0000E+02   1.7181E+00
   9.0100E+02   1.5961E+00
   9.0200E+02   1.4557E+00
   9.0300E+02   1.3672E+00
   9.0400E+02   1.2469E+00
   9.0500E+02   1.1804E+00
   9.0600E+02   1.1661E+00
   9.0700E+02   1.2339E+00
   9.0800E+02   1.2914E+00
   9.0800E+02   1.3424E+00
   9.0800E+02   1.2762E+00
   9.0800E+02   1.3424E+00
   9.0800E+02   1.3424E+00
   9.0800E+02   1.3424E+00
   9.0800E+02   1.2762E+00
   9.0800E+02   1.3424E+00
   9.0800E+02   1.2762E+00
   9.0800E+02   1.3424E+00
   9.0800E+02   1.2762E+00
   9.0900E+02   1.3389E+00
   9.0900E+02   1.3424E+00
   9.0900E+02   1.3389E+00
   9.0900E+02   1.3424E+00
   9.0900E+02   1.3389E+00
