   0.0000E+00   1.3424E+00
   0.0000E+00   9.9695E-01
   1.0000E+00   9.9832E-01
   2.0000E+00   1.0374E+00
   3.0000E+00   1.0457E+00
   4.0000E+00   1.0241E+00
   5.0000E+00   9.7559E-01
   6.0000E+00   9.4699E-01
   7.0000E+00   1.0032E+00
   8.0000E+00   1.1414E+00
   9.0000E+00   1.3589E+00
   1.0000E+01   1.5784E+00
   1.1000E+01   1.7135E+00
   1.2000E+01   1.7624E+00
   1.3000E+01   1.7291E+00
   1.4000E+01   1.6704E+00
   1.5000E+01   1.6222E+00
   1.6000E+01   1.5904E+00
   1.7000E+01   1.5693E+00
   1.8000E+01   1.5508E+00
   1.9000E+01   1.5275E+00
   2.0000E+01   1.4945E+00
   2.1000E+01   1.4651E+00
   2.2000E+01   1.4488E+00
   2.3000E+01   1.4564E+00
   2.4000E+01   1.4883E+00
   2.5000E+01   1.5433E+00
   2.6000E+01   1.6148E+00
   2.7000E+01   1.7039E+00
   2.8000E+01   1.8133E+00
   2.9000E+01   1.9279E+00
   3.0000E+01   1.9885E+00
   3.1000E+01   1.9846E+00
   3.2000E+01   1.9169E+00
   3.3000E+01   1.8005E+00
   3.4000E+01   1.7182E+00
   3.5000E+01   1.6722E+00
   3.6000E+01   1.6668E+00
   3.7000E+01   1.6922E+00
   3.8000E+01   1.7286E+00
   3.9000E+01   1.7687E+00
   4.0000E+01   1.8131E+00
   4.1000E+01   1.8590E+00
   4.2000E+01   1.8815E+00
   4.3000E+01   1.8809E+00
   4.4000E+01   1.8591E+00
   4.5000E+01   1.8202E+00
   4.6000E+01   1.7616E+00
   4.7000E+01   1.6988E+00
   4.8000E+01   1.6186E+00
   4.9000E+01   1.5453E+00
   5.0000E+01   1.5035E+00
   5.1000E+01   1.4935E+00
   5.2000E+01   1.5158E+00
   5.3000E+01   1.5417E+00
   5.4000E+01   1.5534E+00
   5.5000E+01   1.5508E+00
   5.6000E+01   1.5351E+00
   5.7000E+01   1.5270E+00
   5.8000E+01   1.5387E+00
   5.9000E+01   1.5702E+00
   6.0000E+01   1.6204E+00
   6.1000E+01   1.6340E+00
   6.2000E+01   1.5914E+00
   6.3000E+01   1.4962E+00
   6.4000E+01   1.3503E+00
   6.5000E+01   1.2287E+00
   6.6000E+01   1.1604E+00
   6.7000E+01   1.1421E+00
   6.8000E+01   1.1604E+00
   6.9000E+01   1.1377E+00
   7.0000E+01   1.0544E+00
   7.1000E+01   9.1980E-01
   7.2000E+01   7.4420E-01
   7.3000E+01   6.3761E-01
   7.4000E+01   6.1152E-01
   7.5000E+01   6.6900E-01
   7.6000E+01   7.7657E-01
   7.7000E+01   8.5045E-01
   7.8000E+01   8.7568E-01
   7.9000E+01   8.5223E-01
   8.0000E+01   8.0446E-01
   8.1000E+01   7.8668E-01
   8.2000E+01   7.9989E-01
   8.3000E+01   8.4557E-01
   8.4000E+01   9.0755E-01
   8.5000E+01   9.5566E-01
   8.6000E+01   9.9219E-01
   8.7000E+01   1.0178E+00
   8.8000E+01   1.0457E+00
   8.9000E+01   1.1073E+00
   9.0000E+01   1.1992E+00
   9.1000E+01   1.3227E+00
   9.2000E+01   1.4530E+00
   9.3000E+01   1.5577E+00
   9.4000E+01   1.6420E+00
   9.5000E+01   1.6992E+00
   9.6000E+01   1.7206E+00
   9.7000E+01   1.6922E+00
   9.8000E+01   1.6136E+00
   9.9000E+01   1.4842E+00
   1.0000E+02   1.3817E+00
   1.0100E+02   1.3259E+00
   1.0200E+02   1.3197E+00
   1.0300E+02   1.3610E+00
   1.0400E+02   1.4131E+00
   1.0500E+02   1.4630E+00
   1.0600E+02   1.5077E+00
   1.0700E+02   1.5480E+00
   1.0800E+02   1.5765E+00
   1.0900E+02   1.5904E+00
   1.1000E+02   1.5876E+00
   1.1100E+02   1.5788E+00
   1.1200E+02   1.5917E+00
   1.1300E+02   1.6337E+00
   1.1400E+02   1.7050E+00
   1.1500E+02   1.7877E+00
   1.1600E+02   1.8106E+00
   1.1700E+02   1.7619E+00
   1.1800E+02   1.6484E+00
   1.1900E+02   1.4990E+00
   1.2000E+02   1.4284E+00
   1.2100E+02   1.4464E+00
   1.2200E+02   1.5525E+00
   1.2300E+02   1.6921E+00
   1.2400E+02   1.7467E+00
   1.2500E+02   1.7128E+00
   1.2600E+02   1.5844E+00
   1.2700E+02   1.4341E+00
   1.2800E+02   1.3441E+00
   1.2900E+02   1.3201E+00
   1.3000E+02   1.3636E+00
   1.3100E+02   1.4386E+00
   1.3200E+02   1.4898E+00
   1.3300E+02   1.5272E+00
   1.3400E+02   1.5492E+00
   1.3500E+02   1.5487E+00
   1.3600E+02   1.5240E+00
   1.3700E+02   1.4775E+00
   1.3800E+02   1.4044E+00
   1.3900E+02   1.3594E+00
   1.4000E+02   1.3572E+00
   1.4100E+02   1.4001E+00
   1.4200E+02   1.4905E+00
   1.4300E+02   1.5832E+00
   1.4400E+02   1.6523E+00
   1.4500E+02   1.7103E+00
   1.4600E+02   1.7453E+00
   1.4700E+02   1.7506E+00
   1.4800E+02   1.7194E+00
   1.4900E+02   1.6482E+00
   1.5000E+02   1.5533E+00
   1.5100E+02   1.4700E+00
   1.5200E+02   1.4167E+00
   1.5300E+02   1.3887E+00
   1.5400E+02   1.3852E+00
   1.5500E+02   1.3922E+00
   1.5600E+02   1.4119E+00
   1.5700E+02   1.4329E+00
   1.5800E+02   1.4586E+00
   1.5900E+02   1.4675E+00
   1.6000E+02   1.4542E+00
   1.6100E+02   1.4232E+00
   1.6200E+02   1.3720E+00
   1.6300E+02   1.3317E+00
   1.6400E+02   1.2889E+00
   1.6500E+02   1.2466E+00
   1.6600E+02   1.2233E+00
   1.6700E+02   1.2454E+00
   1.6800E+02   1.3143E+00
   1.6900E+02   1.4359E+00
   1.7000E+02   1.5634E+00
   1.7100E+02   1.6438E+00
   1.7200E+02   1.6864E+00
   1.7300E+02   1.6866E+00
   1.7400E+02   1.6720E+00
   1.7500E+02   1.6690E+00
   1.7600E+02   1.6778E+00
   1.7700E+02   1.6959E+00
   1.7800E+02   1.7234E+00
   1.7900E+02   1.7561E+00
   1.8000E+02   1.7960E+00
   1.8100E+02   1.8381E+00
   1.8200E+02   1.8578E+00
   1.8300E+02   1.8435E+00
   1.8400E+02   1.7923E+00
   1.8500E+02   1.7131E+00
   1.8600E+02   1.6631E+00
   1.8700E+02   1.6703E+00
   1.8800E+02   1.7358E+00
   1.8900E+02   1.8388E+00
   1.9000E+02   1.9006E+00
   1.9100E+02   1.8888E+00
   1.9200E+02   1.8062E+00
   1.9300E+02   1.6592E+00
   1.9400E+02   1.5145E+00
   1.9500E+02   1.3861E+00
   1.9600E+02   1.2737E+00
   1.9700E+02   1.1820E+00
   1.9800E+02   1.1663E+00
   1.9900E+02   1.2265E+00
   2.0000E+02   1.3650E+00
   2.0100E+02   1.5472E+00
   2.0200E+02   1.6707E+00
   2.0300E+02   1.7213E+00
   2.0400E+02   1.7027E+00
   2.0500E+02   1.6314E+00
   2.0600E+02   1.5752E+00
   2.0700E+02   1.5261E+00
   2.0800E+02   1.4849E+00
   2.0900E+02   1.4678E+00
   2.1000E+02   1.4989E+00
   2.1100E+02   1.5797E+00
   2.1200E+02   1.7090E+00
   2.1300E+02   1.8494E+00
   2.1400E+02   1.9536E+00
   2.1500E+02   2.0264E+00
   2.1600E+02   2.0652E+00
   2.1700E+02   2.0706E+00
   2.1700E+02   1.3424E+00
   2.1700E+02   2.0713E+00
   2.1800E+02   2.0410E+00
   2.1900E+02   1.9617E+00
   2.2000E+02   1.8952E+00
   2.2100E+02   1.8256E+00
   2.2200E+02   1.7973E+00
   2.2300E+02   1.8234E+00
   2.2400E+02   1.8697E+00
   2.2500E+02   1.8925E+00
   2.2600E+02   1.8655E+00
   2.2700E+02   1.7545E+00
   2.2800E+02   1.6613E+00
   2.2900E+02   1.5765E+00
   2.3000E+02   1.5656E+00
   2.3100E+02   1.6271E+00
   2.3200E+02   1.7045E+00
   2.3300E+02   1.7543E+00
   2.3400E+02   1.7298E+00
   2.3500E+02   1.6320E+00
   2.3600E+02   1.4861E+00
   2.3700E+02   1.3819E+00
   2.3800E+02   1.3451E+00
   2.3900E+02   1.3788E+00
   2.4000E+02   1.4537E+00
   2.4100E+02   1.5226E+00
   2.4200E+02   1.5772E+00
   2.4300E+02   1.6146E+00
   2.4400E+02   1.6486E+00
   2.4500E+02   1.6803E+00
   2.4600E+02   1.7305E+00
   2.4700E+02   1.7425E+00
   2.4800E+02   1.7683E+00
   2.4900E+02   1.7439E+00
   2.5000E+02   1.7054E+00
   2.5100E+02   1.6112E+00
   2.5200E+02   1.5363E+00
   2.5300E+02   1.4902E+00
   2.5400E+02   1.4849E+00
   2.5500E+02   1.5179E+00
   2.5600E+02   1.5773E+00
   2.5700E+02   1.6178E+00
   2.5800E+02   1.6612E+00
   2.5900E+02   1.7061E+00
   2.6000E+02   1.7423E+00
   2.6100E+02   1.7946E+00
   2.6200E+02   1.8559E+00
   2.6300E+02   1.9225E+00
   2.6400E+02   1.9652E+00
   2.6500E+02   1.9577E+00
   2.6600E+02   1.9060E+00
   2.6700E+02   1.8285E+00
   2.6800E+02   1.7816E+00
   2.6900E+02   1.7909E+00
   2.7000E+02   1.8794E+00
   2.7100E+02   1.9586E+00
   2.7200E+02   2.0143E+00
   2.7300E+02   1.9918E+00
   2.7400E+02   1.8782E+00
   2.7500E+02   1.7365E+00
   2.7600E+02   1.5602E+00
   2.7700E+02   1.4140E+00
   2.7800E+02   1.3078E+00
   2.7900E+02   1.2021E+00
   2.8000E+02   1.1073E+00
   2.8100E+02   1.0702E+00
   2.8200E+02   1.0569E+00
   2.8300E+02   1.0590E+00
   2.8400E+02   1.0497E+00
   2.8500E+02   1.0376E+00
   2.8600E+02   9.9902E-01
   2.8700E+02   9.8431E-01
   2.8800E+02   9.8908E-01
   2.8900E+02   1.0462E+00
   2.9000E+02   1.1005E+00
   2.9100E+02   1.1862E+00
   2.9200E+02   1.2726E+00
   2.9300E+02   1.3405E+00
   2.9400E+02   1.4426E+00
   2.9500E+02   1.5068E+00
   2.9600E+02   1.5155E+00
   2.9700E+02   1.4397E+00
   2.9800E+02   1.3836E+00
   2.9900E+02   1.2898E+00
   3.0000E+02   1.2471E+00
   3.0100E+02   1.2621E+00
   3.0200E+02   1.3264E+00
   3.0300E+02   1.3723E+00
   3.0400E+02   1.3615E+00
   3.0500E+02   1.3034E+00
   3.0600E+02   1.1913E+00
   3.0700E+02   1.1245E+00
   3.0800E+02   1.1601E+00
   3.0900E+02   1.2840E+00
   3.1000E+02   1.4459E+00
   3.1100E+02   1.6057E+00
   3.1200E+02   1.7012E+00
   3.1300E+02   1.7174E+00
   3.1400E+02   1.6833E+00
   3.1500E+02   1.6640E+00
   3.1600E+02   1.6630E+00
   3.1700E+02   1.6865E+00
   3.1800E+02   1.7080E+00
   3.1900E+02   1.7094E+00
   3.2000E+02   1.6765E+00
   3.2100E+02   1.6171E+00
   3.2200E+02   1.5561E+00
   3.2300E+02   1.4981E+00
   3.2400E+02   1.4446E+00
   3.2500E+02   1.3840E+00
   3.2600E+02   1.3614E+00
   3.2700E+02   1.3425E+00
   3.2800E+02   1.3311E+00
   3.2900E+02   1.3329E+00
   3.3000E+02   1.3498E+00
   3.3100E+02   1.3895E+00
   3.3200E+02   1.4572E+00
   3.3300E+02   1.5372E+00
   3.3400E+02   1.5863E+00
   3.3500E+02   1.5992E+00
   3.3600E+02   1.5641E+00
   3.3700E+02   1.4844E+00
   3.3800E+02   1.4082E+00
   3.3900E+02   1.4092E+00
   3.4000E+02   1.4770E+00
   3.4100E+02   1.5862E+00
   3.4200E+02   1.6901E+00
   3.4300E+02   1.7911E+00
   3.4400E+02   1.8768E+00
   3.4500E+02   1.9269E+00
   3.4600E+02   1.9595E+00
   3.4700E+02   1.9706E+00
   3.4800E+02   1.9708E+00
   3.4900E+02   1.9442E+00
   3.5000E+02   1.9133E+00
   3.5100E+02   1.8708E+00
   3.5200E+02   1.7504E+00
   3.5300E+02   1.6873E+00
   3.5400E+02   1.6222E+00
   3.5500E+02   1.5975E+00
   3.5600E+02   1.6214E+00
   3.5700E+02   1.6828E+00
   3.5800E+02   1.7392E+00
   3.5900E+02   1.7736E+00
   3.6000E+02   1.7958E+00
   3.6100E+02   1.8024E+00
   3.6200E+02   1.7719E+00
   3.6300E+02   1.7444E+00
   3.6400E+02   1.6670E+00
   3.6500E+02   1.5875E+00
   3.6600E+02   1.5184E+00
   3.6700E+02   1.4931E+00
   3.6800E+02   1.4981E+00
   3.6900E+02   1.5595E+00
   3.7000E+02   1.6093E+00
   3.7100E+02   1.7209E+00
   3.7200E+02   1.7826E+00
   3.7300E+02   1.8773E+00
   3.7400E+02   1.8693E+00
   3.7500E+02   1.7501E+00
   3.7600E+02   1.5749E+00
   3.7700E+02   1.3449E+00
   3.7800E+02   1.1804E+00
   3.7900E+02   1.0880E+00
   3.8000E+02   1.0797E+00
   3.8100E+02   1.0879E+00
   3.8200E+02   1.0842E+00
   3.8300E+02   1.0689E+00
   3.8400E+02   1.0474E+00
   3.8500E+02   1.0620E+00
   3.8600E+02   1.1224E+00
   3.8700E+02   1.2391E+00
   3.8800E+02   1.3905E+00
   3.8900E+02   1.5470E+00
   3.9000E+02   1.6762E+00
   3.9100E+02   1.7489E+00
   3.9200E+02   1.7949E+00
   3.9300E+02   1.7916E+00
   3.9400E+02   1.7575E+00
   3.9500E+02   1.6950E+00
   3.9600E+02   1.5906E+00
   3.9700E+02   1.5240E+00
   3.9800E+02   1.5222E+00
   3.9900E+02   1.5557E+00
   4.0000E+02   1.6257E+00
   4.0100E+02   1.6995E+00
   4.0200E+02   1.7482E+00
   4.0300E+02   1.7939E+00
   4.0400E+02   1.8133E+00
   4.0500E+02   1.8093E+00
   4.0600E+02   1.7681E+00
   4.0700E+02   1.7446E+00
   4.0800E+02   1.6755E+00
   4.0900E+02   1.5932E+00
   4.1000E+02   1.5286E+00
   4.1100E+02   1.4522E+00
   4.1200E+02   1.3863E+00
   4.1300E+02   1.3487E+00
   4.1400E+02   1.3184E+00
   4.1500E+02   1.3023E+00
   4.1600E+02   1.3171E+00
   4.1700E+02   1.3773E+00
   4.1800E+02   1.4976E+00
   4.1900E+02   1.6365E+00
   4.2000E+02   1.7617E+00
   4.2100E+02   1.7875E+00
   4.2200E+02   1.7112E+00
   4.2300E+02   1.5412E+00
   4.2400E+02   1.3762E+00
   4.2500E+02   1.3248E+00
   4.2600E+02   1.3748E+00
   4.2700E+02   1.5274E+00
   4.2800E+02   1.6901E+00
   4.2900E+02   1.7836E+00
   4.3000E+02   1.8390E+00
   4.3100E+02   1.8440E+00
   4.3200E+02   1.8409E+00
   4.3300E+02   1.8445E+00
   4.3400E+02   1.8660E+00
   4.3500E+02   1.8714E+00
   4.3600E+02   1.8683E+00
   4.3700E+02   1.8410E+00
   4.3800E+02   1.7893E+00
   4.3900E+02   1.7359E+00
   4.4000E+02   1.6464E+00
   4.4100E+02   1.5613E+00
   4.4200E+02   1.4254E+00
   4.4300E+02   1.3524E+00
   4.4400E+02   1.3183E+00
   4.4500E+02   1.3600E+00
   4.4600E+02   1.4955E+00
   4.4700E+02   1.6432E+00
   4.4800E+02   1.7735E+00
   4.4900E+02   1.8490E+00
   4.5000E+02   1.8735E+00
   4.5100E+02   1.8646E+00
   4.5200E+02   1.8518E+00
   4.5300E+02   1.8386E+00
   4.5400E+02   1.8274E+00
   4.5500E+02   1.8178E+00
   4.5600E+02   1.8061E+00
   4.5700E+02   1.7840E+00
   4.5800E+02   1.7659E+00
   4.5900E+02   1.7573E+00
   4.6000E+02   1.7687E+00
   4.6100E+02   1.8115E+00
   4.6200E+02   1.8462E+00
   4.6300E+02   1.8688E+00
   4.6400E+02   1.8725E+00
   4.6500E+02   1.8445E+00
   4.6600E+02   1.7855E+00
   4.6700E+02   1.7420E+00
   4.6800E+02   1.7241E+00
   4.6900E+02   1.7397E+00
   4.7000E+02   1.7904E+00
   4.7100E+02   1.8142E+00
   4.7200E+02   1.7842E+00
   4.7300E+02   1.7409E+00
   4.7400E+02   1.6294E+00
   4.7500E+02   1.5494E+00
   4.7600E+02   1.4888E+00
   4.7700E+02   1.4563E+00
   4.7800E+02   1.4572E+00
   4.7900E+02   1.4736E+00
   4.8000E+02   1.5087E+00
   4.8100E+02   1.5474E+00
   4.8200E+02   1.5786E+00
   4.8300E+02   1.6369E+00
   4.8400E+02   1.6896E+00
   4.8500E+02   1.7138E+00
   4.8600E+02   1.7362E+00
   4.8700E+02   1.7467E+00
   4.8800E+02   1.7330E+00
   4.8900E+02   1.6941E+00
   4.9000E+02   1.6462E+00
   4.9100E+02   1.6472E+00
   4.9200E+02   1.7087E+00
   4.9300E+02   1.7670E+00
   4.9400E+02   1.8698E+00
   4.9500E+02   1.9047E+00
   4.9600E+02   1.8765E+00
   4.9700E+02   1.7722E+00
   4.9800E+02   1.6990E+00
   4.9900E+02   1.6430E+00
   5.0000E+02   1.6411E+00
   5.0100E+02   1.6853E+00
   5.0200E+02   1.6715E+00
   5.0300E+02   1.5079E+00
   5.0400E+02   1.2410E+00
   5.0500E+02   8.0633E-01
   5.0600E+02   4.1838E-01
   5.0700E+02   2.6560E-01
   5.0800E+02   3.6816E-01
   5.0800E+02   1.3424E+00
   5.0800E+02   3.2689E-01
   5.0900E+02   6.1040E-01
   5.1000E+02   9.4787E-01
   5.1100E+02   1.2886E+00
   5.1200E+02   1.5352E+00
   5.1300E+02   1.7683E+00
   5.1400E+02   1.9205E+00
   5.1500E+02   1.9609E+00
   5.1600E+02   1.8968E+00
   5.1700E+02   1.7380E+00
   5.1800E+02   1.6186E+00
   5.1900E+02   1.6081E+00
   5.2000E+02   1.7231E+00
   5.2100E+02   1.8482E+00
   5.2200E+02   1.9636E+00
   5.2300E+02   1.9898E+00
   5.2400E+02   1.9452E+00
   5.2500E+02   1.8535E+00
   5.2600E+02   1.7808E+00
   5.2700E+02   1.7088E+00
   5.2800E+02   1.6509E+00
   5.2900E+02   1.5877E+00
   5.3000E+02   1.5243E+00
   5.3100E+02   1.4084E+00
   5.3200E+02   1.3071E+00
   5.3300E+02   1.1661E+00
   5.3400E+02   1.0824E+00
   5.3500E+02   1.0672E+00
   5.3600E+02   1.1058E+00
   5.3700E+02   1.1537E+00
   5.3800E+02   1.1669E+00
   5.3900E+02   1.1586E+00
   5.4000E+02   1.1107E+00
   5.4100E+02   1.0955E+00
   5.4200E+02   1.1335E+00
   5.4300E+02   1.2181E+00
   5.4400E+02   1.3581E+00
   5.4500E+02   1.5413E+00
   5.4600E+02   1.6582E+00
   5.4700E+02   1.7253E+00
   5.4800E+02   1.7767E+00
   5.4900E+02   1.8206E+00
   5.5000E+02   1.8742E+00
   5.5100E+02   1.9302E+00
   5.5200E+02   2.0017E+00
   5.5300E+02   2.0127E+00
   5.5400E+02   1.9197E+00
   5.5500E+02   1.7580E+00
   5.5600E+02   1.4794E+00
   5.5700E+02   1.3082E+00
   5.5800E+02   1.2497E+00
   5.5900E+02   1.3362E+00
   5.6000E+02   1.5184E+00
   5.6100E+02   1.6714E+00
   5.6200E+02   1.7701E+00
   5.6300E+02   1.8035E+00
   5.6400E+02   1.7745E+00
   5.6500E+02   1.7033E+00
   5.6600E+02   1.5700E+00
   5.6700E+02   1.4021E+00
   5.6800E+02   1.2341E+00
   5.6900E+02   1.0907E+00
   5.7000E+02   9.8122E-01
   5.7000E+02   1.3424E+00
   5.7000E+02   9.9388E-01
   5.7000E+02   1.3424E+00
   5.7000E+02   9.9388E-01
   5.7000E+02   1.3424E+00
   5.7000E+02   9.9388E-01
   5.7000E+02   1.3424E+00
   5.7000E+02   9.9388E-01
   5.7000E+02   1.3424E+00
   5.7000E+02   9.9388E-01
   5.7000E+02   1.3424E+00
   5.7000E+02   9.9388E-01
   5.7100E+02   9.4294E-01
   5.7100E+02   1.3424E+00
   5.7100E+02   9.4294E-01
   5.7100E+02   1.3424E+00
   5.7100E+02   9.4294E-01
