   0.0000E+00   1.3424E+00
   0.0000E+00   1.3835E+00
   1.0000E+00   1.3844E+00
   2.0000E+00   1.4142E+00
   3.0000E+00   1.4218E+00
   4.0000E+00   1.3944E+00
   5.0000E+00   1.3363E+00
   6.0000E+00   1.2422E+00
   7.0000E+00   1.1411E+00
   8.0000E+00   1.0842E+00
   9.0000E+00   1.0778E+00
   1.0000E+01   1.1162E+00
   1.1000E+01   1.1723E+00
   1.2000E+01   1.2014E+00
   1.3000E+01   1.2022E+00
   1.4000E+01   1.1742E+00
   1.5000E+01   1.1340E+00
   1.6000E+01   1.0948E+00
   1.7000E+01   1.0471E+00
   1.8000E+01   9.9593E-01
   1.9000E+01   9.6028E-01
   2.0000E+01   9.4402E-01
   2.1000E+01   9.4670E-01
   2.2000E+01   9.6711E-01
   2.3000E+01   1.0071E+00
   2.4000E+01   1.0587E+00
   2.5000E+01   1.1257E+00
   2.6000E+01   1.2079E+00
   2.7000E+01   1.2653E+00
   2.8000E+01   1.2915E+00
   2.9000E+01   1.2862E+00
   3.0000E+01   1.2593E+00
   3.1000E+01   1.2572E+00
   3.2000E+01   1.2967E+00
   3.3000E+01   1.3727E+00
   3.4000E+01   1.4794E+00
   3.5000E+01   1.5396E+00
   3.6000E+01   1.5420E+00
   3.7000E+01   1.4846E+00
   3.8000E+01   1.3862E+00
   3.9000E+01   1.3310E+00
   4.0000E+01   1.3170E+00
   4.1000E+01   1.3488E+00
   4.2000E+01   1.4086E+00
   4.3000E+01   1.4416E+00
   4.4000E+01   1.4413E+00
   4.5000E+01   1.4104E+00
   4.6000E+01   1.3705E+00
   4.7000E+01   1.3722E+00
   4.8000E+01   1.4183E+00
   4.9000E+01   1.5022E+00
   5.0000E+01   1.6027E+00
   5.1000E+01   1.6609E+00
   5.2000E+01   1.6832E+00
   5.3000E+01   1.6673E+00
   5.4000E+01   1.6374E+00
   5.5000E+01   1.6259E+00
   5.6000E+01   1.6327E+00
   5.7000E+01   1.6546E+00
   5.8000E+01   1.6694E+00
   5.9000E+01   1.6590E+00
   6.0000E+01   1.6234E+00
   6.1000E+01   1.5615E+00
   6.2000E+01   1.4948E+00
   6.3000E+01   1.4509E+00
   6.4000E+01   1.4152E+00
   6.5000E+01   1.3933E+00
   6.6000E+01   1.3798E+00
   6.7000E+01   1.3705E+00
   6.8000E+01   1.3666E+00
   6.9000E+01   1.3687E+00
   7.0000E+01   1.3843E+00
   7.1000E+01   1.4231E+00
   7.2000E+01   1.4676E+00
   7.3000E+01   1.5307E+00
   7.4000E+01   1.5654E+00
   7.5000E+01   1.5633E+00
   7.6000E+01   1.5211E+00
   7.7000E+01   1.4550E+00
   7.8000E+01   1.3921E+00
   7.9000E+01   1.3428E+00
   8.0000E+01   1.3038E+00
   8.1000E+01   1.2793E+00
   8.2000E+01   1.2753E+00
   8.3000E+01   1.2925E+00
   8.4000E+01   1.3306E+00
   8.5000E+01   1.3738E+00
   8.6000E+01   1.3852E+00
   8.7000E+01   1.3597E+00
   8.8000E+01   1.3006E+00
   8.9000E+01   1.2313E+00
   9.0000E+01   1.2055E+00
   9.1000E+01   1.2221E+00
   9.2000E+01   1.2829E+00
   9.3000E+01   1.3607E+00
   9.4000E+01   1.4186E+00
   9.5000E+01   1.4535E+00
   9.6000E+01   1.4660E+00
   9.7000E+01   1.4857E+00
   9.8000E+01   1.5403E+00
   9.9000E+01   1.6278E+00
   1.0000E+02   1.7480E+00
   1.0100E+02   1.8466E+00
   1.0200E+02   1.8811E+00
   1.0300E+02   1.8502E+00
   1.0400E+02   1.7597E+00
   1.0500E+02   1.6407E+00
   1.0600E+02   1.5092E+00
   1.0700E+02   1.3667E+00
   1.0800E+02   1.2226E+00
   1.0900E+02   1.1529E+00
   1.1000E+02   1.1834E+00
   1.1100E+02   1.3157E+00
   1.1200E+02   1.5417E+00
   1.1300E+02   1.7302E+00
   1.1400E+02   1.8523E+00
   1.1500E+02   1.9064E+00
   1.1600E+02   1.8997E+00
   1.1700E+02   1.8665E+00
   1.1800E+02   1.8137E+00
   1.1900E+02   1.7425E+00
   1.2000E+02   1.6600E+00
   1.2100E+02   1.6088E+00
   1.2200E+02   1.5959E+00
   1.2300E+02   1.6214E+00
   1.2400E+02   1.6663E+00
   1.2500E+02   1.6833E+00
   1.2600E+02   1.6664E+00
   1.2700E+02   1.6134E+00
   1.2800E+02   1.5375E+00
   1.2900E+02   1.4645E+00
   1.3000E+02   1.3831E+00
   1.3100E+02   1.3053E+00
   1.3200E+02   1.2432E+00
   1.3300E+02   1.2339E+00
   1.3400E+02   1.2784E+00
   1.3500E+02   1.3744E+00
   1.3600E+02   1.4918E+00
   1.3700E+02   1.5957E+00
   1.3800E+02   1.6714E+00
   1.3900E+02   1.7370E+00
   1.4000E+02   1.7685E+00
   1.4100E+02   1.7625E+00
   1.4100E+02   1.3424E+00
   1.4100E+02   1.7634E+00
   1.4100E+02   1.3424E+00
   1.4100E+02   1.3424E+00
   1.4100E+02   1.3424E+00
   1.4100E+02   1.7634E+00
   1.4200E+02   1.7162E+00
   1.4300E+02   1.6401E+00
   1.4400E+02   1.5539E+00
   1.4500E+02   1.5083E+00
   1.4600E+02   1.4896E+00
   1.4700E+02   1.4998E+00
   1.4800E+02   1.5065E+00
   1.4900E+02   1.5088E+00
   1.5000E+02   1.5061E+00
   1.5100E+02   1.5016E+00
   1.5100E+02   1.3424E+00
   1.5100E+02   1.5016E+00
   1.5200E+02   1.5148E+00
   1.5300E+02   1.5457E+00
   1.5400E+02   1.5975E+00
   1.5500E+02   1.6656E+00
   1.5600E+02   1.7296E+00
   1.5700E+02   1.7827E+00
   1.5800E+02   1.8236E+00
   1.5900E+02   1.8396E+00
   1.6000E+02   1.8444E+00
   1.6100E+02   1.8337E+00
   1.6100E+02   1.3424E+00
   1.6100E+02   1.8337E+00
   1.6200E+02   1.8014E+00
   1.6300E+02   1.7625E+00
   1.6400E+02   1.7473E+00
   1.6500E+02   1.7537E+00
   1.6600E+02   1.7785E+00
   1.6700E+02   1.8084E+00
   1.6800E+02   1.7824E+00
   1.6900E+02   1.7478E+00
   1.7000E+02   1.6410E+00
   1.7100E+02   1.5258E+00
   1.7200E+02   1.4379E+00
   1.7300E+02   1.3514E+00
   1.7400E+02   1.3064E+00
   1.7500E+02   1.2895E+00
   1.7600E+02   1.3261E+00
   1.7700E+02   1.4160E+00
   1.7800E+02   1.5704E+00
   1.7900E+02   1.7280E+00
   1.8000E+02   1.8365E+00
   1.8100E+02   1.8906E+00
   1.8200E+02   1.9069E+00
   1.8300E+02   1.8952E+00
   1.8400E+02   1.8484E+00
   1.8500E+02   1.7779E+00
   1.8600E+02   1.7533E+00
   1.8700E+02   1.6799E+00
   1.8800E+02   1.6010E+00
   1.8900E+02   1.5029E+00
   1.9000E+02   1.4214E+00
   1.9100E+02   1.3711E+00
   1.9200E+02   1.3224E+00
   1.9300E+02   1.2779E+00
   1.9400E+02   1.2451E+00
   1.9500E+02   1.2382E+00
   1.9600E+02   1.2587E+00
   1.9700E+02   1.2889E+00
   1.9800E+02   1.3424E+00
   1.9900E+02   1.3960E+00
   2.0000E+02   1.4724E+00
   2.0100E+02   1.5512E+00
   2.0200E+02   1.6357E+00
   2.0300E+02   1.7023E+00
   2.0400E+02   1.7549E+00
   2.0500E+02   1.7948E+00
   2.0600E+02   1.8191E+00
   2.0700E+02   1.8152E+00
   2.0800E+02   1.7701E+00
   2.0900E+02   1.7436E+00
   2.1000E+02   1.6845E+00
   2.1100E+02   1.6438E+00
   2.1200E+02   1.6255E+00
   2.1300E+02   1.6338E+00
   2.1400E+02   1.6411E+00
   2.1500E+02   1.6279E+00
   2.1600E+02   1.6113E+00
   2.1700E+02   1.5709E+00
   2.1800E+02   1.5554E+00
   2.1900E+02   1.5695E+00
   2.2000E+02   1.6159E+00
   2.2100E+02   1.6927E+00
   2.2200E+02   1.7554E+00
   2.2300E+02   1.7898E+00
   2.2400E+02   1.7866E+00
   2.2500E+02   1.7430E+00
   2.2600E+02   1.7116E+00
   2.2700E+02   1.6839E+00
   2.2800E+02   1.6719E+00
   2.2900E+02   1.6747E+00
   2.3000E+02   1.6768E+00
   2.3100E+02   1.6743E+00
   2.3200E+02   1.6692E+00
   2.3300E+02   1.6579E+00
   2.3400E+02   1.6561E+00
   2.3500E+02   1.6573E+00
   2.3600E+02   1.6721E+00
   2.3700E+02   1.6763E+00
   2.3800E+02   1.6749E+00
   2.3900E+02   1.6686E+00
   2.4000E+02   1.6364E+00
   2.4100E+02   1.6075E+00
   2.4200E+02   1.5836E+00
   2.4300E+02   1.5341E+00
   2.4400E+02   1.4827E+00
   2.4500E+02   1.4424E+00
   2.4600E+02   1.4126E+00
   2.4700E+02   1.4072E+00
   2.4800E+02   1.4264E+00
   2.4900E+02   1.4482E+00
   2.5000E+02   1.4682E+00
   2.5100E+02   1.4768E+00
   2.5200E+02   1.4719E+00
   2.5300E+02   1.4616E+00
   2.5400E+02   1.4118E+00
   2.5500E+02   1.3377E+00
   2.5600E+02   1.2213E+00
   2.5700E+02   1.1103E+00
   2.5800E+02   1.0192E+00
   2.5900E+02   9.8449E-01
   2.6000E+02   9.8628E-01
   2.6100E+02   1.0043E+00
   2.6200E+02   1.0548E+00
   2.6300E+02   1.1136E+00
   2.6400E+02   1.1486E+00
   2.6500E+02   1.2078E+00
   2.6600E+02   1.2483E+00
   2.6700E+02   1.2792E+00
   2.6800E+02   1.2942E+00
   2.6900E+02   1.3397E+00
   2.7000E+02   1.4083E+00
   2.7100E+02   1.5452E+00
   2.7200E+02   1.6667E+00
   2.7300E+02   1.7669E+00
   2.7400E+02   1.7979E+00
   2.7500E+02   1.7511E+00
   2.7600E+02   1.6608E+00
   2.7700E+02   1.5331E+00
   2.7800E+02   1.4481E+00
   2.7900E+02   1.3717E+00
   2.8000E+02   1.3076E+00
   2.8100E+02   1.2549E+00
   2.8200E+02   1.2198E+00
   2.8300E+02   1.2080E+00
   2.8400E+02   1.2318E+00
   2.8500E+02   1.2592E+00
   2.8600E+02   1.3204E+00
   2.8700E+02   1.4214E+00
   2.8800E+02   1.5334E+00
   2.8900E+02   1.5995E+00
   2.9000E+02   1.6383E+00
   2.9100E+02   1.6343E+00
   2.9200E+02   1.6091E+00
   2.9300E+02   1.5722E+00
   2.9400E+02   1.5386E+00
   2.9500E+02   1.4594E+00
   2.9600E+02   1.4422E+00
   2.9700E+02   1.4418E+00
   2.9800E+02   1.4787E+00
   2.9900E+02   1.5892E+00
   3.0000E+02   1.6500E+00
   3.0100E+02   1.6800E+00
   3.0200E+02   1.6571E+00
   3.0300E+02   1.6025E+00
   3.0400E+02   1.5099E+00
   3.0500E+02   1.3633E+00
   3.0600E+02   1.2603E+00
   3.0700E+02   1.1227E+00
   3.0800E+02   1.0147E+00
