   0.0000E+00   1.3424E+00
   0.0000E+00   1.3453E+00
   1.0000E+00   1.3484E+00
   2.0000E+00   1.4232E+00
   3.0000E+00   1.4208E+00
   4.0000E+00   1.3429E+00
   5.0000E+00   1.1988E+00
   6.0000E+00   1.0699E+00
   7.0000E+00   9.8522E-01
   8.0000E+00   9.4440E-01
   9.0000E+00   9.3993E-01
   1.0000E+01   9.3830E-01
   1.1000E+01   9.3370E-01
   1.2000E+01   9.2661E-01
   1.3000E+01   9.2144E-01
   1.4000E+01   9.3398E-01
   1.5000E+01   9.5753E-01
   1.6000E+01   1.0044E+00
   1.7000E+01   1.0685E+00
   1.8000E+01   1.1717E+00
   1.9000E+01   1.3105E+00
   2.0000E+01   1.4836E+00
   2.1000E+01   1.6578E+00
   2.2000E+01   1.7334E+00
   2.3000E+01   1.7087E+00
   2.4000E+01   1.5827E+00
   2.5000E+01   1.4112E+00
   2.6000E+01   1.2935E+00
   2.7000E+01   1.2335E+00
   2.8000E+01   1.2278E+00
   2.9000E+01   1.2466E+00
   3.0000E+01   1.2478E+00
   3.1000E+01   1.2282E+00
   3.2000E+01   1.2002E+00
   3.3000E+01   1.1959E+00
   3.4000E+01   1.2554E+00
   3.5000E+01   1.3808E+00
   3.6000E+01   1.5732E+00
   3.7000E+01   1.7240E+00
   3.8000E+01   1.7677E+00
   3.9000E+01   1.7069E+00
   4.0000E+01   1.5414E+00
   4.1000E+01   1.3731E+00
   4.2000E+01   1.2423E+00
   4.3000E+01   1.1487E+00
   4.4000E+01   1.0941E+00
   4.5000E+01   1.0695E+00
   4.6000E+01   1.0745E+00
   4.7000E+01   1.1072E+00
   4.8000E+01   1.1639E+00
   4.9000E+01   1.2177E+00
   5.0000E+01   1.2614E+00
   5.1000E+01   1.2937E+00
   5.2000E+01   1.3163E+00
   5.3000E+01   1.3278E+00
   5.4000E+01   1.3271E+00
   5.5000E+01   1.3141E+00
   5.6000E+01   1.2961E+00
   5.7000E+01   1.2772E+00
   5.8000E+01   1.2611E+00
   5.9000E+01   1.2458E+00
   6.0000E+01   1.2286E+00
   6.1000E+01   1.1864E+00
   6.2000E+01   1.1168E+00
   6.3000E+01   1.0181E+00
   6.4000E+01   9.1730E-01
   6.5000E+01   8.6167E-01
   6.6000E+01   8.5506E-01
   6.7000E+01   8.9347E-01
   6.8000E+01   9.5322E-01
   6.9000E+01   9.9282E-01
   7.0000E+01   1.0127E+00
   7.1000E+01   1.0109E+00
   7.2000E+01   1.0049E+00
   7.3000E+01   1.0103E+00
   7.4000E+01   1.0291E+00
   7.5000E+01   1.0548E+00
   7.6000E+01   1.0961E+00
   7.7000E+01   1.1646E+00
   7.8000E+01   1.2589E+00
   7.9000E+01   1.3754E+00
   8.0000E+01   1.4646E+00
   8.1000E+01   1.4907E+00
   8.2000E+01   1.4573E+00
   8.3000E+01   1.3671E+00
   8.4000E+01   1.2910E+00
   8.5000E+01   1.2553E+00
   8.6000E+01   1.2587E+00
   8.7000E+01   1.2991E+00
   8.8000E+01   1.3232E+00
   8.9000E+01   1.3167E+00
   9.0000E+01   1.2825E+00
   9.1000E+01   1.2310E+00
   9.2000E+01   1.2407E+00
   9.3000E+01   1.3307E+00
   9.4000E+01   1.4974E+00
   9.5000E+01   1.7224E+00
   9.6000E+01   1.8909E+00
   9.7000E+01   1.9867E+00
   9.8000E+01   2.0066E+00
   9.9000E+01   1.9689E+00
   1.0000E+02   1.9142E+00
   1.0100E+02   1.8516E+00
   1.0200E+02   1.7763E+00
   1.0300E+02   1.6987E+00
   1.0400E+02   1.6202E+00
   1.0500E+02   1.5418E+00
   1.0600E+02   1.4731E+00
   1.0700E+02   1.3966E+00
   1.0800E+02   1.3244E+00
   1.0900E+02   1.2399E+00
   1.1000E+02   1.1426E+00
   1.1100E+02   1.0747E+00
   1.1200E+02   1.0554E+00
   1.1300E+02   1.0907E+00
   1.1400E+02   1.1834E+00
   1.1500E+02   1.2768E+00
   1.1600E+02   1.3302E+00
   1.1700E+02   1.3439E+00
   1.1800E+02   1.3175E+00
   1.1900E+02   1.2903E+00
   1.2000E+02   1.2859E+00
   1.2100E+02   1.3051E+00
   1.2200E+02   1.3436E+00
   1.2300E+02   1.3946E+00
   1.2400E+02   1.4347E+00
   1.2500E+02   1.4782E+00
   1.2600E+02   1.5205E+00
   1.2700E+02   1.5404E+00
   1.2800E+02   1.5371E+00
   1.2900E+02   1.5107E+00
   1.3000E+02   1.4638E+00
   1.3100E+02   1.4280E+00
   1.3200E+02   1.4149E+00
   1.3300E+02   1.4216E+00
   1.3400E+02   1.4439E+00
   1.3400E+02   1.3424E+00
   1.3400E+02   1.4436E+00
   1.3500E+02   1.4492E+00
   1.3600E+02   1.4310E+00
   1.3700E+02   1.3899E+00
   1.3800E+02   1.3425E+00
   1.3900E+02   1.3058E+00
   1.4000E+02   1.2939E+00
   1.4100E+02   1.3074E+00
   1.4200E+02   1.3319E+00
   1.4300E+02   1.3479E+00
   1.4400E+02   1.3657E+00
   1.4500E+02   1.3800E+00
   1.4600E+02   1.3844E+00
   1.4700E+02   1.3731E+00
   1.4800E+02   1.3517E+00
   1.4900E+02   1.3161E+00
   1.5000E+02   1.2707E+00
   1.5100E+02   1.2318E+00
   1.5200E+02   1.2014E+00
   1.5300E+02   1.1747E+00
   1.5400E+02   1.1507E+00
   1.5500E+02   1.1379E+00
   1.5600E+02   1.1229E+00
   1.5700E+02   1.1157E+00
   1.5800E+02   1.1168E+00
   1.5900E+02   1.1322E+00
   1.6000E+02   1.1606E+00
   1.6100E+02   1.2022E+00
   1.6200E+02   1.2624E+00
   1.6300E+02   1.3351E+00
   1.6400E+02   1.4287E+00
   1.6500E+02   1.5265E+00
   1.6600E+02   1.6175E+00
   1.6700E+02   1.6920E+00
   1.6800E+02   1.7341E+00
   1.6900E+02   1.7574E+00
   1.7000E+02   1.7438E+00
   1.7100E+02   1.7021E+00
   1.7200E+02   1.6235E+00
   1.7300E+02   1.5011E+00
   1.7400E+02   1.4429E+00
   1.7500E+02   1.4246E+00
   1.7600E+02   1.4664E+00
   1.7700E+02   1.5285E+00
   1.7800E+02   1.5617E+00
   1.7900E+02   1.5665E+00
   1.8000E+02   1.5176E+00
   1.8100E+02   1.4891E+00
   1.8200E+02   1.4674E+00
   1.8300E+02   1.4693E+00
   1.8400E+02   1.4889E+00
   1.8500E+02   1.5353E+00
   1.8600E+02   1.5597E+00
   1.8700E+02   1.5825E+00
   1.8800E+02   1.5960E+00
   1.8900E+02   1.5957E+00
   1.9000E+02   1.5823E+00
   1.9100E+02   1.5559E+00
   1.9200E+02   1.5357E+00
   1.9300E+02   1.5266E+00
   1.9400E+02   1.5430E+00
   1.9500E+02   1.5894E+00
   1.9600E+02   1.6729E+00
   1.9700E+02   1.7348E+00
   1.9800E+02   1.7788E+00
   1.9900E+02   1.8028E+00
   2.0000E+02   1.8072E+00
   2.0100E+02   1.7824E+00
   2.0200E+02   1.7224E+00
   2.0300E+02   1.6269E+00
   2.0400E+02   1.4826E+00
   2.0500E+02   1.3777E+00
   2.0600E+02   1.2656E+00
   2.0700E+02   1.1752E+00
   2.0800E+02   1.1057E+00
   2.0900E+02   1.0577E+00
   2.1000E+02   1.0612E+00
   2.1100E+02   1.0963E+00
   2.1200E+02   1.1600E+00
   2.1300E+02   1.2179E+00
   2.1400E+02   1.3023E+00
   2.1500E+02   1.3522E+00
   2.1600E+02   1.4252E+00
   2.1700E+02   1.4475E+00
   2.1800E+02   1.4322E+00
   2.1900E+02   1.3427E+00
   2.2000E+02   1.2857E+00
   2.2100E+02   1.2170E+00
   2.2200E+02   1.1988E+00
   2.2300E+02   1.2158E+00
   2.2400E+02   1.2600E+00
   2.2500E+02   1.3343E+00
   2.2600E+02   1.4565E+00
   2.2700E+02   1.5851E+00
   2.2800E+02   1.6890E+00
   2.2900E+02   1.6963E+00
   2.3000E+02   1.5860E+00
   2.3100E+02   1.3955E+00
   2.3200E+02   1.1356E+00
   2.3300E+02   9.7658E-01
   2.3400E+02   9.1493E-01
   2.3500E+02   9.3960E-01
   2.3600E+02   9.8729E-01
   2.3700E+02   1.0459E+00
   2.3800E+02   1.1061E+00
   2.3900E+02   1.1630E+00
   2.4000E+02   1.2312E+00
   2.4100E+02   1.3254E+00
   2.4200E+02   1.4812E+00
   2.4300E+02   1.6352E+00
   2.4400E+02   1.7610E+00
   2.4500E+02   1.7878E+00
   2.4600E+02   1.7238E+00
   2.4700E+02   1.5623E+00
   2.4800E+02   1.4277E+00
   2.4900E+02   1.3638E+00
   2.5000E+02   1.3692E+00
   2.5100E+02   1.4404E+00
   2.5200E+02   1.5367E+00
   2.5300E+02   1.6171E+00
   2.5400E+02   1.7121E+00
   2.5500E+02   1.7880E+00
   2.5600E+02   1.8281E+00
   2.5700E+02   1.8152E+00
   2.5800E+02   1.7600E+00
   2.5900E+02   1.6802E+00
   2.6000E+02   1.6351E+00
   2.6100E+02   1.6624E+00
   2.6200E+02   1.7380E+00
   2.6300E+02   1.8086E+00
   2.6400E+02   1.8408E+00
   2.6500E+02   1.7903E+00
   2.6600E+02   1.7323E+00
   2.6700E+02   1.6100E+00
   2.6800E+02   1.5752E+00
   2.6900E+02   1.6407E+00
   2.7000E+02   1.7398E+00
   2.7100E+02   1.8591E+00
   2.7200E+02   1.8885E+00
   2.7300E+02   1.8210E+00
   2.7400E+02   1.6525E+00
   2.7500E+02   1.4669E+00
   2.7600E+02   1.3555E+00
   2.7700E+02   1.3544E+00
   2.7800E+02   1.4464E+00
   2.7900E+02   1.5230E+00
   2.8000E+02   1.5964E+00
   2.8100E+02   1.6263E+00
   2.8200E+02   1.6268E+00
   2.8300E+02   1.6127E+00
   2.8400E+02   1.5898E+00
   2.8500E+02   1.5758E+00
   2.8600E+02   1.5474E+00
   2.8700E+02   1.4913E+00
   2.8800E+02   1.3837E+00
   2.8900E+02   1.3320E+00
   2.9000E+02   1.2050E+00
   2.9100E+02   1.1323E+00
   2.9200E+02   1.1244E+00
   2.9300E+02   1.1951E+00
   2.9400E+02   1.2806E+00
   2.9500E+02   1.3584E+00
   2.9600E+02   1.3814E+00
   2.9700E+02   1.3463E+00
   2.9800E+02   1.2682E+00
   2.9900E+02   1.1690E+00
   3.0000E+02   1.1042E+00
   3.0100E+02   1.0170E+00
   3.0200E+02   9.5978E-01
   3.0300E+02   9.5526E-01
   3.0400E+02   1.0176E+00
   3.0500E+02   1.1503E+00
   3.0600E+02   1.2968E+00
   3.0700E+02   1.3923E+00
   3.0800E+02   1.3914E+00
   3.0900E+02   1.3312E+00
   3.1000E+02   1.2170E+00
   3.1100E+02   1.1317E+00
   3.1200E+02   1.0715E+00
   3.1300E+02   1.0537E+00
   3.1400E+02   1.0631E+00
   3.1500E+02   1.1167E+00
   3.1600E+02   1.1765E+00
   3.1700E+02   1.3153E+00
   3.1800E+02   1.3895E+00
   3.1900E+02   1.4823E+00
   3.2000E+02   1.5471E+00
   3.2100E+02   1.5938E+00
   3.2200E+02   1.5967E+00
   3.2300E+02   1.5519E+00
   3.2400E+02   1.4566E+00
   3.2500E+02   1.3737E+00
   3.2600E+02   1.2938E+00
   3.2700E+02   1.2885E+00
   3.2800E+02   1.3566E+00
   3.2900E+02   1.5128E+00
   3.3000E+02   1.6335E+00
   3.3100E+02   1.6844E+00
   3.3200E+02   1.6686E+00
   3.3300E+02   1.6025E+00
   3.3400E+02   1.5494E+00
   3.3500E+02   1.5412E+00
   3.3600E+02   1.5653E+00
   3.3700E+02   1.6114E+00
   3.3800E+02   1.6301E+00
   3.3900E+02   1.6068E+00
   3.4000E+02   1.5045E+00
   3.4100E+02   1.4392E+00
   3.4200E+02   1.3497E+00
   3.4300E+02   1.2599E+00
   3.4400E+02   1.1926E+00
   3.4500E+02   1.1364E+00
   3.4600E+02   1.1490E+00
   3.4700E+02   1.2152E+00
   3.4800E+02   1.3142E+00
   3.4900E+02   1.4511E+00
   3.5000E+02   1.5067E+00
   3.5100E+02   1.4821E+00
   3.5200E+02   1.3545E+00
   3.5300E+02   1.2258E+00
   3.5400E+02   1.1402E+00
   3.5500E+02   1.1100E+00
   3.5600E+02   1.1369E+00
   3.5700E+02   1.2019E+00
   3.5800E+02   1.2302E+00
   3.5900E+02   1.2503E+00
   3.6000E+02   1.2607E+00
   3.6100E+02   1.2721E+00
   3.6200E+02   1.3006E+00
   3.6300E+02   1.3371E+00
   3.6400E+02   1.4017E+00
   3.6500E+02   1.4677E+00
   3.6600E+02   1.5145E+00
   3.6700E+02   1.5466E+00
   3.6800E+02   1.5597E+00
   3.6900E+02   1.5598E+00
   3.7000E+02   1.5134E+00
   3.7100E+02   1.4799E+00
   3.7200E+02   1.4205E+00
   3.7300E+02   1.3725E+00
   3.7400E+02   1.3604E+00
   3.7500E+02   1.3843E+00
   3.7600E+02   1.4313E+00
   3.7700E+02   1.4540E+00
   3.7800E+02   1.4346E+00
   3.7900E+02   1.3687E+00
   3.7900E+02   1.3424E+00
   3.7900E+02   1.3763E+00
   3.8000E+02   1.2787E+00
   3.8100E+02   1.2336E+00
   3.8200E+02   1.2461E+00
   3.8300E+02   1.3331E+00
   3.8400E+02   1.4255E+00
   3.8500E+02   1.4587E+00
   3.8600E+02   1.4082E+00
   3.8700E+02   1.2846E+00
   3.8800E+02   1.0897E+00
   3.8900E+02   9.6328E-01
   3.9000E+02   9.2241E-01
   3.9100E+02   9.3113E-01
   3.9100E+02   1.3424E+00
   3.9100E+02   9.2968E-01
   3.9200E+02   9.9112E-01
   3.9300E+02   1.0613E+00
   3.9400E+02   1.1635E+00
   3.9500E+02   1.2351E+00
   3.9600E+02   1.3091E+00
   3.9700E+02   1.3941E+00
   3.9800E+02   1.5040E+00
   3.9900E+02   1.5736E+00
   4.0000E+02   1.6482E+00
   4.0100E+02   1.6768E+00
   4.0200E+02   1.6746E+00
   4.0300E+02   1.6272E+00
   4.0400E+02   1.5809E+00
   4.0500E+02   1.5511E+00
   4.0600E+02   1.5228E+00
   4.0700E+02   1.4971E+00
   4.0800E+02   1.4710E+00
   4.0900E+02   1.4303E+00
   4.1000E+02   1.3662E+00
   4.1100E+02   1.3174E+00
   4.1200E+02   1.2866E+00
   4.1300E+02   1.3206E+00
   4.1400E+02   1.3712E+00
   4.1500E+02   1.4917E+00
   4.1600E+02   1.5592E+00
   4.1700E+02   1.5626E+00
   4.1800E+02   1.5085E+00
   4.1900E+02   1.3896E+00
   4.2000E+02   1.3370E+00
   4.2100E+02   1.3407E+00
   4.2200E+02   1.4309E+00
   4.2300E+02   1.5453E+00
   4.2400E+02   1.6046E+00
   4.2500E+02   1.5840E+00
   4.2600E+02   1.4842E+00
   4.2700E+02   1.3402E+00
   4.2800E+02   1.2411E+00
   4.2900E+02   1.2104E+00
   4.3000E+02   1.2590E+00
   4.3100E+02   1.3372E+00
   4.3200E+02   1.4380E+00
   4.3300E+02   1.5658E+00
   4.3400E+02   1.6768E+00
   4.3400E+02   1.3424E+00
   4.3400E+02   1.6682E+00
   4.3500E+02   1.7774E+00
   4.3600E+02   1.7935E+00
   4.3700E+02   1.7186E+00
   4.3800E+02   1.5466E+00
   4.3900E+02   1.3553E+00
   4.4000E+02   1.2283E+00
   4.4100E+02   1.1775E+00
   4.4200E+02   1.2190E+00
   4.4300E+02   1.2663E+00
   4.4400E+02   1.3178E+00
   4.4500E+02   1.3570E+00
   4.4600E+02   1.4041E+00
   4.4700E+02   1.4245E+00
   4.4800E+02   1.4069E+00
   4.4900E+02   1.3497E+00
   4.5000E+02   1.2673E+00
   4.5100E+02   1.1647E+00
   4.5200E+02   1.1085E+00
   4.5300E+02   1.0223E+00
   4.5400E+02   9.9913E-01
   4.5500E+02   9.7851E-01
   4.5600E+02   9.9308E-01
   4.5700E+02   1.0352E+00
   4.5800E+02   1.0874E+00
   4.5900E+02   1.1273E+00
   4.6000E+02   1.1454E+00
   4.6100E+02   1.1467E+00
   4.6200E+02   1.1194E+00
   4.6300E+02   1.0751E+00
   4.6400E+02   1.0471E+00
   4.6500E+02   9.9547E-01
   4.6600E+02   9.4773E-01
   4.6700E+02   9.6573E-01
   4.6800E+02   1.0868E+00
   4.6900E+02   1.1676E+00
   4.7000E+02   1.3384E+00
   4.7100E+02   1.4492E+00
   4.7200E+02   1.4734E+00
   4.7300E+02   1.4208E+00
   4.7400E+02   1.3447E+00
   4.7500E+02   1.3639E+00
   4.7600E+02   1.4794E+00
   4.7700E+02   1.7001E+00
   4.7800E+02   1.9538E+00
   4.7900E+02   2.0581E+00
   4.8000E+02   2.0197E+00
   4.8100E+02   1.8325E+00
   4.8200E+02   1.6471E+00
   4.8300E+02   1.4917E+00
   4.8400E+02   1.4202E+00
   4.8500E+02   1.4266E+00
   4.8600E+02   1.4401E+00
   4.8700E+02   1.4298E+00
   4.8800E+02   1.3972E+00
   4.8800E+02   1.3424E+00
   4.8800E+02   1.4058E+00
   4.8900E+02   1.3464E+00
   4.9000E+02   1.2908E+00
   4.9100E+02   1.2489E+00
   4.9200E+02   1.2058E+00
   4.9300E+02   1.1979E+00
   4.9400E+02   1.2156E+00
   4.9500E+02   1.2421E+00
   4.9600E+02   1.3297E+00
   4.9600E+02   1.3424E+00
   4.9600E+02   1.2923E+00
   4.9700E+02   1.3796E+00
   4.9800E+02   1.4267E+00
   4.9900E+02   1.4137E+00
   5.0000E+02   1.3430E+00
   5.0100E+02   1.2623E+00
   5.0200E+02   1.1468E+00
   5.0300E+02   1.0597E+00
   5.0400E+02   9.6939E-01
   5.0400E+02   1.3424E+00
   5.0400E+02   9.9308E-01
   5.0400E+02   1.3424E+00
   5.0400E+02   9.9308E-01
   5.0400E+02   1.3424E+00
   5.0400E+02   9.9308E-01
   5.0400E+02   1.3424E+00
   5.0400E+02   9.9308E-01
   5.0400E+02   1.3424E+00
   5.0400E+02   9.9308E-01
   5.0400E+02   1.3424E+00
   5.0400E+02   9.9308E-01
   5.0400E+02   1.3424E+00
   5.0400E+02   9.9308E-01
   5.0400E+02   1.3424E+00
   5.0400E+02   9.9308E-01
