   0.0000E+00   1.3424E+00
   0.0000E+00   1.0325E+00
   1.0000E+00   1.0354E+00
   2.0000E+00   1.1088E+00
   3.0000E+00   1.1484E+00
   4.0000E+00   1.1538E+00
   5.0000E+00   1.1558E+00
   6.0000E+00   1.1653E+00
   7.0000E+00   1.1734E+00
   8.0000E+00   1.1884E+00
   9.0000E+00   1.2084E+00
   1.0000E+01   1.2300E+00
   1.1000E+01   1.2555E+00
   1.2000E+01   1.2816E+00
   1.3000E+01   1.3038E+00
   1.4000E+01   1.3249E+00
   1.5000E+01   1.3386E+00
   1.6000E+01   1.3388E+00
   1.7000E+01   1.3121E+00
   1.8000E+01   1.2532E+00
   1.9000E+01   1.1593E+00
   2.0000E+01   1.0590E+00
   2.1000E+01   9.9870E-01
   2.2000E+01   9.8552E-01
   2.3000E+01   1.0190E+00
   2.4000E+01   1.0752E+00
   2.5000E+01   1.1132E+00
   2.6000E+01   1.1296E+00
   2.7000E+01   1.1265E+00
   2.8000E+01   1.1416E+00
   2.9000E+01   1.2127E+00
   3.0000E+01   1.3475E+00
   3.1000E+01   1.5475E+00
   3.2000E+01   1.7504E+00
   3.3000E+01   1.9169E+00
   3.4000E+01   2.0360E+00
   3.5000E+01   2.1159E+00
   3.6000E+01   2.1267E+00
   3.7000E+01   2.0519E+00
   3.8000E+01   1.8950E+00
   3.9000E+01   1.6541E+00
   4.0000E+01   1.4550E+00
   4.1000E+01   1.3579E+00
   4.2000E+01   1.3614E+00
   4.3000E+01   1.4584E+00
   4.4000E+01   1.5426E+00
   4.5000E+01   1.5731E+00
   4.6000E+01   1.5522E+00
   4.7000E+01   1.4819E+00
   4.8000E+01   1.4048E+00
   4.9000E+01   1.3405E+00
   5.0000E+01   1.2741E+00
   5.1000E+01   1.2193E+00
   5.2000E+01   1.1959E+00
   5.3000E+01   1.2073E+00
   5.4000E+01   1.2551E+00
   5.5000E+01   1.3188E+00
   5.6000E+01   1.3321E+00
   5.7000E+01   1.2872E+00
   5.8000E+01   1.1831E+00
   5.9000E+01   1.0542E+00
   6.0000E+01   9.9619E-01
   6.1000E+01   1.0193E+00
   6.2000E+01   1.1235E+00
   6.3000E+01   1.2758E+00
   6.4000E+01   1.3999E+00
   6.5000E+01   1.4935E+00
   6.6000E+01   1.5580E+00
   6.7000E+01   1.5955E+00
   6.8000E+01   1.6156E+00
   6.9000E+01   1.6181E+00
   7.0000E+01   1.6039E+00
   7.1000E+01   1.5773E+00
   7.2000E+01   1.5538E+00
   7.3000E+01   1.5247E+00
   7.4000E+01   1.5024E+00
   7.5000E+01   1.4810E+00
   7.6000E+01   1.4673E+00
   7.7000E+01   1.4637E+00
   7.8000E+01   1.4676E+00
   7.9000E+01   1.4584E+00
   8.0000E+01   1.4268E+00
   8.1000E+01   1.3710E+00
   8.2000E+01   1.2986E+00
   8.3000E+01   1.2466E+00
   8.4000E+01   1.2428E+00
   8.5000E+01   1.2839E+00
   8.6000E+01   1.3626E+00
   8.7000E+01   1.4194E+00
   8.8000E+01   1.4304E+00
   8.9000E+01   1.3970E+00
   9.0000E+01   1.3334E+00
   9.1000E+01   1.3014E+00
   9.2000E+01   1.3186E+00
   9.3000E+01   1.3860E+00
   9.4000E+01   1.4900E+00
   9.5000E+01   1.5595E+00
   9.6000E+01   1.5919E+00
   9.7000E+01   1.5837E+00
   9.8000E+01   1.5428E+00
   9.9000E+01   1.5034E+00
   1.0000E+02   1.4638E+00
   1.0100E+02   1.4289E+00
   1.0200E+02   1.3856E+00
   1.0300E+02   1.3159E+00
   1.0400E+02   1.2187E+00
   1.0500E+02   1.0874E+00
   1.0600E+02   9.5732E-01
   1.0700E+02   8.8306E-01
   1.0800E+02   8.5772E-01
   1.0900E+02   8.8634E-01
   1.1000E+02   9.3019E-01
   1.1100E+02   9.4372E-01
   1.1200E+02   9.2359E-01
   1.1300E+02   8.7195E-01
   1.1400E+02   8.1316E-01
   1.1500E+02   7.6575E-01
   1.1600E+02   7.3231E-01
   1.1700E+02   7.1127E-01
   1.1800E+02   7.0486E-01
   1.1900E+02   7.1184E-01
   1.2000E+02   7.3269E-01
   1.2100E+02   7.6630E-01
   1.2200E+02   8.0723E-01
   1.2300E+02   8.3398E-01
   1.2400E+02   8.6631E-01
   1.2500E+02   8.8576E-01
   1.2600E+02   9.2797E-01
   1.2700E+02   9.9587E-01
   1.2800E+02   1.0898E+00
   1.2900E+02   1.2010E+00
   1.3000E+02   1.2704E+00
   1.3100E+02   1.2819E+00
   1.3200E+02   1.2374E+00
   1.3300E+02   1.1435E+00
   1.3400E+02   1.0537E+00
   1.3500E+02   9.8937E-01
   1.3600E+02   9.4182E-01
   1.3700E+02   9.1949E-01
   1.3800E+02   9.6128E-01
   1.3900E+02   1.0644E+00
   1.4000E+02   1.2342E+00
   1.4100E+02   1.4420E+00
   1.4200E+02   1.6082E+00
   1.4300E+02   1.7241E+00
   1.4300E+02   1.3424E+00
   1.4300E+02   1.7229E+00
   1.4400E+02   1.7884E+00
   1.4500E+02   1.8122E+00
   1.4600E+02   1.8152E+00
   1.4700E+02   1.7998E+00
   1.4800E+02   1.7764E+00
   1.4900E+02   1.7246E+00
   1.5000E+02   1.6284E+00
   1.5100E+02   1.4673E+00
   1.5200E+02   1.3023E+00
   1.5300E+02   1.1410E+00
   1.5400E+02   1.1104E+00
   1.5500E+02   1.2128E+00
   1.5600E+02   1.3875E+00
   1.5700E+02   1.6110E+00
   1.5800E+02   1.7370E+00
   1.5900E+02   1.7886E+00
   1.6000E+02   1.7642E+00
   1.6100E+02   1.7192E+00
   1.6200E+02   1.6684E+00
   1.6300E+02   1.6160E+00
   1.6400E+02   1.5363E+00
   1.6500E+02   1.5001E+00
   1.6600E+02   1.3959E+00
   1.6700E+02   1.3822E+00
   1.6800E+02   1.3203E+00
   1.6900E+02   1.2972E+00
   1.7000E+02   1.3377E+00
   1.7100E+02   1.4166E+00
   1.7200E+02   1.5273E+00
   1.7300E+02   1.6035E+00
   1.7400E+02   1.6027E+00
   1.7500E+02   1.4970E+00
   1.7600E+02   1.4168E+00
   1.7700E+02   1.3288E+00
   1.7800E+02   1.2618E+00
   1.7900E+02   1.2282E+00
   1.8000E+02   1.2286E+00
   1.8100E+02   1.2467E+00
   1.8200E+02   1.2620E+00
   1.8300E+02   1.3047E+00
   1.8400E+02   1.3415E+00
   1.8500E+02   1.3952E+00
   1.8600E+02   1.4434E+00
   1.8700E+02   1.4839E+00
   1.8800E+02   1.5374E+00
   1.8900E+02   1.5681E+00
   1.9000E+02   1.6277E+00
   1.9100E+02   1.6589E+00
   1.9200E+02   1.6788E+00
   1.9300E+02   1.6958E+00
   1.9400E+02   1.6928E+00
   1.9500E+02   1.6662E+00
   1.9600E+02   1.6365E+00
   1.9700E+02   1.5531E+00
   1.9800E+02   1.4447E+00
   1.9900E+02   1.3107E+00
   2.0000E+02   1.1797E+00
   2.0100E+02   1.1123E+00
   2.0200E+02   1.1060E+00
   2.0300E+02   1.1564E+00
   2.0400E+02   1.2447E+00
   2.0500E+02   1.3213E+00
   2.0600E+02   1.4281E+00
   2.0700E+02   1.5593E+00
   2.0800E+02   1.6392E+00
   2.0900E+02   1.6786E+00
   2.1000E+02   1.6623E+00
   2.1100E+02   1.6076E+00
   2.1200E+02   1.5425E+00
   2.1300E+02   1.4609E+00
   2.1400E+02   1.3628E+00
   2.1500E+02   1.3058E+00
   2.1600E+02   1.2336E+00
   2.1700E+02   1.1703E+00
   2.1800E+02   1.1363E+00
   2.1900E+02   1.1068E+00
   2.2000E+02   1.1018E+00
   2.2100E+02   1.1056E+00
   2.2200E+02   1.1216E+00
   2.2300E+02   1.1462E+00
   2.2400E+02   1.1673E+00
   2.2500E+02   1.2027E+00
   2.2600E+02   1.2498E+00
   2.2700E+02   1.2747E+00
   2.2800E+02   1.2877E+00
   2.2900E+02   1.2849E+00
   2.3000E+02   1.2568E+00
   2.3100E+02   1.2235E+00
   2.3200E+02   1.2047E+00
   2.3300E+02   1.1981E+00
   2.3400E+02   1.1970E+00
   2.3500E+02   1.2205E+00
   2.3600E+02   1.2884E+00
   2.3700E+02   1.3419E+00
   2.3800E+02   1.4546E+00
   2.3900E+02   1.5611E+00
   2.4000E+02   1.6143E+00
   2.4100E+02   1.6222E+00
   2.4200E+02   1.5788E+00
   2.4300E+02   1.5635E+00
   2.4400E+02   1.5965E+00
   2.4500E+02   1.6994E+00
   2.4600E+02   1.7808E+00
   2.4700E+02   1.8525E+00
   2.4800E+02   1.8449E+00
   2.4900E+02   1.7606E+00
   2.5000E+02   1.6494E+00
   2.5100E+02   1.5362E+00
   2.5200E+02   1.5091E+00
   2.5300E+02   1.5650E+00
   2.5400E+02   1.6358E+00
   2.5500E+02   1.6909E+00
   2.5600E+02   1.7013E+00
   2.5700E+02   1.6718E+00
   2.5800E+02   1.5925E+00
   2.5900E+02   1.5262E+00
   2.6000E+02   1.4549E+00
   2.6100E+02   1.3926E+00
   2.6200E+02   1.3451E+00
   2.6300E+02   1.3181E+00
   2.6400E+02   1.2704E+00
   2.6500E+02   1.2242E+00
   2.6600E+02   1.2055E+00
   2.6700E+02   1.2120E+00
   2.6800E+02   1.2613E+00
   2.6900E+02   1.3336E+00
   2.7000E+02   1.4175E+00
   2.7100E+02   1.5071E+00
   2.7200E+02   1.6164E+00
   2.7300E+02   1.6779E+00
   2.7400E+02   1.7480E+00
   2.7500E+02   1.8094E+00
   2.7600E+02   1.8556E+00
   2.7700E+02   1.8858E+00
   2.7800E+02   1.8654E+00
   2.7900E+02   1.8065E+00
   2.8000E+02   1.6870E+00
   2.8100E+02   1.4744E+00
   2.8200E+02   1.3450E+00
   2.8300E+02   1.2761E+00
   2.8400E+02   1.3066E+00
   2.8500E+02   1.4239E+00
   2.8600E+02   1.5173E+00
   2.8700E+02   1.5465E+00
   2.8800E+02   1.5222E+00
   2.8900E+02   1.4440E+00
   2.9000E+02   1.3371E+00
   2.9100E+02   1.2183E+00
   2.9200E+02   1.0709E+00
   2.9300E+02   9.4772E-01
   2.9400E+02   8.8099E-01
   2.9500E+02   9.0264E-01
   2.9600E+02   1.0047E+00
   2.9700E+02   1.1831E+00
   2.9800E+02   1.3145E+00
   2.9900E+02   1.4061E+00
   3.0000E+02   1.4374E+00
   3.0100E+02   1.4294E+00
   3.0200E+02   1.4232E+00
   3.0300E+02   1.4262E+00
   3.0400E+02   1.4411E+00
   3.0500E+02   1.4585E+00
   3.0600E+02   1.5364E+00
   3.0700E+02   1.5850E+00
   3.0800E+02   1.6860E+00
   3.0900E+02   1.7840E+00
   3.1000E+02   1.8433E+00
   3.1100E+02   1.8452E+00
   3.1200E+02   1.7734E+00
   3.1300E+02   1.7213E+00
   3.1400E+02   1.6389E+00
   3.1500E+02   1.5753E+00
   3.1600E+02   1.4820E+00
   3.1700E+02   1.4287E+00
   3.1800E+02   1.3770E+00
   3.1900E+02   1.3285E+00
   3.2000E+02   1.2721E+00
   3.2100E+02   1.2528E+00
   3.2200E+02   1.2699E+00
   3.2300E+02   1.3325E+00
   3.2400E+02   1.4347E+00
   3.2500E+02   1.5155E+00
   3.2600E+02   1.5264E+00
   3.2700E+02   1.4761E+00
   3.2800E+02   1.3767E+00
   3.2900E+02   1.2720E+00
   3.3000E+02   1.1999E+00
   3.3100E+02   1.1634E+00
   3.3200E+02   1.1642E+00
   3.3300E+02   1.2135E+00
   3.3400E+02   1.2661E+00
   3.3500E+02   1.3727E+00
   3.3600E+02   1.5117E+00
   3.3700E+02   1.6441E+00
   3.3800E+02   1.7233E+00
   3.3900E+02   1.7598E+00
   3.4000E+02   1.7658E+00
   3.4100E+02   1.7549E+00
   3.4200E+02   1.7246E+00
   3.4300E+02   1.6730E+00
   3.4400E+02   1.6208E+00
   3.4500E+02   1.5544E+00
   3.4600E+02   1.5058E+00
   3.4700E+02   1.4817E+00
   3.4800E+02   1.4399E+00
   3.4900E+02   1.3865E+00
   3.5000E+02   1.3311E+00
   3.5100E+02   1.2402E+00
   3.5200E+02   1.1594E+00
   3.5300E+02   1.0794E+00
   3.5400E+02   1.0328E+00
   3.5500E+02   1.0124E+00
   3.5600E+02   1.0258E+00
   3.5700E+02   1.1001E+00
   3.5800E+02   1.3029E+00
   3.5900E+02   1.4518E+00
   3.6000E+02   1.6563E+00
   3.6100E+02   1.7743E+00
   3.6200E+02   1.8338E+00
   3.6300E+02   1.8075E+00
   3.6400E+02   1.7593E+00
   3.6500E+02   1.6956E+00
   3.6600E+02   1.6111E+00
   3.6700E+02   1.5347E+00
   3.6800E+02   1.4506E+00
   3.6900E+02   1.4031E+00
   3.7000E+02   1.3527E+00
   3.7100E+02   1.3124E+00
   3.7200E+02   1.2601E+00
   3.7300E+02   1.2053E+00
   3.7400E+02   1.1497E+00
   3.7500E+02   1.0699E+00
   3.7600E+02   1.0222E+00
   3.7700E+02   9.9136E-01
   3.7800E+02   9.7838E-01
   3.7900E+02   9.7567E-01
   3.8000E+02   9.4371E-01
   3.8000E+02   1.3424E+00
   3.8000E+02   9.5490E-01
   3.8000E+02   1.3424E+00
   3.8000E+02   9.5490E-01
   3.8100E+02   8.7330E-01
   3.8200E+02   8.2994E-01
   3.8300E+02   7.2863E-01
   3.8400E+02   6.7995E-01
   3.8500E+02   6.9232E-01
   3.8500E+02   1.3424E+00
   3.8500E+02   6.8051E-01
   3.8600E+02   7.5848E-01
   3.8700E+02   8.2568E-01
   3.8800E+02   9.1486E-01
   3.8800E+02   1.3424E+00
   3.8800E+02   8.7226E-01
   3.8800E+02   1.3424E+00
   3.8800E+02   1.3424E+00
   3.8800E+02   1.3424E+00
   3.8800E+02   8.7226E-01
   3.8800E+02   1.3424E+00
   3.8800E+02   8.7226E-01
   3.8800E+02   1.3424E+00
   3.8800E+02   8.7226E-01
   3.8900E+02   9.3663E-01
   3.8900E+02   1.3424E+00
   3.8900E+02   9.3663E-01
   3.8900E+02   1.3424E+00
   3.8900E+02   9.3663E-01
