   0.0000E+00   1.3424E+00
   0.0000E+00   9.8081E-01
   1.0000E+00   9.8426E-01
   2.0000E+00   1.0800E+00
   3.0000E+00   1.1642E+00
   4.0000E+00   1.2359E+00
   5.0000E+00   1.2904E+00
   6.0000E+00   1.2979E+00
   7.0000E+00   1.2610E+00
   8.0000E+00   1.1739E+00
   9.0000E+00   1.0736E+00
   1.0000E+01   1.0278E+00
   1.1000E+01   1.0442E+00
   1.2000E+01   1.1241E+00
   1.3000E+01   1.2415E+00
   1.4000E+01   1.3648E+00
   1.5000E+01   1.4948E+00
   1.6000E+01   1.6143E+00
   1.7000E+01   1.7133E+00
   1.8000E+01   1.7460E+00
   1.9000E+01   1.7125E+00
   2.0000E+01   1.6136E+00
   2.1000E+01   1.4968E+00
   2.2000E+01   1.4029E+00
   2.3000E+01   1.3421E+00
   2.4000E+01   1.3020E+00
   2.5000E+01   1.2765E+00
   2.6000E+01   1.2540E+00
   2.7000E+01   1.2344E+00
   2.8000E+01   1.2192E+00
   2.9000E+01   1.2240E+00
   3.0000E+01   1.2524E+00
   3.1000E+01   1.3108E+00
   3.2000E+01   1.3882E+00
   3.3000E+01   1.4716E+00
   3.4000E+01   1.5524E+00
   3.5000E+01   1.6252E+00
   3.6000E+01   1.6913E+00
   3.7000E+01   1.7228E+00
   3.8000E+01   1.7118E+00
   3.9000E+01   1.6589E+00
   4.0000E+01   1.5673E+00
   4.1000E+01   1.4868E+00
   4.2000E+01   1.4123E+00
   4.3000E+01   1.3555E+00
   4.4000E+01   1.3072E+00
   4.5000E+01   1.2728E+00
   4.6000E+01   1.2548E+00
   4.7000E+01   1.2510E+00
   4.8000E+01   1.2638E+00
   4.9000E+01   1.2942E+00
   5.0000E+01   1.3359E+00
   5.1000E+01   1.4027E+00
   5.2000E+01   1.4722E+00
   5.3000E+01   1.5324E+00
   5.4000E+01   1.5772E+00
   5.5000E+01   1.6128E+00
   5.6000E+01   1.6324E+00
   5.7000E+01   1.6317E+00
   5.8000E+01   1.6117E+00
   5.9000E+01   1.5692E+00
   6.0000E+01   1.5233E+00
   6.1000E+01   1.4883E+00
   6.2000E+01   1.4693E+00
   6.3000E+01   1.4626E+00
   6.4000E+01   1.4652E+00
   6.5000E+01   1.4733E+00
   6.6000E+01   1.4857E+00
   6.7000E+01   1.5007E+00
   6.8000E+01   1.5322E+00
   6.9000E+01   1.5585E+00
   7.0000E+01   1.5858E+00
   7.1000E+01   1.6227E+00
   7.2000E+01   1.6435E+00
   7.3000E+01   1.6376E+00
   7.4000E+01   1.6058E+00
   7.5000E+01   1.5520E+00
   7.6000E+01   1.5044E+00
   7.7000E+01   1.4722E+00
   7.8000E+01   1.4537E+00
   7.9000E+01   1.4509E+00
   8.0000E+01   1.4521E+00
   8.1000E+01   1.4574E+00
   8.2000E+01   1.4670E+00
   8.3000E+01   1.4729E+00
   8.4000E+01   1.4879E+00
   8.5000E+01   1.5054E+00
   8.6000E+01   1.5342E+00
   8.7000E+01   1.5547E+00
   8.8000E+01   1.5651E+00
   8.9000E+01   1.5620E+00
   9.0000E+01   1.5448E+00
   9.1000E+01   1.5211E+00
   9.2000E+01   1.5106E+00
   9.3000E+01   1.5160E+00
   9.4000E+01   1.5338E+00
   9.5000E+01   1.5534E+00
   9.6000E+01   1.5514E+00
   9.7000E+01   1.5265E+00
   9.8000E+01   1.4811E+00
   9.9000E+01   1.4417E+00
   1.0000E+02   1.4478E+00
   1.0100E+02   1.4994E+00
   1.0200E+02   1.5966E+00
   1.0300E+02   1.6938E+00
   1.0400E+02   1.7336E+00
   1.0500E+02   1.7212E+00
   1.0600E+02   1.6549E+00
   1.0700E+02   1.5733E+00
   1.0800E+02   1.5085E+00
   1.0900E+02   1.4602E+00
   1.1000E+02   1.4243E+00
   1.1100E+02   1.4209E+00
   1.1200E+02   1.4558E+00
   1.1300E+02   1.5332E+00
   1.1400E+02   1.6434E+00
   1.1500E+02   1.7406E+00
   1.1600E+02   1.8031E+00
   1.1700E+02   1.8316E+00
   1.1800E+02   1.8221E+00
   1.1900E+02   1.7691E+00
   1.2000E+02   1.6652E+00
   1.2100E+02   1.5093E+00
   1.2200E+02   1.3235E+00
   1.2300E+02   1.2167E+00
   1.2400E+02   1.2155E+00
   1.2500E+02   1.3203E+00
   1.2600E+02   1.4889E+00
   1.2700E+02   1.5693E+00
   1.2800E+02   1.5339E+00
   1.2900E+02   1.3866E+00
   1.3000E+02   1.1728E+00
   1.3100E+02   1.0822E+00
   1.3200E+02   1.1213E+00
   1.3300E+02   1.2914E+00
   1.3400E+02   1.5379E+00
   1.3500E+02   1.7273E+00
   1.3600E+02   1.8593E+00
   1.3600E+02   1.3424E+00
   1.3600E+02   1.8564E+00
   1.3700E+02   1.9293E+00
   1.3800E+02   1.9380E+00
   1.3900E+02   1.9041E+00
   1.4000E+02   1.8453E+00
   1.4100E+02   1.7478E+00
   1.4200E+02   1.6490E+00
   1.4300E+02   1.5921E+00
   1.4400E+02   1.5829E+00
   1.4500E+02   1.6145E+00
   1.4600E+02   1.6723E+00
   1.4700E+02   1.7282E+00
   1.4800E+02   1.7880E+00
   1.4900E+02   1.8614E+00
   1.5000E+02   1.9025E+00
   1.5100E+02   1.9059E+00
   1.5200E+02   1.8725E+00
   1.5300E+02   1.8204E+00
   1.5400E+02   1.7485E+00
   1.5500E+02   1.6858E+00
   1.5600E+02   1.6130E+00
   1.5700E+02   1.5726E+00
   1.5800E+02   1.5514E+00
   1.5900E+02   1.5779E+00
   1.6000E+02   1.6191E+00
   1.6100E+02   1.7034E+00
   1.6200E+02   1.7853E+00
   1.6300E+02   1.8480E+00
   1.6400E+02   1.9143E+00
   1.6500E+02   1.9420E+00
   1.6600E+02   1.9247E+00
   1.6700E+02   1.8494E+00
   1.6800E+02   1.7560E+00
   1.6900E+02   1.6112E+00
   1.7000E+02   1.5551E+00
   1.7100E+02   1.5894E+00
   1.7200E+02   1.7167E+00
   1.7300E+02   1.8877E+00
   1.7400E+02   1.9814E+00
   1.7500E+02   2.0084E+00
   1.7600E+02   1.9636E+00
   1.7700E+02   1.8938E+00
   1.7800E+02   1.8705E+00
   1.7900E+02   1.8994E+00
   1.8000E+02   1.9895E+00
   1.8100E+02   2.0704E+00
   1.8200E+02   2.1156E+00
   1.8300E+02   2.1112E+00
   1.8400E+02   2.0517E+00
   1.8500E+02   1.9897E+00
   1.8600E+02   1.8946E+00
   1.8700E+02   1.8135E+00
   1.8800E+02   1.7064E+00
   1.8900E+02   1.6320E+00
   1.9000E+02   1.6261E+00
   1.9100E+02   1.6906E+00
   1.9200E+02   1.7962E+00
   1.9300E+02   1.9107E+00
   1.9400E+02   1.9634E+00
   1.9500E+02   1.9619E+00
   1.9600E+02   1.9364E+00
   1.9700E+02   1.8956E+00
   1.9800E+02   1.8779E+00
   1.9900E+02   1.8780E+00
   2.0000E+02   1.8853E+00
   2.0100E+02   1.8528E+00
   2.0200E+02   1.7915E+00
   2.0300E+02   1.6833E+00
   2.0400E+02   1.5214E+00
   2.0500E+02   1.4432E+00
   2.0600E+02   1.4284E+00
   2.0700E+02   1.4828E+00
   2.0800E+02   1.5911E+00
   2.0900E+02   1.7014E+00
   2.1000E+02   1.7995E+00
   2.1100E+02   1.8904E+00
   2.1200E+02   1.9644E+00
   2.1300E+02   1.9652E+00
   2.1400E+02   1.8642E+00
   2.1500E+02   1.7566E+00
   2.1600E+02   1.5754E+00
   2.1700E+02   1.4659E+00
   2.1800E+02   1.4395E+00
   2.1900E+02   1.4931E+00
   2.2000E+02   1.5490E+00
   2.2100E+02   1.5924E+00
   2.2200E+02   1.6204E+00
   2.2300E+02   1.6331E+00
   2.2400E+02   1.6442E+00
   2.2500E+02   1.6747E+00
   2.2600E+02   1.7254E+00
   2.2600E+02   1.3424E+00
   2.2600E+02   1.7096E+00
   2.2700E+02   1.7695E+00
   2.2800E+02   1.8236E+00
   2.2900E+02   1.8421E+00
   2.3000E+02   1.8310E+00
   2.3100E+02   1.8052E+00
   2.3200E+02   1.7585E+00
   2.3300E+02   1.7384E+00
   2.3400E+02   1.7010E+00
   2.3500E+02   1.6674E+00
   2.3600E+02   1.6409E+00
   2.3700E+02   1.6274E+00
   2.3800E+02   1.6293E+00
   2.3900E+02   1.6369E+00
   2.4000E+02   1.6519E+00
   2.4100E+02   1.6751E+00
   2.4200E+02   1.6922E+00
   2.4300E+02   1.6922E+00
   2.4400E+02   1.7135E+00
   2.4500E+02   1.7402E+00
   2.4600E+02   1.7579E+00
   2.4700E+02   1.7960E+00
   2.4800E+02   1.8156E+00
   2.4900E+02   1.8279E+00
   2.5000E+02   1.8287E+00
   2.5100E+02   1.8194E+00
   2.5200E+02   1.8002E+00
   2.5300E+02   1.7625E+00
   2.5400E+02   1.7082E+00
   2.5500E+02   1.6513E+00
   2.5600E+02   1.6303E+00
   2.5700E+02   1.6509E+00
   2.5800E+02   1.7252E+00
   2.5900E+02   1.7724E+00
   2.6000E+02   1.8394E+00
   2.6100E+02   1.8807E+00
   2.6200E+02   1.9148E+00
   2.6300E+02   1.9351E+00
   2.6400E+02   1.9372E+00
   2.6500E+02   1.9201E+00
   2.6600E+02   1.8875E+00
   2.6700E+02   1.8540E+00
   2.6800E+02   1.8132E+00
   2.6900E+02   1.7658E+00
   2.7000E+02   1.7522E+00
   2.7100E+02   1.6952E+00
   2.7200E+02   1.5936E+00
   2.7300E+02   1.4738E+00
   2.7400E+02   1.3236E+00
   2.7500E+02   1.2185E+00
   2.7600E+02   1.2286E+00
   2.7700E+02   1.3390E+00
   2.7800E+02   1.5692E+00
   2.7900E+02   1.7558E+00
   2.8000E+02   1.8857E+00
   2.8100E+02   1.9476E+00
   2.8200E+02   1.9423E+00
   2.8300E+02   1.9150E+00
   2.8400E+02   1.8634E+00
   2.8500E+02   1.8124E+00
   2.8600E+02   1.7629E+00
   2.8700E+02   1.7126E+00
   2.8800E+02   1.6753E+00
   2.8900E+02   1.6535E+00
   2.9000E+02   1.6355E+00
   2.9100E+02   1.5802E+00
   2.9200E+02   1.4704E+00
   2.9300E+02   1.3690E+00
   2.9400E+02   1.2558E+00
   2.9500E+02   1.2128E+00
   2.9600E+02   1.2773E+00
   2.9700E+02   1.3689E+00
   2.9800E+02   1.5435E+00
   2.9900E+02   1.6613E+00
   3.0000E+02   1.7250E+00
   3.0100E+02   1.7267E+00
   3.0200E+02   1.6902E+00
   3.0300E+02   1.6487E+00
   3.0400E+02   1.5829E+00
   3.0500E+02   1.5123E+00
   3.0600E+02   1.4645E+00
   3.0700E+02   1.4092E+00
   3.0800E+02   1.3764E+00
   3.0900E+02   1.3588E+00
   3.1000E+02   1.3503E+00
   3.1100E+02   1.3293E+00
   3.1200E+02   1.3020E+00
   3.1300E+02   1.2635E+00
   3.1400E+02   1.2641E+00
   3.1500E+02   1.3095E+00
   3.1600E+02   1.4037E+00
   3.1700E+02   1.5665E+00
   3.1800E+02   1.6697E+00
   3.1900E+02   1.7038E+00
   3.2000E+02   1.6763E+00
   3.2100E+02   1.5894E+00
   3.2200E+02   1.4950E+00
   3.2300E+02   1.4292E+00
   3.2400E+02   1.3938E+00
   3.2500E+02   1.3807E+00
   3.2600E+02   1.3488E+00
   3.2700E+02   1.3251E+00
   3.2800E+02   1.2783E+00
   3.2900E+02   1.2267E+00
   3.3000E+02   1.2010E+00
   3.3100E+02   1.2117E+00
   3.3200E+02   1.2639E+00
   3.3300E+02   1.3175E+00
   3.3400E+02   1.3691E+00
   3.3500E+02   1.4140E+00
   3.3600E+02   1.4560E+00
   3.3700E+02   1.4794E+00
   3.3800E+02   1.4639E+00
   3.3900E+02   1.4090E+00
   3.4000E+02   1.3102E+00
   3.4100E+02   1.2043E+00
   3.4200E+02   1.1541E+00
   3.4300E+02   1.1713E+00
   3.4400E+02   1.2443E+00
   3.4500E+02   1.3325E+00
   3.4600E+02   1.4474E+00
   3.4700E+02   1.5579E+00
   3.4800E+02   1.6688E+00
   3.4900E+02   1.7647E+00
   3.5000E+02   1.8226E+00
   3.5100E+02   1.8279E+00
   3.5200E+02   1.7833E+00
   3.5300E+02   1.7418E+00
   3.5400E+02   1.6318E+00
   3.5500E+02   1.4614E+00
   3.5600E+02   1.3207E+00
   3.5700E+02   1.1758E+00
   3.5800E+02   1.1086E+00
   3.5900E+02   1.1237E+00
   3.6000E+02   1.2100E+00
   3.6100E+02   1.2910E+00
   3.6200E+02   1.3420E+00
   3.6300E+02   1.3601E+00
   3.6400E+02   1.3520E+00
   3.6500E+02   1.4012E+00
   3.6600E+02   1.4849E+00
   3.6700E+02   1.6668E+00
   3.6800E+02   1.8587E+00
   3.6900E+02   1.9508E+00
   3.7000E+02   1.8560E+00
   3.7100E+02   1.6898E+00
   3.7200E+02   1.3710E+00
   3.7300E+02   1.1924E+00
   3.7400E+02   1.1842E+00
   3.7500E+02   1.3363E+00
   3.7600E+02   1.5900E+00
   3.7700E+02   1.7524E+00
   3.7800E+02   1.8052E+00
   3.7900E+02   1.7431E+00
   3.8000E+02   1.6040E+00
   3.8100E+02   1.5296E+00
   3.8200E+02   1.5124E+00
   3.8300E+02   1.5535E+00
   3.8400E+02   1.6186E+00
   3.8500E+02   1.6475E+00
   3.8600E+02   1.6485E+00
   3.8700E+02   1.6216E+00
   3.8800E+02   1.5793E+00
   3.8900E+02   1.5576E+00
   3.9000E+02   1.5559E+00
   3.9100E+02   1.5670E+00
   3.9200E+02   1.5572E+00
   3.9300E+02   1.5036E+00
   3.9400E+02   1.3585E+00
   3.9500E+02   1.2822E+00
   3.9600E+02   1.1706E+00
   3.9700E+02   1.1234E+00
   3.9800E+02   1.1482E+00
   3.9900E+02   1.2298E+00
   4.0000E+02   1.3297E+00
   4.0100E+02   1.4055E+00
   4.0200E+02   1.4634E+00
   4.0300E+02   1.5142E+00
   4.0400E+02   1.5554E+00
   4.0500E+02   1.6057E+00
   4.0600E+02   1.6621E+00
   4.0700E+02   1.7184E+00
   4.0800E+02   1.7433E+00
   4.0900E+02   1.7502E+00
   4.1000E+02   1.7250E+00
   4.1100E+02   1.6858E+00
   4.1200E+02   1.6959E+00
   4.1200E+02   1.3424E+00
   4.1200E+02   1.6911E+00
   4.1300E+02   1.7518E+00
   4.1400E+02   1.8932E+00
   4.1500E+02   2.0282E+00
   4.1600E+02   2.1202E+00
   4.1700E+02   2.1419E+00
   4.1800E+02   2.0868E+00
   4.1900E+02   1.9872E+00
   4.2000E+02   1.9129E+00
   4.2100E+02   1.8763E+00
   4.2200E+02   1.8791E+00
   4.2300E+02   1.8827E+00
   4.2400E+02   1.8397E+00
   4.2500E+02   1.7503E+00
   4.2600E+02   1.6040E+00
   4.2700E+02   1.4492E+00
   4.2800E+02   1.3698E+00
   4.2900E+02   1.3570E+00
   4.3000E+02   1.4190E+00
   4.3100E+02   1.5138E+00
   4.3200E+02   1.6117E+00
   4.3300E+02   1.7245E+00
   4.3400E+02   1.8512E+00
   4.3500E+02   1.9526E+00
   4.3600E+02   2.0108E+00
   4.3700E+02   1.9991E+00
   4.3800E+02   1.9385E+00
   4.3900E+02   1.8572E+00
   4.4000E+02   1.8249E+00
   4.4100E+02   1.8111E+00
   4.4200E+02   1.8215E+00
   4.4300E+02   1.8363E+00
   4.4400E+02   1.8424E+00
   4.4500E+02   1.8412E+00
   4.4600E+02   1.8359E+00
   4.4700E+02   1.8285E+00
   4.4800E+02   1.8257E+00
   4.4900E+02   1.8224E+00
   4.5000E+02   1.8195E+00
   4.5100E+02   1.7994E+00
   4.5200E+02   1.7696E+00
   4.5300E+02   1.7395E+00
   4.5400E+02   1.6874E+00
   4.5500E+02   1.6651E+00
   4.5600E+02   1.6780E+00
   4.5700E+02   1.7064E+00
   4.5700E+02   1.3424E+00
   4.5700E+02   1.7009E+00
   4.5800E+02   1.7554E+00
   4.5900E+02   1.8001E+00
   4.6000E+02   1.8435E+00
   4.6100E+02   1.8658E+00
   4.6200E+02   1.8929E+00
   4.6300E+02   1.9008E+00
   4.6400E+02   1.9121E+00
   4.6500E+02   1.9145E+00
   4.6600E+02   1.9149E+00
   4.6700E+02   1.9238E+00
   4.6800E+02   1.9315E+00
   4.6900E+02   1.9558E+00
   4.7000E+02   1.9620E+00
   4.7100E+02   1.9725E+00
   4.7200E+02   1.9748E+00
   4.7300E+02   1.9729E+00
   4.7400E+02   1.9642E+00
   4.7500E+02   1.9485E+00
   4.7600E+02   1.9258E+00
   4.7700E+02   1.8829E+00
   4.7800E+02   1.8599E+00
   4.7900E+02   1.8609E+00
   4.8000E+02   1.9059E+00
   4.8100E+02   1.9302E+00
   4.8200E+02   1.9541E+00
   4.8300E+02   1.9247E+00
   4.8400E+02   1.8549E+00
   4.8500E+02   1.7625E+00
   4.8600E+02   1.6956E+00
   4.8700E+02   1.6695E+00
   4.8800E+02   1.6909E+00
   4.8900E+02   1.7571E+00
   4.9000E+02   1.7981E+00
   4.9100E+02   1.7993E+00
   4.9200E+02   1.7588E+00
   4.9300E+02   1.6957E+00
   4.9400E+02   1.6477E+00
   4.9500E+02   1.6267E+00
   4.9600E+02   1.6364E+00
   4.9700E+02   1.6720E+00
   4.9800E+02   1.7097E+00
   4.9900E+02   1.7542E+00
   5.0000E+02   1.8154E+00
   5.0100E+02   1.8494E+00
   5.0200E+02   1.8611E+00
   5.0300E+02   1.8432E+00
   5.0400E+02   1.7845E+00
   5.0500E+02   1.7172E+00
   5.0600E+02   1.6783E+00
   5.0700E+02   1.6752E+00
   5.0800E+02   1.7099E+00
   5.0900E+02   1.7405E+00
   5.1000E+02   1.7784E+00
   5.1100E+02   1.8179E+00
   5.1200E+02   1.8546E+00
   5.1300E+02   1.8732E+00
   5.1400E+02   1.8485E+00
   5.1500E+02   1.7771E+00
   5.1600E+02   1.7416E+00
   5.1700E+02   1.6767E+00
   5.1800E+02   1.6787E+00
   5.1900E+02   1.7398E+00
   5.2000E+02   1.8208E+00
   5.2100E+02   1.9136E+00
   5.2200E+02   1.9486E+00
   5.2300E+02   1.9292E+00
   5.2400E+02   1.8557E+00
   5.2500E+02   1.8134E+00
   5.2600E+02   1.7957E+00
   5.2700E+02   1.8195E+00
   5.2800E+02   1.8697E+00
   5.2900E+02   1.8663E+00
   5.3000E+02   1.7890E+00
   5.3100E+02   1.6951E+00
   5.3200E+02   1.5070E+00
   5.3300E+02   1.3441E+00
   5.3400E+02   1.2069E+00
   5.3500E+02   1.1155E+00
   5.3600E+02   1.0559E+00
   5.3700E+02   1.0822E+00
   5.3800E+02   1.1673E+00
   5.3900E+02   1.3398E+00
   5.4000E+02   1.5649E+00
   5.4100E+02   1.7160E+00
   5.4200E+02   1.7775E+00
   5.4300E+02   1.7456E+00
   5.4400E+02   1.6703E+00
   5.4500E+02   1.5997E+00
   5.4600E+02   1.5398E+00
   5.4700E+02   1.4956E+00
   5.4800E+02   1.4582E+00
   5.4900E+02   1.4229E+00
   5.5000E+02   1.4041E+00
   5.5100E+02   1.3737E+00
   5.5200E+02   1.3595E+00
   5.5300E+02   1.3531E+00
   5.5400E+02   1.3656E+00
   5.5500E+02   1.3831E+00
   5.5600E+02   1.4085E+00
   5.5700E+02   1.4626E+00
   5.5800E+02   1.5595E+00
   5.5900E+02   1.6922E+00
   5.6000E+02   1.7631E+00
   5.6100E+02   1.7866E+00
   5.6200E+02   1.7453E+00
   5.6300E+02   1.6264E+00
   5.6400E+02   1.5316E+00
   5.6500E+02   1.4890E+00
   5.6600E+02   1.5110E+00
   5.6700E+02   1.5558E+00
   5.6800E+02   1.6053E+00
   5.6900E+02   1.6148E+00
   5.7000E+02   1.5852E+00
   5.7100E+02   1.5634E+00
   5.7200E+02   1.5500E+00
   5.7300E+02   1.5710E+00
   5.7400E+02   1.6632E+00
   5.7500E+02   1.7164E+00
   5.7600E+02   1.7812E+00
   5.7700E+02   1.7963E+00
   5.7800E+02   1.7682E+00
   5.7900E+02   1.7243E+00
   5.8000E+02   1.7212E+00
   5.8100E+02   1.7556E+00
   5.8200E+02   1.8497E+00
   5.8300E+02   1.9753E+00
   5.8400E+02   2.0570E+00
   5.8500E+02   2.0927E+00
   5.8600E+02   2.0922E+00
   5.8700E+02   2.0552E+00
   5.8800E+02   2.0339E+00
   5.8900E+02   2.0101E+00
   5.9000E+02   2.0018E+00
   5.9100E+02   1.9744E+00
   5.9200E+02   1.8823E+00
   5.9300E+02   1.7522E+00
   5.9400E+02   1.5463E+00
   5.9500E+02   1.3461E+00
   5.9600E+02   1.2788E+00
   5.9700E+02   1.2937E+00
   5.9800E+02   1.3820E+00
   5.9900E+02   1.4862E+00
   6.0000E+02   1.5132E+00
   6.0100E+02   1.4636E+00
   6.0200E+02   1.3437E+00
   6.0300E+02   1.2145E+00
   6.0400E+02   1.1731E+00
   6.0500E+02   1.1898E+00
   6.0600E+02   1.2667E+00
   6.0700E+02   1.3271E+00
   6.0800E+02   1.3317E+00
   6.0900E+02   1.2585E+00
   6.1000E+02   1.1916E+00
   6.1100E+02   1.1747E+00
   6.1200E+02   1.2644E+00
   6.1300E+02   1.4025E+00
   6.1400E+02   1.6464E+00
   6.1500E+02   1.8266E+00
   6.1600E+02   1.8888E+00
   6.1700E+02   1.8439E+00
   6.1800E+02   1.7227E+00
   6.1900E+02   1.5984E+00
   6.2000E+02   1.5025E+00
   6.2100E+02   1.4255E+00
   6.2200E+02   1.3872E+00
   6.2300E+02   1.3469E+00
   6.2300E+02   1.3424E+00
   6.2300E+02   1.3490E+00
   6.2400E+02   1.2921E+00
   6.2500E+02   1.2262E+00
   6.2600E+02   1.1582E+00
   6.2700E+02   1.1298E+00
   6.2800E+02   1.1356E+00
   6.2900E+02   1.1757E+00
   6.3000E+02   1.2090E+00
   6.3100E+02   1.2441E+00
   6.3200E+02   1.2748E+00
   6.3300E+02   1.2852E+00
   6.3400E+02   1.3154E+00
   6.3500E+02   1.3895E+00
   6.3600E+02   1.4836E+00
   6.3700E+02   1.6416E+00
   6.3800E+02   1.7517E+00
   6.3900E+02   1.8496E+00
   6.4000E+02   1.8906E+00
   6.4100E+02   1.8885E+00
   6.4200E+02   1.8616E+00
   6.4300E+02   1.8175E+00
   6.4400E+02   1.7771E+00
   6.4500E+02   1.7407E+00
   6.4600E+02   1.6885E+00
   6.4700E+02   1.6584E+00
   6.4800E+02   1.6428E+00
   6.4900E+02   1.6411E+00
   6.5000E+02   1.6527E+00
   6.5100E+02   1.6876E+00
   6.5200E+02   1.7302E+00
   6.5300E+02   1.7820E+00
   6.5400E+02   1.7989E+00
   6.5500E+02   1.7747E+00
   6.5600E+02   1.7049E+00
   6.5700E+02   1.5768E+00
   6.5800E+02   1.4414E+00
   6.5900E+02   1.3445E+00
   6.6000E+02   1.2052E+00
   6.6100E+02   1.0798E+00
   6.6200E+02   9.8904E-01
   6.6300E+02   9.4796E-01
   6.6300E+02   1.3424E+00
   6.6300E+02   9.4859E-01
   6.6400E+02   9.3676E-01
   6.6500E+02   9.5733E-01
   6.6600E+02   9.8315E-01
   6.6700E+02   1.0052E+00
   6.6800E+02   1.0198E+00
   6.6900E+02   1.0381E+00
   6.7000E+02   1.0597E+00
   6.7100E+02   1.0762E+00
   6.7200E+02   1.1150E+00
   6.7300E+02   1.1451E+00
   6.7400E+02   1.2210E+00
   6.7400E+02   1.3424E+00
   6.7400E+02   1.2113E+00
   6.7500E+02   1.3342E+00
   6.7600E+02   1.4696E+00
   6.7700E+02   1.5849E+00
   6.7800E+02   1.6259E+00
   6.7900E+02   1.5864E+00
   6.8000E+02   1.4523E+00
   6.8100E+02   1.3531E+00
   6.8200E+02   1.3252E+00
   6.8300E+02   1.3656E+00
   6.8400E+02   1.5154E+00
   6.8500E+02   1.6227E+00
   6.8600E+02   1.6897E+00
   6.8700E+02   1.7157E+00
   6.8800E+02   1.6998E+00
   6.8900E+02   1.6971E+00
   6.9000E+02   1.7344E+00
   6.9100E+02   1.8082E+00
   6.9200E+02   1.9018E+00
   6.9300E+02   1.9744E+00
   6.9400E+02   1.9853E+00
   6.9500E+02   1.9494E+00
   6.9600E+02   1.8464E+00
   6.9700E+02   1.7638E+00
   6.9800E+02   1.6703E+00
   6.9900E+02   1.5314E+00
   7.0000E+02   1.4166E+00
   7.0100E+02   1.3431E+00
   7.0200E+02   1.2276E+00
   7.0300E+02   1.1386E+00
   7.0400E+02   1.0483E+00
   7.0500E+02   1.0375E+00
   7.0600E+02   1.0983E+00
   7.0700E+02   1.2489E+00
   7.0800E+02   1.4079E+00
   7.0900E+02   1.5580E+00
   7.1000E+02   1.6225E+00
   7.1100E+02   1.6298E+00
   7.1200E+02   1.6033E+00
   7.1300E+02   1.5476E+00
   7.1400E+02   1.4477E+00
   7.1500E+02   1.3572E+00
   7.1600E+02   1.2540E+00
   7.1700E+02   1.1987E+00
   7.1800E+02   1.1971E+00
   7.1900E+02   1.2496E+00
   7.2000E+02   1.3227E+00
   7.2100E+02   1.3645E+00
   7.2200E+02   1.3970E+00
   7.2300E+02   1.4087E+00
   7.2400E+02   1.3808E+00
   7.2500E+02   1.3507E+00
   7.2500E+02   1.3424E+00
   7.2500E+02   1.3628E+00
   7.2600E+02   1.2987E+00
   7.2700E+02   1.2043E+00
   7.2800E+02   1.1353E+00
   7.2900E+02   1.1238E+00
   7.3000E+02   1.1636E+00
   7.3100E+02   1.2572E+00
   7.3200E+02   1.3250E+00
   7.3300E+02   1.3908E+00
   7.3400E+02   1.4423E+00
   7.3500E+02   1.4599E+00
   7.3600E+02   1.4343E+00
   7.3700E+02   1.3621E+00
   7.3800E+02   1.2293E+00
   7.3900E+02   1.0672E+00
   7.4000E+02   9.4594E-01
   7.4000E+02   1.3424E+00
   7.4000E+02   9.5683E-01
   7.4100E+02   8.9834E-01
   7.4200E+02   9.1911E-01
   7.4200E+02   1.3424E+00
   7.4200E+02   9.1206E-01
   7.4300E+02   9.7753E-01
   7.4400E+02   1.0435E+00
   7.4500E+02   1.0676E+00
   7.4600E+02   1.0737E+00
   7.4700E+02   1.0704E+00
   7.4800E+02   1.0755E+00
   7.4900E+02   1.0976E+00
   7.5000E+02   1.1192E+00
   7.5100E+02   1.1639E+00
   7.5200E+02   1.2036E+00
   7.5300E+02   1.2341E+00
   7.5400E+02   1.2628E+00
   7.5500E+02   1.2927E+00
   7.5600E+02   1.3451E+00
   7.5700E+02   1.4197E+00
   7.5800E+02   1.5146E+00
   7.5900E+02   1.6231E+00
   7.6000E+02   1.6964E+00
   7.6100E+02   1.7478E+00
   7.6200E+02   1.7831E+00
   7.6300E+02   1.8064E+00
   7.6400E+02   1.8216E+00
   7.6500E+02   1.8344E+00
   7.6600E+02   1.8374E+00
   7.6700E+02   1.8281E+00
   7.6800E+02   1.7978E+00
   7.6900E+02   1.7540E+00
   7.7000E+02   1.7052E+00
   7.7100E+02   1.6461E+00
   7.7200E+02   1.5710E+00
   7.7300E+02   1.5003E+00
   7.7400E+02   1.4620E+00
   7.7500E+02   1.4561E+00
   7.7600E+02   1.5206E+00
   7.7700E+02   1.6308E+00
   7.7800E+02   1.8077E+00
   7.7900E+02   1.9426E+00
   7.8000E+02   2.0137E+00
   7.8100E+02   2.0218E+00
   7.8200E+02   1.9605E+00
   7.8300E+02   1.8688E+00
   7.8400E+02   1.7779E+00
   7.8500E+02   1.6952E+00
   7.8600E+02   1.5846E+00
   7.8700E+02   1.5373E+00
   7.8800E+02   1.5680E+00
   7.8900E+02   1.6733E+00
   7.9000E+02   1.7970E+00
   7.9100E+02   1.8921E+00
   7.9200E+02   1.9275E+00
   7.9300E+02   1.8930E+00
   7.9400E+02   1.8555E+00
   7.9500E+02   1.8251E+00
   7.9600E+02   1.8310E+00
   7.9700E+02   1.8656E+00
   7.9800E+02   1.8799E+00
   7.9900E+02   1.8920E+00
   8.0000E+02   1.8820E+00
   8.0100E+02   1.8600E+00
   8.0200E+02   1.8311E+00
   8.0300E+02   1.8380E+00
   8.0400E+02   1.8519E+00
   8.0500E+02   1.9021E+00
   8.0600E+02   1.9391E+00
   8.0700E+02   1.9543E+00
   8.0800E+02   1.9478E+00
   8.0900E+02   1.9197E+00
   8.1000E+02   1.8512E+00
   8.1100E+02   1.7770E+00
   8.1200E+02   1.7163E+00
   8.1300E+02   1.5935E+00
   8.1400E+02   1.5403E+00
   8.1500E+02   1.5527E+00
   8.1600E+02   1.6204E+00
   8.1700E+02   1.7336E+00
   8.1800E+02   1.8219E+00
   8.1900E+02   1.8355E+00
   8.2000E+02   1.7629E+00
   8.2100E+02   1.6775E+00
   8.2200E+02   1.6277E+00
   8.2300E+02   1.6872E+00
   8.2400E+02   1.7748E+00
   8.2500E+02   1.9536E+00
   8.2600E+02   2.0187E+00
   8.2700E+02   1.9479E+00
   8.2800E+02   1.7844E+00
   8.2900E+02   1.5239E+00
   8.3000E+02   1.3183E+00
   8.3100E+02   1.1555E+00
   8.3200E+02   1.0436E+00
   8.3300E+02   9.7733E-01
   8.3400E+02   9.6730E-01
   8.3500E+02   9.9360E-01
   8.3600E+02   1.0534E+00
   8.3700E+02   1.1120E+00
   8.3800E+02   1.1783E+00
   8.3900E+02   1.2118E+00
   8.4000E+02   1.2322E+00
   8.4100E+02   1.2489E+00
   8.4200E+02   1.2901E+00
   8.4200E+02   1.3424E+00
   8.4200E+02   1.2808E+00
   8.4300E+02   1.3325E+00
   8.4400E+02   1.4013E+00
   8.4500E+02   1.4713E+00
   8.4600E+02   1.4956E+00
   8.4700E+02   1.4874E+00
   8.4800E+02   1.4491E+00
   8.4900E+02   1.4175E+00
   8.5000E+02   1.4054E+00
   8.5100E+02   1.4147E+00
   8.5200E+02   1.4329E+00
   8.5300E+02   1.4573E+00
   8.5400E+02   1.5237E+00
   8.5500E+02   1.5658E+00
   8.5600E+02   1.6211E+00
   8.5700E+02   1.6498E+00
   8.5800E+02   1.6222E+00
   8.5900E+02   1.5183E+00
   8.6000E+02   1.4171E+00
   8.6100E+02   1.3431E+00
   8.6200E+02   1.3535E+00
   8.6300E+02   1.4558E+00
   8.6400E+02   1.6046E+00
   8.6500E+02   1.6989E+00
   8.6600E+02   1.7093E+00
   8.6700E+02   1.6247E+00
   8.6800E+02   1.5063E+00
   8.6900E+02   1.4498E+00
   8.7000E+02   1.4765E+00
   8.7100E+02   1.6006E+00
   8.7200E+02   1.7400E+00
   8.7300E+02   1.7848E+00
   8.7400E+02   1.7070E+00
   8.7500E+02   1.5026E+00
   8.7600E+02   1.2261E+00
   8.7700E+02   1.0446E+00
   8.7800E+02   9.6301E-01
   8.7900E+02   9.8410E-01
   8.8000E+02   1.0468E+00
   8.8100E+02   1.1089E+00
   8.8200E+02   1.1995E+00
   8.8300E+02   1.2896E+00
   8.8300E+02   1.3424E+00
   8.8300E+02   1.2665E+00
   8.8300E+02   1.3424E+00
   8.8300E+02   1.3424E+00
   8.8300E+02   1.3424E+00
   8.8300E+02   1.2665E+00
   8.8300E+02   1.3424E+00
   8.8300E+02   1.2665E+00
   8.8300E+02   1.3424E+00
   8.8300E+02   1.2665E+00
   8.8400E+02   1.3431E+00
   8.8400E+02   1.3424E+00
   8.8400E+02   1.3431E+00
   8.8500E+02   1.3995E+00
   8.8500E+02   1.3424E+00
   8.8500E+02   1.3995E+00
   8.8600E+02   1.4371E+00
   8.8700E+02   1.4518E+00
   8.8800E+02   1.4621E+00
   8.8900E+02   1.4793E+00
   8.9000E+02   1.4904E+00
   8.9100E+02   1.5102E+00
   8.9200E+02   1.5085E+00
   8.9300E+02   1.4899E+00
   8.9400E+02   1.4295E+00
   8.9500E+02   1.3720E+00
   8.9600E+02   1.3387E+00
   8.9700E+02   1.3730E+00
   8.9800E+02   1.4723E+00
   8.9900E+02   1.6276E+00
   9.0000E+02   1.7216E+00
   9.0100E+02   1.7155E+00
   9.0200E+02   1.6122E+00
   9.0300E+02   1.3986E+00
   9.0400E+02   1.2698E+00
   9.0500E+02   1.1852E+00
   9.0600E+02   1.1785E+00
   9.0700E+02   1.2307E+00
   9.0800E+02   1.2999E+00
   9.0900E+02   1.3835E+00
   9.1000E+02   1.4885E+00
   9.1100E+02   1.5857E+00
   9.1200E+02   1.6457E+00
   9.1300E+02   1.7307E+00
   9.1400E+02   1.7749E+00
   9.1500E+02   1.8095E+00
   9.1600E+02   1.7918E+00
   9.1700E+02   1.7222E+00
   9.1800E+02   1.5964E+00
   9.1900E+02   1.4379E+00
   9.2000E+02   1.3247E+00
   9.2100E+02   1.2367E+00
   9.2200E+02   1.1861E+00
   9.2300E+02   1.1685E+00
   9.2400E+02   1.1547E+00
   9.2500E+02   1.1555E+00
   9.2600E+02   1.1643E+00
   9.2700E+02   1.1785E+00
   9.2800E+02   1.2038E+00
   9.2900E+02   1.2374E+00
   9.3000E+02   1.2747E+00
   9.3100E+02   1.2860E+00
   9.3200E+02   1.3029E+00
   9.3300E+02   1.3053E+00
   9.3400E+02   1.2882E+00
   9.3500E+02   1.2595E+00
   9.3600E+02   1.1938E+00
   9.3700E+02   1.1182E+00
   9.3800E+02   1.0288E+00
   9.3900E+02   9.7364E-01
   9.4000E+02   9.8250E-01
   9.4100E+02   1.0443E+00
   9.4200E+02   1.1629E+00
   9.4300E+02   1.2334E+00
   9.4400E+02   1.2486E+00
   9.4500E+02   1.1970E+00
   9.4600E+02   1.1085E+00
   9.4700E+02   1.0432E+00
   9.4800E+02   1.0294E+00
   9.4900E+02   1.0828E+00
   9.5000E+02   1.1396E+00
   9.5100E+02   1.1935E+00
   9.5200E+02   1.2072E+00
   9.5300E+02   1.1995E+00
   9.5400E+02   1.1707E+00
   9.5500E+02   1.1466E+00
   9.5600E+02   1.1065E+00
   9.5700E+02   1.0637E+00
   9.5800E+02   1.0448E+00
   9.5900E+02   1.0179E+00
   9.6000E+02   9.9942E-01
   9.6100E+02   9.9504E-01
   9.6200E+02   9.8711E-01
   9.6300E+02   9.6663E-01
   9.6400E+02   9.5203E-01
   9.6400E+02   1.3424E+00
   9.6400E+02   9.5670E-01
   9.6400E+02   1.3424E+00
   9.6400E+02   9.5670E-01
   9.6400E+02   1.3424E+00
   9.6400E+02   1.3424E+00
   9.6400E+02   9.5670E-01
   9.6400E+02   1.3424E+00
   9.6400E+02   9.5670E-01
   9.6400E+02   1.3424E+00
   9.6400E+02   9.5670E-01
   9.6400E+02   1.3424E+00
   9.6400E+02   9.5670E-01
   9.6400E+02   1.3424E+00
   9.6400E+02   9.5670E-01
