6.404999999999999583e-01 1.633343342099756116e-10
1.665499999999999980e+00 1.434329648918701894e-10
2.690500000000000114e+00 1.389169364700086112e-10
3.715500000000000025e+00 1.381071629271255422e-10
4.740249999999999631e+00 1.427540734766833430e-10
5.765249999999999986e+00 1.518194690930133024e-10
6.790250000000000341e+00 1.516766228137552530e-10
7.815249999999999808e+00 1.507025296909164489e-10
8.839999999999999858e+00 1.241791933180867443e-10
9.737000000000000099e+00 1.517130693402436776e-10
1.063375000000000092e+01 1.479627733012642102e-10
1.165874999999999950e+01 1.294163080922342753e-10
1.268374999999999808e+01 1.275248499144919726e-10
1.370850000000000080e+01 1.416132101480884335e-10
1.473350000000000115e+01 1.787070671975647118e-10
1.575850000000000151e+01 1.633991558603089725e-10
1.678325000000000244e+01 1.519494405935547343e-10
1.780825000000000102e+01 1.528156851596410557e-10
1.870499999999999829e+01 1.825522714909050216e-10
1.960200000000000031e+01 1.685203728279256033e-10
2.062699999999999889e+01 1.424843273035305448e-10
2.165174999999999983e+01 1.467117759894462296e-10
2.267674999999999841e+01 1.582440327157888933e-10
2.370175000000000054e+01 1.564095783497281968e-10
2.472675000000000267e+01 1.497437593437635672e-10
2.575150000000000006e+01 1.292601527155230804e-10
2.677649999999999864e+01 1.293554613423994366e-10
2.767333333333333556e+01 1.339542970096365563e-10
2.857024999999999793e+01 1.376666511320280685e-10
2.959499999999999886e+01 1.620528704405200382e-10
3.062000000000000099e+01 1.618843375705580416e-10
3.164500000000000313e+01 1.572054611342134950e-10
3.267000000000000171e+01 1.546996476610385974e-10
3.366940000000000310e+01 1.872362003467092074e-10
3.471974999999999767e+01 1.859363747193656528e-10
3.574474999999999625e+01 1.721289100921255430e-10
3.664166666666667282e+01 1.538483949137144653e-10
3.753849999999999909e+01 1.411456236209193127e-10
3.856325000000000358e+01 1.576443719381932987e-10
3.958825000000000216e+01 1.577433033092728692e-10
4.061325000000000074e+01 1.674250599017013217e-10
4.163824999999999932e+01 1.723144098744151617e-10
4.266299999999999670e+01 1.664270623248055322e-10
4.368800000000000239e+01 1.662172684549964816e-10
4.471300000000000097e+01 1.601929238920897907e-10
4.560999999999999233e+01 1.600808797705493994e-10
4.650649999999999551e+01 1.628422354839801785e-10
4.753149999999999409e+01 1.573512707694393744e-10
4.855649999999999977e+01 1.471768170985860418e-10
4.958150000000000546e+01 1.425472328958935171e-10
5.060625000000000284e+01 1.509221002772719798e-10
5.163125000000000142e+01 1.744365190638887238e-10
5.265625000000000000e+01 1.843555816227368484e-10
5.368124999999999858e+01 1.704126460024865035e-10
5.457800000000000296e+01 1.723139394444741831e-10
5.547475000000000733e+01 1.721731401843369038e-10
5.649975000000000591e+01 1.721907276981255106e-10
5.752474999999999739e+01 1.774576614690122482e-10
5.854974999999999596e+01 1.737893462430788351e-10
5.957450000000000045e+01 1.829144245368906105e-10
6.059950000000000614e+01 1.871172341104914148e-10
6.162449999999999761e+01 1.659633835810041491e-10
6.264949999999999619e+01 1.429046865694515769e-10
6.354599999999999937e+01 1.439729502913975366e-10
6.444299999999999784e+01 1.605644616812817424e-10
6.546800000000000352e+01 1.596031450796896202e-10
6.649299999999999500e+01 1.534264856155510674e-10
6.751800000000000068e+01 1.773354022238540732e-10
6.854275000000001228e+01 1.573669665196294470e-10
6.956774999999998954e+01 1.312242512494081299e-10
7.059274999999999523e+01 1.471470347866385108e-10
7.161775000000000091e+01 1.799199413863055945e-10
7.251433333333334019e+01 1.746376298530656776e-10
7.341124999999999545e+01 1.673880050614353327e-10
7.443625000000000114e+01 1.858943251711076601e-10
7.546099999999999852e+01 1.824060803261457921e-10
7.648600000000000421e+01 1.867718272134667975e-10
7.743420000000000414e+01 1.817129789745558008e-10
7.853600000000000136e+01 1.881220676431338858e-10
7.963779999999999859e+01 1.665091370817618289e-10
8.066259999999999764e+01 1.694401521105378730e-10
8.148266666666667390e+01 1.455638838512996855e-10
8.237950000000000728e+01 1.591726108819745288e-10
8.343019999999999925e+01 1.438371976963724888e-10
8.442924999999999613e+01 1.457991531180150718e-10
8.545425000000000182e+01 1.559749268685151305e-10
8.647925000000000750e+01 1.394463107405063239e-10
8.750425000000001319e+01 1.571149533208007496e-10
8.852899999999999636e+01 1.756341242396918364e-10
8.955400000000000205e+01 1.626386423870266398e-10
9.057899999999997931e+01 1.725557196893621511e-10
9.147599999999999909e+01 1.764913862958747129e-10
9.237275000000001057e+01 1.765659676779506601e-10
9.339749999999999375e+01 1.595831377907696483e-10
9.442249999999999943e+01 1.488010710751213350e-10
9.544749999999999091e+01 1.676583161887294798e-10
9.654939999999999145e+01 1.474951769538283896e-10
9.742040000000000077e+01 1.680793499491575011e-10
9.852224999999999966e+01 1.561119840315461863e-10
9.954725000000000534e+01 1.643272332650810279e-10
1.004440000000000026e+02 1.450498680268245955e-10
1.013410000000000082e+02 1.320413800172230754e-10
1.023657499999999914e+02 1.387765172183414672e-10
1.033907499999999970e+02 1.658415205420897298e-10
1.044157500000000027e+02 1.795232757810506638e-10
1.054405000000000001e+02 1.739997399857167092e-10
1.064654999999999916e+02 1.654753996465037585e-10
1.074904999999999973e+02 1.622767330232896856e-10
1.085155000000000030e+02 1.724631670255178151e-10
1.094119999999999919e+02 1.630328103115232351e-10
1.103089999999999975e+02 1.742268882597388117e-10
1.113340000000000032e+02 1.559076566652644782e-10
1.123589999999999947e+02 1.695332494813546900e-10
1.133840000000000146e+02 1.800735612417850600e-10
1.144087499999999977e+02 1.677937345437818850e-10
1.154337500000000034e+02 1.516386834021052152e-10
1.164587500000000091e+02 1.637099915444508453e-10
1.174837500000000006e+02 1.522488544445085487e-10
1.183803333333333256e+02 1.355003752709453755e-10
1.192772500000000093e+02 1.365366209575210271e-10
1.203022500000000150e+02 1.430911388951555152e-10
1.213272499999999923e+02 1.340306458476086187e-10
1.223520000000000039e+02 1.490638587221081675e-10
1.233769999999999811e+02 1.645421158535994632e-10
1.244020000000000010e+02 1.884973965053965406e-10
1.254270000000000209e+02 1.809640071342446222e-10
1.264519999999999982e+02 1.670786739853380201e-10
1.273486666666666594e+02 1.645710111195246538e-10
1.282454999999999927e+02 1.557286632618206279e-10
1.292704999999999984e+02 1.516954556246461863e-10
1.302955000000000041e+02 1.601804709812777525e-10
1.313202500000000157e+02 1.582565377216046970e-10
1.323452499999999930e+02 1.400447118610813440e-10
1.333702499999999986e+02 1.426337549713058080e-10
1.343950000000000102e+02 1.418216078515195602e-10
1.354199999999999875e+02 1.417853512836719691e-10
1.363170000000000073e+02 1.266194927841616522e-10
1.372137500000000045e+02 1.151272472135956777e-10
1.382387499999999818e+02 1.262825200717975289e-10
1.392634999999999934e+02 1.249813274599962643e-10
1.402884999999999991e+02 1.351564034375625171e-10
1.413135000000000048e+02 1.346216338210133626e-10
1.423385000000000105e+02 1.409947919795458102e-10
1.433632499999999936e+02 1.777700295699949164e-10
1.443882499999999993e+02 1.696553908086669664e-10
1.452849999999999966e+02 1.378246017608201856e-10
1.461819999999999879e+02 1.066388739690493982e-10
1.472070000000000221e+02 1.103555618427334536e-10
1.481547999999999945e+02 1.330224107572668985e-10
1.492567499999999825e+02 1.453585611890444185e-10
1.502817499999999882e+02 1.655680713070696135e-10
1.513067499999999939e+02 1.762784262546235830e-10
1.523315000000000055e+02 1.695351177561115636e-10
1.533565000000000111e+02 1.523449626517124653e-10
1.542533333333333303e+02 1.481648151703029458e-10
1.551502499999999998e+02 1.716143141156228261e-10
1.561749999999999829e+02 1.700551205911025477e-10
1.571999999999999886e+02 1.576184457374779108e-10
1.582249999999999943e+02 1.710753326634120722e-10
1.592500000000000000e+02 1.462016780316671581e-10
1.602750000000000057e+02 1.549553995490465992e-10
1.612997499999999889e+02 1.414935202794777658e-10
1.623247499999999945e+02 1.283997227926734534e-10
1.632216666666666640e+02 1.492415688566877931e-10
1.641182499999999891e+02 1.666526127025891660e-10
1.651432499999999948e+02 1.524583769579394131e-10
1.661682500000000005e+02 1.439782599676823189e-10
1.671932500000000061e+02 1.344583775712758566e-10
1.682179999999999893e+02 1.208918898422716250e-10
1.692429999999999950e+02 1.152034609544028333e-10
1.702679999999999723e+02 1.190337441752128718e-10
1.712929999999999779e+02 1.235034558837694318e-10
1.723180000000000121e+02 1.304753773386694418e-10
1.731504999999999939e+02 1.606087696345596987e-10
1.741115000000000066e+02 1.709430880881810775e-10
1.751364999999999839e+02 1.612228497344036441e-10
1.761614999999999895e+02 1.558485380459283306e-10
1.771862500000000011e+02 1.413453009233575061e-10
1.782112500000000068e+02 1.390285329071803930e-10
1.792362500000000125e+02 1.388166933399046074e-10
1.802612499999999898e+02 1.289406701037526520e-10
1.812091999999999814e+02 1.391721352003805168e-10
1.821829999999999927e+02 1.518552645018502571e-10
1.830797499999999900e+02 1.450274093924994101e-10
1.841047500000000241e+02 1.362428673505108248e-10
1.851297500000000014e+02 1.580327083694918169e-10
1.861545000000000130e+02 1.626429406416531107e-10
1.871794999999999902e+02 1.170904542628530508e-10
1.882044999999999959e+02 1.195844818064129096e-10
1.892295000000000300e+02 1.464416614990339628e-10
1.902542499999999848e+02 1.410154219361518431e-10
1.911510000000000389e+02 1.433664821935896185e-10
1.920480000000000018e+02 1.410560346053336934e-10
1.930730000000000075e+02 1.348995548957288455e-10
1.940977499999999907e+02 1.292185275225363295e-10
1.951227499999999964e+02 1.156504172160346937e-10
1.961477500000000020e+02 1.018128623770369425e-10
1.971727500000000077e+02 9.975979000529866835e-11
1.981974999999999909e+02 1.038281911305332505e-10
1.992224999999999966e+02 1.083740938856105447e-10
2.001193333333333157e+02 1.142640648103628885e-10
2.010162500000000136e+02 1.104701268198243815e-10
2.020409999999999968e+02 1.087039173179469561e-10
2.030659999999999741e+02 1.114267692028532102e-10
2.040909999999999798e+02 1.144114698009529743e-10
2.051160000000000139e+02 1.190584303719613680e-10
2.061409999999999911e+02 1.285157870662154109e-10
2.071657500000000027e+02 1.341763128308956481e-10
2.081907499999999800e+02 1.319868707105216156e-10
2.090876666666666495e+02 1.322855666699858737e-10
2.099844999999999970e+02 1.349015112206730924e-10
2.110092500000000086e+02 1.382817861161675100e-10
2.120342500000000143e+02 1.591767674116812134e-10
2.130592499999999916e+02 1.622808505513466329e-10
2.140842499999999973e+02 1.483531544074877895e-10
2.151089999999999804e+02 1.474944004284815538e-10
2.161340000000000146e+02 1.475938158488143223e-10
2.171590000000000202e+02 1.570210655933350300e-10
2.180560000000000116e+02 1.729064968609190549e-10
2.189527500000000089e+02 1.591268846769204190e-10
2.199774999999999920e+02 1.556577861866313948e-10
2.209767999999999972e+02 1.758051569367852557e-10
2.220275000000000318e+02 1.433289840172141384e-10
2.230522499999999866e+02 1.425144891000329750e-10
2.240772500000000207e+02 1.644937803819957323e-10
2.251022499999999980e+02 1.529552013988319014e-10
2.261272500000000036e+02 1.498075728950480595e-10
2.270240000000000009e+02 1.429218477055612253e-10
2.279207499999999982e+02 1.740249623810075767e-10
2.289457500000000039e+02 1.885840063329340529e-10
2.299707500000000095e+02 1.594537439433449189e-10
2.309957499999999868e+02 1.513660927906607008e-10
2.320204999999999984e+02 1.574324394298397123e-10
2.330455000000000041e+02 1.805853558841091798e-10
2.340705000000000098e+02 1.749952405801545305e-10
2.350955000000000155e+02 1.443070273779152084e-10
2.359919999999999618e+02 1.473394361874447258e-10
2.368889999999999816e+02 1.584360689649498469e-10
2.379140000000000157e+02 1.552159989227414136e-10
2.389389999999999930e+02 1.704546640846449212e-10
2.399639999999999986e+02 1.630421045892434144e-10
2.409887499999999818e+02 1.599064347685667138e-10
2.420137499999999875e+02 1.934772531696964366e-10
2.430387499999999932e+02 1.876983700568379173e-10
2.440637499999999989e+02 1.798534313417148521e-10
2.449603333333333239e+02 1.678622676441907344e-10
2.458572499999999934e+02 1.569937805233103635e-10
2.468822499999999991e+02 1.478732727366594504e-10
2.479072500000000048e+02 1.529489903849351908e-10
2.489320000000000164e+02 1.463226876234789326e-10
2.499570000000000221e+02 1.195234995203855030e-10
2.509819999999999993e+02 1.237280383927318748e-10
2.520069999999999766e+02 1.288615938636440944e-10
2.530317499999999882e+02 1.318015153119397113e-10
2.540567500000000223e+02 1.258891630624124890e-10
2.549536666666666633e+02 1.226011815422531827e-10
2.558505000000000109e+02 1.175905993299627030e-10
2.568752499999999941e+02 1.286334540886751475e-10
2.579258000000000379e+02 1.448753401820466779e-10
2.589252500000000055e+02 1.519101443563495382e-10
2.599502499999999827e+02 1.591979924410827988e-10
2.609749999999999659e+02 1.506541200376483677e-10
2.620000000000000000e+02 1.354284410477321368e-10
2.630249999999999773e+02 1.426540583883620438e-10
2.639219999999999686e+02 1.603048572190924958e-10
2.648187500000000227e+02 1.974469738138813106e-10
2.658435000000000059e+02 1.868118808425471713e-10
2.668684999999999832e+02 1.642442465563463270e-10
2.678935000000000173e+02 1.725248200746942085e-10
2.689184999999999945e+02 1.587851116036546235e-10
2.699432500000000346e+02 1.519582959094960590e-10
2.709682500000000118e+02 1.514707116177931770e-10
2.719932499999999891e+02 1.415642481971330600e-10
2.728900000000000432e+02 1.685688672249277708e-10
2.737870000000000346e+02 1.775689018049259832e-10
2.748117500000000746e+02 1.730524656315496132e-10
2.758367499999999950e+02 1.690909434476941513e-10
2.768617500000000291e+02 1.635756049089981206e-10
2.778867500000000064e+02 1.558824105747833969e-10
2.789114999999999895e+02 1.636894755829122580e-10
2.799365000000000236e+02 1.611048816898328147e-10
2.809615000000000009e+02 1.717769440704114171e-10
2.818580000000000041e+02 1.729489019173372119e-10
2.827293999999999983e+02 1.591234825217687759e-10
2.837799999999999727e+02 1.273208901181226479e-10
2.848050000000000068e+02 1.266223471104254992e-10
2.858299999999999841e+02 1.182083200586175443e-10
2.868547500000000241e+02 1.159970690584142230e-10
2.878797500000000582e+02 1.205296019369139971e-10
2.889047500000000355e+02 1.310065134116628642e-10
2.898528000000000020e+02 1.464235720875598764e-10
2.908263333333333662e+02 1.407263036716242125e-10
2.917487999999999602e+02 1.427666702931959440e-10
2.927482499999999845e+02 1.408131508459540182e-10
2.937732499999999618e+02 1.405738574981598910e-10
2.947980000000000018e+02 1.114168523571600644e-10
2.958229999999999791e+02 1.342411072115108508e-10
2.968480000000000132e+02 1.788635619833520770e-10
2.978729999999999905e+02 1.869274420390968251e-10
2.988979999999999677e+02 1.715993814793868165e-10
2.998587499999999864e+02 1.501800966885092588e-10
3.006915000000000191e+02 1.859182263635111502e-10
3.017164999999999964e+02 1.745732281179217568e-10
3.027414999999999736e+02 1.623780752738932715e-10
3.037662500000000136e+02 1.692151446628493704e-10
3.047912499999999909e+02 1.686606515819522022e-10
3.058162500000000250e+02 1.520263776510959999e-10
3.068412500000000591e+02 1.575601334437399175e-10
3.078659999999999854e+02 1.714127742106220440e-10
3.087629999999999768e+02 1.799579049102785532e-10
3.096597500000000309e+02 1.819093891192728766e-10
3.106847500000000082e+02 1.626622595276202838e-10
3.117094999999999914e+02 1.457043047139755446e-10
3.127345000000000255e+02 1.696504503124925163e-10
3.137595000000000027e+02 1.789677706328455868e-10
3.147844999999999800e+02 1.605041308713157722e-10
3.158092500000000200e+02 1.447253686067167026e-10
3.169112000000000080e+02 1.444386802248793196e-10
3.177309999999999945e+02 1.548161456480501071e-10
3.186279999999999859e+02 1.524093123613076938e-10
3.197298000000000116e+02 1.560110486066126148e-10
3.206777500000000600e+02 1.774909136957390052e-10
3.217027500000000373e+02 1.850122440673133143e-10
3.227277500000000146e+02 1.809912052414390065e-10
3.237527499999999918e+02 1.779315407816977862e-10
3.247774999999999750e+02 1.787129910812622206e-10
3.258025000000000091e+02 1.651986463876413039e-10
3.267506000000000199e+02 1.670211043173165896e-10
3.275194000000000187e+02 1.775808584071491413e-10
3.286209999999999809e+02 1.623792409624066126e-10
3.296459999999999582e+02 1.682111104279024576e-10
3.307477999999999838e+02 1.359734040227672906e-10
3.317727999999999611e+02 1.444652761042175257e-10
3.326442000000000121e+02 1.685175239366839468e-10
3.337457500000000437e+02 1.859704202191424672e-10
3.347707500000000209e+02 1.836869066908133990e-10
3.358726000000000340e+02 1.678357673307640440e-10
