6.404999999999999583e-01 1.536706019715781480e-10
1.665499999999999980e+00 1.654172875201516679e-10
2.690500000000000114e+00 2.014306119176721746e-10
3.715500000000000025e+00 1.962555762464319241e-10
4.740249999999999631e+00 2.063537445568386335e-10
5.765249999999999986e+00 2.244310442692257592e-10
6.790250000000000341e+00 2.200381356279609471e-10
7.815249999999999808e+00 2.200381356279609471e-10
8.839999999999999858e+00 1.100190678140134962e-10
9.737000000000000099e+00 1.072002786196807865e-10
1.063375000000000092e+01 1.579594025709081361e-10
1.165874999999999950e+01 1.914682709567310636e-10
1.268374999999999808e+01 1.980570560161917171e-10
1.370850000000000080e+01 2.108968843151098283e-10
1.473350000000000115e+01 1.528361018542758477e-10
1.575850000000000151e+01 1.193810871884105661e-10
1.678325000000000244e+01 1.828267044541462875e-10
1.780825000000000102e+01 1.935175566071350654e-10
1.870499999999999829e+01 1.513251893459241315e-10
1.960200000000000031e+01 1.027115668464274503e-10
2.062699999999999889e+01 1.786802844191800111e-10
2.165174999999999983e+01 2.035336142729313445e-10
2.267674999999999841e+01 1.864893875835429726e-10
2.370175000000000054e+01 1.765402415490858724e-10
2.472675000000000267e+01 1.822558492471833586e-10
2.575150000000000006e+01 1.829773345306080289e-10
2.677649999999999864e+01 2.000336680517373336e-10
2.767333333333333556e+01 1.978813603082004677e-10
2.857024999999999793e+01 2.041633378427918919e-10
2.959499999999999886e+01 1.925722348043722162e-10
3.062000000000000099e+01 1.510684959280047191e-10
3.164500000000000313e+01 1.822027486216455250e-10
3.267000000000000171e+01 1.824604223798907424e-10
3.366940000000000310e+01 1.151043710175870149e-10
3.471974999999999767e+01 5.080297476993093128e-11
3.574474999999999625e+01 1.038538640966543645e-10
3.664166666666667282e+01 1.544194855905253007e-10
3.753849999999999909e+01 1.932610918030838103e-10
3.856325000000000358e+01 1.925672007699221103e-10
3.958825000000000216e+01 1.792505310893619801e-10
4.061325000000000074e+01 1.661808763010129409e-10
4.163824999999999932e+01 1.321736393287311733e-10
4.266299999999999670e+01 1.475317656757120142e-10
4.368800000000000239e+01 1.496474434513345048e-10
4.471300000000000097e+01 1.582648448368348276e-10
4.560999999999999233e+01 1.797506478934693853e-10
4.650649999999999551e+01 1.687598036379838982e-10
4.753149999999999409e+01 1.665052660884991970e-10
4.855649999999999977e+01 1.851659434657263203e-10
4.958150000000000546e+01 1.954833118594873776e-10
5.060625000000000284e+01 2.009754579671801249e-10
5.163125000000000142e+01 1.599733101017527560e-10
5.265625000000000000e+01 8.723482440535136600e-11
5.368124999999999858e+01 1.080878130297870931e-10
5.457800000000000296e+01 1.475091591863932108e-10
5.547475000000000733e+01 1.252596703581963656e-10
5.649975000000000591e+01 1.400664597183374398e-10
5.752474999999999739e+01 1.197753396925441497e-10
5.854974999999999596e+01 1.185694089010604346e-10
5.957450000000000045e+01 1.142093129657578341e-10
6.059950000000000614e+01 7.043866810329254851e-11
6.162449999999999761e+01 1.053242101560047820e-10
6.264949999999999619e+01 1.765196471306026273e-10
6.354599999999999937e+01 2.064823502874028894e-10
6.444299999999999784e+01 1.914441593997069491e-10
6.546800000000000352e+01 1.550730418025312555e-10
6.649299999999999500e+01 1.887804373358189466e-10
6.751800000000000068e+01 1.571756300838293699e-10
6.854275000000001228e+01 1.168666992184044976e-10
6.956774999999998954e+01 1.915693553115419258e-10
7.059274999999999523e+01 2.096552511777170225e-10
7.161775000000000091e+01 1.530707957074996443e-10
7.251433333333334019e+01 8.688380106140920850e-11
7.341124999999999545e+01 1.523134222901446244e-10
7.443625000000000114e+01 1.129952316409832688e-10
7.546099999999999852e+01 7.099410547501768514e-11
7.648600000000000421e+01 9.098173849713814649e-11
7.743420000000000414e+01 8.951603262163418078e-11
7.853600000000000136e+01 6.974171611384959000e-11
7.963779999999999859e+01 1.363113654483068425e-10
8.066259999999999764e+01 1.201492992814327027e-10
8.148266666666667390e+01 1.836026852463920922e-10
8.237950000000000728e+01 1.891812972838946728e-10
8.343019999999999925e+01 1.737465726903980067e-10
8.442924999999999613e+01 2.110176757496063941e-10
8.545425000000000182e+01 1.676824567146727584e-10
8.647925000000000750e+01 1.924014461293314437e-10
8.750425000000001319e+01 2.053108910925807590e-10
8.852899999999999636e+01 1.378156982455034901e-10
8.955400000000000205e+01 1.359055410349903380e-10
9.057899999999997931e+01 1.635552227582383621e-10
9.147599999999999909e+01 1.065554264406291484e-10
9.237275000000001057e+01 1.120658242415739106e-10
9.339749999999999375e+01 1.393496529029839302e-10
9.442249999999999943e+01 1.938146462907543028e-10
9.544749999999999091e+01 1.643730865792116732e-10
9.654939999999999145e+01 1.759881544536437989e-10
9.742040000000000077e+01 1.377863802937721614e-10
9.852224999999999966e+01 1.610653870476305578e-10
9.954725000000000534e+01 1.770811364943365311e-10
1.004440000000000026e+02 1.539770996842692192e-10
1.013410000000000082e+02 2.057875117147918530e-10
1.023657499999999914e+02 2.096780504895712064e-10
1.033907499999999970e+02 1.890062247166016541e-10
1.044157500000000027e+02 1.132364984720920307e-10
1.054405000000000001e+02 1.117305497390776428e-10
1.064654999999999916e+02 1.391938121304669229e-10
1.074904999999999973e+02 1.764796380577768907e-10
1.085155000000000030e+02 1.364970863565411636e-10
1.094119999999999919e+02 1.591645010364728262e-10
1.103089999999999975e+02 1.385782306347185612e-10
1.113340000000000032e+02 1.565822174743013799e-10
1.123589999999999947e+02 1.788694219032226222e-10
1.133840000000000146e+02 1.167675294941182416e-10
1.144087499999999977e+02 9.812538465461470929e-11
1.154337500000000034e+02 1.852643024289588088e-10
1.164587500000000091e+02 1.737883266513535035e-10
1.174837500000000006e+02 1.611745481927992694e-10
1.183803333333333256e+02 1.854134935046762844e-10
1.192772500000000093e+02 2.036653404175692044e-10
1.203022500000000150e+02 1.969384397112001496e-10
1.213272499999999923e+02 1.903604779302037217e-10
1.223520000000000039e+02 2.136321146001761273e-10
1.233769999999999811e+02 1.581697385955898148e-10
1.244020000000000010e+02 1.318991357074612144e-10
1.254270000000000209e+02 5.412610907480167875e-11
1.264519999999999982e+02 1.374336507840497976e-10
1.273486666666666594e+02 1.464824434423569751e-10
1.282454999999999927e+02 1.627862330229884907e-10
1.292704999999999984e+02 1.929363752346681051e-10
1.302955000000000041e+02 1.938591601040939557e-10
1.313202500000000157e+02 1.568703362066981245e-10
1.323452499999999930e+02 1.893645517916077647e-10
1.333702499999999986e+02 2.058562651349819783e-10
1.343950000000000102e+02 2.058562651349819783e-10
1.354199999999999875e+02 2.058562651349819783e-10
1.363170000000000073e+02 1.372375100900099747e-10
1.372137500000000045e+02 8.406102040826280996e-11
1.382387499999999818e+02 1.903113635346941798e-10
1.392634999999999934e+02 1.936751623642420382e-10
1.402884999999999991e+02 2.046528111975079695e-10
1.413135000000000048e+02 1.937946896354303201e-10
1.423385000000000105e+02 2.088769447835416139e-10
1.433632499999999936e+02 1.578264181994754831e-10
1.443882499999999993e+02 1.094023034431242567e-10
1.452849999999999966e+02 1.581041987077934106e-10
1.461819999999999879e+02 1.332980728887461336e-10
1.472070000000000221e+02 1.616351817190157878e-10
1.481547999999999945e+02 2.002482269276593565e-10
1.492567499999999825e+02 2.056096519105684448e-10
1.502817499999999882e+02 1.802790155539972651e-10
1.513067499999999939e+02 1.230555192546368412e-10
1.523315000000000055e+02 1.278817990029950272e-10
1.533565000000000111e+02 1.655877096541594854e-10
1.542533333333333303e+02 2.009750596273563539e-10
1.551502499999999998e+02 1.682775074433878866e-10
1.561749999999999829e+02 1.186989607123755256e-10
1.571999999999999886e+02 1.801374387959890973e-10
1.582249999999999943e+02 1.302060835292747229e-10
1.592500000000000000e+02 1.763738515828984491e-10
1.602750000000000057e+02 1.891917903654452741e-10
1.612997499999999889e+02 1.779687094522116582e-10
1.623247499999999945e+02 1.961433820241889145e-10
1.632216666666666640e+02 2.139550292760366554e-10
1.641182499999999891e+02 1.632269248005631259e-10
1.651432499999999948e+02 1.673928468719188614e-10
1.661682500000000005e+02 1.928111321793092194e-10
1.671932500000000061e+02 1.873518355836413573e-10
1.682179999999999893e+02 2.015026015922295992e-10
1.692429999999999950e+02 1.762045023808164772e-10
1.702679999999999723e+02 1.855424909445691634e-10
1.712929999999999779e+02 1.933069042155700907e-10
1.723180000000000121e+02 2.200693858426979485e-10
1.731504999999999939e+02 1.928167982956019480e-10
1.741115000000000066e+02 1.152733435712206652e-10
1.751364999999999839e+02 1.624752861860031124e-10
1.761614999999999895e+02 1.657532801359458698e-10
1.771862500000000011e+02 1.860867719168571539e-10
1.782112500000000068e+02 2.185671786122175813e-10
1.792362500000000125e+02 2.183450466929308767e-10
1.802612499999999898e+02 2.135703294659103022e-10
1.812091999999999814e+02 2.065731062951462499e-10
1.821829999999999927e+02 1.873087715597654171e-10
1.830797499999999900e+02 1.934699521440993895e-10
1.841047500000000241e+02 1.957937141866918096e-10
1.851297500000000014e+02 2.046780488869752198e-10
1.861545000000000130e+02 1.433036804251902901e-10
1.871794999999999902e+02 1.412977716477539758e-10
1.882044999999999959e+02 1.862291509532358552e-10
1.892295000000000300e+02 1.906417280230076049e-10
1.902542499999999848e+02 2.122290296008892537e-10
1.911510000000000389e+02 2.226488814574070926e-10
1.920480000000000018e+02 2.131718879024578831e-10
1.930730000000000075e+02 2.021264922285322400e-10
1.940977499999999907e+02 2.051123173539320918e-10
1.951227499999999964e+02 1.689689725252786756e-10
1.961477500000000020e+02 1.100563199543328069e-10
1.971727500000000077e+02 1.428523520677811864e-10
1.981974999999999909e+02 1.401348585627405978e-10
1.992224999999999966e+02 1.773804806598773930e-10
2.001193333333333157e+02 2.765312794290045024e-10
2.010162500000000136e+02 2.106472137324827574e-10
2.020409999999999968e+02 1.801895197984127576e-10
2.030659999999999741e+02 1.872875049738627804e-10
2.040909999999999798e+02 1.727275034188291971e-10
2.051160000000000139e+02 1.863119494284219469e-10
2.061409999999999911e+02 2.169089786391036731e-10
2.071657500000000027e+02 2.548808625493836841e-10
2.081907499999999800e+02 2.358734855255697242e-10
2.090876666666666495e+02 2.237085177746305899e-10
2.099844999999999970e+02 2.163897721114775409e-10
2.110092500000000086e+02 2.071976583511066058e-10
2.120342500000000143e+02 1.968577678070014279e-10
2.130592499999999916e+02 1.586757647342049679e-10
2.140842499999999973e+02 1.784950864230504069e-10
2.151089999999999804e+02 1.949179224939851143e-10
2.161340000000000146e+02 1.978844673022324277e-10
2.171590000000000202e+02 2.020501295284159837e-10
2.180560000000000116e+02 1.611316377102088714e-10
2.189527500000000089e+02 1.301340612982446025e-10
2.199774999999999920e+02 2.072769323756683340e-10
2.209767999999999972e+02 1.055720747987216175e-10
2.220275000000000318e+02 1.767319351147851191e-10
2.230522499999999866e+02 2.065013131883630742e-10
2.240772500000000207e+02 1.790607146362264191e-10
2.251022499999999980e+02 1.654111122459789277e-10
2.261272500000000036e+02 1.861610603002168261e-10
2.270240000000000009e+02 1.972858472520149053e-10
2.279207499999999982e+02 1.810429451113367685e-10
2.289457500000000039e+02 6.643413898456117967e-11
2.299707500000000095e+02 1.158520390610867844e-10
2.309957499999999868e+02 1.912726955837096546e-10
2.320204999999999984e+02 1.937879836822514761e-10
2.330455000000000041e+02 1.511793083810439573e-10
2.340705000000000098e+02 8.399270273184986418e-11
2.350955000000000155e+02 1.681066975831816426e-10
2.359919999999999618e+02 2.077391479171573680e-10
2.368889999999999816e+02 1.811055338722523741e-10
2.379140000000000157e+02 1.846128537906826463e-10
2.389389999999999930e+02 1.652653592924633843e-10
2.399639999999999986e+02 1.308992413758455409e-10
2.409887499999999818e+02 1.946709599955325235e-10
2.420137499999999875e+02 8.236380105584387178e-11
2.430387499999999932e+02 4.873973620140792674e-11
2.440637499999999989e+02 7.446127275765290722e-11
2.449603333333333239e+02 1.194276796236654690e-10
2.458572499999999934e+02 1.589598534907290847e-10
2.468822499999999991e+02 1.908948948500180811e-10
2.479072500000000048e+02 1.907933050826394106e-10
2.489320000000000164e+02 1.876694040904267916e-10
2.499570000000000221e+02 1.650465683773603618e-10
2.509819999999999993e+02 2.107122621419410029e-10
2.520069999999999766e+02 1.970727905396575616e-10
2.530317499999999882e+02 2.104609258607507040e-10
2.540567500000000223e+02 1.948191324059164181e-10
2.549536666666666633e+02 1.872995982959168099e-10
2.558505000000000109e+02 1.761161847988919428e-10
2.568752499999999941e+02 2.035181557133589964e-10
2.579258000000000379e+02 2.009050885047037489e-10
2.589252500000000055e+02 1.970349498153185300e-10
2.599502499999999827e+02 1.830116519997431802e-10
2.609749999999999659e+02 1.711776178709725216e-10
2.620000000000000000e+02 1.947629175930998521e-10
2.630249999999999773e+02 2.022579191503831176e-10
2.639219999999999686e+02 2.088399425453274056e-10
2.648187500000000227e+02 9.418658402651131212e-11
2.658435000000000059e+02 3.373185101919809792e-11
2.668684999999999832e+02 1.290194507507356466e-10
2.678935000000000173e+02 1.346971065895542996e-10
2.689184999999999945e+02 1.493601826447291814e-10
2.699432500000000346e+02 1.904764232543704534e-10
2.709682500000000118e+02 1.759158909204533861e-10
2.719932499999999891e+02 2.045314600901227815e-10
2.728900000000000432e+02 1.843800872193145504e-10
2.737870000000000346e+02 1.203247417886904974e-10
2.748117500000000746e+02 1.157516063261221061e-10
2.758367499999999950e+02 1.377685862154294494e-10
2.768617500000000291e+02 1.455769695025786854e-10
2.778867500000000064e+02 1.812755781163650671e-10
2.789114999999999895e+02 1.616789541921170478e-10
2.799365000000000236e+02 1.626860587474103338e-10
2.809615000000000009e+02 1.623422495038515611e-10
2.818580000000000041e+02 1.204295034608069084e-10
2.827293999999999983e+02 1.453780105233952962e-10
2.837799999999999727e+02 1.824816114844330062e-10
2.848050000000000068e+02 1.951232075151715918e-10
2.858299999999999841e+02 1.779304655459537349e-10
2.868547500000000241e+02 1.768809565017037275e-10
2.878797500000000582e+02 1.908045471608380039e-10
2.889047500000000355e+02 2.196805269492527391e-10
2.898528000000000020e+02 1.969493429215121576e-10
2.908263333333333662e+02 2.000781046605387319e-10
2.917487999999999602e+02 2.179586301774939733e-10
2.927482499999999845e+02 2.121921289002936659e-10
2.937732499999999618e+02 2.121921289002936659e-10
2.947980000000000018e+02 5.995392258180977463e-11
2.958229999999999791e+02 1.775251686701977159e-10
2.968480000000000132e+02 1.592146110273857703e-10
2.978729999999999905e+02 6.938575066200596441e-11
2.988979999999999677e+02 9.093675791759226153e-11
2.998587499999999864e+02 1.843845498815131404e-10
3.006915000000000191e+02 9.973198531736074385e-11
3.017164999999999964e+02 9.693287772169365039e-11
3.027414999999999736e+02 1.444656155094235246e-10
3.037662500000000136e+02 1.692783871154010419e-10
3.047912499999999909e+02 1.234458379896965469e-10
3.058162500000000250e+02 1.744456255534224008e-10
3.068412500000000591e+02 1.876072930881417231e-10
3.078659999999999854e+02 1.558139583798595868e-10
3.087629999999999768e+02 1.170787455220355107e-10
3.096597500000000309e+02 9.254358555194468358e-11
3.106847500000000082e+02 1.217691857263768397e-10
3.117094999999999914e+02 1.909055041658802206e-10
3.127345000000000255e+02 1.801807719539563594e-10
3.137595000000000027e+02 1.053194801384058003e-10
3.147844999999999800e+02 1.389217597490975393e-10
3.158092500000000200e+02 1.840983973699476512e-10
3.169112000000000080e+02 2.001577888013627542e-10
3.177309999999999945e+02 1.900697480040726812e-10
3.186279999999999859e+02 1.834170641483695866e-10
3.197298000000000116e+02 1.937542942584801769e-10
3.206777500000000600e+02 1.204850917509991705e-10
3.217027500000000373e+02 1.047480701660140608e-10
3.227277500000000146e+02 7.098191575549880520e-11
3.237527499999999918e+02 1.197577576170704551e-10
3.247774999999999750e+02 9.653867145439455602e-11
3.258025000000000091e+02 1.391355318749896704e-10
3.267506000000000199e+02 1.420417317409333907e-10
3.275194000000000187e+02 7.565043044743643788e-11
3.286209999999999809e+02 1.704123290760178496e-10
3.296459999999999582e+02 1.362774675722950252e-10
3.307477999999999838e+02 1.710971093565650831e-10
3.317727999999999611e+02 2.085908662469467548e-10
3.326442000000000121e+02 1.551471398141119714e-10
3.337457500000000437e+02 1.123869859335278734e-10
3.347707500000000209e+02 6.735586026488228489e-11
3.358726000000000340e+02 1.212213401993413710e-10
