6.404999999999999583e-01 1.382026044555850675e+01 1.318897421116139412e+01 6.312862343971121781e-01
1.665499999999999980e+00 1.368631100696220670e+01 1.306478052376409593e+01 6.215304831981116607e-01
2.690500000000000114e+00 1.364230412999920183e+01 1.301883901816184519e+01 6.234651118373566447e-01
3.715500000000000025e+00 1.316998542062385447e+01 1.255433847531559799e+01 6.156469453082564769e-01
4.740249999999999631e+00 1.301403314573472159e+01 1.240268291636056830e+01 6.113502293741541749e-01
5.765249999999999986e+00 1.345646313347162959e+01 1.283930059667011747e+01 6.171625368015125623e-01
6.790250000000000341e+00 1.333262617840661690e+01 1.271567383703909471e+01 6.169523413675226386e-01
7.892199999999999882e+00 1.332947673385127452e+01 1.271404522404504789e+01 6.154315098062284051e-01
8.754666666666667041e+00 1.372735331415501570e+01 1.310345030963131130e+01 6.239030045237022870e-01
9.737000000000000099e+00 1.382798139658762260e+01 1.320391961182475349e+01 6.240617847628703307e-01
1.063375000000000092e+01 1.413304905884760387e+01 1.349995165361995753e+01 6.330974052276454600e-01
1.165874999999999950e+01 1.457389305878227859e+01 1.391426815450077115e+01 6.596249042815061081e-01
1.268374999999999808e+01 1.425970780925248071e+01 1.361138342494432507e+01 6.483243843081543112e-01
1.363160000000000061e+01 1.383166854031943060e+01 1.320421629463483626e+01 6.274522456845954554e-01
1.481040000000000134e+01 1.416270151362791907e+01 1.352821271812360671e+01 6.344887955043134742e-01
1.575850000000000151e+01 1.423252792925591592e+01 1.359591170548404904e+01 6.366162237718668848e-01
1.678325000000000244e+01 1.481267783572859820e+01 1.414025260452810429e+01 6.724252312004916909e-01
1.767999999999999972e+01 1.472850443876534676e+01 1.404215122975455010e+01 6.863532090107954398e-01
1.857699999999999818e+01 1.344582547698046682e+01 1.281909788729736910e+01 6.267275896830963866e-01
1.960200000000000031e+01 1.348667572209303778e+01 1.286929926926441503e+01 6.173764528286218578e-01
2.062699999999999889e+01 1.399854077872605806e+01 1.337055490199332475e+01 6.279858767327319846e-01
2.165174999999999983e+01 1.454460799724584774e+01 1.388632667607921078e+01 6.582813211666347364e-01
2.259980000000000544e+01 1.436580216491587336e+01 1.371891520208406590e+01 6.468869628318099085e-01
2.370175000000000054e+01 1.413871437683162569e+01 1.350296361295836078e+01 6.357507638732635691e-01
2.464980000000000260e+01 1.383238223949249956e+01 1.320427758563577036e+01 6.281046538567277571e-01
2.575150000000000006e+01 1.317893755503643227e+01 1.256308264864202506e+01 6.158549063944067647e-01
2.664833333333332988e+01 1.313042996703729237e+01 1.251556947302155010e+01 6.148604940157428311e-01
2.754525000000000290e+01 1.306592996854784339e+01 1.245262492093425877e+01 6.133050476135841755e-01
2.857024999999999793e+01 1.327984445236503674e+01 1.266446078417755317e+01 6.153836681874835790e-01
2.959499999999999886e+01 1.362055923807912805e+01 1.300108501174532627e+01 6.194742263338026689e-01
3.062000000000000099e+01 1.358735488431742056e+01 1.296646001582086427e+01 6.208948684965549525e-01
3.164500000000000313e+01 1.344810082538545615e+01 1.283081316032608399e+01 6.172876650593743797e-01
3.267000000000000171e+01 1.370603371120552083e+01 1.308403453709598629e+01 6.219991741095363125e-01
3.369500000000000028e+01 1.365750465241990419e+01 1.303590241738998934e+01 6.216022350299144072e-01
3.471974999999999767e+01 1.386508499659029248e+01 1.324004875881919396e+01 6.250362377710989570e-01
3.556539999999999679e+01 1.396063075365179351e+01 1.333263615771611832e+01 6.279945959356776353e-01
3.651350000000000051e+01 1.424151022808369937e+01 1.360190641139057099e+01 6.396038166931279356e-01
3.756419999999999959e+01 1.364544014770702596e+01 1.301969662075974554e+01 6.257435269472786388e-01
3.856325000000000358e+01 1.310240824735976162e+01 1.248763391855777272e+01 6.147743288019875685e-01
3.951140000000000185e+01 1.354338859464749056e+01 1.292437009778437229e+01 6.190184968631186058e-01
4.061325000000000074e+01 1.438934692781042557e+01 1.374246361184753162e+01 6.468833159628957219e-01
4.163824999999999932e+01 1.426548402109270164e+01 1.361914492701077606e+01 6.463390940819251362e-01
4.266299999999999670e+01 1.428091747257421318e+01 1.363458242701077694e+01 6.463350455634371272e-01
4.368800000000000239e+01 1.420869336149963935e+01 1.356633154282764053e+01 6.423618186719992629e-01
4.471300000000000097e+01 2.181335692234465284e+01 2.121853410626010827e+01 5.948228160845441259e-01
4.560999999999999233e+01 2.437842505614992206e+01 2.379257474383193838e+01 5.858503123179842342e-01
4.650649999999999551e+01 1.407463615180328098e+01 1.344043257880809250e+01 6.342035729951875922e-01
4.753149999999999409e+01 1.498238527680654286e+01 1.429929643677496109e+01 6.830888400315839881e-01
4.855649999999999977e+01 1.525893737348021340e+01 1.453772425575722060e+01 7.212131177229927914e-01
4.958150000000000546e+01 1.444494695454065081e+01 1.378267639977035941e+01 6.622705547702936180e-01
5.060625000000000284e+01 1.380647090510653818e+01 1.317772470414014663e+01 6.287462009663928875e-01
5.163125000000000142e+01 1.416060834545341152e+01 1.352626415108934133e+01 6.343441943640684144e-01
5.265625000000000000e+01 1.487296184104496888e+01 1.419449377453874916e+01 6.784680665062201577e-01
5.355299999999999727e+01 1.545516492009104503e+01 1.472524986068091124e+01 7.299150594101325717e-01
5.445000000000000284e+01 1.522409863571527211e+01 1.449851371008704604e+01 7.255849256282269621e-01
5.547475000000000733e+01 1.492156578964524272e+01 1.423898355336040389e+01 6.825822362848388281e-01
5.649975000000000591e+01 1.549966408747588531e+01 1.476031286284575827e+01 7.393512246301270352e-01
5.752474999999999739e+01 1.583430970644598190e+01 1.506416745148584724e+01 7.701422549601342205e-01
5.854974999999999596e+01 1.576526587968730020e+01 1.497440733841416183e+01 7.908585412731383713e-01
5.957450000000000045e+01 1.440428029841213231e+01 1.374536654428377069e+01 6.589137541283625055e-01
6.059950000000000614e+01 1.407485663089781625e+01 1.344459346879496842e+01 6.302631621028500497e-01
6.162449999999999761e+01 1.431799498384889624e+01 1.367822773333320363e+01 6.397672505156921652e-01
6.258549999999999613e+01 1.415471499471965799e+01 1.351513739607367270e+01 6.395775986459852902e-01
6.334120000000000061e+01 1.336054144033434810e+01 1.274250989660990641e+01 6.180315437244392474e-01
6.444299999999999784e+01 1.379062571126377534e+01 1.316797059521547908e+01 6.226551160482962644e-01
6.539119999999999777e+01 1.449023662033592608e+01 1.383630494838693004e+01 6.539316719489949303e-01
6.649299999999999500e+01 1.394347012809295627e+01 1.331049376723240130e+01 6.329763608605563086e-01
6.751800000000000068e+01 1.336655417889315345e+01 1.274855242435940816e+01 6.180017545337452844e-01
6.854275000000001228e+01 1.330695489237548479e+01 1.269134925534718938e+01 6.156056370282971812e-01
6.956774999999998954e+01 1.355087626793596023e+01 1.293257877986881255e+01 6.182974880671476825e-01
7.059274999999999523e+01 1.345623946376424840e+01 1.283844307178557642e+01 6.177963919786715330e-01
7.148966666666666470e+01 1.327333652533530994e+01 1.265768691972127158e+01 6.156496056140395856e-01
7.238625000000000398e+01 1.308514946824469760e+01 1.247131737164280274e+01 6.138320966018944169e-01
7.341124999999999545e+01 1.317279730822146355e+01 1.255763437158515039e+01 6.151629366363136064e-01
7.443625000000000114e+01 1.313640906260590313e+01 1.252169417285398367e+01 6.147148897519181254e-01
7.548659999999999570e+01 1.359140472824521417e+01 1.297168556532546368e+01 6.197191629197515983e-01
7.648600000000000421e+01 1.444025189683058485e+01 1.379384390886741585e+01 6.464079879631707826e-01
7.743420000000000414e+01 1.374097430402922626e+01 1.310872864469716603e+01 6.322456593320613383e-01
7.853600000000000136e+01 1.426695467388008431e+01 1.362919101298947311e+01 6.377636608906116500e-01
7.964633333333333098e+01 1.400927250630574150e+01 1.336640410458900874e+01 6.428684017167297648e-01
8.050033333333333019e+01 1.330381028588627679e+01 1.268760057783731554e+01 6.162097080489633560e-01
8.141849999999999454e+01 1.332173921072591583e+01 1.270566219780502060e+01 6.160770129208947843e-01
8.230260000000001241e+01 1.440233981775915950e+01 1.375374325278430376e+01 6.485965649748557382e-01
8.340449999999999875e+01 1.461261241131022715e+01 1.394832269594055418e+01 6.642897153696734058e-01
8.442924999999999613e+01 1.424056513587209238e+01 1.359645433196542719e+01 6.441108039066660851e-01
8.547979999999998313e+01 1.401418463017932403e+01 1.337973439801160325e+01 6.344502321677186751e-01
8.640240000000001430e+01 1.397723144112661053e+01 1.334397553447777440e+01 6.332559066488372412e-01
8.750425000000001319e+01 1.397893144112661190e+01 1.334567553447777399e+01 6.332559066488370192e-01
8.852899999999999636e+01 1.402899888133314477e+01 1.339556117443852834e+01 6.334377068946164258e-01
8.952840000000000487e+01 1.426236549759750538e+01 1.362211201829761009e+01 6.402534792998956226e-01
9.045099999999997920e+01 1.430310759529469955e+01 1.365445506905429518e+01 6.486525262404043701e-01
9.137339999999998952e+01 1.381190503695241922e+01 1.318281344058075355e+01 6.290915963716635639e-01
9.234720000000001505e+01 1.405025708498132531e+01 1.341959146605375430e+01 6.306656189275692270e-01
9.339749999999999375e+01 1.458227915155585031e+01 1.392333772968443384e+01 6.589414218714182425e-01
9.442249999999999943e+01 1.452052915155585033e+01 1.386152522968443179e+01 6.590039218714180969e-01
9.547319999999999141e+01 1.478173415482869224e+01 1.411344856170283890e+01 6.682855931258530058e-01
9.654939999999999145e+01 1.526946868648631650e+01 1.455351311887428700e+01 7.159555676120273882e-01
9.742040000000000077e+01 1.394649769887447732e+01 1.331647248457443666e+01 6.300252143000424354e-01
9.839400000000000546e+01 1.436902909486697943e+01 1.372221390751763437e+01 6.468151873493432902e-01
9.929099999999999682e+01 1.455391192937600486e+01 1.389940287546660436e+01 6.545090539094009507e-01
1.003160000000000025e+02 1.503613660019052745e+01 1.434127738258167462e+01 6.948592176088537187e-01
1.013410000000000082e+02 1.516474156083615732e+01 1.444315682619512131e+01 7.215847346410364516e-01
1.023657499999999914e+02 1.510560224561215570e+01 1.438133894567119597e+01 7.242632999409615024e-01
1.033907499999999970e+02 1.510560224561215570e+01 1.438133894567119597e+01 7.242632999409615024e-01
1.044157500000000027e+02 1.519973939561363885e+01 1.447414875063897277e+01 7.255906449746669651e-01
1.054405000000000001e+02 1.519218181699116954e+01 1.446157951464980584e+01 7.306023023413659168e-01
1.064654999999999916e+02 1.537913457082704305e+01 1.464326296866033061e+01 7.358716021667133234e-01
1.073623333333333250e+02 1.521663150575436951e+01 1.449292135744772736e+01 7.237101483066421537e-01
1.082592500000000086e+02 1.406519938662156655e+01 1.342022203719845663e+01 6.449773494231112458e-01
1.092840000000000060e+02 1.368750143682021303e+01 1.306352875411527847e+01 6.239726827049350000e-01
1.103089999999999975e+02 1.368452571171702736e+01 1.306284347449749106e+01 6.216822372195385249e-01
1.113340000000000032e+02 1.394306949296946740e+01 1.331443174522513928e+01 6.286377477443281236e-01
1.123589999999999947e+02 1.379554482313478658e+01 1.316697425290700352e+01 6.285705702277843976e-01
1.133840000000000146e+02 1.359439746186992259e+01 1.297433323691470619e+01 6.200642249552159591e-01
1.144087499999999977e+02 1.385159577956760657e+01 1.322748669755986128e+01 6.241090820077461743e-01
1.154337500000000034e+02 1.439796303089871188e+01 1.375346758622740850e+01 6.444954446713020424e-01
1.164587500000000091e+02 1.435646402791958742e+01 1.370514271554183594e+01 6.513213123777510383e-01
1.173557500000000005e+02 1.359620395405914905e+01 1.297088588767139861e+01 6.253180663877482282e-01
1.182522499999999894e+02 1.367865755218076274e+01 1.305596847856563514e+01 6.226890736151275973e-01
1.192772500000000093e+02 1.379325026382509911e+01 1.316785548346101464e+01 6.253947803640831360e-01
1.202253999999999934e+02 1.352329227024100433e+01 1.290378494184245994e+01 6.195073283985432777e-01
1.213272499999999923e+02 1.337362977270017694e+01 1.275599392377277930e+01 6.176358489273985342e-01
1.223776000000000010e+02 1.322540543198696561e+01 1.261013443850295879e+01 6.152709934840074890e-01
1.234025999999999783e+02 1.326346484368797007e+01 1.264804808373505018e+01 6.154167599529184463e-01
1.244020000000000010e+02 1.327896058931555956e+01 1.266290053799300708e+01 6.160600513225542585e-01
1.254270000000000067e+02 1.379691668821531891e+01 1.317179220391163064e+01 6.251244843036894983e-01
1.263239999999999981e+02 1.356588320469795939e+01 1.294647565279950463e+01 6.194075518984547557e-01
1.271435999999999922e+02 1.384332194012589312e+01 1.321802198023643271e+01 6.252999598894636302e-01
1.282454999999999927e+02 1.406722447760650141e+01 1.343588827409402953e+01 6.313362035124732152e-01
1.292704999999999984e+02 1.442407013118303638e+01 1.377703361690103101e+01 6.470365142820062587e-01
1.302955000000000041e+02 1.425827765865859043e+01 1.361577567106892239e+01 6.425019875896698096e-01
1.313202500000000157e+02 1.423354416959070967e+01 1.359728714666673000e+01 6.362570229239792319e-01
1.323452499999999930e+02 1.443971297085776584e+01 1.378771449330458232e+01 6.519984775531839638e-01
1.333702499999999986e+02 1.401533340110088943e+01 1.337623664354621411e+01 6.390967575546757651e-01
1.343950000000000102e+02 1.362686319826415726e+01 1.300626937961558482e+01 6.205938186485719932e-01
1.352920000000000016e+02 1.413201797190555453e+01 1.349970977486114521e+01 6.323081970444081046e-01
1.361887499999999989e+02 1.416923404810329856e+01 1.353309302791485713e+01 6.361410201884405424e-01
1.372137500000000045e+02 1.365876525888974768e+01 1.303102369757186985e+01 6.277415613178782827e-01
1.382387499999999818e+02 1.303756485702939294e+01 1.242587356915032437e+01 6.116912878790694563e-01
1.392891999999999939e+02 1.374312332458470998e+01 1.311964805415533952e+01 6.234752704293715642e-01
1.402884999999999991e+02 1.324463127893059244e+01 1.262609608475723988e+01 6.185351941733530090e-01
1.413135000000000048e+02 1.297568460603046425e+01 1.236599406457653672e+01 6.096905414539257606e-01
1.422530000000000143e+02 1.352660750109198950e+01 1.290746043563376411e+01 6.191470654582266198e-01
1.432350000000000136e+02 1.352508285228842944e+01 1.290738637320496984e+01 6.176964790834613694e-01
1.441319999999999766e+02 1.376196125018356753e+01 1.313835326104339529e+01 6.236079891401722364e-01
1.451569999999999823e+02 1.345659766573624516e+01 1.283668948653609831e+01 6.199081792001459590e-01
1.461819999999999879e+02 1.340228000526487762e+01 1.278624485033075509e+01 6.160351549341229749e-01
1.472070000000000221e+02 1.348298325316700819e+01 1.286600646317470620e+01 6.169767899923046528e-01
1.482574000000000183e+02 1.410078339835013139e+01 1.346843439160551270e+01 6.323490067446225771e-01
1.492567499999999825e+02 1.470659692920978223e+01 1.404044946612712508e+01 6.661474630826580423e-01
1.502817499999999882e+02 1.470659692920978223e+01 1.404044946612712508e+01 6.661474630826580423e-01
1.513067499999999939e+02 1.470659692920978223e+01 1.404044946612712508e+01 6.661474630826580423e-01
1.522033333333333474e+02 1.496911814328148616e+01 1.428299998545724314e+01 6.861181578242412371e-01
1.531002500000000168e+02 1.514339001204165491e+01 1.443237208773438596e+01 7.110179243072689559e-01
1.541252499999999941e+02 1.505351501204165565e+01 1.434249708773438670e+01 7.110179243072689559e-01
1.551502499999999998e+02 1.514339001204165491e+01 1.443237208773438596e+01 7.110179243072689559e-01
1.561749999999999829e+02 2.261292043370118421e+01 2.196359642807752266e+01 6.493240056236637692e-01
1.571999999999999886e+02 2.271182623854475224e+01 2.204503696249101807e+01 6.667892760537346142e-01
1.582249999999999943e+02 1.382112948614322256e+01 1.318670600849398866e+01 6.344234776492325700e-01
1.592500000000000000e+02 1.384323383920562556e+01 1.321854783304091185e+01 6.246860061647137030e-01
1.602750000000000057e+02 1.434390371869091041e+01 1.369776814468938220e+01 6.461355740015273241e-01
1.612997499999999889e+02 1.378050804595690337e+01 1.315340998029943620e+01 6.270980656574667300e-01
1.621966666666666868e+02 1.406563562710483950e+01 1.343470269801688310e+01 6.309329290879576169e-01
1.630935000000000059e+02 1.433831268919558255e+01 1.369760097031604928e+01 6.407117188795337093e-01
1.641182499999999891e+02 1.492756568231720671e+01 1.424417370736696320e+01 6.833919749502430641e-01
1.651432499999999948e+02 1.472730738776289883e+01 1.404484078862947527e+01 6.824665991334235571e-01
1.661682500000000005e+02 1.398639625081782256e+01 1.335248757555217303e+01 6.339086752656486468e-01
1.671932500000000061e+02 1.453412145649033960e+01 1.387908109345846519e+01 6.550403630318744064e-01
1.682179999999999893e+02 1.413731018534975092e+01 1.350171183873469616e+01 6.355983466150547656e-01
1.692429999999999950e+02 1.434475241627535169e+01 1.370122508694220365e+01 6.435273293331480460e-01
1.702679999999999723e+02 1.428634082325501531e+01 1.364377920376102793e+01 6.425616194939887116e-01
1.711649999999999636e+02 1.417335356017655990e+01 1.353922155885745049e+01 6.341320013191099614e-01
1.720617499999999893e+02 1.443431557895339523e+01 1.378828670487856201e+01 6.460288740748345582e-01
1.730865000000000009e+02 1.462301098303948343e+01 1.395901285041121298e+01 6.639981326282704543e-01
1.741115000000000066e+02 1.454830820064663399e+01 1.388983154272655085e+01 6.584766579200804770e-01
1.751364999999999839e+02 1.448613971571889536e+01 1.383133419466969372e+01 6.548055210492003120e-01
1.761614999999999895e+02 1.452806844165546174e+01 1.387333861265535262e+01 6.547298290001095644e-01
1.771862500000000011e+02 1.471875567081118064e+01 1.404869282311911327e+01 6.700628476920686971e-01
1.782112500000000068e+02 1.459276423077516860e+01 1.392719238031918039e+01 6.655718504559886561e-01
1.791080000000000325e+02 1.434288552378706960e+01 1.369512586110057661e+01 6.477596626864935425e-01
1.800306000000000211e+02 1.432372933800700743e+01 1.368202049974959422e+01 6.417088382574103189e-01
1.810555999999999983e+02 1.525924740434463800e+01 1.454556912759138143e+01 7.136782767532572347e-01
1.820547499999999843e+02 1.494634559631663073e+01 1.424932559874562799e+01 6.970199975710031914e-01
1.830797499999999900e+02 1.498671653612084498e+01 1.429077606976154335e+01 6.959404663593016238e-01
1.841047500000000241e+02 1.532226447833653182e+01 1.459521977623801803e+01 7.270447020985120190e-01
1.851297500000000014e+02 1.486992525031028833e+01 1.417061355501505560e+01 6.993116952952322940e-01
1.861545000000000130e+02 1.329450574672875973e+01 1.267271033905982591e+01 6.217954076689320431e-01
1.871794999999999902e+02 1.330301788308890920e+01 1.268702912060137145e+01 6.159887624875399759e-01
1.880763333333333094e+02 1.356881111619313174e+01 1.295047505589021775e+01 6.183360603029152136e-01
1.889732500000000073e+02 1.371374357529777299e+01 1.309115998355229848e+01 6.225835917454745072e-01
1.899979999999999905e+02 1.363072851728022528e+01 1.300896313675091065e+01 6.217653805293137381e-01
1.910229999999999961e+02 1.374686057943731576e+01 1.312491351577354060e+01 6.219470636637747241e-01
1.920480000000000018e+02 1.519195415988896158e+01 1.450019937689418370e+01 6.917547829947769955e-01
1.930730000000000075e+02 1.592669728657110717e+01 1.512288433981980873e+01 8.038129467512993287e-01
1.940977499999999907e+02 1.544260412242688574e+01 1.468913269392369081e+01 7.534714285031935965e-01
1.951227499999999964e+02 1.480962933009929472e+01 1.412935992159265197e+01 6.802694085066436358e-01
1.961477500000000020e+02 1.465503558652990534e+01 1.398167374511970706e+01 6.733618414101982808e-01
1.971727500000000077e+02 1.436863524882256016e+01 1.372215331947716699e+01 6.464819293453913929e-01
1.980693333333333328e+02 1.422086938751796481e+01 1.357929134885636380e+01 6.415780386616040110e-01
1.989662499999999739e+02 1.432664105233217633e+01 1.368533595030389627e+01 6.413051020282800607e-01
1.999912500000000080e+02 1.504245456123116575e+01 1.434495553057473316e+01 6.974990306564321507e-01
2.010162500000000136e+02 1.438821048989006357e+01 1.372924113031163529e+01 6.589693595784260616e-01
2.020409999999999968e+02 1.386089464150841621e+01 1.323085504066391493e+01 6.300396008445026119e-01
2.030659999999999741e+02 1.385329452049277066e+01 1.322548270597930653e+01 6.278118145134627959e-01
2.040909999999999798e+02 1.398364757807485859e+01 1.335343439624885065e+01 6.302131818260083840e-01
2.051160000000000139e+02 1.448412812694760632e+01 1.383271404979846331e+01 6.514140771491438997e-01
2.061409999999999911e+02 1.422445481226260533e+01 1.357788209492500187e+01 6.465727173376043524e-01
2.070376666666666949e+02 1.361372020787086434e+01 1.298813814517552423e+01 6.255820626953418895e-01
2.079344999999999857e+02 1.344574060432623064e+01 1.282868547105337953e+01 6.170551332728519967e-01
2.089594999999999914e+02 1.350377298111006752e+01 1.288438680211484666e+01 6.193861789952190833e-01
2.100613999999999919e+02 1.313057120405257550e+01 1.251572294863200874e+01 6.148482554205649819e-01
2.109324000000000012e+02 1.344561308580557224e+01 1.282666522471633641e+01 6.189478610892364951e-01
2.120342500000000143e+02 1.381098463216941141e+01 1.318765900522359935e+01 6.233256269458142818e-01
2.130592499999999916e+02 1.477211041608923026e+01 1.410256513644392129e+01 6.695452796453071898e-01
2.140842499999999973e+02 1.428256992467223441e+01 1.363137190171752522e+01 6.511980229547096322e-01
2.151089999999999804e+02 1.385036280640667528e+01 1.322160592869614071e+01 6.287568777105376761e-01
2.160060000000000002e+02 1.390514377731908091e+01 1.327675886686407658e+01 6.283849104550019993e-01
2.169027500000000259e+02 1.406546664938880653e+01 1.343332090824908853e+01 6.321457411397166659e-01
2.179277500000000032e+02 1.474926404913306044e+01 1.408201016395917193e+01 6.672538851738880616e-01
2.189527500000000089e+02 1.477565673147578984e+01 1.409629697534337645e+01 6.793597561324116185e-01
2.199774999999999920e+02 1.478552502036956007e+01 1.410724379958668528e+01 6.782812207828721185e-01
2.210024999999999977e+02 1.497439237036065762e+01 1.427984213696031190e+01 6.945502334003448297e-01
2.220275000000000318e+02 1.534421936360499039e+01 1.461439963134251840e+01 7.298197322624724315e-01
2.230522499999999866e+02 1.531435283847573814e+01 1.457719777177919340e+01 7.371550666965420717e-01
2.239490000000000407e+02 1.525373017020978494e+01 1.451657307160393451e+01 7.371570986058498809e-01
2.248460000000000036e+02 1.537689083929521949e+01 1.464076117094503893e+01 7.361296683501796778e-01
2.258710000000000093e+02 1.511341988136617687e+01 1.438808759235753421e+01 7.253322890086426611e-01
2.268959999999999866e+02 1.456031783078248765e+01 1.388326623314809716e+01 6.770515976343918219e-01
2.279207499999999982e+02 1.351070647480106146e+01 1.288843681860011969e+01 6.222696562009408794e-01
2.289457500000000039e+02 1.370967341415961549e+01 1.308928097439201821e+01 6.203924397675968372e-01
2.299707500000000095e+02 1.430759609316526060e+01 1.366770741295456837e+01 6.398886802106926730e-01
2.309957499999999868e+02 1.445928497980104588e+01 1.380063209684904990e+01 6.586528829519964212e-01
2.320204999999999984e+02 1.369273724828880212e+01 1.306301758185589534e+01 6.297196664329063331e-01
2.330455000000000041e+02 1.336154537202867765e+01 1.274479391597383859e+01 6.167514560548390534e-01
2.339423333333333233e+02 1.387019839436131008e+01 1.324375472068136617e+01 6.264436736799451344e-01
2.348392499999999927e+02 1.355886950124558155e+01 1.293638547253819304e+01 6.224840287073893919e-01
2.358639999999999759e+02 1.349239402147307487e+01 1.287444753586709112e+01 6.179464856059837530e-01
2.368889999999999816e+02 1.318296997043964147e+01 1.256764739486433413e+01 6.153225755753082282e-01
2.379140000000000157e+02 1.340627994811172030e+01 1.278954928144240633e+01 6.167306666693135320e-01
2.389389999999999930e+02 1.334960197815721017e+01 1.273361582504665890e+01 6.159861531105512711e-01
2.399639999999999986e+02 1.333209703944788771e+01 1.271710956205098064e+01 6.149874773969066233e-01
2.409887499999999818e+02 1.368094074672626270e+01 1.306146446309239728e+01 6.194762836338654211e-01
2.420137499999999875e+02 1.378821607562543505e+01 1.316672737443439267e+01 6.214887011910423809e-01
2.429106666666666570e+02 1.384557758639847158e+01 1.322100590621420224e+01 6.245716801842698951e-01
2.438075000000000045e+02 1.392682642986369146e+01 1.329986835354485386e+01 6.269580763188375983e-01
2.448322500000000161e+02 1.406547638979981940e+01 1.343445521089173056e+01 6.310211789080897304e-01
2.458572499999999934e+02 1.417667220575236264e+01 1.354171891098686586e+01 6.349532947654958903e-01
2.468822499999999991e+02 1.406634359398936418e+01 1.343245608424865978e+01 6.338875097407044024e-01
2.479072500000000048e+02 1.359036036612143228e+01 1.296751671899210479e+01 6.228436471293252730e-01
2.489320000000000164e+02 1.353822233180341428e+01 1.292020110223759310e+01 6.180212295658211730e-01
2.499570000000000221e+02 1.378873113798613481e+01 1.316710281885677425e+01 6.216283191293596744e-01
2.509819999999999993e+02 1.377723113798613319e+01 1.315554076327915389e+01 6.216903747069801867e-01
2.518789999999999907e+02 1.376606160000781109e+01 1.314433272622740567e+01 6.217288737804059773e-01
2.527754999999999939e+02 1.384248190559417324e+01 1.321860992392822709e+01 6.238719816659434869e-01
2.538004999999999995e+02 2.164086492957160246e+01 2.105526417570970921e+01 5.856007538618923647e-01
2.548255000000000337e+02 2.225418771739863644e+01 2.163705797789116758e+01 6.171297395074688552e-01
2.558505000000000109e+02 1.489978152607787010e+01 1.421058901796071439e+01 6.891925081171517142e-01
2.568752499999999941e+02 1.410108433305165931e+01 1.346011702747749261e+01 6.409673055741653691e-01
2.579002500000000282e+02 1.437163056409191420e+01 1.372878096566565631e+01 6.428495984262587726e-01
2.589252500000000055e+02 1.532552277988566480e+01 1.461368079052636304e+01 7.118419893593008752e-01
2.598219999999999459e+02 1.625195195235950507e+01 1.543124702628305833e+01 8.207049260764467391e-01
2.607189999999999941e+02 1.662826323287349339e+01 1.573642613004589563e+01 8.918371028275968726e-01
2.617437499999999773e+02 1.684456917438058099e+01 1.591241107228758977e+01 9.321581020929907702e-01
2.627687500000000114e+02 1.625969936124494453e+01 1.540323187690450979e+01 8.564674843404351812e-01
2.637937500000000455e+02 1.533324828028088227e+01 1.459618283174471642e+01 7.370654485361658459e-01
2.647417999999999552e+02 1.491993641231963430e+01 1.422504311495050366e+01 6.948932973691327453e-01
2.658435000000000059e+02 1.434850910174975525e+01 1.369732313691851644e+01 6.511859648312392501e-01
2.668684999999999832e+02 1.363924408097710383e+01 1.301395643865854268e+01 6.252876423185620425e-01
2.678935000000000173e+02 1.371886788997735529e+01 1.309715862486150328e+01 6.217092651158502292e-01
2.689184999999999945e+02 1.422404291542626709e+01 1.358771758501560356e+01 6.363253304106639696e-01
2.698149999999999977e+02 1.403414513888387205e+01 1.339919501186762751e+01 6.349501270162457578e-01
2.707119999999999891e+02 1.329019173005905330e+01 1.267141261189894941e+01 6.187791181601038915e-01
2.717369999999999663e+02 1.331165843150925809e+01 1.269615229583323313e+01 6.155061356760236357e-01
2.727620000000000005e+02 1.427656567471251847e+01 1.363826459752150733e+01 6.383010771910102576e-01
2.737870000000000346e+02 1.403581204920936187e+01 1.339460543388465119e+01 6.412066153247097944e-01
2.748117500000000746e+02 1.336238925577536385e+01 1.274505109111878731e+01 6.173381646565743175e-01
2.758367499999999950e+02 1.333809207762811155e+01 1.272298724785778035e+01 6.151048297703312073e-01
2.767848000000000184e+02 1.366308874275364360e+01 1.303959882824404914e+01 6.234899145095920137e-01
2.778867500000000064e+02 1.326020301265771906e+01 1.264457591778099399e+01 6.156270948767259554e-01
2.787192499999999882e+02 1.357534629961756423e+01 1.295481438665230201e+01 6.205319129652631105e-01
2.797572000000000116e+02 1.376199197622215920e+01 1.313616167215410790e+01 6.258303040680506246e-01
2.806283999999999992e+02 1.332615915009058938e+01 1.270944985694401552e+01 6.167092931465735228e-01
2.817300000000000182e+02 1.432460442442666704e+01 1.368375618804614646e+01 6.408482363805227955e-01
2.828318000000000438e+02 1.429419267596979104e+01 1.364639999687959815e+01 6.477926790901943344e-01
2.836946666666666488e+02 1.352895949113566409e+01 1.290966811619050780e+01 6.192913749451592897e-01
2.848050000000000068e+02 1.441354650302931617e+01 1.376883993428488395e+01 6.447065687444322180e-01
2.858299999999999841e+02 1.484663290981673356e+01 1.416373714177907672e+01 6.828957680376572803e-01
2.868547500000000241e+02 1.499225008063896070e+01 1.429664885580693579e+01 6.956012248320231350e-01
2.877516666666667220e+02 1.509715103765018540e+01 1.439346672306625585e+01 7.036843145839307700e-01
2.887253999999999792e+02 1.563867010307934891e+01 1.488663315588061664e+01 7.520369471987329302e-01
2.895966000000000236e+02 1.453557267006359588e+01 1.386270337531349739e+01 6.728692947500970467e-01
2.906982500000000300e+02 1.383605926097799532e+01 1.320672781865356527e+01 6.293314423244305011e-01
2.916378333333333330e+02 1.380179935869581698e+01 1.317729046584581276e+01 6.245088928500074354e-01
2.927225999999999999e+02 1.391184050691990137e+01 1.328522836117682360e+01 6.266121457430771091e-01
2.937732499999999618e+02 1.428362231638439184e+01 1.364221670406380582e+01 6.414056123205873483e-01
2.947980000000000018e+02 1.363963810497249796e+01 1.301283004196780269e+01 6.268080630046939383e-01
2.957462000000000444e+02 1.327482410726302398e+01 1.265925238610784120e+01 6.155717211551809953e-01
2.967199999999999704e+02 1.310381530804673389e+01 1.249064920557808556e+01 6.131661024686477779e-01
2.976167500000000246e+02 1.357003899058047480e+01 1.295082027855419149e+01 6.192187120262833133e-01
2.986161999999999921e+02 1.371892568750812913e+01 1.309635839427371629e+01 6.225672932344146204e-01
2.996922000000000139e+02 1.407390642716502427e+01 1.343849466490246947e+01 6.354117622625554684e-01
3.006915000000000191e+02 1.421688459465401166e+01 1.357895563973307418e+01 6.379289549209374854e-01
3.017164999999999964e+02 1.412400890439196388e+01 1.348375396574103746e+01 6.402549386509250873e-01
3.027158000000000015e+02 1.333154637753844973e+01 1.271275272271813428e+01 6.187936548203133436e-01
3.037662500000000136e+02 1.321896608246122184e+01 1.260263976781403805e+01 6.163263146471815723e-01
3.047656000000000063e+02 1.373895587242247096e+01 1.311560010510100938e+01 6.233557673214604744e-01
