   3.9800E+02   8.1065E-18   1.7783E-02   5.5882E-02   3.3242E-19   4.7263E-03
  7.5434E-15
   3.9800E+02   8.1065E-18   1.7783E-02   3.7628E-02   3.3242E-19   4.7263E-03
  7.5433E-15
   3.9900E+02   8.1065E-18   1.7363E-02   4.1086E-02   3.3242E-19   4.7164E-03
  6.4635E-15
   4.0000E+02   8.1065E-18   1.6788E-02   4.4075E-02   3.3242E-19   4.6952E-03
  7.0324E-15
   4.0100E+02   8.1065E-18   1.6247E-02   4.5382E-02   3.3242E-19   4.6699E-03
  8.9503E-15
   4.0200E+02   8.1065E-18   1.5847E-02   4.6300E-02   3.3242E-19   4.6470E-03
  1.0585E-14
   4.0300E+02   8.1065E-18   1.5626E-02   4.6193E-02   3.3242E-19   4.6308E-03
  1.1475E-14
   4.0400E+02   8.1065E-18   1.5514E-02   4.6200E-02   3.3242E-19   4.6213E-03
  1.1920E-14
   4.0500E+02   8.1065E-18   1.5450E-02   4.6249E-02   3.3242E-19   4.6159E-03
  1.2181E-14
   4.0600E+02   8.1065E-18   1.5411E-02   4.6266E-02   3.3242E-19   4.6126E-03
  1.2342E-14
   4.0700E+02   8.1065E-18   1.5374E-02   4.6360E-02   3.3242E-19   4.6098E-03
  1.2507E-14
   4.0800E+02   8.1065E-18   1.5307E-02   4.6761E-02   3.3242E-19   4.6058E-03
  1.2810E-14
   4.0900E+02   8.1065E-18   1.5188E-02   4.7547E-02   3.3242E-19   4.5992E-03
  1.3348E-14
   4.1000E+02   8.1065E-18   1.5000E-02   4.8093E-02   3.3242E-19   4.5884E-03
  1.4259E-14
   4.1100E+02   8.1065E-18   1.4773E-02   4.8862E-02   3.3242E-19   4.5736E-03
  1.5406E-14
   4.1200E+02   8.1065E-18   1.4668E-02   4.8611E-02   3.3242E-19   4.5633E-03
  1.5864E-14
   4.1300E+02   8.1065E-18   1.4733E-02   4.7312E-02   3.3242E-19   4.5633E-03
  1.5473E-14
   4.1400E+02   8.1065E-18   1.5000E-02   4.5344E-02   3.3242E-19   4.5764E-03
  1.4124E-14
   4.1500E+02   8.1065E-18   1.5367E-02   4.4642E-02   3.3242E-19   4.5982E-03
  1.2439E-14
   4.1600E+02   8.1065E-18   1.5621E-02   4.4537E-02   3.3242E-19   4.6161E-03
  1.1368E-14
   4.1700E+02   8.1065E-18   1.5706E-02   4.5451E-02   3.3242E-19   4.6255E-03
  1.1048E-14
   4.1800E+02   8.1065E-18   1.5599E-02   4.6725E-02   3.3242E-19   4.6238E-03
  1.1515E-14
   4.1900E+02   8.1065E-18   1.5361E-02   4.7097E-02   3.3242E-19   4.6125E-03
  1.2577E-14
   4.2000E+02   8.1065E-18   1.5218E-02   4.6929E-02   3.3242E-19   4.6023E-03
  1.3208E-14
   4.2100E+02   8.1065E-18   1.5252E-02   4.5519E-02   3.3242E-19   4.6006E-03
  1.3009E-14
   4.2200E+02   8.1065E-18   1.5462E-02   4.4235E-02   3.3242E-19   4.6094E-03
  1.2019E-14
   4.2300E+02   8.1065E-18   1.5788E-02   4.3625E-02   3.3242E-19   4.6264E-03
  1.0600E-14
   4.2400E+02   8.1065E-18   1.6059E-02   4.2358E-02   3.3242E-19   4.6423E-03
  9.4605E-15
   4.2500E+02   8.1065E-18   1.6262E-02   4.2305E-02   3.3242E-19   4.6549E-03
  8.6630E-15
   4.2600E+02   8.1065E-18   1.6379E-02   4.2350E-02   3.3242E-19   4.6631E-03
  8.1987E-15
   4.2700E+02   8.1065E-18   1.6417E-02   4.2535E-02   3.3242E-19   4.6669E-03
  8.0607E-15
