3.903614457831325748e-16 4.835500125661397419e+00
2.440221878914204667e-01 4.835500125661397419e+00
4.880443757800007054e-01 4.835500125661397419e+00
7.320665636714211999e-01 4.835500125661397419e+00
9.760887515628416944e-01 4.835500125661397419e+00
1.220110939451421794e+00 5.017749137326315001e+00
1.464133127342842400e+00 5.182946225332585755e+00
1.708155315231422611e+00 5.328987148095404969e+00
1.952177503122842994e+00 5.453971381370686267e+00
2.196199691011423205e+00 5.556243222602702758e+00
2.440221878902843589e+00 5.634428269342001805e+00
2.684244066791424022e+00 5.687464148936702379e+00
2.928266254682844405e+00 5.714624539324639763e+00
3.172288442574264788e+00 5.715535721736074493e+00
3.416310630462845221e+00 5.690185138013752031e+00
3.660332818354265605e+00 5.638921678635337997e+00
3.904355006242846038e+00 5.562447692214618655e+00
4.148377194134265977e+00 5.464144279019508943e+00
4.392399382022846410e+00 5.361988205979425715e+00
4.636421569914267238e+00 5.259568985556615672e+00
4.880443757802847671e+00 5.156975431692047529e+00
5.124465945694267610e+00 5.054294857966485921e+00
5.368488133585688438e+00 4.951612964059556532e+00
5.612510321474267982e+00 4.849013727733430201e+00
5.856532509365688810e+00 4.746579302507842435e+00
6.100554697254269243e+00 4.644389921173623925e+00
6.344576885145689182e+00 4.542523805230811007e+00
6.588599073034269615e+00 4.441057080384696931e+00
6.832621260925690443e+00 4.340063698138918902e+00
7.076643448814270876e+00 4.239615363581440199e+00
7.320665636705690815e+00 4.139781469364714361e+00
7.564687824597111643e+00 4.040629035936873059e+00
7.808710012485692076e+00 3.942222657996703905e+00
8.052732200377112903e+00 3.845378840366575623e+00
8.296754388265691560e+00 3.755582758511661012e+00
8.540776576157112387e+00 3.673542599317894730e+00
8.784798764045692820e+00 3.598838547787313491e+00
9.028820951937113648e+00 3.531093247040000271e+00
9.272843139825694081e+00 3.469968628513572906e+00
9.516865327717114909e+00 3.415163104550468454e+00
9.760887515608533960e+00 3.366409090804508342e+00
1.000490970349711439e+01 3.323470829977329899e+00
1.024893189138853522e+01 3.286142492126254311e+00
1.049295407927711565e+01 3.254246530119957459e+00
1.073697626716853648e+01 3.227632271833737132e+00
1.098099845505711691e+01 3.206174733465987359e+00
1.122502064294853596e+01 3.189773640874391081e+00
1.146904283083711640e+01 3.178352648208529363e+00
1.171306501872853723e+01 3.171858745302634564e+00
1.195708720661711766e+01 3.169238764726848512e+00
1.220110939450853849e+01 3.162734485242169491e+00
1.244513158239995931e+01 3.150773058274142446e+00
1.268915377028853975e+01 3.133416508097239372e+00
1.293317595817995880e+01 3.110754554705864816e+00
1.317719814606853923e+01 3.082903841298497927e+00
1.342122033395996006e+01 3.050006934267122105e+00
1.366524252184854049e+01 3.012231107695527932e+00
1.390926470973996132e+01 2.969766926855016198e+00
1.415328689762854175e+01 2.922826647489890739e+00
1.439730908551996080e+01 2.871642449684924436e+00
1.464133127341138163e+01 2.816464526878271979e+00
1.488535346129996206e+01 2.757559051990658539e+00
1.512937564919138289e+01 2.695206043769316828e+00
1.537339783707996332e+01 2.629697157223173765e+00
1.561742002497138415e+01 2.561333422432054974e+00
1.586144221285996281e+01 2.492149810367993990e+00
1.610546440075138364e+01 2.435308722285293825e+00
1.634948658863996585e+01 2.392734691216548804e+00
1.659350877653138312e+01 2.363718267848644139e+00
1.683753096442280395e+01 2.347780657316502761e+00
1.708155315231138616e+01 2.344660527979483433e+00
1.732557534020280698e+01 2.354306856602479847e+00
1.756959752809138564e+01 2.376877535197309488e+00
1.781361971598280647e+01 2.412743686174168900e+00
1.805764190387138513e+01 2.462499851204444923e+00
1.830166409176280595e+01 2.526980446132641500e+00
1.854568627965138816e+01 2.607283120635421891e+00
1.878970846754280899e+01 2.704799939672601017e+00
1.903373065543422982e+01 2.821257628408133655e+00
1.927775284332280847e+01 2.958768510654980144e+00
1.952177503121422930e+01 3.119894244156407925e+00
1.976579721910280796e+01 3.305043645912980388e+00
2.000981940699422879e+01 3.495049699869582582e+00
2.025384159488281099e+01 3.684484784177424199e+00
2.049786378277423182e+01 3.872107747015228529e+00
2.074188597066281048e+01 4.056629595760383289e+00
2.098590815855423131e+01 4.236727489997322849e+00
2.122993034644565213e+01 4.411059961728406087e+00
2.147395253433423079e+01 4.578283131048066501e+00
2.171797472222565162e+01 4.737067652702561915e+00
2.196199691011423383e+01 4.886116101458066296e+00
2.220601909800565466e+01 5.024180483023852339e+00
2.245004128589423331e+01 5.150079543048081021e+00
2.269406347378565414e+01 5.262715540463869246e+00
2.293808566167423280e+01 5.361090153216093945e+00
2.318210784956565362e+01 5.444319194758437064e+00
2.342613003745707445e+01 5.511645838220120552e+00
2.367015222534565666e+01 5.562784163846075991e+00
2.391417441323707749e+01 5.599947946798828013e+00
2.415819660112565614e+01 5.623435236151976824e+00
2.440221878901707697e+01 5.633072395300629864e+00
2.464624097690565563e+01 5.628788038528147908e+00
2.489026316479707646e+01 5.610613911578806956e+00
2.513428535268565867e+01 5.578684499937542007e+00
2.537830754057707949e+01 5.533235371576677331e+00
2.562232972846565815e+01 5.474600282743817381e+00
2.586635191635707898e+01 5.403207096520040942e+00
2.611037410424849980e+01 5.319572583980362701e+00
2.635439629213707846e+01 5.224296196299360595e+00
2.659841848002849929e+01 5.118052912774506247e+00
2.684244066791708150e+01 5.001585284091002670e+00
2.708646285580849877e+01 4.875694801891230945e+00
2.733048504369708098e+01 4.741232734792522940e+00
2.757450723158850181e+01 4.602784101028152719e+00
2.781852941947708047e+01 4.490242294992824235e+00
2.806255160736850129e+01 4.408243447842807861e+00
2.830657379525992212e+01 4.355198835163413662e+00
2.855059598314850078e+01 4.330091029192757901e+00
2.879461817103992161e+01 4.332441305480427829e+00
2.903864035892850382e+01 4.362294397807149338e+00
2.928266254681992464e+01 4.420219920246995393e+00
2.952668473470850330e+01 4.507330519793306678e+00
2.977070692259992413e+01 4.625317571167443020e+00
3.001472911048850634e+01 4.776506020334796432e+00
3.025875129837992361e+01 4.963930871408245515e+00
3.050277348627134444e+01 5.191438845832632154e+00
3.074679567415992665e+01 5.463819986814717922e+00
3.099081786205134748e+01 5.786975514390375608e+00
3.123484004993992613e+01 6.168130157544080561e+00
3.147886223783134696e+01 6.608172988972787820e+00
3.172288442571992562e+01 7.045403349384751657e+00
3.196690661361134644e+01 7.458619380449820646e+00
3.221092880149992510e+01 7.840416876225919651e+00
3.245495098939134948e+01 8.183667767666818804e+00
3.269897317728276676e+01 8.481739912027483896e+00
3.294299536517134896e+01 8.728709450829938987e+00
3.318701755306276624e+01 8.919556274763058568e+00
3.343103974095134845e+01 9.050333601685112583e+00
3.367506192884277283e+01 9.118303671624888196e+00
3.391908411673134793e+01 9.122033043544270470e+00
3.416310630462277231e+01 9.061442860917905406e+00
3.440712849251135452e+01 8.937811624202408822e+00
3.465115068040277180e+01 8.753730334050924711e+00
3.489517286829418907e+01 8.513012203478782070e+00
3.513919505618277128e+01 8.220561333301818152e+00
3.538321724407419566e+01 7.889575463721230086e+00
3.562723943196277077e+01 7.585405715680292538e+00
3.587126161985419515e+01 7.319108044636505106e+00
3.611528380774277025e+01 7.087477049989228561e+00
3.635930599563419463e+01 6.887781103824492490e+00
3.660332818352277684e+01 6.717708757391778640e+00
3.684735037141419411e+01 6.575324182472187751e+00
3.709137255930277632e+01 6.459030445852822488e+00
3.733539474719419360e+01 6.367539641298616715e+00
3.757941693508561798e+01 6.299849096521688452e+00
3.782343912297419308e+01 6.255223039170724419e+00
3.806746131086561746e+01 6.233179252017476024e+00
3.831148349875419967e+01 6.233480378092535190e+00
3.855550568664561695e+01 6.256129656011968798e+00
3.879952787453419916e+01 6.301370978098980835e+00
3.904355006242561643e+01 6.369693272762658509e+00
3.928757225031419864e+01 6.458402227898952574e+00
3.953159443820561592e+01 6.538210665495705065e+00
3.977561662609704030e+01 6.601759414467542442e+00
4.001963881398562251e+01 6.648557673701886550e+00
4.026366100187703978e+01 6.678241971750463968e+00
4.050768318976562199e+01 6.690580867688953326e+00
4.075170537765703926e+01 6.685477955983309961e+00
4.099572756554562147e+01 6.662973120782101688e+00
4.123974975343703875e+01 6.623242016812458388e+00
4.148377194132562096e+01 6.566593786332112437e+00
4.172779412921704534e+01 6.493467053636310382e+00
4.197181631710846261e+01 6.404424269727262420e+00
4.221583850499704482e+01 6.300144509124323555e+00
4.245986069288846210e+01 6.181414847842154003e+00
4.270388288077704431e+01 6.049120475644637729e+00
4.294790506866846158e+01 5.904233716206860549e+00
4.319192725655704379e+01 5.753256735611451234e+00
4.343594944444846817e+01 5.643780757817206783e+00
4.367997163233704327e+01 5.584470447943720828e+00
4.392399382022846765e+01 5.573773831696628989e+00
4.416801600811988493e+01 5.611412175035460415e+00
4.441203819600846714e+01 5.698367843629900342e+00
4.465606038389988441e+01 5.836927159859502723e+00
4.490008257178846662e+01 6.030780882503086637e+00
4.514410475967988390e+01 6.285188509300771109e+00
4.538812694756846611e+01 6.607216670776888456e+00
4.563214913545989049e+01 7.006066779534966926e+00
4.587617132334846559e+01 7.493513237958739026e+00
4.612019351123988997e+01 8.084481430235666011e+00
4.636421569913130725e+01 8.797805154557879703e+00
4.660823788701988946e+01 9.657217075967160724e+00
4.685226007491130673e+01 1.069264456137335451e+01
4.709628226279988894e+01 1.192541705935280127e+01
4.734030445069131332e+01 1.323211485524928399e+01
4.758432663857988842e+01 1.456368774508786146e+01
4.782834882647131280e+01 1.590010041015269060e+01
4.807237101435988791e+01 1.721927199859606361e+01
4.831639320225131229e+01 1.849763122085991540e+01
4.856041539013989450e+01 1.971078218027254181e+01
4.880443757803131177e+01 2.083425674260809402e+01
4.904845976592273615e+01 2.184432231596558793e+01
4.929248195381131126e+01 2.271880853439830972e+01
4.953650414170273564e+01 2.343791301999282339e+01
4.978052632959131074e+01 2.398494551179052436e+01
5.002454851748273512e+01 2.434697138842365405e+01
5.026857070537131733e+01 2.451531996137644498e+01
5.051259289326273461e+01 2.448592965381146414e+01
5.075661508115131682e+01 2.425951087848308418e+01
5.100063726904273409e+01 2.386429022414615631e+01
5.124465945693415847e+01 2.351320464951129097e+01
5.148868164482273357e+01 2.325348035411351688e+01
5.173270383271415795e+01 2.308218618483217455e+01
5.197672602060274016e+01 2.299740079160678974e+01
5.222074820849415744e+01 2.299817666442029207e+01
5.246477039638273965e+01 2.308452246341042979e+01
5.270879258427415692e+01 2.325740318017419384e+01
5.295281477216273913e+01 2.351875813447642827e+01
5.319683696005415641e+01 2.387153727686294857e+01
5.344085914794558079e+01 2.431975674967649681e+01
5.368488133583416300e+01 2.486857517335490186e+01
5.392890352372558027e+01 2.552439268894390167e+01
5.417292571161416248e+01 2.629497542137593769e+01
5.441694789950557976e+01 2.718960875430612489e+01
5.466097008739416196e+01 2.821928365166940011e+01
5.490499227528557924e+01 2.938170553037034338e+01
5.514901446317416145e+01 3.054194107448109108e+01
5.539303665106558583e+01 3.165851832134371691e+01
5.563705883895700310e+01 3.272343252134160707e+01
5.588108102684558531e+01 3.372884249372554422e+01
5.612510321473700259e+01 3.466716593114792744e+01
5.636912540262558480e+01 3.553117406549124269e+01
5.661314759051700207e+01 3.631408405315642085e+01
5.685716977840558428e+01 3.700964743492816922e+01
5.710119196629700156e+01 3.761223306117965848e+01
5.734521415418558377e+01 3.811690294507447874e+01
5.758923634207700815e+01 3.851947961601520376e+01
5.783325852996842542e+01 3.881660368865715327e+01
5.807728071785700763e+01 3.900578053819331359e+01
5.832130290574842491e+01 3.908541517481756955e+01
5.856532509363700711e+01 3.905483463547103185e+01
5.880934728152842439e+01 3.889174271923320703e+01
5.905336946941700660e+01 3.838525167130273275e+01
5.929739165730843098e+01 3.749724977345495347e+01
5.954141384519700608e+01 3.625454624608755694e+01
5.978543603308843046e+01 3.469393554031594817e+01
6.002945822097984774e+01 3.286038864087878153e+01
6.027348040886842995e+01 3.080490393861777321e+01
6.051750259675984722e+01 2.858216073043525540e+01
6.076152478464842943e+01 2.624812529155149221e+01
6.100554697253985381e+01 2.385775413772594433e+01
6.124956916042842892e+01 2.146292272864078399e+01
6.149359134831985330e+01 1.911068263270518131e+01
6.173761353620842840e+01 1.684191897262876836e+01
6.198163572409985278e+01 1.469044602686199141e+01
6.222565791198843499e+01 1.268254538719723712e+01
6.246968009987985226e+01 1.083692090241782680e+01
6.271370228777127664e+01 9.182907364481101453e+00
6.295772447565985175e+01 7.864258848118087286e+00
6.320174666355127613e+01 6.839363153823768471e+00
6.344576885143985123e+01 6.040234469325534761e+00
6.368979103933127561e+01 5.417166681796949490e+00
6.393381322721985782e+01 4.933678758574711942e+00
6.417783541511127510e+01 4.562993039214028101e+00
6.442185760299985020e+01 4.285574137709510900e+00
6.466587979089128169e+01 4.087412672682244619e+00
6.490990197878269896e+01 3.958842554747986853e+00
6.515392416667127407e+01 3.893751588423690180e+00
6.539794635456269134e+01 3.889094720317175735e+00
6.564196854245128065e+01 3.944655388163691434e+00
6.588599073034269793e+01 4.063028649133242354e+00
6.613001291823127303e+01 4.249824237680575045e+00
6.637403510612270452e+01 4.514111912983051589e+00
6.661805729401127962e+01 4.862223835162280849e+00
6.686207948190269690e+01 5.236256800837908898e+00
6.710610166979411417e+01 5.617690059452975504e+00
6.735012385768270349e+01 6.004066022701675998e+00
6.759414604557412076e+01 6.392695105245930876e+00
6.783816823346269587e+01 6.780681909440493982e+00
6.808219042135412735e+01 7.164957177598203053e+00
6.832621260924270246e+01 7.542315136055694147e+00
6.857023479713411973e+01 7.909455685021822724e+00
6.881425698502270905e+01 8.263030724016697803e+00
6.905827917291412632e+01 8.599693751893751070e+00
6.930230136080554360e+01 8.916151747829484719e+00
6.954632354869411870e+01 9.209218231883466999e+00
6.979034573658555018e+01 9.475866324762394655e+00
7.003436792447412529e+01 9.713280580804909192e+00
7.027839011236554256e+01 9.918906358720750660e+00
7.052241230025413188e+01 1.009493177820012555e+01
7.076643448814554915e+01 1.028529311165494065e+01
7.101045667603412426e+01 1.050282192305371254e+01
7.125447886392554153e+01 1.074908200158680849e+01
7.149850105181697302e+01 1.102586814922220881e+01
7.174252323970554812e+01 1.133522795223865387e+01
7.198654542759696540e+01 1.167948697013407156e+01
7.223056761548554050e+01 1.206127777482030616e+01
7.247458980337697199e+01 1.248357334637928062e+01
7.271861199126554709e+01 1.294972541596900939e+01
7.296263417915696436e+01 1.346350844466109642e+01
7.320665636704555368e+01 1.402917004044284077e+01
7.345067855493697095e+01 1.465148874841695736e+01
7.369470074282554606e+01 1.533584030345993021e+01
7.393872293071696333e+01 1.608827361578207160e+01
7.418274511860839482e+01 1.691559797117018960e+01
7.442676730649696992e+01 1.781089041363172853e+01
7.467078949438838720e+01 1.862214344635044228e+01
7.491481168227697651e+01 1.929077703280936262e+01
7.515883387016839379e+01 1.979911565775958948e+01
7.540285605805696889e+01 2.013343520518164809e+01
7.564687824594838617e+01 2.028457849396712831e+01
7.589090043383697548e+01 2.024837202162739658e+01
7.613492262172839276e+01 2.002581744545986808e+01
7.637894480961981003e+01 1.962304553952380815e+01
7.662296699750839934e+01 1.905103558139457931e+01
7.686698918539981662e+01 1.832511809520500989e+01
7.711101137328839172e+01 1.746429238235142378e+01
7.735503356117980900e+01 1.649040122917771711e+01
7.759905574906839831e+01 1.542721276604649283e+01
7.784307793695981559e+01 1.429946316251146321e+01
7.808710012484839069e+01 1.313191354634665942e+01
7.833112231273982218e+01 1.196252178564125579e+01
7.857514450063123945e+01 1.094430341218277469e+01
7.881916668851981456e+01 1.008941997910696919e+01
7.906318887641123183e+01 9.372532790510257783e+00
7.930721106429982115e+01 8.773248473179227958e+00
7.955123325219123842e+01 8.275163497335551455e+00
7.979525544007981352e+01 7.865121382786123050e+00
8.003927762797124501e+01 7.532635775099051578e+00
8.028329981585982011e+01 7.269444082702112730e+00
8.052732200375123739e+01 7.069165099477544345e+00
8.077134419164265466e+01 6.927040738618462257e+00
8.101536637953124398e+01 6.839747219765853536e+00
8.125938856742266125e+01 6.805265196645364334e+00
8.150341075531123636e+01 6.822801703171658794e+00
8.174743294320266784e+01 6.892759683385857095e+00
8.199145513109124295e+01 7.016753461887636156e+00
8.223547731898266022e+01 7.193855551217502864e+00
8.247949950687124954e+01 7.385654600864624442e+00
8.272352169476266681e+01 7.581302546318077873e+00
8.296754388265408409e+01 7.780835214030831004e+00
8.321156607054265919e+01 7.984287406986131153e+00
8.345558825843409068e+01 8.191692854246078070e+00
8.369961044632266578e+01 8.403084160059870911e+00
8.394363263421408305e+01 8.618492752632398890e+00
8.418765482210265816e+01 8.837948832520380549e+00
8.443167700999408964e+01 9.061481320778471016e+00
8.467569919788266475e+01 9.289117806820236467e+00
8.491972138577408202e+01 9.520884496122375751e+00
8.516374357366267134e+01 9.756806157736802376e+00
8.540776576155408861e+01 9.996906071744925626e+00
8.565178794944550589e+01 1.024120597662134635e+01
8.589581013733408099e+01 1.048972601662676496e+01
8.613983232522551248e+01 1.074175371738970952e+01
8.638385451311408758e+01 1.098902253044401967e+01
8.662787670100550486e+01 1.122861199241146757e+01
8.687189888889409417e+01 1.145977851979477080e+01
8.711592107678551145e+01 1.168179314303305993e+01
8.735994326467408655e+01 1.189394530991971877e+01
8.760396545256550382e+01 1.209554665445351240e+01
8.784798764045693531e+01 1.228593470323531101e+01
8.809200982834551041e+01 1.246447649167022931e+01
8.833603201623692769e+01 1.263057206241197150e+01
8.858005420412551700e+01 1.278365781903468879e+01
8.882407639201693428e+01 1.292320970878935071e+01
8.906809857990550938e+01 1.304874620926029571e+01
8.931212076779692666e+01 1.315983109517543248e+01
8.955614295568551597e+01 1.325607596308072367e+01
8.980016514357693325e+01 1.333714249348300740e+01
9.004418733146835052e+01 1.340137077284191491e+01
9.028820951935693984e+01 1.343302673542413928e+01
9.053223170724835711e+01 1.342754772745686331e+01
9.077625389513693221e+01 1.338497917161114437e+01
9.102027608302834949e+01 1.330567355344073022e+01
9.126429827091693880e+01 1.319028556131656416e+01
9.150832045880835608e+01 1.303976308704447185e+01
9.175234264669693118e+01 1.285533426022322168e+01
9.199636483458836267e+01 1.263849076435482388e+01
9.224038702247977994e+01 1.239096775174431819e+01
9.248440921036835505e+01 1.211472073532204874e+01
9.272843139825977232e+01 1.181189988763095755e+01
9.297245358614836164e+01 1.148482221901686984e+01
9.321647577403977891e+01 1.113594213757656703e+01
9.346049796192835402e+01 1.076782091261549823e+01
9.370452014981978550e+01 1.038309557030449071e+01
9.394854233770836061e+01 9.988855119445021913e+00
9.419256452559977788e+01 9.635986004802850502e+00
9.443658671349119516e+01 9.334552425307409251e+00
9.468060890137978447e+01 9.080457495076512231e+00
9.492463108927120174e+01 8.870311119922201115e+00
9.516865327715977685e+01 8.701354601670361788e+00
9.541267546505120833e+01 8.571400234701171073e+00
9.565669765293978344e+01 8.478784041735645260e+00
9.590071984083120071e+01 8.422330217639265371e+00
9.614474202871977582e+01 8.401326216229717758e+00
9.638876421661120730e+01 8.415507740023910443e+00
9.663278640449978241e+01 8.465053189645470155e+00
9.687680859239119968e+01 8.550587409458792365e+00
9.712083078028263117e+01 8.673194839678764367e+00
9.736485296817120627e+01 8.834442463072775809e+00
9.760887515606262355e+01 9.036413226972868529e+00
9.785289734395119865e+01 9.280611509968194284e+00
9.809691953184263014e+01 9.556407500039583169e+00
9.834094171973120524e+01 9.862110882331872830e+00
9.858496390762262251e+01 1.020004893389018896e+01
9.882898609551121183e+01 1.057284299145369033e+01
9.907300828340262910e+01 1.098344207719325638e+01
9.931703047129404638e+01 1.143516139809859844e+01
9.956105265918262148e+01 1.193172641703874604e+01
9.980507484707405297e+01 1.247732330753749430e+01
1.000490970349626281e+02 1.307665673749668755e+01
1.002931192228540453e+02 1.373501608310381172e+01
1.005371414107426347e+02 1.445835135625423362e+01
1.007811635986340519e+02 1.525336034326443446e+01
1.010251857865226270e+02 1.612758870361622243e+01
1.012692079744140443e+02 1.708954507381085008e+01
1.015132301623054758e+02 1.814883356938888070e+01
1.017572523501940509e+02 1.930899663263536681e+01
1.020012745380854682e+02 2.048756287656973996e+01
1.022452967259740575e+02 2.165028150314731548e+01
1.024893189138654748e+02 2.278659592981457038e+01
1.027333411017540499e+02 2.388570202828833544e+01
1.029773632896454671e+02 2.493671402351732880e+01
1.032213854775340565e+02 2.592884041911352355e+01
1.034654076654254737e+02 2.685156607817911123e+01
1.037094298533168910e+02 2.769483623213442769e+01
1.039534520412054803e+02 2.844923795871394745e+01
1.041974742290968976e+02 2.910617457488325854e+01
1.044414964169854727e+02 2.965802844132662131e+01
1.046855186048768900e+02 3.009830787503769045e+01
1.049295407927654793e+02 3.042177421154950423e+01
1.051735629806568966e+02 3.062454554102970050e+01
1.054175851685454717e+02 3.070417424640753623e+01
1.056616073564369032e+02 3.066659648165869712e+01
1.059056295443283204e+02 3.059664082356246695e+01
1.061496517322168955e+02 3.051952889024264692e+01
1.063936739201083128e+02 3.043531563114248328e+01
1.066376961079969021e+02 3.034406094938483989e+01
1.068817182958883194e+02 3.024582963075512509e+01
1.071257404837768945e+02 3.014069126706397483e+01
1.073697626716683260e+02 3.002872017398117421e+01
1.076137848595569011e+02 2.990999530351423985e+01
1.078578070474483184e+02 2.978460015123656390e+01
1.081018292353397356e+02 2.965262265845741396e+01
1.083458514232283250e+02 2.951415510946145204e+01
1.085898736111197422e+02 2.936929402399767142e+01
1.088338957990083173e+02 2.921814004521090880e+01
1.090779179868997488e+02 2.906079782315632443e+01
1.093219401747883239e+02 2.889737589413861585e+01
1.095659623626797412e+02 2.873054094109911460e+01
1.098099845505683163e+02 2.859226207957003396e+01
1.100540067384597478e+02 2.849170698042023275e+01
1.102980289263483229e+02 2.842848151674192181e+01
1.105420511142397402e+02 2.840233834890852549e+01
1.107860733021311717e+02 2.841317531121600837e+01
1.110300954900197468e+02 2.846103474616232276e+01
1.112741176779111640e+02 2.854610378030711715e+01
1.115181398657997391e+02 2.866871554421267021e+01
1.117621620536911706e+02 2.882935134762698581e+01
1.120061842415797457e+02 2.902864382976925839e+01
1.122502064294711630e+02 2.926738111364310768e+01
1.124942286173597523e+02 2.954651200252501653e+01
1.127382508052511696e+02 2.986715226668924217e+01
1.129822729931425869e+02 3.023059207862099029e+01
1.132262951810311620e+02 3.063830466617349302e+01
1.134703173689225935e+02 3.108133002526614419e+01
1.137143395568111686e+02 3.142276583591975481e+01
1.139583617447025858e+02 3.161672342731785434e+01
1.142023839325911752e+02 3.166044014690680086e+01
1.144464061204825924e+02 3.155329174718670515e+01
1.146904283083711675e+02 3.129680721857817005e+01
1.149344504962625848e+02 3.089463248299946940e+01
1.151784726841540163e+02 3.035244415322718226e+01
1.154224948720425914e+02 2.967781620937487119e+01
1.156665170599340087e+02 2.888004396918226035e+01
1.159105392478225980e+02 2.796993106982841226e+01
1.161545614357140153e+02 2.695954628118383312e+01
1.163985836236025904e+02 2.586195779331092126e+01
1.166426058114940076e+02 2.469095313485718890e+01
1.168866279993825970e+02 2.346075307358317019e+01
1.171306501872740142e+02 2.218572772548770544e+01
1.173746723751654315e+02 2.088607292835077089e+01
1.176186945630540208e+02 1.964797719635205908e+01
1.178627167509454381e+02 1.849101648748377258e+01
1.181067389388340132e+02 1.740947245996033743e+01
1.183507611267254305e+02 1.639805436906456038e+01
1.185947833146140198e+02 1.545186544956313313e+01
1.188388055025054371e+02 1.456637205895738241e+01
1.190828276903940122e+02 1.373737534621445633e+01
1.193268498782854437e+02 1.296098523073347408e+01
1.195708720661768609e+02 1.223359649591854570e+01
1.198148942540654360e+02 1.155186681837127693e+01
1.200589164419568533e+02 1.091269656973332580e+01
1.203029386298454426e+02 1.031321024240231488e+01
1.205469608177368599e+02 9.750739363043708252e+00
1.207909830056254350e+02 9.222806770029677637e+00
1.210350051935168665e+02 8.727112141214906416e+00
1.212790273814054416e+02 8.264577805280067579e+00
1.215230495692968589e+02 7.871849927352883469e+00
1.217670717571854340e+02 7.552990299089759496e+00
1.220110939450768655e+02 7.300406373427694717e+00
1.222551161329682827e+02 7.108224437981959021e+00
1.224991383208568578e+02 6.972061606950024526e+00
1.227431605087482893e+02 6.888858872420487778e+00
1.229871826966368644e+02 6.856766292990355893e+00
1.232312048845282817e+02 6.875074272478048698e+00
1.234752270724168568e+02 6.944187345995946004e+00
1.237192492603082883e+02 7.065639114280628519e+00
1.239632714481968634e+02 7.242149100039996235e+00
1.242072936360882807e+02 7.477724484636279811e+00
1.244513158239797121e+02 7.777812066270676006e+00
1.246953380118682873e+02 8.149508525240033663e+00
1.249393601997597045e+02 8.601840380503704253e+00
1.251833823876482796e+02 9.140148674724683175e+00
1.254274045755397111e+02 9.689549737428004406e+00
1.256714267634282862e+02 1.021867340423563242e+01
1.259154489513197035e+02 1.072077121553404488e+01
1.261594711392082928e+02 1.118917647765557710e+01
1.264034933270997101e+02 1.161744982938083126e+01
1.266475155149911274e+02 1.199952552848629317e+01
1.268915377028797025e+02 1.232985385092809771e+01
1.271355598907711340e+02 1.260353495031646354e+01
1.273795820786597091e+02 1.281643967479710255e+01
1.276236042665511263e+02 1.296531318194927351e+01
1.278676264544397156e+02 1.304785771912765746e+01
1.281116486423311187e+02 1.306279162723300225e+01
1.283556708302197080e+02 1.300988245034124269e+01
1.285996930181111395e+02 1.288995295581920608e+01
1.288437152060025426e+02 1.270485984702457039e+01
1.290877373938911319e+02 1.246157368662944620e+01
1.293317595817825634e+02 1.222054141881595690e+01
1.295757817696711243e+02 1.199994436869126169e+01
1.298198039575625558e+02 1.179883820963306995e+01
1.300638261454511451e+02 1.161637135290428979e+01
1.303078483333425481e+02 1.145177894566936416e+01
1.305518705212311374e+02 1.130437753229470843e+01
1.307958927091225405e+02 1.117356032673655442e+01
1.310399148970139720e+02 1.105879305031482751e+01
1.312839370849025613e+02 1.095961029486272587e+01
1.315279592727939644e+02 1.087561237661452651e+01
1.317719814606825537e+02 1.080646265105872494e+01
1.320160036485739852e+02 1.075188526346836682e+01
1.322600258364625461e+02 1.071166331408750594e+01
1.325040480243539776e+02 1.068563742085524737e+01
1.327480702122425669e+02 1.067370466634862680e+01
1.329920924001339699e+02 1.067371904736664767e+01
1.332361145880225592e+02 1.065535340442504264e+01
1.334801367759139907e+02 1.060880376676278125e+01
1.337241589638053938e+02 1.053443967501686274e+01
1.339681811516939831e+02 1.043284923042144818e+01
1.342122033395853862e+02 1.030483135016502061e+01
1.344562255274739755e+02 1.015138530587011800e+01
1.347002477153654070e+02 9.973697736767984878e+00
1.349442699032539679e+02 9.773127373666225637e+00
1.351882920911453994e+02 9.551187748636674968e+00
1.354323142790339887e+02 9.309528198049592973e+00
1.356763364669253917e+02 9.049913491993667236e+00
1.359203586548168232e+02 8.774202441334407965e+00
1.361643808427054125e+02 8.484325843818789181e+00
1.364084030305968156e+02 8.182264133209656620e+00
1.366524252184854049e+02 7.870025090267731116e+00
1.368964474063768364e+02 7.551765741129866427e+00
1.371404695942653973e+02 7.259675599121892198e+00
1.373844917821568288e+02 7.001486286074285026e+00
1.376285139700454181e+02 6.774349413636871375e+00
1.378725361579368212e+02 6.575810162902096856e+00
1.381165583458282526e+02 6.403763194187422236e+00
1.383605805337168135e+02 6.256415498965211874e+00
1.386046027216082450e+02 6.132255277603092303e+00
1.388486249094968343e+02 6.030026087053030892e+00
1.390926470973882374e+02 5.948705639486902896e+00
1.393366692852768267e+02 5.887488750809827920e+00
1.395806914731682582e+02 5.845774040514735148e+00
1.398247136610568191e+02 5.823154075041450106e+00
1.400687358489482506e+02 5.819408728210057724e+00
1.403127580368396821e+02 5.834501607103339538e+00
1.405567802247282430e+02 5.868579462055377505e+00
1.408008024126196744e+02 5.920180458767864806e+00
1.410448246005082638e+02 5.962266446875662318e+00
1.412888467883996668e+02 5.985322448199557499e+00
1.415328689762882561e+02 5.989126150984741770e+00
1.417768911641796592e+02 5.973640824026702489e+00
1.420209133520682485e+02 5.939015907206734113e+00
1.422649355399596800e+02 5.885584610472687217e+00
1.425089577278510831e+02 5.813858575219136959e+00
1.427529799157396724e+02 5.724519717680215614e+00
1.429970021036311039e+02 5.618409436181128314e+00
1.432410242915196648e+02 5.496515421132166068e+00
1.434850464794110962e+02 5.359956356835634317e+00
1.437290686672996856e+02 5.209964846339619982e+00
1.439730908551910886e+02 5.047868923380439021e+00
1.442171130430796779e+02 4.875072538484034546e+00
1.444611352309710810e+02 4.693035418741247966e+00
1.447051574188625125e+02 4.504197769089253178e+00
1.449491796067511018e+02 4.324052734442124901e+00
1.451932017946425049e+02 4.156812884357845128e+00
1.454372239825310942e+02 4.001528665084454595e+00
1.456812461704225257e+02 3.857334949315069039e+00
1.459252683583110866e+02 3.723443216703502756e+00
1.461692905462025180e+02 3.599134538017565443e+00
1.464133127340911074e+02 3.483753277203016196e+00
1.466573349219825104e+02 3.376701435348478775e+00
1.469013571098710997e+02 3.277433569297516502e+00
1.471453792977625312e+02 3.185452225206522048e+00
1.473894014856539343e+02 3.100303834180549778e+00
1.476334236735425236e+02 3.021575023020388162e+00
1.478774458614339267e+02 2.948889298444539175e+00
1.481214680493225160e+02 2.881904067829573091e+00
1.483654902372139475e+02 2.820307963643198246e+00
1.486095124251025084e+02 2.764114171631076644e+00
1.488535346129939398e+02 2.717690739376637410e+00
1.490975568008825292e+02 2.682171650370327676e+00
1.493415789887739322e+02 2.657146977426148915e+00
1.495856011766653637e+02 2.642330050186306956e+00
1.498296233645539530e+02 2.637551975025198114e+00
1.500736455524453561e+02 2.642758422384400951e+00
1.503176677403339454e+02 2.658008595872987989e+00
1.505616899282253769e+02 2.683476355713450445e+00
1.508057121161139378e+02 2.719453526414500999e+00
1.510497343040053693e+02 2.766355476887338849e+00
1.512937564918939586e+02 2.824729122562309236e+00
1.515377786797853616e+02 2.895263565602471001e+00
1.517818008676767931e+02 2.978803663307830529e+00
1.520258230555653540e+02 3.076366899043407432e+00
1.522698452434567855e+02 3.189164027502353616e+00
1.525138674313453748e+02 3.317795163664914782e+00
1.527578896192367779e+02 3.449675179940436376e+00
1.530019118071253672e+02 3.579613438774686962e+00
1.532459339950167987e+02 3.707006498254915350e+00
1.534899561829053596e+02 3.831244394168657585e+00
1.537339783707967911e+02 3.951715378675462187e+00
1.539780005586882226e+02 4.067810840695829988e+00
1.542220227465767834e+02 4.178930354095108157e+00
1.544660449344682149e+02 4.284486796119407082e+00
1.547100671223567758e+02 4.383911475798998758e+00
1.549540893102482073e+02 4.476659210229251507e+00
1.551981114981367966e+02 4.562213285678645036e+00
1.554421336860281997e+02 4.640090240654326514e+00
1.556861558739167890e+02 4.709844409110958807e+00
1.559301780618082205e+02 4.771072164203537191e+00
1.561742002496996236e+02 4.823415806077447243e+00
1.564182224375882129e+02 4.868353305187128832e+00
1.566622446254796444e+02 4.936047376577993973e+00
1.569062668133682052e+02 5.038541504132463267e+00
1.571502890012596367e+02 5.177959520397718229e+00
1.573943111891482260e+02 5.357235662705097212e+00
1.576383333770396291e+02 5.580217686084904649e+00
1.578823555649282184e+02 5.851804666572632208e+00
1.581263777528196215e+02 6.178126413077126067e+00
1.583703999407082108e+02 6.566773688760618732e+00
1.586144221285996423e+02 7.027091332953480318e+00
1.588584443164910454e+02 7.570550080032255380e+00
1.591024665043796347e+02 8.211217669291343668e+00
1.593464886922710662e+02 8.966356096919220420e+00
1.595905108801596270e+02 9.857180072197612830e+00
1.598345330680510585e+02 1.090982257218291984e+01
1.600785552559396479e+02 1.215656774562778608e+01
1.603225774438310509e+02 1.362813190759169224e+01
1.605665996317196402e+02 1.519066434469370108e+01
1.608106218196110717e+02 1.676397224126739616e+01
1.610546440075024748e+02 1.831626105616660638e+01
1.612986661953910641e+02 1.981328300228528505e+01
1.615426883832824672e+02 2.121953131193996711e+01
1.617867105711710565e+02 2.249960313743829943e+01
1.620307327590624880e+02 2.361966070847653398e+01
1.622747549469510489e+02 2.454890798366100668e+01
1.625187771348424803e+02 2.526099352967274214e+01
1.627627993227310697e+02 2.573525071204213432e+01
1.630068215106224727e+02 2.595769383214739179e+01
1.632508436985139042e+02 2.592170322804109261e+01
1.634948658864024935e+02 2.562835251114113078e+01
1.637388880742938966e+02 2.508635536616181483e+01
1.639829102621824859e+02 2.431163559285319309e+01
1.642269324500739174e+02 2.333869577299336484e+01
1.644709546379624783e+02 2.239939159569473048e+01
1.647149768258539098e+02 2.156594028556068210e+01
1.649589990137424991e+02 2.082922498034292857e+01
1.652030212016339021e+02 2.018135676902290854e+01
1.654470433895253336e+02 1.961553445475646384e+01
1.656910655774138945e+02 1.912592585477647233e+01
1.659350877653053260e+02 1.870756774324999228e+01
1.661791099531939153e+02 1.835628203665046598e+01
1.664231321410853184e+02 1.806860624071253696e+01
1.666671543289739077e+02 1.784173653781147806e+01
1.669111765168653392e+02 1.767348220422296734e+01
1.671551987047539001e+02 1.756223031903668996e+01
1.673992208926453316e+02 1.750691996794839156e+01
1.676432430805367630e+02 1.750702536379930052e+01
1.678872652684253239e+02 1.756254750744267668e+01
1.681312874563167554e+02 1.766965913801964305e+01
1.683753096442053163e+02 1.774936449160688312e+01
1.686193318320967478e+02 1.777147361999772102e+01
1.688633540199853371e+02 1.773577095569498852e+01
1.691073762078767402e+02 1.764260451654787332e+01
1.693513983957653295e+02 1.749288025793954660e+01
1.695954205836567610e+02 1.728804740609304957e+01
1.698394427715453219e+02 1.703007510458802187e+01
1.700834649594367534e+02 1.672142090031562134e+01
1.703274871473281848e+02 1.636499177421739404e+01
1.705715093352167457e+02 1.596409858074037302e+01
1.708155315231081772e+02 1.552240489414555036e+01
1.710595537109967665e+02 1.504387136590694141e+01
1.713035758988881696e+02 1.453269677272987970e+01
1.715475980867767589e+02 1.399325697842420091e+01
1.717916202746681620e+02 1.343004304348380984e+01
1.720356424625567513e+02 1.285054622842986660e+01
1.722796646504481828e+02 1.231170396747346096e+01
1.725236868383395858e+02 1.182969236469254071e+01
1.727677090262281752e+02 1.139954316506442389e+01
1.730117312141196066e+02 1.101691894605964706e+01
1.732557534020081675e+02 1.067804068656973904e+01
1.734997755898995990e+02 1.037962584200397131e+01
1.737437977777881883e+02 1.011883551056176778e+01
1.739878199656795914e+02 9.893229503126841351e+00
1.742318421535681807e+02 9.700728322937003156e+00
1.744758643414596122e+02 9.539581226210204434e+00
1.747198865293510153e+02 9.408339677114559763e+00
1.749639087172396046e+02 9.305835633369706983e+00
1.752079309051310076e+02 9.231164206513140513e+00
1.754519530930195970e+02 9.183670336169685200e+00
1.756959752809110284e+02 9.162939203314566683e+00
1.759399974687995893e+02 9.167825651898427353e+00
1.761840196566910208e+02 9.179734888075719468e+00
1.764280418445796101e+02 9.191537945342135529e+00
1.766720640324710132e+02 9.203234374554094543e+00
1.769160862203624447e+02 9.214823730229385390e+00
1.771601084082510340e+02 9.226305570575803472e+00
1.774041305961424371e+02 9.237679457519657689e+00
1.776481527840310264e+02 9.248944956732609413e+00
1.778921749719224579e+02 9.260101637660396179e+00
1.781361971598110188e+02 9.271149073549198150e+00
1.783802193477024502e+02 9.282086841473823569e+00
1.786242415355910111e+02 9.292914522363696861e+00
1.788682637234824426e+02 9.303631701030598222e+00
1.791122859113738741e+02 9.314237966194317764e+00
1.793563080992624350e+02 9.324732910509302641e+00
1.796003302871538665e+02 9.335116130591101680e+00
1.798443524750424558e+02 9.345995702819184459e+00
1.800883746629338589e+02 9.369464642271863042e+00
1.803323968508224482e+02 9.410346435567289447e+00
1.805764190387138797e+02 9.468868451209136339e+00
1.808204412266024406e+02 9.545357307814182235e+00
1.810644634144938721e+02 9.640241914108806043e+00
1.813084856023824614e+02 9.754057479690203536e+00
1.815525077902738644e+02 9.887450549118073084e+00
1.817965299781652959e+02 1.004118512562630805e+01
1.820405521660538568e+02 1.021614996571732803e+01
1.822845743539452883e+02 1.041336714216108028e+01
1.825285965418338776e+02 1.063400199087527120e+01
1.827726187297252807e+02 1.087937457722086876e+01
1.830166409176138700e+02 1.115097283946780315e+01
1.832606631055053015e+02 1.145046759247950341e+01
1.835046852933938624e+02 1.177972960290060200e+01
1.837487074812852939e+02 1.213792681787583128e+01
1.839927296691767253e+02 1.246569632310926856e+01
1.842367518570652862e+02 1.273529013220311690e+01
1.844807740449567177e+02 1.294259663834058571e+01
1.847247962328453070e+02 1.308441354217357322e+01
1.849688184207367101e+02 1.315853014520622644e+01
1.852128406086252994e+02 1.316378468440601779e+01
1.854568627965167025e+02 1.310009462997553165e+01
1.857008849844052918e+02 1.296845884198928012e+01
1.859449071722967233e+02 1.277093150713582581e+01
1.861889293601881263e+02 1.251056880602289745e+01
1.864329515480767157e+02 1.219135024617275675e+01
1.866769737359681471e+02 1.181807749045142408e+01
1.869209959238567080e+02 1.139625427469268892e+01
1.871650181117481395e+02 1.093195160828501500e+01
1.874090402996367288e+02 1.043166286405076981e+01
1.876530624875281319e+02 9.907179232587317586e+00
1.878970846754167212e+02 9.464983733810482747e+00
1.881411068633081527e+02 9.135200391740074366e+00
1.883851290511995558e+02 8.907270469239609412e+00
1.886291512390881451e+02 8.774038905873824845e+00
1.888731734269795481e+02 8.731378729378166170e+00
1.891171956148681375e+02 8.777977265708257093e+00
1.893612178027595689e+02 8.915268589543869027e+00
1.896052399906481298e+02 9.147507332104057198e+00
1.898492621785395613e+02 9.481989182667065919e+00
1.900932843664281506e+02 9.929434137413460704e+00
1.903373065543195537e+02 1.050456077453746850e+01
1.905813287422109852e+02 1.122689475126941439e+01
1.908253509300995745e+02 1.212187382532285973e+01
1.910693731179909776e+02 1.322233699574083765e+01
1.913133953058795669e+02 1.457051958502879785e+01
1.915574174937709984e+02 1.621155321798918791e+01
1.918014396816595593e+02 1.799027190736391191e+01
1.920454618695509907e+02 1.981317744587543572e+01
1.922894840574395516e+02 2.165578002887433939e+01
1.925335062453309831e+02 2.349074737127497770e+01
1.927775284332224146e+02 2.528850396859501615e+01
1.930215506211109755e+02 2.701797167466864025e+01
1.932655728090024070e+02 2.864742867567531448e+01
1.935095949968909963e+02 3.014545562196657258e+01
1.937536171847823994e+02 3.148193067575180493e+01
1.939976393726709887e+02 3.262903012593682206e+01
1.942416615605624202e+02 3.356218849221677658e+01
1.944856837484509811e+02 3.426097200691825151e+01
1.947297059363424125e+02 3.470982216098487072e+01
1.949737281242310019e+02 3.489863154730225858e+01
1.952177503121224049e+02 3.482312224168988735e+01
1.954617725000138364e+02 3.449336773712638404e+01
1.957057946879023973e+02 3.410064297621117646e+01
1.959498168757938288e+02 3.372226824288299696e+01
1.961938390636824181e+02 3.335786379368131804e+01
1.964378612515738212e+02 3.300706625793517190e+01
1.966818834394624105e+02 3.266952803721903109e+01
1.969259056273538420e+02 3.234491673413349844e+01
1.971699278152424029e+02 3.203291460923306033e+01
1.974139500031338343e+02 3.173321806473832396e+01
1.976579721910252658e+02 3.144553715398009786e+01
1.979019943789138267e+02 3.116959511537534766e+01
1.981460165668052582e+02 3.090512792993017399e+01
1.983900387546938475e+02 3.065188390130985496e+01
1.986340609425852506e+02 3.040962325746532713e+01
1.988780831304738399e+02 3.017811777303024456e+01
1.991221053183652430e+02 2.995715041156304892e+01
1.993661275062538323e+02 2.974755245256109148e+01
1.996101496941452638e+02 2.957284512247017005e+01
1.998541718820366668e+02 2.944230462921785119e+01
2.000981940699252561e+02 2.935535374284774335e+01
2.003422162578166876e+02 2.931160892246378324e+01
2.005862384457052485e+02 2.931087749518986740e+01
2.008302606335966800e+02 2.935315624110297605e+01
2.010742828214852693e+02 2.943863136959675231e+01
2.013183050093766724e+02 2.956767988693265892e+01
2.015623271972652617e+02 2.974087236902990838e+01
2.018063493851566932e+02 2.995897716809153621e+01
2.020503715730480963e+02 3.022296609646117815e+01
2.022943937609366856e+02 3.053402164664446872e+01
2.025384159488280886e+02 3.089354582261817939e+01
2.027824381367166779e+02 3.130317067475016657e+01
2.030264603246081094e+02 3.176477064928894478e+01
2.032704825124966703e+02 3.227746241709140662e+01
2.035145047003881018e+02 3.277070323440402433e+01
2.037585268882766911e+02 3.321211894914672058e+01
2.040025490761680942e+02 3.359942574385950564e+01
2.042465712640595257e+02 3.393060250956963841e+01
2.044905934519481150e+02 3.420390840912360630e+01
2.047346156398395181e+02 3.441789811749457328e+01
2.049786378277281074e+02 3.457143455239242513e+01
2.052226600156195389e+02 3.466369893835953775e+01
2.054666822035080997e+02 3.469419807964830937e+01
2.057107043913995312e+02 3.466276875154882475e+01
2.059547265792880921e+02 3.456957915542463411e+01
2.061987487671795236e+02 3.441512741932116626e+01
2.064427709550681129e+02 3.420023716285803772e+01
2.066867931429595160e+02 3.392605018162291941e+01
2.069308153308509475e+02 3.359401634203534570e+01
2.071748375187395368e+02 3.320329140907497845e+01
2.074188597066309399e+02 3.269341249886435463e+01
2.076628818945195292e+02 3.204367357962980378e+01
2.079069040824109607e+02 3.126275678249554346e+01
2.081509262702995215e+02 3.036093714289549439e+01
2.083949484581909530e+02 2.934985779458080657e+01
2.086389706460795423e+02 2.824228022930046222e+01
2.088829928339709454e+02 2.705181709660476841e+01
2.091270150218623769e+02 2.579265533732051452e+01
2.093710372097509378e+02 2.447927747134579590e+01
2.096150593976423693e+02 2.312618860710147572e+01
2.098590815855309586e+02 2.174765622626158645e+01
2.101031037734223617e+02 2.035746905511736315e+01
2.103471259613109510e+02 1.896872040597709130e+01
2.105911481492023825e+02 1.759362030209948813e+01
2.108351703370909433e+02 1.624333954235994781e+01
2.110791925249823748e+02 1.493092061928441616e+01
2.113232147128738063e+02 1.373486281875483428e+01
2.115672369007623672e+02 1.267251632024147590e+01
2.118112590886537987e+02 1.172741208025417592e+01
2.120552812765423880e+02 1.088534769838832972e+01
2.122993034644337911e+02 1.013405412023837648e+01
2.125433256523223804e+02 9.462914720551927061e+00
2.127873478402137835e+02 8.862728119376004798e+00
2.130313700281023728e+02 8.325507581934223467e+00
2.132753922159938043e+02 7.844311080253200785e+00
2.135194144038852073e+02 7.413097103660558851e+00
2.137634365917737966e+02 7.026602134990756809e+00
2.140074587796652281e+02 6.680236394035194536e+00
2.142514809675537890e+02 6.369995015153436135e+00
2.144955031554452205e+02 6.092382293832863560e+00
2.147395253433338098e+02 5.844347025356816161e+00
2.149835475312252129e+02 5.623871482594807958e+00
2.152275697191138022e+02 5.444877401622056468e+00
2.154715919070052337e+02 5.310924047447222129e+00
2.157156140948966367e+02 5.218928447757512856e+00
2.159596362827852261e+02 5.166802509934721677e+00
2.162036584706766291e+02 5.153373836033721567e+00
2.164476806585652184e+02 5.178341664723864923e+00
2.166917028464566499e+02 5.242265616455562771e+00
2.169357250343452108e+02 5.346586650749674874e+00
2.171797472222366423e+02 5.493681337124036723e+00
2.174237694101252316e+02 5.686952308369980891e+00
2.176677915980166347e+02 5.930959727639963042e+00
2.179118137859052240e+02 6.231600895995405232e+00
2.181558359737966555e+02 6.596347920274832966e+00
2.183998581616880585e+02 7.034556859652422389e+00
2.186438803495766479e+02 7.557866242916856159e+00
2.188879025374680793e+02 8.178550679867882423e+00
2.191319247253566402e+02 8.850446516268132058e+00
2.193759469132480717e+02 9.547163288374207468e+00
2.196199691011366326e+02 1.026606134049013797e+01
2.198639912890280641e+02 1.100407888456159711e+01
2.201080134769166534e+02 1.175774050482370292e+01
2.203520356648080565e+02 1.252317307645239630e+01
2.205960578526994880e+02 1.329612931695052502e+01
2.208400800405880773e+02 1.407201902990291842e+01
2.210841022284794803e+02 1.484594792839567212e+01
2.213281244163680697e+02 1.561276374511595932e+01
2.215721466042595011e+02 1.636710915272869826e+01
2.218161687921480620e+02 1.710348083559236088e+01
2.220601909800394935e+02 1.781629387953643473e+01
2.223042131679280828e+02 1.849995048357144611e+01
2.225482353558194859e+02 1.914891185364010795e+01
2.227922575437109174e+02 1.975670296507107793e+01
2.230362797315994783e+02 2.028724469079604376e+01
2.232803019194909098e+02 2.071907520338560360e+01
2.235243241073794991e+02 2.104536045405021127e+01
2.237683462952709021e+02 2.126087199221522539e+01
2.240123684831594915e+02 2.136212634009094558e+01
2.242563906710509229e+02 2.134747866615423106e+01
2.245004128589394838e+02 2.121716723731167065e+01
2.247444350468309153e+02 2.097330697094496443e+01
2.249884572347223468e+02 2.061983233068917443e+01
2.252324794226109077e+02 2.016239172063127683e+01
2.254765016105023392e+02 1.960819733912228813e+01
2.257205237983909285e+02 1.896583606931730159e+01
2.259645459862823316e+02 1.824504833330809106e+01
2.262085681741709209e+02 1.745648286153394224e+01
2.264525903620623239e+02 1.661143598663479892e+01
2.266966125499509133e+02 1.572499944548271422e+01
2.269406347378423447e+02 1.490201007365457109e+01
2.271846569257337478e+02 1.417857715157465570e+01
2.274286791136223371e+02 1.354422104755905387e+01
2.276727013015137686e+02 1.298999546890081369e+01
2.279167234894023295e+02 1.250827873095646403e+01
2.281607456772937610e+02 1.209259994206328770e+01
2.284047678651823503e+02 1.173749457825741516e+01
2.286487900530737534e+02 1.143838494650102255e+01
2.288928122409623427e+02 1.119148188061945604e+01
2.291368344288537742e+02 1.099370471540848726e+01
2.293808566167451772e+02 1.084261717203377806e+01
2.296248788046337665e+02 1.073637728501813804e+01
2.298689009925251696e+02 1.067369992844905546e+01
2.301129231804137589e+02 1.065383087272600449e+01
2.303569453683051904e+02 1.067653163764298796e+01
2.306009675561937513e+02 1.074080148475215069e+01
2.308449897440851828e+02 1.080878868899604939e+01
2.310890119319737721e+02 1.086242606949388367e+01
2.313330341198651752e+02 1.090149628807477455e+01
2.315770563077537645e+02 1.092584057946926634e+01
2.318210784956451960e+02 1.093535982608421797e+01
2.320651006835365990e+02 1.093001523028989830e+01
2.323091228714251884e+02 1.090982857784833193e+01
2.325531450593165914e+02 1.087488208997283756e+01
2.327971672472051807e+02 1.082531786543122188e+01
2.330411894350966122e+02 1.076133691798101921e+01
2.332852116229851731e+02 1.068319781827442938e+01
2.335292338108766046e+02 1.059121495305423721e+01
2.337732559987651939e+02 1.048575641806451131e+01
2.340172781866565970e+02 1.036724156440786437e+01
2.342613003745480285e+02 1.023613822126589845e+01
2.345053225624366178e+02 1.009329479174057376e+01
2.347493447503280208e+02 9.949550804994521158e+00
2.349933669382166102e+02 9.809822347910490237e+00
2.352373891261080416e+02 9.673997335611552728e+00
2.354814113139966025e+02 9.541967580129934845e+00
2.357254335018880340e+02 9.413628650181877333e+00
2.359694556897766233e+02 9.288879736639170659e+00
2.362134778776680264e+02 9.167623523409847763e+00
2.364575000655594579e+02 9.049766063547000527e+00
2.367015222534480188e+02 8.935216660331436245e+00
2.369455444413394503e+02 8.823887753136299139e+00
2.371895666292280396e+02 8.715694807888002771e+00
2.374335888171194426e+02 8.610556211901620571e+00
2.376776110050080320e+02 8.508393172950313499e+00
2.379216331928994634e+02 8.409129622355779432e+00
2.381656553807880243e+02 8.312692121974430748e+00
2.384096775686794558e+02 8.219022971695952862e+00
2.386536997565708873e+02 8.128475726471686258e+00
2.388977219444594482e+02 8.041171344573808000e+00
2.391417441323508797e+02 7.957026488393749375e+00
2.393857663202394690e+02 7.875961337396284456e+00
2.396297885081308721e+02 7.797899462588468111e+00
2.398738106960194614e+02 7.722767707012788030e+00
2.401178328839108644e+02 7.650496071973652334e+00
2.403618550717994538e+02 7.581017608779737849e+00
2.406058772596908852e+02 7.514268315740501691e+00
2.408498994475822883e+02 7.450187040221938339e+00
2.410939216354708776e+02 7.388715385531588353e+00
2.413379438233623091e+02 7.329797622443614991e+00
2.415819660112508700e+02 7.273380605183173309e+00
2.418259881991423015e+02 7.219413691675644174e+00
2.420700103870308908e+02 7.167848667914753946e+00
2.423140325749222939e+02 7.118419868948208773e+00
2.425580547628108832e+02 7.063751802771998989e+00
2.428020769507023147e+02 7.000422058037144346e+00
2.430460991385908756e+02 6.928671655151308784e+00
2.432901213264823070e+02 6.848771868114382322e+00
2.435341435143737101e+02 6.761022516390549519e+00
2.437781657022622994e+02 6.665750091555547208e+00
2.440221878901537309e+02 6.563305735096799154e+00
2.442662100780422918e+02 6.454063084892769808e+00
2.445102322659337233e+02 6.338416008801724288e+00
2.447542544538223126e+02 6.216776244599977019e+00
2.449982766417137157e+02 6.089570965966612626e+00
2.452422988296023050e+02 5.957240294618457277e+00
2.454863210174937365e+02 5.820234778722569224e+00
2.457303432053851395e+02 5.679012857706845274e+00
2.459743653932737288e+02 5.534038333205372417e+00
2.462183875811651319e+02 5.385941559727580596e+00
2.464624097690537212e+02 5.240738859963873786e+00
2.467064319569451527e+02 5.101092802902997825e+00
2.469504541448337136e+02 4.966766590068204756e+00
2.471944763327251451e+02 4.837534766942408027e+00
2.474384985206137344e+02 4.713182637659738106e+00
2.476825207085051375e+02 4.593505712092137649e+00
2.479265428963965689e+02 4.478309183479709965e+00
2.481705650842851583e+02 4.367407434786592546e+00
2.484145872721765613e+02 4.260623572126492675e+00
2.486586094600651506e+02 4.157788983700323016e+00
2.489026316479565821e+02 4.058742922741232384e+00
2.491466538358451430e+02 3.963332113121901479e+00
2.493906760237365745e+02 3.871410376286224864e+00
2.496346982116251638e+02 3.782838278321583925e+00
2.498787203995165669e+02 3.697482795989033733e+00
2.501227425874079984e+02 3.615595933097095926e+00
2.503667647752965593e+02 3.550534449045447793e+00
2.506107869631879908e+02 3.508155945475983639e+00
2.508548091510765801e+02 3.487669861820011263e+00
2.510988313389679831e+02 3.488696300197752898e+00
2.513428535268565724e+02 3.511254259744663653e+00
2.515868757147480039e+02 3.555762223932922073e+00
2.518308979026365648e+02 3.623051126358288521e+00
2.520749200905279963e+02 3.714390258563437630e+00
2.523189422784194278e+02 3.831527253096044916e+00
2.525629644663079887e+02 3.976743908540865124e+00
2.528069866541994202e+02 4.152930357328219024e+00
2.530510088420880095e+02 4.363680955461451738e+00
2.532950310299794126e+02 4.613416349940508532e+00
2.535390532178680019e+02 4.907537522440109434e+00
2.537830754057594049e+02 5.252619304783602949e+00
2.540270975936479942e+02 5.655274017251765706e+00
2.542711197815394257e+02 6.068599549047912767e+00
2.545151419694279866e+02 6.460082977895283740e+00
2.547591641573194181e+02 6.821855258755767260e+00
2.550031863452108496e+02 7.146307392535392822e+00
2.552472085330994105e+02 7.426354452427299968e+00
2.554912307209908420e+02 7.655691824176225957e+00
2.557352529088794313e+02 7.829030772597551646e+00
2.559792750967708344e+02 7.942301064982594916e+00
2.562232972846593952e+02 7.992809818071901162e+00
2.564673194725508552e+02 7.979347913896984501e+00
2.567113416604394160e+02 7.902238112757257404e+00
2.569553638483308191e+02 7.763322190168266523e+00
2.571993860362222790e+02 7.565887813563076492e+00
2.574434082241108399e+02 7.314539212403591506e+00
2.576874304120022430e+02 7.015018745089169450e+00
2.579314525998908607e+02 6.675782536743245288e+00
2.581754747877822638e+02 6.371051135025131984e+00
2.584194969756708247e+02 6.131053938771557021e+00
2.586635191635622846e+02 5.949415757909727098e+00
2.589075413514508455e+02 5.821416041934162067e+00
2.591515635393422485e+02 5.743783922322278634e+00
2.593955857272337084e+02 5.714558531852360623e+00
2.596396079151222693e+02 5.733006227198036875e+00
2.598836301030136724e+02 5.799589808986929995e+00
2.601276522909022901e+02 5.915987926338751812e+00
2.603716744787936932e+02 6.085165808123428555e+00
2.606156966666822541e+02 6.311501505019056601e+00
2.608597188545737140e+02 6.600975187520401022e+00
2.611037410424622749e+02 6.961432987321111376e+00
2.613477632303536780e+02 7.402941710571291800e+00
2.615917854182450810e+02 7.938256894082676318e+00
2.618358076061336988e+02 8.581150738562351776e+00
2.620798297940251018e+02 9.249284814122015419e+00
2.623238519819136627e+02 9.883684184356511082e+00
2.625678741698051226e+02 1.047074665413411587e+01
2.628118963576936835e+02 1.099726090281831858e+01
2.630559185455850866e+02 1.145089652707217631e+01
2.632999407334737043e+02 1.182068207968439566e+01
2.635439629213651074e+02 1.209744534547726325e+01
2.637879851092565104e+02 1.227419123264301781e+01
2.640320072971451282e+02 1.234639555770699637e+01
2.642760294850365312e+02 1.231219750151647396e+01
2.645200516729250921e+02 1.217247930737675077e+01
2.647640738608165520e+02 1.193082845618324406e+01
2.650080960487051129e+02 1.159338458242759451e+01
2.652521182365965160e+02 1.116858025019147505e+01
2.654961404244851337e+02 1.066679086724395376e+01
2.657401626123765368e+02 1.010262713680790014e+01
2.659841848002650977e+02 9.598739123995990496e+00
2.662282069881565576e+02 9.205349708963359134e+00
2.664722291760479607e+02 8.910716667110163414e+00
2.667162513639365216e+02 8.706251666146293644e+00
2.669602735518279815e+02 8.586101901949227511e+00
2.672042957397165424e+02 8.546870023975225550e+00
2.674483179276079454e+02 8.587453529694878185e+00
2.676923401154965632e+02 8.708992965439033895e+00
2.679363623033879662e+02 8.914925515811827239e+00
2.681803844912765271e+02 9.211147517795744477e+00
2.684244066791679870e+02 9.606296690646180636e+00
2.686684288670593901e+02 1.011217305160987223e+01
2.689124510549479510e+02 1.074432731107711980e+01
2.691564732428393540e+02 1.152285790350932437e+01
2.694004954307279718e+02 1.247347388200286744e+01
2.696445176186193748e+02 1.362540554756343170e+01
2.698885398065079357e+02 1.484695961610849579e+01
2.701325619943993956e+02 1.603797176013465275e+01
2.703765841822879565e+02 1.717454297561616272e+01
2.706206063701793596e+02 1.823243866071409514e+01
2.708646285580708195e+02 1.918793155690946151e+01
2.711086507459593804e+02 2.001867770706598648e+01
2.713526729338507835e+02 2.070458080946493240e+01
2.715966951217394012e+02 2.122859853545482522e+01
2.718407173096308043e+02 2.157744574558070028e+01
2.720847394975193652e+02 2.174215412703223294e+01
2.723287616854108251e+02 2.171845534870353234e+01
2.725727838732993860e+02 2.150696488259226058e+01
2.728168060611907890e+02 2.111315544035465308e+01
2.730608282490822489e+02 2.054712162544306864e+01
2.733048504369708098e+02 1.982314992928074915e+01
2.735488726248622129e+02 1.896318718701828132e+01
2.737928948127508306e+02 1.816979165206468849e+01
2.740369170006422337e+02 1.753425557866072637e+01
2.742809391885307946e+02 1.704211483491849322e+01
2.745249613764222545e+02 1.668239545845997540e+01
2.747689835643108154e+02 1.644720502950834984e+01
2.750130057522022184e+02 1.633144341209661832e+01
2.752570279400936215e+02 1.633261798791638952e+01
2.755010501279822392e+02 1.645075398931662036e+01
2.757450723158736423e+02 1.668839540487652329e+01
2.759890945037622032e+02 1.705069650311297380e+01
2.762331166916536631e+02 1.754560859519615690e+01
2.764771388795422240e+02 1.818417153327102298e+01
2.767211610674336271e+02 1.898092493943169146e+01
2.769651832553222448e+02 1.995446065227923071e+01
2.772092054432136479e+02 2.112814581697833916e+01
2.774532276311050509e+02 2.252589177281149446e+01
2.776972498189936687e+02 2.391077109780438903e+01
2.779412720068850717e+02 2.511140120101751094e+01
2.781852941947736326e+02 2.609240361013403131e+01
2.784293163826650925e+02 2.682396692788833192e+01
2.786733385705536534e+02 2.728335024999263325e+01
2.789173607584450565e+02 2.745605700135401506e+01
2.791613829463336742e+02 2.733659467571067125e+01
2.794054051342250773e+02 2.692876493245225689e+01
2.796494273221136382e+02 2.624546267541871458e+01
2.798934495100050981e+02 2.530799892759796421e+01
2.801374716978965012e+02 2.414499710556740908e+01
2.803814938857850620e+02 2.279094243141864951e+01
2.806255160736765220e+02 2.128448697462360428e+01
2.808695382615650828e+02 1.966662629913345484e+01
2.811135604494564859e+02 1.797886702960270000e+01
2.813575826373451036e+02 1.626552534600247668e+01
2.816016048252365067e+02 1.475063774624680057e+01
2.818456270131250676e+02 1.350592473628407575e+01
2.820896492010165275e+02 1.248557874006860580e+01
2.823336713889079306e+02 1.165370057832041795e+01
2.825776935767964915e+02 1.098221288312001676e+01
2.828217157646878945e+02 1.044928766800249953e+01
2.830657379525765123e+02 1.003816518052975759e+01
2.833097601404679153e+02 9.736274622687302482e+00
2.835537823283564762e+02 9.534592083249979311e+00
2.837978045162479361e+02 9.427189663587901336e+00
2.840418267041364970e+02 9.410944165681229379e+00
2.842858488920279001e+02 9.485385236368241380e+00
2.845298710799193600e+02 9.652672597574838420e+00
2.847738932678079209e+02 9.917700814330489223e+00
2.850179154556993240e+02 1.028833873877653460e+01
2.852619376435879417e+02 1.077427006002082344e+01
2.855059598314793448e+02 1.130167488321150771e+01
2.857499820193679057e+02 1.182141322632216962e+01
2.859940042072593656e+02 1.233012910296145570e+01
2.862380263951479265e+02 1.282441269681362783e+01
2.864820485830393295e+02 1.330083736488886537e+01
2.867260707709307894e+02 1.375599841890931785e+01
2.869700929588193503e+02 1.418655308698587092e+01
2.872141151467107534e+02 1.458926101074518300e+01
2.874581373345993711e+02 1.496102459936525797e+01
2.877021595224907742e+02 1.529892854281997749e+01
2.879461817103793351e+02 1.560027778241588692e+01
2.881902038982707950e+02 1.586263324895746507e+01
2.884342260861593559e+02 1.608384470663540000e+01
2.886782482740507589e+02 1.626208008470194954e+01
2.889222704619421620e+02 1.639585073744911980e+01
2.891662926498307797e+02 1.648369963546101857e+01
2.894103148377221828e+02 1.650582464280020289e+01
2.896543370256107437e+02 1.645095215819526047e+01
2.898983592135022036e+02 1.631984876112924354e+01
2.901423814013907645e+02 1.611433908481529542e+01
2.903864035892821676e+02 1.583726355806025765e+01
2.906304257771707853e+02 1.549241307814057222e+01
2.908744479650621884e+02 1.508444271472119702e+01
2.911184701529507493e+02 1.461876719042975026e+01
2.913624923408422092e+02 1.410144141676166285e+01
2.916065145287336122e+02 1.353902976558007687e+01
2.918505367166221731e+02 1.293846801216819031e+01
2.920945589045136330e+02 1.230692199017546429e+01
2.923385810924021939e+02 1.165164695205183421e+01
2.925826032802935970e+02 1.097985143808118735e+01
2.928266254681822147e+02 1.029856913767837767e+01
2.930706476560736178e+02 9.616046735798329692e+00
2.933146698439621787e+02 9.023035001419833279e+00
2.935586920318536386e+02 8.555694556885670821e+00
2.938027142197450416e+02 8.197934689907972583e+00
2.940467364076336025e+02 7.937800681552270810e+00
2.942907585955250624e+02 7.766806366407506879e+00
2.945347807834136233e+02 7.679471256931004852e+00
2.947788029713050264e+02 7.673026771562980741e+00
2.950228251591936441e+02 7.747269444000436600e+00
2.952668473470850472e+02 7.904550179188083447e+00
2.955108695349736081e+02 8.149898758966376278e+00
2.957548917228650112e+02 8.491292861395708158e+00
2.959989139107564711e+02 8.940091808114443594e+00
2.962429360986450320e+02 9.511668164372625967e+00
2.964869582865364350e+02 1.022628648968488996e+01
2.967309804744250528e+02 1.111029967109150718e+01
2.969750026623164558e+02 1.219499136355614866e+01
2.972190248502050167e+02 1.332935388799156939e+01
2.974630470380964766e+02 1.438343818038167932e+01
2.977070692259850375e+02 1.532294825939639971e+01
2.979510914138764406e+02 1.611565533083647495e+01
2.981951136017679005e+02 1.673322370523982627e+01
2.984391357896564614e+02 1.715288891906985569e+01
2.986831579775478644e+02 1.735884976566984150e+01
2.989271801654364822e+02 1.734325562218290173e+01
2.991712023533278852e+02 1.710670307244784283e+01
2.994152245412164461e+02 1.665819802959955709e+01
2.996592467291079060e+02 1.601458671088991892e+01
2.999032689169964669e+02 1.519950558616811520e+01
3.001472911048878700e+02 1.424194153777308181e+01
3.003913132927793299e+02 1.317452443768029191e+01
3.006353354806678908e+02 1.203169204345706156e+01
3.008793576685592939e+02 1.085055464532994307e+01
3.011233798564479116e+02 9.825149604229078903e+00
3.013674020443393147e+02 9.023312665408656841e+00
3.016114242322278756e+02 8.404897888114993165e+00
3.018554464201193355e+02 7.940328638824285079e+00
3.020994686080078964e+02 7.608238436472993804e+00
3.023434907958992994e+02 7.393828152315779612e+00
3.025875129837879172e+02 7.287762167274062897e+00
3.028315351716793202e+02 7.285487725091421396e+00
3.030755573595707233e+02 7.386907679438031060e+00
3.033195795474592842e+02 7.596373545532715710e+00
3.035636017353507441e+02 7.922998157241788242e+00
3.038076239232393050e+02 8.381319529945812974e+00
3.040516461111307081e+02 8.992383955077633217e+00
3.042956682990193258e+02 9.785361782053328739e+00
3.045396904869107289e+02 1.079987012044510486e+01
3.047837126747992897e+02 1.208693073774505500e+01
3.050277348626907497e+02 1.353014251437509508e+01
3.052717570505821527e+02 1.502141468533118207e+01
3.055157792384707136e+02 1.654022552368151366e+01
3.057598014263621735e+02 1.806317730403726429e+01
3.060038236142507344e+02 1.956451065167686210e+01
3.062478458021421375e+02 2.101676951620902045e+01
3.064918679900307552e+02 2.239159652853033577e+01
3.067358901779221583e+02 2.366062897499011086e+01
3.069799123658107192e+02 2.479645732661447965e+01
3.072239345537021791e+02 2.577360192499072866e+01
3.074679567415935821e+02 2.656945966137883275e+01
3.077119789294821430e+02 2.716517173539101293e+01
3.079560011173736029e+02 2.754636605408917305e+01
3.082000233052621638e+02 2.770373348870094432e+01
3.084440454931535669e+02 2.763340573352892449e+01
3.086880676810421846e+02 2.733751356238928309e+01
3.089320898689335877e+02 2.685300336021012058e+01
3.091761120568221486e+02 2.620811350520691718e+01
3.094201342447135517e+02 2.541485848808375536e+01
3.096641564326050116e+02 2.448773804739887439e+01
3.099081786204935725e+02 2.344329680042388375e+01
3.101522008083849755e+02 2.229963430667008595e+01
3.103962229962735933e+02 2.107588578393202638e+01
3.106402451841649963e+02 1.979169418271769132e+01
3.108842673720535572e+02 1.846669375916417621e+01
3.111282895599450171e+02 1.712002374577249597e+01
3.113723117478335780e+02 1.576988834300740017e+01
3.116163339357249811e+02 1.443317621973685760e+01
3.118603561236164410e+02 1.312514923037940129e+01
3.121043783115050019e+02 1.185920635111234667e+01
3.123484004993964049e+02 1.064672513072472171e+01
3.125924226872850227e+02 9.498023328882769789e+00
3.128364448751764257e+02 8.494657063626465998e+00
3.130804670630649866e+02 7.659189444068680075e+00
3.133244892509564465e+02 6.962161840240020716e+00
3.135685114388450074e+02 6.380133403601639941e+00
3.138125336267364105e+02 5.894401934251077613e+00
3.140565558146278704e+02 5.490021887654282118e+00
3.143005780025164313e+02 5.155048400339030223e+00
3.145446001904078344e+02 4.879954363506101345e+00
3.147886223782964521e+02 4.657180989807033988e+00
3.150326445661878552e+02 4.480792302503460611e+00
3.152766667540764161e+02 4.346211466261304501e+00
3.155206889419678760e+02 4.250022555829279902e+00
3.157647111298564369e+02 4.189825723265230728e+00
3.160087333177478399e+02 4.164137146820914737e+00
3.162527555056364577e+02 4.172327906590101776e+00
3.164967776935278607e+02 4.214355733523203362e+00
3.167407998814192638e+02 4.270131585035318089e+00
3.169848220693078247e+02 4.326464932166949495e+00
3.172288442571992846e+02 4.383358393587592161e+00
3.174728664450878455e+02 4.440814551822178657e+00
3.177168886329792485e+02 4.498835952346913025e+00
3.179609108208678663e+02 4.557425102670267236e+00
3.182049330087592693e+02 4.616584471420797975e+00
3.184489551966478302e+02 4.676316487420267620e+00
3.186929773845392901e+02 4.736623538764136221e+00
3.189369995724306932e+02 4.797507971888259171e+00
3.191810217603192541e+02 4.858972090639257502e+00
3.194250439482107140e+02 4.921018155341951861e+00
3.196690661360992749e+02 4.983648381856756515e+00
3.199130883239906780e+02 5.046864940645219733e+00
3.201571105118792957e+02 5.110669955821522947e+00
3.204011326997706988e+02 5.174938198889615926e+00
3.206451548876592597e+02 5.227876836624863799e+00
3.208891770755507196e+02 5.261394244646443674e+00
3.211331992634421226e+02 5.275111713548133352e+00
3.213772214513306835e+02 5.268873785708013457e+00
3.216212436392221434e+02 5.242751187878441854e+00
3.218652658271107043e+02 5.197039496349747267e+00
3.221092880150021074e+02 5.132253569906986002e+00
3.223533102028907251e+02 5.049117897198900806e+00
3.225973323907821282e+02 4.948553111536991622e+00
3.228413545786706891e+02 4.831659024091838894e+00
3.230853767665620921e+02 4.699694612580689324e+00
3.233293989544535521e+02 4.554055474329433473e+00
3.235734211423421129e+02 4.396249307643328663e+00
3.238174433302335160e+02 4.227870022485935131e+00
3.240614655181221337e+02 4.050571099632008121e+00
3.243054877060135368e+02 3.866239104135138049e+00
3.245495098939020977e+02 3.695266544704484790e+00
3.247935320817935576e+02 3.548517139330220616e+00
3.250375542696821185e+02 3.423671758029627199e+00
3.252815764575735216e+02 3.318802507260217638e+00
3.255255986454649815e+02 3.232323165428584666e+00
3.257696208333535424e+02 3.162949194250768148e+00
3.260136430212449454e+02 3.109665914445958634e+00
3.262576652091335632e+02 3.071703741061868165e+00
3.265016873970249662e+02 3.048519631199280155e+00
3.267457095849135271e+02 3.039784117116831830e+00
3.269897317728049870e+02 3.045373490554427853e+00
3.272337539606935479e+02 3.065366878309350174e+00
3.274777761485849510e+02 3.100048112123865884e+00
3.277217983364735687e+02 3.149912454843225795e+00
3.279658205243649718e+02 3.215678406355431562e+00
3.282098427122563749e+02 3.298213179786363636e+00
3.284538649001449926e+02 3.388779623192025081e+00
3.286978870880363957e+02 3.481060882881354512e+00
3.289419092759249565e+02 3.575062173167315560e+00
3.291859314638164165e+02 3.670787690124992064e+00
3.294299536517049773e+02 3.768240580317047339e+00
3.296739758395963804e+02 3.867422909875273263e+00
3.299179980274849981e+02 3.968335633953320229e+00
3.301620202153764012e+02 4.070978566638380869e+00
3.304060424032678043e+02 4.175350351338306787e+00
3.306500645911563652e+02 4.281448431725886294e+00
3.308940867790478251e+02 4.389269023282317939e+00
3.311381089669363860e+02 4.498807085480736490e+00
3.313821311548277890e+02 4.610056294695025869e+00
3.316261533427164068e+02 4.723009017849274294e+00
3.318701755306078098e+02 4.837656286903100344e+00
3.321141977184963707e+02 4.954036279193336334e+00
3.323582199063878306e+02 5.077780134737301054e+00
3.326022420942792337e+02 5.213242401821323035e+00
3.328462642821677946e+02 5.361190789451976357e+00
3.330902864700592545e+02 5.522477102156703843e+00
3.333343086579478154e+02 5.698045358084797840e+00
3.335783308458392185e+02 5.888940920560720826e+00
3.338223530337278362e+02 6.096320765816064302e+00
3.340663752216192393e+02 6.321465026957391764e+00
3.343103974095078001e+02 6.565789973732750973e+00
3.345544195973992601e+02 6.830862610265744372e+00
3.347984417852906631e+02 7.118417098477085148e+00
3.350424639731792240e+02 7.430373244532250787e+00
3.352864861610706839e+02 7.768857319387662663e+00
3.355305083489592448e+02 8.136225523349533972e+00
3.357745305368506479e+02 8.535090449402202850e+00
3.360185527247392656e+02 8.968183278174665318e+00
3.362625749126306687e+02 9.417075204611679240e+00
3.365065971005192296e+02 9.866294713706837527e+00
3.367506192884106326e+02 1.031379775740517424e+01
3.369946414763020925e+02 1.075745702839808615e+01
3.372386636641906534e+02 1.119507765732133819e+01
3.374826858520820565e+02 1.162441437512663001e+01
3.377267080399706742e+02 1.204318996835078792e+01
3.379707302278620773e+02 1.244911482733286689e+01
3.382147524157506382e+02 1.283990736181857173e+01
3.384587746036420981e+02 1.321331503650556272e+01
3.387027967915306590e+02 1.356713576028898949e+01
3.389468189794220621e+02 1.389923934898766156e+01
3.391908411673106798e+02 1.420758877141647147e+01
3.394348633552020829e+02 1.449026088428741055e+01
3.396788855430934859e+02 1.474546636173054459e+01
3.399229077309821037e+02 1.497147479153255745e+01
3.401669299188735067e+02 1.515418719959403582e+01
3.404109521067620676e+02 1.528300540771711269e+01
3.406549742946535275e+02 1.535652462092990866e+01
3.408989964825420884e+02 1.537393953234620270e+01
3.411430186704334915e+02 1.533505900706027880e+01
3.413870408583221092e+02 1.524030957417210885e+01
3.416310630462135123e+02 1.509072763773885839e+01
3.418750852341049153e+02 1.488794060555704490e+01
3.421191074219935331e+02 1.463413741623220865e+01
3.423631296098849361e+02 1.433202921087642778e+01
3.426071517977734970e+02 1.398480113742505893e+01
3.428511739856649569e+02 1.359605648517140430e+01
3.430951961735535178e+02 1.316975451883791770e+01
3.433392183614449209e+02 1.271014350972742513e+01
3.435832405493335386e+02 1.222169054396593424e+01
3.438272627372249417e+02 1.170961160819229185e+01
3.440712849251163448e+02 1.126206041012833658e+01
3.443153071130049057e+02 1.093104325045479186e+01
3.445593293008963656e+02 1.070714713276207952e+01
3.448033514887849265e+02 1.058410955107775919e+01
3.450473736766763295e+02 1.055852566739111609e+01
3.452913958645649473e+02 1.062969079263021754e+01
3.455354180524563503e+02 1.079956793742453769e+01
3.457794402403449112e+02 1.107287833435664837e+01
3.460234624282363711e+02 1.145732079374752388e+01
3.462674846161277742e+02 1.196393420483162728e+01
3.465115068040163351e+02 1.260762714845033372e+01
3.467555289919077950e+02 1.340791028467235613e+01
3.469995511797963559e+02 1.438988197158813520e+01
3.472435733676877589e+02 1.558553684213926260e+01
3.474875955555763767e+02 1.703549268115720494e+01
3.477316177434677797e+02 1.878987849628006046e+01
3.479756399313563406e+02 2.067055095920195740e+01
3.482196621192478005e+02 2.248878553100718136e+01
3.484636843071392036e+02 2.419723944834291629e+01
3.487077064950277645e+02 2.574847491709068592e+01
3.489517286829192244e+02 2.709711589815202615e+01
3.491957508708077853e+02 2.820203817851871619e+01
3.494397730586991884e+02 2.902844638207497496e+01
3.496837952465878061e+02 2.954969200948907471e+01
3.499278174344792092e+02 2.974870012265813912e+01
3.501718396223677701e+02 2.961889815109493185e+01
3.504158618102591731e+02 2.916457634733897208e+01
3.506598839981477909e+02 2.840065231715128391e+01
3.509039061860391939e+02 2.735185765135503644e+01
3.511479283739305970e+02 2.605140851954529424e+01
3.513919505618192147e+02 2.453925989191553825e+01
3.516359727497106178e+02 2.286137112247264369e+01
3.518799949375991787e+02 2.127406087295446468e+01
3.521240171254906386e+02 1.991871511669216588e+01
3.523680393133791995e+02 1.876441553920067662e+01
3.526120615012706025e+02 1.778572456542492830e+01
3.528560836891592203e+02 1.696175875304901481e+01
3.531001058770506233e+02 1.627544982041221644e+01
3.533441280649420264e+02 1.571295684922724334e+01
3.535881502528306441e+02 1.526320137886518147e+01
3.538321724407220472e+02 1.491750353961840148e+01
3.540761946286106081e+02 1.466930248210461230e+01
3.543202168165020680e+02 1.451394847843743818e+01
3.545642390043906289e+02 1.444855745562150240e+01
3.548082611922820320e+02 1.447192157709139870e+01
3.550522833801706497e+02 1.458447198320667937e+01
3.552963055680620528e+02 1.478829207823141445e+01
3.555403277559534558e+02 1.508656736007927002e+01
3.557843499438420736e+02 1.536415490174709753e+01
3.560283721317334766e+02 1.552880977319354372e+01
3.562723943196220375e+02 1.557682406338035364e+01
3.565164165075134974e+02 1.550711156385131595e+01
3.567604386954020583e+02 1.532124862056003600e+01
3.570044608832934614e+02 1.502341487565563583e+01
3.572484830711820223e+02 1.462023701012652666e+01
3.574925052590734822e+02 1.412054364512711579e+01
3.577365274469648853e+02 1.353504406077709810e+01
3.579805496348534462e+02 1.287594705340972290e+01
3.582245718227449061e+02 1.215653885184349470e+01
3.584685940106334670e+02 1.139074040977004820e+01
3.587126161985248700e+02 1.059266453743713043e+01
3.589566383864134878e+02 9.776192279026755472e+00
3.592006605743048908e+02 8.954585812635592390e+00
3.594446827621934517e+02 8.140496238979062937e+00
3.596887049500849116e+02 7.411451940563201113e+00
3.599327271379763147e+02 6.804065750477257701e+00
3.601767493258648756e+02 6.298635764428659911e+00
3.604207715137563355e+02 5.879457780128922728e+00
3.606647937016448964e+02 5.534021543645653907e+00
3.609088158895362994e+02 5.252392869268825315e+00
3.611528380774249172e+02 5.026739145156659205e+00
3.613968602653163202e+02 4.850966580153456498e+00
3.616408824532048811e+02 4.720445682893798178e+00
3.618849046410963410e+02 4.631807641063013570e+00
3.621289268289877441e+02 4.582799037195928626e+00
3.623729490168763050e+02 4.572186106898145752e+00
3.626169712047677649e+02 4.599702828923952325e+00
3.628609933926563258e+02 4.666039780846665153e+00
3.631050155805477289e+02 4.772873104891478313e+00
3.633490377684363466e+02 4.922861326823305461e+00
3.635930599563277497e+02 5.101585256449698846e+00
3.638370821442163106e+02 5.297196092995139161e+00
3.640811043321077136e+02 5.511125561257101957e+00
3.643251265199963314e+02 5.744971995365252049e+00
3.645691487078877344e+02 6.000519905356171080e+00
3.648131708957791375e+02 6.279762224716520791e+00
3.650571930836677552e+02 6.584925621223311154e+00
3.653012152715591583e+02 6.918499313106429405e+00
3.655452374594477192e+02 7.283267902102247504e+00
3.657892596473391791e+02 7.682348816162662963e+00
3.660332818352277400e+02 8.119235048937973431e+00
3.662773040231191430e+02 8.597843993884424663e+00
3.665213262110077608e+02 9.122573299770230904e+00
3.667653483988991638e+02 9.698364825975165360e+00
3.670093705867905669e+02 1.033077795304238400e+01
3.672533927746791846e+02 1.102592213661073828e+01
3.674974149625705877e+02 1.174737189233987777e+01
3.677414371504591486e+02 1.245829741128319945e+01
3.679854593383506085e+02 1.315130504715059168e+01
3.682294815262391694e+02 1.381882728443838459e+01
3.684735037141305725e+02 1.445325637975827249e+01
3.687175259020191902e+02 1.504708604756615919e+01
3.689615480899105933e+02 1.559305758907064288e+01
3.692055702778019963e+02 1.608430654266493676e+01
3.694495924656906141e+02 1.651450574739532939e+01
3.696936146535820171e+02 1.687800066984479486e+01
3.699376368414705780e+02 1.716993295772813966e+01
3.701816590293620379e+02 1.738634845069442392e+01
3.704256812172505988e+02 1.752428629311798858e+01
3.706697034051420019e+02 1.758184634214332220e+01
3.709137255930305628e+02 1.755823272578595606e+01
3.711577477809220227e+02 1.745375385059912077e+01
3.714017699688134257e+02 1.726433060231835626e+01
3.716457921567019866e+02 1.698843603241570221e+01
3.718898143445934465e+02 1.663028962852201431e+01
3.721338365324820074e+02 1.619529953161423208e+01
3.723778587203734105e+02 1.568992670464806949e+01
3.726218809082620282e+02 1.512152539499998127e+01
3.728659030961534313e+02 1.449816539150078043e+01
3.731099252840419922e+02 1.382844206848860580e+01
3.733539474719334521e+02 1.312128044146628980e+01
3.735979696598248552e+02 1.238573943127083865e+01
3.738419918477134161e+02 1.163082225582209261e+01
3.740860140356048760e+02 1.086529836545911287e+01
3.743300362234934369e+02 1.009754164243847896e+01
3.745740584113848399e+02 9.335388738898625860e+00
3.748180805992734577e+02 8.586020478512937260e+00
3.750621027871648607e+02 7.856101345310629647e+00
3.753061249750534216e+02 7.225711785104234508e+00
3.755501471629448815e+02 6.736555558632294272e+00
3.757941693508334424e+02 6.366179223782037155e+00
3.760381915387248455e+02 6.098226203593238637e+00
3.762822137266163054e+02 5.921229612496579975e+00
3.765262359145048663e+02 5.827791140152324800e+00
3.767702581023962694e+02 5.814063344884823792e+00
3.770142802902848871e+02 5.879484411419381829e+00
3.772583024781762902e+02 6.026739655784346006e+00
3.775023246660648510e+02 6.261946067831564378e+00
3.777463468539562541e+02 6.595077727728249961e+00
3.779903690418448718e+02 7.040673705177384889e+00
3.782343912297362749e+02 7.618899078970271965e+00
3.784784134176276780e+02 8.357067844024998138e+00
3.787224356055162957e+02 9.291788988278318229e+00
3.789664577934076988e+02 1.047167589806912780e+01
3.792104799812962597e+02 1.182608282194789595e+01
3.794545021691877196e+02 1.325911513691828603e+01
3.796985243570762805e+02 1.475832497735192916e+01
3.799425465449676835e+02 1.630829272978637334e+01
3.801865687328563013e+02 1.789076161888664984e+01
3.804305909207477043e+02 1.948489463000135657e+01
3.806746131086391074e+02 2.106765489864239882e+01
3.809186352965277251e+02 2.261430429006020404e+01
3.811626574844191282e+02 2.409900818221427699e+01
3.814066796723076891e+02 2.549552788017579985e+01
3.816507018601991490e+02 2.677797608267086105e+01
3.818947240480877099e+02 2.792160583687193665e+01
3.821387462359791130e+02 2.890359986279646876e+01
3.823827684238677307e+02 2.970382532402483022e+01
3.826267906117591338e+02 3.030551928464177180e+01
3.828708127996505368e+02 3.069608323968635233e+01
3.831148349875391546e+02 3.096804290950657901e+01
3.833588571754305576e+02 3.120266456847615899e+01
3.836028793633191185e+02 3.139906608799571686e+01
3.838469015512105784e+02 3.155650558765418978e+01
3.840909237390991393e+02 3.167438610363787888e+01
3.843349459269905424e+02 3.175225935960594370e+01
3.845789681148791033e+02 3.178982860664132559e+01
3.848229903027705632e+02 3.178695050714279091e+01
3.850670124906619662e+02 3.174363604589195731e+01
3.853110346785505271e+02 3.166005046021067315e+01
3.855550568664419870e+02 3.153651218981425330e+01
3.857990790543305479e+02 3.137349085572142116e+01
3.860431012422219510e+02 3.117160428613982504e+01
3.862871234301105687e+02 3.093161461573078697e+01
3.865311456180019718e+02 3.065442349265671140e+01
3.867751678058905327e+02 3.034100586344397854e+01
3.870191899937819926e+02 2.995866417373722257e+01
3.872632121816705535e+02 2.948197683121704316e+01
3.875072343695619566e+02 2.891561555210443757e+01
3.877512565574534165e+02 2.826506372049772509e+01
3.879952787453419774e+02 2.753652805495931233e+01
3.882393009332333804e+02 2.673684013420766448e+01
3.884833231211219982e+02 2.587334996431234657e+01
3.887273453090134012e+02 2.495381390091257146e+01
3.889713674969019621e+02 2.398627930751289838e+01
3.892153896847934220e+02 2.297896833265036776e+01
3.894594118726819829e+02 2.194016312897824861e+01
3.897034340605733860e+02 2.087809471735594258e+01
3.899474562484648459e+02 1.980083752734409330e+01
3.901914784363534068e+02 1.871621142650933933e+01
3.904355006242448098e+02 1.763169279550133695e+01
3.906795228121334276e+02 1.655434705748630364e+01
3.909235450000248306e+02 1.549789089626049332e+01
3.911675671879133915e+02 1.447263214681777477e+01
3.914115893758047946e+02 1.348145695694600654e+01
3.916556115636934123e+02 1.252681075160719182e+01
3.918996337515848154e+02 1.161070483110070839e+01
3.921436559394762185e+02 1.073472773325184271e+01
3.923876781273648362e+02 9.900060858540378206e+00
3.926317003152562393e+02 9.107497821827385209e+00
3.928757225031448002e+02 8.357466971536382516e+00
3.931197446910362601e+02 7.650056506493315034e+00
3.933637668789248210e+02 6.985041622522069282e+00
3.936077890668162240e+02 6.361913132456522568e+00
3.938518112547048418e+02 5.779907025521735520e+00
3.940958334425962448e+02 5.238034461627596450e+00
3.943398556304876479e+02 4.735111733686804492e+00
3.945838778183762656e+02 4.269827184366504547e+00
3.948279000062676687e+02 3.869436190171879009e+00
3.950719221941562296e+02 3.547017385027947167e+00
3.953159443820476895e+02 3.288949320524849007e+00
3.955599665699362504e+02 3.084816125190281255e+00
3.958039887578276534e+02 2.926709517423352835e+00
3.960480109457162712e+02 2.808718364377700283e+00
3.962920331336076742e+02 2.726559656212416360e+00
3.965360553214990773e+02 2.677318576716068765e+00
3.967800775093876950e+02 2.659275515476793750e+00
3.970240996972790981e+02 2.671805595426206104e+00
3.972681218851676590e+02 2.715342465603986177e+00
3.975121440730591189e+02 2.791403410681248420e+00
3.977561662609476798e+02 2.902677820560226163e+00
3.980001884488390829e+02 3.053186269789468277e+00
3.982442106367276438e+02 3.248523429664118112e+00
3.984882328246191037e+02 3.496178140589793593e+00
3.987322550125105067e+02 3.773956279636276001e+00
3.989762772003990676e+02 4.055462862521430623e+00
3.992202993882905275e+02 4.338346595709250408e+00
3.994643215761790884e+02 4.620067434117868466e+00
3.997083437640704915e+02 4.897930701682749799e+00
3.999523659519591092e+02 5.169127095145459982e+00
4.001963881398505123e+02 5.430777839954374464e+00
4.004404103277390732e+02 5.679984054530683224e+00
4.006844325156305331e+02 5.913879189046855167e+00
4.009284547035190940e+02 6.129683245641968092e+00
4.011724768914104970e+02 6.324757367675946540e+00
4.014164990793019570e+02 6.496657312287138275e+00
4.016605212671905178e+02 6.643184298880862038e+00
4.019045434550819209e+02 6.762431758547971405e+00
4.021485656429705386e+02 6.852826596676286464e+00
4.023925878308619417e+02 6.913174230002510079e+00
4.026366100187505026e+02 6.957819017165105535e+00
4.028806322066419625e+02 7.000161766317765988e+00
4.031246543945305234e+02 7.040157047214503194e+00
4.033686765824219265e+02 7.077761774232535608e+00
4.036126987703133864e+02 7.112935283689566290e+00
4.038567209582019473e+02 7.145639407102120089e+00
4.041007431460933503e+02 7.175838540194862780e+00
4.043447653339819681e+02 7.203499707483251413e+00
4.045887875218733711e+02 7.228592622274482515e+00
4.048328097097619320e+02 7.251089741923216536e+00
4.050768318976533351e+02 7.270966318211205426e+00
4.053208540855419528e+02 7.288200442712535754e+00
4.055648762734333559e+02 7.302773087036442234e+00
4.058088984613247590e+02 7.314668137836915385e+00
4.060529206492133767e+02 7.323872426504578037e+00
4.062969428371047798e+02 7.330378623451281328e+00
4.065409650249933406e+02 7.339891171391951019e+00
4.067849872128848006e+02 7.357653571256072667e+00
4.070290094007733614e+02 7.383725653269031852e+00
4.072730315886647645e+02 7.418195411788886418e+00
4.075170537765533822e+02 7.461179500461151193e+00
4.077610759644447853e+02 7.512823890430156304e+00
4.080050981523361884e+02 7.573304696796247626e+00
4.082491203402248061e+02 7.642829179882573598e+00
4.084931425281162092e+02 7.721636929281181061e+00
4.087371647160047701e+02 7.810001240139704315e+00
4.089811869038962300e+02 7.908230692780992221e+00
4.092252090917847909e+02 8.016670948408954445e+00
4.094692312796761939e+02 8.135706775561285298e+00
4.097132534675648117e+02 8.265764323898403987e+00
4.099572756554562147e+02 8.407313664168928113e+00
4.102012978433476178e+02 8.560865031378899204e+00
4.104453200312362355e+02 8.707223929928153083e+00
4.106893422191276386e+02 8.827326131310618607e+00
4.109333644070161995e+02 8.920024056854201078e+00
4.111773865949076026e+02 8.984424719469627618e+00
4.114214087827962203e+02 9.019904044923665154e+00
4.116654309706876234e+02 9.026116940191256433e+00
4.119094531585761843e+02 9.003002881700702176e+00
4.121534753464676442e+02 8.950786896931841596e+00
4.123974975343562051e+02 8.869975917100958895e+00
4.126415197222476081e+02 8.761350583598103370e+00
4.128855419101390680e+02 8.625952693399700166e+00
4.131295640980276289e+02 8.465068565798597788e+00
4.133735862859190320e+02 8.280208701811917038e+00
4.136176084738076497e+02 8.073084186002871476e+00
4.138616306616990528e+02 7.845580345959755064e+00
4.141056528495876137e+02 7.599733826735326936e+00
4.143496750374790736e+02 7.363834150443488547e+00
4.145936972253676345e+02 7.161431969244867801e+00
4.148377194132590375e+02 6.990141991592857984e+00
4.150817416011504974e+02 6.847978369153922884e+00
4.153257637890390583e+02 6.733316315522476003e+00
4.155697859769304614e+02 6.644861134557642934e+00
4.158138081648190791e+02 6.581623831201572017e+00
4.160578303527104822e+02 6.542902660892446320e+00
4.163018525405990431e+02 6.528270135154524922e+00
4.165458747284905030e+02 6.537565146064872934e+00
4.167898969163790639e+02 6.570890006237836367e+00
4.170339191042704670e+02 6.628612328090989436e+00
4.172779412921619269e+02 6.711371790774553148e+00
4.175219634800504878e+02 6.820091969372563234e+00
4.177659856679418908e+02 6.955997533001081479e+00
4.180100078558305086e+02 7.120634508011418617e+00
4.182540300437219116e+02 7.289366494029334120e+00
4.184980522316104725e+02 7.436325132813599303e+00
4.187420744195018756e+02 7.560046131577412787e+00
4.189860966073904933e+02 7.659281183602570486e+00
4.192301187952818964e+02 7.733018930381975409e+00
4.194741409831732994e+02 7.780502119107003622e+00
4.197181631710619172e+02 7.801240548537467845e+00
4.199621853589533202e+02 7.795019493749782313e+00
4.202062075468418811e+02 7.761903407295587698e+00
4.204502297347333410e+02 7.702234807559762864e+00
4.206942519226219019e+02 7.616628381132346526e+00
4.209382741105133050e+02 7.505960441186014798e+00
4.211822962984019227e+02 7.371353994686164590e+00
4.214263184862933258e+02 7.214159774222827615e+00
4.216703406741847289e+02 7.035933682451448234e+00
4.219143628620733466e+02 6.838411860605206449e+00
4.221583850499647497e+02 6.640689931301832161e+00
4.224024072378533106e+02 6.459438633578796107e+00
4.226464294257447705e+02 6.293612158453939287e+00
4.228904516136333314e+02 6.142268555819498488e+00
4.231344738015247344e+02 6.004560861987069842e+00
4.233784959894133522e+02 5.879729230628174541e+00
4.236225181773047552e+02 5.767093965046852233e+00
4.238665403651933161e+02 5.666049362612774587e+00
4.241105625530847760e+02 5.576058293404017263e+00
4.243545847409761791e+02 5.496647445249333686e+00
4.245986069288647400e+02 5.427403176249270267e+00
4.248426291167561430e+02 5.367967923927235319e+00
4.250866513046447608e+02 5.318037127375201401e+00
4.253306734925361638e+02 5.277356625277168867e+00
4.255746956804247247e+02 5.245720498699252943e+00
4.258187178683161846e+02 5.222969332982827950e+00
4.260627400562047455e+02 5.208988878206342932e+00
4.263067622440961486e+02 5.203709092437089900e+00
4.265507844319876085e+02 5.207103556558601021e+00
4.267948066198761694e+02 5.219189253819537022e+00
4.270388288077675725e+02 5.240026711531505121e+00
4.272828509956561902e+02 5.269720506567865392e+00
4.275268731835475933e+02 5.308420140582560620e+00
4.277708953714361542e+02 5.356321295201491139e+00
