6.404999999999999583e-01 3.071581505450925144e-10
1.665499999999999980e+00 2.234473978574709887e-10
2.690500000000000114e+00 2.503370009381348573e-10
3.715500000000000025e+00 1.373729979749842214e-10
4.740249999999999631e+00 6.332882960214406410e-11
5.765249999999999986e+00 1.508303392912036415e-10
6.790250000000000341e+00 1.701118875173717253e-10
7.892199999999999882e+00 1.220262050447486529e-10
8.754666666666667041e+00 2.468784344677845358e-10
9.737000000000000099e+00 2.382327295814528915e-10
1.063375000000000092e+01 2.987350047606559353e-10
1.165874999999999950e+01 4.116473489249308871e-10
1.268374999999999808e+01 3.985260591810655958e-10
1.363160000000000061e+01 2.679632558413641716e-10
1.481040000000000134e+01 3.244055040200440436e-10
1.575850000000000151e+01 3.435673525792167891e-10
1.678325000000000244e+01 4.137709188415235978e-10
1.767999999999999972e+01 5.076639570137853893e-10
1.857699999999999818e+01 2.490000849560847586e-10
1.960200000000000031e+01 1.406813709939791031e-10
2.062699999999999889e+01 2.518538847977070375e-10
2.165174999999999983e+01 4.068276683741216970e-10
2.259980000000000544e+01 3.778674647912106048e-10
2.370175000000000054e+01 3.475256919030768263e-10
2.464980000000000260e+01 2.975285753918636485e-10
2.575150000000000006e+01 1.310431970080199534e-10
2.664833333333332988e+01 9.690065703900448110e-11
2.754525000000000290e+01 7.843834926641277359e-11
2.857024999999999793e+01 1.097902546396138747e-10
2.959499999999999886e+01 2.045035622197047213e-10
3.062000000000000099e+01 2.286004225397455495e-10
3.164500000000000313e+01 1.739497753766940026e-10
3.267000000000000171e+01 2.340171872675401387e-10
3.369500000000000028e+01 2.282950482243102506e-10
3.471974999999999767e+01 2.472263977174160102e-10
3.556539999999999679e+01 2.712401634277186632e-10
3.651350000000000051e+01 3.640295077359873510e-10
3.756419999999999959e+01 2.616416965469564142e-10
3.856325000000000358e+01 1.038707538046689317e-10
3.951140000000000185e+01 1.551969826357896761e-10
4.061325000000000074e+01 3.822989577652787579e-10
4.163824999999999932e+01 4.010799968987768657e-10
4.266299999999999670e+01 3.954676996036707002e-10
4.368800000000000239e+01 3.793526108346327165e-10
4.471300000000000097e+01 2.722362562382435183e-10
4.560999999999999233e+01 1.398695667367304796e-10
4.650649999999999551e+01 2.878690802809241286e-10
4.753149999999999409e+01 4.195473443707605288e-10
4.855649999999999977e+01 4.966390535524719597e-10
4.958150000000000546e+01 4.206294946080958346e-10
5.060625000000000284e+01 2.837087407745742179e-10
5.163125000000000142e+01 3.029086865598128019e-10
5.265625000000000000e+01 4.246507087981351963e-10
5.355299999999999727e+01 4.742618102249934080e-10
5.445000000000000284e+01 5.103111711959372224e-10
5.547475000000000733e+01 4.248694441411046737e-10
5.649975000000000591e+01 5.042497167822429994e-10
5.752474999999999739e+01 4.949026211405647135e-10
5.854974999999999596e+01 5.576535083416165623e-10
5.957450000000000045e+01 4.153411799350046128e-10
6.059950000000000614e+01 3.249377670919987965e-10
6.162449999999999761e+01 3.544423671099275947e-10
6.258549999999999613e+01 3.568067023792764790e-10
6.334120000000000061e+01 1.717126016669001418e-10
6.444299999999999784e+01 2.098887559988829872e-10
6.539119999999999777e+01 3.944138642538242929e-10
6.649299999999999500e+01 3.236200597969382993e-10
6.751800000000000068e+01 1.819216236589197621e-10
6.854275000000001228e+01 1.336999389734185103e-10
6.956774999999998954e+01 1.967980745593838567e-10
7.059274999999999523e+01 1.899997028622181083e-10
7.148966666666666470e+01 1.476630554831489028e-10
7.238625000000000398e+01 9.077797600030496166e-11
7.341124999999999545e+01 9.859525371949710998e-11
7.443625000000000114e+01 9.417359928233379028e-11
7.548659999999999570e+01 1.829056036006759618e-10
7.648600000000000421e+01 3.636614026367415950e-10
7.743420000000000414e+01 2.274221977069569382e-10
7.853600000000000136e+01 3.012137909317996924e-10
7.964633333333333098e+01 3.297659306832639089e-10
8.050033333333333019e+01 1.463104880666218315e-10
8.141849999999999454e+01 1.402354446689508669e-10
8.230260000000001241e+01 3.471772918386980720e-10
8.340449999999999875e+01 4.166254732159627482e-10
8.442924999999999613e+01 3.776897480542713199e-10
8.547979999999998313e+01 3.200104997532162150e-10
8.640240000000001430e+01 2.998345612907451218e-10
8.750425000000001319e+01 2.993658364543327993e-10
8.852899999999999636e+01 3.051454813554347495e-10
8.952840000000000487e+01 3.472602251895363580e-10
9.045099999999997920e+01 4.080949236303683029e-10
9.137339999999998952e+01 2.877565514688130676e-10
9.234720000000001505e+01 2.823873441430431657e-10
9.339749999999999375e+01 4.291967645017525032e-10
9.442249999999999943e+01 4.534776272920048126e-10
9.547319999999999141e+01 4.146751697364624799e-10
9.654939999999999145e+01 5.111066204819375974e-10
9.742040000000000077e+01 2.592395282009229594e-10
9.839400000000000546e+01 3.806032479146186987e-10
9.929099999999999682e+01 3.830618790979584235e-10
1.003160000000000025e+02 4.448861812033392833e-10
1.013410000000000082e+02 5.182312470260412284e-10
1.023657499999999914e+02 5.608515982483316001e-10
1.033907499999999970e+02 5.608515982483316001e-10
1.044157500000000027e+02 5.205860891132776995e-10
1.054405000000000001e+02 5.726895219240685783e-10
1.064654999999999916e+02 5.407207775033277164e-10
1.073623333333333250e+02 5.166669530528133398e-10
1.082592500000000086e+02 3.674388742994444831e-10
1.092840000000000060e+02 2.485714827419776653e-10
1.103089999999999975e+02 2.260281784231121006e-10
1.113340000000000032e+02 2.765443753963577117e-10
1.123589999999999947e+02 2.831186148614173484e-10
1.133840000000000146e+02 2.126726574186289507e-10
1.144087499999999977e+02 2.422794492488355231e-10
1.154337500000000034e+02 3.585044552803099472e-10
1.164587500000000091e+02 4.123815844417899905e-10
1.173557500000000005e+02 2.615074118399461760e-10
1.182522499999999894e+02 2.420623069800961307e-10
1.192772500000000093e+02 2.594791393949789679e-10
1.202253999999999934e+02 2.038954707536349994e-10
1.213272499999999923e+02 1.848229389913484258e-10
1.223776000000000010e+02 1.135977635960383756e-10
1.234025999999999783e+02 1.372199095854764065e-10
1.244020000000000010e+02 1.184640647093086070e-10
1.254270000000000067e+02 2.554660564489899616e-10
1.263239999999999981e+02 2.039049140455998771e-10
1.271435999999999922e+02 2.507230743310882864e-10
1.282454999999999927e+02 3.004493546878661387e-10
1.292704999999999984e+02 3.734320020405372546e-10
1.302955000000000041e+02 3.689571373465963085e-10
1.313202500000000157e+02 3.407672163605570674e-10
1.323452499999999930e+02 4.043497802591824729e-10
1.333702499999999986e+02 3.492428826235725575e-10
1.343950000000000102e+02 2.061738025769647924e-10
1.352920000000000016e+02 3.126943918386566480e-10
1.361887499999999989e+02 3.560896135647733938e-10
1.372137500000000045e+02 2.902823884578844971e-10
1.382387499999999818e+02 7.607012848601129850e-11
1.392891999999999939e+02 2.186410655478777229e-10
1.402884999999999991e+02 1.797107408041803448e-10
1.413135000000000048e+02 5.546411508874312740e-11
1.422530000000000143e+02 1.855328706124405387e-10
1.432350000000000136e+02 1.842509821565992439e-10
1.441319999999999766e+02 2.460088098993363944e-10
1.451569999999999823e+02 2.106936954447181648e-10
1.461819999999999879e+02 1.587875360460669819e-10
1.472070000000000221e+02 1.757571227943456799e-10
1.482574000000000183e+02 2.679680316108301409e-10
1.492567499999999825e+02 4.528549590140516970e-10
1.502817499999999882e+02 4.528549590140516970e-10
1.513067499999999939e+02 4.528549590140516970e-10
1.522033333333333474e+02 4.715777863508740311e-10
1.531002500000000168e+02 5.543812389090871643e-10
1.541252499999999941e+02 5.998460041246144446e-10
1.551502499999999998e+02 5.543812389090871643e-10
1.561749999999999829e+02 3.930535465741153743e-10
1.571999999999999886e+02 3.000033076067135862e-10
1.582249999999999943e+02 3.080875588737422134e-10
1.592500000000000000e+02 2.460675605237494608e-10
1.602750000000000057e+02 3.791334234252499134e-10
1.612997499999999889e+02 2.712221932806903388e-10
1.621966666666666868e+02 3.036709911636710807e-10
1.630935000000000059e+02 3.533906769583473239e-10
1.641182499999999891e+02 4.321987744723158849e-10
1.651432499999999948e+02 4.562108553260497334e-10
1.661682500000000005e+02 3.099697953417203388e-10
1.671932500000000061e+02 3.917659394347240436e-10
1.682179999999999893e+02 3.446758249219607884e-10
1.692429999999999950e+02 3.780989244199318777e-10
1.702679999999999723e+02 3.704949961900657291e-10
1.711649999999999636e+02 3.379264379245932995e-10
1.720617499999999893e+02 3.657378929509180627e-10
1.730865000000000009e+02 4.167341136312348195e-10
1.741115000000000066e+02 4.039127489309478491e-10
1.751364999999999839e+02 3.984134629325854646e-10
1.761614999999999895e+02 3.892822319594966050e-10
1.771862500000000011e+02 4.207697985060833009e-10
1.782112500000000068e+02 4.250005155908774448e-10
1.791080000000000325e+02 3.839972738152105220e-10
1.800306000000000211e+02 3.560178923912852519e-10
1.810555999999999983e+02 5.092602674332684031e-10
1.820547499999999843e+02 4.694613497638308013e-10
1.830797499999999900e+02 4.743854747815711281e-10
1.841047500000000241e+02 5.330630234995559424e-10
1.851297500000000014e+02 4.940320387804734450e-10
1.861545000000000130e+02 1.996117266893826079e-10
1.871794999999999902e+02 1.224767663216458021e-10
1.880763333333333094e+02 1.906278775929175839e-10
1.889732500000000073e+02 2.412474585989244524e-10
1.899979999999999905e+02 2.325407908499797357e-10
1.910229999999999961e+02 2.258973936392734089e-10
1.920480000000000018e+02 4.063280710048431541e-10
1.930730000000000075e+02 6.069441204026187120e-10
1.940977499999999907e+02 5.354422167782997711e-10
1.951227499999999964e+02 4.363538710445602869e-10
1.961477500000000020e+02 4.391954871763286228e-10
1.971727500000000077e+02 3.733364606752908379e-10
1.980693333333333328e+02 3.706864062844492095e-10
1.989662499999999739e+02 3.353345767555116927e-10
1.999912500000000080e+02 4.614023422313097353e-10
2.010162500000000136e+02 4.153981027282211552e-10
2.020409999999999968e+02 2.899349938522274678e-10
2.030659999999999741e+02 2.735988616219300115e-10
2.040909999999999798e+02 2.840141219007745397e-10
2.051160000000000139e+02 3.857233732221135451e-10
2.061409999999999911e+02 3.958849757129979611e-10
2.070376666666666949e+02 2.619234973360202629e-10
2.079344999999999857e+02 1.674655018332664891e-10
2.089594999999999914e+02 2.138317953490673836e-10
2.100613999999999919e+02 1.045916652715091977e-10
2.109324000000000012e+02 1.751875834019363383e-10
2.120342500000000143e+02 2.139488295902274474e-10
2.130592499999999916e+02 4.144714069690579739e-10
2.140842499999999973e+02 3.933450992488224282e-10
2.151089999999999804e+02 2.796160093784191840e-10
2.160060000000000002e+02 2.703022519836753523e-10
2.169027500000000259e+02 2.979719970316753715e-10
2.179277500000000032e+02 4.028242123397166537e-10
2.189527500000000089e+02 4.419112605920531333e-10
2.199774999999999920e+02 4.491203351718765914e-10
2.210024999999999977e+02 4.756043785815210745e-10
2.220275000000000318e+02 5.370114235935558978e-10
2.230522499999999866e+02 6.013474873071207359e-10
2.239490000000000407e+02 6.346014383908704217e-10
2.248460000000000036e+02 5.543218579649251944e-10
2.258710000000000093e+02 5.854742558848449007e-10
2.268959999999999866e+02 4.525520620710580378e-10
2.279207499999999982e+02 2.242020898092623257e-10
2.289457500000000039e+02 2.041872859719991270e-10
2.299707500000000095e+02 3.250744288920478499e-10
2.309957499999999868e+02 4.286632954900601990e-10
2.320204999999999984e+02 2.928995846970347649e-10
2.330455000000000041e+02 1.465735019058813056e-10
2.339423333333333233e+02 2.607079007032610209e-10
2.348392499999999927e+02 2.329342212611316305e-10
2.358639999999999759e+02 1.920159653883162325e-10
2.368889999999999816e+02 1.251158822199807394e-10
2.379140000000000157e+02 1.509707774537843816e-10
2.389389999999999930e+02 1.636453326776090308e-10
2.399639999999999986e+02 1.415766265136824898e-10
2.409887499999999818e+02 1.966728766393101729e-10
2.420137499999999875e+02 2.138053017080567343e-10
2.429106666666666570e+02 2.425497590378771965e-10
2.438075000000000045e+02 2.623012951552953982e-10
2.448322500000000161e+02 3.091182990057541219e-10
2.458572499999999934e+02 3.398120669445086645e-10
2.468822499999999991e+02 3.400611191456326879e-10
2.479072500000000048e+02 2.393487520821532612e-10
2.489320000000000164e+02 1.883050805212739164e-10
2.499570000000000221e+02 2.189440347300188512e-10
2.509819999999999993e+02 2.213197598902338905e-10
2.518789999999999907e+02 2.236068914346422976e-10
2.527754999999999939e+02 2.396761377262910792e-10
2.538004999999999995e+02 1.936145857104593483e-10
2.548255000000000337e+02 2.262227017258083073e-10
2.558505000000000109e+02 4.524831185570814575e-10
2.568752499999999941e+02 3.506897869550050123e-10
2.579002500000000282e+02 3.474807098756430961e-10
2.589252500000000055e+02 4.493398489493578117e-10
2.598219999999999459e+02 5.215348192678060087e-10
2.607189999999999941e+02 5.501195824800972176e-10
2.617437499999999773e+02 5.649846651573738467e-10
2.627687500000000114e+02 5.703193591408090425e-10
2.637937500000000455e+02 5.109398865262318789e-10
2.647417999999999552e+02 4.622241130656923809e-10
2.658435000000000059e+02 3.943531160601642608e-10
2.668684999999999832e+02 2.585685160866898351e-10
2.678935000000000173e+02 2.214495425278577363e-10
2.689184999999999945e+02 3.370170001177349591e-10
2.698149999999999977e+02 3.417791015948173577e-10
2.707119999999999891e+02 1.840611311727582436e-10
2.717369999999999663e+02 1.134651588619075998e-10
2.727620000000000005e+02 3.157844649925814368e-10
2.737870000000000346e+02 3.573633158140929883e-10
2.748117500000000746e+02 1.715791735076860797e-10
2.758367499999999950e+02 1.462034891053595853e-10
2.767848000000000184e+02 2.406863734254616064e-10
2.778867500000000064e+02 1.095943769912366091e-10
2.787192499999999882e+02 1.811593673241037113e-10
2.797572000000000116e+02 2.647386971338056397e-10
2.806283999999999992e+02 1.465847030495418697e-10
2.817300000000000182e+02 3.179041800071517177e-10
2.828318000000000438e+02 3.920413137467007464e-10
2.836946666666666488e+02 1.739264984214905744e-10
2.848050000000000068e+02 3.459196769265372307e-10
2.858299999999999841e+02 4.644564181117400596e-10
2.868547500000000241e+02 4.567732187465529914e-10
2.877516666666667220e+02 4.557372623090444519e-10
2.887253999999999792e+02 4.973241072772668770e-10
2.895966000000000236e+02 4.307069624108948823e-10
2.906982500000000300e+02 2.862462857766015825e-10
2.916378333333333330e+02 2.442120500970088568e-10
2.927225999999999999e+02 2.574533287254965232e-10
2.937732499999999618e+02 3.695203997854583058e-10
2.947980000000000018e+02 2.759781290616076484e-10
2.957462000000000444e+02 1.471944787529021954e-10
2.967199999999999704e+02 7.958193162358050403e-11
2.976167500000000246e+02 1.894266870724880787e-10
2.986161999999999921e+02 2.282522011531791517e-10
2.996922000000000139e+02 3.361087388722450229e-10
3.006915000000000191e+02 3.275176579318907260e-10
3.017164999999999964e+02 3.620196452076522441e-10
3.027158000000000015e+02 1.733866962482208890e-10
3.037662500000000136e+02 1.136873990872774564e-10
3.047656000000000063e+02 2.095384986708611899e-10
