   0.0000E+00   1.0000E+00
   0.0000E+00   7.9638E-01
   1.0000E+00   7.9383E-01
   2.0000E+00   7.2075E-01
   3.0000E+00   6.6286E-01
   4.0000E+00   6.1613E-01
   5.0000E+00   5.7980E-01
   6.0000E+00   5.5290E-01
   7.0000E+00   5.4215E-01
   8.0000E+00   5.5213E-01
   9.0000E+00   5.8714E-01
   1.0000E+01   6.3823E-01
   1.1000E+01   6.8452E-01
   1.2000E+01   6.8208E-01
   1.3000E+01   6.3932E-01
   1.4000E+01   5.5256E-01
   1.5000E+01   4.8617E-01
   1.6000E+01   5.1524E-01
   1.7000E+01   6.3985E-01
   1.8000E+01   8.6129E-01
   1.9000E+01   1.0717E+00
   2.0000E+01   1.2037E+00
   2.1000E+01   1.2551E+00
   2.2000E+01   1.2260E+00
   2.3000E+01   1.1755E+00
   2.4000E+01   1.1343E+00
   2.5000E+01   1.0936E+00
   2.6000E+01   1.0576E+00
   2.7000E+01   1.0526E+00
   2.8000E+01   1.0816E+00
   2.9000E+01   1.1461E+00
   3.0000E+01   1.2391E+00
   3.1000E+01   1.3274E+00
   3.2000E+01   1.4037E+00
   3.3000E+01   1.4738E+00
   3.4000E+01   1.5164E+00
   3.5000E+01   1.5171E+00
   3.6000E+01   1.4668E+00
   3.7000E+01   1.3690E+00
   3.8000E+01   1.2334E+00
   3.9000E+01   1.1525E+00
   4.0000E+01   1.1318E+00
   4.1000E+01   1.1716E+00
   4.2000E+01   1.2437E+00
   4.3000E+01   1.2676E+00
   4.4000E+01   1.2341E+00
   4.5000E+01   1.1448E+00
   4.6000E+01   1.0318E+00
   4.7000E+01   9.7241E-01
   4.8000E+01   9.6822E-01
   4.9000E+01   1.0179E+00
   5.0000E+01   1.0870E+00
   5.1000E+01   1.1032E+00
   5.2000E+01   1.0686E+00
   5.3000E+01   9.8490E-01
   5.4000E+01   8.9293E-01
   5.5000E+01   8.4873E-01
   5.6000E+01   8.5243E-01
   5.7000E+01   9.0670E-01
   5.8000E+01   9.6768E-01
   5.9000E+01   1.0088E+00
   6.0000E+01   1.0288E+00
   6.1000E+01   1.0274E+00
   6.2000E+01   1.0279E+00
   6.3000E+01   1.0388E+00
   6.4000E+01   1.0680E+00
   6.5000E+01   1.0974E+00
   6.6000E+01   1.1308E+00
   6.7000E+01   1.1614E+00
   6.8000E+01   1.1839E+00
   6.9000E+01   1.1987E+00
   7.0000E+01   1.1990E+00
   7.1000E+01   1.1844E+00
   7.2000E+01   1.1521E+00
   7.3000E+01   1.1083E+00
   7.4000E+01   1.0921E+00
   7.5000E+01   1.1122E+00
   7.6000E+01   1.1686E+00
   7.7000E+01   1.2496E+00
   7.8000E+01   1.2921E+00
   7.9000E+01   1.2834E+00
   8.0000E+01   1.2243E+00
   8.1000E+01   1.1336E+00
   8.1000E+01   1.0000E+00
   8.1000E+01   1.0000E+00
   8.1000E+01   1.0000E+00
   8.1000E+01   1.0000E+00
   8.1000E+01   1.1363E+00
   8.2000E+01   1.0589E+00
   8.3000E+01   1.0223E+00
   8.4000E+01   1.0197E+00
   8.5000E+01   1.0377E+00
   8.6000E+01   1.0461E+00
   8.7000E+01   1.0682E+00
   8.8000E+01   1.0682E+00
   8.9000E+01   1.0876E+00
   9.0000E+01   1.1026E+00
   9.1000E+01   1.1211E+00
   9.1000E+01   1.0000E+00
   9.1000E+01   1.1211E+00
   9.2000E+01   1.1702E+00
   9.3000E+01   1.2242E+00
   9.4000E+01   1.3323E+00
   9.5000E+01   1.3995E+00
   9.6000E+01   1.4631E+00
   9.7000E+01   1.5502E+00
   9.8000E+01   1.5747E+00
   9.9000E+01   1.5526E+00
   1.0000E+02   1.4698E+00
   1.0100E+02   1.3833E+00
   1.0100E+02   1.0000E+00
   1.0100E+02   1.3833E+00
   1.0200E+02   1.2895E+00
   1.0300E+02   1.1963E+00
   1.0400E+02   1.1041E+00
   1.0500E+02   1.0309E+00
   1.0500E+02   1.0000E+00
   1.0500E+02   1.0381E+00
   1.0600E+02   9.6457E-01
   1.0700E+02   8.9843E-01
   1.0800E+02   8.3744E-01
   1.0900E+02   8.2693E-01
   1.1000E+02   8.5416E-01
   1.1100E+02   9.4359E-01
   1.1100E+02   1.0000E+00
   1.1100E+02   9.2584E-01
   1.1200E+02   1.0453E+00
   1.1300E+02   1.0997E+00
   1.1400E+02   1.0675E+00
   1.1400E+02   1.0000E+00
   1.1400E+02   1.0834E+00
   1.1500E+02   9.9081E-01
   1.1600E+02   8.2926E-01
   1.1700E+02   7.7238E-01
   1.1800E+02   8.2783E-01
   1.1800E+02   1.0000E+00
   1.1800E+02   8.0795E-01
   1.1900E+02   9.5634E-01
   1.2000E+02   1.1764E+00
   1.2100E+02   1.3608E+00
   1.2200E+02   1.4469E+00
   1.2300E+02   1.4769E+00
   1.2400E+02   1.4576E+00
   1.2500E+02   1.4656E+00
   1.2600E+02   1.4867E+00
   1.2700E+02   1.5421E+00
   1.2800E+02   1.5949E+00
   1.2900E+02   1.6364E+00
   1.3000E+02   1.6496E+00
   1.3100E+02   1.6337E+00
   1.3200E+02   1.6050E+00
   1.3300E+02   1.5243E+00
   1.3400E+02   1.4452E+00
   1.3500E+02   1.3068E+00
   1.3600E+02   1.1933E+00
   1.3700E+02   1.1604E+00
   1.3800E+02   1.1854E+00
   1.3900E+02   1.2775E+00
   1.4000E+02   1.3650E+00
   1.4100E+02   1.3614E+00
   1.4200E+02   1.2876E+00
   1.4300E+02   1.1350E+00
   1.4400E+02   1.0357E+00
   1.4500E+02   1.0439E+00
   1.4600E+02   1.1706E+00
   1.4700E+02   1.3722E+00
   1.4800E+02   1.5482E+00
   1.4900E+02   1.6104E+00
   1.5000E+02   1.5625E+00
   1.5100E+02   1.4391E+00
   1.5200E+02   1.3312E+00
   1.5300E+02   1.2711E+00
   1.5400E+02   1.2659E+00
   1.5500E+02   1.2887E+00
   1.5600E+02   1.2731E+00
   1.5700E+02   1.1899E+00
   1.5800E+02   1.0290E+00
   1.5900E+02   8.5857E-01
   1.6000E+02   7.3559E-01
   1.6100E+02   6.6862E-01
   1.6200E+02   6.7364E-01
   1.6300E+02   7.2747E-01
   1.6400E+02   7.8247E-01
   1.6500E+02   8.3585E-01
   1.6600E+02   9.0500E-01
   1.6700E+02   9.5249E-01
   1.6700E+02   1.0000E+00
   1.6700E+02   9.5246E-01
   1.6700E+02   1.0000E+00
   1.6700E+02   1.0000E+00
   1.6700E+02   1.0000E+00
   1.6700E+02   9.5246E-01
   1.6700E+02   1.0000E+00
   1.6700E+02   9.5246E-01
   1.6800E+02   1.0121E+00
   1.6900E+02   1.0691E+00
   1.7000E+02   1.1256E+00
   1.7100E+02   1.1809E+00
   1.7200E+02   1.2444E+00
   1.7300E+02   1.3577E+00
   1.7400E+02   1.4496E+00
   1.7500E+02   1.5673E+00
   1.7600E+02   1.5820E+00
   1.7700E+02   1.5526E+00
   1.7700E+02   1.0000E+00
   1.7700E+02   1.5526E+00
   1.7800E+02   1.4335E+00
   1.7800E+02   1.0000E+00
   1.7800E+02   1.4524E+00
   1.7900E+02   1.3203E+00
   1.8000E+02   1.2016E+00
   1.8100E+02   1.1189E+00
   1.8200E+02   1.0459E+00
   1.8300E+02   1.0228E+00
   1.8400E+02   1.0256E+00
   1.8500E+02   1.0873E+00
   1.8600E+02   1.1284E+00
   1.8700E+02   1.1938E+00
   1.8800E+02   1.2294E+00
   1.8900E+02   1.2398E+00
   1.9000E+02   1.2295E+00
   1.9100E+02   1.2287E+00
   1.9200E+02   1.2502E+00
   1.9300E+02   1.2675E+00
   1.9400E+02   1.3098E+00
   1.9500E+02   1.3372E+00
   1.9600E+02   1.3442E+00
   1.9700E+02   1.3366E+00
   1.9800E+02   1.3086E+00
   1.9900E+02   1.3016E+00
   2.0000E+02   1.3055E+00
   2.0100E+02   1.3345E+00
   2.0200E+02   1.3691E+00
   2.0200E+02   1.0000E+00
   2.0200E+02   1.3443E+00
   2.0300E+02   1.3941E+00
   2.0400E+02   1.4684E+00
   2.0500E+02   1.5736E+00
   2.0600E+02   1.6700E+00
   2.0700E+02   1.7182E+00
   2.0800E+02   1.6992E+00
   2.0900E+02   1.6415E+00
   2.1000E+02   1.5685E+00
   2.1100E+02   1.4927E+00
   2.1200E+02   1.4346E+00
   2.1300E+02   1.4143E+00
   2.1400E+02   1.4079E+00
   2.1500E+02   1.3973E+00
   2.1600E+02   1.3883E+00
   2.1700E+02   1.3809E+00
   2.1800E+02   1.3852E+00
   2.1900E+02   1.4010E+00
   2.2000E+02   1.4352E+00
   2.2100E+02   1.4969E+00
   2.2200E+02   1.5434E+00
   2.2300E+02   1.5709E+00
   2.2400E+02   1.5765E+00
   2.2500E+02   1.5668E+00
   2.2600E+02   1.5604E+00
   2.2700E+02   1.5626E+00
   2.2800E+02   1.5682E+00
   2.2900E+02   1.5826E+00
   2.3000E+02   1.5642E+00
   2.3100E+02   1.5183E+00
   2.3200E+02   1.4304E+00
   2.3300E+02   1.3097E+00
   2.3400E+02   1.2122E+00
   2.3500E+02   1.1537E+00
   2.3600E+02   1.1502E+00
   2.3700E+02   1.1785E+00
   2.3800E+02   1.2136E+00
   2.3900E+02   1.2675E+00
   2.4000E+02   1.2976E+00
   2.4100E+02   1.3180E+00
   2.4200E+02   1.3401E+00
   2.4300E+02   1.3426E+00
   2.4400E+02   1.3241E+00
   2.4500E+02   1.3204E+00
   2.4600E+02   1.3254E+00
   2.4700E+02   1.3516E+00
   2.4800E+02   1.3973E+00
   2.4900E+02   1.4635E+00
   2.5000E+02   1.5168E+00
   2.5100E+02   1.5572E+00
   2.5200E+02   1.6025E+00
   2.5300E+02   1.6172E+00
   2.5400E+02   1.5905E+00
   2.5500E+02   1.4694E+00
   2.5600E+02   1.3672E+00
   2.5700E+02   1.2176E+00
   2.5800E+02   1.1612E+00
   2.5900E+02   1.1944E+00
   2.6000E+02   1.3029E+00
   2.6100E+02   1.4005E+00
   2.6200E+02   1.4893E+00
   2.6300E+02   1.5102E+00
   2.6400E+02   1.4947E+00
   2.6500E+02   1.4785E+00
   2.6600E+02   1.5037E+00
   2.6700E+02   1.5679E+00
   2.6800E+02   1.6187E+00
   2.6900E+02   1.6795E+00
   2.7000E+02   1.7106E+00
   2.7100E+02   1.7066E+00
   2.7200E+02   1.6829E+00
   2.7300E+02   1.6188E+00
   2.7400E+02   1.5745E+00
   2.7500E+02   1.4838E+00
   2.7600E+02   1.4052E+00
   2.7700E+02   1.3314E+00
   2.7800E+02   1.2856E+00
   2.7900E+02   1.2815E+00
   2.8000E+02   1.3001E+00
   2.8100E+02   1.3229E+00
   2.8200E+02   1.3411E+00
   2.8300E+02   1.3460E+00
   2.8400E+02   1.3474E+00
   2.8500E+02   1.3289E+00
   2.8600E+02   1.2772E+00
   2.8700E+02   1.2199E+00
   2.8800E+02   1.1678E+00
   2.8900E+02   1.1254E+00
   2.9000E+02   1.0631E+00
   2.9100E+02   1.0475E+00
   2.9200E+02   1.0525E+00
   2.9300E+02   1.0891E+00
   2.9400E+02   1.2082E+00
   2.9500E+02   1.3378E+00
   2.9600E+02   1.4430E+00
   2.9700E+02   1.5037E+00
   2.9800E+02   1.4758E+00
   2.9900E+02   1.3897E+00
   3.0000E+02   1.2522E+00
   3.0100E+02   1.1656E+00
   3.0200E+02   1.1151E+00
   3.0300E+02   1.1009E+00
   3.0400E+02   1.1165E+00
   3.0500E+02   1.1490E+00
   3.0600E+02   1.2129E+00
   3.0700E+02   1.2983E+00
   3.0800E+02   1.3377E+00
   3.0900E+02   1.3368E+00
   3.1000E+02   1.2962E+00
   3.1100E+02   1.2070E+00
   3.1200E+02   1.1389E+00
   3.1300E+02   1.1470E+00
   3.1400E+02   1.2018E+00
   3.1500E+02   1.2945E+00
   3.1600E+02   1.3990E+00
   3.1700E+02   1.4440E+00
   3.1800E+02   1.4624E+00
   3.1900E+02   1.4415E+00
   3.2000E+02   1.4068E+00
   3.2100E+02   1.3800E+00
   3.2200E+02   1.3149E+00
   3.2300E+02   1.2355E+00
   3.2400E+02   1.1705E+00
   3.2500E+02   1.0896E+00
   3.2600E+02   1.0077E+00
   3.2600E+02   1.0000E+00
   3.2600E+02   1.0334E+00
   3.2700E+02   9.6138E-01
   3.2800E+02   9.2719E-01
   3.2900E+02   9.3540E-01
   3.3000E+02   9.8533E-01
   3.3000E+02   1.0000E+00
   3.3000E+02   9.6321E-01
   3.3100E+02   1.0346E+00
   3.3200E+02   1.1266E+00
   3.3300E+02   1.2221E+00
   3.3400E+02   1.3453E+00
   3.3500E+02   1.4183E+00
   3.3600E+02   1.4481E+00
   3.3700E+02   1.4139E+00
   3.3800E+02   1.3099E+00
   3.3900E+02   1.1719E+00
   3.4000E+02   1.0818E+00
   3.4100E+02   1.0311E+00
   3.4200E+02   1.0324E+00
   3.4300E+02   1.0565E+00
   3.4400E+02   1.0985E+00
   3.4500E+02   1.1429E+00
   3.4600E+02   1.2404E+00
   3.4700E+02   1.2862E+00
   3.4800E+02   1.3395E+00
   3.4900E+02   1.3676E+00
   3.5000E+02   1.3809E+00
   3.5100E+02   1.3929E+00
   3.5200E+02   1.4144E+00
   3.5300E+02   1.4382E+00
   3.5400E+02   1.4786E+00
   3.5500E+02   1.4972E+00
   3.5600E+02   1.4975E+00
   3.5700E+02   1.4604E+00
   3.5800E+02   1.4416E+00
   3.5900E+02   1.4117E+00
   3.6000E+02   1.4048E+00
   3.6100E+02   1.4114E+00
   3.6200E+02   1.4290E+00
   3.6300E+02   1.4484E+00
   3.6400E+02   1.4554E+00
   3.6500E+02   1.4664E+00
   3.6600E+02   1.4658E+00
   3.6700E+02   1.4408E+00
   3.6800E+02   1.3941E+00
   3.6900E+02   1.3103E+00
   3.7000E+02   1.2196E+00
   3.7100E+02   1.1316E+00
   3.7200E+02   1.0831E+00
   3.7300E+02   1.0627E+00
   3.7400E+02   1.0549E+00
   3.7500E+02   1.0601E+00
   3.7600E+02   1.0892E+00
   3.7700E+02   1.1123E+00
   3.7800E+02   1.1485E+00
   3.7900E+02   1.1809E+00
   3.8000E+02   1.1852E+00
   3.8100E+02   1.1809E+00
   3.8200E+02   1.2004E+00
   3.8300E+02   1.2555E+00
   3.8400E+02   1.3064E+00
   3.8500E+02   1.4135E+00
   3.8600E+02   1.5140E+00
   3.8700E+02   1.5354E+00
   3.8800E+02   1.4885E+00
   3.8900E+02   1.3902E+00
   3.9000E+02   1.2885E+00
   3.9100E+02   1.2491E+00
   3.9200E+02   1.2738E+00
   3.9300E+02   1.3609E+00
   3.9400E+02   1.4272E+00
   3.9500E+02   1.4366E+00
   3.9600E+02   1.3962E+00
   3.9700E+02   1.2949E+00
   3.9800E+02   1.2257E+00
   3.9900E+02   1.2201E+00
   4.0000E+02   1.2529E+00
   4.0100E+02   1.3268E+00
   4.0200E+02   1.3693E+00
   4.0300E+02   1.3772E+00
   4.0400E+02   1.3474E+00
   4.0500E+02   1.2934E+00
   4.0600E+02   1.2782E+00
   4.0700E+02   1.3454E+00
   4.0800E+02   1.3911E+00
   4.0900E+02   1.5166E+00
   4.1000E+02   1.5867E+00
   4.1100E+02   1.6085E+00
   4.1200E+02   1.5831E+00
   4.1300E+02   1.5190E+00
   4.1400E+02   1.4854E+00
   4.1500E+02   1.4784E+00
   4.1600E+02   1.5034E+00
   4.1700E+02   1.5165E+00
   4.1800E+02   1.5441E+00
   4.1900E+02   1.5547E+00
   4.2000E+02   1.5590E+00
   4.2100E+02   1.5654E+00
   4.2200E+02   1.5787E+00
   4.2300E+02   1.5928E+00
   4.2400E+02   1.6105E+00
   4.2500E+02   1.6403E+00
   4.2600E+02   1.6585E+00
   4.2700E+02   1.6651E+00
   4.2800E+02   1.6721E+00
   4.2900E+02   1.6433E+00
   4.3000E+02   1.5787E+00
   4.3100E+02   1.4677E+00
   4.3200E+02   1.3144E+00
   4.3300E+02   1.1764E+00
   4.3400E+02   1.0859E+00
   4.3500E+02   1.0521E+00
   4.3600E+02   1.0768E+00
   4.3700E+02   1.1110E+00
   4.3800E+02   1.1373E+00
   4.3900E+02   1.1748E+00
   4.4000E+02   1.1971E+00
   4.4100E+02   1.2072E+00
   4.4200E+02   1.1884E+00
   4.4300E+02   1.1324E+00
   4.4400E+02   1.0852E+00
   4.4400E+02   1.0000E+00
   4.4400E+02   1.0938E+00
   4.4400E+02   1.0000E+00
   4.4400E+02   1.0000E+00
   4.4400E+02   1.0000E+00
   4.4400E+02   1.0938E+00
   4.4400E+02   1.0000E+00
   4.4400E+02   1.0938E+00
   4.4400E+02   1.0000E+00
   4.4400E+02   1.0938E+00
   4.4500E+02   1.0144E+00
   4.4500E+02   1.0000E+00
   4.4500E+02   1.0144E+00
   4.4500E+02   1.0000E+00
   4.4500E+02   1.0144E+00
