   0.0000E+00   1.0000E+00
   0.0000E+00   1.0812E+00
   1.0000E+00   1.0842E+00
   2.0000E+00   1.1953E+00
   3.0000E+00   1.2968E+00
   4.0000E+00   1.3626E+00
   5.0000E+00   1.3819E+00
   6.0000E+00   1.3591E+00
   7.0000E+00   1.3102E+00
   8.0000E+00   1.3015E+00
   9.0000E+00   1.3363E+00
   1.0000E+01   1.4151E+00
   1.1000E+01   1.5155E+00
   1.2000E+01   1.5646E+00
   1.3000E+01   1.5569E+00
   1.4000E+01   1.4937E+00
   1.5000E+01   1.4098E+00
   1.6000E+01   1.3716E+00
   1.7000E+01   1.3854E+00
   1.8000E+01   1.4460E+00
   1.9000E+01   1.5093E+00
   2.0000E+01   1.4972E+00
   2.1000E+01   1.4118E+00
   2.2000E+01   1.2514E+00
   2.3000E+01   1.0944E+00
   2.4000E+01   1.0277E+00
   2.5000E+01   1.0470E+00
   2.6000E+01   1.1581E+00
   2.7000E+01   1.2800E+00
   2.8000E+01   1.3705E+00
   2.9000E+01   1.4288E+00
   3.0000E+01   1.4547E+00
   3.1000E+01   1.4742E+00
   3.2000E+01   1.4923E+00
   3.3000E+01   1.5144E+00
   3.4000E+01   1.5388E+00
   3.5000E+01   1.5297E+00
   3.6000E+01   1.4688E+00
   3.7000E+01   1.3650E+00
   3.8000E+01   1.2151E+00
   3.9000E+01   1.0738E+00
   4.0000E+01   9.4891E-01
   4.1000E+01   8.4308E-01
   4.2000E+01   7.5756E-01
   4.3000E+01   7.1037E-01
   4.4000E+01   7.0272E-01
   4.5000E+01   7.3652E-01
   4.6000E+01   7.9647E-01
   4.7000E+01   8.3079E-01
   4.8000E+01   8.3279E-01
   4.9000E+01   8.0541E-01
   5.0000E+01   7.4609E-01
   5.1000E+01   6.8865E-01
   5.2000E+01   6.1654E-01
   5.3000E+01   5.4513E-01
   5.4000E+01   4.6997E-01
   5.5000E+01   3.9911E-01
   5.6000E+01   3.4338E-01
   5.7000E+01   2.9645E-01
   5.8000E+01   2.6439E-01
   5.9000E+01   2.5179E-01
   6.0000E+01   2.6031E-01
   6.1000E+01   2.9196E-01
   6.2000E+01   3.1707E-01
   6.3000E+01   3.3808E-01
   6.4000E+01   3.5347E-01
   6.5000E+01   3.5904E-01
   6.6000E+01   3.7645E-01
   6.7000E+01   4.2282E-01
   6.8000E+01   4.9795E-01
   6.9000E+01   5.9993E-01
   7.0000E+01   6.9819E-01
   7.1000E+01   7.9141E-01
   7.2000E+01   8.6460E-01
   7.3000E+01   9.1890E-01
   7.4000E+01   9.3542E-01
   7.5000E+01   8.9735E-01
   7.6000E+01   8.0168E-01
   7.7000E+01   6.6205E-01
   7.8000E+01   5.5675E-01
   7.9000E+01   5.1037E-01
   8.0000E+01   5.2875E-01
   8.1000E+01   5.9869E-01
   8.2000E+01   6.6750E-01
   8.3000E+01   7.0206E-01
   8.4000E+01   7.1774E-01
   8.5000E+01   7.1386E-01
   8.6000E+01   7.1868E-01
   8.7000E+01   7.3245E-01
   8.8000E+01   7.6510E-01
   8.9000E+01   8.0036E-01
   9.0000E+01   8.2951E-01
   9.1000E+01   8.5598E-01
   9.2000E+01   8.8050E-01
   9.3000E+01   9.0676E-01
   9.4000E+01   9.7011E-01
   9.5000E+01   1.0706E+00
   9.6000E+01   1.1990E+00
   9.7000E+01   1.3355E+00
   9.8000E+01   1.4031E+00
   9.9000E+01   1.4028E+00
   1.0000E+02   1.3352E+00
   1.0100E+02   1.2286E+00
   1.0200E+02   1.1340E+00
   1.0300E+02   1.0549E+00
   1.0400E+02   9.9388E-01
   1.0500E+02   9.4925E-01
   1.0600E+02   9.3451E-01
   1.0700E+02   9.4798E-01
   1.0800E+02   9.8917E-01
   1.0900E+02   1.0212E+00
   1.1000E+02   1.0254E+00
   1.1100E+02   9.9961E-01
   1.1200E+02   9.4240E-01
   1.1300E+02   9.0933E-01
   1.1400E+02   9.2589E-01
   1.1500E+02   9.9376E-01
   1.1600E+02   1.1052E+00
   1.1700E+02   1.1966E+00
   1.1800E+02   1.2374E+00
   1.1900E+02   1.2251E+00
   1.2000E+02   1.1668E+00
   1.2100E+02   1.1092E+00
   1.2200E+02   1.0562E+00
   1.2300E+02   1.0108E+00
   1.2400E+02   9.7873E-01
   1.2500E+02   9.6227E-01
   1.2600E+02   9.6422E-01
   1.2700E+02   9.8288E-01
   1.2800E+02   1.0147E+00
   1.2900E+02   1.0342E+00
   1.3000E+02   1.0360E+00
   1.3100E+02   1.0214E+00
   1.3200E+02   1.0024E+00
   1.3200E+02   1.0000E+00
   1.3200E+02   1.0025E+00
   1.3300E+02   1.0237E+00
   1.3400E+02   1.0759E+00
   1.3500E+02   1.1590E+00
   1.3600E+02   1.2631E+00
   1.3700E+02   1.2772E+00
   1.3800E+02   1.2208E+00
   1.3900E+02   1.0898E+00
   1.4000E+02   9.5839E-01
   1.4100E+02   9.6028E-01
   1.4200E+02   1.0898E+00
   1.4300E+02   1.3646E+00
   1.4400E+02   1.6146E+00
   1.4500E+02   1.7449E+00
   1.4600E+02   1.7346E+00
   1.4700E+02   1.6020E+00
   1.4800E+02   1.4106E+00
   1.4900E+02   1.2644E+00
   1.5000E+02   1.1261E+00
   1.5100E+02   1.0543E+00
   1.5200E+02   1.0260E+00
   1.5300E+02   1.0483E+00
   1.5400E+02   1.1634E+00
   1.5500E+02   1.2644E+00
   1.5600E+02   1.3722E+00
   1.5700E+02   1.3903E+00
   1.5800E+02   1.3370E+00
   1.5900E+02   1.2228E+00
   1.6000E+02   1.1320E+00
   1.6100E+02   1.1291E+00
   1.6200E+02   1.1760E+00
   1.6300E+02   1.2815E+00
   1.6400E+02   1.3277E+00
   1.6500E+02   1.2749E+00
   1.6600E+02   1.1470E+00
   1.6700E+02   9.6021E-01
   1.6800E+02   8.1756E-01
   1.6900E+02   7.7171E-01
   1.7000E+02   8.1597E-01
   1.7100E+02   9.0847E-01
   1.7200E+02   9.3864E-01
   1.7300E+02   9.1227E-01
   1.7400E+02   7.7707E-01
   1.7500E+02   6.9001E-01
   1.7600E+02   6.4000E-01
   1.7700E+02   6.6103E-01
   1.7800E+02   7.3683E-01
   1.7900E+02   8.9087E-01
   1.8000E+02   9.7193E-01
   1.8000E+02   1.0000E+00
   1.8000E+02   9.7018E-01
   1.8100E+02   1.0657E+00
   1.8200E+02   1.1306E+00
   1.8300E+02   1.1829E+00
   1.8400E+02   1.2352E+00
   1.8500E+02   1.2580E+00
   1.8600E+02   1.2669E+00
   1.8700E+02   1.2659E+00
   1.8800E+02   1.2473E+00
   1.8900E+02   1.2164E+00
   1.9000E+02   1.1748E+00
   1.9100E+02   1.1689E+00
   1.9200E+02   1.1225E+00
   1.9300E+02   1.0677E+00
   1.9400E+02   1.0259E+00
   1.9500E+02   1.0108E+00
   1.9600E+02   1.0362E+00
   1.9700E+02   1.1058E+00
   1.9800E+02   1.1657E+00
   1.9900E+02   1.2402E+00
   2.0000E+02   1.2972E+00
   2.0100E+02   1.3192E+00
   2.0200E+02   1.3042E+00
   2.0300E+02   1.2507E+00
   2.0400E+02   1.1342E+00
   2.0500E+02   1.0112E+00
   2.0500E+02   1.0000E+00
   2.0500E+02   1.0152E+00
   2.0600E+02   8.0867E-01
   2.0700E+02   7.3363E-01
   2.0800E+02   7.9541E-01
   2.0900E+02   9.7911E-01
   2.1000E+02   1.2622E+00
   2.1100E+02   1.4674E+00
   2.1200E+02   1.5696E+00
   2.1300E+02   1.5524E+00
   2.1400E+02   1.4593E+00
   2.1500E+02   1.4138E+00
   2.1600E+02   1.4238E+00
   2.1700E+02   1.4835E+00
   2.1800E+02   1.5222E+00
   2.1900E+02   1.5074E+00
   2.2000E+02   1.4277E+00
   2.2100E+02   1.2821E+00
   2.2200E+02   1.1031E+00
   2.2300E+02   1.0192E+00
   2.2400E+02   1.0023E+00
   2.2500E+02   1.0614E+00
   2.2600E+02   1.1812E+00
   2.2700E+02   1.2455E+00
   2.2800E+02   1.3349E+00
   2.2900E+02   1.4078E+00
   2.3000E+02   1.4430E+00
   2.3100E+02   1.4029E+00
   2.3200E+02   1.2782E+00
   2.3300E+02   1.0909E+00
   2.3400E+02   9.2050E-01
   2.3500E+02   8.0418E-01
   2.3600E+02   7.8289E-01
   2.3700E+02   8.4565E-01
   2.3800E+02   9.1216E-01
   2.3800E+02   1.0000E+00
   2.3800E+02   8.9642E-01
   2.3900E+02   9.9040E-01
   2.4000E+02   1.1063E+00
   2.4100E+02   1.2280E+00
   2.4200E+02   1.3225E+00
   2.4300E+02   1.3619E+00
   2.4400E+02   1.3591E+00
   2.4500E+02   1.3247E+00
   2.4600E+02   1.2768E+00
   2.4700E+02   1.2227E+00
   2.4800E+02   1.1601E+00
   2.4900E+02   1.1234E+00
   2.5000E+02   1.0811E+00
   2.5100E+02   1.0628E+00
   2.5200E+02   1.0565E+00
   2.5300E+02   1.0527E+00
   2.5400E+02   1.0360E+00
   2.5400E+02   1.0000E+00
   2.5400E+02   1.0373E+00
   2.5500E+02   1.0002E+00
   2.5500E+02   1.0000E+00
   2.5500E+02   1.0028E+00
   2.5600E+02   9.4607E-01
   2.5700E+02   8.9131E-01
   2.5800E+02   8.9202E-01
   2.5900E+02   9.5627E-01
   2.5900E+02   1.0000E+00
   2.5900E+02   9.4220E-01
   2.6000E+02   1.0481E+00
   2.6100E+02   1.1786E+00
   2.6200E+02   1.2459E+00
   2.6300E+02   1.2467E+00
   2.6400E+02   1.1782E+00
   2.6500E+02   1.0836E+00
   2.6500E+02   1.0000E+00
   2.6500E+02   1.0935E+00
   2.6600E+02   1.0004E+00
   2.6700E+02   9.1092E-01
   2.6800E+02   8.0100E-01
   2.6900E+02   7.6655E-01
   2.7000E+02   7.7937E-01
   2.7100E+02   8.3109E-01
   2.7200E+02   9.2974E-01
   2.7300E+02   1.0341E+00
   2.7400E+02   1.1233E+00
   2.7500E+02   1.1638E+00
   2.7600E+02   1.1760E+00
   2.7700E+02   1.1709E+00
   2.7800E+02   1.1527E+00
   2.7900E+02   1.1181E+00
   2.8000E+02   1.0732E+00
   2.8100E+02   1.0517E+00
   2.8200E+02   1.0496E+00
   2.8300E+02   1.0751E+00
   2.8400E+02   1.1002E+00
   2.8500E+02   1.1372E+00
   2.8600E+02   1.1674E+00
   2.8700E+02   1.1812E+00
   2.8800E+02   1.2018E+00
   2.8900E+02   1.2568E+00
   2.9000E+02   1.3123E+00
   2.9100E+02   1.3949E+00
   2.9200E+02   1.4898E+00
   2.9300E+02   1.5617E+00
   2.9400E+02   1.5972E+00
   2.9500E+02   1.6015E+00
   2.9600E+02   1.5726E+00
   2.9700E+02   1.5540E+00
   2.9800E+02   1.4884E+00
   2.9900E+02   1.4494E+00
   3.0000E+02   1.3855E+00
   3.0100E+02   1.3247E+00
   3.0200E+02   1.2592E+00
   3.0300E+02   1.2175E+00
   3.0400E+02   1.1936E+00
   3.0500E+02   1.1928E+00
   3.0600E+02   1.2132E+00
   3.0700E+02   1.2512E+00
   3.0800E+02   1.3340E+00
   3.0900E+02   1.3818E+00
   3.1000E+02   1.4469E+00
   3.1100E+02   1.5235E+00
   3.1200E+02   1.5913E+00
   3.1300E+02   1.6210E+00
   3.1400E+02   1.6210E+00
   3.1500E+02   1.5835E+00
   3.1600E+02   1.5021E+00
   3.1700E+02   1.4450E+00
   3.1800E+02   1.3286E+00
   3.1900E+02   1.1632E+00
   3.2000E+02   1.0722E+00
   3.2100E+02   1.0261E+00
   3.2200E+02   1.0616E+00
   3.2300E+02   1.1251E+00
   3.2400E+02   1.2254E+00
   3.2500E+02   1.2639E+00
   3.2600E+02   1.3075E+00
   3.2700E+02   1.3142E+00
   3.2800E+02   1.2887E+00
   3.2900E+02   1.1920E+00
   3.3000E+02   1.0496E+00
   3.3000E+02   1.0000E+00
   3.3000E+02   1.1071E+00
   3.3100E+02   9.5655E-01
   3.3200E+02   8.6567E-01
   3.3300E+02   8.4094E-01
   3.3400E+02   8.8400E-01
   3.3500E+02   9.8845E-01
   3.3600E+02   1.0554E+00
   3.3700E+02   1.0911E+00
   3.3800E+02   1.0877E+00
   3.3900E+02   1.0784E+00
   3.4000E+02   1.1047E+00
   3.4100E+02   1.1665E+00
   3.4200E+02   1.2359E+00
   3.4300E+02   1.3506E+00
   3.4400E+02   1.4204E+00
   3.4500E+02   1.4744E+00
   3.4600E+02   1.4965E+00
   3.4700E+02   1.4923E+00
   3.4800E+02   1.4606E+00
   3.4900E+02   1.4149E+00
   3.5000E+02   1.3385E+00
   3.5100E+02   1.2507E+00
   3.5200E+02   1.1909E+00
   3.5300E+02   1.1503E+00
   3.5400E+02   1.1380E+00
   3.5500E+02   1.1735E+00
   3.5600E+02   1.2414E+00
   3.5700E+02   1.3930E+00
   3.5800E+02   1.5812E+00
   3.5900E+02   1.7180E+00
   3.6000E+02   1.7087E+00
   3.6100E+02   1.5428E+00
   3.6200E+02   1.2837E+00
   3.6300E+02   1.0441E+00
   3.6400E+02   9.5625E-01
   3.6500E+02   9.8509E-01
   3.6600E+02   1.1443E+00
   3.6700E+02   1.2758E+00
   3.6800E+02   1.3530E+00
   3.6900E+02   1.3600E+00
   3.7000E+02   1.3238E+00
   3.7100E+02   1.2394E+00
   3.7200E+02   1.1150E+00
   3.7300E+02   1.0097E+00
   3.7300E+02   1.0000E+00
   3.7300E+02   1.0282E+00
   3.7400E+02   8.7233E-01
   3.7500E+02   8.3103E-01
   3.7600E+02   9.1528E-01
   3.7600E+02   1.0000E+00
   3.7600E+02   8.8341E-01
   3.7700E+02   1.0488E+00
   3.7800E+02   1.2735E+00
   3.7900E+02   1.4099E+00
   3.8000E+02   1.4371E+00
   3.8100E+02   1.3534E+00
   3.8200E+02   1.1951E+00
   3.8300E+02   1.1018E+00
   3.8400E+02   1.0596E+00
   3.8500E+02   1.0798E+00
   3.8600E+02   1.1207E+00
   3.8700E+02   1.1350E+00
   3.8800E+02   1.1136E+00
   3.8900E+02   1.0691E+00
   3.9000E+02   1.0379E+00
   3.9100E+02   1.0269E+00
   3.9200E+02   1.0633E+00
   3.9300E+02   1.1086E+00
   3.9400E+02   1.1845E+00
   3.9500E+02   1.2783E+00
   3.9600E+02   1.3928E+00
   3.9700E+02   1.4259E+00
   3.9800E+02   1.4805E+00
   3.9900E+02   1.4577E+00
   4.0000E+02   1.3892E+00
   4.0100E+02   1.2421E+00
   4.0200E+02   1.1169E+00
   4.0300E+02   1.0738E+00
   4.0400E+02   1.0924E+00
   4.0500E+02   1.1695E+00
   4.0600E+02   1.2380E+00
   4.0700E+02   1.2486E+00
   4.0800E+02   1.1862E+00
   4.0900E+02   1.1457E+00
   4.1000E+02   1.1073E+00
   4.1100E+02   1.1148E+00
   4.1200E+02   1.2064E+00
   4.1300E+02   1.2556E+00
   4.1400E+02   1.3000E+00
   4.1500E+02   1.2782E+00
   4.1600E+02   1.1803E+00
   4.1700E+02   1.1001E+00
   4.1800E+02   1.0230E+00
   4.1800E+02   1.0000E+00
   4.1800E+02   1.0266E+00
   4.1800E+02   1.0000E+00
   4.1800E+02   1.0266E+00
   4.1800E+02   1.0000E+00
   4.1800E+02   1.0266E+00
   4.1800E+02   1.0000E+00
   4.1800E+02   1.0266E+00
   4.1800E+02   1.0000E+00
   4.1800E+02   1.0266E+00
   4.1800E+02   1.0000E+00
   4.1800E+02   1.0266E+00
   4.1900E+02   9.9156E-01
   4.1900E+02   1.0000E+00
   4.1900E+02   9.9156E-01
   4.1900E+02   1.0000E+00
   4.1900E+02   9.9156E-01
