   0.0000E+00   1.0000E+00
   0.0000E+00   9.7194E-01
   1.0000E+00   9.7056E-01
   2.0000E+00   9.1147E-01
   3.0000E+00   8.3656E-01
   4.0000E+00   7.4237E-01
   5.0000E+00   6.5481E-01
   6.0000E+00   5.6833E-01
   7.0000E+00   4.7114E-01
   8.0000E+00   3.9516E-01
   9.0000E+00   3.4496E-01
   1.0000E+01   3.2735E-01
   1.1000E+01   3.3814E-01
   1.2000E+01   3.9087E-01
   1.3000E+01   4.7768E-01
   1.4000E+01   6.1200E-01
   1.5000E+01   7.8878E-01
   1.6000E+01   9.2864E-01
   1.7000E+01   1.0016E+00
   1.8000E+01   1.0057E+00
   1.9000E+01   9.4660E-01
   2.0000E+01   9.0179E-01
   2.1000E+01   8.9545E-01
   2.2000E+01   9.2904E-01
   2.3000E+01   9.9514E-01
   2.4000E+01   1.0240E+00
   2.5000E+01   9.9941E-01
   2.6000E+01   9.2007E-01
   2.7000E+01   7.9475E-01
   2.8000E+01   7.1362E-01
   2.9000E+01   6.8776E-01
   3.0000E+01   7.1533E-01
   3.1000E+01   7.8219E-01
   3.2000E+01   8.1166E-01
   3.3000E+01   7.9554E-01
   3.4000E+01   7.3104E-01
   3.5000E+01   6.4474E-01
   3.6000E+01   6.0197E-01
   3.7000E+01   6.0102E-01
   3.8000E+01   6.4747E-01
   3.9000E+01   7.2103E-01
   4.0000E+01   7.8654E-01
   4.1000E+01   8.3953E-01
   4.2000E+01   8.7799E-01
   4.3000E+01   9.1401E-01
   4.4000E+01   9.5843E-01
   4.5000E+01   1.0095E+00
   4.6000E+01   1.0729E+00
   4.7000E+01   1.1344E+00
   4.8000E+01   1.2045E+00
   4.9000E+01   1.2680E+00
   5.0000E+01   1.3360E+00
   5.1000E+01   1.3705E+00
   5.2000E+01   1.3460E+00
   5.3000E+01   1.2615E+00
   5.4000E+01   1.1167E+00
   5.5000E+01   1.0013E+00
   5.6000E+01   9.6353E-01
   5.7000E+01   1.0050E+00
   5.8000E+01   1.1214E+00
   5.9000E+01   1.2217E+00
   6.0000E+01   1.2563E+00
   6.1000E+01   1.2319E+00
   6.2000E+01   1.1516E+00
   6.3000E+01   1.0964E+00
   6.4000E+01   1.0912E+00
   6.5000E+01   1.1374E+00
   6.6000E+01   1.2218E+00
   6.7000E+01   1.2775E+00
   6.8000E+01   1.2948E+00
   6.9000E+01   1.2691E+00
   7.0000E+01   1.2148E+00
   7.1000E+01   1.1773E+00
   7.2000E+01   1.1678E+00
   7.3000E+01   1.1845E+00
   7.4000E+01   1.2174E+00
   7.5000E+01   1.2433E+00
   7.6000E+01   1.2580E+00
   7.7000E+01   1.2590E+00
   7.8000E+01   1.2470E+00
   7.9000E+01   1.2078E+00
   8.0000E+01   1.1398E+00
   8.1000E+01   1.0451E+00
   8.2000E+01   9.4611E-01
   8.3000E+01   8.6202E-01
   8.4000E+01   7.9423E-01
   8.5000E+01   7.5229E-01
   8.6000E+01   7.3076E-01
   8.7000E+01   7.3187E-01
   8.8000E+01   7.5964E-01
   8.9000E+01   7.9568E-01
   9.0000E+01   8.5007E-01
   9.1000E+01   8.9631E-01
   9.2000E+01   9.3613E-01
   9.3000E+01   9.7854E-01
   9.4000E+01   1.0021E+00
   9.5000E+01   1.0062E+00
   9.6000E+01   9.8874E-01
   9.7000E+01   9.5013E-01
   9.8000E+01   9.0210E-01
   9.9000E+01   8.5410E-01
   1.0000E+02   8.0455E-01
   1.0100E+02   7.6482E-01
   1.0200E+02   7.4802E-01
   1.0300E+02   7.6677E-01
   1.0400E+02   8.2598E-01
   1.0500E+02   9.0968E-01
   1.0600E+02   9.5531E-01
   1.0700E+02   9.4364E-01
   1.0800E+02   8.7226E-01
   1.0900E+02   7.5546E-01
   1.1000E+02   6.6029E-01
   1.1100E+02   6.0844E-01
   1.1200E+02   5.9883E-01
   1.1300E+02   6.1746E-01
   1.1400E+02   6.1947E-01
   1.1500E+02   5.9935E-01
   1.1600E+02   5.5591E-01
   1.1700E+02   5.0391E-01
   1.1800E+02   4.8824E-01
   1.1900E+02   5.1641E-01
   1.2000E+02   5.8034E-01
   1.2100E+02   6.7592E-01
   1.2200E+02   7.7630E-01
   1.2300E+02   8.5929E-01
   1.2400E+02   9.4495E-01
   1.2400E+02   1.0000E+00
   1.2400E+02   9.4457E-01
   1.2500E+02   1.0155E+00
   1.2600E+02   1.0407E+00
   1.2700E+02   1.0090E+00
   1.2800E+02   9.5591E-01
   1.2900E+02   8.8733E-01
   1.3000E+02   8.7476E-01
   1.3100E+02   9.1709E-01
   1.3200E+02   9.8017E-01
   1.3300E+02   1.0452E+00
   1.3400E+02   1.1006E+00
   1.3500E+02   1.1308E+00
   1.3600E+02   1.1370E+00
   1.3700E+02   1.1487E+00
   1.3800E+02   1.1899E+00
   1.3900E+02   1.2374E+00
   1.4000E+02   1.3183E+00
   1.4100E+02   1.3330E+00
   1.4200E+02   1.2796E+00
   1.4300E+02   1.1449E+00
   1.4400E+02   9.9270E-01
   1.4500E+02   7.9043E-01
   1.4600E+02   6.2697E-01
   1.4700E+02   5.3440E-01
   1.4800E+02   4.2828E-01
   1.4900E+02   3.8595E-01
   1.5000E+02   3.8193E-01
   1.5100E+02   4.1978E-01
   1.5200E+02   4.9589E-01
   1.5200E+02   1.0000E+00
   1.5200E+02   4.9587E-01
   1.5300E+02   5.9803E-01
   1.5400E+02   7.1335E-01
   1.5500E+02   8.8170E-01
   1.5600E+02   9.8567E-01
   1.5700E+02   1.0466E+00
   1.5800E+02   1.0305E+00
   1.5900E+02   9.4423E-01
   1.6000E+02   8.1089E-01
   1.6100E+02   7.6727E-01
   1.6200E+02   8.0327E-01
   1.6300E+02   9.1804E-01
   1.6400E+02   1.0476E+00
   1.6500E+02   1.1323E+00
   1.6600E+02   1.1360E+00
   1.6700E+02   1.0655E+00
   1.6800E+02   1.0026E+00
   1.6900E+02   9.1340E-01
   1.7000E+02   8.4741E-01
   1.7100E+02   7.7980E-01
   1.7200E+02   7.5474E-01
   1.7300E+02   7.7072E-01
   1.7400E+02   8.0086E-01
   1.7500E+02   8.9960E-01
   1.7600E+02   9.6138E-01
   1.7700E+02   9.9058E-01
   1.7800E+02   9.7888E-01
   1.7900E+02   9.4773E-01
   1.8000E+02   9.4029E-01
   1.8100E+02   9.8584E-01
   1.8200E+02   1.0748E+00
   1.8300E+02   1.2216E+00
   1.8400E+02   1.3489E+00
   1.8500E+02   1.4032E+00
   1.8600E+02   1.4359E+00
   1.8700E+02   1.4202E+00
   1.8800E+02   1.3741E+00
   1.8900E+02   1.2827E+00
   1.9000E+02   1.1581E+00
   1.9100E+02   1.0130E+00
   1.9200E+02   9.0653E-01
   1.9300E+02   8.6231E-01
   1.9400E+02   8.9594E-01
   1.9500E+02   9.4695E-01
   1.9600E+02   9.8927E-01
   1.9700E+02   1.0156E+00
   1.9800E+02   1.0132E+00
   1.9900E+02   1.0145E+00
   2.0000E+02   1.0516E+00
   2.0100E+02   1.1775E+00
   2.0200E+02   1.2897E+00
   2.0300E+02   1.3972E+00
   2.0400E+02   1.4419E+00
   2.0500E+02   1.3927E+00
   2.0600E+02   1.2330E+00
   2.0700E+02   1.0612E+00
   2.0800E+02   9.7562E-01
   2.0900E+02   9.9190E-01
   2.1000E+02   1.0764E+00
   2.1100E+02   1.1965E+00
   2.1200E+02   1.2519E+00
   2.1300E+02   1.2292E+00
   2.1400E+02   1.1595E+00
   2.1500E+02   1.0932E+00
   2.1600E+02   1.0751E+00
   2.1700E+02   1.1284E+00
   2.1800E+02   1.2004E+00
   2.1900E+02   1.2364E+00
   2.2000E+02   1.1854E+00
   2.2100E+02   1.0879E+00
   2.2100E+02   1.0000E+00
   2.2100E+02   1.0893E+00
   2.2200E+02   8.8624E-01
   2.2300E+02   7.3812E-01
   2.2400E+02   7.0531E-01
   2.2500E+02   7.8994E-01
   2.2600E+02   9.4675E-01
   2.2700E+02   1.0903E+00
   2.2800E+02   1.1928E+00
   2.2900E+02   1.2204E+00
   2.3000E+02   1.2041E+00
   2.3100E+02   1.1788E+00
   2.3200E+02   1.1686E+00
   2.3300E+02   1.1593E+00
   2.3400E+02   1.1496E+00
   2.3500E+02   1.1242E+00
   2.3600E+02   1.0723E+00
   2.3600E+02   1.0000E+00
   2.3600E+02   1.0846E+00
   2.3600E+02   1.0000E+00
   2.3600E+02   1.0846E+00
   2.3700E+02   1.0131E+00
   2.3700E+02   1.0000E+00
   2.3700E+02   1.0000E+00
   2.3700E+02   1.0181E+00
   2.3800E+02   9.3602E-01
   2.3900E+02   8.9650E-01
   2.4000E+02   9.0498E-01
   2.4100E+02   9.2895E-01
   2.4200E+02   9.8054E-01
   2.4300E+02   9.8096E-01
   2.4400E+02   9.1324E-01
   2.4500E+02   8.3440E-01
   2.4600E+02   7.1382E-01
   2.4700E+02   6.4844E-01
   2.4700E+02   1.0000E+00
   2.4700E+02   6.4844E-01
   2.4800E+02   6.2333E-01
   2.4900E+02   6.4882E-01
   2.5000E+02   7.0639E-01
   2.5100E+02   7.3864E-01
   2.5200E+02   7.5234E-01
   2.5300E+02   7.6108E-01
   2.5400E+02   7.4871E-01
   2.5500E+02   7.4871E-01
   2.5600E+02   7.3127E-01
   2.5700E+02   7.0700E-01
   2.5700E+02   1.0000E+00
   2.5700E+02   7.0700E-01
   2.5800E+02   6.8793E-01
   2.5900E+02   6.9509E-01
   2.6000E+02   7.3060E-01
   2.6100E+02   7.8062E-01
   2.6200E+02   7.9976E-01
   2.6300E+02   7.7902E-01
   2.6400E+02   7.0359E-01
   2.6400E+02   1.0000E+00
   2.6400E+02   7.1741E-01
   2.6500E+02   6.0436E-01
   2.6600E+02   5.3183E-01
   2.6700E+02   5.2817E-01
   2.6800E+02   5.9523E-01
   2.6800E+02   1.0000E+00
   2.6800E+02   5.7734E-01
   2.6900E+02   6.9020E-01
   2.7000E+02   7.7139E-01
   2.7100E+02   7.6656E-01
   2.7200E+02   6.9242E-01
   2.7200E+02   1.0000E+00
   2.7200E+02   7.2796E-01
   2.7300E+02   6.1632E-01
   2.7400E+02   5.0920E-01
   2.7500E+02   4.1420E-01
   2.7600E+02   2.8904E-01
   2.7700E+02   2.3928E-01
   2.7800E+02   1.9701E-01
   2.7900E+02   1.8434E-01
   2.7900E+02   1.0000E+00
   2.7900E+02   1.8420E-01
   2.7900E+02   1.0000E+00
   2.7900E+02   1.0000E+00
   2.7900E+02   1.8420E-01
   2.7900E+02   1.0000E+00
   2.7900E+02   1.8420E-01
   2.7900E+02   1.0000E+00
   2.7900E+02   1.8420E-01
   2.7900E+02   1.0000E+00
   2.7900E+02   1.8420E-01
   2.8000E+02   2.0551E-01
   2.8000E+02   1.0000E+00
   2.8000E+02   2.0551E-01
   2.8100E+02   2.5427E-01
   2.8100E+02   1.0000E+00
   2.8100E+02   2.5427E-01
   2.8200E+02   3.1897E-01
   2.8300E+02   3.7984E-01
   2.8400E+02   4.1496E-01
   2.8500E+02   4.7259E-01
   2.8600E+02   5.4033E-01
   2.8600E+02   1.0000E+00
   2.8600E+02   5.2567E-01
   2.8600E+02   1.0000E+00
   2.8600E+02   1.0000E+00
   2.8600E+02   1.0000E+00
   2.8600E+02   5.2567E-01
   2.8600E+02   1.0000E+00
   2.8600E+02   5.2567E-01
   2.8600E+02   1.0000E+00
   2.8600E+02   5.2567E-01
   2.8700E+02   6.1550E-01
   2.8700E+02   1.0000E+00
   2.8700E+02   6.1550E-01
   2.8800E+02   7.2443E-01
   2.8800E+02   1.0000E+00
   2.8800E+02   7.2443E-01
   2.8900E+02   8.3784E-01
   2.9000E+02   8.7047E-01
   2.9100E+02   8.3954E-01
   2.9200E+02   7.5914E-01
   2.9300E+02   6.7242E-01
   2.9300E+02   1.0000E+00
   2.9300E+02   6.7384E-01
   2.9300E+02   1.0000E+00
   2.9300E+02   6.7384E-01
   2.9300E+02   1.0000E+00
   2.9300E+02   6.7384E-01
   2.9300E+02   1.0000E+00
   2.9300E+02   6.7384E-01
   2.9300E+02   1.0000E+00
   2.9300E+02   6.7384E-01
   2.9300E+02   1.0000E+00
   2.9300E+02   6.7384E-01
   2.9400E+02   5.8814E-01
   2.9400E+02   1.0000E+00
   2.9400E+02   5.8814E-01
   2.9500E+02   5.2135E-01
   2.9500E+02   1.0000E+00
   2.9500E+02   5.2135E-01
   2.9600E+02   4.6260E-01
   2.9700E+02   4.4353E-01
   2.9800E+02   4.4563E-01
   2.9900E+02   4.6731E-01
   3.0000E+02   5.0655E-01
   3.0100E+02   5.4812E-01
   3.0200E+02   5.7878E-01
   3.0200E+02   1.0000E+00
   3.0200E+02   5.7764E-01
   3.0200E+02   1.0000E+00
   3.0200E+02   1.0000E+00
   3.0200E+02   1.0000E+00
   3.0200E+02   5.7764E-01
   3.0200E+02   1.0000E+00
   3.0200E+02   5.7764E-01
   3.0200E+02   1.0000E+00
   3.0200E+02   5.7764E-01
   3.0300E+02   5.9856E-01
   3.0300E+02   1.0000E+00
   3.0300E+02   5.9856E-01
   3.0300E+02   1.0000E+00
   3.0300E+02   5.9856E-01
