   0.0000E+00   1.0000E+00
   0.0000E+00   1.0449E+00
   1.0000E+00   1.0456E+00
   2.0000E+00   1.0645E+00
   3.0000E+00   1.0611E+00
   4.0000E+00   1.0323E+00
   5.0000E+00   9.7769E-01
   6.0000E+00   8.9247E-01
   7.0000E+00   8.1252E-01
   8.0000E+00   7.8045E-01
   9.0000E+00   8.0089E-01
   1.0000E+01   8.7257E-01
   1.1000E+01   9.5831E-01
   1.2000E+01   1.0298E+00
   1.3000E+01   1.0845E+00
   1.4000E+01   1.1136E+00
   1.5000E+01   1.1086E+00
   1.6000E+01   1.0480E+00
   1.7000E+01   9.4146E-01
   1.8000E+01   7.7814E-01
   1.9000E+01   6.3923E-01
   2.0000E+01   5.6758E-01
   2.1000E+01   5.5962E-01
   2.2000E+01   6.1511E-01
   2.3000E+01   6.7891E-01
   2.4000E+01   7.1773E-01
   2.5000E+01   7.3231E-01
   2.6000E+01   7.2904E-01
   2.7000E+01   7.3021E-01
   2.8000E+01   7.4312E-01
   2.9000E+01   7.6877E-01
   3.0000E+01   8.0381E-01
   3.1000E+01   8.4495E-01
   3.2000E+01   8.7452E-01
   3.3000E+01   9.0369E-01
   3.4000E+01   9.3601E-01
   3.5000E+01   9.8566E-01
   3.6000E+01   1.0551E+00
   3.7000E+01   1.1440E+00
   3.8000E+01   1.2441E+00
   3.9000E+01   1.3286E+00
   4.0000E+01   1.3933E+00
   4.1000E+01   1.4332E+00
   4.2000E+01   1.4587E+00
   4.3000E+01   1.4769E+00
   4.4000E+01   1.4896E+00
   4.5000E+01   1.4944E+00
   4.6000E+01   1.4923E+00
   4.7000E+01   1.4732E+00
   4.8000E+01   1.4355E+00
   4.9000E+01   1.3859E+00
   5.0000E+01   1.3230E+00
   5.1000E+01   1.2604E+00
   5.2000E+01   1.1957E+00
   5.3000E+01   1.1332E+00
   5.4000E+01   1.1047E+00
   5.5000E+01   1.1411E+00
   5.6000E+01   1.2422E+00
   5.7000E+01   1.4040E+00
   5.8000E+01   1.5645E+00
   5.9000E+01   1.6587E+00
   6.0000E+01   1.6855E+00
   6.1000E+01   1.6495E+00
   6.2000E+01   1.5792E+00
   6.3000E+01   1.4949E+00
   6.4000E+01   1.3919E+00
   6.5000E+01   1.2728E+00
   6.6000E+01   1.2007E+00
   6.7000E+01   1.2053E+00
   6.8000E+01   1.2808E+00
   6.9000E+01   1.4158E+00
   7.0000E+01   1.5273E+00
   7.1000E+01   1.5803E+00
   7.2000E+01   1.5763E+00
   7.3000E+01   1.5252E+00
   7.4000E+01   1.4920E+00
   7.5000E+01   1.4814E+00
   7.6000E+01   1.4959E+00
   7.7000E+01   1.5292E+00
   7.8000E+01   1.5477E+00
   7.9000E+01   1.5463E+00
   8.0000E+01   1.5260E+00
   8.1000E+01   1.4960E+00
   8.2000E+01   1.4870E+00
   8.3000E+01   1.4998E+00
   8.4000E+01   1.5360E+00
   8.5000E+01   1.5836E+00
   8.6000E+01   1.6086E+00
   8.7000E+01   1.6104E+00
   8.8000E+01   1.5907E+00
   8.9000E+01   1.5474E+00
   9.0000E+01   1.4881E+00
   9.1000E+01   1.4040E+00
   9.2000E+01   1.2971E+00
   9.3000E+01   1.2114E+00
   9.4000E+01   1.1899E+00
   9.5000E+01   1.2376E+00
   9.6000E+01   1.3503E+00
   9.7000E+01   1.4568E+00
   9.8000E+01   1.4963E+00
   9.9000E+01   1.4626E+00
   1.0000E+02   1.3657E+00
   1.0100E+02   1.2910E+00
   1.0200E+02   1.2991E+00
   1.0300E+02   1.3911E+00
   1.0400E+02   1.5586E+00
   1.0500E+02   1.6668E+00
   1.0600E+02   1.6523E+00
   1.0700E+02   1.5202E+00
   1.0800E+02   1.2701E+00
   1.0900E+02   1.0332E+00
   1.1000E+02   8.5426E-01
   1.1100E+02   7.2700E-01
   1.1200E+02   6.5714E-01
   1.1300E+02   6.2626E-01
   1.1400E+02   6.3295E-01
   1.1500E+02   6.7427E-01
   1.1600E+02   7.4907E-01
   1.1700E+02   8.0892E-01
   1.1800E+02   8.5302E-01
   1.1900E+02   8.8186E-01
   1.2000E+02   8.9731E-01
   1.2100E+02   9.2712E-01
   1.2200E+02   9.7361E-01
   1.2300E+02   1.0372E+00
   1.2400E+02   1.1056E+00
   1.2500E+02   1.1464E+00
   1.2600E+02   1.1528E+00
   1.2700E+02   1.1269E+00
   1.2800E+02   1.0899E+00
   1.2900E+02   1.0654E+00
   1.3000E+02   1.0612E+00
   1.3100E+02   1.0743E+00
   1.3200E+02   1.1068E+00
   1.3300E+02   1.1434E+00
   1.3400E+02   1.1972E+00
   1.3500E+02   1.2644E+00
   1.3600E+02   1.3053E+00
   1.3700E+02   1.2933E+00
   1.3800E+02   1.2250E+00
   1.3900E+02   1.1109E+00
   1.4000E+02   1.0147E+00
   1.4100E+02   9.9889E-01
   1.4200E+02   1.0652E+00
   1.4300E+02   1.2119E+00
   1.4400E+02   1.3338E+00
   1.4500E+02   1.3717E+00
   1.4600E+02   1.3249E+00
   1.4700E+02   1.2003E+00
   1.4800E+02   1.1165E+00
   1.4900E+02   1.1168E+00
   1.5000E+02   1.2066E+00
   1.5100E+02   1.3620E+00
   1.5200E+02   1.4439E+00
   1.5300E+02   1.4009E+00
   1.5400E+02   1.2350E+00
   1.5400E+02   1.0000E+00
   1.5400E+02   1.2350E+00
   1.5500E+02   9.6471E-01
   1.5600E+02   7.3614E-01
   1.5700E+02   6.3638E-01
   1.5800E+02   6.1598E-01
   1.5900E+02   6.7900E-01
   1.6000E+02   7.5309E-01
   1.6100E+02   8.3925E-01
   1.6200E+02   9.2183E-01
   1.6300E+02   9.9925E-01
   1.6300E+02   1.0000E+00
   1.6300E+02   9.8090E-01
   1.6400E+02   1.0466E+00
   1.6500E+02   1.0904E+00
   1.6600E+02   1.1085E+00
   1.6700E+02   1.1149E+00
   1.6800E+02   1.1245E+00
   1.6900E+02   1.1462E+00
   1.7000E+02   1.1668E+00
   1.7100E+02   1.1705E+00
   1.7200E+02   1.1503E+00
   1.7300E+02   1.0951E+00
   1.7400E+02   1.0421E+00
   1.7500E+02   9.9981E-01
   1.7600E+02   1.0140E+00
   1.7700E+02   1.1018E+00
   1.7800E+02   1.2458E+00
   1.7900E+02   1.3594E+00
   1.8000E+02   1.3828E+00
   1.8100E+02   1.3056E+00
   1.8200E+02   1.1208E+00
   1.8300E+02   9.6727E-01
   1.8400E+02   8.5781E-01
   1.8500E+02   8.3381E-01
   1.8600E+02   8.8174E-01
   1.8700E+02   9.3343E-01
   1.8700E+02   1.0000E+00
   1.8700E+02   9.3340E-01
   1.8800E+02   1.0095E+00
   1.8900E+02   1.0981E+00
   1.9000E+02   1.1908E+00
   1.9100E+02   1.2807E+00
   1.9200E+02   1.3612E+00
   1.9300E+02   1.4140E+00
   1.9400E+02   1.4639E+00
   1.9500E+02   1.4591E+00
   1.9600E+02   1.4059E+00
   1.9700E+02   1.2899E+00
   1.9800E+02   1.1404E+00
   1.9900E+02   1.0080E+00
   2.0000E+02   9.1133E-01
   2.0100E+02   8.5667E-01
   2.0200E+02   8.3015E-01
   2.0300E+02   8.1496E-01
   2.0400E+02   8.1141E-01
   2.0500E+02   8.1721E-01
   2.0600E+02   8.2809E-01
   2.0700E+02   8.4819E-01
   2.0800E+02   8.7536E-01
   2.0900E+02   9.0953E-01
   2.1000E+02   9.3586E-01
   2.1100E+02   9.6081E-01
   2.1200E+02   9.6273E-01
   2.1300E+02   9.5460E-01
   2.1400E+02   9.2505E-01
   2.1500E+02   8.8513E-01
   2.1600E+02   8.1365E-01
   2.1700E+02   7.0311E-01
   2.1800E+02   6.4306E-01
   2.1900E+02   6.3301E-01
   2.2000E+02   6.7276E-01
   2.2100E+02   8.0143E-01
   2.2200E+02   8.7800E-01
   2.2300E+02   9.1088E-01
   2.2400E+02   8.7925E-01
   2.2500E+02   7.9004E-01
   2.2600E+02   7.0158E-01
   2.2700E+02   6.8556E-01
   2.2800E+02   7.1729E-01
   2.2900E+02   7.7118E-01
   2.3000E+02   8.3221E-01
   2.3100E+02   8.6566E-01
   2.3200E+02   8.6533E-01
   2.3300E+02   8.3896E-01
   2.3400E+02   8.1151E-01
   2.3500E+02   7.7903E-01
   2.3600E+02   7.2315E-01
   2.3700E+02   7.0133E-01
   2.3800E+02   6.8357E-01
   2.3900E+02   6.6721E-01
   2.4000E+02   6.5250E-01
   2.4100E+02   6.4919E-01
   2.4200E+02   6.3296E-01
   2.4300E+02   6.1789E-01
   2.4300E+02   1.0000E+00
   2.4300E+02   6.2112E-01
   2.4300E+02   1.0000E+00
   2.4300E+02   1.0000E+00
   2.4300E+02   1.0000E+00
   2.4300E+02   6.2112E-01
   2.4300E+02   1.0000E+00
   2.4300E+02   6.2112E-01
   2.4300E+02   1.0000E+00
   2.4300E+02   6.2112E-01
   2.4300E+02   1.0000E+00
   2.4300E+02   6.2112E-01
   2.4400E+02   5.9453E-01
   2.4400E+02   1.0000E+00
   2.4400E+02   5.9453E-01
   2.4500E+02   5.6251E-01
   2.4600E+02   5.4514E-01
   2.4700E+02   5.4489E-01
   2.4800E+02   5.6979E-01
   2.4900E+02   5.9197E-01
   2.4900E+02   1.0000E+00
   2.4900E+02   5.7897E-01
   2.4900E+02   1.0000E+00
   2.4900E+02   5.7897E-01
   2.5000E+02   6.1961E-01
   2.5100E+02   6.7071E-01
   2.5200E+02   7.5742E-01
   2.5300E+02   8.2592E-01
   2.5400E+02   8.3123E-01
   2.5500E+02   8.3154E-01
   2.5600E+02   8.1129E-01
   2.5700E+02   7.9453E-01
   2.5800E+02   7.9229E-01
   2.5900E+02   8.0982E-01
   2.5900E+02   1.0000E+00
   2.5900E+02   1.0000E+00
   2.5900E+02   8.0982E-01
   2.6000E+02   8.6752E-01
   2.6100E+02   9.0528E-01
   2.6200E+02   9.3512E-01
   2.6300E+02   9.5694E-01
   2.6400E+02   9.8552E-01
   2.6400E+02   1.0000E+00
   2.6400E+02   9.7189E-01
   2.6500E+02   9.8889E-01
   2.6500E+02   1.0000E+00
   2.6500E+02   9.8600E-01
   2.6500E+02   1.0000E+00
   2.6500E+02   9.8600E-01
   2.6500E+02   1.0000E+00
   2.6500E+02   9.8600E-01
   2.6500E+02   1.0000E+00
   2.6500E+02   9.8600E-01
   2.6500E+02   1.0000E+00
   2.6500E+02   9.8600E-01
   2.6500E+02   1.0000E+00
   2.6500E+02   9.8600E-01
   2.6600E+02   1.0055E+00
   2.6600E+02   1.0000E+00
   2.6600E+02   1.0055E+00
   2.6700E+02   1.0305E+00
   2.6700E+02   1.0000E+00
   2.6700E+02   1.0305E+00
   2.6800E+02   1.0625E+00
   2.6900E+02   1.0710E+00
   2.7000E+02   1.0596E+00
   2.7100E+02   1.0052E+00
   2.7100E+02   1.0000E+00
   2.7100E+02   1.0233E+00
   2.7100E+02   1.0000E+00
   2.7100E+02   1.0000E+00
   2.7100E+02   1.0000E+00
   2.7100E+02   1.0233E+00
   2.7200E+02   9.5631E-01
   2.7300E+02   8.6487E-01
   2.7400E+02   7.8770E-01
   2.7500E+02   7.3682E-01
   2.7500E+02   1.0000E+00
   2.7500E+02   7.3968E-01
   2.7600E+02   6.6523E-01
   2.7700E+02   6.5127E-01
   2.7800E+02   7.5585E-01
   2.7900E+02   8.6151E-01
   2.8000E+02   9.9174E-01
   2.8100E+02   1.0912E+00
   2.8200E+02   1.1164E+00
   2.8300E+02   1.0544E+00
   2.8400E+02   1.0256E+00
   2.8500E+02   1.0256E+00
   2.8500E+02   1.0000E+00
   2.8500E+02   9.0812E-01
   2.8600E+02   8.6903E-01
   2.8700E+02   8.7336E-01
   2.8800E+02   8.9841E-01
   2.8900E+02   9.2234E-01
   2.9000E+02   9.3641E-01
   2.9100E+02   9.4043E-01
   2.9200E+02   9.5009E-01
   2.9300E+02   9.7255E-01
   2.9300E+02   1.0000E+00
   2.9300E+02   9.6823E-01
   2.9400E+02   1.0048E+00
   2.9500E+02   1.0614E+00
   2.9600E+02   1.1294E+00
   2.9700E+02   1.2083E+00
   2.9800E+02   1.3179E+00
   2.9900E+02   1.3954E+00
   3.0000E+02   1.4775E+00
   3.0100E+02   1.4883E+00
   3.0200E+02   1.4053E+00
   3.0300E+02   1.3038E+00
   3.0400E+02   1.1559E+00
   3.0500E+02   1.0586E+00
   3.0600E+02   9.9963E-01
   3.0700E+02   9.5324E-01
   3.0800E+02   9.8390E-01
   3.0800E+02   1.0000E+00
   3.0800E+02   9.6911E-01
   3.0900E+02   1.0588E+00
   3.1000E+02   1.2287E+00
   3.1100E+02   1.4419E+00
   3.1200E+02   1.6347E+00
   3.1300E+02   1.7064E+00
   3.1400E+02   1.6885E+00
   3.1500E+02   1.6072E+00
   3.1600E+02   1.4500E+00
   3.1700E+02   1.2644E+00
   3.1800E+02   1.0126E+00
   3.1900E+02   7.4767E-01
   3.2000E+02   6.2973E-01
   3.2100E+02   6.7930E-01
   3.2200E+02   8.7778E-01
   3.2300E+02   1.2152E+00
   3.2400E+02   1.4538E+00
   3.2500E+02   1.5964E+00
   3.2600E+02   1.6063E+00
   3.2700E+02   1.5299E+00
   3.2800E+02   1.4521E+00
   3.2900E+02   1.4122E+00
   3.3000E+02   1.3668E+00
   3.3100E+02   1.3253E+00
   3.3200E+02   1.2994E+00
   3.3300E+02   1.2814E+00
   3.3400E+02   1.2675E+00
   3.3500E+02   1.2760E+00
   3.3600E+02   1.3143E+00
   3.3700E+02   1.3925E+00
   3.3800E+02   1.5251E+00
   3.3900E+02   1.6152E+00
   3.4000E+02   1.6696E+00
   3.4100E+02   1.6646E+00
   3.4200E+02   1.5727E+00
   3.4300E+02   1.4983E+00
   3.4400E+02   1.4506E+00
   3.4500E+02   1.4264E+00
   3.4600E+02   1.4281E+00
   3.4700E+02   1.4535E+00
   3.4800E+02   1.4749E+00
   3.4900E+02   1.5164E+00
   3.5000E+02   1.5515E+00
   3.5100E+02   1.5567E+00
   3.5200E+02   1.4786E+00
   3.5300E+02   1.4035E+00
   3.5400E+02   1.2236E+00
   3.5500E+02   1.0937E+00
   3.5600E+02   1.0356E+00
   3.5700E+02   1.0334E+00
   3.5800E+02   1.0888E+00
   3.5900E+02   1.1420E+00
   3.6000E+02   1.1845E+00
   3.6100E+02   1.2091E+00
   3.6200E+02   1.2112E+00
   3.6300E+02   1.2029E+00
   3.6400E+02   1.1765E+00
   3.6500E+02   1.0931E+00
   3.6600E+02   1.0767E+00
   3.6700E+02   1.0850E+00
   3.6800E+02   1.1458E+00
   3.6900E+02   1.2740E+00
   3.7000E+02   1.4329E+00
   3.7100E+02   1.5217E+00
   3.7200E+02   1.5302E+00
   3.7300E+02   1.4498E+00
   3.7400E+02   1.3425E+00
   3.7500E+02   1.2516E+00
   3.7600E+02   1.1770E+00
   3.7700E+02   1.1513E+00
   3.7800E+02   1.1397E+00
   3.7900E+02   1.1414E+00
   3.8000E+02   1.1621E+00
   3.8100E+02   1.1984E+00
   3.8200E+02   1.2117E+00
   3.8300E+02   1.2473E+00
   3.8400E+02   1.2820E+00
   3.8500E+02   1.3171E+00
   3.8600E+02   1.3471E+00
   3.8700E+02   1.3823E+00
   3.8800E+02   1.4256E+00
   3.8900E+02   1.4812E+00
   3.9000E+02   1.4816E+00
   3.9100E+02   1.4372E+00
   3.9200E+02   1.3516E+00
   3.9300E+02   1.1781E+00
   3.9400E+02   1.0654E+00
   3.9400E+02   1.0000E+00
   3.9400E+02   1.0699E+00
   3.9500E+02   9.8135E-01
   3.9600E+02   9.4441E-01
   3.9700E+02   9.6715E-01
   3.9700E+02   1.0000E+00
   3.9700E+02   9.5500E-01
   3.9700E+02   1.0000E+00
   3.9700E+02   9.5500E-01
   3.9700E+02   1.0000E+00
   3.9700E+02   1.0000E+00
   3.9700E+02   9.5500E-01
   3.9700E+02   1.0000E+00
   3.9700E+02   9.5500E-01
   3.9800E+02   9.9917E-01
   3.9800E+02   1.0000E+00
   3.9800E+02   9.9414E-01
   3.9900E+02   1.0636E+00
   4.0000E+02   1.1521E+00
   4.0100E+02   1.2656E+00
   4.0200E+02   1.3497E+00
   4.0300E+02   1.3886E+00
   4.0400E+02   1.4078E+00
   4.0500E+02   1.3948E+00
   4.0600E+02   1.3298E+00
   4.0700E+02   1.2159E+00
   4.0800E+02   1.0368E+00
   4.0900E+02   8.7476E-01
   4.1000E+02   7.6613E-01
   4.1100E+02   7.2940E-01
   4.1200E+02   7.7160E-01
   4.1300E+02   8.7049E-01
   4.1400E+02   9.7650E-01
   4.1500E+02   1.0752E+00
   4.1600E+02   1.1742E+00
   4.1700E+02   1.2701E+00
   4.1800E+02   1.3430E+00
   4.1900E+02   1.3795E+00
   4.2000E+02   1.3819E+00
   4.2100E+02   1.3691E+00
   4.2200E+02   1.3460E+00
   4.2300E+02   1.3086E+00
   4.2400E+02   1.2535E+00
   4.2500E+02   1.2242E+00
   4.2600E+02   1.1731E+00
   4.2700E+02   1.1348E+00
   4.2800E+02   1.0972E+00
   4.2900E+02   1.0712E+00
   4.3000E+02   1.0748E+00
   4.3100E+02   1.0940E+00
   4.3200E+02   1.1606E+00
   4.3300E+02   1.1893E+00
   4.3400E+02   1.1921E+00
   4.3500E+02   1.1563E+00
   4.3600E+02   1.1268E+00
   4.3700E+02   1.0895E+00
   4.3800E+02   1.0845E+00
   4.3900E+02   1.1033E+00
   4.4000E+02   1.1442E+00
   4.4100E+02   1.1735E+00
   4.4200E+02   1.1741E+00
   4.4300E+02   1.1334E+00
   4.4400E+02   1.1171E+00
   4.4500E+02   1.1151E+00
   4.4600E+02   1.1538E+00
   4.4700E+02   1.2495E+00
   4.4800E+02   1.2831E+00
   4.4900E+02   1.3327E+00
   4.5000E+02   1.3261E+00
   4.5100E+02   1.2882E+00
   4.5200E+02   1.2225E+00
   4.5300E+02   1.2034E+00
   4.5400E+02   1.2307E+00
   4.5500E+02   1.3318E+00
   4.5600E+02   1.4049E+00
   4.5700E+02   1.4607E+00
   4.5800E+02   1.4609E+00
   4.5900E+02   1.4151E+00
   4.6000E+02   1.3530E+00
   4.6100E+02   1.3074E+00
   4.6200E+02   1.2908E+00
   4.6300E+02   1.3094E+00
   4.6400E+02   1.3214E+00
   4.6500E+02   1.3398E+00
   4.6600E+02   1.3739E+00
   4.6600E+02   1.0000E+00
   4.6600E+02   1.3649E+00
   4.6700E+02   1.3943E+00
   4.6800E+02   1.4087E+00
   4.6900E+02   1.3919E+00
   4.7000E+02   1.3420E+00
   4.7100E+02   1.2685E+00
   4.7200E+02   1.2001E+00
   4.7300E+02   1.1340E+00
   4.7400E+02   1.1103E+00
   4.7500E+02   1.1113E+00
   4.7600E+02   1.1206E+00
   4.7700E+02   1.1768E+00
   4.7800E+02   1.2359E+00
   4.7900E+02   1.2816E+00
   4.8000E+02   1.3402E+00
   4.8100E+02   1.4023E+00
   4.8200E+02   1.4647E+00
   4.8300E+02   1.5120E+00
   4.8400E+02   1.5392E+00
   4.8500E+02   1.5515E+00
   4.8600E+02   1.5427E+00
   4.8700E+02   1.5086E+00
   4.8800E+02   1.4796E+00
   4.8900E+02   1.4368E+00
   4.9000E+02   1.3998E+00
   4.9100E+02   1.3423E+00
   4.9200E+02   1.2711E+00
   4.9300E+02   1.1922E+00
   4.9400E+02   1.1233E+00
   4.9500E+02   1.0536E+00
   4.9500E+02   1.0000E+00
   4.9500E+02   1.0581E+00
   4.9500E+02   1.0000E+00
   4.9500E+02   1.0000E+00
   4.9500E+02   1.0000E+00
   4.9500E+02   1.0581E+00
   4.9500E+02   1.0000E+00
   4.9500E+02   1.0581E+00
   4.9500E+02   1.0000E+00
   4.9500E+02   1.0581E+00
   4.9500E+02   1.0000E+00
   4.9500E+02   1.0581E+00
   4.9500E+02   1.0000E+00
   4.9500E+02   1.0581E+00
