   0.0000E+00   1.0000E+00
   0.0000E+00   6.0720E-01
   1.0000E+00   6.0738E-01
   2.0000E+00   6.0218E-01
   3.0000E+00   5.7880E-01
   4.0000E+00   5.3968E-01
   5.0000E+00   4.8058E-01
   6.0000E+00   4.3547E-01
   7.0000E+00   4.2452E-01
   8.0000E+00   4.5389E-01
   9.0000E+00   5.0513E-01
   1.0000E+01   5.6554E-01
   1.1000E+01   6.1084E-01
   1.2000E+01   6.4623E-01
   1.3000E+01   6.6893E-01
   1.4000E+01   6.6396E-01
   1.5000E+01   6.3792E-01
   1.6000E+01   5.8017E-01
   1.7000E+01   4.9482E-01
   1.8000E+01   3.9050E-01
   1.9000E+01   2.7072E-01
   2.0000E+01   1.3021E-01
   2.1000E+01  -1.1160E-02
   2.2000E+01  -7.3873E-02
   2.3000E+01  -4.3608E-02
   2.4000E+01   8.0971E-02
   2.5000E+01   2.7042E-01
   2.6000E+01   4.2216E-01
   2.7000E+01   5.1271E-01
   2.8000E+01   5.4586E-01
   2.9000E+01   5.4599E-01
   3.0000E+01   5.6726E-01
   3.1000E+01   6.1252E-01
   3.2000E+01   6.8616E-01
   3.3000E+01   7.6718E-01
   3.4000E+01   8.3657E-01
   3.5000E+01   8.9269E-01
   3.6000E+01   9.3418E-01
   3.7000E+01   9.5787E-01
   3.8000E+01   9.5512E-01
   3.9000E+01   9.2969E-01
   4.0000E+01   8.7966E-01
   4.1000E+01   8.2415E-01
   4.2000E+01   7.8656E-01
   4.3000E+01   7.6868E-01
   4.4000E+01   7.7006E-01
   4.5000E+01   7.8834E-01
   4.6000E+01   8.3222E-01
   4.7000E+01   8.8518E-01
   4.8000E+01   9.5441E-01
   4.9000E+01   9.9963E-01
   5.0000E+01   9.8499E-01
   5.1000E+01   9.1359E-01
   5.2000E+01   7.8855E-01
   5.3000E+01   6.9587E-01
   5.4000E+01   6.7166E-01
   5.5000E+01   7.1657E-01
   5.6000E+01   8.2058E-01
   5.7000E+01   8.9734E-01
   5.8000E+01   9.1441E-01
   5.9000E+01   8.7283E-01
   6.0000E+01   7.8661E-01
   6.1000E+01   7.1222E-01
   6.2000E+01   6.6207E-01
   6.3000E+01   6.3160E-01
   6.4000E+01   6.2411E-01
   6.5000E+01   6.2787E-01
   6.6000E+01   6.4184E-01
   6.7000E+01   6.6634E-01
   6.8000E+01   7.0148E-01
   6.9000E+01   7.3147E-01
   7.0000E+01   7.6252E-01
   7.1000E+01   8.0011E-01
   7.2000E+01   8.2603E-01
   7.3000E+01   8.4802E-01
   7.4000E+01   8.6348E-01
   7.5000E+01   8.7364E-01
   7.6000E+01   8.8864E-01
   7.7000E+01   9.3793E-01
   7.8000E+01   1.0167E+00
   7.9000E+01   1.1313E+00
   8.0000E+01   1.2261E+00
   8.1000E+01   1.2360E+00
   8.2000E+01   1.1637E+00
   8.3000E+01   1.0037E+00
   8.4000E+01   8.2315E-01
   8.5000E+01   6.9548E-01
   8.6000E+01   6.1330E-01
   8.7000E+01   5.7561E-01
   8.8000E+01   5.8950E-01
   8.9000E+01   6.5523E-01
   9.0000E+01   7.7737E-01
   9.1000E+01   9.4579E-01
   9.2000E+01   1.0884E+00
   9.3000E+01   1.1685E+00
   9.4000E+01   1.1834E+00
   9.5000E+01   1.1356E+00
   9.6000E+01   1.0786E+00
   9.7000E+01   1.0258E+00
   9.8000E+01   9.7372E-01
   9.9000E+01   9.2892E-01
   1.0000E+02   9.1023E-01
   1.0100E+02   9.2467E-01
   1.0200E+02   9.7299E-01
   1.0300E+02   1.0413E+00
   1.0400E+02   1.0629E+00
   1.0500E+02   1.0254E+00
   1.0600E+02   9.3032E-01
   1.0700E+02   7.9504E-01
   1.0800E+02   7.0597E-01
   1.0900E+02   6.7286E-01
   1.1000E+02   6.9537E-01
   1.1100E+02   7.6541E-01
   1.1200E+02   8.3993E-01
   1.1300E+02   9.2328E-01
   1.1400E+02   1.0152E+00
   1.1500E+02   1.1061E+00
   1.1600E+02   1.1784E+00
   1.1700E+02   1.2356E+00
   1.1800E+02   1.2713E+00
   1.1900E+02   1.2996E+00
   1.2000E+02   1.3158E+00
   1.2100E+02   1.3311E+00
   1.2200E+02   1.3375E+00
   1.2300E+02   1.3289E+00
   1.2400E+02   1.2952E+00
   1.2500E+02   1.2364E+00
   1.2600E+02   1.1444E+00
   1.2700E+02   1.0741E+00
   1.2800E+02   1.0424E+00
   1.2900E+02   1.0530E+00
   1.3000E+02   1.1053E+00
   1.3100E+02   1.1496E+00
   1.3200E+02   1.1644E+00
   1.3300E+02   1.1455E+00
   1.3400E+02   1.1021E+00
   1.3500E+02   1.0881E+00
   1.3600E+02   1.1268E+00
   1.3700E+02   1.2188E+00
   1.3800E+02   1.3530E+00
   1.3900E+02   1.4120E+00
   1.4000E+02   1.3579E+00
   1.4100E+02   1.1909E+00
   1.4100E+02   1.0000E+00
   1.4100E+02   1.1953E+00
   1.4200E+02   9.3445E-01
   1.4300E+02   7.6396E-01
   1.4400E+02   7.1773E-01
   1.4500E+02   7.9667E-01
   1.4600E+02   9.6683E-01
   1.4700E+02   1.0927E+00
   1.4800E+02   1.1648E+00
   1.4900E+02   1.1665E+00
   1.5000E+02   1.1223E+00
   1.5100E+02   1.0901E+00
   1.5200E+02   1.0626E+00
   1.5300E+02   1.0389E+00
   1.5400E+02   1.0369E+00
   1.5500E+02   1.0908E+00
   1.5600E+02   1.1861E+00
   1.5700E+02   1.3400E+00
   1.5800E+02   1.5155E+00
   1.5900E+02   1.6061E+00
   1.6000E+02   1.6211E+00
   1.6100E+02   1.5679E+00
   1.6200E+02   1.4553E+00
   1.6300E+02   1.3827E+00
   1.6400E+02   1.2976E+00
   1.6500E+02   1.2291E+00
   1.6600E+02   1.1854E+00
   1.6700E+02   1.1939E+00
   1.6800E+02   1.2873E+00
   1.6900E+02   1.3488E+00
   1.7000E+02   1.4173E+00
   1.7100E+02   1.4144E+00
   1.7200E+02   1.3546E+00
   1.7300E+02   1.1989E+00
   1.7400E+02   1.0737E+00
   1.7500E+02   1.0215E+00
   1.7600E+02   1.0226E+00
   1.7700E+02   1.0557E+00
   1.7800E+02   1.0701E+00
   1.7900E+02   1.0347E+00
   1.7900E+02   1.0000E+00
   1.7900E+02   1.0495E+00
   1.8000E+02   9.8313E-01
   1.8100E+02   8.7493E-01
   1.8200E+02   8.3572E-01
   1.8300E+02   8.9226E-01
   1.8300E+02   1.0000E+00
   1.8300E+02   8.6066E-01
   1.8400E+02   9.7572E-01
   1.8500E+02   1.1204E+00
   1.8600E+02   1.1949E+00
   1.8700E+02   1.1751E+00
   1.8800E+02   1.0759E+00
   1.8800E+02   1.0000E+00
   1.8800E+02   1.0798E+00
   1.8900E+02   9.1638E-01
   1.9000E+02   8.5584E-01
   1.9100E+02   9.4244E-01
   1.9200E+02   1.1220E+00
   1.9300E+02   1.3889E+00
   1.9400E+02   1.5514E+00
   1.9500E+02   1.6277E+00
   1.9600E+02   1.6152E+00
   1.9700E+02   1.5429E+00
   1.9800E+02   1.4757E+00
   1.9900E+02   1.4343E+00
   2.0000E+02   1.4054E+00
   2.0100E+02   1.3768E+00
   2.0200E+02   1.3438E+00
   2.0300E+02   1.3049E+00
   2.0400E+02   1.2662E+00
   2.0500E+02   1.2405E+00
   2.0600E+02   1.2424E+00
   2.0700E+02   1.2904E+00
   2.0800E+02   1.3309E+00
   2.0900E+02   1.3548E+00
   2.1000E+02   1.3396E+00
   2.1100E+02   1.2931E+00
   2.1200E+02   1.1769E+00
   2.1300E+02   1.1147E+00
   2.1400E+02   1.0518E+00
   2.1500E+02   1.0165E+00
   2.1600E+02   1.0259E+00
   2.1700E+02   1.0471E+00
   2.1800E+02   1.0935E+00
   2.1900E+02   1.2278E+00
   2.2000E+02   1.2864E+00
   2.2100E+02   1.3704E+00
   2.2200E+02   1.3920E+00
   2.2300E+02   1.3708E+00
   2.2400E+02   1.3073E+00
   2.2500E+02   1.2505E+00
   2.2600E+02   1.2115E+00
   2.2700E+02   1.1972E+00
   2.2800E+02   1.1933E+00
   2.2900E+02   1.1888E+00
   2.3000E+02   1.1778E+00
   2.3100E+02   1.1677E+00
   2.3200E+02   1.1558E+00
   2.3300E+02   1.1302E+00
   2.3400E+02   1.0819E+00
   2.3500E+02   1.0417E+00
   2.3500E+02   1.0000E+00
   2.3500E+02   1.0476E+00
   2.3500E+02   1.0000E+00
   2.3500E+02   1.0000E+00
   2.3500E+02   1.0000E+00
   2.3500E+02   1.0476E+00
   2.3500E+02   1.0000E+00
   2.3500E+02   1.0476E+00
   2.3500E+02   1.0000E+00
   2.3500E+02   1.0476E+00
   2.3600E+02   9.8984E-01
   2.3600E+02   1.0000E+00
   2.3600E+02   9.8984E-01
   2.3700E+02   9.3959E-01
   2.3700E+02   1.0000E+00
   2.3700E+02   9.3959E-01
   2.3800E+02   8.9047E-01
   2.3900E+02   8.6287E-01
   2.4000E+02   8.5881E-01
   2.4100E+02   9.4441E-01
   2.4200E+02   1.0327E+00
   2.4300E+02   1.2276E+00
   2.4400E+02   1.3946E+00
   2.4500E+02   1.4802E+00
   2.4600E+02   1.4698E+00
   2.4700E+02   1.3646E+00
   2.4800E+02   1.2337E+00
   2.4900E+02   1.1757E+00
   2.5000E+02   1.1909E+00
   2.5100E+02   1.2560E+00
   2.5200E+02   1.3352E+00
   2.5200E+02   1.0000E+00
   2.5200E+02   1.3306E+00
   2.5300E+02   1.4361E+00
   2.5400E+02   1.5653E+00
   2.5500E+02   1.6779E+00
   2.5600E+02   1.7377E+00
   2.5700E+02   1.7093E+00
   2.5800E+02   1.5901E+00
   2.5900E+02   1.4038E+00
   2.6000E+02   1.2388E+00
   2.6100E+02   1.1686E+00
   2.6200E+02   1.2115E+00
   2.6300E+02   1.2802E+00
   2.6400E+02   1.3209E+00
   2.6500E+02   1.2883E+00
   2.6600E+02   1.1760E+00
   2.6700E+02   1.0129E+00
   2.6800E+02   8.6760E-01
   2.6900E+02   7.5553E-01
   2.7000E+02   7.0421E-01
   2.7100E+02   6.7743E-01
   2.7200E+02   6.6971E-01
   2.7300E+02   6.7748E-01
   2.7400E+02   6.9330E-01
   2.7500E+02   7.0746E-01
   2.7600E+02   7.2987E-01
   2.7700E+02   7.4835E-01
   2.7800E+02   7.6495E-01
   2.7900E+02   7.7275E-01
   2.8000E+02   7.6814E-01
   2.8100E+02   7.3643E-01
   2.8200E+02   7.0419E-01
   2.8300E+02   6.8215E-01
   2.8400E+02   6.7174E-01
   2.8500E+02   6.9477E-01
   2.8600E+02   7.2003E-01
   2.8700E+02   7.4159E-01
   2.8800E+02   7.6491E-01
   2.8900E+02   7.8043E-01
   2.9000E+02   7.8884E-01
   2.9100E+02   8.0945E-01
   2.9200E+02   8.3994E-01
   2.9300E+02   9.2693E-01
   2.9400E+02   9.6646E-01
   2.9400E+02   1.0000E+00
   2.9400E+02   9.4196E-01
   2.9400E+02   1.0000E+00
   2.9400E+02   1.0000E+00
   2.9400E+02   1.0000E+00
   2.9400E+02   9.4196E-01
   2.9400E+02   1.0000E+00
   2.9400E+02   9.4196E-01
   2.9400E+02   1.0000E+00
   2.9400E+02   9.4196E-01
   2.9500E+02   1.0059E+00
   2.9500E+02   1.0000E+00
   2.9500E+02   1.0059E+00
   2.9600E+02   1.0590E+00
   2.9600E+02   1.0000E+00
   2.9600E+02   1.0590E+00
   2.9700E+02   1.1068E+00
   2.9800E+02   1.1345E+00
   2.9900E+02   1.1288E+00
   3.0000E+02   1.0618E+00
   3.0000E+02   1.0000E+00
   3.0000E+02   1.0835E+00
   3.0100E+02   9.9423E-01
   3.0200E+02   8.6797E-01
   3.0300E+02   7.7807E-01
   3.0400E+02   7.7486E-01
   3.0500E+02   8.8938E-01
   3.0600E+02   9.5578E-01
   3.0700E+02   1.0751E+00
   3.0800E+02   1.1657E+00
   3.0900E+02   1.2595E+00
   3.1000E+02   1.3010E+00
   3.1100E+02   1.3261E+00
   3.1200E+02   1.3251E+00
   3.1300E+02   1.3055E+00
   3.1400E+02   1.2619E+00
   3.1500E+02   1.2112E+00
   3.1600E+02   1.1932E+00
   3.1700E+02   1.1642E+00
   3.1800E+02   1.1515E+00
   3.1900E+02   1.1235E+00
   3.2000E+02   1.0798E+00
   3.2100E+02   1.0798E+00
   3.2200E+02   1.0693E+00
   3.2300E+02   1.0996E+00
   3.2400E+02   1.1623E+00
   3.2500E+02   1.2487E+00
   3.2600E+02   1.3560E+00
   3.2700E+02   1.4047E+00
   3.2800E+02   1.4194E+00
   3.2900E+02   1.3932E+00
   3.3000E+02   1.3384E+00
   3.3100E+02   1.2887E+00
   3.3200E+02   1.2172E+00
   3.3300E+02   1.1841E+00
   3.3400E+02   1.1095E+00
   3.3500E+02   1.0685E+00
   3.3600E+02   1.0179E+00
   3.3600E+02   1.0000E+00
   3.3600E+02   1.0226E+00
   3.3600E+02   1.0000E+00
   3.3600E+02   1.0000E+00
   3.3600E+02   1.0000E+00
   3.3600E+02   1.0226E+00
   3.3700E+02   9.6839E-01
   3.3800E+02   9.1345E-01
   3.3900E+02   8.8111E-01
   3.4000E+02   8.4792E-01
   3.4100E+02   8.2391E-01
   3.4200E+02   8.4295E-01
   3.4300E+02   9.3197E-01
   3.4300E+02   1.0000E+00
   3.4300E+02   9.1259E-01
   3.4400E+02   1.0457E+00
   3.4500E+02   1.2328E+00
   3.4600E+02   1.3106E+00
   3.4700E+02   1.2944E+00
   3.4800E+02   1.1654E+00
   3.4800E+02   1.0000E+00
   3.4800E+02   1.1876E+00
   3.4900E+02   9.8523E-01
   3.5000E+02   8.2031E-01
   3.5100E+02   7.3505E-01
   3.5200E+02   7.3044E-01
   3.5300E+02   7.8872E-01
   3.5400E+02   8.6956E-01
   3.5500E+02   9.2846E-01
   3.5600E+02   1.0224E+00
   3.5700E+02   1.1227E+00
   3.5800E+02   1.1637E+00
   3.5900E+02   1.1470E+00
   3.6000E+02   1.0525E+00
   3.6100E+02   9.8671E-01
   3.6200E+02   9.1450E-01
   3.6300E+02   8.6735E-01
   3.6400E+02   8.5775E-01
   3.6500E+02   8.6478E-01
   3.6600E+02   8.7209E-01
   3.6700E+02   8.8019E-01
   3.6800E+02   8.9169E-01
   3.6900E+02   8.8072E-01
   3.7000E+02   8.3707E-01
   3.7100E+02   7.8242E-01
   3.7200E+02   7.1009E-01
   3.7300E+02   6.2386E-01
   3.7300E+02   1.0000E+00
   3.7300E+02   6.2710E-01
   3.7400E+02   5.8229E-01
   3.7500E+02   5.8527E-01
   3.7500E+02   1.0000E+00
   3.7500E+02   5.8273E-01
   3.7500E+02   1.0000E+00
   3.7500E+02   1.0000E+00
   3.7500E+02   1.0000E+00
   3.7500E+02   5.8273E-01
   3.7500E+02   1.0000E+00
   3.7500E+02   5.8273E-01
   3.7500E+02   1.0000E+00
   3.7500E+02   5.8273E-01
   3.7600E+02   6.2201E-01
   3.7600E+02   1.0000E+00
   3.7600E+02   6.2201E-01
   3.7700E+02   6.7056E-01
   3.7700E+02   1.0000E+00
   3.7700E+02   6.7056E-01
   3.7800E+02   7.1169E-01
   3.7900E+02   7.3081E-01
   3.8000E+02   7.4460E-01
   3.8100E+02   7.5334E-01
   3.8200E+02   7.7299E-01
   3.8300E+02   8.2510E-01
   3.8400E+02   8.6478E-01
   3.8500E+02   9.0374E-01
   3.8600E+02   9.9042E-01
   3.8700E+02   1.1015E+00
   3.8800E+02   1.2107E+00
   3.8900E+02   1.2974E+00
   3.9000E+02   1.3358E+00
   3.9100E+02   1.3134E+00
   3.9200E+02   1.2450E+00
   3.9300E+02   1.1881E+00
   3.9400E+02   1.1174E+00
   3.9500E+02   1.0437E+00
   3.9500E+02   1.0000E+00
   3.9500E+02   1.0561E+00
   3.9500E+02   1.0000E+00
   3.9500E+02   1.0000E+00
   3.9500E+02   1.0000E+00
   3.9500E+02   1.0561E+00
   3.9500E+02   1.0000E+00
   3.9500E+02   1.0561E+00
   3.9500E+02   1.0000E+00
   3.9500E+02   1.0561E+00
   3.9600E+02   9.9266E-01
   3.9600E+02   1.0000E+00
   3.9600E+02   9.9266E-01
   3.9700E+02   9.9152E-01
   3.9700E+02   1.0000E+00
   3.9700E+02   9.9152E-01
   3.9800E+02   1.0647E+00
   3.9900E+02   1.2043E+00
   4.0000E+02   1.3844E+00
   4.0100E+02   1.4783E+00
   4.0200E+02   1.4846E+00
   4.0300E+02   1.4055E+00
   4.0400E+02   1.3135E+00
   4.0500E+02   1.2328E+00
   4.0600E+02   1.1813E+00
   4.0700E+02   1.1650E+00
   4.0800E+02   1.1813E+00
   4.0900E+02   1.2365E+00
   4.1000E+02   1.2787E+00
   4.1100E+02   1.3880E+00
   4.1200E+02   1.4310E+00
   4.1300E+02   1.4887E+00
   4.1400E+02   1.4971E+00
   4.1500E+02   1.4676E+00
   4.1600E+02   1.4353E+00
   4.1700E+02   1.3622E+00
   4.1800E+02   1.2682E+00
   4.1900E+02   1.1259E+00
   4.2000E+02   1.0447E+00
   4.2100E+02   1.0038E+00
   4.2200E+02   1.0296E+00
   4.2300E+02   1.1028E+00
   4.2400E+02   1.2019E+00
   4.2500E+02   1.2674E+00
   4.2600E+02   1.3264E+00
   4.2700E+02   1.3832E+00
   4.2700E+02   1.0000E+00
   4.2700E+02   1.3747E+00
   4.2800E+02   1.4026E+00
   4.2900E+02   1.3924E+00
   4.3000E+02   1.3466E+00
   4.3100E+02   1.2731E+00
   4.3200E+02   1.1733E+00
   4.3300E+02   1.1173E+00
   4.3400E+02   1.0909E+00
   4.3500E+02   1.0540E+00
   4.3600E+02   1.0461E+00
   4.3700E+02   1.0558E+00
   4.3800E+02   1.0905E+00
   4.3900E+02   1.1250E+00
   4.4000E+02   1.1538E+00
   4.4100E+02   1.1843E+00
   4.4200E+02   1.2003E+00
   4.4300E+02   1.2070E+00
   4.4400E+02   1.1815E+00
   4.4500E+02   1.1089E+00
   4.4600E+02   1.0352E+00
   4.4600E+02   1.0000E+00
   4.4600E+02   1.0542E+00
   4.4600E+02   1.0000E+00
   4.4600E+02   1.0000E+00
   4.4600E+02   1.0542E+00
   4.4700E+02   9.5556E-01
   4.4800E+02   8.6494E-01
   4.4900E+02   7.9548E-01
   4.5000E+02   7.4702E-01
   4.5000E+02   1.0000E+00
   4.5000E+02   7.5912E-01
   4.5100E+02   7.4644E-01
   4.5200E+02   8.1950E-01
   4.5300E+02   9.1567E-01
   4.5300E+02   1.0000E+00
   4.5300E+02   9.0544E-01
   4.5400E+02   1.0988E+00
   4.5500E+02   1.2642E+00
   4.5600E+02   1.3839E+00
   4.5700E+02   1.4237E+00
   4.5800E+02   1.4081E+00
   4.5900E+02   1.3597E+00
   4.6000E+02   1.2892E+00
   4.6100E+02   1.1950E+00
   4.6200E+02   1.1058E+00
   4.6300E+02   1.0261E+00
   4.6300E+02   1.0000E+00
   4.6300E+02   1.0425E+00
   4.6300E+02   1.0000E+00
   4.6300E+02   1.0425E+00
   4.6300E+02   1.0000E+00
   4.6300E+02   1.0425E+00
   4.6300E+02   1.0000E+00
   4.6300E+02   1.0425E+00
   4.6300E+02   1.0000E+00
   4.6300E+02   1.0425E+00
   4.6300E+02   1.0000E+00
   4.6300E+02   1.0425E+00
   4.6400E+02   9.8064E-01
   4.6400E+02   1.0000E+00
   4.6400E+02   9.8064E-01
   4.6500E+02   9.4047E-01
   4.6500E+02   1.0000E+00
   4.6500E+02   9.4047E-01
   4.6600E+02   9.2245E-01
   4.6700E+02   9.4192E-01
   4.6800E+02   9.9146E-01
   4.6800E+02   1.0000E+00
   4.6800E+02   9.7887E-01
   4.6800E+02   1.0000E+00
   4.6800E+02   9.7887E-01
   4.6900E+02   1.0960E+00
   4.6900E+02   1.0000E+00
   4.6900E+02   1.0561E+00
   4.7000E+02   1.1678E+00
   4.7000E+02   1.0000E+00
   4.7000E+02   1.1578E+00
   4.7100E+02   1.1941E+00
   4.7200E+02   1.1486E+00
   4.7200E+02   1.0000E+00
   4.7200E+02   1.1493E+00
   4.7300E+02   1.0052E+00
   4.7400E+02   7.9371E-01
   4.7500E+02   6.3963E-01
   4.7600E+02   5.1722E-01
   4.7700E+02   4.5900E-01
   4.7800E+02   4.4749E-01
   4.7900E+02   4.6579E-01
   4.8000E+02   5.4281E-01
   4.8000E+02   1.0000E+00
   4.8000E+02   5.0731E-01
   4.8000E+02   1.0000E+00
   4.8000E+02   5.0731E-01
   4.8000E+02   1.0000E+00
   4.8000E+02   1.0000E+00
   4.8000E+02   5.0731E-01
   4.8000E+02   1.0000E+00
   4.8000E+02   5.0731E-01
   4.8000E+02   1.0000E+00
   4.8000E+02   5.0731E-01
   4.8100E+02   5.8146E-01
   4.8100E+02   1.0000E+00
   4.8100E+02   5.8146E-01
   4.8100E+02   1.0000E+00
   4.8100E+02   5.8146E-01
