   0.0000E+00   1.0000E+00
   0.0000E+00   9.5361E-01
   1.0000E+00   9.5043E-01
   2.0000E+00   8.3844E-01
   3.0000E+00   7.8022E-01
   4.0000E+00   7.7760E-01
   5.0000E+00   8.3115E-01
   6.0000E+00   9.2184E-01
   7.0000E+00   9.9846E-01
   8.0000E+00   1.0636E+00
   9.0000E+00   1.1152E+00
   1.0000E+01   1.1602E+00
   1.1000E+01   1.2116E+00
   1.2000E+01   1.2784E+00
   1.3000E+01   1.3495E+00
   1.4000E+01   1.4010E+00
   1.5000E+01   1.4006E+00
   1.6000E+01   1.3457E+00
   1.7000E+01   1.2314E+00
   1.8000E+01   1.1383E+00
   1.9000E+01   1.1117E+00
   2.0000E+01   1.1572E+00
   2.1000E+01   1.2700E+00
   2.2000E+01   1.3719E+00
   2.3000E+01   1.4049E+00
   2.4000E+01   1.3713E+00
   2.5000E+01   1.2712E+00
   2.6000E+01   1.1911E+00
   2.7000E+01   1.1661E+00
   2.8000E+01   1.1965E+00
   2.9000E+01   1.2731E+00
   3.0000E+01   1.3449E+00
   3.1000E+01   1.3907E+00
   3.2000E+01   1.4107E+00
   3.3000E+01   1.4066E+00
   3.4000E+01   1.4003E+00
   3.5000E+01   1.3977E+00
   3.6000E+01   1.3983E+00
   3.7000E+01   1.3969E+00
   3.8000E+01   1.3727E+00
   3.9000E+01   1.3252E+00
   4.0000E+01   1.2483E+00
   4.1000E+01   1.1526E+00
   4.2000E+01   1.0849E+00
   4.3000E+01   1.0435E+00
   4.4000E+01   1.0273E+00
   4.5000E+01   1.0352E+00
   4.6000E+01   1.0504E+00
   4.7000E+01   1.0735E+00
   4.8000E+01   1.1017E+00
   4.9000E+01   1.1334E+00
   5.0000E+01   1.1843E+00
   5.1000E+01   1.2403E+00
   5.2000E+01   1.3107E+00
   5.3000E+01   1.3778E+00
   5.4000E+01   1.4143E+00
   5.5000E+01   1.4243E+00
   5.6000E+01   1.4043E+00
   5.7000E+01   1.3763E+00
   5.8000E+01   1.3539E+00
   5.9000E+01   1.3390E+00
   6.0000E+01   1.3316E+00
   6.1000E+01   1.3165E+00
   6.2000E+01   1.2806E+00
   6.3000E+01   1.2239E+00
   6.4000E+01   1.1457E+00
   6.5000E+01   1.0763E+00
   6.6000E+01   1.0295E+00
   6.7000E+01   1.0007E+00
   6.8000E+01   9.9181E-01
   6.9000E+01   1.0076E+00
   7.0000E+01   1.0497E+00
   7.1000E+01   1.1163E+00
   7.2000E+01   1.2052E+00
   7.3000E+01   1.2665E+00
   7.4000E+01   1.2852E+00
   7.5000E+01   1.2616E+00
   7.6000E+01   1.2012E+00
   7.7000E+01   1.1386E+00
   7.8000E+01   1.0958E+00
   7.9000E+01   1.0562E+00
   8.0000E+01   1.0272E+00
   8.1000E+01   1.0154E+00
   8.2000E+01   1.0181E+00
   8.3000E+01   1.0353E+00
   8.4000E+01   1.0751E+00
   8.5000E+01   1.1120E+00
   8.6000E+01   1.1729E+00
   8.7000E+01   1.2384E+00
   8.8000E+01   1.3169E+00
   8.9000E+01   1.3748E+00
   9.0000E+01   1.4200E+00
   9.1000E+01   1.4489E+00
   9.2000E+01   1.4517E+00
   9.3000E+01   1.4127E+00
   9.3000E+01   1.0000E+00
   9.3000E+01   1.4128E+00
   9.4000E+01   1.3239E+00
   9.5000E+01   1.1955E+00
   9.6000E+01   1.0540E+00
   9.7000E+01   1.0108E+00
   9.8000E+01   1.0309E+00
   9.9000E+01   1.0972E+00
   1.0000E+02   1.1996E+00
   1.0100E+02   1.2858E+00
   1.0200E+02   1.3649E+00
   1.0300E+02   1.4143E+00
   1.0400E+02   1.4656E+00
   1.0500E+02   1.5101E+00
   1.0600E+02   1.5558E+00
   1.0700E+02   1.5793E+00
   1.0800E+02   1.5797E+00
   1.0900E+02   1.5522E+00
   1.1000E+02   1.5240E+00
   1.1100E+02   1.4557E+00
   1.1200E+02   1.4044E+00
   1.1300E+02   1.3426E+00
   1.1400E+02   1.2990E+00
   1.1500E+02   1.2525E+00
   1.1600E+02   1.2255E+00
   1.1700E+02   1.2196E+00
   1.1800E+02   1.2353E+00
   1.1900E+02   1.2434E+00
   1.2000E+02   1.2437E+00
   1.2100E+02   1.2198E+00
   1.2200E+02   1.1751E+00
   1.2300E+02   1.1470E+00
   1.2400E+02   1.1382E+00
   1.2500E+02   1.1697E+00
   1.2600E+02   1.2479E+00
   1.2700E+02   1.3346E+00
   1.2800E+02   1.3903E+00
   1.2900E+02   1.4204E+00
   1.3000E+02   1.4137E+00
   1.3100E+02   1.4013E+00
   1.3200E+02   1.4089E+00
   1.3300E+02   1.4375E+00
   1.3400E+02   1.5020E+00
   1.3500E+02   1.5331E+00
   1.3600E+02   1.5387E+00
   1.3700E+02   1.5070E+00
   1.3800E+02   1.4329E+00
   1.3900E+02   1.3807E+00
   1.4000E+02   1.3696E+00
   1.4100E+02   1.4095E+00
   1.4200E+02   1.5013E+00
   1.4300E+02   1.6104E+00
   1.4400E+02   1.6838E+00
   1.4500E+02   1.7403E+00
   1.4600E+02   1.7660E+00
   1.4700E+02   1.7286E+00
   1.4800E+02   1.6210E+00
   1.4900E+02   1.4197E+00
   1.5000E+02   1.1468E+00
   1.5100E+02   9.2525E-01
   1.5200E+02   8.3833E-01
   1.5300E+02   8.6434E-01
   1.5400E+02   9.9949E-01
   1.5500E+02   1.1337E+00
   1.5600E+02   1.2390E+00
   1.5700E+02   1.2851E+00
   1.5800E+02   1.2997E+00
   1.5900E+02   1.2917E+00
   1.6000E+02   1.2721E+00
   1.6100E+02   1.2166E+00
   1.6200E+02   1.1744E+00
   1.6300E+02   1.1384E+00
   1.6400E+02   1.1351E+00
   1.6500E+02   1.1586E+00
   1.6600E+02   1.1896E+00
   1.6700E+02   1.2157E+00
   1.6800E+02   1.2229E+00
   1.6900E+02   1.2114E+00
   1.7000E+02   1.2094E+00
   1.7100E+02   1.2253E+00
   1.7200E+02   1.2693E+00
   1.7300E+02   1.3057E+00
   1.7400E+02   1.3438E+00
   1.7500E+02   1.3333E+00
   1.7600E+02   1.2810E+00
   1.7700E+02   1.1941E+00
   1.7800E+02   1.1107E+00
   1.7900E+02   1.0575E+00
   1.8000E+02   1.0144E+00
   1.8100E+02   1.0091E+00
   1.8200E+02   1.0399E+00
   1.8300E+02   1.1175E+00
   1.8400E+02   1.2223E+00
   1.8500E+02   1.3274E+00
   1.8600E+02   1.4244E+00
   1.8700E+02   1.4692E+00
   1.8800E+02   1.4287E+00
   1.8900E+02   1.3692E+00
   1.9000E+02   1.2879E+00
   1.9100E+02   1.2313E+00
   1.9200E+02   1.2236E+00
   1.9300E+02   1.2389E+00
   1.9400E+02   1.2478E+00
   1.9500E+02   1.2466E+00
   1.9600E+02   1.2288E+00
   1.9700E+02   1.1860E+00
   1.9800E+02   1.1463E+00
   1.9900E+02   1.0979E+00
   2.0000E+02   1.0408E+00
   2.0100E+02   1.0131E+00
   2.0200E+02   1.0301E+00
   2.0300E+02   1.1569E+00
   2.0400E+02   1.2767E+00
   2.0500E+02   1.4658E+00
   2.0600E+02   1.5757E+00
   2.0700E+02   1.5686E+00
   2.0800E+02   1.4404E+00
   2.0900E+02   1.2674E+00
   2.1000E+02   1.1530E+00
   2.1100E+02   1.1132E+00
   2.1200E+02   1.1541E+00
   2.1300E+02   1.1965E+00
   2.1400E+02   1.1801E+00
   2.1500E+02   1.0770E+00
   2.1500E+02   1.0000E+00
   2.1500E+02   1.1137E+00
   2.1600E+02   9.7439E-01
   2.1700E+02   8.1591E-01
   2.1800E+02   7.8688E-01
   2.1900E+02   8.3809E-01
   2.2000E+02   9.9328E-01
   2.2100E+02   1.1671E+00
   2.2200E+02   1.2728E+00
   2.2300E+02   1.3228E+00
   2.2400E+02   1.3021E+00
   2.2500E+02   1.2435E+00
   2.2600E+02   1.1546E+00
   2.2700E+02   1.0388E+00
   2.2700E+02   1.0000E+00
   2.2700E+02   1.0556E+00
   2.2800E+02   9.2375E-01
   2.2900E+02   8.0054E-01
   2.3000E+02   7.6757E-01
   2.3100E+02   7.7941E-01
   2.3200E+02   8.6148E-01
   2.3300E+02   9.5752E-01
   2.3400E+02   1.0349E+00
   2.3500E+02   1.1448E+00
   2.3600E+02   1.2566E+00
   2.3700E+02   1.3296E+00
   2.3800E+02   1.3437E+00
   2.3900E+02   1.2931E+00
   2.4000E+02   1.2189E+00
   2.4100E+02   1.1512E+00
   2.4200E+02   1.0777E+00
   2.4300E+02   1.0302E+00
   2.4300E+02   1.0000E+00
   2.4300E+02   1.0362E+00
   2.4300E+02   1.0000E+00
   2.4300E+02   1.0362E+00
   2.4300E+02   1.0000E+00
   2.4300E+02   1.0362E+00
   2.4300E+02   1.0000E+00
   2.4300E+02   1.0362E+00
   2.4300E+02   1.0000E+00
   2.4300E+02   1.0362E+00
   2.4300E+02   1.0000E+00
   2.4300E+02   1.0362E+00
   2.4400E+02   9.9232E-01
   2.4400E+02   1.0000E+00
   2.4400E+02   9.9232E-01
   2.4500E+02   9.5131E-01
   2.4500E+02   1.0000E+00
   2.4500E+02   9.5131E-01
   2.4600E+02   9.0137E-01
   2.4700E+02   8.6554E-01
   2.4800E+02   8.3535E-01
   2.4900E+02   7.7034E-01
   2.5000E+02   7.0782E-01
   2.5100E+02   6.6348E-01
   2.5200E+02   6.0090E-01
   2.5300E+02   5.6609E-01
   2.5400E+02   5.4563E-01
   2.5500E+02   5.5371E-01
   2.5600E+02   5.7326E-01
   2.5700E+02   5.9460E-01
   2.5700E+02   1.0000E+00
   2.5700E+02   5.8872E-01
   2.5700E+02   1.0000E+00
   2.5700E+02   5.8872E-01
   2.5700E+02   1.0000E+00
   2.5700E+02   5.8872E-01
   2.5700E+02   1.0000E+00
   2.5700E+02   5.8872E-01
   2.5700E+02   1.0000E+00
   2.5700E+02   5.8872E-01
   2.5700E+02   1.0000E+00
   2.5700E+02   5.8872E-01
   2.5700E+02   1.0000E+00
   2.5700E+02   5.8872E-01
   2.5800E+02   6.0791E-01
   2.5800E+02   1.0000E+00
   2.5800E+02   6.0791E-01
   2.5900E+02   6.2797E-01
   2.6000E+02   6.4214E-01
   2.6100E+02   6.3819E-01
   2.6200E+02   6.0866E-01
   2.6200E+02   1.0000E+00
   2.6200E+02   6.2820E-01
   2.6200E+02   1.0000E+00
   2.6200E+02   1.0000E+00
   2.6200E+02   1.0000E+00
   2.6200E+02   6.2820E-01
   2.6200E+02   1.0000E+00
   2.6200E+02   6.2820E-01
   2.6200E+02   1.0000E+00
   2.6200E+02   6.2820E-01
   2.6300E+02   6.0213E-01
   2.6300E+02   1.0000E+00
   2.6300E+02   6.0213E-01
   2.6400E+02   5.8373E-01
   2.6400E+02   1.0000E+00
   2.6400E+02   5.8373E-01
   2.6500E+02   5.9665E-01
   2.6500E+02   1.0000E+00
   2.6500E+02   5.9523E-01
   2.6500E+02   1.0000E+00
   2.6500E+02   1.0000E+00
   2.6500E+02   1.0000E+00
   2.6500E+02   5.9523E-01
   2.6500E+02   1.0000E+00
   2.6500E+02   5.9523E-01
   2.6500E+02   1.0000E+00
   2.6500E+02   5.9523E-01
   2.6600E+02   6.3696E-01
   2.6600E+02   1.0000E+00
   2.6600E+02   6.3696E-01
   2.6700E+02   7.0878E-01
   2.6700E+02   1.0000E+00
   2.6700E+02   7.0878E-01
   2.6800E+02   8.2300E-01
   2.6900E+02   9.2542E-01
   2.7000E+02   1.0621E+00
   2.7100E+02   1.2195E+00
   2.7200E+02   1.3387E+00
   2.7300E+02   1.3784E+00
   2.7400E+02   1.3393E+00
   2.7500E+02   1.2621E+00
   2.7600E+02   1.1874E+00
   2.7700E+02   1.1627E+00
   2.7800E+02   1.1832E+00
   2.7900E+02   1.2292E+00
   2.8000E+02   1.2352E+00
   2.8100E+02   1.1584E+00
   2.8200E+02   1.0565E+00
   2.8200E+02   1.0000E+00
   2.8200E+02   1.0807E+00
   2.8300E+02   9.1892E-01
   2.8400E+02   8.2642E-01
   2.8500E+02   8.2064E-01
   2.8600E+02   9.2785E-01
   2.8700E+02   1.0201E+00
   2.8800E+02   1.1422E+00
   2.8900E+02   1.2199E+00
   2.9000E+02   1.2621E+00
   2.9100E+02   1.2843E+00
   2.9200E+02   1.3016E+00
   2.9300E+02   1.3250E+00
   2.9400E+02   1.3542E+00
   2.9500E+02   1.3542E+00
   2.9600E+02   1.3073E+00
   2.9700E+02   1.2256E+00
   2.9800E+02   1.1055E+00
   2.9900E+02   9.8322E-01
   3.0000E+02   9.1997E-01
   3.0100E+02   9.4266E-01
   3.0100E+02   1.0000E+00
   3.0100E+02   9.2928E-01
   3.0200E+02   1.0132E+00
   3.0300E+02   1.1102E+00
   3.0400E+02   1.1680E+00
   3.0500E+02   1.1552E+00
   3.0600E+02   1.1179E+00
   3.0700E+02   1.0832E+00
   3.0800E+02   1.0992E+00
   3.0900E+02   1.1672E+00
   3.1000E+02   1.2438E+00
   3.1100E+02   1.3192E+00
   3.1200E+02   1.3174E+00
   3.1300E+02   1.2534E+00
   3.1400E+02   1.1456E+00
   3.1500E+02   1.0190E+00
   3.1500E+02   1.0000E+00
   3.1500E+02   1.0316E+00
   3.1600E+02   9.3898E-01
   3.1700E+02   8.7324E-01
   3.1800E+02   8.4558E-01
   3.1900E+02   8.5053E-01
   3.2000E+02   9.1370E-01
   3.2100E+02   9.9211E-01
   3.2100E+02   1.0000E+00
   3.2100E+02   9.4038E-01
   3.2200E+02   1.0306E+00
   3.2300E+02   1.0704E+00
   3.2400E+02   1.0397E+00
   3.2400E+02   1.0000E+00
   3.2400E+02   1.0440E+00
   3.2500E+02   9.5111E-01
   3.2600E+02   8.0637E-01
   3.2700E+02   7.1709E-01
   3.2800E+02   6.9511E-01
   3.2900E+02   7.6091E-01
   3.3000E+02   8.2591E-01
   3.3100E+02   8.5616E-01
   3.3200E+02   7.9603E-01
   3.3300E+02   6.8540E-01
   3.3400E+02   6.0712E-01
   3.3500E+02   5.6893E-01
   3.3500E+02   1.0000E+00
   3.3500E+02   5.6934E-01
   3.3500E+02   1.0000E+00
   3.3500E+02   1.0000E+00
   3.3500E+02   1.0000E+00
   3.3500E+02   5.6934E-01
   3.3500E+02   1.0000E+00
   3.3500E+02   5.6934E-01
   3.3500E+02   1.0000E+00
   3.3500E+02   5.6934E-01
   3.3600E+02   5.9607E-01
   3.3600E+02   1.0000E+00
   3.3600E+02   5.9607E-01
   3.3600E+02   1.0000E+00
   3.3600E+02   5.9607E-01
