   0.0000E+00   1.0000E+00
   0.0000E+00   6.9919E-01
   1.0000E+00   7.0417E-01
   2.0000E+00   8.6093E-01
   3.0000E+00   1.0156E+00
   4.0000E+00   1.1739E+00
   5.0000E+00   1.3162E+00
   6.0000E+00   1.4189E+00
   7.0000E+00   1.4195E+00
   8.0000E+00   1.3207E+00
   9.0000E+00   1.1190E+00
   1.0000E+01   8.9770E-01
   1.1000E+01   7.4503E-01
   1.2000E+01   6.5848E-01
   1.3000E+01   6.3857E-01
   1.4000E+01   6.3865E-01
   1.5000E+01   6.2577E-01
   1.6000E+01   6.0104E-01
   1.7000E+01   5.7184E-01
   1.8000E+01   5.9702E-01
   1.9000E+01   7.1199E-01
   2.0000E+01   9.2190E-01
   2.1000E+01   1.2095E+00
   2.2000E+01   1.4211E+00
   2.3000E+01   1.4887E+00
   2.4000E+01   1.4139E+00
   2.5000E+01   1.2090E+00
   2.6000E+01   1.0200E+00
   2.7000E+01   8.8443E-01
   2.8000E+01   8.0255E-01
   2.9000E+01   7.7029E-01
   3.0000E+01   7.4880E-01
   3.1000E+01   7.3358E-01
   3.2000E+01   7.2381E-01
   3.3000E+01   7.1165E-01
   3.4000E+01   6.6315E-01
   3.5000E+01   5.8176E-01
   3.6000E+01   4.5647E-01
   3.7000E+01   3.0994E-01
   3.8000E+01   1.5078E-01
   3.9000E+01  -1.9036E-02
   4.0000E+01  -1.8870E-01
   4.1000E+01  -3.3688E-01
   4.2000E+01  -3.9261E-01
   4.3000E+01  -3.5267E-01
   4.4000E+01  -2.1826E-01
   4.4000E+01   1.0000E+00
   4.4000E+01  -2.1952E-01
   4.5000E+01  -5.2828E-03
   4.6000E+01   1.9857E-01
   4.7000E+01   4.2172E-01
   4.8000E+01   6.5083E-01
   4.9000E+01   8.7508E-01
   5.0000E+01   1.0403E+00
   5.1000E+01   1.1582E+00
   5.2000E+01   1.2337E+00
   5.3000E+01   1.2664E+00
   5.4000E+01   1.2662E+00
   5.5000E+01   1.2291E+00
   5.6000E+01   1.1810E+00
   5.7000E+01   1.1549E+00
   5.8000E+01   1.1887E+00
   5.9000E+01   1.2830E+00
   6.0000E+01   1.3895E+00
   6.1000E+01   1.4813E+00
   6.2000E+01   1.4790E+00
   6.3000E+01   1.4012E+00
   6.4000E+01   1.2334E+00
   6.5000E+01   1.0729E+00
   6.6000E+01   9.6210E-01
   6.7000E+01   8.4031E-01
   6.8000E+01   7.5586E-01
   6.9000E+01   6.9511E-01
   7.0000E+01   6.5113E-01
   7.1000E+01   6.3345E-01
   7.2000E+01   6.3065E-01
   7.3000E+01   6.7958E-01
   7.4000E+01   7.4577E-01
   7.5000E+01   8.5411E-01
   7.6000E+01   9.8665E-01
   7.7000E+01   1.0151E+00
   7.8000E+01   9.4748E-01
   7.9000E+01   7.5809E-01
   8.0000E+01   5.4249E-01
   8.1000E+01   3.7795E-01
   8.2000E+01   3.1955E-01
   8.3000E+01   3.6482E-01
   8.4000E+01   4.4180E-01
   8.5000E+01   4.9775E-01
   8.6000E+01   5.7545E-01
   8.6000E+01   1.0000E+00
   8.6000E+01   5.6049E-01
   8.6000E+01   1.0000E+00
   8.6000E+01   1.0000E+00
   8.6000E+01   1.0000E+00
   8.6000E+01   5.6049E-01
   8.6000E+01   1.0000E+00
   8.6000E+01   5.6049E-01
   8.6000E+01   1.0000E+00
   8.6000E+01   5.6049E-01
   8.7000E+01   5.9789E-01
   8.7000E+01   1.0000E+00
   8.7000E+01   6.2318E-01
   8.8000E+01   6.7424E-01
   8.8000E+01   1.0000E+00
   8.8000E+01   6.7424E-01
   8.9000E+01   7.0673E-01
   9.0000E+01   7.0992E-01
   9.1000E+01   6.9726E-01
   9.2000E+01   6.4991E-01
   9.3000E+01   6.1378E-01
   9.3000E+01   1.0000E+00
   9.3000E+01   6.3656E-01
   9.4000E+01   5.8456E-01
   9.5000E+01   5.2306E-01
   9.6000E+01   5.0249E-01
   9.7000E+01   5.6976E-01
   9.7000E+01   1.0000E+00
   9.7000E+01   5.4285E-01
   9.8000E+01   6.6463E-01
   9.9000E+01   8.7829E-01
   1.0000E+02   1.0276E+00
   1.0100E+02   1.2219E+00
   1.0200E+02   1.3687E+00
   1.0300E+02   1.4931E+00
   1.0400E+02   1.5360E+00
   1.0500E+02   1.4687E+00
   1.0600E+02   1.2801E+00
   1.0700E+02   1.0081E+00
   1.0800E+02   7.8381E-01
   1.0900E+02   6.6961E-01
   1.1000E+02   6.7383E-01
   1.1100E+02   7.3002E-01
   1.1200E+02   8.0190E-01
   1.1300E+02   8.5633E-01
   1.1400E+02   8.7912E-01
   1.1500E+02   8.8271E-01
   1.1600E+02   8.6415E-01
   1.1700E+02   8.0104E-01
   1.1800E+02   7.5320E-01
   1.1900E+02   6.7108E-01
   1.2000E+02   6.2403E-01
   1.2100E+02   6.1263E-01
   1.2200E+02   6.4018E-01
   1.2300E+02   6.6566E-01
   1.2400E+02   6.9877E-01
   1.2500E+02   7.2486E-01
   1.2600E+02   7.4158E-01
   1.2700E+02   7.5140E-01
   1.2800E+02   7.6955E-01
   1.2900E+02   7.8783E-01
   1.3000E+02   8.1464E-01
   1.3100E+02   8.4330E-01
   1.3200E+02   8.8795E-01
   1.3300E+02   9.2570E-01
   1.3400E+02   9.9415E-01
   1.3500E+02   1.0142E+00
   1.3600E+02   9.8504E-01
   1.3700E+02   8.8635E-01
   1.3800E+02   7.2589E-01
   1.3900E+02   6.0122E-01
   1.4000E+02   5.0754E-01
   1.4100E+02   4.6064E-01
   1.4200E+02   4.7155E-01
   1.4300E+02   5.0148E-01
   1.4400E+02   5.6118E-01
   1.4500E+02   6.2550E-01
   1.4600E+02   7.1999E-01
   1.4700E+02   7.9507E-01
   1.4800E+02   8.6008E-01
   1.4900E+02   8.9233E-01
   1.5000E+02   9.1243E-01
   1.5100E+02   9.5939E-01
   1.5200E+02   1.0107E+00
   1.5300E+02   1.0976E+00
   1.5400E+02   1.1869E+00
   1.5500E+02   1.2152E+00
   1.5600E+02   1.1618E+00
   1.5700E+02   1.0594E+00
   1.5800E+02   9.3084E-01
   1.5900E+02   8.4655E-01
   1.6000E+02   8.5123E-01
   1.6100E+02   9.4897E-01
   1.6200E+02   1.0475E+00
   1.6300E+02   1.1153E+00
   1.6400E+02   1.1166E+00
   1.6500E+02   1.0563E+00
   1.6500E+02   1.0000E+00
   1.6500E+02   1.0708E+00
   1.6600E+02   9.8288E-01
   1.6700E+02   8.9342E-01
   1.6800E+02   8.1033E-01
   1.6900E+02   7.2082E-01
   1.7000E+02   6.7910E-01
   1.7100E+02   6.5845E-01
   1.7200E+02   6.6565E-01
   1.7300E+02   6.9668E-01
   1.7400E+02   7.4761E-01
   1.7500E+02   7.9877E-01
   1.7600E+02   8.6074E-01
   1.7700E+02   9.3466E-01
   1.7700E+02   1.0000E+00
   1.7700E+02   9.2075E-01
   1.7700E+02   1.0000E+00
   1.7700E+02   9.2075E-01
   1.7700E+02   1.0000E+00
   1.7700E+02   9.2075E-01
   1.7800E+02   9.8612E-01
   1.7800E+02   1.0000E+00
   1.7800E+02   9.8344E-01
   1.7900E+02   1.0423E+00
   1.8000E+02   1.0964E+00
   1.8100E+02   1.1450E+00
   1.8200E+02   1.1641E+00
   1.8300E+02   1.1406E+00
   1.8400E+02   1.0603E+00
   1.8400E+02   1.0000E+00
   1.8400E+02   1.0988E+00
   1.8500E+02   1.0080E+00
   1.8600E+02   9.4350E-01
   1.8700E+02   9.1126E-01
   1.8800E+02   9.2243E-01
   1.8900E+02   9.7782E-01
   1.8900E+02   1.0000E+00
   1.8900E+02   9.6159E-01
   1.9000E+02   9.9866E-01
   1.9100E+02   1.0192E+00
   1.9200E+02   1.0216E+00
   1.9200E+02   1.0000E+00
   1.9200E+02   1.0224E+00
   1.9300E+02   1.0024E+00
   1.9300E+02   1.0000E+00
   1.9300E+02   1.0082E+00
   1.9400E+02   9.6833E-01
   1.9500E+02   8.9158E-01
   1.9600E+02   8.1541E-01
   1.9700E+02   7.0299E-01
   1.9800E+02   6.3182E-01
   1.9900E+02   6.2050E-01
   2.0000E+02   6.5079E-01
   2.0100E+02   6.8963E-01
   2.0200E+02   6.8712E-01
   2.0300E+02   6.0770E-01
   2.0300E+02   1.0000E+00
   2.0300E+02   6.5254E-01
   2.0400E+02   5.6518E-01
   2.0500E+02   4.5156E-01
   2.0600E+02   3.4425E-01
   2.0700E+02   2.7257E-01
   2.0800E+02   2.1022E-01
   2.0900E+02   1.8675E-01
   2.1000E+02   2.1641E-01
   2.1100E+02   3.0189E-01
   2.1200E+02   4.5970E-01
   2.1200E+02   1.0000E+00
   2.1200E+02   4.3399E-01
   2.1200E+02   1.0000E+00
   2.1200E+02   1.0000E+00
   2.1200E+02   4.3399E-01
   2.1200E+02   1.0000E+00
   2.1200E+02   4.3399E-01
   2.1200E+02   1.0000E+00
   2.1200E+02   4.3399E-01
   2.1200E+02   1.0000E+00
   2.1200E+02   4.3399E-01
   2.1300E+02   6.0299E-01
   2.1300E+02   1.0000E+00
   2.1300E+02   6.0299E-01
   2.1400E+02   7.5884E-01
   2.1400E+02   1.0000E+00
   2.1400E+02   7.5884E-01
   2.1500E+02   9.4005E-01
   2.1600E+02   1.0320E+00
   2.1700E+02   1.1079E+00
   2.1800E+02   1.0883E+00
   2.1800E+02   1.0000E+00
   2.1800E+02   1.0950E+00
   2.1900E+02   9.9644E-01
   2.2000E+02   7.8713E-01
   2.2100E+02   6.1665E-01
   2.2200E+02   4.9660E-01
   2.2300E+02   4.4071E-01
   2.2400E+02   4.4515E-01
   2.2500E+02   5.5260E-01
   2.2500E+02   1.0000E+00
   2.2500E+02   4.9969E-01
   2.2600E+02   6.0699E-01
   2.2700E+02   7.8087E-01
   2.2800E+02   9.6736E-01
   2.2900E+02   1.1257E+00
   2.3000E+02   1.1819E+00
   2.3100E+02   1.1444E+00
   2.3200E+02   1.0614E+00
   2.3300E+02   9.9574E-01
   2.3400E+02   9.7024E-01
   2.3500E+02   9.9282E-01
   2.3600E+02   1.0485E+00
   2.3700E+02   1.0504E+00
   2.3700E+02   1.0000E+00
   2.3700E+02   1.0546E+00
   2.3800E+02   9.9904E-01
   2.3900E+02   8.7050E-01
   2.4000E+02   7.1132E-01
   2.4100E+02   6.3939E-01
   2.4200E+02   6.6802E-01
   2.4300E+02   7.7594E-01
   2.4400E+02   9.1515E-01
   2.4500E+02   9.9813E-01
   2.4600E+02   9.9766E-01
   2.4700E+02   9.1334E-01
   2.4800E+02   7.7920E-01
   2.4900E+02   7.0636E-01
   2.5000E+02   6.7885E-01
   2.5100E+02   6.7970E-01
   2.5200E+02   6.9985E-01
   2.5300E+02   7.3046E-01
   2.5400E+02   7.7386E-01
   2.5500E+02   8.3426E-01
   2.5600E+02   8.8074E-01
   2.5700E+02   9.1853E-01
   2.5800E+02   9.5425E-01
   2.5800E+02   1.0000E+00
   2.5800E+02   9.5124E-01
   2.5900E+02   9.9598E-01
   2.5900E+02   1.0000E+00
   2.5900E+02   9.9220E-01
   2.6000E+02   9.9287E-01
   2.6100E+02   9.1422E-01
   2.6200E+02   7.3891E-01
   2.6300E+02   5.7299E-01
   2.6400E+02   3.5137E-01
   2.6500E+02   2.2409E-01
   2.6600E+02   1.6064E-01
   2.6700E+02   1.4877E-01
   2.6800E+02   1.3420E-01
   2.6900E+02   1.0426E-01
   2.7000E+02   3.6344E-02
   2.7100E+02  -7.3998E-03
   2.7200E+02  -6.0928E-02
   2.7300E+02  -1.8009E-01
   2.7300E+02   1.0000E+00
   2.7300E+02  -1.3689E-01
   2.7300E+02   1.0000E+00
   2.7300E+02   1.0000E+00
   2.7300E+02   1.0000E+00
   2.7300E+02  -1.3689E-01
   2.7300E+02   1.0000E+00
   2.7300E+02  -1.3689E-01
   2.7300E+02   1.0000E+00
   2.7300E+02  -1.3689E-01
   2.7400E+02  -2.2109E-01
   2.7400E+02   1.0000E+00
   2.7400E+02  -2.2109E-01
   2.7500E+02  -3.0697E-01
   2.7500E+02   1.0000E+00
   2.7500E+02  -3.0697E-01
   2.7600E+02  -3.5038E-01
   2.7700E+02  -3.3134E-01
   2.7800E+02  -2.5990E-01
   2.7800E+02   1.0000E+00
   2.7800E+02  -2.7614E-01
   2.7900E+02  -1.6765E-01
   2.8000E+02  -4.7623E-02
   2.8100E+02   5.6576E-02
   2.8200E+02   1.4007E-01
   2.8200E+02   1.0000E+00
   2.8200E+02   1.2650E-01
   2.8300E+02   2.0631E-01
   2.8400E+02   2.6694E-01
   2.8500E+02   3.0994E-01
   2.8600E+02   3.3778E-01
   2.8700E+02   3.3987E-01
   2.8800E+02   3.3668E-01
   2.8900E+02   3.0347E-01
   2.9000E+02   2.7934E-01
   2.9100E+02   2.7729E-01
   2.9200E+02   2.6727E-01
   2.9300E+02   2.7953E-01
   2.9400E+02   3.1111E-01
   2.9500E+02   3.2371E-01
   2.9600E+02   3.6706E-01
   2.9700E+02   4.0845E-01
   2.9800E+02   4.0845E-01
   2.9900E+02   4.2060E-01
   3.0000E+02   3.9680E-01
   3.0100E+02   3.0100E-01
   3.0200E+02   2.6261E-01
   3.0300E+02   2.2532E-01
   3.0400E+02   2.1923E-01
   3.0500E+02   2.7162E-01
   3.0600E+02   3.4757E-01
   3.0700E+02   4.2638E-01
   3.0800E+02   4.4607E-01
   3.0900E+02   4.2241E-01
   3.1000E+02   4.0208E-01
   3.1100E+02   3.9343E-01
   3.1200E+02   4.6120E-01
   3.1300E+02   5.8477E-01
   3.1300E+02   1.0000E+00
   3.1300E+02   5.3283E-01
   3.1400E+02   6.7901E-01
   3.1500E+02   7.5346E-01
   3.1600E+02   7.2800E-01
   3.1700E+02   6.1548E-01
   3.1700E+02   1.0000E+00
   3.1700E+02   6.4148E-01
   3.1800E+02   4.5512E-01
   3.1900E+02   3.2566E-01
   3.2000E+02   2.4925E-01
   3.2100E+02   2.3617E-01
   3.2200E+02   2.5668E-01
   3.2300E+02   2.7725E-01
   3.2400E+02   2.8545E-01
   3.2500E+02   2.8368E-01
   3.2600E+02   2.6674E-01
   3.2700E+02   2.5285E-01
   3.2800E+02   2.3620E-01
   3.2900E+02   2.1711E-01
   3.2900E+02   1.0000E+00
   3.2900E+02   2.3075E-01
   3.3000E+02   2.0823E-01
   3.3000E+02   1.0000E+00
   3.3000E+02   2.1099E-01
   3.3000E+02   1.0000E+00
   3.3000E+02   1.0000E+00
   3.3000E+02   1.0000E+00
   3.3000E+02   2.1099E-01
   3.3000E+02   1.0000E+00
   3.3000E+02   2.1099E-01
   3.3000E+02   1.0000E+00
   3.3000E+02   2.1099E-01
   3.3100E+02   1.9159E-01
   3.3100E+02   1.0000E+00
   3.3100E+02   1.9159E-01
   3.3200E+02   1.7269E-01
   3.3200E+02   1.0000E+00
   3.3200E+02   1.7269E-01
   3.3300E+02   1.4943E-01
   3.3400E+02   1.4470E-01
   3.3500E+02   1.6509E-01
   3.3500E+02   1.0000E+00
   3.3500E+02   1.5820E-01
   3.3600E+02   1.9957E-01
   3.3600E+02   1.0000E+00
   3.3600E+02   1.9533E-01
   3.3700E+02   2.5891E-01
   3.3800E+02   3.3502E-01
   3.3900E+02   4.1637E-01
   3.4000E+02   4.8295E-01
   3.4100E+02   5.1949E-01
   3.4200E+02   5.4972E-01
   3.4300E+02   5.4238E-01
   3.4400E+02   4.9669E-01
   3.4500E+02   4.1516E-01
   3.4600E+02   3.6505E-01
   3.4700E+02   3.3056E-01
   3.4800E+02   3.3673E-01
   3.4900E+02   3.7772E-01
   3.5000E+02   4.2680E-01
   3.5100E+02   4.6930E-01
   3.5200E+02   5.0462E-01
   3.5300E+02   5.3725E-01
   3.5400E+02   5.6776E-01
   3.5500E+02   5.7606E-01
   3.5600E+02   5.8389E-01
   3.5700E+02   5.7379E-01
   3.5800E+02   5.4693E-01
   3.5900E+02   5.0324E-01
   3.6000E+02   4.5407E-01
   3.6100E+02   3.8658E-01
   3.6200E+02   3.4984E-01
   3.6300E+02   3.6267E-01
   3.6400E+02   4.3717E-01
   3.6500E+02   4.7333E-01
   3.6600E+02   4.8499E-01
   3.6700E+02   4.5480E-01
   3.6800E+02   3.5709E-01
   3.6900E+02   2.6151E-01
   3.7000E+02   2.1228E-01
   3.7100E+02   2.4307E-01
   3.7200E+02   3.4079E-01
   3.7300E+02   4.1164E-01
   3.7400E+02   5.1776E-01
   3.7400E+02   1.0000E+00
   3.7400E+02   5.1280E-01
   3.7400E+02   1.0000E+00
   3.7400E+02   1.0000E+00
   3.7400E+02   1.0000E+00
   3.7400E+02   5.1280E-01
   3.7400E+02   1.0000E+00
   3.7400E+02   5.1280E-01
   3.7400E+02   1.0000E+00
   3.7400E+02   5.1280E-01
   3.7500E+02   6.0988E-01
   3.7500E+02   1.0000E+00
   3.7500E+02   6.0988E-01
   3.7600E+02   6.9889E-01
   3.7600E+02   1.0000E+00
   3.7600E+02   6.9889E-01
   3.7700E+02   7.6410E-01
   3.7800E+02   7.5429E-01
   3.7900E+02   6.8931E-01
   3.7900E+02   1.0000E+00
   3.7900E+02   7.0141E-01
   3.7900E+02   1.0000E+00
   3.7900E+02   1.0000E+00
   3.7900E+02   1.0000E+00
   3.7900E+02   7.0141E-01
   3.7900E+02   1.0000E+00
   3.7900E+02   7.0141E-01
   3.7900E+02   1.0000E+00
   3.7900E+02   7.0141E-01
   3.8000E+02   5.8246E-01
   3.8000E+02   1.0000E+00
   3.8000E+02   5.8246E-01
   3.8100E+02   4.4953E-01
   3.8100E+02   1.0000E+00
   3.8100E+02   4.4953E-01
   3.8200E+02   3.4324E-01
   3.8300E+02   2.8400E-01
   3.8400E+02   2.6805E-01
   3.8500E+02   2.5648E-01
   3.8600E+02   2.3835E-01
   3.8700E+02   2.2228E-01
   3.8800E+02   2.0985E-01
   3.8900E+02   2.2447E-01
   3.9000E+02   2.7431E-01
   3.9100E+02   3.5606E-01
   3.9200E+02   4.7085E-01
   3.9300E+02   5.8367E-01
   3.9300E+02   1.0000E+00
   3.9300E+02   5.7427E-01
   3.9400E+02   6.4792E-01
   3.9500E+02   6.7696E-01
   3.9600E+02   6.6605E-01
   3.9700E+02   6.4226E-01
   3.9700E+02   1.0000E+00
   3.9700E+02   6.4814E-01
   3.9700E+02   1.0000E+00
   3.9700E+02   6.4814E-01
   3.9700E+02   1.0000E+00
   3.9700E+02   6.4814E-01
   3.9800E+02   6.0717E-01
   3.9800E+02   1.0000E+00
   3.9800E+02   6.1087E-01
   3.9900E+02   5.5428E-01
   4.0000E+02   4.8998E-01
   4.0100E+02   4.6516E-01
   4.0200E+02   4.8021E-01
   4.0300E+02   5.2839E-01
   4.0400E+02   5.9910E-01
   4.0400E+02   1.0000E+00
   4.0400E+02   5.8524E-01
   4.0500E+02   6.1995E-01
   4.0500E+02   1.0000E+00
   4.0500E+02   6.1894E-01
   4.0500E+02   1.0000E+00
   4.0500E+02   1.0000E+00
   4.0500E+02   1.0000E+00
   4.0500E+02   6.1894E-01
   4.0500E+02   1.0000E+00
   4.0500E+02   6.1894E-01
   4.0600E+02   6.0653E-01
   4.0600E+02   1.0000E+00
   4.0600E+02   6.0879E-01
   4.0700E+02   5.5330E-01
   4.0800E+02   4.6505E-01
   4.0900E+02   3.6540E-01
   4.1000E+02   2.9362E-01
   4.1100E+02   2.3064E-01
   4.1100E+02   1.0000E+00
   4.1100E+02   2.5312E-01
   4.1200E+02   2.0354E-01
   4.1200E+02   1.0000E+00
   4.1200E+02   2.0430E-01
   4.1300E+02   1.7697E-01
   4.1400E+02   1.7583E-01
   4.1400E+02   1.0000E+00
   4.1400E+02   1.7522E-01
   4.1500E+02   1.9986E-01
   4.1500E+02   1.0000E+00
   4.1500E+02   1.9553E-01
   4.1500E+02   1.0000E+00
   4.1500E+02   1.9553E-01
   4.1500E+02   1.0000E+00
   4.1500E+02   1.9553E-01
   4.1500E+02   1.0000E+00
   4.1500E+02   1.9553E-01
   4.1600E+02   2.2721E-01
   4.1700E+02   2.4963E-01
   4.1800E+02   2.5346E-01
   4.1900E+02   2.4700E-01
   4.2000E+02   2.3955E-01
   4.2100E+02   2.4164E-01
   4.2200E+02   2.6514E-01
   4.2300E+02   3.0252E-01
   4.2400E+02   3.7368E-01
   4.2500E+02   3.7368E-01
   4.2500E+02   1.0000E+00
   4.2500E+02   3.7368E-01
   4.2600E+02   5.0937E-01
   4.2700E+02   5.9499E-01
   4.2700E+02   1.0000E+00
   4.2700E+02   5.8304E-01
   4.2800E+02   6.8728E-01
   4.2900E+02   7.1429E-01
   4.3000E+02   6.8542E-01
   4.3100E+02   6.1501E-01
   4.3100E+02   1.0000E+00
   4.3100E+02   6.1922E-01
   4.3200E+02   5.5542E-01
   4.3300E+02   5.4020E-01
   4.3400E+02   5.6508E-01
   4.3400E+02   1.0000E+00
   4.3400E+02   5.6387E-01
   4.3400E+02   1.0000E+00
   4.3400E+02   1.0000E+00
   4.3400E+02   1.0000E+00
   4.3400E+02   5.6387E-01
   4.3400E+02   1.0000E+00
   4.3400E+02   5.6387E-01
   4.3400E+02   1.0000E+00
   4.3400E+02   5.6387E-01
   4.3400E+02   1.0000E+00
   4.3400E+02   5.6387E-01
   4.3400E+02   1.0000E+00
   4.3400E+02   5.6387E-01
