   0.0000E+00   1.0000E+00
   0.0000E+00   5.9995E-01
   1.0000E+00   5.9789E-01
   2.0000E+00   5.1847E-01
   3.0000E+00   4.5274E-01
   4.0000E+00   4.0165E-01
   5.0000E+00   3.6925E-01
   6.0000E+00   3.8102E-01
   7.0000E+00   4.3696E-01
   8.0000E+00   5.3975E-01
   9.0000E+00   6.7149E-01
   1.0000E+01   7.6957E-01
   1.1000E+01   8.2555E-01
   1.2000E+01   8.4448E-01
   1.3000E+01   8.5204E-01
   1.4000E+01   9.1557E-01
   1.5000E+01   1.0403E+00
   1.6000E+01   1.2233E+00
   1.7000E+01   1.4158E+00
   1.8000E+01   1.5247E+00
   1.9000E+01   1.5416E+00
   2.0000E+01   1.4740E+00
   2.1000E+01   1.3505E+00
   2.2000E+01   1.2138E+00
   2.3000E+01   1.0772E+00
   2.4000E+01   9.3012E-01
   2.5000E+01   8.1180E-01
   2.6000E+01   7.6402E-01
   2.7000E+01   7.8709E-01
   2.8000E+01   8.7443E-01
   2.9000E+01   9.5590E-01
   3.0000E+01   9.7624E-01
   3.1000E+01   9.3889E-01
   3.2000E+01   8.4596E-01
   3.3000E+01   7.4999E-01
   3.4000E+01   6.7824E-01
   3.5000E+01   6.2860E-01
   3.6000E+01   6.0236E-01
   3.7000E+01   6.1561E-01
   3.8000E+01   6.6904E-01
   3.9000E+01   7.6600E-01
   4.0000E+01   8.9886E-01
   4.1000E+01   1.0313E+00
   4.2000E+01   1.1722E+00
   4.3000E+01   1.2995E+00
   4.4000E+01   1.4241E+00
   4.5000E+01   1.4987E+00
   4.6000E+01   1.5183E+00
   4.7000E+01   1.4791E+00
   4.8000E+01   1.4010E+00
   4.9000E+01   1.3474E+00
   5.0000E+01   1.3191E+00
   5.1000E+01   1.3190E+00
   5.2000E+01   1.3386E+00
   5.3000E+01   1.3543E+00
   5.4000E+01   1.3628E+00
   5.5000E+01   1.3638E+00
   5.6000E+01   1.3641E+00
   5.7000E+01   1.3703E+00
   5.8000E+01   1.3849E+00
   5.9000E+01   1.4022E+00
   6.0000E+01   1.4198E+00
   6.1000E+01   1.4185E+00
   6.2000E+01   1.4013E+00
   6.3000E+01   1.3653E+00
   6.4000E+01   1.3251E+00
   6.5000E+01   1.2943E+00
   6.6000E+01   1.2731E+00
   6.7000E+01   1.2600E+00
   6.8000E+01   1.2362E+00
   6.9000E+01   1.1787E+00
   7.0000E+01   1.1030E+00
   7.1000E+01   9.9540E-01
   7.2000E+01   9.1456E-01
   7.3000E+01   8.9280E-01
   7.4000E+01   9.2937E-01
   7.5000E+01   1.0190E+00
   7.6000E+01   1.0929E+00
   7.7000E+01   1.1253E+00
   7.8000E+01   1.1152E+00
   7.9000E+01   1.0686E+00
   8.0000E+01   1.0291E+00
   8.1000E+01   1.0089E+00
   8.2000E+01   1.0095E+00
   8.3000E+01   1.0258E+00
   8.4000E+01   1.0325E+00
   8.5000E+01   1.0195E+00
   8.6000E+01   9.9865E-01
   8.7000E+01   9.6767E-01
   8.8000E+01   9.7760E-01
   8.9000E+01   1.0360E+00
   9.0000E+01   1.1413E+00
   9.1000E+01   1.2674E+00
   9.2000E+01   1.3205E+00
   9.3000E+01   1.2907E+00
   9.4000E+01   1.1793E+00
   9.5000E+01   1.0173E+00
   9.6000E+01   9.0564E-01
   9.7000E+01   8.4006E-01
   9.8000E+01   8.2753E-01
   9.9000E+01   8.3670E-01
   1.0000E+02   8.2255E-01
   1.0100E+02   7.8098E-01
   1.0200E+02   7.1850E-01
   1.0300E+02   6.5304E-01
   1.0400E+02   6.1311E-01
   1.0500E+02   6.0249E-01
   1.0600E+02   6.1828E-01
   1.0700E+02   6.5390E-01
   1.0800E+02   6.8196E-01
   1.0900E+02   7.2388E-01
   1.1000E+02   7.6443E-01
   1.1100E+02   8.1958E-01
   1.1200E+02   8.8854E-01
   1.1300E+02   9.6305E-01
   1.1400E+02   1.0534E+00
   1.1500E+02   1.1090E+00
   1.1600E+02   1.1120E+00
   1.1700E+02   1.0645E+00
   1.1800E+02   9.6750E-01
   1.1900E+02   9.0703E-01
   1.2000E+02   9.1396E-01
   1.2100E+02   9.8942E-01
   1.2200E+02   1.1186E+00
   1.2300E+02   1.2237E+00
   1.2400E+02   1.2898E+00
   1.2500E+02   1.3139E+00
   1.2600E+02   1.2997E+00
   1.2700E+02   1.2813E+00
   1.2800E+02   1.2668E+00
   1.2900E+02   1.2511E+00
   1.3000E+02   1.2341E+00
   1.3100E+02   1.1946E+00
   1.3200E+02   1.1287E+00
   1.3300E+02   1.0441E+00
   1.3400E+02   9.5445E-01
   1.3500E+02   9.3349E-01
   1.3600E+02   9.8587E-01
   1.3700E+02   1.1092E+00
   1.3800E+02   1.2780E+00
   1.3900E+02   1.4041E+00
   1.4000E+02   1.5003E+00
   1.4100E+02   1.5534E+00
   1.4200E+02   1.5817E+00
   1.4200E+02   1.0000E+00
   1.4200E+02   1.5813E+00
   1.4300E+02   1.6003E+00
   1.4400E+02   1.6104E+00
   1.4500E+02   1.6092E+00
   1.4600E+02   1.5978E+00
   1.4700E+02   1.5764E+00
   1.4800E+02   1.5267E+00
   1.4900E+02   1.4921E+00
   1.5000E+02   1.4254E+00
   1.5100E+02   1.3723E+00
   1.5200E+02   1.3010E+00
   1.5300E+02   1.2143E+00
   1.5400E+02   1.1465E+00
   1.5500E+02   1.0614E+00
   1.5600E+02   1.0001E+00
   1.5700E+02   9.1785E-01
   1.5800E+02   8.5872E-01
   1.5900E+02   8.2986E-01
   1.6000E+02   8.2957E-01
   1.6100E+02   8.4742E-01
   1.6200E+02   8.9039E-01
   1.6300E+02   9.2316E-01
   1.6400E+02   9.6385E-01
   1.6400E+02   1.0000E+00
   1.6400E+02   9.6015E-01
   1.6500E+02   1.0177E+00
   1.6600E+02   1.0661E+00
   1.6700E+02   1.1217E+00
   1.6800E+02   1.1576E+00
   1.6900E+02   1.1870E+00
   1.7000E+02   1.2149E+00
   1.7100E+02   1.2268E+00
   1.7200E+02   1.2409E+00
   1.7300E+02   1.2383E+00
   1.7400E+02   1.2270E+00
   1.7500E+02   1.1741E+00
   1.7600E+02   1.1305E+00
   1.7700E+02   1.0750E+00
   1.7800E+02   1.0297E+00
   1.7800E+02   1.0000E+00
   1.7800E+02   1.0494E+00
   1.7800E+02   1.0000E+00
   1.7800E+02   1.0494E+00
   1.7800E+02   1.0000E+00
   1.7800E+02   1.0494E+00
   1.7900E+02   1.0001E+00
   1.7900E+02   1.0000E+00
   1.7900E+02   1.0077E+00
   1.8000E+02   9.7103E-01
   1.8100E+02   9.5930E-01
   1.8200E+02   9.7943E-01
   1.8200E+02   1.0000E+00
   1.8200E+02   9.7427E-01
   1.8300E+02   1.0338E+00
   1.8400E+02   1.1243E+00
   1.8500E+02   1.1965E+00
   1.8600E+02   1.2128E+00
   1.8700E+02   1.1292E+00
   1.8800E+02   1.0278E+00
   1.8900E+02   9.4437E-01
   1.9000E+02   8.7578E-01
   1.9100E+02   8.5313E-01
   1.9200E+02   8.7747E-01
   1.9300E+02   8.9402E-01
   1.9400E+02   8.8328E-01
   1.9500E+02   8.2951E-01
   1.9600E+02   7.9124E-01
   1.9700E+02   7.5710E-01
   1.9800E+02   7.6888E-01
   1.9900E+02   7.9325E-01
   2.0000E+02   8.9416E-01
   2.0100E+02   9.5487E-01
   2.0100E+02   1.0000E+00
   2.0100E+02   9.4821E-01
   2.0200E+02   1.0680E+00
   2.0300E+02   1.2022E+00
   2.0400E+02   1.3314E+00
   2.0500E+02   1.4358E+00
   2.0600E+02   1.5067E+00
   2.0700E+02   1.5153E+00
   2.0800E+02   1.4750E+00
   2.0900E+02   1.4038E+00
   2.1000E+02   1.2886E+00
   2.1100E+02   1.1041E+00
   2.1200E+02   9.2486E-01
   2.1300E+02   7.8254E-01
   2.1400E+02   7.1980E-01
   2.1500E+02   7.3606E-01
   2.1600E+02   7.7314E-01
   2.1700E+02   7.8144E-01
   2.1800E+02   7.2723E-01
   2.1900E+02   6.4398E-01
   2.2000E+02   6.0857E-01
   2.2100E+02   6.3292E-01
   2.2200E+02   7.6192E-01
   2.2300E+02   9.8027E-01
   2.2400E+02   1.2231E+00
   2.2500E+02   1.3328E+00
   2.2600E+02   1.3367E+00
   2.2700E+02   1.1988E+00
   2.2800E+02   1.1064E+00
   2.2900E+02   1.0443E+00
   2.3000E+02   1.0698E+00
   2.3100E+02   1.1777E+00
   2.3200E+02   1.2719E+00
   2.3300E+02   1.3692E+00
   2.3400E+02   1.4402E+00
   2.3500E+02   1.4859E+00
   2.3600E+02   1.4782E+00
   2.3700E+02   1.4352E+00
   2.3800E+02   1.3533E+00
   2.3900E+02   1.2005E+00
   2.4000E+02   1.0893E+00
   2.4100E+02   1.0221E+00
   2.4200E+02   1.0175E+00
   2.4300E+02   1.0342E+00
   2.4400E+02   1.0806E+00
   2.4500E+02   1.0968E+00
   2.4600E+02   1.1288E+00
   2.4700E+02   1.1598E+00
   2.4800E+02   1.2146E+00
   2.4900E+02   1.2724E+00
   2.5000E+02   1.3625E+00
   2.5100E+02   1.4401E+00
   2.5200E+02   1.4342E+00
   2.5300E+02   1.3345E+00
   2.5400E+02   1.1512E+00
   2.5500E+02   9.1285E-01
   2.5600E+02   7.7220E-01
   2.5700E+02   7.6708E-01
   2.5800E+02   9.1513E-01
   2.5900E+02   1.0502E+00
   2.6000E+02   1.1710E+00
   2.6100E+02   1.2481E+00
   2.6200E+02   1.2496E+00
   2.6300E+02   1.2035E+00
   2.6400E+02   1.1409E+00
   2.6500E+02   1.0419E+00
   2.6500E+02   1.0000E+00
   2.6500E+02   1.0550E+00
   2.6600E+02   9.2668E-01
   2.6700E+02   8.3277E-01
   2.6800E+02   8.2023E-01
   2.6900E+02   8.8678E-01
   2.6900E+02   1.0000E+00
   2.6900E+02   8.8367E-01
   2.7000E+02   1.0457E+00
   2.7100E+02   1.2017E+00
   2.7200E+02   1.2633E+00
   2.7300E+02   1.2375E+00
   2.7400E+02   1.1276E+00
   2.7500E+02   1.0104E+00
   2.7600E+02   9.5091E-01
   2.7700E+02   9.2021E-01
   2.7800E+02   9.4217E-01
   2.7800E+02   1.0000E+00
   2.7800E+02   9.3308E-01
   2.7900E+02   9.9017E-01
   2.8000E+02   1.0985E+00
   2.8100E+02   1.2538E+00
   2.8200E+02   1.4294E+00
   2.8300E+02   1.5424E+00
   2.8400E+02   1.5307E+00
   2.8500E+02   1.4268E+00
   2.8600E+02   1.2171E+00
   2.8700E+02   1.0344E+00
   2.8800E+02   9.3959E-01
   2.8900E+02   9.0174E-01
   2.9000E+02   9.2746E-01
   2.9100E+02   9.6715E-01
   2.9100E+02   1.0000E+00
   2.9100E+02   9.6149E-01
   2.9100E+02   1.0000E+00
   2.9100E+02   1.0000E+00
   2.9100E+02   1.0000E+00
   2.9100E+02   9.6149E-01
   2.9100E+02   1.0000E+00
   2.9100E+02   9.6149E-01
   2.9100E+02   1.0000E+00
   2.9100E+02   9.6149E-01
   2.9200E+02   1.0012E+00
   2.9200E+02   1.0000E+00
   2.9200E+02   1.0012E+00
   2.9300E+02   1.0441E+00
   2.9300E+02   1.0000E+00
   2.9300E+02   1.0441E+00
   2.9400E+02   1.1037E+00
   2.9500E+02   1.1912E+00
   2.9600E+02   1.3704E+00
   2.9700E+02   1.4640E+00
   2.9800E+02   1.6373E+00
   2.9900E+02   1.7336E+00
   3.0000E+02   1.7463E+00
   3.0100E+02   1.6598E+00
   3.0200E+02   1.5668E+00
   3.0300E+02   1.4865E+00
   3.0400E+02   1.4570E+00
   3.0500E+02   1.4740E+00
   3.0600E+02   1.4827E+00
   3.0700E+02   1.4466E+00
   3.0800E+02   1.3629E+00
   3.0900E+02   1.2155E+00
   3.1000E+02   1.0916E+00
   3.1100E+02   1.0544E+00
   3.1200E+02   1.1073E+00
   3.1300E+02   1.2415E+00
   3.1400E+02   1.3563E+00
   3.1500E+02   1.4810E+00
   3.1600E+02   1.5651E+00
   3.1700E+02   1.6336E+00
   3.1800E+02   1.6614E+00
   3.1900E+02   1.6424E+00
   3.2000E+02   1.5806E+00
   3.2100E+02   1.4911E+00
   3.2200E+02   1.4068E+00
   3.2300E+02   1.3336E+00
   3.2400E+02   1.2627E+00
   3.2500E+02   1.2082E+00
   3.2600E+02   1.1821E+00
   3.2700E+02   1.1949E+00
   3.2800E+02   1.2404E+00
   3.2900E+02   1.3266E+00
   3.3000E+02   1.3760E+00
   3.3100E+02   1.3894E+00
   3.3200E+02   1.3582E+00
   3.3300E+02   1.3070E+00
   3.3400E+02   1.2466E+00
   3.3500E+02   1.1713E+00
   3.3600E+02   1.1241E+00
   3.3700E+02   1.0174E+00
   3.3700E+02   1.0000E+00
   3.3700E+02   1.0565E+00
   3.3700E+02   1.0000E+00
   3.3700E+02   1.0000E+00
   3.3700E+02   1.0000E+00
   3.3700E+02   1.0565E+00
   3.3700E+02   1.0000E+00
   3.3700E+02   1.0565E+00
   3.3700E+02   1.0000E+00
   3.3700E+02   1.0565E+00
   3.3800E+02   9.6644E-01
   3.3800E+02   1.0000E+00
   3.3800E+02   9.6644E-01
   3.3900E+02   8.6121E-01
   3.3900E+02   1.0000E+00
   3.3900E+02   8.6121E-01
   3.4000E+02   7.1459E-01
   3.4100E+02   6.0690E-01
   3.4200E+02   5.5719E-01
   3.4300E+02   5.5524E-01
   3.4300E+02   1.0000E+00
   3.4300E+02   5.5284E-01
   3.4400E+02   6.0600E-01
   3.4500E+02   6.9361E-01
   3.4600E+02   7.8639E-01
   3.4700E+02   8.4358E-01
   3.4800E+02   8.9401E-01
   3.4900E+02   9.2702E-01
   3.5000E+02   9.6838E-01
   3.5100E+02   9.9691E-01
   3.5100E+02   1.0000E+00
   3.5100E+02   9.8291E-01
   3.5100E+02   1.0000E+00
   3.5100E+02   1.0000E+00
   3.5100E+02   1.0000E+00
   3.5100E+02   9.8291E-01
   3.5100E+02   1.0000E+00
   3.5100E+02   9.8291E-01
   3.5100E+02   1.0000E+00
   3.5100E+02   9.8291E-01
   3.5100E+02   1.0000E+00
   3.5100E+02   9.8291E-01
   3.5200E+02   9.9703E-01
   3.5200E+02   1.0000E+00
   3.5200E+02   1.0048E+00
   3.5300E+02   1.0322E+00
   3.5400E+02   1.0707E+00
   3.5500E+02   1.1260E+00
   3.5600E+02   1.1718E+00
   3.5700E+02   1.2126E+00
   3.5800E+02   1.2164E+00
   3.5900E+02   1.1586E+00
   3.6000E+02   1.1586E+00
   3.6100E+02   1.1315E+00
   3.6200E+02   1.1612E+00
   3.6300E+02   1.2453E+00
   3.6400E+02   1.3195E+00
   3.6500E+02   1.3971E+00
   3.6600E+02   1.4144E+00
   3.6700E+02   1.3860E+00
   3.6800E+02   1.2953E+00
   3.6900E+02   1.2530E+00
   3.7000E+02   1.2577E+00
   3.7100E+02   1.3253E+00
   3.7200E+02   1.4162E+00
   3.7300E+02   1.5172E+00
   3.7400E+02   1.5861E+00
   3.7500E+02   1.6242E+00
   3.7600E+02   1.6324E+00
   3.7700E+02   1.6438E+00
   3.7800E+02   1.6484E+00
   3.7900E+02   1.6468E+00
   3.8000E+02   1.6355E+00
   3.8100E+02   1.5904E+00
   3.8200E+02   1.4918E+00
   3.8300E+02   1.4272E+00
   3.8400E+02   1.3166E+00
   3.8500E+02   1.2115E+00
   3.8600E+02   1.1500E+00
   3.8700E+02   1.1082E+00
   3.8800E+02   1.0809E+00
   3.8900E+02   1.0789E+00
   3.9000E+02   1.1160E+00
   3.9100E+02   1.1547E+00
   3.9200E+02   1.1869E+00
   3.9300E+02   1.1964E+00
   3.9400E+02   1.1769E+00
   3.9500E+02   1.1383E+00
   3.9600E+02   1.1037E+00
   3.9700E+02   1.1223E+00
   3.9800E+02   1.1824E+00
   3.9900E+02   1.2673E+00
   4.0000E+02   1.3176E+00
   4.0100E+02   1.3061E+00
   4.0200E+02   1.2175E+00
   4.0300E+02   1.0624E+00
   4.0400E+02   9.5992E-01
   4.0500E+02   9.3594E-01
   4.0500E+02   1.0000E+00
   4.0500E+02   9.3529E-01
   4.0600E+02   1.0001E+00
   4.0700E+02   1.1596E+00
   4.0800E+02   1.2785E+00
   4.0900E+02   1.3417E+00
   4.1000E+02   1.3401E+00
   4.1100E+02   1.2860E+00
   4.1200E+02   1.2553E+00
   4.1300E+02   1.2432E+00
   4.1400E+02   1.2570E+00
   4.1500E+02   1.3124E+00
   4.1600E+02   1.3500E+00
   4.1600E+02   1.0000E+00
   4.1600E+02   1.3486E+00
   4.1700E+02   1.4175E+00
   4.1800E+02   1.5040E+00
   4.1900E+02   1.5819E+00
   4.2000E+02   1.6083E+00
   4.2100E+02   1.5758E+00
   4.2200E+02   1.4670E+00
   4.2300E+02   1.3868E+00
   4.2400E+02   1.3015E+00
   4.2500E+02   1.2519E+00
   4.2600E+02   1.2483E+00
   4.2700E+02   1.2698E+00
   4.2800E+02   1.2997E+00
   4.2900E+02   1.3421E+00
   4.3000E+02   1.3793E+00
   4.3100E+02   1.4183E+00
   4.3200E+02   1.4161E+00
   4.3300E+02   1.3845E+00
   4.3400E+02   1.3095E+00
   4.3500E+02   1.2331E+00
   4.3600E+02   1.1458E+00
   4.3700E+02   1.0941E+00
   4.3800E+02   1.0207E+00
   4.3800E+02   1.0000E+00
   4.3800E+02   1.0365E+00
   4.3800E+02   1.0000E+00
   4.3800E+02   1.0365E+00
   4.3800E+02   1.0000E+00
   4.3800E+02   1.0365E+00
   4.3800E+02   1.0000E+00
   4.3800E+02   1.0365E+00
   4.3800E+02   1.0000E+00
   4.3800E+02   1.0365E+00
   4.3800E+02   1.0000E+00
   4.3800E+02   1.0365E+00
   4.3900E+02   9.7941E-01
   4.3900E+02   1.0000E+00
   4.3900E+02   9.7941E-01
   4.4000E+02   9.1638E-01
   4.4000E+02   1.0000E+00
   4.4000E+02   9.1638E-01
   4.4100E+02   8.3095E-01
   4.4200E+02   7.6827E-01
   4.4300E+02   7.5568E-01
   4.4400E+02   8.3747E-01
   4.4400E+02   1.0000E+00
   4.4400E+02   8.0637E-01
   4.4500E+02   9.4901E-01
   4.4600E+02   1.1684E+00
   4.4700E+02   1.3395E+00
   4.4800E+02   1.3785E+00
   4.4900E+02   1.3160E+00
   4.5000E+02   1.1745E+00
   4.5100E+02   1.0573E+00
   4.5200E+02   9.7440E-01
   4.5300E+02   9.3583E-01
   4.5400E+02   9.4659E-01
   4.5500E+02   9.8218E-01
   4.5500E+02   1.0000E+00
   4.5500E+02   9.7403E-01
   4.5500E+02   1.0000E+00
   4.5500E+02   1.0000E+00
   4.5500E+02   9.7403E-01
   4.5500E+02   1.0000E+00
   4.5500E+02   9.7403E-01
   4.5500E+02   1.0000E+00
   4.5500E+02   9.7403E-01
   4.5500E+02   1.0000E+00
   4.5500E+02   9.7403E-01
   4.5600E+02   9.9857E-01
   4.5600E+02   1.0000E+00
   4.5600E+02   1.0200E+00
   4.5700E+02   1.0827E+00
   4.5700E+02   1.0000E+00
   4.5700E+02   1.0827E+00
   4.5800E+02   1.1581E+00
   4.5900E+02   1.2133E+00
   4.6000E+02   1.2280E+00
   4.6100E+02   1.2155E+00
   4.6200E+02   1.1890E+00
   4.6300E+02   1.1822E+00
   4.6400E+02   1.1974E+00
   4.6500E+02   1.2144E+00
   4.6600E+02   1.2716E+00
   4.6700E+02   1.3650E+00
   4.6700E+02   1.0000E+00
   4.6700E+02   1.3235E+00
   4.6800E+02   1.4109E+00
   4.6900E+02   1.5131E+00
   4.7000E+02   1.5980E+00
   4.7100E+02   1.5760E+00
   4.7200E+02   1.4551E+00
   4.7300E+02   1.2425E+00
   4.7400E+02   1.0082E+00
   4.7500E+02   8.8575E-01
   4.7600E+02   8.8708E-01
   4.7600E+02   1.0000E+00
   4.7600E+02   8.7634E-01
   4.7700E+02   9.9313E-01
   4.7800E+02   1.1167E+00
   4.7900E+02   1.1949E+00
   4.8000E+02   1.2258E+00
   4.8100E+02   1.2104E+00
   4.8200E+02   1.1646E+00
   4.8300E+02   1.1271E+00
   4.8400E+02   1.0402E+00
   4.8400E+02   1.0000E+00
   4.8400E+02   1.0692E+00
   4.8400E+02   1.0000E+00
   4.8400E+02   1.0692E+00
   4.8400E+02   1.0000E+00
   4.8400E+02   1.0000E+00
   4.8400E+02   1.0692E+00
   4.8400E+02   1.0000E+00
   4.8400E+02   1.0692E+00
   4.8400E+02   1.0000E+00
   4.8400E+02   1.0692E+00
   4.8400E+02   1.0000E+00
   4.8400E+02   1.0692E+00
   4.8400E+02   1.0000E+00
   4.8400E+02   1.0692E+00
