   0.0000E+00   1.0000E+00
   0.0000E+00   6.8444E-01
   1.0000E+00   6.8631E-01
   2.0000E+00   7.3928E-01
   3.0000E+00   7.5703E-01
   4.0000E+00   7.4001E-01
   5.0000E+00   7.0526E-01
   6.0000E+00   6.7080E-01
   7.0000E+00   6.2634E-01
   8.0000E+00   5.8569E-01
   9.0000E+00   5.4647E-01
   1.0000E+01   5.2115E-01
   1.1000E+01   5.0513E-01
   1.2000E+01   5.0043E-01
   1.3000E+01   4.9157E-01
   1.4000E+01   4.6679E-01
   1.5000E+01   4.3366E-01
   1.6000E+01   3.8798E-01
   1.7000E+01   3.7009E-01
   1.8000E+01   3.9077E-01
   1.9000E+01   4.4947E-01
   2.0000E+01   5.4385E-01
   2.1000E+01   6.2892E-01
   2.2000E+01   6.9368E-01
   2.3000E+01   7.3221E-01
   2.4000E+01   7.4928E-01
   2.5000E+01   7.4785E-01
   2.6000E+01   7.2892E-01
   2.7000E+01   6.9115E-01
   2.8000E+01   6.4344E-01
   2.9000E+01   6.4144E-01
   3.0000E+01   6.8581E-01
   3.1000E+01   7.6468E-01
   3.2000E+01   8.7610E-01
   3.3000E+01   9.4520E-01
   3.4000E+01   9.5847E-01
   3.5000E+01   9.2352E-01
   3.6000E+01   8.5421E-01
   3.7000E+01   8.1258E-01
   3.8000E+01   7.9493E-01
   3.9000E+01   8.0345E-01
   4.0000E+01   8.2252E-01
   4.1000E+01   8.2299E-01
   4.2000E+01   8.0371E-01
   4.3000E+01   7.6713E-01
   4.4000E+01   7.4723E-01
   4.5000E+01   7.8911E-01
   4.6000E+01   8.9516E-01
   4.7000E+01   1.0604E+00
   4.8000E+01   1.2297E+00
   4.9000E+01   1.3373E+00
   5.0000E+01   1.3861E+00
   5.1000E+01   1.3772E+00
   5.2000E+01   1.3617E+00
   5.3000E+01   1.3739E+00
   5.4000E+01   1.4109E+00
   5.5000E+01   1.4800E+00
   5.6000E+01   1.5358E+00
   5.7000E+01   1.5740E+00
   5.8000E+01   1.5909E+00
   5.9000E+01   1.5851E+00
   6.0000E+01   1.5181E+00
   6.1000E+01   1.3785E+00
   6.2000E+01   1.1607E+00
   6.3000E+01   8.8273E-01
   6.4000E+01   6.8388E-01
   6.5000E+01   5.9470E-01
   6.6000E+01   6.1958E-01
   6.7000E+01   7.3898E-01
   6.8000E+01   8.4793E-01
   6.9000E+01   9.3354E-01
   7.0000E+01   9.8886E-01
   7.1000E+01   1.0227E+00
   7.2000E+01   1.0690E+00
   7.3000E+01   1.1326E+00
   7.4000E+01   1.2140E+00
   7.5000E+01   1.2902E+00
   7.6000E+01   1.3039E+00
   7.7000E+01   1.2474E+00
   7.8000E+01   1.1281E+00
   7.9000E+01   9.7814E-01
   8.0000E+01   8.7745E-01
   8.1000E+01   8.3521E-01
   8.2000E+01   8.4679E-01
   8.3000E+01   8.9657E-01
   8.4000E+01   9.3949E-01
   8.5000E+01   9.8370E-01
   8.6000E+01   1.0264E+00
   8.7000E+01   1.0682E+00
   8.8000E+01   1.0943E+00
   8.9000E+01   1.1162E+00
   9.0000E+01   1.1274E+00
   9.1000E+01   1.1233E+00
   9.2000E+01   1.1002E+00
   9.3000E+01   1.0572E+00
   9.4000E+01   9.9610E-01
   9.5000E+01   9.4345E-01
   9.6000E+01   9.2495E-01
   9.7000E+01   9.3612E-01
   9.8000E+01   9.7675E-01
   9.9000E+01   1.0373E+00
   1.0000E+02   1.1148E+00
   1.0100E+02   1.2065E+00
   1.0200E+02   1.3140E+00
   1.0300E+02   1.3987E+00
   1.0400E+02   1.4574E+00
   1.0500E+02   1.4849E+00
   1.0600E+02   1.4852E+00
   1.0700E+02   1.4789E+00
   1.0800E+02   1.4710E+00
   1.0900E+02   1.4600E+00
   1.1000E+02   1.4546E+00
   1.1100E+02   1.4556E+00
   1.1200E+02   1.4681E+00
   1.1300E+02   1.4824E+00
   1.1400E+02   1.5000E+00
   1.1500E+02   1.4876E+00
   1.1600E+02   1.4394E+00
   1.1700E+02   1.3588E+00
   1.1800E+02   1.2502E+00
   1.1900E+02   1.1446E+00
   1.2000E+02   1.0434E+00
   1.2100E+02   9.4296E-01
   1.2200E+02   8.6385E-01
   1.2300E+02   8.3629E-01
   1.2400E+02   8.6364E-01
   1.2500E+02   9.4365E-01
   1.2600E+02   1.0368E+00
   1.2700E+02   1.0958E+00
   1.2800E+02   1.1159E+00
   1.2900E+02   1.0965E+00
   1.3000E+02   1.0658E+00
   1.3100E+02   1.0433E+00
   1.3200E+02   1.0308E+00
   1.3300E+02   1.0281E+00
   1.3400E+02   1.0160E+00
   1.3500E+02   9.8701E-01
   1.3600E+02   9.3718E-01
   1.3700E+02   8.6708E-01
   1.3800E+02   8.0919E-01
   1.3900E+02   7.7545E-01
   1.4000E+02   7.6493E-01
   1.4100E+02   7.7523E-01
   1.4200E+02   7.7302E-01
   1.4300E+02   7.4852E-01
   1.4400E+02   7.0104E-01
   1.4500E+02   6.2840E-01
   1.4500E+02   1.0000E+00
   1.4500E+02   6.3232E-01
   1.4600E+02   5.6215E-01
   1.4700E+02   5.0141E-01
   1.4800E+02   4.5619E-01
   1.4900E+02   4.2897E-01
   1.5000E+02   4.2375E-01
   1.5100E+02   4.4431E-01
   1.5200E+02   4.9156E-01
   1.5300E+02   5.5517E-01
   1.5400E+02   6.1064E-01
   1.5500E+02   6.5675E-01
   1.5600E+02   6.8132E-01
   1.5700E+02   7.1537E-01
   1.5800E+02   7.9418E-01
   1.5900E+02   9.0762E-01
   1.6000E+02   1.0716E+00
   1.6100E+02   1.2676E+00
   1.6200E+02   1.3784E+00
   1.6300E+02   1.4141E+00
   1.6400E+02   1.3830E+00
   1.6500E+02   1.3078E+00
   1.6600E+02   1.2640E+00
   1.6700E+02   1.2436E+00
   1.6800E+02   1.2495E+00
   1.6900E+02   1.2468E+00
   1.7000E+02   1.2085E+00
   1.7100E+02   1.1497E+00
   1.7200E+02   1.1059E+00
   1.7300E+02   1.0285E+00
   1.7400E+02   9.9461E-01
   1.7500E+02   9.6618E-01
   1.7600E+02   9.6243E-01
   1.7700E+02   9.6541E-01
   1.7800E+02   9.6773E-01
   1.7900E+02   9.6982E-01
   1.8000E+02   9.7520E-01
   1.8100E+02   9.8544E-01
   1.8100E+02   1.0000E+00
   1.8100E+02   9.8295E-01
   1.8100E+02   1.0000E+00
   1.8100E+02   9.8295E-01
   1.8100E+02   1.0000E+00
   1.8100E+02   9.8295E-01
   1.8100E+02   1.0000E+00
   1.8100E+02   9.8295E-01
   1.8200E+02   1.0098E+00
   1.8300E+02   1.0497E+00
   1.8400E+02   1.0992E+00
   1.8500E+02   1.1193E+00
   1.8600E+02   1.1011E+00
   1.8600E+02   1.0000E+00
   1.8600E+02   1.1042E+00
   1.8700E+02   1.0439E+00
   1.8700E+02   1.0000E+00
   1.8700E+02   1.0509E+00
   1.8800E+02   9.6625E-01
   1.8900E+02   9.4371E-01
   1.9000E+02   9.9354E-01
   1.9100E+02   1.1287E+00
   1.9200E+02   1.3053E+00
   1.9300E+02   1.4340E+00
   1.9400E+02   1.5170E+00
   1.9500E+02   1.5425E+00
   1.9600E+02   1.5218E+00
   1.9700E+02   1.5078E+00
   1.9800E+02   1.4894E+00
   1.9900E+02   1.4707E+00
   2.0000E+02   1.4678E+00
   2.0100E+02   1.4700E+00
   2.0200E+02   1.4911E+00
   2.0300E+02   1.5192E+00
   2.0400E+02   1.5289E+00
   2.0500E+02   1.5399E+00
   2.0600E+02   1.5367E+00
   2.0700E+02   1.5176E+00
   2.0800E+02   1.4832E+00
   2.0900E+02   1.4188E+00
   2.1000E+02   1.3121E+00
   2.1100E+02   1.1671E+00
   2.1200E+02   1.0269E+00
   2.1300E+02   9.2041E-01
   2.1400E+02   8.1267E-01
   2.1500E+02   7.4360E-01
   2.1600E+02   7.1268E-01
   2.1700E+02   7.4747E-01
   2.1800E+02   8.4097E-01
   2.1900E+02   9.3093E-01
   2.1900E+02   1.0000E+00
   2.1900E+02   9.2843E-01
   2.2000E+02   1.0670E+00
   2.2100E+02   1.1714E+00
   2.2200E+02   1.2535E+00
   2.2300E+02   1.3094E+00
   2.2400E+02   1.3295E+00
   2.2500E+02   1.3134E+00
   2.2600E+02   1.2530E+00
   2.2700E+02   1.1675E+00
   2.2800E+02   1.0817E+00
   2.2900E+02   1.0436E+00
   2.3000E+02   1.0290E+00
   2.3100E+02   1.0355E+00
   2.3200E+02   1.0386E+00
   2.3300E+02   1.0203E+00
   2.3400E+02   1.0003E+00
   2.3400E+02   1.0000E+00
   2.3400E+02   1.0160E+00
   2.3400E+02   1.0000E+00
   2.3400E+02   1.0160E+00
   2.3400E+02   1.0000E+00
   2.3400E+02   1.0160E+00
   2.3400E+02   1.0000E+00
   2.3400E+02   1.0160E+00
   2.3400E+02   1.0000E+00
   2.3400E+02   1.0160E+00
   2.3500E+02   9.9086E-01
   2.3600E+02   9.6422E-01
   2.3700E+02   9.3727E-01
   2.3800E+02   9.1057E-01
   2.3900E+02   8.9503E-01
   2.4000E+02   8.7799E-01
   2.4100E+02   8.6305E-01
   2.4200E+02   8.4607E-01
   2.4300E+02   8.4042E-01
   2.4400E+02   8.1773E-01
   2.4400E+02   1.0000E+00
   2.4400E+02   8.1773E-01
   2.4500E+02   7.7547E-01
   2.4600E+02   7.1827E-01
   2.4700E+02   6.8846E-01
   2.4800E+02   6.2761E-01
   2.4800E+02   1.0000E+00
   2.4800E+02   6.4784E-01
   2.4800E+02   1.0000E+00
   2.4800E+02   6.4784E-01
   2.4800E+02   1.0000E+00
   2.4800E+02   6.4784E-01
   2.4800E+02   1.0000E+00
   2.4800E+02   6.4784E-01
   2.4900E+02   6.0245E-01
   2.4900E+02   1.0000E+00
   2.4900E+02   6.0427E-01
   2.5000E+02   5.5756E-01
   2.5100E+02   5.4452E-01
   2.5200E+02   5.7926E-01
   2.5200E+02   1.0000E+00
   2.5200E+02   5.6657E-01
   2.5300E+02   6.3868E-01
   2.5400E+02   7.7999E-01
   2.5500E+02   8.5809E-01
   2.5600E+02   9.0130E-01
   2.5700E+02   8.6666E-01
   2.5800E+02   8.0415E-01
   2.5900E+02   7.6004E-01
   2.6000E+02   7.7760E-01
   2.6100E+02   8.3289E-01
   2.6200E+02   9.5946E-01
   2.6300E+02   1.0561E+00
   2.6400E+02   1.0912E+00
   2.6500E+02   1.0546E+00
   2.6500E+02   1.0000E+00
   2.6500E+02   1.0646E+00
   2.6600E+02   9.8004E-01
   2.6700E+02   9.3297E-01
   2.6800E+02   9.5975E-01
   2.6900E+02   1.0489E+00
   2.7000E+02   1.1910E+00
   2.7100E+02   1.3023E+00
   2.7200E+02   1.3372E+00
   2.7300E+02   1.2983E+00
   2.7400E+02   1.2446E+00
   2.7500E+02   1.2130E+00
   2.7600E+02   1.2554E+00
   2.7700E+02   1.3593E+00
   2.7800E+02   1.4040E+00
   2.7900E+02   1.4369E+00
   2.8000E+02   1.3940E+00
   2.8100E+02   1.2632E+00
   2.8200E+02   1.0978E+00
   2.8300E+02   1.0038E+00
   2.8400E+02   9.7374E-01
   2.8500E+02   1.0163E+00
   2.8600E+02   1.0925E+00
   2.8700E+02   1.1561E+00
   2.8800E+02   1.2068E+00
   2.8900E+02   1.2175E+00
   2.9000E+02   1.2076E+00
   2.9100E+02   1.1389E+00
   2.9200E+02   1.0802E+00
   2.9200E+02   1.0000E+00
   2.9200E+02   1.0986E+00
   2.9200E+02   1.0000E+00
   2.9200E+02   1.0000E+00
   2.9200E+02   1.0000E+00
   2.9200E+02   1.0986E+00
   2.9200E+02   1.0000E+00
   2.9200E+02   1.0986E+00
   2.9200E+02   1.0000E+00
   2.9200E+02   1.0986E+00
   2.9300E+02   1.0019E+00
   2.9300E+02   1.0000E+00
   2.9300E+02   9.9162E-01
   2.9400E+02   9.0238E-01
   2.9400E+02   1.0000E+00
   2.9400E+02   9.0238E-01
   2.9500E+02   8.9317E-01
   2.9600E+02   9.7221E-01
   2.9600E+02   1.0000E+00
   2.9600E+02   9.5146E-01
   2.9700E+02   1.0964E+00
   2.9800E+02   1.2110E+00
   2.9900E+02   1.2294E+00
   3.0000E+02   1.1660E+00
   3.0000E+02   1.0000E+00
   3.0000E+02   1.1706E+00
   3.0100E+02   1.0053E+00
   3.0200E+02   8.8569E-01
   3.0300E+02   8.6841E-01
   3.0400E+02   9.8363E-01
   3.0400E+02   1.0000E+00
   3.0400E+02   9.4741E-01
   3.0500E+02   1.1326E+00
   3.0600E+02   1.2961E+00
   3.0700E+02   1.3999E+00
   3.0800E+02   1.4417E+00
   3.0900E+02   1.4130E+00
   3.1000E+02   1.3577E+00
   3.1100E+02   1.2265E+00
   3.1200E+02   1.0589E+00
   3.1300E+02   8.9011E-01
   3.1400E+02   7.4205E-01
   3.1500E+02   6.4921E-01
   3.1600E+02   6.2001E-01
   3.1700E+02   6.4238E-01
   3.1800E+02   6.6221E-01
   3.1900E+02   6.8588E-01
   3.2000E+02   7.1702E-01
   3.2100E+02   7.2221E-01
   3.2200E+02   7.0659E-01
   3.2300E+02   6.6170E-01
   3.2300E+02   1.0000E+00
   3.2300E+02   6.7628E-01
   3.2400E+02   6.0372E-01
   3.2400E+02   1.0000E+00
   3.2400E+02   6.1220E-01
   3.2500E+02   5.3300E-01
   3.2600E+02   4.9303E-01
   3.2700E+02   4.8490E-01
   3.2800E+02   5.2007E-01
   3.2900E+02   5.6728E-01
   3.2900E+02   1.0000E+00
   3.2900E+02   5.5602E-01
   3.2900E+02   1.0000E+00
   3.2900E+02   1.0000E+00
   3.2900E+02   1.0000E+00
   3.2900E+02   5.5602E-01
   3.2900E+02   1.0000E+00
   3.2900E+02   5.5602E-01
   3.2900E+02   1.0000E+00
   3.2900E+02   5.5602E-01
   3.3000E+02   5.9952E-01
   3.3000E+02   1.0000E+00
   3.3000E+02   6.0234E-01
   3.3100E+02   6.4704E-01
   3.3100E+02   1.0000E+00
   3.3100E+02   6.4704E-01
   3.3200E+02   6.9754E-01
   3.3300E+02   7.4890E-01
   3.3400E+02   8.1744E-01
   3.3500E+02   9.2116E-01
   3.3600E+02   9.6794E-01
   3.3600E+02   1.0000E+00
   3.3600E+02   9.5107E-01
   3.3700E+02   1.0362E+00
   3.3800E+02   1.1083E+00
   3.3900E+02   1.1464E+00
   3.4000E+02   1.1816E+00
   3.4100E+02   1.1852E+00
   3.4200E+02   1.1614E+00
   3.4300E+02   1.1244E+00
   3.4400E+02   1.0456E+00
   3.4500E+02   1.0237E+00
   3.4600E+02   1.0755E+00
   3.4700E+02   1.1811E+00
   3.4800E+02   1.3428E+00
   3.4900E+02   1.4399E+00
   3.5000E+02   1.4715E+00
   3.5100E+02   1.4001E+00
   3.5100E+02   1.0000E+00
   3.5100E+02   1.4287E+00
   3.5200E+02   1.3031E+00
   3.5300E+02   1.2035E+00
   3.5400E+02   1.1644E+00
   3.5500E+02   1.1728E+00
   3.5600E+02   1.1914E+00
   3.5700E+02   1.1712E+00
   3.5800E+02   1.0714E+00
   3.5800E+02   1.0000E+00
   3.5800E+02   1.1078E+00
   3.5900E+02   9.8034E-01
   3.6000E+02   7.9930E-01
   3.6100E+02   6.9778E-01
   3.6200E+02   6.6267E-01
   3.6300E+02   6.8570E-01
   3.6400E+02   7.4652E-01
   3.6500E+02   8.2006E-01
   3.6600E+02   9.0951E-01
   3.6600E+02   1.0000E+00
   3.6600E+02   9.0624E-01
   3.6600E+02   1.0000E+00
   3.6600E+02   9.0624E-01
   3.6600E+02   1.0000E+00
   3.6600E+02   1.0000E+00
   3.6600E+02   9.0624E-01
   3.6600E+02   1.0000E+00
   3.6600E+02   9.0624E-01
   3.6600E+02   1.0000E+00
   3.6600E+02   9.0624E-01
   3.6700E+02   1.0131E+00
   3.6700E+02   1.0000E+00
   3.6700E+02   1.0131E+00
   3.6800E+02   1.1203E+00
   3.6800E+02   1.0000E+00
   3.6800E+02   1.1203E+00
   3.6900E+02   1.2021E+00
   3.7000E+02   1.2418E+00
   3.7100E+02   1.2413E+00
   3.7200E+02   1.1894E+00
   3.7300E+02   1.1402E+00
   3.7300E+02   1.0000E+00
   3.7300E+02   1.1500E+00
   3.7400E+02   1.0230E+00
   3.7500E+02   9.0253E-01
   3.7600E+02   7.7880E-01
   3.7700E+02   7.7689E-01
   3.7800E+02   8.5388E-01
   3.7900E+02   1.0362E+00
   3.8000E+02   1.2492E+00
   3.8100E+02   1.3858E+00
   3.8200E+02   1.4582E+00
   3.8300E+02   1.4904E+00
   3.8400E+02   1.5002E+00
   3.8500E+02   1.5018E+00
   3.8600E+02   1.4918E+00
   3.8700E+02   1.4633E+00
   3.8800E+02   1.4358E+00
   3.8900E+02   1.3742E+00
   3.9000E+02   1.2834E+00
   3.9100E+02   1.1587E+00
   3.9200E+02   1.0352E+00
   3.9200E+02   1.0000E+00
   3.9200E+02   1.0508E+00
   3.9300E+02   9.0182E-01
   3.9400E+02   7.0882E-01
   3.9500E+02   5.5494E-01
   3.9600E+02   4.4419E-01
   3.9700E+02   4.3654E-01
   3.9800E+02   5.0192E-01
   3.9800E+02   1.0000E+00
   3.9800E+02   4.8474E-01
   3.9900E+02   6.1221E-01
   4.0000E+02   7.2992E-01
   4.0100E+02   7.9324E-01
   4.0200E+02   8.3913E-01
   4.0300E+02   8.4943E-01
   4.0400E+02   8.5712E-01
   4.0500E+02   8.6230E-01
   4.0600E+02   8.6497E-01
   4.0700E+02   8.6927E-01
   4.0800E+02   8.8253E-01
   4.0900E+02   9.0750E-01
   4.1000E+02   9.2713E-01
   4.1100E+02   9.5391E-01
   4.1200E+02   9.5271E-01
   4.1300E+02   9.1898E-01
   4.1400E+02   8.5956E-01
   4.1500E+02   8.2902E-01
   4.1600E+02   8.1510E-01
   4.1700E+02   8.3448E-01
   4.1800E+02   8.7014E-01
   4.1900E+02   8.8648E-01
   4.2000E+02   8.8831E-01
   4.2100E+02   8.5103E-01
   4.2200E+02   8.1036E-01
   4.2300E+02   7.8281E-01
   4.2400E+02   7.3368E-01
   4.2500E+02   7.2236E-01
   4.2600E+02   7.1693E-01
   4.2700E+02   7.1906E-01
