   0.0000E+00   1.0000E+00
   0.0000E+00   9.9182E-01
   1.0000E+00   9.9109E-01
   2.0000E+00   9.8658E-01
   3.0000E+00   9.9152E-01
   4.0000E+00   1.0047E+00
   5.0000E+00   1.0273E+00
   6.0000E+00   1.0583E+00
   7.0000E+00   1.0996E+00
   8.0000E+00   1.1423E+00
   9.0000E+00   1.1531E+00
   1.0000E+01   1.1328E+00
   1.1000E+01   1.0802E+00
   1.2000E+01   1.0012E+00
   1.3000E+01   9.1466E-01
   1.4000E+01   8.2000E-01
   1.5000E+01   7.2395E-01
   1.6000E+01   6.4385E-01
   1.7000E+01   6.4659E-01
   1.8000E+01   7.2580E-01
   1.9000E+01   8.8630E-01
   2.0000E+01   1.0797E+00
   2.1000E+01   1.2259E+00
   2.2000E+01   1.3249E+00
   2.3000E+01   1.3804E+00
   2.4000E+01   1.3939E+00
   2.5000E+01   1.3734E+00
   2.6000E+01   1.3252E+00
   2.7000E+01   1.2418E+00
   2.8000E+01   1.1732E+00
   2.9000E+01   1.1630E+00
   3.0000E+01   1.2074E+00
   3.1000E+01   1.3005E+00
   3.2000E+01   1.3888E+00
   3.3000E+01   1.4282E+00
   3.4000E+01   1.4222E+00
   3.5000E+01   1.3750E+00
   3.6000E+01   1.3451E+00
   3.7000E+01   1.3562E+00
   3.8000E+01   1.4077E+00
   3.9000E+01   1.4996E+00
   4.0000E+01   1.5764E+00
   4.1000E+01   1.6257E+00
   4.2000E+01   1.6527E+00
   4.3000E+01   1.6545E+00
   4.4000E+01   1.6419E+00
   4.5000E+01   1.6166E+00
   4.6000E+01   1.5789E+00
   4.7000E+01   1.5298E+00
   4.8000E+01   1.4924E+00
   4.9000E+01   1.4566E+00
   5.0000E+01   1.4367E+00
   5.1000E+01   1.4255E+00
   5.2000E+01   1.4323E+00
   5.3000E+01   1.4602E+00
   5.4000E+01   1.5076E+00
   5.5000E+01   1.5608E+00
   5.6000E+01   1.5946E+00
   5.7000E+01   1.6109E+00
   5.8000E+01   1.6053E+00
   5.9000E+01   1.5909E+00
   6.0000E+01   1.5837E+00
   6.1000E+01   1.5835E+00
   6.2000E+01   1.5898E+00
   6.3000E+01   1.5806E+00
   6.4000E+01   1.5243E+00
   6.5000E+01   1.4211E+00
   6.6000E+01   1.2783E+00
   6.7000E+01   1.1206E+00
   6.8000E+01   9.8803E-01
   6.9000E+01   8.7232E-01
   7.0000E+01   7.7625E-01
   7.1000E+01   7.3293E-01
   7.2000E+01   7.5358E-01
   7.3000E+01   8.4128E-01
   7.4000E+01   9.9439E-01
   7.5000E+01   1.1139E+00
   7.6000E+01   1.1669E+00
   7.7000E+01   1.1476E+00
   7.8000E+01   1.0600E+00
   7.9000E+01   1.0061E+00
   8.0000E+01   1.0128E+00
   8.1000E+01   1.0792E+00
   8.2000E+01   1.1935E+00
   8.3000E+01   1.2583E+00
   8.4000E+01   1.2465E+00
   8.5000E+01   1.1592E+00
   8.6000E+01   1.0098E+00
   8.7000E+01   9.1875E-01
   8.8000E+01   9.0042E-01
   8.9000E+01   9.5816E-01
   9.0000E+01   1.0629E+00
   9.1000E+01   1.1078E+00
   9.2000E+01   1.0752E+00
   9.3000E+01   9.7028E-01
   9.4000E+01   8.2046E-01
   9.5000E+01   7.1682E-01
   9.6000E+01   6.6977E-01
   9.7000E+01   6.8116E-01
   9.8000E+01   7.2618E-01
   9.9000E+01   7.5032E-01
   1.0000E+02   7.5902E-01
   1.0100E+02   7.4425E-01
   1.0200E+02   7.2836E-01
   1.0300E+02   7.1658E-01
   1.0400E+02   7.1019E-01
   1.0500E+02   7.1015E-01
   1.0600E+02   7.2766E-01
   1.0700E+02   7.7813E-01
   1.0800E+02   8.6206E-01
   1.0900E+02   9.8055E-01
   1.1000E+02   1.0709E+00
   1.1100E+02   1.0850E+00
   1.1200E+02   1.0262E+00
   1.1300E+02   8.8811E-01
   1.1400E+02   7.5508E-01
   1.1500E+02   6.5951E-01
   1.1600E+02   6.0864E-01
   1.1700E+02   5.9739E-01
   1.1800E+02   5.9656E-01
   1.1900E+02   5.9171E-01
   1.2000E+02   5.8674E-01
   1.2100E+02   5.7902E-01
   1.2200E+02   5.8573E-01
   1.2300E+02   6.0773E-01
   1.2400E+02   6.4883E-01
   1.2500E+02   7.1085E-01
   1.2600E+02   8.0681E-01
   1.2700E+02   9.3529E-01
   1.2800E+02   1.0992E+00
   1.2900E+02   1.2880E+00
   1.3000E+02   1.3848E+00
   1.3100E+02   1.3795E+00
   1.3200E+02   1.2758E+00
   1.3300E+02   1.1014E+00
   1.3400E+02   9.7318E-01
   1.3500E+02   8.9959E-01
   1.3600E+02   8.8196E-01
   1.3700E+02   9.0239E-01
   1.3800E+02   9.0671E-01
   1.3900E+02   8.9430E-01
   1.3900E+02   1.0000E+00
   1.3900E+02   8.9537E-01
   1.4000E+02   8.6232E-01
   1.4100E+02   8.5024E-01
   1.4200E+02   9.1058E-01
   1.4300E+02   1.0040E+00
   1.4400E+02   1.2036E+00
   1.4500E+02   1.3568E+00
   1.4600E+02   1.4244E+00
   1.4700E+02   1.3844E+00
   1.4800E+02   1.2376E+00
   1.4900E+02   1.0356E+00
   1.5000E+02   9.2536E-01
   1.5100E+02   8.2394E-01
   1.5200E+02   7.5339E-01
   1.5300E+02   7.2973E-01
   1.5400E+02   7.2850E-01
   1.5500E+02   7.5393E-01
   1.5600E+02   8.0973E-01
   1.5700E+02   8.6561E-01
   1.5800E+02   9.1354E-01
   1.5900E+02   9.4827E-01
   1.6000E+02   9.6978E-01
   1.6100E+02   9.8452E-01
   1.6200E+02   9.8609E-01
   1.6300E+02   9.7731E-01
   1.6400E+02   9.5495E-01
   1.6500E+02   9.2732E-01
   1.6600E+02   9.1670E-01
   1.6700E+02   9.0349E-01
   1.6800E+02   8.8660E-01
   1.6900E+02   8.3703E-01
   1.7000E+02   7.6123E-01
   1.7100E+02   7.0112E-01
   1.7100E+02   1.0000E+00
   1.7100E+02   7.0192E-01
   1.7200E+02   5.9504E-01
   1.7300E+02   5.2673E-01
   1.7400E+02   5.0976E-01
   1.7500E+02   5.6002E-01
   1.7500E+02   1.0000E+00
   1.7500E+02   5.3749E-01
   1.7500E+02   1.0000E+00
   1.7500E+02   1.0000E+00
   1.7500E+02   5.3749E-01
   1.7500E+02   1.0000E+00
   1.7500E+02   5.3749E-01
   1.7500E+02   1.0000E+00
   1.7500E+02   5.3749E-01
   1.7500E+02   1.0000E+00
   1.7500E+02   5.3749E-01
   1.7600E+02   5.9830E-01
   1.7600E+02   1.0000E+00
   1.7600E+02   5.9830E-01
   1.7700E+02   6.4304E-01
   1.7700E+02   1.0000E+00
   1.7700E+02   6.4304E-01
   1.7800E+02   6.6903E-01
   1.7900E+02   6.7023E-01
   1.8000E+02   6.6264E-01
   1.8100E+02   6.6595E-01
   1.8200E+02   6.8770E-01
   1.8300E+02   7.0618E-01
   1.8400E+02   7.8128E-01
   1.8500E+02   8.4000E-01
   1.8600E+02   9.1291E-01
   1.8600E+02   1.0000E+00
   1.8600E+02   8.9269E-01
   1.8700E+02   1.0063E+00
   1.8800E+02   1.1141E+00
   1.8900E+02   1.1483E+00
   1.9000E+02   1.1154E+00
   1.9100E+02   1.0243E+00
   1.9200E+02   9.5941E-01
   1.9300E+02   9.1434E-01
   1.9400E+02   9.1464E-01
   1.9500E+02   9.4969E-01
   1.9600E+02   9.7826E-01
   1.9700E+02   9.7651E-01
   1.9800E+02   9.4399E-01
   1.9900E+02   8.9422E-01
   2.0000E+02   8.9624E-01
   2.0100E+02   9.7689E-01
   2.0200E+02   1.1214E+00
   2.0300E+02   1.3349E+00
   2.0400E+02   1.5160E+00
   2.0500E+02   1.6303E+00
   2.0600E+02   1.6654E+00
   2.0700E+02   1.6345E+00
   2.0800E+02   1.5769E+00
   2.0900E+02   1.5036E+00
   2.1000E+02   1.4288E+00
   2.1100E+02   1.3733E+00
   2.1200E+02   1.2910E+00
   2.1300E+02   1.2078E+00
   2.1400E+02   1.1211E+00
   2.1500E+02   1.0634E+00
   2.1500E+02   1.0000E+00
   2.1500E+02   1.0777E+00
   2.1500E+02   1.0000E+00
   2.1500E+02   1.0000E+00
   2.1500E+02   1.0000E+00
   2.1500E+02   1.0777E+00
   2.1500E+02   1.0000E+00
   2.1500E+02   1.0777E+00
   2.1500E+02   1.0000E+00
   2.1500E+02   1.0777E+00
   2.1600E+02   1.0013E+00
   2.1600E+02   1.0000E+00
   2.1600E+02   1.0013E+00
   2.1700E+02   9.1780E-01
   2.1700E+02   1.0000E+00
   2.1700E+02   9.1780E-01
   2.1800E+02   8.0157E-01
   2.1900E+02   7.4073E-01
   2.2000E+02   7.1359E-01
   2.2100E+02   7.4141E-01
   2.2200E+02   8.5130E-01
   2.2300E+02   9.2099E-01
   2.2400E+02   9.8247E-01
   2.2400E+02   1.0000E+00
   2.2400E+02   9.7828E-01
   2.2500E+02   1.0019E+00
   2.2600E+02   9.8251E-01
   2.2700E+02   9.4860E-01
   2.2800E+02   9.4324E-01
   2.2900E+02   9.6633E-01
   2.2900E+02   1.0000E+00
   2.2900E+02   9.5533E-01
   2.3000E+02   9.9221E-01
   2.3100E+02   1.0388E+00
   2.3200E+02   1.0902E+00
   2.3300E+02   1.1389E+00
   2.3400E+02   1.1804E+00
   2.3500E+02   1.1954E+00
   2.3600E+02   1.1918E+00
   2.3700E+02   1.1752E+00
   2.3800E+02   1.1197E+00
   2.3900E+02   1.0919E+00
   2.4000E+02   1.0723E+00
   2.4100E+02   1.0832E+00
   2.4200E+02   1.0992E+00
   2.4300E+02   1.1070E+00
   2.4400E+02   1.0875E+00
   2.4500E+02   1.0623E+00
   2.4500E+02   1.0000E+00
   2.4500E+02   1.0636E+00
   2.4600E+02   1.0097E+00
   2.4600E+02   1.0000E+00
   2.4600E+02   1.0110E+00
   2.4700E+02   9.6975E-01
   2.4800E+02   9.5208E-01
   2.4900E+02   9.6111E-01
   2.5000E+02   9.8618E-01
   2.5000E+02   1.0000E+00
   2.5000E+02   9.7854E-01
   2.5000E+02   1.0000E+00
   2.5000E+02   1.0000E+00
   2.5000E+02   1.0000E+00
   2.5000E+02   9.7854E-01
   2.5000E+02   1.0000E+00
   2.5000E+02   9.7854E-01
   2.5000E+02   1.0000E+00
   2.5000E+02   9.7854E-01
   2.5100E+02   1.0010E+00
   2.5100E+02   1.0000E+00
   2.5100E+02   1.0010E+00
   2.5200E+02   1.0193E+00
   2.5200E+02   1.0000E+00
   2.5200E+02   1.0193E+00
   2.5300E+02   1.0361E+00
   2.5400E+02   1.0419E+00
   2.5500E+02   1.0323E+00
   2.5600E+02   1.0027E+00
   2.5600E+02   1.0000E+00
   2.5600E+02   1.0179E+00
   2.5600E+02   1.0000E+00
   2.5600E+02   1.0179E+00
   2.5600E+02   1.0000E+00
   2.5600E+02   1.0179E+00
   2.5600E+02   1.0000E+00
   2.5600E+02   1.0179E+00
   2.5600E+02   1.0000E+00
   2.5600E+02   1.0179E+00
   2.5600E+02   1.0000E+00
   2.5600E+02   1.0179E+00
   2.5700E+02   9.8428E-01
   2.5700E+02   1.0000E+00
   2.5700E+02   9.8428E-01
   2.5800E+02   9.4050E-01
   2.5800E+02   1.0000E+00
   2.5800E+02   9.4050E-01
   2.5900E+02   8.9349E-01
   2.6000E+02   8.5829E-01
   2.6100E+02   8.2138E-01
   2.6200E+02   8.0471E-01
   2.6300E+02   7.9092E-01
   2.6400E+02   7.7485E-01
   2.6500E+02   7.7485E-01
   2.6600E+02   7.7194E-01
   2.6700E+02   7.9026E-01
   2.6800E+02   8.1529E-01
   2.6900E+02   8.7304E-01
   2.7000E+02   9.1096E-01
   2.7100E+02   9.8057E-01
   2.7100E+02   1.0000E+00
   2.7100E+02   9.7439E-01
   2.7200E+02   1.0647E+00
   2.7300E+02   1.1785E+00
   2.7400E+02   1.2567E+00
   2.7500E+02   1.3485E+00
   2.7600E+02   1.3849E+00
   2.7700E+02   1.4138E+00
   2.7800E+02   1.4078E+00
   2.7900E+02   1.3717E+00
   2.8000E+02   1.2997E+00
   2.8100E+02   1.1794E+00
   2.8200E+02   1.1135E+00
   2.8300E+02   1.0811E+00
   2.8400E+02   1.1019E+00
   2.8500E+02   1.1628E+00
   2.8600E+02   1.2187E+00
   2.8700E+02   1.2285E+00
   2.8800E+02   1.1860E+00
   2.8900E+02   1.1536E+00
   2.9000E+02   1.1310E+00
   2.9100E+02   1.1255E+00
   2.9200E+02   1.1459E+00
   2.9300E+02   1.1765E+00
   2.9400E+02   1.2176E+00
   2.9500E+02   1.2371E+00
   2.9600E+02   1.2533E+00
   2.9700E+02   1.2551E+00
   2.9800E+02   1.2480E+00
   2.9900E+02   1.2292E+00
   3.0000E+02   1.1989E+00
   3.0100E+02   1.1849E+00
   3.0200E+02   1.1923E+00
   3.0300E+02   1.2313E+00
   3.0400E+02   1.3018E+00
   3.0500E+02   1.3821E+00
   3.0600E+02   1.4283E+00
   3.0700E+02   1.4601E+00
   3.0800E+02   1.4666E+00
   3.0900E+02   1.4394E+00
   3.1000E+02   1.3987E+00
   3.1100E+02   1.3038E+00
   3.1200E+02   1.1759E+00
   3.1300E+02   1.0516E+00
   3.1400E+02   9.4386E-01
   3.1500E+02   8.3836E-01
   3.1600E+02   7.6447E-01
   3.1700E+02   7.2159E-01
   3.1800E+02   7.1366E-01
   3.1900E+02   7.5349E-01
   3.2000E+02   8.0673E-01
   3.2100E+02   8.7546E-01
   3.2200E+02   9.4485E-01
   3.2200E+02   1.0000E+00
   3.2200E+02   9.2043E-01
   3.2200E+02   1.0000E+00
   3.2200E+02   9.2043E-01
   3.2200E+02   1.0000E+00
   3.2200E+02   1.0000E+00
   3.2200E+02   9.2043E-01
   3.2200E+02   1.0000E+00
   3.2200E+02   9.2043E-01
   3.2200E+02   1.0000E+00
   3.2200E+02   9.2043E-01
   3.2300E+02   9.9110E-01
   3.2300E+02   1.0000E+00
   3.2300E+02   9.9110E-01
   3.2300E+02   1.0000E+00
   3.2300E+02   9.9110E-01
