   0.0000E+00   1.0000E+00
   0.0000E+00   9.9010E-01
   1.0000E+00   9.8833E-01
   2.0000E+00   9.4219E-01
   3.0000E+00   9.3263E-01
   4.0000E+00   9.5910E-01
   5.0000E+00   1.0187E+00
   6.0000E+00   1.0984E+00
   7.0000E+00   1.1952E+00
   8.0000E+00   1.3071E+00
   9.0000E+00   1.4276E+00
   1.0000E+01   1.4959E+00
   1.1000E+01   1.5073E+00
   1.2000E+01   1.4613E+00
   1.3000E+01   1.3746E+00
   1.4000E+01   1.3166E+00
   1.5000E+01   1.2930E+00
   1.6000E+01   1.3052E+00
   1.7000E+01   1.3371E+00
   1.8000E+01   1.3474E+00
   1.9000E+01   1.3354E+00
   2.0000E+01   1.3005E+00
   2.1000E+01   1.2635E+00
   2.2000E+01   1.2680E+00
   2.3000E+01   1.3171E+00
   2.4000E+01   1.4042E+00
   2.5000E+01   1.5055E+00
   2.6000E+01   1.5640E+00
   2.7000E+01   1.5801E+00
   2.8000E+01   1.5557E+00
   2.9000E+01   1.5292E+00
   3.0000E+01   1.5310E+00
   3.1000E+01   1.5589E+00
   3.2000E+01   1.6153E+00
   3.3000E+01   1.6639E+00
   3.4000E+01   1.6825E+00
   3.5000E+01   1.6703E+00
   3.6000E+01   1.6264E+00
   3.7000E+01   1.5959E+00
   3.8000E+01   1.5966E+00
   3.9000E+01   1.6280E+00
   4.0000E+01   1.6860E+00
   4.1000E+01   1.7282E+00
   4.2000E+01   1.7406E+00
   4.3000E+01   1.7216E+00
   4.4000E+01   1.6762E+00
   4.5000E+01   1.6488E+00
   4.6000E+01   1.6537E+00
   4.7000E+01   1.6920E+00
   4.8000E+01   1.7485E+00
   4.9000E+01   1.7644E+00
   5.0000E+01   1.7275E+00
   5.1000E+01   1.6398E+00
   5.2000E+01   1.5166E+00
   5.3000E+01   1.4467E+00
   5.4000E+01   1.4437E+00
   5.5000E+01   1.5080E+00
   5.6000E+01   1.6090E+00
   5.7000E+01   1.6693E+00
   5.8000E+01   1.6803E+00
   5.9000E+01   1.6404E+00
   6.0000E+01   1.5739E+00
   6.1000E+01   1.5282E+00
   6.2000E+01   1.5092E+00
   6.3000E+01   1.5138E+00
   6.4000E+01   1.5360E+00
   6.5000E+01   1.5663E+00
   6.6000E+01   1.6028E+00
   6.7000E+01   1.6455E+00
   6.8000E+01   1.6784E+00
   6.9000E+01   1.6788E+00
   7.0000E+01   1.6503E+00
   7.1000E+01   1.5904E+00
   7.2000E+01   1.5052E+00
   7.3000E+01   1.4019E+00
   7.4000E+01   1.2807E+00
   7.5000E+01   1.1418E+00
   7.6000E+01   1.0298E+00
   7.7000E+01   9.8533E-01
   7.8000E+01   1.0001E+00
   7.9000E+01   1.0735E+00
   8.0000E+01   1.1506E+00
   8.1000E+01   1.2031E+00
   8.2000E+01   1.2323E+00
   8.3000E+01   1.2398E+00
   8.4000E+01   1.2564E+00
   8.5000E+01   1.2942E+00
   8.6000E+01   1.3464E+00
   8.7000E+01   1.4157E+00
   8.8000E+01   1.4801E+00
   8.9000E+01   1.5283E+00
   9.0000E+01   1.5659E+00
   9.1000E+01   1.5900E+00
   9.2000E+01   1.6053E+00
   9.3000E+01   1.6088E+00
   9.4000E+01   1.5996E+00
   9.5000E+01   1.5880E+00
   9.6000E+01   1.5689E+00
   9.7000E+01   1.5542E+00
   9.8000E+01   1.5369E+00
   9.9000E+01   1.5165E+00
   1.0000E+02   1.4989E+00
   1.0100E+02   1.4806E+00
   1.0200E+02   1.4692E+00
   1.0300E+02   1.4421E+00
   1.0400E+02   1.3740E+00
   1.0500E+02   1.2654E+00
   1.0600E+02   1.1127E+00
   1.0700E+02   9.7232E-01
   1.0800E+02   9.0467E-01
   1.0900E+02   9.2048E-01
   1.1000E+02   1.0134E+00
   1.1100E+02   1.1436E+00
   1.1200E+02   1.2631E+00
   1.1300E+02   1.3628E+00
   1.1400E+02   1.4536E+00
   1.1500E+02   1.5009E+00
   1.1600E+02   1.4910E+00
   1.1700E+02   1.4197E+00
   1.1800E+02   1.2929E+00
   1.1900E+02   1.1858E+00
   1.2000E+02   1.1436E+00
   1.2100E+02   1.1665E+00
   1.2200E+02   1.2451E+00
   1.2300E+02   1.3375E+00
   1.2400E+02   1.4243E+00
   1.2500E+02   1.5036E+00
   1.2600E+02   1.5738E+00
   1.2700E+02   1.6201E+00
   1.2800E+02   1.6378E+00
   1.2900E+02   1.6272E+00
   1.3000E+02   1.5907E+00
   1.3100E+02   1.5443E+00
   1.3200E+02   1.4990E+00
   1.3300E+02   1.4483E+00
   1.3400E+02   1.4025E+00
   1.3500E+02   1.3622E+00
   1.3600E+02   1.3265E+00
   1.3700E+02   1.3019E+00
   1.3800E+02   1.2815E+00
   1.3900E+02   1.2581E+00
   1.4000E+02   1.2329E+00
   1.4100E+02   1.2021E+00
   1.4200E+02   1.1837E+00
   1.4300E+02   1.1924E+00
   1.4400E+02   1.2324E+00
   1.4500E+02   1.3052E+00
   1.4600E+02   1.3846E+00
   1.4700E+02   1.4369E+00
   1.4800E+02   1.4566E+00
   1.4900E+02   1.4447E+00
   1.5000E+02   1.4097E+00
   1.5100E+02   1.3556E+00
   1.5200E+02   1.2820E+00
   1.5300E+02   1.1952E+00
   1.5400E+02   1.1326E+00
   1.5500E+02   1.1314E+00
   1.5600E+02   1.1957E+00
   1.5700E+02   1.3221E+00
   1.5800E+02   1.4357E+00
   1.5900E+02   1.4995E+00
   1.6000E+02   1.5106E+00
   1.6100E+02   1.4717E+00
   1.6200E+02   1.3938E+00
   1.6300E+02   1.2799E+00
   1.6400E+02   1.1383E+00
   1.6500E+02   9.6891E-01
   1.6600E+02   8.4908E-01
   1.6700E+02   8.1703E-01
   1.6800E+02   8.6426E-01
   1.6900E+02   9.8249E-01
   1.7000E+02   1.0859E+00
   1.7100E+02   1.1570E+00
   1.7200E+02   1.1882E+00
   1.7300E+02   1.1853E+00
   1.7400E+02   1.1525E+00
   1.7500E+02   1.0847E+00
   1.7600E+02   9.8522E-01
   1.7700E+02   8.6882E-01
   1.7800E+02   7.9342E-01
   1.7900E+02   7.7549E-01
   1.8000E+02   8.0758E-01
   1.8100E+02   8.7592E-01
   1.8200E+02   9.3480E-01
   1.8300E+02   9.7951E-01
   1.8400E+02   1.0101E+00
   1.8500E+02   1.0322E+00
   1.8600E+02   1.0522E+00
   1.8700E+02   1.0634E+00
   1.8800E+02   1.0767E+00
   1.8900E+02   1.0997E+00
   1.9000E+02   1.1655E+00
   1.9100E+02   1.2591E+00
   1.9200E+02   1.3949E+00
   1.9300E+02   1.5097E+00
   1.9400E+02   1.5513E+00
   1.9500E+02   1.5192E+00
   1.9600E+02   1.4108E+00
   1.9700E+02   1.3027E+00
   1.9800E+02   1.2464E+00
   1.9900E+02   1.2448E+00
   2.0000E+02   1.2918E+00
   2.0100E+02   1.3481E+00
   2.0200E+02   1.3883E+00
   2.0300E+02   1.4079E+00
   2.0400E+02   1.4117E+00
   2.0500E+02   1.4057E+00
   2.0600E+02   1.3996E+00
   2.0700E+02   1.3864E+00
   2.0800E+02   1.3702E+00
   2.0900E+02   1.3665E+00
   2.1000E+02   1.3792E+00
   2.1100E+02   1.4084E+00
   2.1200E+02   1.4512E+00
   2.1300E+02   1.4870E+00
   2.1400E+02   1.5087E+00
   2.1500E+02   1.5170E+00
   2.1600E+02   1.5116E+00
   2.1700E+02   1.4966E+00
   2.1800E+02   1.4736E+00
   2.1900E+02   1.4456E+00
   2.2000E+02   1.4056E+00
   2.2100E+02   1.3789E+00
   2.2200E+02   1.3600E+00
   2.2300E+02   1.3523E+00
   2.2400E+02   1.3438E+00
   2.2500E+02   1.3061E+00
   2.2600E+02   1.2376E+00
   2.2700E+02   1.1354E+00
   2.2800E+02   1.0457E+00
   2.2900E+02   1.0193E+00
   2.3000E+02   1.0623E+00
   2.3100E+02   1.1797E+00
   2.3200E+02   1.2983E+00
   2.3300E+02   1.3473E+00
   2.3400E+02   1.3236E+00
   2.3500E+02   1.2259E+00
   2.3600E+02   1.1296E+00
   2.3700E+02   1.0953E+00
   2.3800E+02   1.1267E+00
   2.3900E+02   1.2220E+00
   2.4000E+02   1.2996E+00
   2.4100E+02   1.2997E+00
   2.4200E+02   1.2256E+00
   2.4300E+02   1.0834E+00
   2.4400E+02   9.7537E-01
   2.4500E+02   9.5524E-01
   2.4600E+02   1.0207E+00
   2.4700E+02   1.1661E+00
   2.4800E+02   1.2835E+00
   2.4900E+02   1.3286E+00
   2.5000E+02   1.3030E+00
   2.5100E+02   1.2226E+00
   2.5200E+02   1.1671E+00
   2.5300E+02   1.1648E+00
   2.5400E+02   1.2134E+00
   2.5500E+02   1.2993E+00
   2.5600E+02   1.3480E+00
   2.5700E+02   1.3481E+00
   2.5800E+02   1.2987E+00
   2.5900E+02   1.2152E+00
   2.6000E+02   1.1705E+00
   2.6100E+02   1.1745E+00
   2.6200E+02   1.2271E+00
   2.6300E+02   1.3056E+00
   2.6400E+02   1.3432E+00
   2.6500E+02   1.3382E+00
   2.6600E+02   1.2899E+00
   2.6700E+02   1.2193E+00
   2.6800E+02   1.1897E+00
   2.6900E+02   1.1973E+00
   2.7000E+02   1.2438E+00
   2.7100E+02   1.2906E+00
   2.7200E+02   1.2833E+00
   2.7300E+02   1.2200E+00
   2.7400E+02   1.0992E+00
   2.7400E+02   1.0000E+00
   2.7400E+02   1.1014E+00
   2.7500E+02   9.8137E-01
   2.7600E+02   9.2701E-01
   2.7700E+02   9.4476E-01
   2.7700E+02   1.0000E+00
   2.7700E+02   9.4377E-01
   2.7800E+02   1.0295E+00
   2.7900E+02   1.1376E+00
   2.8000E+02   1.2366E+00
   2.8100E+02   1.3090E+00
   2.8200E+02   1.3680E+00
   2.8300E+02   1.4044E+00
   2.8400E+02   1.4347E+00
   2.8500E+02   1.4395E+00
   2.8600E+02   1.4309E+00
   2.8700E+02   1.4104E+00
   2.8800E+02   1.3767E+00
   2.8900E+02   1.3298E+00
   2.9000E+02   1.2882E+00
   2.9100E+02   1.2469E+00
   2.9200E+02   1.2184E+00
   2.9300E+02   1.2073E+00
   2.9400E+02   1.2073E+00
   2.9500E+02   1.2427E+00
   2.9600E+02   1.2899E+00
   2.9600E+02   1.0000E+00
   2.9600E+02   1.2834E+00
   2.9700E+02   1.3795E+00
   2.9800E+02   1.4806E+00
   2.9900E+02   1.5455E+00
   3.0000E+02   1.5832E+00
   3.0100E+02   1.5920E+00
   3.0200E+02   1.5805E+00
   3.0300E+02   1.5643E+00
   3.0400E+02   1.5523E+00
   3.0500E+02   1.5465E+00
   3.0600E+02   1.5410E+00
   3.0700E+02   1.5052E+00
   3.0800E+02   1.4487E+00
   3.0900E+02   1.3877E+00
   3.1000E+02   1.3130E+00
   3.1100E+02   1.2972E+00
   3.1200E+02   1.3283E+00
   3.1300E+02   1.4019E+00
   3.1400E+02   1.4961E+00
   3.1500E+02   1.5185E+00
   3.1600E+02   1.4910E+00
   3.1700E+02   1.4145E+00
   3.1800E+02   1.3417E+00
   3.1900E+02   1.3161E+00
   3.2000E+02   1.3502E+00
   3.2100E+02   1.4179E+00
   3.2200E+02   1.5062E+00
   3.2300E+02   1.5451E+00
   3.2400E+02   1.5552E+00
   3.2500E+02   1.5311E+00
   3.2600E+02   1.5152E+00
   3.2700E+02   1.5123E+00
   3.2800E+02   1.5243E+00
   3.2900E+02   1.5389E+00
   3.3000E+02   1.5535E+00
   3.3100E+02   1.5537E+00
   3.3200E+02   1.5371E+00
   3.3300E+02   1.5232E+00
   3.3400E+02   1.5117E+00
   3.3500E+02   1.5124E+00
   3.3600E+02   1.5192E+00
   3.3700E+02   1.5308E+00
   3.3800E+02   1.4962E+00
   3.3900E+02   1.4027E+00
   3.4000E+02   1.2699E+00
   3.4100E+02   1.1197E+00
   3.4200E+02   1.0272E+00
   3.4300E+02   1.0331E+00
   3.4400E+02   1.1476E+00
   3.4500E+02   1.2426E+00
   3.4600E+02   1.3366E+00
   3.4700E+02   1.3908E+00
   3.4700E+02   1.0000E+00
   3.4700E+02   1.3872E+00
   3.4800E+02   1.4012E+00
   3.4900E+02   1.3783E+00
   3.5000E+02   1.3279E+00
   3.5100E+02   1.2305E+00
   3.5200E+02   1.1301E+00
   3.5300E+02   1.0421E+00
   3.5400E+02   9.7528E-01
   3.5500E+02   9.2364E-01
   3.5600E+02   9.0658E-01
   3.5700E+02   9.4062E-01
   3.5700E+02   1.0000E+00
   3.5700E+02   9.2397E-01
   3.5700E+02   1.0000E+00
   3.5700E+02   9.2397E-01
   3.5700E+02   1.0000E+00
   3.5700E+02   9.2397E-01
   3.5700E+02   1.0000E+00
   3.5700E+02   9.2397E-01
   3.5700E+02   1.0000E+00
   3.5700E+02   9.2397E-01
   3.5700E+02   1.0000E+00
   3.5700E+02   9.2397E-01
   3.5800E+02   9.9053E-01
   3.5800E+02   1.0000E+00
   3.5800E+02   9.9053E-01
   3.5800E+02   1.0000E+00
   3.5800E+02   9.9053E-01
