   0.0000E+00   1.0000E+00
   0.0000E+00   9.1219E-01
   1.0000E+00   9.0853E-01
   2.0000E+00   7.9344E-01
   3.0000E+00   6.8941E-01
   4.0000E+00   6.6160E-01
   5.0000E+00   7.2799E-01
   6.0000E+00   8.7987E-01
   7.0000E+00   1.0862E+00
   8.0000E+00   1.2568E+00
   9.0000E+00   1.3866E+00
   1.0000E+01   1.4652E+00
   1.1000E+01   1.5088E+00
   1.2000E+01   1.5198E+00
   1.3000E+01   1.5037E+00
   1.4000E+01   1.4580E+00
   1.5000E+01   1.4003E+00
   1.6000E+01   1.3383E+00
   1.7000E+01   1.2814E+00
   1.8000E+01   1.2221E+00
   1.9000E+01   1.1714E+00
   2.0000E+01   1.1381E+00
   2.1000E+01   1.1165E+00
   2.2000E+01   1.1079E+00
   2.3000E+01   1.1146E+00
   2.4000E+01   1.1385E+00
   2.5000E+01   1.1831E+00
   2.6000E+01   1.2400E+00
   2.7000E+01   1.2724E+00
   2.8000E+01   1.2669E+00
   2.9000E+01   1.2188E+00
   3.0000E+01   1.1300E+00
   3.1000E+01   1.0487E+00
   3.2000E+01   9.9205E-01
   3.3000E+01   9.5532E-01
   3.4000E+01   9.4415E-01
   3.5000E+01   9.8191E-01
   3.6000E+01   1.0724E+00
   3.7000E+01   1.2129E+00
   3.8000E+01   1.3963E+00
   3.9000E+01   1.4959E+00
   4.0000E+01   1.4871E+00
   4.1000E+01   1.3763E+00
   4.2000E+01   1.1867E+00
   4.3000E+01   1.0526E+00
   4.4000E+01   1.0024E+00
   4.5000E+01   1.0321E+00
   4.6000E+01   1.1035E+00
   4.7000E+01   1.1216E+00
   4.8000E+01   1.0728E+00
   4.9000E+01   9.5740E-01
   5.0000E+01   8.1034E-01
   5.1000E+01   7.1738E-01
   5.2000E+01   6.8645E-01
   5.3000E+01   7.1465E-01
   5.4000E+01   7.9805E-01
   5.5000E+01   9.2663E-01
   5.6000E+01   1.0969E+00
   5.7000E+01   1.3109E+00
   5.8000E+01   1.5133E+00
   5.9000E+01   1.6248E+00
   6.0000E+01   1.6399E+00
   6.1000E+01   1.5632E+00
   6.2000E+01   1.4522E+00
   6.3000E+01   1.3650E+00
   6.4000E+01   1.2919E+00
   6.5000E+01   1.2405E+00
   6.6000E+01   1.2050E+00
   6.7000E+01   1.1831E+00
   6.8000E+01   1.1751E+00
   6.9000E+01   1.1805E+00
   7.0000E+01   1.2062E+00
   7.1000E+01   1.2321E+00
   7.2000E+01   1.2765E+00
   7.3000E+01   1.3353E+00
   7.4000E+01   1.3793E+00
   7.5000E+01   1.4008E+00
   7.6000E+01   1.4018E+00
   7.7000E+01   1.3795E+00
   7.8000E+01   1.3359E+00
   7.9000E+01   1.2631E+00
   8.0000E+01   1.1637E+00
   8.1000E+01   1.0493E+00
   8.2000E+01   9.7618E-01
   8.3000E+01   9.5084E-01
   8.4000E+01   9.7623E-01
   8.5000E+01   1.0286E+00
   8.6000E+01   1.0313E+00
   8.7000E+01   9.7577E-01
   8.8000E+01   8.5991E-01
   8.9000E+01   7.2312E-01
   9.0000E+01   6.7588E-01
   9.1000E+01   7.2415E-01
   9.2000E+01   8.6750E-01
   9.3000E+01   1.0618E+00
   9.4000E+01   1.2100E+00
   9.5000E+01   1.3018E+00
   9.6000E+01   1.3442E+00
   9.7000E+01   1.3584E+00
   9.8000E+01   1.3771E+00
   9.9000E+01   1.4059E+00
   1.0000E+02   1.4434E+00
   1.0100E+02   1.4804E+00
   1.0200E+02   1.5079E+00
   1.0300E+02   1.5271E+00
   1.0400E+02   1.5364E+00
   1.0500E+02   1.5355E+00
   1.0600E+02   1.5229E+00
   1.0700E+02   1.4964E+00
   1.0800E+02   1.4654E+00
   1.0900E+02   1.4437E+00
   1.1000E+02   1.4450E+00
   1.1100E+02   1.4689E+00
   1.1200E+02   1.5203E+00
   1.1300E+02   1.5566E+00
   1.1400E+02   1.5807E+00
   1.1500E+02   1.5862E+00
   1.1600E+02   1.5712E+00
   1.1700E+02   1.5465E+00
   1.1800E+02   1.5065E+00
   1.1900E+02   1.4485E+00
   1.2000E+02   1.3810E+00
   1.2100E+02   1.3249E+00
   1.2200E+02   1.2922E+00
   1.2300E+02   1.2786E+00
   1.2400E+02   1.2796E+00
   1.2500E+02   1.2660E+00
   1.2600E+02   1.2313E+00
   1.2700E+02   1.1783E+00
   1.2800E+02   1.1179E+00
   1.2900E+02   1.0907E+00
   1.3000E+02   1.0956E+00
   1.3100E+02   1.1344E+00
   1.3200E+02   1.1987E+00
   1.3300E+02   1.2688E+00
   1.3400E+02   1.3324E+00
   1.3500E+02   1.3987E+00
   1.3600E+02   1.4476E+00
   1.3700E+02   1.4386E+00
   1.3800E+02   1.3746E+00
   1.3900E+02   1.2560E+00
   1.4000E+02   1.1273E+00
   1.4100E+02   1.0526E+00
   1.4200E+02   1.0358E+00
   1.4300E+02   1.0797E+00
   1.4400E+02   1.1445E+00
   1.4500E+02   1.2229E+00
   1.4600E+02   1.2969E+00
   1.4700E+02   1.3745E+00
   1.4800E+02   1.4418E+00
   1.4900E+02   1.4817E+00
   1.5000E+02   1.4941E+00
   1.5100E+02   1.4824E+00
   1.5200E+02   1.4548E+00
   1.5300E+02   1.4217E+00
   1.5400E+02   1.3827E+00
   1.5500E+02   1.3377E+00
   1.5600E+02   1.3111E+00
   1.5700E+02   1.3150E+00
   1.5800E+02   1.3499E+00
   1.5900E+02   1.4021E+00
   1.6000E+02   1.4120E+00
   1.6100E+02   1.3594E+00
   1.6200E+02   1.2453E+00
   1.6300E+02   1.0792E+00
   1.6400E+02   9.6547E-01
   1.6500E+02   9.1097E-01
   1.6600E+02   9.2110E-01
   1.6700E+02   9.8569E-01
   1.6800E+02   1.0625E+00
   1.6900E+02   1.1464E+00
   1.7000E+02   1.2382E+00
   1.7100E+02   1.3272E+00
   1.7200E+02   1.3818E+00
   1.7300E+02   1.3974E+00
   1.7400E+02   1.3752E+00
   1.7500E+02   1.3237E+00
   1.7600E+02   1.2638E+00
   1.7700E+02   1.1964E+00
   1.7800E+02   1.1241E+00
   1.7900E+02   1.0476E+00
   1.8000E+02   9.9046E-01
   1.8100E+02   9.4329E-01
   1.8200E+02   9.1101E-01
   1.8300E+02   8.9494E-01
   1.8400E+02   9.0130E-01
   1.8500E+02   9.2979E-01
   1.8600E+02   9.7915E-01
   1.8700E+02   1.0358E+00
   1.8800E+02   1.0988E+00
   1.8900E+02   1.1499E+00
   1.9000E+02   1.2036E+00
   1.9100E+02   1.2396E+00
   1.9200E+02   1.2556E+00
   1.9300E+02   1.2490E+00
   1.9400E+02   1.2228E+00
   1.9500E+02   1.2056E+00
   1.9600E+02   1.2080E+00
   1.9700E+02   1.2311E+00
   1.9800E+02   1.2721E+00
   1.9900E+02   1.2898E+00
   2.0000E+02   1.2727E+00
   2.0100E+02   1.2173E+00
   2.0200E+02   1.1407E+00
   2.0300E+02   1.0922E+00
   2.0400E+02   1.0905E+00
   2.0500E+02   1.1313E+00
   2.0600E+02   1.2098E+00
   2.0700E+02   1.2854E+00
   2.0800E+02   1.3530E+00
   2.0900E+02   1.4066E+00
   2.1000E+02   1.4468E+00
   2.1100E+02   1.4521E+00
   2.1200E+02   1.4219E+00
   2.1200E+02   1.0000E+00
   2.1200E+02   1.4223E+00
   2.1300E+02   1.3505E+00
   2.1400E+02   1.2675E+00
   2.1500E+02   1.2419E+00
   2.1600E+02   1.2789E+00
   2.1700E+02   1.3565E+00
   2.1800E+02   1.4322E+00
   2.1900E+02   1.4789E+00
   2.2000E+02   1.4537E+00
   2.2100E+02   1.4021E+00
   2.2200E+02   1.3267E+00
   2.2300E+02   1.2895E+00
   2.2400E+02   1.2912E+00
   2.2500E+02   1.3423E+00
   2.2600E+02   1.3819E+00
   2.2700E+02   1.4176E+00
   2.2800E+02   1.4649E+00
   2.2900E+02   1.4980E+00
   2.3000E+02   1.5035E+00
   2.3100E+02   1.4267E+00
   2.3200E+02   1.3777E+00
   2.3300E+02   1.2329E+00
   2.3400E+02   1.1393E+00
   2.3500E+02   1.1315E+00
   2.3600E+02   1.2177E+00
   2.3700E+02   1.3152E+00
   2.3800E+02   1.4213E+00
   2.3900E+02   1.4767E+00
   2.4000E+02   1.4614E+00
   2.4100E+02   1.4118E+00
   2.4200E+02   1.3289E+00
   2.4300E+02   1.2358E+00
   2.4400E+02   1.1334E+00
   2.4500E+02   1.0514E+00
   2.4600E+02   1.0133E+00
   2.4700E+02   1.0685E+00
   2.4800E+02   1.1707E+00
   2.4900E+02   1.3033E+00
   2.5000E+02   1.3934E+00
   2.5100E+02   1.4128E+00
   2.5200E+02   1.3689E+00
   2.5300E+02   1.2780E+00
   2.5400E+02   1.2433E+00
   2.5500E+02   1.2598E+00
   2.5600E+02   1.3540E+00
   2.5700E+02   1.4129E+00
   2.5800E+02   1.4429E+00
   2.5900E+02   1.4085E+00
   2.5900E+02   1.0000E+00
   2.5900E+02   1.4128E+00
   2.6000E+02   1.3178E+00
   2.6100E+02   1.1720E+00
   2.6200E+02   1.0628E+00
   2.6300E+02   9.8312E-01
   2.6400E+02   8.9536E-01
   2.6500E+02   8.5080E-01
   2.6600E+02   8.8816E-01
   2.6700E+02   9.7679E-01
   2.6700E+02   1.0000E+00
   2.6700E+02   9.4362E-01
   2.6800E+02   1.0894E+00
   2.6900E+02   1.2253E+00
   2.7000E+02   1.2839E+00
   2.7100E+02   1.2720E+00
   2.7200E+02   1.1826E+00
   2.7300E+02   1.0993E+00
   2.7300E+02   1.0000E+00
   2.7300E+02   1.1116E+00
   2.7400E+02   1.0159E+00
   2.7400E+02   1.0000E+00
   2.7400E+02   1.0193E+00
   2.7500E+02   9.2045E-01
   2.7600E+02   8.3150E-01
   2.7700E+02   7.9015E-01
   2.7800E+02   7.8316E-01
   2.7900E+02   8.4307E-01
   2.8000E+02   8.9211E-01
   2.8100E+02   9.5944E-01
   2.8200E+02   9.9772E-01
   2.8300E+02   1.0069E+00
   2.8400E+02   9.9335E-01
   2.8500E+02   9.9303E-01
   2.8500E+02   1.0000E+00
   2.8500E+02   9.9246E-01
   2.8500E+02   1.0000E+00
   2.8500E+02   9.9246E-01
   2.8500E+02   1.0000E+00
   2.8500E+02   9.9246E-01
   2.8500E+02   1.0000E+00
   2.8500E+02   9.9246E-01
   2.8500E+02   1.0000E+00
   2.8500E+02   9.9246E-01
   2.8500E+02   1.0000E+00
   2.8500E+02   9.9246E-01
   2.8600E+02   1.0111E+00
   2.8600E+02   1.0000E+00
   2.8600E+02   1.0111E+00
   2.8700E+02   1.0500E+00
   2.8700E+02   1.0000E+00
   2.8700E+02   1.0500E+00
   2.8800E+02   1.1191E+00
   2.8900E+02   1.1567E+00
   2.9000E+02   1.2011E+00
   2.9100E+02   1.2223E+00
   2.9200E+02   1.2400E+00
   2.9300E+02   1.2730E+00
   2.9400E+02   1.2976E+00
   2.9500E+02   1.3580E+00
   2.9600E+02   1.3836E+00
   2.9700E+02   1.4173E+00
   2.9800E+02   1.4574E+00
   2.9900E+02   1.4961E+00
   3.0000E+02   1.4965E+00
   3.0100E+02   1.4449E+00
   3.0200E+02   1.3220E+00
   3.0300E+02   1.1196E+00
   3.0400E+02   9.5811E-01
   3.0500E+02   8.3591E-01
   3.0600E+02   8.1488E-01
   3.0700E+02   8.6032E-01
   3.0800E+02   9.3604E-01
   3.0800E+02   1.0000E+00
   3.0800E+02   9.2468E-01
   3.0800E+02   1.0000E+00
   3.0800E+02   1.0000E+00
   3.0800E+02   1.0000E+00
   3.0800E+02   9.2468E-01
   3.0900E+02   9.9544E-01
   3.0900E+02   1.0000E+00
   3.0900E+02   9.9078E-01
   3.1000E+02   1.0471E+00
   3.1100E+02   1.1013E+00
   3.1200E+02   1.1388E+00
   3.1300E+02   1.1553E+00
   3.1400E+02   1.1747E+00
   3.1500E+02   1.1653E+00
   3.1600E+02   1.1379E+00
   3.1700E+02   1.0928E+00
   3.1700E+02   1.0000E+00
   3.1700E+02   1.1062E+00
   3.1800E+02   1.0089E+00
   3.1800E+02   1.0000E+00
   3.1800E+02   1.0240E+00
   3.1900E+02   9.1053E-01
   3.2000E+02   8.4529E-01
   3.2100E+02   8.5516E-01
   3.2200E+02   9.9429E-01
   3.2200E+02   1.0000E+00
   3.2200E+02   9.3203E-01
   3.2300E+02   1.0870E+00
   3.2400E+02   1.1905E+00
   3.2500E+02   1.2359E+00
   3.2600E+02   1.2198E+00
   3.2700E+02   1.1508E+00
   3.2800E+02   1.1042E+00
   3.2900E+02   1.0897E+00
   3.3000E+02   1.1011E+00
   3.3100E+02   1.1261E+00
   3.3200E+02   1.1095E+00
   3.3300E+02   1.0145E+00
   3.3300E+02   1.0000E+00
   3.3300E+02   1.0466E+00
   3.3400E+02   9.1920E-01
   3.3500E+02   7.8606E-01
   3.3600E+02   7.3721E-01
   3.3700E+02   7.7346E-01
   3.3800E+02   9.4188E-01
   3.3900E+02   1.0794E+00
   3.4000E+02   1.2136E+00
   3.4100E+02   1.2568E+00
   3.4200E+02   1.2485E+00
   3.4300E+02   1.1816E+00
   3.4400E+02   1.1324E+00
   3.4500E+02   1.0208E+00
   3.4500E+02   1.0000E+00
   3.4500E+02   1.0484E+00
   3.4600E+02   9.3382E-01
   3.4700E+02   8.4342E-01
   3.4800E+02   8.2672E-01
   3.4900E+02   8.7347E-01
   3.5000E+02   9.7780E-01
   3.5000E+02   1.0000E+00
   3.5000E+02   9.5650E-01
   3.5100E+02   1.0617E+00
   3.5200E+02   1.1208E+00
   3.5300E+02   1.1213E+00
   3.5400E+02   1.0688E+00
   3.5500E+02   1.0325E+00
   3.5600E+02   1.0361E+00
   3.5700E+02   1.0539E+00
   3.5800E+02   1.1112E+00
   3.5900E+02   1.1426E+00
   3.6000E+02   1.1060E+00
   3.6100E+02   1.0341E+00
   3.6100E+02   1.0000E+00
   3.6100E+02   1.0541E+00
   3.6200E+02   9.3304E-01
   3.6300E+02   8.0869E-01
   3.6400E+02   7.1889E-01
   3.6500E+02   6.7030E-01
   3.6600E+02   6.4056E-01
   3.6700E+02   6.8814E-01
   3.6800E+02   7.4416E-01
   3.6900E+02   9.0157E-01
   3.6900E+02   1.0000E+00
   3.6900E+02   8.4540E-01
   3.7000E+02   1.0056E+00
   3.7100E+02   1.1021E+00
   3.7200E+02   1.1083E+00
   3.7300E+02   1.0074E+00
   3.7300E+02   1.0000E+00
   3.7300E+02   1.0371E+00
   3.7400E+02   9.0165E-01
   3.7500E+02   8.6658E-01
   3.7600E+02   9.2793E-01
   3.7600E+02   1.0000E+00
   3.7600E+02   9.1537E-01
   3.7700E+02   1.0671E+00
   3.7800E+02   1.2695E+00
   3.7900E+02   1.4127E+00
   3.8000E+02   1.4838E+00
   3.8100E+02   1.4844E+00
   3.8200E+02   1.4266E+00
   3.8300E+02   1.3896E+00
   3.8400E+02   1.3453E+00
   3.8500E+02   1.3092E+00
   3.8600E+02   1.2768E+00
   3.8700E+02   1.2627E+00
   3.8800E+02   1.2631E+00
   3.8900E+02   1.2817E+00
   3.9000E+02   1.3233E+00
   3.9100E+02   1.3550E+00
   3.9100E+02   1.0000E+00
   3.9100E+02   1.3483E+00
   3.9200E+02   1.4107E+00
   3.9300E+02   1.4994E+00
   3.9400E+02   1.5521E+00
   3.9500E+02   1.5487E+00
   3.9600E+02   1.5149E+00
   3.9700E+02   1.4231E+00
   3.9800E+02   1.3570E+00
   3.9900E+02   1.3387E+00
   4.0000E+02   1.3898E+00
   4.0100E+02   1.4419E+00
   4.0200E+02   1.4955E+00
   4.0300E+02   1.4919E+00
   4.0400E+02   1.4416E+00
   4.0500E+02   1.3806E+00
   4.0600E+02   1.3218E+00
   4.0700E+02   1.3006E+00
   4.0800E+02   1.3164E+00
   4.0900E+02   1.3614E+00
   4.1000E+02   1.3897E+00
   4.1100E+02   1.3787E+00
   4.1200E+02   1.3622E+00
   4.1300E+02   1.2878E+00
   4.1400E+02   1.2375E+00
   4.1500E+02   1.1125E+00
   4.1600E+02   1.0377E+00
   4.1600E+02   1.0000E+00
   4.1600E+02   1.0476E+00
   4.1700E+02   9.2952E-01
   4.1800E+02   8.6164E-01
   4.1900E+02   8.4106E-01
   4.2000E+02   8.8618E-01
   4.2100E+02   9.1050E-01
   4.2200E+02   9.1747E-01
   4.2300E+02   8.9101E-01
   4.2400E+02   8.1987E-01
   4.2500E+02   7.7001E-01
   4.2600E+02   7.8173E-01
   4.2700E+02   8.4640E-01
   4.2800E+02   9.5654E-01
   4.2800E+02   1.0000E+00
   4.2800E+02   9.4464E-01
   4.2900E+02   1.0770E+00
   4.3000E+02   1.1307E+00
   4.3100E+02   1.0943E+00
   4.3100E+02   1.0000E+00
   4.3100E+02   1.1143E+00
   4.3200E+02   1.0305E+00
   4.3300E+02   9.5603E-01
   4.3400E+02   9.7419E-01
   4.3400E+02   1.0000E+00
   4.3400E+02   9.6675E-01
   4.3500E+02   1.0675E+00
   4.3600E+02   1.2408E+00
   4.3700E+02   1.3974E+00
   4.3800E+02   1.4365E+00
   4.3900E+02   1.3745E+00
   4.4000E+02   1.1909E+00
   4.4100E+02   1.0395E+00
   4.4200E+02   9.2915E-01
   4.4300E+02   8.6852E-01
   4.4400E+02   8.5687E-01
   4.4500E+02   8.4250E-01
   4.4600E+02   8.1950E-01
   4.4700E+02   8.0432E-01
   4.4800E+02   7.7096E-01
   4.4900E+02   7.5792E-01
   4.5000E+02   7.7597E-01
   4.5100E+02   8.0040E-01
   4.5200E+02   8.7395E-01
   4.5300E+02   9.1830E-01
   4.5300E+02   1.0000E+00
   4.5300E+02   9.1143E-01
   4.5400E+02   9.9127E-01
   4.5400E+02   1.0000E+00
   4.5400E+02   9.8585E-01
   4.5400E+02   1.0000E+00
   4.5400E+02   9.8585E-01
   4.5400E+02   1.0000E+00
   4.5400E+02   9.8585E-01
   4.5400E+02   1.0000E+00
   4.5400E+02   9.8585E-01
   4.5500E+02   1.0797E+00
   4.5600E+02   1.1963E+00
   4.5700E+02   1.3271E+00
   4.5700E+02   1.0000E+00
   4.5700E+02   1.2516E+00
   4.5800E+02   1.3741E+00
   4.5800E+02   1.0000E+00
   4.5800E+02   1.3337E+00
   4.5900E+02   1.4114E+00
   4.6000E+02   1.4703E+00
   4.6100E+02   1.4695E+00
   4.6200E+02   1.4214E+00
   4.6300E+02   1.3217E+00
   4.6400E+02   1.1971E+00
   4.6500E+02   1.1150E+00
   4.6600E+02   1.0959E+00
   4.6700E+02   1.1308E+00
   4.6800E+02   1.1573E+00
   4.6900E+02   1.1461E+00
   4.7000E+02   1.0932E+00
   4.7000E+02   1.0000E+00
   4.7000E+02   1.1054E+00
   4.7100E+02   1.0114E+00
   4.7100E+02   1.0000E+00
   4.7100E+02   1.0163E+00
   4.7200E+02   9.2459E-01
   4.7300E+02   8.8014E-01
   4.7400E+02   9.0042E-01
   4.7500E+02   9.5477E-01
   4.7600E+02   1.0116E+00
   4.7700E+02   1.0803E+00
   4.7800E+02   1.1310E+00
   4.7900E+02   1.1838E+00
   4.8000E+02   1.2017E+00
   4.8100E+02   1.2108E+00
   4.8200E+02   1.1995E+00
   4.8300E+02   1.1774E+00
   4.8400E+02   1.1433E+00
   4.8500E+02   1.1267E+00
   4.8600E+02   1.1028E+00
   4.8700E+02   1.0800E+00
   4.8800E+02   1.0481E+00
   4.8900E+02   1.0481E+00
   4.9000E+02   1.0151E+00
   4.9000E+02   1.0000E+00
   4.9000E+02   1.0272E+00
   4.9000E+02   1.0000E+00
   4.9000E+02   1.0000E+00
   4.9000E+02   1.0000E+00
   4.9000E+02   1.0272E+00
   4.9000E+02   1.0000E+00
   4.9000E+02   1.0272E+00
   4.9000E+02   1.0000E+00
   4.9000E+02   1.0272E+00
   4.9100E+02   1.0055E+00
   4.9100E+02   1.0000E+00
   4.9100E+02   1.0055E+00
   4.9100E+02   1.0000E+00
   4.9100E+02   1.0055E+00
