   0.0000E+00   1.0000E+00
   0.0000E+00   1.0004E+00
   1.0000E+00   9.9922E-01
   2.0000E+00   9.5613E-01
   3.0000E+00   9.2554E-01
   4.0000E+00   9.0170E-01
   5.0000E+00   8.6737E-01
   6.0000E+00   8.1223E-01
   7.0000E+00   7.4371E-01
   8.0000E+00   6.5857E-01
   9.0000E+00   5.9569E-01
   1.0000E+01   5.5678E-01
   1.1000E+01   5.4362E-01
   1.2000E+01   5.6267E-01
   1.3000E+01   6.2809E-01
   1.4000E+01   7.4579E-01
   1.5000E+01   9.2039E-01
   1.6000E+01   1.1090E+00
   1.7000E+01   1.2540E+00
   1.8000E+01   1.3441E+00
   1.9000E+01   1.3759E+00
   2.0000E+01   1.3669E+00
   2.1000E+01   1.3460E+00
   2.2000E+01   1.3135E+00
   2.3000E+01   1.2677E+00
   2.4000E+01   1.2169E+00
   2.5000E+01   1.1609E+00
   2.6000E+01   1.1128E+00
   2.7000E+01   1.0645E+00
   2.8000E+01   1.0298E+00
   2.9000E+01   1.0203E+00
   3.0000E+01   1.0369E+00
   3.1000E+01   1.0767E+00
   3.2000E+01   1.1264E+00
   3.3000E+01   1.1672E+00
   3.4000E+01   1.1988E+00
   3.5000E+01   1.2241E+00
   3.6000E+01   1.2403E+00
   3.7000E+01   1.2425E+00
   3.8000E+01   1.2289E+00
   3.9000E+01   1.2104E+00
   4.0000E+01   1.1864E+00
   4.1000E+01   1.1594E+00
   4.2000E+01   1.1353E+00
   4.3000E+01   1.1124E+00
   4.4000E+01   1.0881E+00
   4.5000E+01   1.0546E+00
   4.6000E+01   1.0189E+00
   4.7000E+01   9.8064E-01
   4.8000E+01   9.6181E-01
   4.9000E+01   9.6597E-01
   5.0000E+01   9.8962E-01
   5.1000E+01   1.0300E+00
   5.2000E+01   1.0586E+00
   5.3000E+01   1.0706E+00
   5.4000E+01   1.0634E+00
   5.5000E+01   1.0522E+00
   5.6000E+01   1.0466E+00
   5.7000E+01   1.0510E+00
   5.8000E+01   1.0670E+00
   5.9000E+01   1.0737E+00
   6.0000E+01   1.0382E+00
   6.1000E+01   9.5561E-01
   6.2000E+01   8.2817E-01
   6.3000E+01   6.9573E-01
   6.4000E+01   6.2600E-01
   6.5000E+01   6.1759E-01
   6.6000E+01   6.7121E-01
   6.7000E+01   7.6074E-01
   6.8000E+01   8.4794E-01
   6.9000E+01   9.3266E-01
   7.0000E+01   1.0209E+00
   7.1000E+01   1.0953E+00
   7.2000E+01   1.1414E+00
   7.3000E+01   1.1615E+00
   7.4000E+01   1.1549E+00
   7.5000E+01   1.1301E+00
   7.6000E+01   1.0904E+00
   7.7000E+01   1.0279E+00
   7.8000E+01   9.6475E-01
   7.9000E+01   9.4569E-01
   8.0000E+01   1.0003E+00
   8.1000E+01   1.1330E+00
   8.2000E+01   1.3298E+00
   8.3000E+01   1.4524E+00
   8.4000E+01   1.4481E+00
   8.5000E+01   1.3243E+00
   8.6000E+01   1.0945E+00
   8.7000E+01   9.2176E-01
   8.8000E+01   8.3937E-01
   8.9000E+01   8.5583E-01
   9.0000E+01   9.4228E-01
   9.1000E+01   1.0091E+00
   9.2000E+01   1.0371E+00
   9.3000E+01   1.0250E+00
   9.4000E+01   9.8529E-01
   9.5000E+01   9.4383E-01
   9.6000E+01   9.0963E-01
   9.7000E+01   8.7644E-01
   9.8000E+01   8.5844E-01
   9.9000E+01   8.7356E-01
   1.0000E+02   9.2230E-01
   1.0100E+02   1.0049E+00
   1.0200E+02   1.1040E+00
   1.0300E+02   1.1780E+00
   1.0400E+02   1.2230E+00
   1.0500E+02   1.2396E+00
   1.0600E+02   1.2247E+00
   1.0700E+02   1.1754E+00
   1.0800E+02   1.0899E+00
   1.0900E+02   9.6671E-01
   1.1000E+02   8.3557E-01
   1.1100E+02   7.3533E-01
   1.1200E+02   6.5146E-01
   1.1300E+02   5.9829E-01
   1.1400E+02   5.7356E-01
   1.1500E+02   5.8797E-01
   1.1600E+02   6.3760E-01
   1.1700E+02   7.2434E-01
   1.1800E+02   8.0349E-01
   1.1900E+02   8.4221E-01
   1.2000E+02   8.4547E-01
   1.2100E+02   8.1779E-01
   1.2200E+02   8.1120E-01
   1.2300E+02   8.4644E-01
   1.2400E+02   9.2319E-01
   1.2500E+02   1.0318E+00
   1.2600E+02   1.1399E+00
   1.2700E+02   1.2369E+00
   1.2800E+02   1.3196E+00
   1.2900E+02   1.3729E+00
   1.3000E+02   1.3725E+00
   1.3100E+02   1.3077E+00
   1.3200E+02   1.1768E+00
   1.3300E+02   1.0016E+00
   1.3400E+02   8.9343E-01
   1.3500E+02   8.6873E-01
   1.3600E+02   9.2434E-01
   1.3600E+02   1.0000E+00
   1.3600E+02   9.2331E-01
   1.3700E+02   1.0365E+00
   1.3800E+02   1.1001E+00
   1.3900E+02   1.1126E+00
   1.4000E+02   1.0772E+00
   1.4100E+02   1.0205E+00
   1.4200E+02   1.0123E+00
   1.4300E+02   1.0626E+00
   1.4400E+02   1.1562E+00
   1.4500E+02   1.2476E+00
   1.4600E+02   1.2692E+00
   1.4700E+02   1.2311E+00
   1.4800E+02   1.1006E+00
   1.4900E+02   1.0049E+00
   1.5000E+02   9.3254E-01
   1.5100E+02   9.2523E-01
   1.5200E+02   9.7041E-01
   1.5300E+02   1.0254E+00
   1.5400E+02   1.0630E+00
   1.5500E+02   1.0831E+00
   1.5600E+02   1.0853E+00
   1.5600E+02   1.0000E+00
   1.5600E+02   1.0856E+00
   1.5700E+02   1.0956E+00
   1.5800E+02   1.1211E+00
   1.5900E+02   1.1628E+00
   1.6000E+02   1.2209E+00
   1.6100E+02   1.2623E+00
   1.6200E+02   1.2613E+00
   1.6300E+02   1.2223E+00
   1.6400E+02   1.1563E+00
   1.6500E+02   1.0956E+00
   1.6600E+02   1.0780E+00
   1.6700E+02   1.0849E+00
   1.6800E+02   1.1131E+00
   1.6900E+02   1.1641E+00
   1.7000E+02   1.2779E+00
   1.7100E+02   1.3785E+00
   1.7200E+02   1.4387E+00
   1.7300E+02   1.4545E+00
   1.7400E+02   1.3709E+00
   1.7500E+02   1.1621E+00
   1.7600E+02   9.2768E-01
   1.7700E+02   7.6876E-01
   1.7800E+02   7.6853E-01
   1.7900E+02   9.1396E-01
   1.8000E+02   1.0310E+00
   1.8100E+02   1.1313E+00
   1.8200E+02   1.1485E+00
   1.8300E+02   1.0606E+00
   1.8400E+02   1.0064E+00
   1.8500E+02   9.3953E-01
   1.8600E+02   9.1119E-01
   1.8700E+02   9.2137E-01
   1.8800E+02   9.2574E-01
   1.8900E+02   9.0419E-01
   1.9000E+02   8.4399E-01
   1.9100E+02   7.3545E-01
   1.9200E+02   6.3896E-01
   1.9200E+02   1.0000E+00
   1.9200E+02   6.6562E-01
   1.9200E+02   1.0000E+00
   1.9200E+02   6.6562E-01
   1.9200E+02   1.0000E+00
   1.9200E+02   6.6562E-01
   1.9200E+02   1.0000E+00
   1.9200E+02   6.6562E-01
   1.9200E+02   1.0000E+00
   1.9200E+02   6.6562E-01
   1.9200E+02   1.0000E+00
   1.9200E+02   6.6562E-01
   1.9300E+02   5.9630E-01
   1.9300E+02   1.0000E+00
   1.9300E+02   5.9630E-01
   1.9400E+02   5.5322E-01
   1.9400E+02   1.0000E+00
   1.9400E+02   5.5322E-01
   1.9500E+02   5.3594E-01
   1.9600E+02   5.4328E-01
   1.9700E+02   5.7390E-01
   1.9700E+02   1.0000E+00
   1.9700E+02   5.6392E-01
   1.9700E+02   1.0000E+00
   1.9700E+02   5.6392E-01
   1.9700E+02   1.0000E+00
   1.9700E+02   1.0000E+00
   1.9700E+02   5.6392E-01
   1.9700E+02   1.0000E+00
   1.9700E+02   5.6392E-01
   1.9700E+02   1.0000E+00
   1.9700E+02   5.6392E-01
   1.9800E+02   5.9940E-01
   1.9800E+02   1.0000E+00
   1.9800E+02   6.0444E-01
   1.9900E+02   6.6225E-01
   1.9900E+02   1.0000E+00
   1.9900E+02   6.6225E-01
   2.0000E+02   7.2489E-01
   2.0100E+02   7.6697E-01
   2.0200E+02   8.0497E-01
   2.0300E+02   8.3125E-01
   2.0400E+02   8.4117E-01
   2.0500E+02   8.5449E-01
   2.0600E+02   8.6289E-01
   2.0700E+02   8.6784E-01
   2.0800E+02   8.8251E-01
   2.0900E+02   9.1023E-01
   2.1000E+02   9.5902E-01
   2.1000E+02   1.0000E+00
   2.1000E+02   9.4234E-01
   2.1100E+02   9.9544E-01
   2.1100E+02   1.0000E+00
   2.1100E+02   9.9100E-01
   2.1200E+02   1.0490E+00
   2.1300E+02   1.0982E+00
   2.1400E+02   1.1550E+00
   2.1500E+02   1.2079E+00
   2.1600E+02   1.2377E+00
   2.1700E+02   1.2453E+00
   2.1800E+02   1.2220E+00
   2.1900E+02   1.1949E+00
   2.2000E+02   1.1505E+00
   2.2100E+02   1.0925E+00
   2.2100E+02   1.0000E+00
   2.2100E+02   1.0950E+00
   2.2200E+02   1.0039E+00
   2.2300E+02   9.1469E-01
   2.2400E+02   8.3445E-01
   2.2500E+02   8.0006E-01
   2.2600E+02   7.9048E-01
   2.2700E+02   7.9979E-01
   2.2800E+02   8.2254E-01
   2.2900E+02   8.7559E-01
   2.3000E+02   8.9151E-01
   2.3100E+02   9.0788E-01
   2.3200E+02   9.1146E-01
   2.3300E+02   8.9456E-01
   2.3400E+02   8.4287E-01
   2.3500E+02   8.2534E-01
   2.3600E+02   8.5688E-01
   2.3700E+02   9.4986E-01
   2.3700E+02   1.0000E+00
   2.3700E+02   9.0237E-01
   2.3800E+02   1.0137E+00
   2.3900E+02   1.0995E+00
   2.4000E+02   1.1199E+00
   2.4100E+02   1.0740E+00
   2.4100E+02   1.0000E+00
   2.4100E+02   1.0871E+00
   2.4200E+02   9.8990E-01
   2.4300E+02   8.8763E-01
   2.4400E+02   8.1558E-01
   2.4500E+02   7.9073E-01
   2.4600E+02   7.9111E-01
   2.4700E+02   8.0793E-01
   2.4800E+02   8.7666E-01
   2.4900E+02   9.3170E-01
   2.4900E+02   1.0000E+00
   2.4900E+02   9.0093E-01
   2.5000E+02   9.8785E-01
   2.5000E+02   1.0000E+00
   2.5000E+02   9.7943E-01
   2.5100E+02   1.0411E+00
   2.5200E+02   1.0718E+00
   2.5300E+02   1.0668E+00
   2.5400E+02   1.0488E+00
   2.5500E+02   1.0241E+00
   2.5500E+02   1.0000E+00
   2.5500E+02   1.0259E+00
   2.5500E+02   1.0000E+00
   2.5500E+02   1.0000E+00
   2.5500E+02   1.0000E+00
   2.5500E+02   1.0259E+00
   2.5500E+02   1.0000E+00
   2.5500E+02   1.0259E+00
   2.5500E+02   1.0000E+00
   2.5500E+02   1.0259E+00
   2.5600E+02   9.9861E-01
   2.5600E+02   1.0000E+00
   2.5600E+02   9.9861E-01
   2.5700E+02   9.7058E-01
   2.5700E+02   1.0000E+00
   2.5700E+02   9.7058E-01
   2.5800E+02   9.3297E-01
   2.5900E+02   9.0472E-01
   2.6000E+02   8.5768E-01
   2.6100E+02   8.3275E-01
   2.6200E+02   8.0718E-01
   2.6300E+02   7.9738E-01
   2.6400E+02   8.0698E-01
   2.6500E+02   8.3670E-01
   2.6600E+02   8.8531E-01
   2.6700E+02   9.0843E-01
   2.6800E+02   9.3196E-01
   2.6900E+02   9.7538E-01
   2.7000E+02   9.8787E-01
   2.7100E+02   9.8709E-01
   2.7200E+02   9.6012E-01
   2.7300E+02   9.2977E-01
   2.7400E+02   8.6376E-01
   2.7500E+02   8.0494E-01
   2.7600E+02   7.5154E-01
   2.7700E+02   6.9595E-01
   2.7800E+02   6.7147E-01
   2.7900E+02   7.1655E-01
   2.8000E+02   8.3313E-01
   2.8000E+02   1.0000E+00
   2.8000E+02   8.0422E-01
   2.8100E+02   9.9567E-01
   2.8200E+02   1.1115E+00
   2.8300E+02   1.1634E+00
   2.8400E+02   1.1381E+00
   2.8500E+02   1.0328E+00
   2.8600E+02   9.4122E-01
   2.8700E+02   8.4935E-01
   2.8800E+02   7.9052E-01
   2.8900E+02   7.6225E-01
   2.9000E+02   7.7693E-01
   2.9100E+02   8.1158E-01
   2.9200E+02   9.3073E-01
   2.9300E+02   9.7400E-01
   2.9400E+02   1.0335E+00
   2.9500E+02   1.0299E+00
   2.9500E+02   1.0000E+00
   2.9500E+02   1.0327E+00
   2.9500E+02   1.0000E+00
   2.9500E+02   1.0000E+00
   2.9500E+02   1.0000E+00
   2.9500E+02   1.0327E+00
   2.9500E+02   1.0000E+00
   2.9500E+02   1.0327E+00
   2.9500E+02   1.0000E+00
   2.9500E+02   1.0327E+00
   2.9600E+02   9.7770E-01
   2.9600E+02   1.0000E+00
   2.9600E+02   9.7770E-01
   2.9700E+02   8.8237E-01
   2.9700E+02   1.0000E+00
   2.9700E+02   8.8237E-01
   2.9800E+02   8.4492E-01
   2.9900E+02   8.8673E-01
   3.0000E+02   9.9694E-01
   3.0000E+02   1.0000E+00
   3.0000E+02   9.7828E-01
   3.0100E+02   1.1284E+00
   3.0200E+02   1.2325E+00
   3.0300E+02   1.2457E+00
   3.0400E+02   1.2066E+00
   3.0500E+02   1.1193E+00
   3.0600E+02   1.0801E+00
   3.0700E+02   1.0758E+00
   3.0800E+02   1.1132E+00
   3.0900E+02   1.1749E+00
   3.1000E+02   1.2115E+00
   3.1100E+02   1.2967E+00
   3.1200E+02   1.3967E+00
   3.1300E+02   1.4621E+00
   3.1400E+02   1.5299E+00
   3.1500E+02   1.6111E+00
   3.1600E+02   1.6640E+00
   3.1700E+02   1.6709E+00
   3.1800E+02   1.6223E+00
   3.1900E+02   1.5273E+00
   3.2000E+02   1.3701E+00
   3.2100E+02   1.2307E+00
   3.2200E+02   1.1648E+00
   3.2300E+02   1.1928E+00
   3.2400E+02   1.2858E+00
   3.2500E+02   1.3673E+00
   3.2600E+02   1.4055E+00
   3.2700E+02   1.4155E+00
   3.2800E+02   1.3947E+00
   3.2900E+02   1.3746E+00
   3.3000E+02   1.3723E+00
   3.3100E+02   1.3850E+00
   3.3100E+02   1.0000E+00
   3.3100E+02   1.3830E+00
   3.3200E+02   1.4089E+00
   3.3300E+02   1.4182E+00
   3.3400E+02   1.4012E+00
   3.3500E+02   1.3694E+00
   3.3600E+02   1.3040E+00
   3.3700E+02   1.2475E+00
   3.3800E+02   1.1849E+00
   3.3900E+02   1.1024E+00
   3.4000E+02   1.0742E+00
   3.4100E+02   1.0563E+00
   3.4200E+02   1.0651E+00
   3.4300E+02   1.1275E+00
   3.4400E+02   1.1413E+00
   3.4500E+02   1.1729E+00
   3.4600E+02   1.1849E+00
   3.4700E+02   1.1777E+00
   3.4800E+02   1.1277E+00
   3.4900E+02   1.0772E+00
   3.5000E+02   1.0111E+00
   3.5000E+02   1.0000E+00
   3.5000E+02   1.0385E+00
   3.5100E+02   9.5294E-01
   3.5200E+02   8.6055E-01
   3.5300E+02   8.0832E-01
   3.5400E+02   7.7839E-01
   3.5500E+02   7.8358E-01
   3.5600E+02   8.4121E-01
   3.5700E+02   8.9342E-01
   3.5800E+02   9.6115E-01
   3.5800E+02   1.0000E+00
   3.5800E+02   9.3006E-01
   3.5900E+02   1.0292E+00
   3.6000E+02   1.1114E+00
   3.6100E+02   1.1401E+00
   3.6200E+02   1.0869E+00
   3.6300E+02   1.0348E+00
   3.6300E+02   1.0000E+00
   3.6300E+02   1.0507E+00
   3.6400E+02   9.7639E-01
   3.6500E+02   9.2914E-01
   3.6600E+02   9.0692E-01
   3.6700E+02   9.1099E-01
   3.6800E+02   9.2394E-01
   3.6900E+02   9.3021E-01
   3.7000E+02   9.4102E-01
   3.7100E+02   9.4004E-01
   3.7200E+02   9.1422E-01
   3.7300E+02   8.4097E-01
   3.7400E+02   7.4289E-01
   3.7500E+02   6.7669E-01
   3.7600E+02   6.6225E-01
   3.7700E+02   7.5891E-01
   3.7700E+02   1.0000E+00
   3.7700E+02   7.3726E-01
   3.7800E+02   9.5232E-01
   3.7900E+02   1.1999E+00
   3.8000E+02   1.3817E+00
   3.8100E+02   1.4726E+00
   3.8200E+02   1.4684E+00
   3.8300E+02   1.3800E+00
   3.8400E+02   1.2652E+00
   3.8500E+02   1.1039E+00
   3.8500E+02   1.0000E+00
   3.8500E+02   1.1500E+00
   3.8600E+02   1.0069E+00
   3.8700E+02   8.6501E-01
   3.8800E+02   7.7422E-01
   3.8900E+02   7.5997E-01
   3.9000E+02   8.0298E-01
   3.9100E+02   8.6795E-01
   3.9200E+02   9.0047E-01
   3.9300E+02   9.0577E-01
   3.9400E+02   8.7935E-01
   3.9500E+02   8.5729E-01
   3.9600E+02   8.5569E-01
   3.9700E+02   8.6912E-01
   3.9800E+02   9.2023E-01
   3.9900E+02   9.4529E-01
   4.0000E+02   9.6778E-01
   4.0100E+02   9.8592E-01
   4.0200E+02   9.9686E-01
   4.0200E+02   1.0000E+00
   4.0200E+02   9.9358E-01
   4.0300E+02   1.0232E+00
   4.0400E+02   1.0857E+00
   4.0500E+02   1.1974E+00
   4.0600E+02   1.3283E+00
   4.0700E+02   1.4229E+00
   4.0800E+02   1.4955E+00
   4.0900E+02   1.5107E+00
   4.1000E+02   1.4900E+00
   4.1100E+02   1.4756E+00
   4.1200E+02   1.4862E+00
   4.1300E+02   1.5302E+00
   4.1400E+02   1.5563E+00
   4.1500E+02   1.5830E+00
   4.1600E+02   1.5645E+00
   4.1700E+02   1.5353E+00
   4.1800E+02   1.4552E+00
   4.1900E+02   1.4016E+00
   4.2000E+02   1.3240E+00
   4.2100E+02   1.2488E+00
   4.2200E+02   1.1841E+00
   4.2300E+02   1.1479E+00
   4.2400E+02   1.1307E+00
   4.2500E+02   1.1366E+00
   4.2600E+02   1.1515E+00
   4.2700E+02   1.1969E+00
   4.2800E+02   1.2274E+00
   4.2900E+02   1.2682E+00
   4.3000E+02   1.3009E+00
   4.3100E+02   1.2985E+00
   4.3200E+02   1.2626E+00
   4.3300E+02   1.1851E+00
   4.3400E+02   1.1247E+00
   4.3500E+02   1.0965E+00
   4.3600E+02   1.1067E+00
   4.3700E+02   1.1528E+00
   4.3800E+02   1.1799E+00
   4.3900E+02   1.1857E+00
   4.4000E+02   1.1362E+00
   4.4100E+02   1.0993E+00
   4.4200E+02   1.0262E+00
   4.4200E+02   1.0000E+00
   4.4200E+02   1.0346E+00
   4.4200E+02   1.0000E+00
   4.4200E+02   1.0346E+00
   4.4200E+02   1.0000E+00
   4.4200E+02   1.0346E+00
   4.4200E+02   1.0000E+00
   4.4200E+02   1.0346E+00
   4.4200E+02   1.0000E+00
   4.4200E+02   1.0346E+00
   4.4300E+02   9.7644E-01
   4.4400E+02   9.2178E-01
   4.4500E+02   8.8847E-01
   4.4600E+02   8.9039E-01
   4.4700E+02   9.4652E-01
   4.4700E+02   1.0000E+00
   4.4700E+02   9.2708E-01
   4.4800E+02   1.0065E+00
   4.4900E+02   1.1294E+00
   4.5000E+02   1.2446E+00
   4.5100E+02   1.3473E+00
   4.5200E+02   1.3924E+00
   4.5300E+02   1.4189E+00
   4.5400E+02   1.4508E+00
   4.5500E+02   1.5222E+00
   4.5600E+02   1.5564E+00
   4.5700E+02   1.6190E+00
   4.5800E+02   1.6071E+00
   4.5900E+02   1.5187E+00
   4.6000E+02   1.3688E+00
   4.6100E+02   1.1441E+00
   4.6200E+02   9.6964E-01
   4.6300E+02   8.4789E-01
   4.6400E+02   8.1935E-01
   4.6500E+02   8.4776E-01
   4.6600E+02   8.8972E-01
   4.6700E+02   9.6050E-01
   4.6700E+02   1.0000E+00
   4.6700E+02   9.2601E-01
   4.6700E+02   1.0000E+00
   4.6700E+02   1.0000E+00
   4.6700E+02   1.0000E+00
   4.6700E+02   9.2601E-01
   4.6700E+02   1.0000E+00
   4.6700E+02   9.2601E-01
   4.6700E+02   1.0000E+00
   4.6700E+02   9.2601E-01
   4.6800E+02   9.9450E-01
   4.6800E+02   1.0000E+00
   4.6800E+02   9.9450E-01
   4.6800E+02   1.0000E+00
   4.6800E+02   9.9450E-01
