   0.0000E+00   1.0000E+00
   0.0000E+00   5.9389E-01
   1.0000E+00   5.9168E-01
   2.0000E+00   5.4118E-01
   3.0000E+00   5.2754E-01
   4.0000E+00   5.5254E-01
   4.0000E+00   1.0000E+00
   4.0000E+00   5.5000E-01
   5.0000E+00   6.1029E-01
   6.0000E+00   7.0242E-01
   7.0000E+00   7.7420E-01
   8.0000E+00   8.4401E-01
   9.0000E+00   8.9706E-01
   1.0000E+01   9.2654E-01
   1.1000E+01   9.2512E-01
   1.2000E+01   8.8515E-01
   1.3000E+01   8.2103E-01
   1.4000E+01   7.4885E-01
   1.5000E+01   7.1007E-01
   1.6000E+01   6.8396E-01
   1.7000E+01   6.8619E-01
   1.8000E+01   7.2573E-01
   1.9000E+01   8.4448E-01
   2.0000E+01   9.0023E-01
   2.1000E+01   1.0424E+00
   2.2000E+01   1.1336E+00
   2.3000E+01   1.1674E+00
   2.4000E+01   1.1310E+00
   2.5000E+01   1.0307E+00
   2.6000E+01   9.1248E-01
   2.7000E+01   6.8250E-01
   2.8000E+01   4.0876E-01
   2.9000E+01   1.4083E-01
   3.0000E+01   5.2506E-03
   3.1000E+01   6.8137E-02
   3.2000E+01   2.8348E-01
   3.3000E+01   5.8817E-01
   3.4000E+01   8.1911E-01
   3.5000E+01   9.0669E-01
   3.6000E+01   8.9531E-01
   3.7000E+01   8.0851E-01
   3.8000E+01   7.1001E-01
   3.9000E+01   6.4446E-01
   3.9000E+01   1.0000E+00
   3.9000E+01   6.7590E-01
   4.0000E+01   6.1011E-01
   4.0000E+01   1.0000E+00
   4.0000E+01   6.1376E-01
   4.1000E+01   5.5167E-01
   4.2000E+01   5.0357E-01
   4.3000E+01   4.4666E-01
   4.4000E+01   4.2028E-01
   4.5000E+01   3.5741E-01
   4.6000E+01   2.2046E-01
   4.7000E+01   8.9263E-02
   4.8000E+01  -1.3925E-01
   4.9000E+01  -2.7728E-01
   5.0000E+01  -3.2487E-01
   5.1000E+01  -2.5818E-01
   5.2000E+01  -8.2642E-02
   5.3000E+01   6.9728E-02
   5.4000E+01   1.7764E-01
   5.5000E+01   1.9625E-01
   5.6000E+01   1.6499E-01
   5.7000E+01   1.4022E-01
   5.8000E+01   1.4818E-01
   5.9000E+01   1.9388E-01
   5.9000E+01   1.0000E+00
   5.9000E+01   1.8150E-01
   6.0000E+01   2.4460E-01
   6.1000E+01   3.0780E-01
   6.2000E+01   3.4887E-01
   6.3000E+01   3.7036E-01
   6.4000E+01   3.8691E-01
   6.5000E+01   3.9684E-01
   6.6000E+01   4.2676E-01
   6.7000E+01   4.4824E-01
   6.8000E+01   4.7300E-01
   6.9000E+01   4.9498E-01
   7.0000E+01   5.6261E-01
   7.1000E+01   5.6261E-01
   7.1000E+01   1.0000E+00
   7.1000E+01   5.6025E-01
   7.1000E+01   1.0000E+00
   7.1000E+01   1.0000E+00
   7.1000E+01   1.0000E+00
   7.1000E+01   5.6025E-01
   7.1000E+01   1.0000E+00
   7.1000E+01   5.6025E-01
   7.1000E+01   1.0000E+00
   7.1000E+01   5.6025E-01
   7.2000E+01   5.9902E-01
   7.2000E+01   1.0000E+00
   7.2000E+01   5.9902E-01
   7.3000E+01   6.2986E-01
   7.3000E+01   1.0000E+00
   7.3000E+01   6.2986E-01
   7.4000E+01   6.5446E-01
   7.5000E+01   6.6683E-01
   7.6000E+01   6.8347E-01
   7.7000E+01   7.2684E-01
   7.8000E+01   8.1287E-01
   7.9000E+01   8.9059E-01
   8.0000E+01   9.7419E-01
   8.1000E+01   1.0276E+00
   8.2000E+01   1.0678E+00
   8.3000E+01   1.0710E+00
   8.4000E+01   1.0598E+00
   8.4000E+01   1.0000E+00
   8.4000E+01   1.0619E+00
   8.5000E+01   1.0277E+00
   8.5000E+01   1.0000E+00
   8.5000E+01   1.0314E+00
   8.5000E+01   1.0000E+00
   8.5000E+01   1.0000E+00
   8.5000E+01   1.0000E+00
   8.5000E+01   1.0314E+00
   8.5000E+01   1.0000E+00
   8.5000E+01   1.0314E+00
   8.6000E+01   9.7891E-01
   8.7000E+01   9.1030E-01
   8.8000E+01   8.3770E-01
   8.9000E+01   8.1038E-01
   9.0000E+01   8.1903E-01
   9.1000E+01   8.3204E-01
   9.2000E+01   8.3910E-01
   9.3000E+01   8.4287E-01
   9.4000E+01   8.3681E-01
   9.5000E+01   8.2219E-01
   9.5000E+01   1.0000E+00
   9.5000E+01   8.2219E-01
   9.6000E+01   8.2427E-01
   9.7000E+01   8.4447E-01
   9.8000E+01   9.0711E-01
   9.9000E+01   9.5068E-01
   9.9000E+01   1.0000E+00
   9.9000E+01   9.4988E-01
   1.0000E+02   1.0245E+00
   1.0100E+02   1.1059E+00
   1.0200E+02   1.1857E+00
   1.0300E+02   1.2380E+00
   1.0400E+02   1.2151E+00
   1.0500E+02   1.1192E+00
   1.0600E+02   9.6661E-01
   1.0700E+02   7.3108E-01
   1.0800E+02   6.5722E-01
   1.0900E+02   7.4051E-01
   1.1000E+02   9.7572E-01
   1.1100E+02   1.3013E+00
   1.1200E+02   1.4815E+00
   1.1300E+02   1.5198E+00
   1.1400E+02   1.4101E+00
   1.1500E+02   1.2192E+00
   1.1600E+02   1.0572E+00
   1.1700E+02   9.4204E-01
   1.1800E+02   8.5137E-01
   1.1900E+02   8.0041E-01
   1.2000E+02   7.6188E-01
   1.2100E+02   7.3480E-01
   1.2200E+02   7.1528E-01
   1.2300E+02   7.2509E-01
   1.2400E+02   7.7016E-01
   1.2500E+02   8.5139E-01
   1.2600E+02   9.7595E-01
   1.2700E+02   1.0871E+00
   1.2800E+02   1.1250E+00
   1.2900E+02   1.1008E+00
   1.3000E+02   1.0175E+00
   1.3100E+02   9.1983E-01
   1.3200E+02   8.7186E-01
   1.3300E+02   8.6121E-01
   1.3400E+02   8.8818E-01
   1.3500E+02   8.9583E-01
   1.3600E+02   8.7393E-01
   1.3700E+02   8.1469E-01
   1.3800E+02   7.4726E-01
   1.3900E+02   7.2831E-01
   1.4000E+02   7.8737E-01
   1.4100E+02   9.0833E-01
   1.4200E+02   1.1098E+00
   1.4300E+02   1.3052E+00
   1.4400E+02   1.4093E+00
   1.4500E+02   1.5023E+00
   1.4600E+02   1.5524E+00
   1.4700E+02   1.5251E+00
   1.4800E+02   1.4315E+00
   1.4900E+02   1.2884E+00
   1.5000E+02   1.0881E+00
   1.5100E+02   9.4378E-01
   1.5200E+02   8.5613E-01
   1.5300E+02   8.2858E-01
   1.5400E+02   8.5509E-01
   1.5500E+02   8.8375E-01
   1.5600E+02   9.1180E-01
   1.5700E+02   9.5218E-01
   1.5800E+02   9.9309E-01
   1.5900E+02   1.0781E+00
   1.6000E+02   1.1859E+00
   1.6100E+02   1.3422E+00
   1.6200E+02   1.4538E+00
   1.6300E+02   1.4724E+00
   1.6400E+02   1.4103E+00
   1.6500E+02   1.2269E+00
   1.6600E+02   1.0301E+00
   1.6700E+02   9.0690E-01
   1.6800E+02   7.9304E-01
   1.6900E+02   7.4644E-01
   1.7000E+02   7.4042E-01
   1.7100E+02   7.6715E-01
   1.7200E+02   8.5416E-01
   1.7300E+02   9.1175E-01
   1.7400E+02   9.8023E-01
   1.7500E+02   1.0103E+00
   1.7600E+02   1.0007E+00
   1.7700E+02   9.4361E-01
   1.7700E+02   1.0000E+00
   1.7700E+02   9.5213E-01
   1.7800E+02   9.0713E-01
   1.7900E+02   9.0364E-01
   1.8000E+02   9.3070E-01
   1.8100E+02   9.9748E-01
   1.8100E+02   1.0000E+00
   1.8100E+02   9.7511E-01
   1.8200E+02   1.0383E+00
   1.8300E+02   1.0999E+00
   1.8400E+02   1.1678E+00
   1.8500E+02   1.2233E+00
   1.8600E+02   1.2104E+00
   1.8700E+02   1.1253E+00
   1.8700E+02   1.0000E+00
   1.8700E+02   1.1616E+00
   1.8800E+02   1.0178E+00
   1.8900E+02   8.5876E-01
   1.9000E+02   7.9260E-01
   1.9100E+02   8.4522E-01
   1.9200E+02   1.0007E+00
   1.9300E+02   1.2516E+00
   1.9400E+02   1.4358E+00
   1.9500E+02   1.5567E+00
   1.9600E+02   1.5982E+00
   1.9700E+02   1.5886E+00
   1.9800E+02   1.5650E+00
   1.9900E+02   1.5369E+00
   2.0000E+02   1.5164E+00
   2.0100E+02   1.4915E+00
   2.0200E+02   1.4107E+00
   2.0300E+02   1.3935E+00
   2.0400E+02   1.3227E+00
   2.0500E+02   1.2399E+00
   2.0600E+02   1.1828E+00
   2.0700E+02   1.1237E+00
   2.0800E+02   1.0615E+00
   2.0900E+02   1.0311E+00
   2.0900E+02   1.0000E+00
   2.0900E+02   1.0358E+00
   2.0900E+02   1.0000E+00
   2.0900E+02   1.0358E+00
   2.0900E+02   1.0000E+00
   2.0900E+02   1.0000E+00
   2.0900E+02   1.0358E+00
   2.1000E+02   9.8258E-01
   2.1100E+02   9.2381E-01
   2.1200E+02   8.7739E-01
   2.1300E+02   8.3813E-01
   2.1400E+02   8.3004E-01
   2.1500E+02   8.5473E-01
   2.1600E+02   8.8166E-01
   2.1700E+02   8.9662E-01
   2.1800E+02   9.1335E-01
   2.1900E+02   9.1631E-01
   2.1900E+02   1.0000E+00
   2.1900E+02   9.1631E-01
   2.2000E+02   9.0551E-01
   2.2100E+02   8.2110E-01
   2.2200E+02   7.2582E-01
   2.2200E+02   1.0000E+00
   2.2200E+02   7.7207E-01
   2.2300E+02   6.2206E-01
   2.2400E+02   4.3007E-01
   2.2500E+02   3.0298E-01
   2.2600E+02   2.7069E-01
   2.2700E+02   3.3032E-01
   2.2800E+02   4.5794E-01
   2.2900E+02   5.7450E-01
   2.3000E+02   6.2404E-01
   2.3100E+02   6.3089E-01
   2.3200E+02   6.0656E-01
   2.3200E+02   1.0000E+00
   2.3200E+02   6.1102E-01
   2.3200E+02   1.0000E+00
   2.3200E+02   6.1102E-01
   2.3200E+02   1.0000E+00
   2.3200E+02   6.1102E-01
   2.3200E+02   1.0000E+00
   2.3200E+02   6.1102E-01
   2.3200E+02   1.0000E+00
   2.3200E+02   6.1102E-01
   2.3200E+02   1.0000E+00
   2.3200E+02   6.1102E-01
   2.3300E+02   5.9065E-01
   2.3300E+02   1.0000E+00
   2.3300E+02   5.9065E-01
   2.3400E+02   5.7806E-01
   2.3400E+02   1.0000E+00
   2.3400E+02   5.7806E-01
   2.3500E+02   5.7325E-01
   2.3600E+02   5.7224E-01
   2.3700E+02   5.6748E-01
   2.3800E+02   5.5938E-01
   2.3900E+02   5.3928E-01
   2.4000E+02   5.1461E-01
   2.4100E+02   4.7949E-01
   2.4200E+02   4.3394E-01
   2.4300E+02   3.8942E-01
   2.4400E+02   3.6590E-01
   2.4500E+02   4.0291E-01
   2.4600E+02   4.4815E-01
   2.4600E+02   1.0000E+00
   2.4600E+02   4.3386E-01
   2.4700E+02   5.5864E-01
   2.4700E+02   1.0000E+00
   2.4700E+02   5.4107E-01
   2.4700E+02   1.0000E+00
   2.4700E+02   5.4107E-01
   2.4700E+02   1.0000E+00
   2.4700E+02   5.4107E-01
   2.4700E+02   1.0000E+00
   2.4700E+02   5.4107E-01
   2.4700E+02   1.0000E+00
   2.4700E+02   5.4107E-01
   2.4700E+02   1.0000E+00
   2.4700E+02   5.4107E-01
   2.4800E+02   6.6100E-01
   2.4800E+02   1.0000E+00
   2.4800E+02   6.6100E-01
   2.4900E+02   7.4626E-01
   2.4900E+02   1.0000E+00
   2.4900E+02   7.4626E-01
   2.5000E+02   7.9650E-01
   2.5100E+02   8.1131E-01
   2.5200E+02   8.1290E-01
   2.5300E+02   8.1999E-01
   2.5400E+02   8.2757E-01
   2.5500E+02   8.4313E-01
   2.5600E+02   8.6282E-01
   2.5700E+02   8.8628E-01
   2.5800E+02   9.2692E-01
   2.5900E+02   9.4495E-01
   2.6000E+02   9.6070E-01
   2.6100E+02   9.7420E-01
   2.6200E+02   9.9444E-01
   2.6300E+02   9.9780E-01
   2.6400E+02   9.7246E-01
   2.6500E+02   9.2092E-01
   2.6600E+02   8.2892E-01
   2.6700E+02   7.3993E-01
   2.6800E+02   6.6193E-01
   2.6900E+02   6.4223E-01
   2.7000E+02   6.7067E-01
   2.7100E+02   7.2815E-01
   2.7200E+02   7.7140E-01
   2.7300E+02   7.8630E-01
   2.7400E+02   7.8225E-01
   2.7500E+02   7.8688E-01
   2.7600E+02   8.4666E-01
   2.7700E+02   9.9310E-01
   2.7700E+02   1.0000E+00
   2.7700E+02   9.5484E-01
   2.7800E+02   1.1420E+00
   2.7900E+02   1.3454E+00
   2.8000E+02   1.5254E+00
   2.8100E+02   1.6686E+00
   2.8200E+02   1.7584E+00
   2.8300E+02   1.7874E+00
   2.8400E+02   1.7401E+00
   2.8500E+02   1.5848E+00
   2.8600E+02   1.3971E+00
   2.8700E+02   1.1625E+00
   2.8800E+02   1.0323E+00
   2.8900E+02   1.0094E+00
   2.9000E+02   1.0971E+00
   2.9100E+02   1.1864E+00
   2.9200E+02   1.2309E+00
   2.9300E+02   1.2145E+00
   2.9400E+02   1.1632E+00
   2.9500E+02   1.0795E+00
   2.9600E+02   1.0196E+00
   2.9700E+02   9.5237E-01
   2.9800E+02   8.9075E-01
   2.9900E+02   8.5323E-01
   3.0000E+02   8.6365E-01
   3.0100E+02   8.9456E-01
   3.0200E+02   9.6227E-01
   3.0300E+02   9.9187E-01
   3.0400E+02   9.5404E-01
   3.0500E+02   8.6989E-01
   3.0600E+02   7.4336E-01
   3.0700E+02   6.6102E-01
   3.0800E+02   6.6406E-01
   3.0900E+02   7.9860E-01
   3.1000E+02   8.9247E-01
   3.1100E+02   1.0271E+00
   3.1200E+02   1.1245E+00
   3.1300E+02   1.2030E+00
   3.1400E+02   1.2431E+00
   3.1500E+02   1.2744E+00
   3.1600E+02   1.2753E+00
   3.1700E+02   1.2677E+00
   3.1800E+02   1.2440E+00
   3.1900E+02   1.2069E+00
   3.2000E+02   1.1925E+00
   3.2100E+02   1.1579E+00
   3.2200E+02   1.1431E+00
   3.2300E+02   1.1289E+00
   3.2400E+02   1.1215E+00
   3.2500E+02   1.1251E+00
   3.2600E+02   1.1201E+00
   3.2700E+02   1.0821E+00
   3.2800E+02   1.0172E+00
   3.2800E+02   1.0000E+00
   3.2800E+02   1.0518E+00
   3.2900E+02   9.7913E-01
   3.3000E+02   9.1280E-01
   3.3100E+02   8.9986E-01
   3.3200E+02   9.3992E-01
   3.3200E+02   1.0000E+00
   3.3200E+02   9.2243E-01
   3.3300E+02   9.9554E-01
   3.3400E+02   1.0668E+00
   3.3500E+02   1.0887E+00
   3.3600E+02   1.0677E+00
   3.3700E+02   1.0078E+00
   3.3700E+02   1.0000E+00
   3.3700E+02   1.0119E+00
   3.3800E+02   9.6231E-01
   3.3900E+02   9.7223E-01
   3.3900E+02   1.0000E+00
   3.3900E+02   9.6527E-01
   3.4000E+02   1.0198E+00
   3.4100E+02   1.1221E+00
   3.4200E+02   1.2127E+00
   3.4300E+02   1.2483E+00
   3.4400E+02   1.2433E+00
   3.4500E+02   1.2104E+00
   3.4600E+02   1.1662E+00
   3.4700E+02   1.1243E+00
   3.4800E+02   1.0935E+00
   3.4900E+02   1.0503E+00
   3.5000E+02   1.0004E+00
   3.5100E+02   8.9938E-01
   3.5200E+02   7.7261E-01
   3.5300E+02   6.3834E-01
   3.5400E+02   5.5814E-01
   3.5500E+02   5.1597E-01
   3.5600E+02   5.2970E-01
   3.5700E+02   5.8096E-01
   3.5700E+02   1.0000E+00
   3.5700E+02   5.7647E-01
   3.5700E+02   1.0000E+00
   3.5700E+02   1.0000E+00
   3.5700E+02   1.0000E+00
   3.5700E+02   5.7647E-01
   3.5700E+02   1.0000E+00
   3.5700E+02   5.7647E-01
   3.5700E+02   1.0000E+00
   3.5700E+02   5.7647E-01
   3.5800E+02   5.9979E-01
   3.5800E+02   1.0000E+00
   3.5800E+02   6.0040E-01
   3.5800E+02   1.0000E+00
   3.5800E+02   6.0040E-01
