   0.0000E+00   1.0000E+00
   0.0000E+00   9.4656E-01
   1.0000E+00   9.4539E-01
   2.0000E+00   9.0775E-01
   3.0000E+00   8.9824E-01
   4.0000E+00   9.1503E-01
   5.0000E+00   9.6023E-01
   6.0000E+00   1.0174E+00
   7.0000E+00   1.0866E+00
   8.0000E+00   1.1661E+00
   9.0000E+00   1.2580E+00
   1.0000E+01   1.3262E+00
   1.1000E+01   1.3642E+00
   1.2000E+01   1.3713E+00
   1.3000E+01   1.3496E+00
   1.4000E+01   1.3135E+00
   1.5000E+01   1.2642E+00
   1.6000E+01   1.2195E+00
   1.7000E+01   1.1717E+00
   1.8000E+01   1.1441E+00
   1.9000E+01   1.1518E+00
   2.0000E+01   1.1938E+00
   2.1000E+01   1.2610E+00
   2.2000E+01   1.3012E+00
   2.3000E+01   1.2981E+00
   2.4000E+01   1.2514E+00
   2.5000E+01   1.1723E+00
   2.6000E+01   1.1191E+00
   2.7000E+01   1.0945E+00
   2.8000E+01   1.1032E+00
   2.9000E+01   1.1359E+00
   3.0000E+01   1.1605E+00
   3.1000E+01   1.1734E+00
   3.2000E+01   1.1756E+00
   3.3000E+01   1.1818E+00
   3.4000E+01   1.2222E+00
   3.5000E+01   1.3059E+00
   3.6000E+01   1.4258E+00
   3.7000E+01   1.5620E+00
   3.8000E+01   1.6563E+00
   3.9000E+01   1.7138E+00
   4.0000E+01   1.7269E+00
   4.1000E+01   1.7057E+00
   4.2000E+01   1.6666E+00
   4.3000E+01   1.6085E+00
   4.4000E+01   1.5284E+00
   4.5000E+01   1.4569E+00
   4.6000E+01   1.4252E+00
   4.7000E+01   1.4340E+00
   4.8000E+01   1.4815E+00
   4.9000E+01   1.5064E+00
   5.0000E+01   1.4598E+00
   5.1000E+01   1.3460E+00
   5.2000E+01   1.1633E+00
   5.3000E+01   1.0059E+00
   5.4000E+01   9.3634E-01
   5.5000E+01   9.4706E-01
   5.6000E+01   1.0318E+00
   5.7000E+01   1.1274E+00
   5.8000E+01   1.1999E+00
   5.9000E+01   1.2512E+00
   6.0000E+01   1.2839E+00
   6.1000E+01   1.3172E+00
   6.2000E+01   1.3548E+00
   6.3000E+01   1.4036E+00
   6.4000E+01   1.4557E+00
   6.5000E+01   1.4736E+00
   6.6000E+01   1.4489E+00
   6.7000E+01   1.3874E+00
   6.8000E+01   1.2997E+00
   6.9000E+01   1.2630E+00
   7.0000E+01   1.2908E+00
   7.1000E+01   1.3840E+00
   7.2000E+01   1.5191E+00
   7.3000E+01   1.6209E+00
   7.4000E+01   1.6850E+00
   7.5000E+01   1.7101E+00
   7.6000E+01   1.6906E+00
   7.7000E+01   1.6155E+00
   7.8000E+01   1.4838E+00
   7.9000E+01   1.2982E+00
   8.0000E+01   1.1091E+00
   8.1000E+01   1.0231E+00
   8.2000E+01   1.0448E+00
   8.3000E+01   1.1748E+00
   8.4000E+01   1.3381E+00
   8.5000E+01   1.4423E+00
   8.6000E+01   1.4782E+00
   8.7000E+01   1.4540E+00
   8.8000E+01   1.4005E+00
   8.9000E+01   1.3480E+00
   9.0000E+01   1.3032E+00
   9.1000E+01   1.2612E+00
   9.2000E+01   1.2561E+00
   9.3000E+01   1.3098E+00
   9.4000E+01   1.4229E+00
   9.5000E+01   1.5862E+00
   9.6000E+01   1.7102E+00
   9.7000E+01   1.7425E+00
   9.8000E+01   1.6817E+00
   9.9000E+01   1.5370E+00
   1.0000E+02   1.4150E+00
   1.0100E+02   1.3471E+00
   1.0200E+02   1.3358E+00
   1.0300E+02   1.3744E+00
   1.0400E+02   1.4043E+00
   1.0500E+02   1.4142E+00
   1.0600E+02   1.4024E+00
   1.0700E+02   1.3726E+00
   1.0800E+02   1.3332E+00
   1.0900E+02   1.2832E+00
   1.1000E+02   1.2281E+00
   1.1100E+02   1.1773E+00
   1.1200E+02   1.1578E+00
   1.1300E+02   1.1744E+00
   1.1400E+02   1.2283E+00
   1.1500E+02   1.2994E+00
   1.1600E+02   1.3282E+00
   1.1700E+02   1.3093E+00
   1.1800E+02   1.2432E+00
   1.1900E+02   1.1565E+00
   1.2000E+02   1.1052E+00
   1.2100E+02   1.0981E+00
   1.2200E+02   1.1314E+00
   1.2300E+02   1.1744E+00
   1.2400E+02   1.1886E+00
   1.2500E+02   1.1733E+00
   1.2600E+02   1.1260E+00
   1.2700E+02   1.0796E+00
   1.2800E+02   1.0698E+00
   1.2900E+02   1.0924E+00
   1.3000E+02   1.1507E+00
   1.3100E+02   1.1957E+00
   1.3200E+02   1.1978E+00
   1.3300E+02   1.1562E+00
   1.3400E+02   1.0708E+00
   1.3500E+02   9.9779E-01
   1.3600E+02   9.6915E-01
   1.3700E+02   9.8662E-01
   1.3800E+02   1.0460E+00
   1.3900E+02   1.1388E+00
   1.4000E+02   1.2571E+00
   1.4100E+02   1.3967E+00
   1.4200E+02   1.5477E+00
   1.4200E+02   1.0000E+00
   1.4200E+02   1.5471E+00
   1.4300E+02   1.6015E+00
   1.4400E+02   1.4803E+00
   1.4500E+02   1.2955E+00
   1.4600E+02   9.6230E-01
   1.4700E+02   7.0777E-01
   1.4800E+02   5.8130E-01
   1.4900E+02   5.8450E-01
   1.5000E+02   6.9083E-01
   1.5100E+02   8.1245E-01
   1.5200E+02   8.9583E-01
   1.5300E+02   9.7623E-01
   1.5300E+02   1.0000E+00
   1.5300E+02   9.6314E-01
   1.5400E+02   1.0384E+00
   1.5500E+02   1.0941E+00
   1.5600E+02   1.1588E+00
   1.5700E+02   1.2030E+00
   1.5800E+02   1.2435E+00
   1.5900E+02   1.2833E+00
   1.6000E+02   1.3241E+00
   1.6100E+02   1.3673E+00
   1.6200E+02   1.4023E+00
   1.6300E+02   1.4443E+00
   1.6400E+02   1.4817E+00
   1.6500E+02   1.4989E+00
   1.6600E+02   1.5308E+00
   1.6700E+02   1.5502E+00
   1.6800E+02   1.5922E+00
   1.6900E+02   1.6039E+00
   1.7000E+02   1.6127E+00
   1.7100E+02   1.6136E+00
   1.7200E+02   1.5944E+00
   1.7300E+02   1.5769E+00
   1.7400E+02   1.5636E+00
   1.7500E+02   1.5586E+00
   1.7600E+02   1.5757E+00
   1.7700E+02   1.5797E+00
   1.7800E+02   1.5717E+00
   1.7900E+02   1.5235E+00
   1.8000E+02   1.4260E+00
   1.8100E+02   1.3363E+00
   1.8200E+02   1.2496E+00
   1.8300E+02   1.2079E+00
   1.8400E+02   1.2254E+00
   1.8500E+02   1.2879E+00
   1.8600E+02   1.3330E+00
   1.8700E+02   1.3673E+00
   1.8800E+02   1.3840E+00
   1.8900E+02   1.3985E+00
   1.9000E+02   1.4151E+00
   1.9100E+02   1.4352E+00
   1.9200E+02   1.4636E+00
   1.9300E+02   1.5007E+00
   1.9400E+02   1.5254E+00
   1.9500E+02   1.5451E+00
   1.9600E+02   1.5543E+00
   1.9700E+02   1.5634E+00
   1.9800E+02   1.5647E+00
   1.9900E+02   1.5639E+00
   2.0000E+02   1.5610E+00
   2.0100E+02   1.5617E+00
   2.0200E+02   1.5780E+00
   2.0300E+02   1.5983E+00
   2.0400E+02   1.6426E+00
   2.0500E+02   1.6767E+00
   2.0600E+02   1.7095E+00
   2.0700E+02   1.7216E+00
   2.0800E+02   1.7228E+00
   2.0900E+02   1.7137E+00
   2.1000E+02   1.6984E+00
   2.1100E+02   1.6759E+00
   2.1200E+02   1.6463E+00
   2.1300E+02   1.6112E+00
   2.1400E+02   1.5964E+00
   2.1500E+02   1.5907E+00
   2.1600E+02   1.5922E+00
   2.1700E+02   1.5918E+00
   2.1800E+02   1.5843E+00
   2.1900E+02   1.5758E+00
   2.2000E+02   1.5652E+00
   2.2100E+02   1.5624E+00
   2.2200E+02   1.5746E+00
   2.2300E+02   1.6092E+00
   2.2400E+02   1.6446E+00
   2.2500E+02   1.6609E+00
   2.2600E+02   1.6310E+00
   2.2700E+02   1.5984E+00
   2.2800E+02   1.5342E+00
   2.2900E+02   1.4675E+00
   2.3000E+02   1.4200E+00
   2.3100E+02   1.4105E+00
   2.3200E+02   1.4038E+00
   2.3300E+02   1.3933E+00
   2.3400E+02   1.3712E+00
   2.3500E+02   1.3441E+00
   2.3600E+02   1.3162E+00
   2.3700E+02   1.2840E+00
   2.3800E+02   1.2375E+00
   2.3900E+02   1.2085E+00
   2.4000E+02   1.1728E+00
   2.4100E+02   1.1144E+00
   2.4200E+02   1.0220E+00
   2.4200E+02   1.0000E+00
   2.4200E+02   1.0594E+00
   2.4200E+02   1.0000E+00
   2.4200E+02   1.0000E+00
   2.4200E+02   1.0000E+00
   2.4200E+02   1.0594E+00
   2.4200E+02   1.0000E+00
   2.4200E+02   1.0594E+00
   2.4300E+02   9.7965E-01
   2.4400E+02   9.0923E-01
   2.4500E+02   8.8534E-01
   2.4600E+02   9.3630E-01
   2.4700E+02   9.9798E-01
   2.4700E+02   1.0000E+00
   2.4700E+02   9.7032E-01
   2.4800E+02   1.0636E+00
   2.4900E+02   1.1543E+00
   2.5000E+02   1.2480E+00
   2.5100E+02   1.3545E+00
   2.5200E+02   1.4034E+00
   2.5300E+02   1.4435E+00
   2.5400E+02   1.4468E+00
   2.5500E+02   1.4126E+00
   2.5600E+02   1.3814E+00
   2.5700E+02   1.3389E+00
   2.5800E+02   1.2920E+00
   2.5900E+02   1.2607E+00
   2.6000E+02   1.2083E+00
   2.6100E+02   1.1762E+00
   2.6200E+02   1.1429E+00
   2.6300E+02   1.0976E+00
   2.6400E+02   1.0309E+00
   2.6400E+02   1.0000E+00
   2.6400E+02   1.0627E+00
   2.6500E+02   1.0064E+00
   2.6500E+02   1.0000E+00
   2.6500E+02   1.0140E+00
   2.6500E+02   1.0000E+00
   2.6500E+02   1.0000E+00
   2.6500E+02   1.0000E+00
   2.6500E+02   1.0140E+00
   2.6600E+02   9.5498E-01
   2.6700E+02   9.0636E-01
   2.6800E+02   9.1786E-01
   2.6900E+02   9.5387E-01
   2.6900E+02   1.0000E+00
   2.6900E+02   9.5196E-01
   2.7000E+02   1.0646E+00
   2.7100E+02   1.2118E+00
   2.7200E+02   1.2937E+00
   2.7300E+02   1.2979E+00
   2.7400E+02   1.2169E+00
   2.7500E+02   1.0966E+00
   2.7600E+02   1.0285E+00
   2.7700E+02   1.0005E+00
   2.7800E+02   1.0151E+00
   2.7900E+02   1.0544E+00
   2.7900E+02   1.0000E+00
   2.7900E+02   1.0544E+00
   2.8000E+02   1.0721E+00
   2.8100E+02   1.0483E+00
   2.8200E+02   1.0185E+00
   2.8200E+02   1.0000E+00
   2.8200E+02   1.0257E+00
   2.8200E+02   1.0000E+00
   2.8200E+02   1.0000E+00
   2.8200E+02   1.0000E+00
   2.8200E+02   1.0257E+00
   2.8200E+02   1.0000E+00
   2.8200E+02   1.0257E+00
   2.8300E+02   9.6942E-01
   2.8400E+02   9.4080E-01
   2.8500E+02   9.3554E-01
   2.8600E+02   9.5773E-01
   2.8700E+02   9.8029E-01
   2.8800E+02   9.8407E-01
   2.8900E+02   9.5788E-01
   2.9000E+02   9.3372E-01
   2.9100E+02   9.2043E-01
   2.9200E+02   9.1161E-01
   2.9200E+02   1.0000E+00
   2.9200E+02   9.1161E-01
   2.9300E+02   9.2362E-01
   2.9400E+02   9.4824E-01
   2.9500E+02   9.9330E-01
   2.9500E+02   1.0000E+00
   2.9500E+02   9.9226E-01
   2.9600E+02   1.0596E+00
   2.9700E+02   1.1690E+00
   2.9800E+02   1.2661E+00
   2.9900E+02   1.3660E+00
   3.0000E+02   1.4415E+00
   3.0100E+02   1.4936E+00
   3.0200E+02   1.5273E+00
   3.0300E+02   1.5379E+00
   3.0400E+02   1.5226E+00
   3.0500E+02   1.5016E+00
   3.0600E+02   1.4785E+00
   3.0700E+02   1.4684E+00
   3.0800E+02   1.5008E+00
   3.0900E+02   1.5725E+00
   3.1000E+02   1.6291E+00
   3.1100E+02   1.6529E+00
   3.1200E+02   1.6044E+00
   3.1300E+02   1.4389E+00
   3.1400E+02   1.2952E+00
   3.1500E+02   1.1932E+00
   3.1600E+02   1.1888E+00
   3.1700E+02   1.2792E+00
   3.1800E+02   1.4003E+00
   3.1900E+02   1.4935E+00
   3.2000E+02   1.4977E+00
   3.2100E+02   1.4162E+00
   3.2200E+02   1.3312E+00
   3.2300E+02   1.2085E+00
   3.2400E+02   1.0610E+00
   3.2500E+02   9.2555E-01
   3.2600E+02   8.0699E-01
   3.2700E+02   8.1805E-01
   3.2800E+02   9.7076E-01
   3.2900E+02   1.2053E+00
   3.3000E+02   1.4475E+00
   3.3100E+02   1.5497E+00
   3.3200E+02   1.4880E+00
   3.3300E+02   1.2745E+00
   3.3400E+02   1.0478E+00
   3.3500E+02   9.7330E-01
   3.3600E+02   1.0591E+00
   3.3700E+02   1.2982E+00
   3.3800E+02   1.5002E+00
   3.3900E+02   1.5990E+00
   3.4000E+02   1.5832E+00
   3.4100E+02   1.4584E+00
   3.4200E+02   1.3185E+00
   3.4300E+02   1.2184E+00
   3.4400E+02   1.1500E+00
   3.4500E+02   1.1489E+00
   3.4600E+02   1.1739E+00
   3.4700E+02   1.2725E+00
   3.4800E+02   1.3959E+00
   3.4900E+02   1.4926E+00
   3.5000E+02   1.5583E+00
   3.5100E+02   1.5195E+00
   3.5200E+02   1.3979E+00
   3.5300E+02   1.1799E+00
   3.5400E+02   9.9741E-01
   3.5500E+02   8.6865E-01
   3.5600E+02   7.9612E-01
   3.5700E+02   7.9844E-01
   3.5800E+02   8.3794E-01
   3.5900E+02   9.5677E-01
   3.5900E+02   1.0000E+00
   3.5900E+02   9.3767E-01
   3.6000E+02   1.1118E+00
   3.6100E+02   1.2823E+00
   3.6200E+02   1.4273E+00
   3.6300E+02   1.5188E+00
   3.6400E+02   1.5479E+00
   3.6500E+02   1.5206E+00
   3.6600E+02   1.4677E+00
   3.6700E+02   1.3757E+00
   3.6800E+02   1.2281E+00
   3.6900E+02   1.0820E+00
   3.7000E+02   1.0043E+00
   3.7100E+02   9.9936E-01
   3.7200E+02   1.0619E+00
   3.7300E+02   1.1806E+00
   3.7400E+02   1.3085E+00
   3.7500E+02   1.4299E+00
   3.7600E+02   1.6266E+00
   3.7700E+02   1.7310E+00
   3.7800E+02   1.7130E+00
   3.7900E+02   1.6069E+00
   3.8000E+02   1.3775E+00
   3.8100E+02   1.1571E+00
   3.8200E+02   1.0721E+00
   3.8300E+02   1.1120E+00
   3.8400E+02   1.2581E+00
   3.8500E+02   1.3651E+00
   3.8600E+02   1.3892E+00
   3.8700E+02   1.2761E+00
   3.8800E+02   1.1399E+00
   3.8900E+02   1.0063E+00
   3.9000E+02   8.8234E-01
   3.9100E+02   7.7735E-01
   3.9200E+02   7.1479E-01
   3.9300E+02   6.8644E-01
   3.9400E+02   6.9556E-01
   3.9500E+02   7.6088E-01
   3.9600E+02   8.1412E-01
   3.9700E+02   9.1843E-01
   3.9700E+02   1.0000E+00
   3.9700E+02   8.9046E-01
   3.9800E+02   1.0049E+00
   3.9900E+02   1.1390E+00
   4.0000E+02   1.2901E+00
   4.0100E+02   1.3974E+00
   4.0200E+02   1.4772E+00
   4.0300E+02   1.5084E+00
   4.0400E+02   1.5002E+00
   4.0500E+02   1.4337E+00
   4.0600E+02   1.3010E+00
   4.0700E+02   1.0936E+00
   4.0800E+02   9.2744E-01
   4.0900E+02   8.4005E-01
   4.1000E+02   8.6863E-01
   4.1000E+02   1.0000E+00
   4.1000E+02   8.6841E-01
   4.1100E+02   1.0107E+00
   4.1200E+02   1.2098E+00
   4.1300E+02   1.3385E+00
   4.1400E+02   1.3920E+00
   4.1500E+02   1.3826E+00
   4.1600E+02   1.3626E+00
   4.1700E+02   1.3654E+00
   4.1800E+02   1.3920E+00
   4.1800E+02   1.0000E+00
   4.1800E+02   1.3794E+00
   4.1900E+02   1.4194E+00
   4.2000E+02   1.4571E+00
   4.2100E+02   1.4843E+00
   4.2200E+02   1.4879E+00
   4.2300E+02   1.4785E+00
   4.2400E+02   1.4799E+00
   4.2500E+02   1.4937E+00
   4.2600E+02   1.5164E+00
   4.2700E+02   1.5523E+00
   4.2800E+02   1.5547E+00
   4.2900E+02   1.4789E+00
   4.3000E+02   1.3984E+00
   4.3100E+02   1.2439E+00
   4.3200E+02   1.1026E+00
   4.3300E+02   1.0324E+00
   4.3400E+02   1.0160E+00
   4.3500E+02   1.0361E+00
   4.3600E+02   1.0392E+00
   4.3700E+02   1.0043E+00
   4.3700E+02   1.0000E+00
   4.3700E+02   1.0201E+00
   4.3700E+02   1.0000E+00
   4.3700E+02   1.0000E+00
   4.3700E+02   1.0000E+00
   4.3700E+02   1.0201E+00
   4.3800E+02   9.6907E-01
   4.3900E+02   9.1199E-01
   4.4000E+02   9.0696E-01
   4.4100E+02   9.4093E-01
   4.4100E+02   1.0000E+00
   4.4100E+02   9.3173E-01
   4.4100E+02   1.0000E+00
   4.4100E+02   9.3173E-01
   4.4200E+02   1.0149E+00
   4.4200E+02   1.0000E+00
   4.4200E+02   1.0149E+00
   4.4300E+02   1.1321E+00
   4.4300E+02   1.0000E+00
   4.4300E+02   1.1321E+00
   4.4400E+02   1.2335E+00
   4.4500E+02   1.2956E+00
   4.4600E+02   1.3171E+00
   4.4700E+02   1.3113E+00
   4.4800E+02   1.2955E+00
   4.4900E+02   1.2283E+00
   4.5000E+02   1.1742E+00
   4.5100E+02   1.1361E+00
   4.5200E+02   1.0733E+00
   4.5200E+02   1.0000E+00
   4.5200E+02   1.0820E+00
   4.5300E+02   1.0230E+00
   4.5300E+02   1.0000E+00
   4.5300E+02   1.0239E+00
   4.5300E+02   1.0000E+00
   4.5300E+02   1.0000E+00
   4.5300E+02   1.0239E+00
   4.5300E+02   1.0000E+00
   4.5300E+02   1.0239E+00
   4.5300E+02   1.0000E+00
   4.5300E+02   1.0239E+00
   4.5400E+02   9.6549E-01
   4.5500E+02   9.2870E-01
   4.5600E+02   9.3341E-01
   4.5700E+02   9.6241E-01
   4.5700E+02   1.0000E+00
   4.5700E+02   9.5441E-01
   4.5800E+02   1.0169E+00
   4.5900E+02   1.1089E+00
   4.6000E+02   1.1898E+00
   4.6100E+02   1.3102E+00
   4.6200E+02   1.3816E+00
   4.6300E+02   1.4293E+00
   4.6400E+02   1.4503E+00
   4.6500E+02   1.4278E+00
   4.6600E+02   1.3721E+00
   4.6700E+02   1.3064E+00
   4.6800E+02   1.2797E+00
   4.6900E+02   1.2726E+00
   4.7000E+02   1.2868E+00
   4.7100E+02   1.3068E+00
   4.7200E+02   1.3181E+00
   4.7300E+02   1.3210E+00
   4.7400E+02   1.3197E+00
   4.7500E+02   1.2918E+00
   4.7600E+02   1.2651E+00
   4.7700E+02   1.1864E+00
   4.7800E+02   1.1561E+00
   4.7900E+02   1.1405E+00
   4.8000E+02   1.1626E+00
   4.8100E+02   1.2663E+00
   4.8200E+02   1.3136E+00
   4.8300E+02   1.3867E+00
   4.8300E+02   1.0000E+00
   4.8300E+02   1.3762E+00
   4.8400E+02   1.4157E+00
   4.8500E+02   1.4223E+00
   4.8600E+02   1.4135E+00
   4.8700E+02   1.4163E+00
   4.8800E+02   1.4468E+00
   4.8900E+02   1.4705E+00
   4.9000E+02   1.5047E+00
   4.9100E+02   1.5279E+00
   4.9200E+02   1.5410E+00
   4.9300E+02   1.5368E+00
   4.9400E+02   1.5275E+00
   4.9500E+02   1.5148E+00
   4.9600E+02   1.4796E+00
   4.9700E+02   1.4676E+00
   4.9800E+02   1.4445E+00
   4.9900E+02   1.4428E+00
   5.0000E+02   1.4489E+00
   5.0100E+02   1.4740E+00
   5.0200E+02   1.4937E+00
   5.0300E+02   1.4959E+00
   5.0400E+02   1.4785E+00
   5.0500E+02   1.4583E+00
   5.0600E+02   1.4327E+00
   5.0700E+02   1.4198E+00
   5.0800E+02   1.4148E+00
   5.0900E+02   1.4225E+00
   5.1000E+02   1.4297E+00
   5.1100E+02   1.4474E+00
   5.1200E+02   1.4579E+00
   5.1300E+02   1.4683E+00
   5.1400E+02   1.4729E+00
   5.1500E+02   1.4645E+00
   5.1600E+02   1.4314E+00
   5.1600E+02   1.0000E+00
   5.1600E+02   1.4466E+00
   5.1700E+02   1.4058E+00
   5.1800E+02   1.3456E+00
   5.1900E+02   1.2475E+00
   5.2000E+02   1.1106E+00
   5.2000E+02   1.0000E+00
   5.2000E+02   1.1210E+00
   5.2100E+02   9.6342E-01
   5.2200E+02   8.4961E-01
   5.2300E+02   7.8162E-01
   5.2400E+02   7.6657E-01
   5.2500E+02   7.8772E-01
   5.2600E+02   8.0533E-01
   5.2700E+02   8.1521E-01
   5.2800E+02   8.2162E-01
   5.2900E+02   8.3290E-01
   5.3000E+02   8.8934E-01
   5.3100E+02   9.7498E-01
   5.3100E+02   1.0000E+00
   5.3100E+02   9.3671E-01
   5.3200E+02   1.0520E+00
   5.3300E+02   1.1545E+00
   5.3400E+02   1.2349E+00
   5.3500E+02   1.2741E+00
   5.3600E+02   1.2713E+00
   5.3700E+02   1.2606E+00
   5.3800E+02   1.2703E+00
   5.3900E+02   1.3061E+00
   5.4000E+02   1.3416E+00
   5.4100E+02   1.3862E+00
   5.4100E+02   1.0000E+00
   5.4100E+02   1.3755E+00
   5.4200E+02   1.4586E+00
   5.4300E+02   1.5492E+00
   5.4400E+02   1.6423E+00
   5.4500E+02   1.6851E+00
   5.4600E+02   1.6381E+00
   5.4700E+02   1.5272E+00
   5.4800E+02   1.3454E+00
   5.4900E+02   1.1913E+00
   5.5000E+02   1.1400E+00
   5.5100E+02   1.2023E+00
   5.5200E+02   1.3424E+00
   5.5300E+02   1.4734E+00
   5.5400E+02   1.5100E+00
   5.5500E+02   1.4811E+00
   5.5600E+02   1.3898E+00
   5.5700E+02   1.3451E+00
   5.5800E+02   1.3868E+00
   5.5900E+02   1.4987E+00
   5.6000E+02   1.6628E+00
   5.6100E+02   1.7219E+00
   5.6200E+02   1.6490E+00
   5.6300E+02   1.4612E+00
   5.6400E+02   1.1751E+00
   5.6500E+02   9.7097E-01
   5.6600E+02   8.2775E-01
   5.6700E+02   7.8312E-01
   5.6800E+02   8.3718E-01
   5.6900E+02   9.5027E-01
   5.6900E+02   1.0000E+00
   5.6900E+02   9.0660E-01
   5.7000E+02   1.0762E+00
   5.7100E+02   1.3008E+00
   5.7200E+02   1.5385E+00
   5.7300E+02   1.6657E+00
   5.7400E+02   1.6715E+00
   5.7500E+02   1.5759E+00
   5.7600E+02   1.4300E+00
   5.7700E+02   1.3642E+00
   5.7800E+02   1.3798E+00
   5.7900E+02   1.4564E+00
   5.8000E+02   1.5490E+00
   5.8100E+02   1.5488E+00
   5.8200E+02   1.4590E+00
   5.8300E+02   1.3043E+00
   5.8400E+02   1.1218E+00
   5.8500E+02   1.0329E+00
   5.8600E+02   9.9746E-01
   5.8700E+02   1.0190E+00
   5.8800E+02   1.0470E+00
   5.8900E+02   1.0369E+00
   5.9000E+02   1.0126E+00
   5.9000E+02   1.0000E+00
   5.9000E+02   1.0136E+00
   5.9000E+02   1.0000E+00
   5.9000E+02   1.0136E+00
   5.9000E+02   1.0000E+00
   5.9000E+02   1.0136E+00
   5.9100E+02   9.4772E-01
   5.9200E+02   9.1183E-01
   5.9300E+02   9.5735E-01
   5.9300E+02   1.0000E+00
   5.9300E+02   9.1708E-01
   5.9400E+02   9.6791E-01
   5.9400E+02   1.0000E+00
   5.9400E+02   9.5859E-01
   5.9400E+02   1.0000E+00
   5.9400E+02   9.5859E-01
   5.9400E+02   1.0000E+00
   5.9400E+02   9.5859E-01
   5.9400E+02   1.0000E+00
   5.9400E+02   9.5859E-01
   5.9400E+02   1.0000E+00
   5.9400E+02   9.5859E-01
   5.9400E+02   1.0000E+00
   5.9400E+02   9.5859E-01
   5.9400E+02   1.0000E+00
   5.9400E+02   9.5859E-01
   5.9400E+02   1.0000E+00
   5.9400E+02   9.5859E-01
