   0.0000E+00   1.0000E+00
   0.0000E+00   9.2126E-01
   1.0000E+00   9.1771E-01
   2.0000E+00   8.1804E-01
   3.0000E+00   7.1171E-01
   4.0000E+00   6.5836E-01
   5.0000E+00   6.6720E-01
   6.0000E+00   7.4455E-01
   7.0000E+00   8.7378E-01
   8.0000E+00   9.6883E-01
   9.0000E+00   1.0220E+00
   1.0000E+01   1.0245E+00
   1.1000E+01   9.8633E-01
   1.2000E+01   9.3285E-01
   1.3000E+01   8.7525E-01
   1.4000E+01   8.0455E-01
   1.5000E+01   7.3451E-01
   1.6000E+01   6.5837E-01
   1.7000E+01   5.8756E-01
   1.8000E+01   5.0793E-01
   1.9000E+01   4.4016E-01
   2.0000E+01   3.8659E-01
   2.1000E+01   3.5235E-01
   2.2000E+01   3.3775E-01
   2.3000E+01   3.3351E-01
   2.4000E+01   3.2245E-01
   2.5000E+01   3.0713E-01
   2.6000E+01   2.9013E-01
   2.7000E+01   2.7400E-01
   2.8000E+01   2.7383E-01
   2.9000E+01   2.8752E-01
   3.0000E+01   3.1925E-01
   3.1000E+01   3.6015E-01
   3.2000E+01   4.0924E-01
   3.3000E+01   4.7035E-01
   3.4000E+01   5.3324E-01
   3.5000E+01   5.9523E-01
   3.6000E+01   6.3487E-01
   3.7000E+01   6.5913E-01
   3.8000E+01   6.6261E-01
   3.9000E+01   6.6841E-01
   4.0000E+01   6.8134E-01
   4.1000E+01   7.0745E-01
   4.2000E+01   7.3832E-01
   4.3000E+01   7.7451E-01
   4.4000E+01   8.1070E-01
   4.5000E+01   8.4448E-01
   4.6000E+01   8.8270E-01
   4.7000E+01   9.3649E-01
   4.8000E+01   1.0094E+00
   4.9000E+01   1.1029E+00
   5.0000E+01   1.2080E+00
   5.1000E+01   1.2657E+00
   5.2000E+01   1.2715E+00
   5.3000E+01   1.2227E+00
   5.4000E+01   1.1330E+00
   5.5000E+01   1.0457E+00
   5.6000E+01   9.8449E-01
   5.7000E+01   9.3081E-01
   5.8000E+01   8.9889E-01
   5.9000E+01   8.9166E-01
   6.0000E+01   9.0978E-01
   6.1000E+01   9.5582E-01
   6.2000E+01   1.0290E+00
   6.3000E+01   1.1235E+00
   6.4000E+01   1.2503E+00
   6.5000E+01   1.3958E+00
   6.6000E+01   1.5327E+00
   6.7000E+01   1.5841E+00
   6.8000E+01   1.5471E+00
   6.9000E+01   1.4293E+00
   7.0000E+01   1.2665E+00
   7.1000E+01   1.1203E+00
   7.2000E+01   9.8403E-01
   7.3000E+01   8.5771E-01
   7.4000E+01   7.8533E-01
   7.5000E+01   7.8525E-01
   7.6000E+01   8.6049E-01
   7.7000E+01   1.0071E+00
   7.8000E+01   1.1602E+00
   7.9000E+01   1.2649E+00
   8.0000E+01   1.3235E+00
   8.1000E+01   1.3362E+00
   8.2000E+01   1.3386E+00
   8.3000E+01   1.3423E+00
   8.4000E+01   1.3492E+00
   8.5000E+01   1.3526E+00
   8.6000E+01   1.3300E+00
   8.7000E+01   1.2707E+00
   8.8000E+01   1.1716E+00
   8.9000E+01   1.0516E+00
   9.0000E+01   1.0035E+00
   9.1000E+01   1.0480E+00
   9.2000E+01   1.1878E+00
   9.3000E+01   1.3945E+00
   9.4000E+01   1.5168E+00
   9.5000E+01   1.5268E+00
   9.6000E+01   1.4261E+00
   9.6000E+01   1.0000E+00
   9.6000E+01   1.4264E+00
   9.7000E+01   1.2425E+00
   9.8000E+01   1.1088E+00
   9.9000E+01   1.0340E+00
   1.0000E+02   1.0395E+00
   1.0100E+02   1.0753E+00
   1.0200E+02   1.1145E+00
   1.0300E+02   1.1288E+00
   1.0400E+02   1.1334E+00
   1.0500E+02   1.1459E+00
   1.0600E+02   1.1990E+00
   1.0700E+02   1.2890E+00
   1.0800E+02   1.4051E+00
   1.0900E+02   1.5107E+00
   1.1000E+02   1.4998E+00
   1.1100E+02   1.4028E+00
   1.1200E+02   1.1629E+00
   1.1300E+02   9.5991E-01
   1.1400E+02   8.0853E-01
   1.1500E+02   7.5479E-01
   1.1600E+02   7.9502E-01
   1.1700E+02   8.5905E-01
   1.1800E+02   9.1270E-01
   1.1900E+02   9.8005E-01
   1.1900E+02   1.0000E+00
   1.1900E+02   9.7915E-01
   1.2000E+02   1.0509E+00
   1.2100E+02   1.1107E+00
   1.2200E+02   1.1516E+00
   1.2300E+02   1.1706E+00
   1.2400E+02   1.1807E+00
   1.2500E+02   1.2134E+00
   1.2600E+02   1.2613E+00
   1.2700E+02   1.3330E+00
   1.2800E+02   1.4219E+00
   1.2900E+02   1.4816E+00
   1.3000E+02   1.4896E+00
   1.3100E+02   1.4410E+00
   1.3200E+02   1.3798E+00
   1.3300E+02   1.2981E+00
   1.3400E+02   1.2302E+00
   1.3500E+02   1.1642E+00
   1.3600E+02   1.1206E+00
   1.3700E+02   1.0513E+00
   1.3800E+02   9.9914E-01
   1.3900E+02   9.1270E-01
   1.4000E+02   8.3368E-01
   1.4100E+02   7.7687E-01
   1.4200E+02   7.2947E-01
   1.4300E+02   7.0452E-01
   1.4400E+02   6.9146E-01
   1.4400E+02   1.0000E+00
   1.4400E+02   6.9282E-01
   1.4500E+02   6.8606E-01
   1.4600E+02   6.8857E-01
   1.4700E+02   6.9618E-01
   1.4800E+02   7.0010E-01
   1.4900E+02   6.8199E-01
   1.5000E+02   6.5138E-01
   1.5100E+02   6.0646E-01
   1.5200E+02   5.5641E-01
   1.5300E+02   5.1261E-01
   1.5400E+02   4.9451E-01
   1.5500E+02   4.8882E-01
   1.5600E+02   5.0005E-01
   1.5700E+02   5.2356E-01
   1.5800E+02   5.7845E-01
   1.5800E+02   1.0000E+00
   1.5800E+02   5.6372E-01
   1.5900E+02   6.2342E-01
   1.6000E+02   6.9540E-01
   1.6100E+02   7.7049E-01
   1.6200E+02   8.4683E-01
   1.6300E+02   9.4142E-01
   1.6400E+02   9.9966E-01
   1.6500E+02   1.0434E+00
   1.6600E+02   1.0726E+00
   1.6700E+02   1.0840E+00
   1.6800E+02   1.0955E+00
   1.6900E+02   1.1177E+00
   1.7000E+02   1.1341E+00
   1.7100E+02   1.1349E+00
   1.7200E+02   1.1215E+00
   1.7300E+02   1.0522E+00
   1.7300E+02   1.0000E+00
   1.7300E+02   1.0774E+00
   1.7300E+02   1.0000E+00
   1.7300E+02   1.0000E+00
   1.7300E+02   1.0000E+00
   1.7300E+02   1.0774E+00
   1.7300E+02   1.0000E+00
   1.7300E+02   1.0774E+00
   1.7400E+02   9.9791E-01
   1.7500E+02   8.9808E-01
   1.7600E+02   8.6856E-01
   1.7700E+02   9.1008E-01
   1.7700E+02   1.0000E+00
   1.7700E+02   9.1006E-01
   1.7800E+02   1.0397E+00
   1.7900E+02   1.2318E+00
   1.8000E+02   1.3425E+00
   1.8100E+02   1.3807E+00
   1.8200E+02   1.3258E+00
   1.8300E+02   1.2841E+00
   1.8400E+02   1.2780E+00
   1.8500E+02   1.3481E+00
   1.8600E+02   1.4455E+00
   1.8700E+02   1.5842E+00
   1.8800E+02   1.6133E+00
   1.8900E+02   1.5360E+00
   1.9000E+02   1.4108E+00
   1.9100E+02   1.2243E+00
   1.9200E+02   1.1347E+00
   1.9300E+02   1.1428E+00
   1.9400E+02   1.2177E+00
   1.9500E+02   1.2767E+00
   1.9600E+02   1.2763E+00
   1.9700E+02   1.2140E+00
   1.9800E+02   1.0802E+00
   1.9900E+02   9.4949E-01
   2.0000E+02   8.8430E-01
   2.0100E+02   9.0671E-01
   2.0200E+02   9.8576E-01
   2.0300E+02   1.0360E+00
   2.0400E+02   1.0435E+00
   2.0400E+02   1.0000E+00
   2.0400E+02   1.0460E+00
   2.0500E+02   1.0051E+00
   2.0600E+02   9.1166E-01
   2.0700E+02   8.4513E-01
   2.0800E+02   8.3706E-01
   2.0900E+02   8.8240E-01
   2.1000E+02   9.5358E-01
   2.1100E+02   1.0520E+00
   2.1200E+02   1.1628E+00
   2.1300E+02   1.2677E+00
   2.1400E+02   1.3425E+00
   2.1500E+02   1.4066E+00
   2.1600E+02   1.4457E+00
   2.1700E+02   1.4560E+00
   2.1800E+02   1.4368E+00
   2.1900E+02   1.4281E+00
   2.2000E+02   1.4201E+00
   2.2100E+02   1.4189E+00
   2.2200E+02   1.4108E+00
   2.2300E+02   1.3638E+00
   2.2400E+02   1.2614E+00
   2.2500E+02   1.1304E+00
   2.2600E+02   9.9476E-01
   2.2700E+02   8.8556E-01
   2.2800E+02   8.5620E-01
   2.2900E+02   8.9224E-01
   2.3000E+02   9.0999E-01
   2.3100E+02   8.9437E-01
   2.3200E+02   8.3297E-01
   2.3300E+02   6.8983E-01
   2.3400E+02   5.9957E-01
   2.3500E+02   5.1531E-01
   2.3600E+02   4.9069E-01
   2.3700E+02   5.2043E-01
   2.3800E+02   5.8080E-01
   2.3800E+02   1.0000E+00
   2.3800E+02   5.5369E-01
   2.3800E+02   1.0000E+00
   2.3800E+02   1.0000E+00
   2.3800E+02   1.0000E+00
   2.3800E+02   5.5369E-01
   2.3800E+02   1.0000E+00
   2.3800E+02   5.5369E-01
   2.3800E+02   1.0000E+00
   2.3800E+02   5.5369E-01
   2.3900E+02   6.2250E-01
   2.3900E+02   1.0000E+00
   2.3900E+02   6.2250E-01
   2.4000E+02   7.1191E-01
   2.4000E+02   1.0000E+00
   2.4000E+02   7.1191E-01
   2.4100E+02   8.3267E-01
   2.4200E+02   9.1227E-01
   2.4300E+02   9.3162E-01
   2.4400E+02   8.8786E-01
   2.4500E+02   8.1600E-01
   2.4600E+02   7.4485E-01
   2.4700E+02   6.8526E-01
   2.4800E+02   6.4711E-01
   2.4900E+02   6.3803E-01
   2.5000E+02   6.2390E-01
   2.5000E+02   1.0000E+00
   2.5000E+02   6.2591E-01
   2.5000E+02   1.0000E+00
   2.5000E+02   1.0000E+00
   2.5000E+02   1.0000E+00
   2.5000E+02   6.2591E-01
   2.5000E+02   1.0000E+00
   2.5000E+02   6.2591E-01
   2.5000E+02   1.0000E+00
   2.5000E+02   6.2591E-01
   2.5100E+02   6.0031E-01
   2.5100E+02   1.0000E+00
   2.5100E+02   5.9848E-01
   2.5200E+02   5.5821E-01
   2.5200E+02   1.0000E+00
   2.5200E+02   5.5821E-01
   2.5300E+02   5.0555E-01
   2.5400E+02   5.0945E-01
   2.5400E+02   1.0000E+00
   2.5400E+02   5.0672E-01
   2.5500E+02   5.8174E-01
   2.5500E+02   1.0000E+00
   2.5500E+02   5.6087E-01
   2.5600E+02   6.8647E-01
   2.5700E+02   8.4124E-01
   2.5800E+02   9.7516E-01
   2.5900E+02   1.0548E+00
   2.6000E+02   1.0983E+00
   2.6100E+02   1.1090E+00
   2.6200E+02   1.1104E+00
   2.6300E+02   1.1069E+00
   2.6400E+02   1.0995E+00
   2.6500E+02   1.0909E+00
   2.6600E+02   1.0842E+00
   2.6700E+02   1.0793E+00
   2.6800E+02   1.0764E+00
   2.6900E+02   1.0872E+00
   2.7000E+02   1.1263E+00
   2.7100E+02   1.1944E+00
   2.7200E+02   1.3152E+00
   2.7300E+02   1.4014E+00
   2.7400E+02   1.4654E+00
   2.7500E+02   1.4824E+00
   2.7600E+02   1.4512E+00
   2.7700E+02   1.4002E+00
   2.7800E+02   1.3365E+00
   2.7900E+02   1.2450E+00
   2.8000E+02   1.1630E+00
   2.8100E+02   1.0858E+00
   2.8200E+02   1.0347E+00
   2.8300E+02   1.0312E+00
   2.8400E+02   1.0581E+00
   2.8500E+02   1.0840E+00
   2.8600E+02   1.1061E+00
   2.8700E+02   1.1122E+00
   2.8800E+02   1.1101E+00
   2.8900E+02   1.1001E+00
   2.9000E+02   1.0927E+00
   2.9100E+02   1.0663E+00
   2.9200E+02   1.0661E+00
   2.9300E+02   1.1122E+00
   2.9400E+02   1.1897E+00
   2.9500E+02   1.3207E+00
   2.9600E+02   1.4281E+00
   2.9700E+02   1.5202E+00
   2.9800E+02   1.5173E+00
   2.9900E+02   1.4110E+00
   3.0000E+02   1.2895E+00
   3.0100E+02   1.1622E+00
   3.0200E+02   1.1169E+00
   3.0300E+02   1.1075E+00
   3.0400E+02   1.1284E+00
   3.0500E+02   1.1285E+00
   3.0600E+02   1.1023E+00
   3.0700E+02   1.0724E+00
   3.0700E+02   1.0000E+00
   3.0700E+02   1.0815E+00
   3.0800E+02   1.0019E+00
   3.0800E+02   1.0000E+00
   3.0800E+02   1.0257E+00
   3.0900E+02   9.4631E-01
   3.1000E+02   8.3263E-01
   3.1100E+02   7.2542E-01
   3.1200E+02   6.3940E-01
   3.1300E+02   6.2971E-01
   3.1400E+02   7.0194E-01
   3.1500E+02   8.7615E-01
   3.1600E+02   1.0185E+00
   3.1700E+02   1.1552E+00
   3.1800E+02   1.2582E+00
   3.1900E+02   1.2995E+00
   3.2000E+02   1.3478E+00
   3.2100E+02   1.3914E+00
   3.2200E+02   1.4596E+00
   3.2300E+02   1.5695E+00
   3.2400E+02   1.6323E+00
   3.2500E+02   1.6852E+00
   3.2600E+02   1.7135E+00
   3.2700E+02   1.7174E+00
   3.2800E+02   1.7001E+00
   3.2900E+02   1.6519E+00
   3.3000E+02   1.5872E+00
   3.3100E+02   1.5336E+00
   3.3200E+02   1.4886E+00
   3.3300E+02   1.4520E+00
   3.3400E+02   1.4235E+00
   3.3500E+02   1.4203E+00
   3.3600E+02   1.4288E+00
   3.3700E+02   1.4422E+00
   3.3800E+02   1.4617E+00
   3.3900E+02   1.4954E+00
   3.4000E+02   1.5358E+00
   3.4100E+02   1.5829E+00
   3.4200E+02   1.6401E+00
   3.4300E+02   1.6522E+00
   3.4400E+02   1.6579E+00
   3.4500E+02   1.6270E+00
   3.4600E+02   1.5489E+00
   3.4700E+02   1.4649E+00
   3.4800E+02   1.3975E+00
   3.4900E+02   1.3076E+00
   3.5000E+02   1.2315E+00
   3.5100E+02   1.1633E+00
   3.5200E+02   1.1587E+00
   3.5300E+02   1.2009E+00
   3.5400E+02   1.3034E+00
   3.5500E+02   1.3488E+00
   3.5600E+02   1.3404E+00
   3.5700E+02   1.2585E+00
   3.5800E+02   1.1013E+00
   3.5900E+02   9.4776E-01
   3.6000E+02   8.6320E-01
   3.6100E+02   8.5752E-01
   3.6200E+02   9.1745E-01
   3.6300E+02   9.8803E-01
   3.6400E+02   1.0239E+00
   3.6500E+02   1.0129E+00
   3.6500E+02   1.0000E+00
   3.6500E+02   1.0208E+00
   3.6600E+02   9.7805E-01
   3.6700E+02   9.7337E-01
   3.6700E+02   1.0000E+00
   3.6700E+02   9.6806E-01
   3.6800E+02   1.0275E+00
   3.6900E+02   1.1532E+00
   3.7000E+02   1.3528E+00
   3.7100E+02   1.4897E+00
   3.7200E+02   1.5242E+00
   3.7300E+02   1.4336E+00
   3.7400E+02   1.3261E+00
   3.7500E+02   1.1659E+00
   3.7600E+02   1.0447E+00
   3.7700E+02   9.5682E-01
   3.7800E+02   8.8302E-01
   3.7900E+02   8.6332E-01
   3.8000E+02   9.0144E-01
   3.8000E+02   1.0000E+00
   3.8000E+02   8.9685E-01
   3.8100E+02   9.8926E-01
   3.8200E+02   1.1402E+00
   3.8300E+02   1.2451E+00
   3.8400E+02   1.3028E+00
   3.8500E+02   1.3140E+00
   3.8600E+02   1.2990E+00
   3.8700E+02   1.2915E+00
   3.8800E+02   1.2899E+00
   3.8900E+02   1.3020E+00
   3.9000E+02   1.3175E+00
   3.9100E+02   1.3405E+00
   3.9100E+02   1.0000E+00
   3.9100E+02   1.3349E+00
   3.9200E+02   1.3808E+00
   3.9300E+02   1.4308E+00
   3.9400E+02   1.4716E+00
   3.9500E+02   1.4651E+00
   3.9600E+02   1.4089E+00
   3.9700E+02   1.3004E+00
   3.9800E+02   1.1689E+00
   3.9900E+02   1.0808E+00
   3.9900E+02   1.0000E+00
   3.9900E+02   1.0843E+00
   3.9900E+02   1.0000E+00
   3.9900E+02   1.0000E+00
   3.9900E+02   1.0843E+00
   3.9900E+02   1.0000E+00
   3.9900E+02   1.0843E+00
   3.9900E+02   1.0000E+00
   3.9900E+02   1.0843E+00
   3.9900E+02   1.0000E+00
   3.9900E+02   1.0843E+00
   4.0000E+02   1.0029E+00
   4.0000E+02   1.0000E+00
   4.0000E+02   1.0029E+00
   4.0000E+02   1.0000E+00
   4.0000E+02   1.0029E+00
