   0.0000E+00   1.0000E+00
   0.0000E+00   9.5432E-01
   1.0000E+00   9.5192E-01
   2.0000E+00   8.8689E-01
   3.0000E+00   8.0383E-01
   4.0000E+00   7.0333E-01
   5.0000E+00   6.0094E-01
   6.0000E+00   5.2939E-01
   7.0000E+00   4.8925E-01
   8.0000E+00   4.8433E-01
   9.0000E+00   4.9440E-01
   1.0000E+01   4.8940E-01
   1.1000E+01   4.6762E-01
   1.2000E+01   4.2832E-01
   1.3000E+01   4.0276E-01
   1.4000E+01   4.1593E-01
   1.5000E+01   4.6960E-01
   1.6000E+01   5.6021E-01
   1.7000E+01   6.7536E-01
   1.8000E+01   7.8629E-01
   1.9000E+01   8.9010E-01
   2.0000E+01   9.8736E-01
   2.1000E+01   1.0549E+00
   2.2000E+01   1.0649E+00
   2.3000E+01   1.0194E+00
   2.4000E+01   9.2240E-01
   2.5000E+01   7.9910E-01
   2.6000E+01   6.6146E-01
   2.7000E+01   5.3159E-01
   2.8000E+01   3.9397E-01
   2.9000E+01   3.5993E-01
   3.0000E+01   4.6682E-01
   3.1000E+01   7.2157E-01
   3.2000E+01   1.0992E+00
   3.3000E+01   1.3716E+00
   3.4000E+01   1.4698E+00
   3.5000E+01   1.3976E+00
   3.6000E+01   1.1668E+00
   3.7000E+01   9.1282E-01
   3.8000E+01   6.4921E-01
   3.9000E+01   3.8018E-01
   4.0000E+01   1.3817E-01
   4.1000E+01   1.7962E-02
   4.2000E+01   4.3127E-02
   4.3000E+01   2.0877E-01
   4.4000E+01   4.7199E-01
   4.5000E+01   6.6146E-01
   4.6000E+01   7.6151E-01
   4.7000E+01   7.6888E-01
   4.8000E+01   7.1558E-01
   4.9000E+01   6.5696E-01
   5.0000E+01   6.0865E-01
   5.1000E+01   5.6401E-01
   5.2000E+01   5.3944E-01
   5.3000E+01   5.6877E-01
   5.4000E+01   6.5342E-01
   5.5000E+01   7.9580E-01
   5.6000E+01   9.3594E-01
   5.7000E+01   1.0038E+00
   5.8000E+01   1.0030E+00
   5.9000E+01   9.3098E-01
   6.0000E+01   8.3848E-01
   6.1000E+01   7.6896E-01
   6.2000E+01   7.2744E-01
   6.3000E+01   7.1236E-01
   6.4000E+01   7.5160E-01
   6.5000E+01   8.6383E-01
   6.6000E+01   1.0488E+00
   6.7000E+01   1.3089E+00
   6.8000E+01   1.5084E+00
   6.9000E+01   1.6050E+00
   7.0000E+01   1.5932E+00
   7.1000E+01   1.4783E+00
   7.2000E+01   1.3683E+00
   7.3000E+01   1.2828E+00
   7.4000E+01   1.2241E+00
   7.5000E+01   1.1957E+00
   7.6000E+01   1.2015E+00
   7.7000E+01   1.2395E+00
   7.8000E+01   1.3131E+00
   7.9000E+01   1.4112E+00
   8.0000E+01   1.4908E+00
   8.1000E+01   1.5412E+00
   8.2000E+01   1.5623E+00
   8.3000E+01   1.5657E+00
   8.4000E+01   1.5862E+00
   8.5000E+01   1.6201E+00
   8.6000E+01   1.6804E+00
   8.7000E+01   1.7352E+00
   8.8000E+01   1.7424E+00
   8.9000E+01   1.6936E+00
   9.0000E+01   1.5883E+00
   9.1000E+01   1.4651E+00
   9.2000E+01   1.3928E+00
   9.3000E+01   1.3769E+00
   9.4000E+01   1.4163E+00
   9.5000E+01   1.4731E+00
   9.6000E+01   1.4812E+00
   9.7000E+01   1.4434E+00
   9.8000E+01   1.3608E+00
   9.9000E+01   1.2611E+00
   1.0000E+02   1.1861E+00
   1.0100E+02   1.1327E+00
   1.0200E+02   1.0995E+00
   1.0300E+02   1.0795E+00
   1.0400E+02   1.0657E+00
   1.0500E+02   1.0519E+00
   1.0600E+02   1.0461E+00
   1.0700E+02   1.0652E+00
   1.0800E+02   1.1257E+00
   1.0900E+02   1.2213E+00
   1.1000E+02   1.3557E+00
   1.1100E+02   1.4630E+00
   1.1200E+02   1.5067E+00
   1.1300E+02   1.4939E+00
   1.1400E+02   1.4266E+00
   1.1500E+02   1.3729E+00
   1.1600E+02   1.3492E+00
   1.1700E+02   1.3548E+00
   1.1800E+02   1.3810E+00
   1.1900E+02   1.3785E+00
   1.2000E+02   1.3382E+00
   1.2100E+02   1.2557E+00
   1.2200E+02   1.1508E+00
   1.2300E+02   1.1081E+00
   1.2400E+02   1.1359E+00
   1.2500E+02   1.2354E+00
   1.2600E+02   1.3846E+00
   1.2700E+02   1.4878E+00
   1.2800E+02   1.5390E+00
   1.2900E+02   1.5370E+00
   1.3000E+02   1.5011E+00
   1.3100E+02   1.4757E+00
   1.3200E+02   1.4598E+00
   1.3300E+02   1.4574E+00
   1.3400E+02   1.4658E+00
   1.3500E+02   1.4801E+00
   1.3600E+02   1.4962E+00
   1.3700E+02   1.5235E+00
   1.3800E+02   1.5559E+00
   1.3900E+02   1.5862E+00
   1.4000E+02   1.6178E+00
   1.4100E+02   1.6460E+00
   1.4200E+02   1.6640E+00
   1.4300E+02   1.6653E+00
   1.4400E+02   1.6487E+00
   1.4500E+02   1.6122E+00
   1.4600E+02   1.5598E+00
   1.4700E+02   1.4922E+00
   1.4800E+02   1.4005E+00
   1.4900E+02   1.3073E+00
   1.5000E+02   1.2407E+00
   1.5100E+02   1.2299E+00
   1.5200E+02   1.2715E+00
   1.5300E+02   1.3648E+00
   1.5400E+02   1.4409E+00
   1.5500E+02   1.4769E+00
   1.5600E+02   1.4700E+00
   1.5700E+02   1.4287E+00
   1.5800E+02   1.3735E+00
   1.5900E+02   1.3168E+00
   1.6000E+02   1.2550E+00
   1.6100E+02   1.1937E+00
   1.6200E+02   1.1812E+00
   1.6300E+02   1.2187E+00
   1.6400E+02   1.3064E+00
   1.6500E+02   1.4311E+00
   1.6600E+02   1.5191E+00
   1.6700E+02   1.5606E+00
   1.6800E+02   1.5549E+00
   1.6900E+02   1.5203E+00
   1.7000E+02   1.5103E+00
   1.7100E+02   1.5272E+00
   1.7200E+02   1.5692E+00
   1.7300E+02   1.6124E+00
   1.7400E+02   1.5979E+00
   1.7500E+02   1.5230E+00
   1.7600E+02   1.3933E+00
   1.7700E+02   1.2546E+00
   1.7800E+02   1.2097E+00
   1.7900E+02   1.2541E+00
   1.8000E+02   1.3899E+00
   1.8100E+02   1.5403E+00
   1.8200E+02   1.6126E+00
   1.8300E+02   1.6054E+00
   1.8400E+02   1.5167E+00
   1.8500E+02   1.4326E+00
   1.8600E+02   1.4031E+00
   1.8700E+02   1.4342E+00
   1.8800E+02   1.5210E+00
   1.8900E+02   1.6145E+00
   1.9000E+02   1.6701E+00
   1.9100E+02   1.7031E+00
   1.9200E+02   1.7057E+00
   1.9300E+02   1.6974E+00
   1.9400E+02   1.6834E+00
   1.9500E+02   1.6652E+00
   1.9600E+02   1.6479E+00
   1.9700E+02   1.6240E+00
   1.9800E+02   1.6053E+00
   1.9900E+02   1.5872E+00
   2.0000E+02   1.5670E+00
   2.0100E+02   1.5412E+00
   2.0200E+02   1.5080E+00
   2.0300E+02   1.4683E+00
   2.0400E+02   1.4259E+00
   2.0500E+02   1.4080E+00
   2.0600E+02   1.4189E+00
   2.0700E+02   1.4564E+00
   2.0800E+02   1.5156E+00
   2.0900E+02   1.5699E+00
   2.1000E+02   1.6229E+00
   2.1100E+02   1.6655E+00
   2.1200E+02   1.6990E+00
   2.1300E+02   1.7138E+00
   2.1400E+02   1.7100E+00
   2.1500E+02   1.6879E+00
   2.1600E+02   1.6569E+00
   2.1700E+02   1.6412E+00
   2.1800E+02   1.6401E+00
   2.1900E+02   1.6521E+00
   2.2000E+02   1.6690E+00
   2.2100E+02   1.6759E+00
   2.2200E+02   1.6699E+00
   2.2300E+02   1.6548E+00
   2.2400E+02   1.6363E+00
   2.2500E+02   1.6128E+00
   2.2600E+02   1.5877E+00
   2.2700E+02   1.5535E+00
   2.2800E+02   1.5331E+00
   2.2900E+02   1.5229E+00
   2.3000E+02   1.5266E+00
   2.3100E+02   1.5376E+00
   2.3200E+02   1.5494E+00
   2.3300E+02   1.5512E+00
   2.3400E+02   1.5450E+00
   2.3500E+02   1.5307E+00
   2.3600E+02   1.5179E+00
   2.3700E+02   1.5122E+00
   2.3800E+02   1.5120E+00
   2.3900E+02   1.5178E+00
   2.4000E+02   1.5279E+00
   2.4100E+02   1.5367E+00
   2.4200E+02   1.5513E+00
   2.4300E+02   1.5714E+00
   2.4400E+02   1.5951E+00
   2.4500E+02   1.6149E+00
   2.4600E+02   1.6420E+00
   2.4700E+02   1.6658E+00
   2.4800E+02   1.6698E+00
   2.4900E+02   1.6502E+00
   2.5000E+02   1.6086E+00
   2.5100E+02   1.5574E+00
   2.5200E+02   1.5427E+00
   2.5300E+02   1.5673E+00
   2.5400E+02   1.6343E+00
   2.5500E+02   1.7133E+00
   2.5600E+02   1.7474E+00
   2.5700E+02   1.7332E+00
   2.5800E+02   1.6686E+00
   2.5900E+02   1.5784E+00
   2.6000E+02   1.5152E+00
   2.6100E+02   1.4631E+00
   2.6200E+02   1.4363E+00
   2.6300E+02   1.4172E+00
   2.6400E+02   1.4019E+00
   2.6500E+02   1.3859E+00
   2.6600E+02   1.3734E+00
   2.6700E+02   1.3650E+00
   2.6800E+02   1.3663E+00
   2.6900E+02   1.3787E+00
   2.7000E+02   1.3964E+00
   2.7100E+02   1.4205E+00
   2.7200E+02   1.4602E+00
   2.7300E+02   1.5006E+00
   2.7400E+02   1.5519E+00
   2.7500E+02   1.5640E+00
   2.7600E+02   1.5193E+00
   2.7700E+02   1.4154E+00
   2.7800E+02   1.2607E+00
   2.7900E+02   1.1379E+00
   2.8000E+02   1.0720E+00
   2.8100E+02   1.0684E+00
   2.8200E+02   1.1211E+00
   2.8300E+02   1.1889E+00
   2.8400E+02   1.2794E+00
   2.8500E+02   1.3793E+00
   2.8600E+02   1.4841E+00
   2.8700E+02   1.5293E+00
   2.8800E+02   1.5032E+00
   2.8900E+02   1.4023E+00
   2.9000E+02   1.2670E+00
   2.9100E+02   1.1766E+00
   2.9200E+02   1.1557E+00
   2.9300E+02   1.1980E+00
   2.9400E+02   1.2872E+00
   2.9500E+02   1.3489E+00
   2.9600E+02   1.3897E+00
   2.9700E+02   1.4081E+00
   2.9800E+02   1.4108E+00
   2.9900E+02   1.4146E+00
   3.0000E+02   1.4203E+00
   3.0100E+02   1.4232E+00
   3.0200E+02   1.4169E+00
   3.0300E+02   1.3851E+00
   3.0400E+02   1.3243E+00
   3.0500E+02   1.2343E+00
   3.0600E+02   1.1660E+00
   3.0700E+02   1.1496E+00
   3.0800E+02   1.1890E+00
   3.0900E+02   1.2851E+00
   3.1000E+02   1.3805E+00
   3.1100E+02   1.4394E+00
   3.1200E+02   1.4603E+00
   3.1300E+02   1.4467E+00
   3.1400E+02   1.4419E+00
   3.1500E+02   1.4693E+00
   3.1600E+02   1.5270E+00
   3.1700E+02   1.6149E+00
   3.1800E+02   1.6852E+00
   3.1900E+02   1.7220E+00
   3.2000E+02   1.7239E+00
   3.2100E+02   1.6924E+00
   3.2200E+02   1.6345E+00
   3.2300E+02   1.5470E+00
   3.2400E+02   1.4454E+00
   3.2500E+02   1.3253E+00
   3.2600E+02   1.2295E+00
   3.2700E+02   1.1802E+00
   3.2800E+02   1.1682E+00
   3.2900E+02   1.1846E+00
   3.3000E+02   1.1799E+00
   3.3100E+02   1.1444E+00
   3.3200E+02   1.0839E+00
   3.3200E+02   1.0000E+00
   3.3200E+02   1.0853E+00
   3.3200E+02   1.0000E+00
   3.3200E+02   1.0000E+00
   3.3200E+02   1.0000E+00
   3.3200E+02   1.0853E+00
   3.3200E+02   1.0000E+00
   3.3200E+02   1.0853E+00
   3.3200E+02   1.0000E+00
   3.3200E+02   1.0853E+00
   3.3300E+02   9.9960E-01
   3.3300E+02   1.0000E+00
   3.3300E+02   9.9960E-01
   3.3400E+02   9.0542E-01
   3.3400E+02   1.0000E+00
   3.3400E+02   9.0542E-01
   3.3500E+02   7.9220E-01
   3.3600E+02   6.7030E-01
   3.3700E+02   5.9957E-01
   3.3800E+02   5.6104E-01
   3.3900E+02   5.8412E-01
   3.3900E+02   1.0000E+00
   3.3900E+02   5.8356E-01
   3.4000E+02   6.8429E-01
   3.4100E+02   7.9533E-01
   3.4200E+02   9.3246E-01
   3.4300E+02   1.0608E+00
   3.4400E+02   1.2280E+00
   3.4500E+02   1.3213E+00
   3.4600E+02   1.3814E+00
   3.4700E+02   1.3807E+00
   3.4800E+02   1.3241E+00
   3.4900E+02   1.2581E+00
   3.5000E+02   1.2312E+00
   3.5100E+02   1.2450E+00
   3.5200E+02   1.3008E+00
   3.5300E+02   1.3596E+00
   3.5400E+02   1.3905E+00
   3.5500E+02   1.4140E+00
   3.5600E+02   1.4228E+00
   3.5700E+02   1.4192E+00
   3.5800E+02   1.4132E+00
   3.5800E+02   1.0000E+00
   3.5800E+02   1.4133E+00
   3.5900E+02   1.3941E+00
   3.6000E+02   1.3664E+00
   3.6100E+02   1.3414E+00
   3.6200E+02   1.3311E+00
   3.6300E+02   1.3277E+00
   3.6400E+02   1.3384E+00
   3.6500E+02   1.3703E+00
   3.6600E+02   1.3945E+00
   3.6600E+02   1.0000E+00
   3.6600E+02   1.3861E+00
   3.6700E+02   1.4499E+00
   3.6800E+02   1.5068E+00
   3.6900E+02   1.5468E+00
   3.7000E+02   1.5731E+00
   3.7100E+02   1.5702E+00
   3.7200E+02   1.5640E+00
   3.7300E+02   1.5653E+00
   3.7400E+02   1.5788E+00
   3.7500E+02   1.5938E+00
   3.7600E+02   1.6218E+00
   3.7700E+02   1.6407E+00
   3.7800E+02   1.6594E+00
   3.7900E+02   1.6671E+00
   3.8000E+02   1.6739E+00
   3.8100E+02   1.6708E+00
   3.8200E+02   1.6628E+00
   3.8300E+02   1.6383E+00
   3.8400E+02   1.6383E+00
   3.8500E+02   1.5997E+00
   3.8600E+02   1.5477E+00
   3.8700E+02   1.5477E+00
   3.8800E+02   1.5212E+00
   3.8900E+02   1.5102E+00
   3.9000E+02   1.5117E+00
   3.9100E+02   1.5246E+00
   3.9200E+02   1.5141E+00
   3.9300E+02   1.4354E+00
   3.9400E+02   1.3536E+00
   3.9500E+02   1.1735E+00
   3.9600E+02   1.0680E+00
   3.9700E+02   1.0157E+00
   3.9800E+02   1.0438E+00
   3.9900E+02   1.1179E+00
   4.0000E+02   1.2356E+00
   4.0100E+02   1.3195E+00
   4.0200E+02   1.4329E+00
   4.0300E+02   1.5577E+00
   4.0400E+02   1.6504E+00
   4.0500E+02   1.6847E+00
   4.0600E+02   1.6760E+00
   4.0700E+02   1.6475E+00
   4.0800E+02   1.6010E+00
   4.0900E+02   1.5722E+00
   4.1000E+02   1.5617E+00
   4.1100E+02   1.5521E+00
   4.1200E+02   1.5655E+00
   4.1300E+02   1.6060E+00
   4.1400E+02   1.6544E+00
   4.1500E+02   1.7006E+00
   4.1600E+02   1.7161E+00
   4.1700E+02   1.6608E+00
   4.1800E+02   1.6170E+00
   4.1900E+02   1.5144E+00
   4.2000E+02   1.4688E+00
   4.2100E+02   1.4714E+00
   4.2200E+02   1.5247E+00
   4.2300E+02   1.5629E+00
   4.2400E+02   1.5956E+00
   4.2500E+02   1.6384E+00
   4.2600E+02   1.6475E+00
   4.2700E+02   1.6608E+00
   4.2800E+02   1.6662E+00
   4.2900E+02   1.6710E+00
   4.3000E+02   1.6771E+00
   4.3100E+02   1.6727E+00
   4.3200E+02   1.6421E+00
   4.3300E+02   1.6167E+00
   4.3400E+02   1.5579E+00
   4.3500E+02   1.5264E+00
   4.3600E+02   1.4834E+00
   4.3700E+02   1.4671E+00
   4.3800E+02   1.4587E+00
   4.3900E+02   1.4488E+00
   4.4000E+02   1.4311E+00
   4.4100E+02   1.4174E+00
   4.4100E+02   1.0000E+00
   4.4100E+02   1.4282E+00
   4.4200E+02   1.4044E+00
   4.4300E+02   1.3867E+00
   4.4400E+02   1.3460E+00
   4.4500E+02   1.2884E+00
   4.4600E+02   1.2469E+00
   4.4700E+02   1.2140E+00
   4.4800E+02   1.2181E+00
   4.4900E+02   1.2617E+00
   4.5000E+02   1.3224E+00
   4.5100E+02   1.3953E+00
   4.5200E+02   1.4894E+00
   4.5300E+02   1.6050E+00
   4.5400E+02   1.6922E+00
   4.5500E+02   1.7080E+00
   4.5600E+02   1.6249E+00
   4.5700E+02   1.4701E+00
   4.5800E+02   1.2816E+00
   4.5900E+02   1.1858E+00
   4.6000E+02   1.1970E+00
   4.6100E+02   1.3585E+00
   4.6200E+02   1.4861E+00
   4.6300E+02   1.5753E+00
   4.6400E+02   1.5685E+00
   4.6500E+02   1.5056E+00
   4.6600E+02   1.4032E+00
   4.6700E+02   1.3748E+00
   4.6800E+02   1.3970E+00
   4.6900E+02   1.4801E+00
   4.7000E+02   1.5999E+00
   4.7100E+02   1.6708E+00
   4.7200E+02   1.7335E+00
   4.7300E+02   1.7744E+00
   4.7400E+02   1.7658E+00
   4.7500E+02   1.7365E+00
   4.7600E+02   1.6362E+00
   4.7700E+02   1.5492E+00
   4.7800E+02   1.4691E+00
   4.7900E+02   1.4352E+00
   4.8000E+02   1.4609E+00
   4.8100E+02   1.5333E+00
   4.8200E+02   1.5564E+00
   4.8300E+02   1.4644E+00
   4.8400E+02   1.3611E+00
   4.8500E+02   1.1441E+00
   4.8600E+02   1.0234E+00
   4.8700E+02   1.0554E+00
   4.8800E+02   1.2692E+00
   4.8900E+02   1.5114E+00
   4.9000E+02   1.7028E+00
   4.9100E+02   1.7521E+00
   4.9200E+02   1.6425E+00
   4.9300E+02   1.4675E+00
   4.9400E+02   1.3069E+00
   4.9500E+02   1.2131E+00
   4.9600E+02   1.1900E+00
   4.9700E+02   1.2256E+00
   4.9800E+02   1.2673E+00
   4.9900E+02   1.3316E+00
   5.0000E+02   1.4107E+00
   5.0100E+02   1.4947E+00
   5.0200E+02   1.5033E+00
   5.0300E+02   1.4591E+00
   5.0400E+02   1.3471E+00
   5.0500E+02   1.2103E+00
   5.0600E+02   1.1627E+00
   5.0700E+02   1.1916E+00
   5.0800E+02   1.2856E+00
   5.0900E+02   1.3795E+00
   5.1000E+02   1.4543E+00
   5.1100E+02   1.4785E+00
   5.1200E+02   1.4631E+00
   5.1300E+02   1.4432E+00
   5.1400E+02   1.4648E+00
   5.1500E+02   1.4873E+00
   5.1600E+02   1.5640E+00
   5.1700E+02   1.5976E+00
   5.1800E+02   1.6039E+00
   5.1900E+02   1.5634E+00
   5.2000E+02   1.5072E+00
   5.2100E+02   1.4384E+00
   5.2200E+02   1.3940E+00
   5.2300E+02   1.3661E+00
   5.2400E+02   1.3629E+00
   5.2500E+02   1.3706E+00
   5.2600E+02   1.3917E+00
   5.2600E+02   1.0000E+00
   5.2600E+02   1.3803E+00
   5.2700E+02   1.4015E+00
   5.2800E+02   1.4329E+00
   5.2900E+02   1.4593E+00
   5.3000E+02   1.4758E+00
   5.3100E+02   1.4855E+00
   5.3200E+02   1.4908E+00
   5.3300E+02   1.4889E+00
   5.3400E+02   1.4889E+00
   5.3500E+02   1.4776E+00
   5.3600E+02   1.4728E+00
   5.3700E+02   1.4715E+00
   5.3800E+02   1.4841E+00
   5.3900E+02   1.5015E+00
   5.4000E+02   1.5087E+00
   5.4100E+02   1.4407E+00
   5.4200E+02   1.3789E+00
   5.4300E+02   1.2155E+00
   5.4400E+02   1.0747E+00
   5.4500E+02   1.0147E+00
   5.4600E+02   1.0573E+00
   5.4700E+02   1.2547E+00
   5.4800E+02   1.3549E+00
   5.4900E+02   1.3956E+00
   5.5000E+02   1.3281E+00
   5.5100E+02   1.1276E+00
   5.5200E+02   9.6961E-01
   5.5300E+02   8.4526E-01
   5.5400E+02   7.9266E-01
   5.5500E+02   8.3943E-01
   5.5600E+02   8.9451E-01
   5.5700E+02   9.6992E-01
   5.5800E+02   1.0769E+00
   5.5900E+02   1.2086E+00
   5.6000E+02   1.2910E+00
   5.6100E+02   1.3398E+00
   5.6200E+02   1.3485E+00
   5.6300E+02   1.3079E+00
   5.6400E+02   1.2614E+00
   5.6500E+02   1.2078E+00
   5.6600E+02   1.1041E+00
   5.6700E+02   1.0595E+00
   5.6800E+02   1.0368E+00
   5.6900E+02   1.0673E+00
   5.7000E+02   1.1566E+00
   5.7100E+02   1.2793E+00
   5.7200E+02   1.3982E+00
   5.7300E+02   1.4720E+00
   5.7400E+02   1.5138E+00
   5.7500E+02   1.5234E+00
   5.7600E+02   1.5002E+00
   5.7700E+02   1.4399E+00
   5.7800E+02   1.3636E+00
   5.7900E+02   1.2498E+00
   5.8000E+02   1.1632E+00
   5.8100E+02   1.0882E+00
   5.8200E+02   1.0346E+00
   5.8200E+02   1.0000E+00
   5.8200E+02   1.0383E+00
   5.8200E+02   1.0000E+00
   5.8200E+02   1.0383E+00
   5.8200E+02   1.0000E+00
   5.8200E+02   1.0383E+00
   5.8200E+02   1.0000E+00
   5.8200E+02   1.0383E+00
   5.8200E+02   1.0000E+00
   5.8200E+02   1.0383E+00
   5.8200E+02   1.0000E+00
   5.8200E+02   1.0383E+00
   5.8300E+02   1.0024E+00
   5.8300E+02   1.0000E+00
   5.8300E+02   1.0024E+00
   5.8300E+02   1.0000E+00
   5.8300E+02   1.0024E+00
