   0.0000E+00   1.0000E+00
   0.0000E+00   1.0312E+00
   1.0000E+00   1.0333E+00
   2.0000E+00   1.1126E+00
   3.0000E+00   1.1734E+00
   4.0000E+00   1.2150E+00
   5.0000E+00   1.2439E+00
   6.0000E+00   1.2433E+00
   7.0000E+00   1.2164E+00
   8.0000E+00   1.1704E+00
   9.0000E+00   1.1004E+00
   1.0000E+01   1.0671E+00
   1.1000E+01   1.0737E+00
   1.2000E+01   1.1225E+00
   1.3000E+01   1.1977E+00
   1.4000E+01   1.2182E+00
   1.5000E+01   1.1735E+00
   1.6000E+01   1.0681E+00
   1.7000E+01   9.2066E-01
   1.8000E+01   7.8460E-01
   1.9000E+01   6.7677E-01
   2.0000E+01   5.9112E-01
   2.1000E+01   5.5148E-01
   2.2000E+01   6.1786E-01
   2.3000E+01   7.9349E-01
   2.4000E+01   1.0742E+00
   2.5000E+01   1.3763E+00
   2.6000E+01   1.5441E+00
   2.7000E+01   1.5639E+00
   2.8000E+01   1.4392E+00
   2.9000E+01   1.2734E+00
   3.0000E+01   1.1728E+00
   3.1000E+01   1.1461E+00
   3.2000E+01   1.1915E+00
   3.3000E+01   1.2624E+00
   3.4000E+01   1.3172E+00
   3.5000E+01   1.3583E+00
   3.6000E+01   1.3868E+00
   3.7000E+01   1.4065E+00
   3.8000E+01   1.4275E+00
   3.9000E+01   1.4408E+00
   4.0000E+01   1.4512E+00
   4.1000E+01   1.4435E+00
   4.2000E+01   1.4095E+00
   4.3000E+01   1.3485E+00
   4.4000E+01   1.2634E+00
   4.5000E+01   1.1868E+00
   4.6000E+01   1.1288E+00
   4.7000E+01   1.0862E+00
   4.8000E+01   1.0621E+00
   4.9000E+01   1.0678E+00
   5.0000E+01   1.1084E+00
   5.1000E+01   1.1779E+00
   5.2000E+01   1.2683E+00
   5.3000E+01   1.3251E+00
   5.4000E+01   1.3342E+00
   5.5000E+01   1.2976E+00
   5.6000E+01   1.2273E+00
   5.7000E+01   1.1884E+00
   5.8000E+01   1.1874E+00
   5.9000E+01   1.2216E+00
   6.0000E+01   1.2757E+00
   6.1000E+01   1.3334E+00
   6.2000E+01   1.3885E+00
   6.3000E+01   1.4411E+00
   6.4000E+01   1.4682E+00
   6.5000E+01   1.4300E+00
   6.6000E+01   1.3307E+00
   6.7000E+01   1.1601E+00
   6.8000E+01   9.9449E-01
   6.9000E+01   9.3480E-01
   7.0000E+01   9.9115E-01
   7.1000E+01   1.1551E+00
   7.2000E+01   1.3459E+00
   7.3000E+01   1.4835E+00
   7.4000E+01   1.5644E+00
   7.5000E+01   1.5860E+00
   7.6000E+01   1.5874E+00
   7.7000E+01   1.5949E+00
   7.8000E+01   1.6108E+00
   7.9000E+01   1.6336E+00
   8.0000E+01   1.6509E+00
   8.1000E+01   1.6586E+00
   8.2000E+01   1.6566E+00
   8.3000E+01   1.6467E+00
   8.4000E+01   1.6180E+00
   8.5000E+01   1.5795E+00
   8.6000E+01   1.5257E+00
   8.7000E+01   1.4540E+00
   8.8000E+01   1.3928E+00
   8.9000E+01   1.3461E+00
   9.0000E+01   1.3130E+00
   9.1000E+01   1.2954E+00
   9.2000E+01   1.2781E+00
   9.3000E+01   1.2568E+00
   9.4000E+01   1.2331E+00
   9.5000E+01   1.2160E+00
   9.6000E+01   1.2113E+00
   9.7000E+01   1.2258E+00
   9.8000E+01   1.2585E+00
   9.9000E+01   1.2932E+00
   1.0000E+02   1.3161E+00
   1.0100E+02   1.3188E+00
   1.0200E+02   1.3004E+00
   1.0300E+02   1.2780E+00
   1.0400E+02   1.2807E+00
   1.0500E+02   1.3102E+00
   1.0600E+02   1.3703E+00
   1.0700E+02   1.4355E+00
   1.0800E+02   1.4741E+00
   1.0900E+02   1.4886E+00
   1.1000E+02   1.4761E+00
   1.1100E+02   1.4473E+00
   1.1200E+02   1.4299E+00
   1.1300E+02   1.4196E+00
   1.1400E+02   1.4148E+00
   1.1500E+02   1.4176E+00
   1.1600E+02   1.4285E+00
   1.1700E+02   1.4476E+00
   1.1800E+02   1.4766E+00
   1.1900E+02   1.4964E+00
   1.2000E+02   1.5153E+00
   1.2100E+02   1.5240E+00
   1.2200E+02   1.5259E+00
   1.2300E+02   1.5199E+00
   1.2400E+02   1.5051E+00
   1.2500E+02   1.4875E+00
   1.2600E+02   1.4584E+00
   1.2700E+02   1.4062E+00
   1.2800E+02   1.3329E+00
   1.2900E+02   1.2301E+00
   1.3000E+02   1.1135E+00
   1.3100E+02   1.0480E+00
   1.3200E+02   1.0550E+00
   1.3300E+02   1.1332E+00
   1.3400E+02   1.2674E+00
   1.3500E+02   1.3494E+00
   1.3600E+02   1.3607E+00
   1.3700E+02   1.3007E+00
   1.3800E+02   1.1909E+00
   1.3900E+02   1.1164E+00
   1.4000E+02   1.0870E+00
   1.4100E+02   1.1014E+00
   1.4200E+02   1.1510E+00
   1.4300E+02   1.2181E+00
   1.4400E+02   1.2929E+00
   1.4500E+02   1.3839E+00
   1.4600E+02   1.4639E+00
   1.4700E+02   1.4948E+00
   1.4800E+02   1.4744E+00
   1.4900E+02   1.4024E+00
   1.5000E+02   1.3121E+00
   1.5100E+02   1.2610E+00
   1.5200E+02   1.2487E+00
   1.5300E+02   1.2749E+00
   1.5400E+02   1.2977E+00
   1.5500E+02   1.2704E+00
   1.5600E+02   1.1940E+00
   1.5700E+02   1.0691E+00
   1.5800E+02   9.5860E-01
   1.5900E+02   9.1514E-01
   1.6000E+02   9.4097E-01
   1.6100E+02   1.0282E+00
   1.6200E+02   1.1163E+00
   1.6300E+02   1.1670E+00
   1.6400E+02   1.1786E+00
   1.6500E+02   1.1534E+00
   1.6600E+02   1.1333E+00
   1.6700E+02   1.1385E+00
   1.6800E+02   1.1664E+00
   1.6900E+02   1.2150E+00
   1.7000E+02   1.2596E+00
   1.7100E+02   1.2806E+00
   1.7200E+02   1.2899E+00
   1.7300E+02   1.2817E+00
   1.7400E+02   1.2617E+00
   1.7500E+02   1.2243E+00
   1.7600E+02   1.1761E+00
   1.7700E+02   1.1185E+00
   1.7800E+02   1.0735E+00
   1.7900E+02   1.0425E+00
   1.8000E+02   1.0232E+00
   1.8100E+02   1.0291E+00
   1.8200E+02   1.0824E+00
   1.8300E+02   1.1862E+00
   1.8400E+02   1.3461E+00
   1.8500E+02   1.5224E+00
   1.8600E+02   1.6300E+00
   1.8700E+02   1.6588E+00
   1.8800E+02   1.6114E+00
   1.8900E+02   1.5083E+00
   1.9000E+02   1.3879E+00
   1.9100E+02   1.2516E+00
   1.9200E+02   1.1007E+00
   1.9300E+02   9.7200E-01
   1.9400E+02   8.9923E-01
   1.9500E+02   8.8902E-01
   1.9600E+02   9.4117E-01
   1.9700E+02   1.0292E+00
   1.9800E+02   1.1275E+00
   1.9900E+02   1.2350E+00
   2.0000E+02   1.3567E+00
   2.0100E+02   1.4545E+00
   2.0200E+02   1.5005E+00
   2.0300E+02   1.4975E+00
   2.0400E+02   1.4470E+00
   2.0500E+02   1.4021E+00
   2.0600E+02   1.3798E+00
   2.0700E+02   1.3824E+00
   2.0800E+02   1.4067E+00
   2.0900E+02   1.4117E+00
   2.1000E+02   1.3827E+00
   2.1100E+02   1.3177E+00
   2.1200E+02   1.2256E+00
   2.1300E+02   1.1706E+00
   2.1400E+02   1.1750E+00
   2.1500E+02   1.2342E+00
   2.1600E+02   1.3370E+00
   2.1700E+02   1.3829E+00
   2.1800E+02   1.3544E+00
   2.1900E+02   1.2519E+00
   2.2000E+02   1.0957E+00
   2.2100E+02   9.6043E-01
   2.2200E+02   8.5226E-01
   2.2300E+02   7.7429E-01
   2.2400E+02   7.3338E-01
   2.2500E+02   7.3448E-01
   2.2600E+02   7.7466E-01
   2.2700E+02   8.6092E-01
   2.2800E+02   9.5933E-01
   2.2900E+02   1.0056E+00
   2.3000E+02   9.9168E-01
   2.3100E+02   9.2217E-01
   2.3200E+02   8.1584E-01
   2.3300E+02   7.2779E-01
   2.3400E+02   6.4808E-01
   2.3500E+02   5.8575E-01
   2.3600E+02   5.4095E-01
   2.3700E+02   5.2969E-01
   2.3800E+02   5.4825E-01
   2.3900E+02   5.9875E-01
   2.4000E+02   6.8345E-01
   2.4100E+02   7.9992E-01
   2.4200E+02   9.3806E-01
   2.4300E+02   1.1130E+00
   2.4400E+02   1.2330E+00
   2.4500E+02   1.2508E+00
   2.4600E+02   1.1636E+00
   2.4700E+02   9.8158E-01
   2.4800E+02   7.9862E-01
   2.4900E+02   6.6481E-01
   2.5000E+02   5.7997E-01
   2.5100E+02   5.4575E-01
   2.5200E+02   5.8168E-01
   2.5300E+02   6.8499E-01
   2.5400E+02   8.6256E-01
   2.5500E+02   1.0967E+00
   2.5600E+02   1.2324E+00
   2.5700E+02   1.2352E+00
   2.5800E+02   1.1051E+00
   2.5800E+02   1.0000E+00
   2.5800E+02   1.1084E+00
   2.5900E+02   8.5981E-01
   2.6000E+02   7.0028E-01
   2.6100E+02   6.3298E-01
   2.6200E+02   6.5578E-01
   2.6300E+02   7.5385E-01
   2.6400E+02   8.7250E-01
   2.6400E+02   1.0000E+00
   2.6400E+02   8.4674E-01
   2.6500E+02   9.9846E-01
   2.6600E+02   1.0869E+00
   2.6700E+02   1.2145E+00
   2.6800E+02   1.2946E+00
   2.6900E+02   1.3494E+00
   2.7000E+02   1.3590E+00
   2.7100E+02   1.3094E+00
   2.7200E+02   1.2294E+00
   2.7300E+02   1.1037E+00
   2.7300E+02   1.0000E+00
   2.7300E+02   1.1265E+00
   2.7400E+02   9.3742E-01
   2.7500E+02   7.4478E-01
   2.7600E+02   6.6383E-01
   2.7700E+02   6.8186E-01
   2.7800E+02   8.3648E-01
   2.7900E+02   9.5254E-01
   2.8000E+02   1.0420E+00
   2.8100E+02   1.1156E+00
   2.8200E+02   1.1470E+00
   2.8300E+02   1.1567E+00
   2.8400E+02   1.1596E+00
   2.8500E+02   1.1514E+00
   2.8600E+02   1.1250E+00
   2.8700E+02   1.0962E+00
   2.8800E+02   1.0569E+00
   2.8800E+02   1.0000E+00
   2.8800E+02   1.0572E+00
   2.8800E+02   1.0000E+00
   2.8800E+02   1.0000E+00
   2.8800E+02   1.0572E+00
   2.8800E+02   1.0000E+00
   2.8800E+02   1.0572E+00
   2.8800E+02   1.0000E+00
   2.8800E+02   1.0572E+00
   2.8800E+02   1.0000E+00
   2.8800E+02   1.0572E+00
   2.8900E+02   9.8952E-01
   2.8900E+02   1.0000E+00
   2.8900E+02   9.8952E-01
   2.9000E+02   9.0492E-01
   2.9000E+02   1.0000E+00
   2.9000E+02   9.0492E-01
   2.9100E+02   8.1130E-01
   2.9200E+02   7.5099E-01
   2.9300E+02   6.7544E-01
   2.9400E+02   6.4460E-01
   2.9500E+02   6.2630E-01
   2.9600E+02   6.4534E-01
   2.9700E+02   7.2254E-01
   2.9800E+02   7.4442E-01
   2.9900E+02   8.3959E-01
   3.0000E+02   9.1351E-01
   3.0100E+02   9.6830E-01
   3.0100E+02   1.0000E+00
   3.0100E+02   9.5318E-01
   3.0100E+02   1.0000E+00
   3.0100E+02   1.0000E+00
   3.0100E+02   1.0000E+00
   3.0100E+02   9.5318E-01
   3.0100E+02   1.0000E+00
   3.0100E+02   9.5318E-01
   3.0200E+02   1.0325E+00
   3.0300E+02   1.0768E+00
   3.0400E+02   1.1146E+00
   3.0500E+02   1.1203E+00
   3.0600E+02   1.1124E+00
   3.0700E+02   1.0575E+00
   3.0800E+02   1.0007E+00
   3.0800E+02   1.0000E+00
   3.0800E+02   1.0530E+00
   3.0800E+02   1.0000E+00
   3.0800E+02   1.0000E+00
   3.0800E+02   1.0000E+00
   3.0800E+02   1.0530E+00
   3.0800E+02   1.0000E+00
   3.0800E+02   1.0530E+00
   3.0800E+02   1.0000E+00
   3.0800E+02   1.0530E+00
   3.0900E+02   9.9835E-01
   3.0900E+02   1.0000E+00
   3.0900E+02   9.9835E-01
   3.1000E+02   9.5095E-01
   3.1000E+02   1.0000E+00
   3.1000E+02   9.5095E-01
   3.1100E+02   9.6952E-01
   3.1200E+02   1.0562E+00
   3.1300E+02   1.2132E+00
   3.1400E+02   1.3880E+00
   3.1500E+02   1.4730E+00
   3.1600E+02   1.4713E+00
   3.1700E+02   1.4157E+00
   3.1700E+02   1.0000E+00
   3.1700E+02   1.4199E+00
   3.1800E+02   1.3306E+00
   3.1900E+02   1.3041E+00
   3.2000E+02   1.3298E+00
   3.2100E+02   1.3975E+00
   3.2200E+02   1.4659E+00
   3.2300E+02   1.4709E+00
   3.2400E+02   1.4076E+00
   3.2500E+02   1.3032E+00
   3.2600E+02   1.1819E+00
   3.2700E+02   1.0643E+00
   3.2700E+02   1.0000E+00
   3.2700E+02   1.0802E+00
   3.2800E+02   9.8313E-01
   3.2900E+02   9.0020E-01
   3.3000E+02   8.4474E-01
   3.3100E+02   8.3594E-01
   3.3200E+02   8.5231E-01
   3.3300E+02   8.9893E-01
   3.3400E+02   9.4117E-01
   3.3500E+02   9.6819E-01
   3.3600E+02   9.7338E-01
   3.3700E+02   9.7360E-01
   3.3700E+02   1.0000E+00
   3.3700E+02   9.7326E-01
   3.3800E+02   1.0143E+00
   3.3900E+02   1.1007E+00
   3.4000E+02   1.2756E+00
   3.4100E+02   1.3990E+00
   3.4200E+02   1.5113E+00
   3.4300E+02   1.5284E+00
   3.4400E+02   1.4665E+00
   3.4500E+02   1.3649E+00
   3.4600E+02   1.2925E+00
   3.4700E+02   1.2818E+00
   3.4800E+02   1.3299E+00
   3.4900E+02   1.3922E+00
   3.5000E+02   1.4215E+00
   3.5100E+02   1.4275E+00
   3.5200E+02   1.4024E+00
   3.5300E+02   1.3570E+00
   3.5400E+02   1.3179E+00
   3.5500E+02   1.2897E+00
   3.5600E+02   1.2775E+00
   3.5700E+02   1.2714E+00
   3.5800E+02   1.2727E+00
   3.5900E+02   1.2906E+00
   3.6000E+02   1.3140E+00
   3.6100E+02   1.3297E+00
   3.6200E+02   1.3441E+00
   3.6300E+02   1.3579E+00
   3.6400E+02   1.3849E+00
   3.6500E+02   1.3962E+00
   3.6600E+02   1.4297E+00
   3.6700E+02   1.4758E+00
   3.6800E+02   1.5247E+00
   3.6900E+02   1.5574E+00
   3.7000E+02   1.5820E+00
   3.7100E+02   1.5819E+00
   3.7200E+02   1.5608E+00
   3.7300E+02   1.5389E+00
   3.7400E+02   1.4751E+00
   3.7500E+02   1.4213E+00
   3.7600E+02   1.3558E+00
   3.7700E+02   1.3078E+00
   3.7800E+02   1.2998E+00
   3.7900E+02   1.3347E+00
   3.8000E+02   1.3942E+00
   3.8100E+02   1.4248E+00
   3.8200E+02   1.4415E+00
   3.8300E+02   1.4219E+00
   3.8400E+02   1.4036E+00
   3.8500E+02   1.3935E+00
   3.8600E+02   1.4024E+00
   3.8700E+02   1.4453E+00
   3.8800E+02   1.4708E+00
   3.8900E+02   1.4700E+00
   3.9000E+02   1.4512E+00
   3.9100E+02   1.3905E+00
   3.9200E+02   1.3112E+00
   3.9300E+02   1.2803E+00
   3.9400E+02   1.2978E+00
   3.9500E+02   1.3631E+00
   3.9600E+02   1.4108E+00
   3.9700E+02   1.4891E+00
   3.9800E+02   1.5325E+00
   3.9900E+02   1.5720E+00
   4.0000E+02   1.5922E+00
   4.0100E+02   1.5755E+00
   4.0200E+02   1.5025E+00
   4.0300E+02   1.4504E+00
   4.0400E+02   1.3818E+00
   4.0500E+02   1.3382E+00
   4.0600E+02   1.3330E+00
   4.0700E+02   1.3758E+00
   4.0800E+02   1.3999E+00
   4.0900E+02   1.4542E+00
   4.1000E+02   1.5141E+00
   4.1100E+02   1.5728E+00
   4.1200E+02   1.6202E+00
   4.1300E+02   1.6520E+00
   4.1400E+02   1.6678E+00
   4.1500E+02   1.6645E+00
   4.1600E+02   1.6406E+00
   4.1700E+02   1.5972E+00
   4.1800E+02   1.5339E+00
   4.1900E+02   1.4721E+00
   4.1900E+02   1.0000E+00
   4.1900E+02   1.5326E+00
   4.2000E+02   1.4543E+00
   4.2100E+02   1.3636E+00
   4.2200E+02   1.2329E+00
   4.2300E+02   1.1221E+00
   4.2400E+02   1.0639E+00
   4.2500E+02   1.0831E+00
   4.2600E+02   1.1700E+00
   4.2700E+02   1.2826E+00
   4.2800E+02   1.3494E+00
   4.2900E+02   1.3425E+00
   4.3000E+02   1.2333E+00
   4.3100E+02   1.1542E+00
   4.3200E+02   1.1394E+00
   4.3300E+02   1.1933E+00
   4.3400E+02   1.3421E+00
   4.3500E+02   1.5152E+00
   4.3600E+02   1.5827E+00
   4.3700E+02   1.5536E+00
   4.3800E+02   1.4269E+00
   4.3900E+02   1.2577E+00
   4.4000E+02   1.1563E+00
   4.4100E+02   1.1296E+00
   4.4200E+02   1.1905E+00
   4.4300E+02   1.2406E+00
   4.4400E+02   1.3036E+00
   4.4500E+02   1.3428E+00
   4.4600E+02   1.3699E+00
   4.4700E+02   1.3628E+00
   4.4800E+02   1.2800E+00
   4.4900E+02   1.1488E+00
   4.4900E+02   1.0000E+00
   4.4900E+02   1.2047E+00
   4.5000E+02   1.0230E+00
   4.5100E+02   9.1695E-01
   4.5200E+02   8.5760E-01
   4.5300E+02   8.7459E-01
   4.5400E+02   9.5312E-01
   4.5500E+02   1.0489E+00
   4.5600E+02   1.1480E+00
   4.5700E+02   1.2277E+00
   4.5800E+02   1.2719E+00
   4.5900E+02   1.3164E+00
   4.6000E+02   1.3182E+00
   4.6100E+02   1.2799E+00
   4.6200E+02   1.2497E+00
   4.6300E+02   1.2144E+00
   4.6400E+02   1.1919E+00
   4.6500E+02   1.1960E+00
   4.6600E+02   1.2181E+00
   4.6700E+02   1.2581E+00
   4.6800E+02   1.3159E+00
   4.6900E+02   1.3744E+00
   4.6900E+02   1.0000E+00
   4.6900E+02   1.3485E+00
   4.7000E+02   1.4249E+00
   4.7100E+02   1.4926E+00
   4.7200E+02   1.5420E+00
   4.7300E+02   1.5729E+00
   4.7400E+02   1.5713E+00
   4.7500E+02   1.4790E+00
   4.7600E+02   1.3726E+00
   4.7700E+02   1.1404E+00
   4.7800E+02   9.4537E-01
   4.7900E+02   8.2540E-01
   4.8000E+02   8.2450E-01
   4.8100E+02   9.3260E-01
   4.8200E+02   1.0608E+00
   4.8300E+02   1.1615E+00
   4.8400E+02   1.1931E+00
   4.8500E+02   1.1830E+00
   4.8600E+02   1.1647E+00
   4.8700E+02   1.1554E+00
   4.8800E+02   1.1602E+00
   4.8900E+02   1.1979E+00
   4.9000E+02   1.2386E+00
   4.9100E+02   1.2922E+00
   4.9200E+02   1.3583E+00
   4.9200E+02   1.0000E+00
   4.9200E+02   1.2987E+00
   4.9300E+02   1.3671E+00
   4.9400E+02   1.4134E+00
   4.9500E+02   1.4338E+00
   4.9600E+02   1.4216E+00
   4.9700E+02   1.3955E+00
   4.9800E+02   1.3888E+00
   4.9900E+02   1.4186E+00
   5.0000E+02   1.5033E+00
   5.0100E+02   1.5964E+00
   5.0200E+02   1.6459E+00
   5.0300E+02   1.6183E+00
   5.0400E+02   1.5326E+00
   5.0500E+02   1.3874E+00
   5.0600E+02   1.2191E+00
   5.0700E+02   1.0730E+00
   5.0700E+02   1.0000E+00
   5.0700E+02   1.0927E+00
   5.0700E+02   1.0000E+00
   5.0700E+02   1.0000E+00
   5.0700E+02   1.0000E+00
   5.0700E+02   1.0927E+00
   5.0700E+02   1.0000E+00
   5.0700E+02   1.0927E+00
   5.0700E+02   1.0000E+00
   5.0700E+02   1.0927E+00
   5.0700E+02   1.0000E+00
   5.0700E+02   1.0927E+00
   5.0700E+02   1.0000E+00
   5.0700E+02   1.0927E+00
