   0.0000E+00   1.0000E+00
   0.0000E+00   1.0502E+00
   1.0000E+00   1.0522E+00
   2.0000E+00   1.1000E+00
   3.0000E+00   1.1016E+00
   4.0000E+00   1.0588E+00
   5.0000E+00   9.7627E-01
   6.0000E+00   9.0102E-01
   7.0000E+00   8.6216E-01
   8.0000E+00   8.5972E-01
   9.0000E+00   8.9315E-01
   1.0000E+01   9.5716E-01
   1.1000E+01   1.0502E+00
   1.2000E+01   1.1702E+00
   1.3000E+01   1.3069E+00
   1.4000E+01   1.3636E+00
   1.5000E+01   1.3080E+00
   1.6000E+01   1.1397E+00
   1.7000E+01   8.9510E-01
   1.8000E+01   6.9701E-01
   1.9000E+01   5.9210E-01
   2.0000E+01   5.7087E-01
   2.1000E+01   6.2103E-01
   2.2000E+01   6.8508E-01
   2.3000E+01   7.3245E-01
   2.4000E+01   7.8732E-01
   2.5000E+01   8.4555E-01
   2.6000E+01   9.3673E-01
   2.7000E+01   1.0609E+00
   2.8000E+01   1.2224E+00
   2.9000E+01   1.3837E+00
   3.0000E+01   1.4480E+00
   3.1000E+01   1.4189E+00
   3.1000E+01   1.0000E+00
   3.1000E+01   1.4190E+00
   3.2000E+01   1.2804E+00
   3.3000E+01   1.1312E+00
   3.4000E+01   1.0371E+00
   3.5000E+01   1.0186E+00
   3.6000E+01   1.0796E+00
   3.7000E+01   1.1647E+00
   3.8000E+01   1.2518E+00
   3.9000E+01   1.3485E+00
   4.0000E+01   1.4137E+00
   4.1000E+01   1.4778E+00
   4.2000E+01   1.4869E+00
   4.3000E+01   1.4470E+00
   4.4000E+01   1.3708E+00
   4.5000E+01   1.3038E+00
   4.6000E+01   1.2929E+00
   4.7000E+01   1.3402E+00
   4.8000E+01   1.4294E+00
   4.9000E+01   1.4937E+00
   5.0000E+01   1.4833E+00
   5.1000E+01   1.4239E+00
   5.2000E+01   1.3066E+00
   5.3000E+01   1.2363E+00
   5.4000E+01   1.2530E+00
   5.5000E+01   1.3743E+00
   5.6000E+01   1.4717E+00
   5.7000E+01   1.5458E+00
   5.8000E+01   1.5174E+00
   5.9000E+01   1.3908E+00
   6.0000E+01   1.1789E+00
   6.1000E+01   1.0373E+00
   6.2000E+01   1.0012E+00
   6.3000E+01   1.0722E+00
   6.4000E+01   1.1498E+00
   6.5000E+01   1.2347E+00
   6.6000E+01   1.2807E+00
   6.7000E+01   1.2897E+00
   6.8000E+01   1.2770E+00
   6.9000E+01   1.2581E+00
   7.0000E+01   1.2297E+00
   7.1000E+01   1.2108E+00
   7.2000E+01   1.1640E+00
   7.3000E+01   1.0821E+00
   7.3000E+01   1.0000E+00
   7.3000E+01   1.1178E+00
   7.4000E+01   1.0279E+00
   7.5000E+01   9.1367E-01
   7.6000E+01   8.0177E-01
   7.7000E+01   7.7768E-01
   7.8000E+01   8.1088E-01
   7.9000E+01   9.2867E-01
   8.0000E+01   9.9579E-01
   8.1000E+01   1.0379E+00
   8.2000E+01   1.0127E+00
   8.3000E+01   9.5977E-01
   8.4000E+01   8.7725E-01
   8.5000E+01   7.7432E-01
   8.6000E+01   7.1468E-01
   8.7000E+01   6.3990E-01
   8.8000E+01   6.0796E-01
   8.9000E+01   6.4205E-01
   9.0000E+01   8.0343E-01
   9.1000E+01   9.0295E-01
   9.2000E+01   1.0212E+00
   9.3000E+01   1.0601E+00
   9.4000E+01   1.0235E+00
   9.5000E+01   9.1141E-01
   9.6000E+01   8.0370E-01
   9.7000E+01   7.3406E-01
   9.8000E+01   7.1310E-01
   9.9000E+01   7.2202E-01
   1.0000E+02   7.4451E-01
   1.0100E+02   8.6486E-01
   1.0200E+02   9.5669E-01
   1.0200E+02   1.0000E+00
   1.0200E+02   8.8628E-01
   1.0300E+02   9.9844E-01
   1.0400E+02   1.1007E+00
   1.0500E+02   1.1825E+00
   1.0600E+02   1.2393E+00
   1.0700E+02   1.2562E+00
   1.0800E+02   1.2333E+00
   1.0900E+02   1.1670E+00
   1.1000E+02   1.0577E+00
   1.1100E+02   9.7603E-01
   1.1200E+02   9.3949E-01
   1.1300E+02   9.8236E-01
   1.1400E+02   1.1091E+00
   1.1500E+02   1.2422E+00
   1.1600E+02   1.3294E+00
   1.1700E+02   1.3423E+00
   1.1800E+02   1.2935E+00
   1.1900E+02   1.2259E+00
   1.2000E+02   1.1999E+00
   1.2100E+02   1.2107E+00
   1.2200E+02   1.2502E+00
   1.2300E+02   1.2868E+00
   1.2400E+02   1.2745E+00
   1.2500E+02   1.2232E+00
   1.2600E+02   1.1254E+00
   1.2700E+02   1.0241E+00
   1.2800E+02   9.5522E-01
   1.2900E+02   8.6342E-01
   1.3000E+02   8.1283E-01
   1.3100E+02   7.9520E-01
   1.3200E+02   8.4856E-01
   1.3300E+02   9.3445E-01
   1.3400E+02   1.0723E+00
   1.3500E+02   1.1569E+00
   1.3600E+02   1.1567E+00
   1.3700E+02   1.0756E+00
   1.3800E+02   9.3701E-01
   1.3900E+02   8.1539E-01
   1.4000E+02   7.6887E-01
   1.4100E+02   7.7589E-01
   1.4200E+02   8.3125E-01
   1.4300E+02   8.7669E-01
   1.4400E+02   9.0184E-01
   1.4500E+02   9.1460E-01
   1.4600E+02   9.2047E-01
   1.4700E+02   9.4709E-01
   1.4800E+02   9.7772E-01
   1.4900E+02   1.0302E+00
   1.5000E+02   1.1016E+00
   1.5100E+02   1.1507E+00
   1.5200E+02   1.1896E+00
   1.5300E+02   1.2143E+00
   1.5400E+02   1.2204E+00
   1.5500E+02   1.1988E+00
   1.5600E+02   1.1638E+00
   1.5700E+02   1.1014E+00
   1.5800E+02   1.0434E+00
   1.5900E+02   1.0177E+00
   1.6000E+02   1.0275E+00
   1.6100E+02   1.0705E+00
   1.6200E+02   1.1094E+00
   1.6300E+02   1.1055E+00
   1.6400E+02   1.0553E+00
   1.6500E+02   9.7513E-01
   1.6600E+02   9.0073E-01
   1.6700E+02   9.0105E-01
   1.6800E+02   9.5683E-01
   1.6800E+02   1.0000E+00
   1.6800E+02   9.3882E-01
   1.6900E+02   1.0446E+00
   1.7000E+02   1.1159E+00
   1.7100E+02   1.0987E+00
   1.7100E+02   1.0000E+00
   1.7100E+02   1.0999E+00
   1.7200E+02   1.0022E+00
   1.7300E+02   8.1977E-01
   1.7400E+02   6.5977E-01
   1.7500E+02   5.9437E-01
   1.7600E+02   5.7699E-01
   1.7700E+02   6.2149E-01
   1.7800E+02   7.0017E-01
   1.7900E+02   7.6940E-01
   1.8000E+02   8.4575E-01
   1.8100E+02   9.2794E-01
   1.8100E+02   1.0000E+00
   1.8100E+02   9.2409E-01
   1.8200E+02   1.0167E+00
   1.8300E+02   1.1139E+00
   1.8400E+02   1.2011E+00
   1.8500E+02   1.2773E+00
   1.8600E+02   1.3226E+00
   1.8700E+02   1.3358E+00
   1.8800E+02   1.3034E+00
   1.8900E+02   1.2628E+00
   1.9000E+02   1.2109E+00
   1.9100E+02   1.1793E+00
   1.9200E+02   1.1606E+00
   1.9300E+02   1.1357E+00
   1.9400E+02   1.1097E+00
   1.9500E+02   1.0448E+00
   1.9500E+02   1.0000E+00
   1.9500E+02   1.0634E+00
   1.9500E+02   1.0000E+00
   1.9500E+02   1.0000E+00
   1.9500E+02   1.0000E+00
   1.9500E+02   1.0634E+00
   1.9500E+02   1.0000E+00
   1.9500E+02   1.0634E+00
   1.9500E+02   1.0000E+00
   1.9500E+02   1.0634E+00
   1.9600E+02   1.0034E+00
   1.9600E+02   1.0000E+00
   1.9600E+02   1.0034E+00
   1.9700E+02   9.5185E-01
   1.9700E+02   1.0000E+00
   1.9700E+02   9.5185E-01
   1.9800E+02   9.5039E-01
   1.9900E+02   9.9805E-01
   2.0000E+02   1.1026E+00
   2.0100E+02   1.1981E+00
   2.0200E+02   1.2271E+00
   2.0300E+02   1.1711E+00
   2.0400E+02   1.0787E+00
   2.0500E+02   1.0104E+00
   2.0600E+02   9.9030E-01
   2.0700E+02   1.0408E+00
   2.0800E+02   1.1609E+00
   2.0900E+02   1.2517E+00
   2.1000E+02   1.2561E+00
   2.1100E+02   1.1698E+00
   2.1200E+02   1.0427E+00
   2.1300E+02   9.1750E-01
   2.1400E+02   8.6837E-01
   2.1500E+02   8.8448E-01
   2.1600E+02   9.6142E-01
   2.1600E+02   1.0000E+00
   2.1600E+02   9.4902E-01
   2.1700E+02   1.0570E+00
   2.1800E+02   1.1801E+00
   2.1900E+02   1.2856E+00
   2.2000E+02   1.4024E+00
   2.2100E+02   1.4570E+00
   2.2200E+02   1.4137E+00
   2.2300E+02   1.2852E+00
   2.2400E+02   1.0640E+00
   2.2500E+02   9.2302E-01
   2.2600E+02   8.4660E-01
   2.2700E+02   8.4787E-01
   2.2800E+02   8.9685E-01
   2.2900E+02   9.6461E-01
   2.2900E+02   1.0000E+00
   2.2900E+02   9.4611E-01
   2.2900E+02   1.0000E+00
   2.2900E+02   1.0000E+00
   2.2900E+02   1.0000E+00
   2.2900E+02   9.4611E-01
   2.2900E+02   1.0000E+00
   2.2900E+02   9.4611E-01
   2.2900E+02   1.0000E+00
   2.2900E+02   9.4611E-01
   2.3000E+02   9.9649E-01
   2.3000E+02   1.0000E+00
   2.3000E+02   9.9649E-01
   2.3100E+02   1.0427E+00
   2.3100E+02   1.0000E+00
   2.3100E+02   1.0427E+00
   2.3200E+02   1.0806E+00
   2.3300E+02   1.0733E+00
   2.3400E+02   1.0322E+00
   2.3500E+02   9.6481E-01
   2.3600E+02   8.5626E-01
   2.3700E+02   7.8319E-01
   2.3800E+02   7.2393E-01
   2.3900E+02   6.6283E-01
   2.4000E+02   6.3797E-01
   2.4100E+02   6.4005E-01
   2.4200E+02   6.9414E-01
   2.4300E+02   7.2958E-01
   2.4400E+02   7.7648E-01
   2.4500E+02   7.9820E-01
   2.4600E+02   8.0400E-01
   2.4700E+02   7.9141E-01
   2.4800E+02   7.6596E-01
   2.4900E+02   7.2470E-01
   2.5000E+02   6.6085E-01
   2.5100E+02   6.1867E-01
   2.5200E+02   6.0584E-01
   2.5300E+02   6.8357E-01
   2.5400E+02   8.1553E-01
   2.5500E+02   9.3681E-01
   2.5600E+02   1.0725E+00
   2.5700E+02   1.1300E+00
   2.5800E+02   1.1042E+00
   2.5900E+02   1.0238E+00
   2.6000E+02   1.0012E+00
   2.6100E+02   1.0978E+00
   2.6200E+02   1.2722E+00
   2.6300E+02   1.5413E+00
   2.6400E+02   1.6948E+00
   2.6500E+02   1.7104E+00
   2.6600E+02   1.5577E+00
   2.6700E+02   1.3787E+00
   2.6800E+02   1.1873E+00
   2.6900E+02   1.0952E+00
   2.7000E+02   1.0736E+00
   2.7100E+02   1.0931E+00
   2.7200E+02   1.0956E+00
   2.7300E+02   1.0572E+00
   2.7400E+02   1.0273E+00
   2.7400E+02   1.0000E+00
   2.7400E+02   1.0325E+00
   2.7500E+02   9.6853E-01
   2.7600E+02   9.1600E-01
   2.7700E+02   8.7523E-01
   2.7800E+02   8.5665E-01
   2.7900E+02   8.6283E-01
   2.8000E+02   8.8489E-01
   2.8100E+02   9.7219E-01
   2.8100E+02   1.0000E+00
   2.8100E+02   9.2464E-01
   2.8200E+02   9.9998E-01
   2.8300E+02   1.0733E+00
   2.8400E+02   1.0790E+00
   2.8500E+02   1.0188E+00
   2.8500E+02   1.0000E+00
   2.8500E+02   1.0545E+00
   2.8600E+02   9.6761E-01
   2.8700E+02   8.4946E-01
   2.8800E+02   7.2521E-01
   2.8900E+02   6.4824E-01
   2.8900E+02   1.0000E+00
   2.8900E+02   6.7996E-01
   2.8900E+02   1.0000E+00
   2.8900E+02   1.0000E+00
   2.8900E+02   1.0000E+00
   2.8900E+02   6.7996E-01
   2.8900E+02   1.0000E+00
   2.8900E+02   6.7996E-01
   2.8900E+02   1.0000E+00
   2.8900E+02   6.7996E-01
   2.9000E+02   6.0637E-01
   2.9000E+02   1.0000E+00
   2.9000E+02   6.0637E-01
   2.9100E+02   5.5301E-01
   2.9100E+02   1.0000E+00
   2.9100E+02   5.5301E-01
   2.9200E+02   5.2568E-01
   2.9300E+02   5.3047E-01
   2.9400E+02   5.5842E-01
   2.9500E+02   5.7975E-01
   2.9600E+02   5.7888E-01
   2.9700E+02   5.5497E-01
   2.9800E+02   5.3593E-01
   2.9900E+02   5.2696E-01
   3.0000E+02   5.5452E-01
   3.0000E+02   1.0000E+00
   3.0000E+02   5.4542E-01
   3.0100E+02   5.9518E-01
   3.0100E+02   1.0000E+00
   3.0100E+02   5.9488E-01
   3.0100E+02   1.0000E+00
   3.0100E+02   1.0000E+00
   3.0100E+02   1.0000E+00
   3.0100E+02   5.9488E-01
   3.0100E+02   1.0000E+00
   3.0100E+02   5.9488E-01
   3.0200E+02   6.7010E-01
   3.0300E+02   7.3209E-01
   3.0400E+02   7.3943E-01
   3.0500E+02   7.0590E-01
   3.0600E+02   6.5898E-01
   3.0700E+02   6.3913E-01
   3.0800E+02   6.3661E-01
   3.0900E+02   6.6792E-01
   3.1000E+02   7.0113E-01
   3.1100E+02   7.8100E-01
   3.1100E+02   1.0000E+00
   3.1100E+02   7.8100E-01
   3.1200E+02   9.0544E-01
   3.1200E+02   1.0000E+00
   3.1200E+02   8.9876E-01
   3.1300E+02   1.0566E+00
   3.1400E+02   1.2229E+00
   3.1500E+02   1.3282E+00
   3.1600E+02   1.3607E+00
   3.1700E+02   1.3014E+00
   3.1800E+02   1.2157E+00
   3.1900E+02   1.1197E+00
   3.1900E+02   1.0000E+00
   3.1900E+02   1.1323E+00
   3.2000E+02   1.0082E+00
   3.2100E+02   8.7290E-01
   3.2200E+02   6.9258E-01
   3.2200E+02   1.0000E+00
   3.2200E+02   7.2305E-01
   3.2300E+02   5.4256E-01
   3.2400E+02   3.4196E-01
   3.2500E+02   1.1792E-01
   3.2600E+02  -6.1624E-02
   3.2700E+02  -1.0135E-01
   3.2800E+02   1.0649E-02
   3.2800E+02   1.0000E+00
   3.2800E+02  -3.2781E-02
   3.2900E+02   1.9744E-01
   3.3000E+02   4.0290E-01
   3.3100E+02   5.4464E-01
   3.3200E+02   6.2947E-01
   3.3300E+02   6.4278E-01
   3.3400E+02   6.4482E-01
   3.3500E+02   6.5748E-01
   3.3600E+02   6.8387E-01
   3.3700E+02   7.1438E-01
   3.3800E+02   7.5062E-01
   3.3900E+02   7.9206E-01
   3.4000E+02   8.9069E-01
   3.4100E+02   9.4681E-01
   3.4100E+02   1.0000E+00
   3.4100E+02   9.0185E-01
   3.4200E+02   9.8737E-01
   3.4200E+02   1.0000E+00
   3.4200E+02   9.6506E-01
   3.4200E+02   1.0000E+00
   3.4200E+02   1.0000E+00
   3.4200E+02   9.6506E-01
   3.4200E+02   1.0000E+00
   3.4200E+02   9.6506E-01
   3.4200E+02   1.0000E+00
   3.4200E+02   9.6506E-01
   3.4200E+02   1.0000E+00
   3.4200E+02   9.6506E-01
   3.4300E+02   1.0327E+00
   3.4300E+02   1.0000E+00
   3.4300E+02   1.0327E+00
   3.4400E+02   1.1048E+00
   3.4400E+02   1.0000E+00
   3.4400E+02   1.1048E+00
   3.4500E+02   1.1826E+00
   3.4600E+02   1.2348E+00
   3.4700E+02   1.2611E+00
   3.4800E+02   1.2541E+00
   3.4900E+02   1.2350E+00
   3.5000E+02   1.1962E+00
   3.5100E+02   1.1538E+00
   3.5200E+02   1.0972E+00
   3.5300E+02   1.0240E+00
   3.5300E+02   1.0000E+00
   3.5300E+02   1.0590E+00
   3.5300E+02   1.0000E+00
   3.5300E+02   1.0000E+00
   3.5300E+02   1.0000E+00
   3.5300E+02   1.0590E+00
   3.5300E+02   1.0000E+00
   3.5300E+02   1.0590E+00
   3.5300E+02   1.0000E+00
   3.5300E+02   1.0590E+00
   3.5400E+02   9.9712E-01
   3.5400E+02   1.0000E+00
   3.5400E+02   9.9712E-01
   3.5500E+02   9.2867E-01
   3.5500E+02   1.0000E+00
   3.5500E+02   9.2867E-01
   3.5600E+02   8.4726E-01
   3.5700E+02   7.8268E-01
   3.5800E+02   7.7507E-01
   3.5900E+02   8.1677E-01
   3.6000E+02   9.6091E-01
   3.6000E+02   1.0000E+00
   3.6000E+02   9.0432E-01
   3.6100E+02   1.0353E+00
   3.6200E+02   1.1304E+00
   3.6300E+02   1.2203E+00
   3.6400E+02   1.2609E+00
   3.6500E+02   1.2694E+00
   3.6600E+02   1.2295E+00
   3.6700E+02   1.1239E+00
   3.6700E+02   1.0000E+00
   3.6700E+02   1.1517E+00
   3.6800E+02   1.0057E+00
   3.6900E+02   8.9158E-01
   3.7000E+02   8.7068E-01
   3.7100E+02   9.5141E-01
   3.7100E+02   1.0000E+00
   3.7100E+02   9.3924E-01
   3.7200E+02   1.1139E+00
   3.7300E+02   1.2544E+00
   3.7400E+02   1.2829E+00
   3.7500E+02   1.2042E+00
   3.7600E+02   1.0158E+00
   3.7600E+02   1.0000E+00
   3.7600E+02   1.0387E+00
   3.7700E+02   8.6224E-01
   3.7800E+02   7.8147E-01
   3.7900E+02   7.8643E-01
   3.8000E+02   8.4994E-01
   3.8100E+02   9.2231E-01
   3.8200E+02   9.5511E-01
   3.8300E+02   9.4864E-01
   3.8400E+02   9.2433E-01
   3.8500E+02   8.8776E-01
   3.8600E+02   7.7750E-01
   3.8700E+02   7.0394E-01
   3.8700E+02   1.0000E+00
   3.8700E+02   7.2389E-01
   3.8800E+02   6.0637E-01
   3.8900E+02   5.3510E-01
   3.9000E+02   5.3607E-01
   3.9100E+02   5.8223E-01
   3.9100E+02   1.0000E+00
   3.9100E+02   5.6796E-01
   3.9200E+02   6.7805E-01
   3.9300E+02   7.8480E-01
   3.9400E+02   8.7091E-01
   3.9400E+02   1.0000E+00
   3.9400E+02   8.6171E-01
   3.9500E+02   9.9660E-01
   3.9500E+02   1.0000E+00
   3.9500E+02   9.7127E-01
   3.9600E+02   1.0743E+00
   3.9700E+02   1.1271E+00
   3.9800E+02   1.1243E+00
   3.9900E+02   1.0571E+00
   3.9900E+02   1.0000E+00
   3.9900E+02   1.0737E+00
   3.9900E+02   1.0000E+00
   3.9900E+02   1.0000E+00
   3.9900E+02   1.0000E+00
   3.9900E+02   1.0737E+00
   3.9900E+02   1.0000E+00
   3.9900E+02   1.0737E+00
   3.9900E+02   1.0000E+00
   3.9900E+02   1.0737E+00
   4.0000E+02   9.8727E-01
   4.0000E+02   1.0000E+00
   4.0000E+02   9.8727E-01
   4.0100E+02   9.1606E-01
   4.0100E+02   1.0000E+00
   4.0100E+02   9.1606E-01
   4.0200E+02   8.5092E-01
   4.0300E+02   8.2001E-01
   4.0400E+02   8.0317E-01
   4.0500E+02   7.8608E-01
   4.0600E+02   7.8109E-01
   4.0700E+02   7.8024E-01
   4.0700E+02   1.0000E+00
   4.0700E+02   7.8027E-01
   4.0800E+02   7.5029E-01
   4.0900E+02   7.2297E-01
   4.1000E+02   6.2611E-01
   4.1000E+02   1.0000E+00
   4.1000E+02   6.5465E-01
   4.1100E+02   5.4860E-01
   4.1200E+02   4.3962E-01
   4.1300E+02   3.8335E-01
   4.1400E+02   3.5878E-01
   4.1500E+02   3.7554E-01
   4.1600E+02   3.9577E-01
   4.1700E+02   4.1106E-01
   4.1800E+02   4.4301E-01
   4.1900E+02   4.6512E-01
   4.2000E+02   4.8005E-01
   4.2100E+02   4.9195E-01
   4.2200E+02   5.0388E-01
   4.2300E+02   5.0837E-01
   4.2400E+02   5.4232E-01
   4.2500E+02   5.6857E-01
   4.2500E+02   1.0000E+00
   4.2500E+02   5.5186E-01
   4.2600E+02   5.9945E-01
   4.2600E+02   1.0000E+00
   4.2600E+02   5.9170E-01
   4.2700E+02   6.5509E-01
   4.2800E+02   7.5910E-01
   4.2900E+02   8.6171E-01
   4.2900E+02   1.0000E+00
   4.2900E+02   8.5335E-01
   4.3000E+02   1.0127E+00
   4.3100E+02   1.1940E+00
   4.3200E+02   1.3031E+00
   4.3300E+02   1.3213E+00
   4.3400E+02   1.2517E+00
   4.3500E+02   1.1299E+00
   4.3600E+02   1.0417E+00
   4.3700E+02   9.9834E-01
   4.3800E+02   1.0028E+00
   4.3900E+02   1.0391E+00
   4.4000E+02   1.0409E+00
   4.4100E+02   1.0254E+00
   4.4100E+02   1.0000E+00
   4.4100E+02   1.0285E+00
   4.4100E+02   1.0000E+00
   4.4100E+02   1.0000E+00
   4.4100E+02   1.0000E+00
   4.4100E+02   1.0285E+00
   4.4100E+02   1.0000E+00
   4.4100E+02   1.0285E+00
   4.4100E+02   1.0000E+00
   4.4100E+02   1.0285E+00
   4.4200E+02   1.0018E+00
   4.4200E+02   1.0000E+00
   4.4200E+02   9.8335E-01
   4.4300E+02   9.2195E-01
   4.4300E+02   1.0000E+00
   4.4300E+02   9.2195E-01
   4.4400E+02   8.5229E-01
   4.4500E+02   8.1054E-01
   4.4600E+02   7.6603E-01
   4.4700E+02   7.4876E-01
   4.4800E+02   6.9300E-01
   4.4900E+02   6.4119E-01
   4.4900E+02   1.0000E+00
   4.4900E+02   6.5533E-01
   4.4900E+02   1.0000E+00
   4.4900E+02   1.0000E+00
   4.4900E+02   1.0000E+00
   4.4900E+02   6.5533E-01
   4.4900E+02   1.0000E+00
   4.4900E+02   6.5533E-01
   4.4900E+02   1.0000E+00
   4.4900E+02   6.5533E-01
   4.4900E+02   1.0000E+00
   4.4900E+02   6.5533E-01
   4.4900E+02   1.0000E+00
   4.4900E+02   6.5533E-01
