   0.0000E+00   1.0000E+00
   0.0000E+00   9.8440E-01
   1.0000E+00   9.8381E-01
   2.0000E+00   9.6851E-01
   3.0000E+00   9.6650E-01
   4.0000E+00   9.8148E-01
   5.0000E+00   1.0094E+00
   6.0000E+00   1.0565E+00
   7.0000E+00   1.1112E+00
   8.0000E+00   1.1779E+00
   9.0000E+00   1.2342E+00
   1.0000E+01   1.2979E+00
   1.1000E+01   1.3487E+00
   1.2000E+01   1.3705E+00
   1.3000E+01   1.3591E+00
   1.4000E+01   1.3220E+00
   1.5000E+01   1.2529E+00
   1.6000E+01   1.1513E+00
   1.7000E+01   1.0251E+00
   1.8000E+01   8.8105E-01
   1.9000E+01   7.9226E-01
   2.0000E+01   8.0920E-01
   2.1000E+01   9.3598E-01
   2.2000E+01   1.1627E+00
   2.3000E+01   1.3321E+00
   2.4000E+01   1.3717E+00
   2.5000E+01   1.2835E+00
   2.6000E+01   1.0921E+00
   2.7000E+01   9.2170E-01
   2.8000E+01   8.2254E-01
   2.9000E+01   7.9846E-01
   3.0000E+01   8.3932E-01
   3.1000E+01   8.6875E-01
   3.2000E+01   8.7479E-01
   3.3000E+01   8.5851E-01
   3.4000E+01   8.2269E-01
   3.5000E+01   8.1067E-01
   3.6000E+01   8.2276E-01
   3.7000E+01   8.5274E-01
   3.8000E+01   9.0117E-01
   3.9000E+01   9.3095E-01
   4.0000E+01   9.4525E-01
   4.1000E+01   9.4052E-01
   4.2000E+01   9.2145E-01
   4.3000E+01   8.8745E-01
   4.4000E+01   8.4480E-01
   4.5000E+01   7.9796E-01
   4.6000E+01   7.4599E-01
   4.7000E+01   7.1313E-01
   4.8000E+01   7.0034E-01
   4.9000E+01   7.0642E-01
   5.0000E+01   7.2342E-01
   5.1000E+01   7.3934E-01
   5.2000E+01   7.5345E-01
   5.3000E+01   7.6444E-01
   5.4000E+01   7.8074E-01
   5.5000E+01   8.1853E-01
   5.6000E+01   8.6997E-01
   5.7000E+01   9.4101E-01
   5.8000E+01   9.9086E-01
   5.9000E+01   9.9784E-01
   6.0000E+01   9.5856E-01
   6.1000E+01   8.8015E-01
   6.2000E+01   8.1829E-01
   6.3000E+01   8.0381E-01
   6.4000E+01   8.3658E-01
   6.5000E+01   9.1208E-01
   6.6000E+01   9.7596E-01
   6.7000E+01   1.0148E+00
   6.8000E+01   1.0243E+00
   6.9000E+01   1.0033E+00
   7.0000E+01   9.6069E-01
   7.1000E+01   8.8830E-01
   7.2000E+01   7.8992E-01
   7.3000E+01   6.7577E-01
   7.4000E+01   6.2209E-01
   7.5000E+01   6.4422E-01
   7.6000E+01   7.4616E-01
   7.7000E+01   9.0202E-01
   7.8000E+01   1.0479E+00
   7.9000E+01   1.1623E+00
   8.0000E+01   1.2559E+00
   8.1000E+01   1.3228E+00
   8.2000E+01   1.3615E+00
   8.3000E+01   1.3721E+00
   8.4000E+01   1.3526E+00
   8.5000E+01   1.3109E+00
   8.6000E+01   1.2526E+00
   8.7000E+01   1.1724E+00
   8.8000E+01   1.0780E+00
   8.9000E+01   9.8991E-01
   9.0000E+01   9.5966E-01
   9.1000E+01   9.8743E-01
   9.2000E+01   1.0744E+00
   9.3000E+01   1.1817E+00
   9.4000E+01   1.2675E+00
   9.5000E+01   1.3349E+00
   9.6000E+01   1.3762E+00
   9.7000E+01   1.3905E+00
   9.8000E+01   1.3749E+00
   9.9000E+01   1.3297E+00
   1.0000E+02   1.2548E+00
   1.0100E+02   1.1793E+00
   1.0200E+02   1.1186E+00
   1.0300E+02   1.0802E+00
   1.0400E+02   1.0570E+00
   1.0500E+02   1.0542E+00
   1.0600E+02   1.0857E+00
   1.0700E+02   1.1111E+00
   1.0800E+02   1.1652E+00
   1.0900E+02   1.2293E+00
   1.1000E+02   1.2932E+00
   1.1100E+02   1.3590E+00
   1.1200E+02   1.4213E+00
   1.1300E+02   1.4434E+00
   1.1400E+02   1.4156E+00
   1.1500E+02   1.3392E+00
   1.1600E+02   1.2234E+00
   1.1700E+02   1.1350E+00
   1.1800E+02   1.0780E+00
   1.1900E+02   1.0623E+00
   1.2000E+02   1.0793E+00
   1.2100E+02   1.1151E+00
   1.2200E+02   1.1760E+00
   1.2300E+02   1.2509E+00
   1.2400E+02   1.3336E+00
   1.2500E+02   1.3629E+00
   1.2600E+02   1.3393E+00
   1.2700E+02   1.2569E+00
   1.2800E+02   1.1548E+00
   1.2900E+02   1.0829E+00
   1.3000E+02   1.0499E+00
   1.3100E+02   1.0520E+00
   1.3200E+02   1.0780E+00
   1.3300E+02   1.1093E+00
   1.3400E+02   1.1442E+00
   1.3500E+02   1.1890E+00
   1.3600E+02   1.2191E+00
   1.3700E+02   1.2202E+00
   1.3800E+02   1.1900E+00
   1.3900E+02   1.1332E+00
   1.4000E+02   1.0962E+00
   1.4100E+02   1.1076E+00
   1.4200E+02   1.1700E+00
   1.4300E+02   1.2779E+00
   1.4400E+02   1.3762E+00
   1.4500E+02   1.4315E+00
   1.4600E+02   1.4425E+00
   1.4700E+02   1.4137E+00
   1.4800E+02   1.3822E+00
   1.4900E+02   1.3634E+00
   1.5000E+02   1.3574E+00
   1.5100E+02   1.3645E+00
   1.5200E+02   1.3839E+00
   1.5300E+02   1.4125E+00
   1.5400E+02   1.4540E+00
   1.5500E+02   1.5011E+00
   1.5600E+02   1.5188E+00
   1.5700E+02   1.5002E+00
   1.5800E+02   1.4453E+00
   1.5900E+02   1.3666E+00
   1.6000E+02   1.2998E+00
   1.6100E+02   1.2527E+00
   1.6200E+02   1.2283E+00
   1.6300E+02   1.2212E+00
   1.6400E+02   1.2253E+00
   1.6500E+02   1.2445E+00
   1.6600E+02   1.2695E+00
   1.6600E+02   1.0000E+00
   1.6600E+02   1.2671E+00
   1.6700E+02   1.2999E+00
   1.6800E+02   1.3240E+00
   1.6900E+02   1.3417E+00
   1.7000E+02   1.3433E+00
   1.7100E+02   1.3527E+00
   1.7200E+02   1.3805E+00
   1.7300E+02   1.4312E+00
   1.7400E+02   1.5178E+00
   1.7500E+02   1.5878E+00
   1.7600E+02   1.6266E+00
   1.7700E+02   1.6461E+00
   1.7800E+02   1.6353E+00
   1.7900E+02   1.6001E+00
   1.8000E+02   1.5681E+00
   1.8100E+02   1.5200E+00
   1.8200E+02   1.4613E+00
   1.8300E+02   1.4318E+00
   1.8400E+02   1.4460E+00
   1.8500E+02   1.4785E+00
   1.8600E+02   1.5625E+00
   1.8700E+02   1.6289E+00
   1.8800E+02   1.6674E+00
   1.8900E+02   1.6883E+00
   1.9000E+02   1.6802E+00
   1.9100E+02   1.6668E+00
   1.9200E+02   1.6469E+00
   1.9300E+02   1.6161E+00
   1.9400E+02   1.5798E+00
   1.9500E+02   1.5445E+00
   1.9600E+02   1.5169E+00
   1.9700E+02   1.4902E+00
   1.9800E+02   1.4701E+00
   1.9900E+02   1.4666E+00
   2.0000E+02   1.5007E+00
   2.0100E+02   1.5430E+00
   2.0200E+02   1.5616E+00
   2.0300E+02   1.5867E+00
   2.0400E+02   1.6008E+00
   2.0500E+02   1.5956E+00
   2.0600E+02   1.5733E+00
   2.0700E+02   1.5530E+00
   2.0800E+02   1.5346E+00
   2.0900E+02   1.4896E+00
   2.1000E+02   1.4868E+00
   2.1100E+02   1.4767E+00
   2.1200E+02   1.4831E+00
   2.1300E+02   1.5134E+00
   2.1400E+02   1.5261E+00
   2.1500E+02   1.5474E+00
   2.1600E+02   1.5654E+00
   2.1700E+02   1.5716E+00
   2.1800E+02   1.5620E+00
   2.1900E+02   1.5030E+00
   2.2000E+02   1.4190E+00
   2.2100E+02   1.3520E+00
   2.2200E+02   1.2694E+00
   2.2300E+02   1.2529E+00
   2.2400E+02   1.3129E+00
   2.2500E+02   1.3850E+00
   2.2600E+02   1.4800E+00
   2.2700E+02   1.5606E+00
   2.2800E+02   1.6252E+00
   2.2900E+02   1.6546E+00
   2.3000E+02   1.6761E+00
   2.3100E+02   1.6868E+00
   2.3200E+02   1.6871E+00
   2.3300E+02   1.6778E+00
   2.3400E+02   1.6534E+00
   2.3500E+02   1.6385E+00
   2.3600E+02   1.6214E+00
   2.3700E+02   1.5823E+00
   2.3800E+02   1.5635E+00
   2.3900E+02   1.5270E+00
   2.4000E+02   1.5045E+00
   2.4100E+02   1.4788E+00
   2.4200E+02   1.4490E+00
   2.4300E+02   1.3922E+00
   2.4400E+02   1.3137E+00
   2.4500E+02   1.2333E+00
   2.4600E+02   1.1997E+00
   2.4700E+02   1.2122E+00
   2.4800E+02   1.2689E+00
   2.4900E+02   1.3191E+00
   2.5000E+02   1.3454E+00
   2.5100E+02   1.3239E+00
   2.5200E+02   1.2778E+00
   2.5300E+02   1.2234E+00
   2.5400E+02   1.2147E+00
   2.5500E+02   1.2502E+00
   2.5600E+02   1.3278E+00
   2.5700E+02   1.3673E+00
   2.5800E+02   1.3866E+00
   2.5900E+02   1.3691E+00
   2.6000E+02   1.3031E+00
   2.6100E+02   1.2485E+00
   2.6200E+02   1.2302E+00
   2.6300E+02   1.2498E+00
   2.6400E+02   1.3006E+00
   2.6500E+02   1.3339E+00
   2.6600E+02   1.3685E+00
   2.6700E+02   1.3919E+00
   2.6800E+02   1.3959E+00
   2.6900E+02   1.3984E+00
   2.7000E+02   1.4020E+00
   2.7100E+02   1.4097E+00
   2.7200E+02   1.4143E+00
   2.7300E+02   1.4084E+00
   2.7400E+02   1.3921E+00
   2.7500E+02   1.3556E+00
   2.7600E+02   1.3162E+00
   2.7700E+02   1.2746E+00
   2.7800E+02   1.2452E+00
   2.7900E+02   1.2213E+00
   2.8000E+02   1.2169E+00
   2.8100E+02   1.2226E+00
   2.8200E+02   1.2448E+00
   2.8300E+02   1.2829E+00
   2.8400E+02   1.2962E+00
   2.8500E+02   1.3392E+00
   2.8600E+02   1.3748E+00
   2.8700E+02   1.3927E+00
   2.8700E+02   1.0000E+00
   2.8700E+02   1.3882E+00
   2.8800E+02   1.4190E+00
   2.8900E+02   1.4452E+00
   2.9000E+02   1.4843E+00
   2.9100E+02   1.4989E+00
   2.9200E+02   1.5156E+00
   2.9300E+02   1.4941E+00
   2.9400E+02   1.4238E+00
   2.9500E+02   1.3871E+00
   2.9600E+02   1.3008E+00
   2.9700E+02   1.2681E+00
   2.9800E+02   1.2690E+00
   2.9900E+02   1.3049E+00
   3.0000E+02   1.3658E+00
   3.0100E+02   1.4062E+00
   3.0200E+02   1.4641E+00
   3.0300E+02   1.5226E+00
   3.0400E+02   1.5428E+00
   3.0500E+02   1.5410E+00
   3.0600E+02   1.5019E+00
   3.0700E+02   1.4542E+00
   3.0800E+02   1.3907E+00
   3.0900E+02   1.2870E+00
   3.1000E+02   1.1653E+00
   3.1100E+02   1.0256E+00
   3.1200E+02   9.3217E-01
   3.1300E+02   9.1909E-01
   3.1400E+02   9.9790E-01
   3.1400E+02   1.0000E+00
   3.1400E+02   9.8290E-01
   3.1500E+02   1.1296E+00
   3.1600E+02   1.2800E+00
   3.1700E+02   1.3798E+00
   3.1800E+02   1.4458E+00
   3.1900E+02   1.5004E+00
   3.2000E+02   1.5210E+00
   3.2100E+02   1.5108E+00
   3.2200E+02   1.4557E+00
   3.2300E+02   1.4002E+00
   3.2400E+02   1.3119E+00
   3.2500E+02   1.2216E+00
   3.2600E+02   1.0891E+00
   3.2700E+02   1.0059E+00
   3.2800E+02   9.8766E-01
   3.2900E+02   1.0294E+00
   3.3000E+02   1.1564E+00
   3.3100E+02   1.2825E+00
   3.3200E+02   1.3671E+00
   3.3300E+02   1.3673E+00
   3.3400E+02   1.2998E+00
   3.3500E+02   1.1919E+00
   3.3600E+02   1.0996E+00
   3.3700E+02   1.0056E+00
   3.3700E+02   1.0000E+00
   3.3700E+02   1.0215E+00
   3.3800E+02   9.5470E-01
   3.3900E+02   8.9515E-01
   3.4000E+02   8.2896E-01
   3.4100E+02   7.9258E-01
   3.4200E+02   7.0774E-01
   3.4300E+02   6.9108E-01
   3.4400E+02   6.7387E-01
   3.4500E+02   6.8616E-01
   3.4600E+02   7.1013E-01
   3.4700E+02   7.4180E-01
   3.4800E+02   7.4912E-01
   3.4900E+02   7.3208E-01
   3.5000E+02   7.1229E-01
   3.5100E+02   7.1742E-01
   3.5200E+02   7.8854E-01
   3.5300E+02   9.1787E-01
   3.5300E+02   1.0000E+00
   3.5300E+02   8.3871E-01
   3.5400E+02   9.7883E-01
   3.5500E+02   1.0980E+00
   3.5600E+02   1.1911E+00
   3.5700E+02   1.2862E+00
   3.5800E+02   1.3533E+00
   3.5900E+02   1.3839E+00
   3.6000E+02   1.4194E+00
   3.6100E+02   1.4350E+00
   3.6200E+02   1.4337E+00
   3.6300E+02   1.4049E+00
   3.6400E+02   1.3381E+00
   3.6500E+02   1.2480E+00
   3.6600E+02   1.1355E+00
   3.6700E+02   1.0477E+00
   3.6800E+02   9.9074E-01
   3.6900E+02   9.6513E-01
   3.7000E+02   9.7386E-01
   3.7000E+02   1.0000E+00
   3.7000E+02   9.6916E-01
   3.7100E+02   9.9818E-01
   3.7100E+02   1.0000E+00
   3.7100E+02   9.9673E-01
   3.7200E+02   1.0479E+00
   3.7300E+02   1.1267E+00
   3.7400E+02   1.2086E+00
   3.7500E+02   1.2433E+00
   3.7600E+02   1.2392E+00
   3.7700E+02   1.1847E+00
   3.7800E+02   1.1336E+00
   3.7900E+02   1.0952E+00
   3.8000E+02   1.0864E+00
   3.8100E+02   1.1064E+00
   3.8200E+02   1.1132E+00
   3.8300E+02   1.0913E+00
   3.8400E+02   1.0320E+00
   3.8400E+02   1.0000E+00
   3.8400E+02   1.0338E+00
   3.8400E+02   1.0000E+00
   3.8400E+02   1.0000E+00
   3.8400E+02   1.0000E+00
   3.8400E+02   1.0338E+00
   3.8400E+02   1.0000E+00
   3.8400E+02   1.0338E+00
   3.8500E+02   9.3906E-01
   3.8600E+02   8.8068E-01
   3.8700E+02   9.3351E-01
   3.8700E+02   1.0000E+00
   3.8700E+02   9.1570E-01
   3.8800E+02   1.0581E+00
   3.8900E+02   1.2923E+00
   3.9000E+02   1.4704E+00
   3.9100E+02   1.5730E+00
   3.9200E+02   1.5804E+00
   3.9300E+02   1.4999E+00
   3.9400E+02   1.4063E+00
   3.9500E+02   1.3163E+00
   3.9600E+02   1.2246E+00
   3.9700E+02   1.1328E+00
   3.9800E+02   1.0634E+00
   3.9900E+02   1.0052E+00
   3.9900E+02   1.0000E+00
   3.9900E+02   1.0266E+00
   4.0000E+02   9.7136E-01
   4.0100E+02   9.2298E-01
   4.0200E+02   9.0558E-01
   4.0300E+02   9.2777E-01
   4.0400E+02   9.6626E-01
   4.0400E+02   1.0000E+00
   4.0400E+02   9.5508E-01
   4.0500E+02   1.0202E+00
   4.0600E+02   1.0882E+00
   4.0700E+02   1.1417E+00
   4.0800E+02   1.2051E+00
   4.0900E+02   1.2380E+00
   4.1000E+02   1.2667E+00
   4.1100E+02   1.2780E+00
   4.1200E+02   1.2709E+00
   4.1300E+02   1.2528E+00
   4.1400E+02   1.1927E+00
   4.1500E+02   1.1927E+00
   4.1600E+02   1.1409E+00
   4.1700E+02   1.1003E+00
   4.1800E+02   1.1183E+00
   4.1900E+02   1.2308E+00
   4.2000E+02   1.3599E+00
   4.2100E+02   1.4600E+00
   4.2200E+02   1.5749E+00
   4.2300E+02   1.6364E+00
   4.2400E+02   1.6410E+00
   4.2500E+02   1.6309E+00
   4.2600E+02   1.6069E+00
   4.2700E+02   1.5618E+00
   4.2800E+02   1.5004E+00
   4.2900E+02   1.4450E+00
   4.3000E+02   1.4002E+00
   4.3100E+02   1.3756E+00
   4.3200E+02   1.3414E+00
   4.3300E+02   1.3218E+00
   4.3400E+02   1.3250E+00
   4.3500E+02   1.3503E+00
   4.3600E+02   1.3822E+00
   4.3600E+02   1.0000E+00
   4.3600E+02   1.3759E+00
   4.3700E+02   1.4182E+00
   4.3800E+02   1.4651E+00
   4.3900E+02   1.5087E+00
   4.4000E+02   1.5469E+00
   4.4100E+02   1.5250E+00
   4.4200E+02   1.4386E+00
   4.4300E+02   1.2891E+00
   4.4400E+02   1.0529E+00
   4.4500E+02   9.6171E-01
   4.4600E+02   9.6004E-01
   4.4700E+02   1.0659E+00
   4.4800E+02   1.2702E+00
   4.4900E+02   1.4093E+00
   4.5000E+02   1.4937E+00
   4.5100E+02   1.5026E+00
   4.5200E+02   1.4803E+00
   4.5300E+02   1.4436E+00
   4.5400E+02   1.4136E+00
   4.5500E+02   1.3866E+00
   4.5600E+02   1.3642E+00
   4.5700E+02   1.3730E+00
   4.5800E+02   1.3981E+00
   4.5900E+02   1.4661E+00
   4.6000E+02   1.5155E+00
   4.6100E+02   1.5414E+00
   4.6200E+02   1.5312E+00
   4.6300E+02   1.4964E+00
   4.6400E+02   1.4512E+00
   4.6500E+02   1.4263E+00
   4.6600E+02   1.4171E+00
   4.6700E+02   1.4223E+00
   4.6800E+02   1.4052E+00
   4.6900E+02   1.3598E+00
   4.7000E+02   1.2473E+00
   4.7100E+02   1.1290E+00
   4.7200E+02   1.0199E+00
   4.7300E+02   9.9705E-01
   4.7400E+02   1.0485E+00
   4.7500E+02   1.1617E+00
   4.7600E+02   1.2952E+00
   4.7700E+02   1.3652E+00
   4.7800E+02   1.4244E+00
   4.7900E+02   1.4615E+00
   4.8000E+02   1.4563E+00
   4.8100E+02   1.4198E+00
   4.8200E+02   1.3387E+00
   4.8300E+02   1.2189E+00
   4.8400E+02   1.1239E+00
   4.8500E+02   1.0690E+00
   4.8600E+02   1.0505E+00
   4.8700E+02   1.0582E+00
   4.8800E+02   1.0670E+00
   4.8900E+02   1.0692E+00
   4.9000E+02   1.0672E+00
   4.9100E+02   1.0606E+00
   4.9200E+02   1.0518E+00
   4.9300E+02   1.0409E+00
   4.9400E+02   1.0197E+00
   4.9400E+02   1.0000E+00
   4.9400E+02   1.0306E+00
   4.9500E+02   1.0022E+00
   4.9500E+02   1.0000E+00
   4.9500E+02   1.0124E+00
   4.9500E+02   1.0000E+00
   4.9500E+02   1.0000E+00
   4.9500E+02   1.0000E+00
   4.9500E+02   1.0124E+00
   4.9500E+02   1.0000E+00
   4.9500E+02   1.0124E+00
   4.9500E+02   1.0000E+00
   4.9500E+02   1.0124E+00
   4.9500E+02   1.0000E+00
   4.9500E+02   1.0124E+00
   4.9500E+02   1.0000E+00
   4.9500E+02   1.0124E+00
