   0.0000E+00   1.0000E+00
   0.0000E+00   1.0007E+00
   1.0000E+00   9.9928E-01
   2.0000E+00   9.4666E-01
   3.0000E+00   9.1310E-01
   4.0000E+00   8.9153E-01
   5.0000E+00   8.7519E-01
   6.0000E+00   8.6031E-01
   7.0000E+00   8.4631E-01
   8.0000E+00   8.4520E-01
   9.0000E+00   8.6202E-01
   1.0000E+01   8.9236E-01
   1.1000E+01   9.4502E-01
   1.2000E+01   9.9969E-01
   1.3000E+01   1.0285E+00
   1.4000E+01   1.0286E+00
   1.5000E+01   1.0015E+00
   1.6000E+01   9.6324E-01
   1.7000E+01   9.3771E-01
   1.8000E+01   9.2437E-01
   1.9000E+01   9.2246E-01
   2.0000E+01   9.4049E-01
   2.1000E+01   9.7912E-01
   2.2000E+01   1.0460E+00
   2.3000E+01   1.1340E+00
   2.4000E+01   1.2017E+00
   2.5000E+01   1.2224E+00
   2.6000E+01   1.1930E+00
   2.7000E+01   1.1240E+00
   2.8000E+01   1.0579E+00
   2.9000E+01   1.0296E+00
   3.0000E+01   1.0327E+00
   3.1000E+01   1.0689E+00
   3.2000E+01   1.1123E+00
   3.3000E+01   1.1694E+00
   3.4000E+01   1.2252E+00
   3.5000E+01   1.2922E+00
   3.6000E+01   1.3585E+00
   3.7000E+01   1.4271E+00
   3.8000E+01   1.5002E+00
   3.9000E+01   1.5640E+00
   4.0000E+01   1.5779E+00
   4.1000E+01   1.5377E+00
   4.2000E+01   1.4336E+00
   4.3000E+01   1.3036E+00
   4.4000E+01   1.2227E+00
   4.5000E+01   1.2001E+00
   4.6000E+01   1.2386E+00
   4.7000E+01   1.3210E+00
   4.8000E+01   1.4018E+00
   4.9000E+01   1.4843E+00
   5.0000E+01   1.5547E+00
   5.1000E+01   1.6049E+00
   5.2000E+01   1.6181E+00
   5.3000E+01   1.5883E+00
   5.4000E+01   1.5144E+00
   5.5000E+01   1.4102E+00
   5.6000E+01   1.2843E+00
   5.7000E+01   1.1414E+00
   5.8000E+01   9.8713E-01
   5.9000E+01   8.6487E-01
   6.0000E+01   8.4714E-01
   6.1000E+01   9.3395E-01
   6.2000E+01   1.1214E+00
   6.3000E+01   1.3193E+00
   6.4000E+01   1.4722E+00
   6.5000E+01   1.5653E+00
   6.6000E+01   1.6096E+00
   6.7000E+01   1.6118E+00
   6.8000E+01   1.5806E+00
   6.9000E+01   1.5162E+00
   7.0000E+01   1.4133E+00
   7.1000E+01   1.3326E+00
   7.2000E+01   1.2793E+00
   7.3000E+01   1.2559E+00
   7.4000E+01   1.2635E+00
   7.5000E+01   1.2901E+00
   7.6000E+01   1.3277E+00
   7.7000E+01   1.3828E+00
   7.8000E+01   1.4489E+00
   7.9000E+01   1.4983E+00
   8.0000E+01   1.5204E+00
   8.1000E+01   1.5173E+00
   8.2000E+01   1.4931E+00
   8.3000E+01   1.4621E+00
   8.4000E+01   1.4274E+00
   8.5000E+01   1.3843E+00
   8.6000E+01   1.3346E+00
   8.7000E+01   1.2814E+00
   8.8000E+01   1.2272E+00
   8.9000E+01   1.1682E+00
   9.0000E+01   1.1196E+00
   9.1000E+01   1.1044E+00
   9.2000E+01   1.1249E+00
   9.3000E+01   1.1837E+00
   9.4000E+01   1.2454E+00
   9.5000E+01   1.2647E+00
   9.6000E+01   1.2362E+00
   9.7000E+01   1.1593E+00
   9.8000E+01   1.0839E+00
   9.9000E+01   1.0728E+00
   1.0000E+02   1.1204E+00
   1.0100E+02   1.2229E+00
   1.0200E+02   1.3542E+00
   1.0300E+02   1.4673E+00
   1.0400E+02   1.5617E+00
   1.0500E+02   1.6365E+00
   1.0600E+02   1.6554E+00
   1.0700E+02   1.5954E+00
   1.0800E+02   1.4458E+00
   1.0900E+02   1.2317E+00
   1.1000E+02   1.0250E+00
   1.1100E+02   9.0538E-01
   1.1200E+02   8.5287E-01
   1.1300E+02   8.7095E-01
   1.1400E+02   9.0330E-01
   1.1500E+02   9.3442E-01
   1.1600E+02   9.5805E-01
   1.1700E+02   9.7743E-01
   1.1800E+02   9.8501E-01
   1.1900E+02   9.7832E-01
   1.2000E+02   9.5537E-01
   1.2100E+02   9.2795E-01
   1.2200E+02   9.1983E-01
   1.2300E+02   9.3560E-01
   1.2400E+02   9.7798E-01
   1.2500E+02   1.0380E+00
   1.2600E+02   1.0993E+00
   1.2700E+02   1.1595E+00
   1.2800E+02   1.2165E+00
   1.2900E+02   1.2709E+00
   1.3000E+02   1.3146E+00
   1.3100E+02   1.3451E+00
   1.3200E+02   1.3704E+00
   1.3300E+02   1.3776E+00
   1.3400E+02   1.3626E+00
   1.3500E+02   1.3233E+00
   1.3600E+02   1.2597E+00
   1.3700E+02   1.1868E+00
   1.3800E+02   1.1362E+00
   1.3900E+02   1.1020E+00
   1.4000E+02   1.0904E+00
   1.4100E+02   1.0887E+00
   1.4200E+02   1.0902E+00
   1.4300E+02   1.0942E+00
   1.4400E+02   1.1013E+00
   1.4500E+02   1.1087E+00
   1.4600E+02   1.1142E+00
   1.4700E+02   1.1171E+00
   1.4800E+02   1.1189E+00
   1.4900E+02   1.1299E+00
   1.5000E+02   1.1585E+00
   1.5100E+02   1.2011E+00
   1.5200E+02   1.2549E+00
   1.5300E+02   1.2667E+00
   1.5400E+02   1.2087E+00
   1.5500E+02   1.0867E+00
   1.5600E+02   9.0214E-01
   1.5700E+02   7.5495E-01
   1.5800E+02   6.6862E-01
   1.5900E+02   6.4869E-01
   1.6000E+02   6.8880E-01
   1.6100E+02   7.3911E-01
   1.6200E+02   7.9354E-01
   1.6300E+02   8.6238E-01
   1.6400E+02   9.1479E-01
   1.6500E+02   9.6585E-01
   1.6600E+02   1.0036E+00
   1.6700E+02   1.0313E+00
   1.6800E+02   1.0476E+00
   1.6900E+02   1.0504E+00
   1.7000E+02   1.0385E+00
   1.7100E+02   1.0198E+00
   1.7200E+02   1.0025E+00
   1.7300E+02   1.0165E+00
   1.7400E+02   1.0629E+00
   1.7500E+02   1.1454E+00
   1.7600E+02   1.2337E+00
   1.7700E+02   1.2640E+00
   1.7800E+02   1.2410E+00
   1.7900E+02   1.1619E+00
   1.8000E+02   1.0834E+00
   1.8100E+02   1.0909E+00
   1.8200E+02   1.1840E+00
   1.8300E+02   1.3560E+00
   1.8400E+02   1.5036E+00
   1.8500E+02   1.5095E+00
   1.8600E+02   1.3760E+00
   1.8700E+02   1.1028E+00
   1.8800E+02   8.5031E-01
   1.8900E+02   7.3465E-01
   1.9000E+02   7.6142E-01
   1.9100E+02   9.1651E-01
   1.9200E+02   1.0756E+00
   1.9300E+02   1.1693E+00
   1.9400E+02   1.1964E+00
   1.9500E+02   1.1638E+00
   1.9600E+02   1.1310E+00
   1.9700E+02   1.1260E+00
   1.9800E+02   1.1463E+00
   1.9900E+02   1.1805E+00
   2.0000E+02   1.1939E+00
   2.0100E+02   1.1720E+00
   2.0200E+02   1.1177E+00
   2.0300E+02   1.0404E+00
   2.0400E+02   1.0116E+00
   2.0500E+02   1.0414E+00
   2.0600E+02   1.1327E+00
   2.0700E+02   1.2635E+00
   2.0800E+02   1.3442E+00
   2.0900E+02   1.3636E+00
   2.1000E+02   1.3218E+00
   2.1100E+02   1.2462E+00
   2.1200E+02   1.2108E+00
   2.1300E+02   1.2215E+00
   2.1400E+02   1.2794E+00
   2.1500E+02   1.3609E+00
   2.1600E+02   1.4058E+00
   2.1700E+02   1.4142E+00
   2.1800E+02   1.3858E+00
   2.1900E+02   1.3352E+00
   2.2000E+02   1.2982E+00
   2.2100E+02   1.2693E+00
   2.2200E+02   1.2518E+00
   2.2300E+02   1.2277E+00
   2.2400E+02   1.1856E+00
   2.2500E+02   1.1179E+00
   2.2600E+02   1.0296E+00
   2.2700E+02   9.4424E-01
   2.2800E+02   8.7060E-01
   2.2900E+02   8.1374E-01
   2.3000E+02   7.7369E-01
   2.3100E+02   7.4648E-01
   2.3200E+02   7.2714E-01
   2.3300E+02   7.2190E-01
   2.3400E+02   7.2950E-01
   2.3500E+02   7.5444E-01
   2.3600E+02   8.1335E-01
   2.3700E+02   8.9743E-01
   2.3800E+02   1.0058E+00
   2.3900E+02   1.0849E+00
   2.4000E+02   1.1145E+00
   2.4100E+02   1.0938E+00
   2.4200E+02   1.0301E+00
   2.4300E+02   9.7784E-01
   2.4400E+02   9.4842E-01
   2.4500E+02   9.4383E-01
   2.4600E+02   9.6248E-01
   2.4700E+02   1.0064E+00
   2.4800E+02   1.0823E+00
   2.4900E+02   1.1794E+00
   2.5000E+02   1.2863E+00
   2.5100E+02   1.3287E+00
   2.5200E+02   1.2971E+00
   2.5300E+02   1.1915E+00
   2.5400E+02   1.0492E+00
   2.5500E+02   9.5519E-01
   2.5600E+02   9.1121E-01
   2.5700E+02   9.2053E-01
   2.5800E+02   9.6353E-01
   2.5800E+02   1.0000E+00
   2.5800E+02   9.6330E-01
   2.5800E+02   1.0000E+00
   2.5800E+02   9.6330E-01
   2.5800E+02   1.0000E+00
   2.5800E+02   1.0000E+00
   2.5800E+02   9.6330E-01
   2.5800E+02   1.0000E+00
   2.5800E+02   9.6330E-01
   2.5800E+02   1.0000E+00
   2.5800E+02   9.6330E-01
   2.5900E+02   1.0018E+00
   2.5900E+02   1.0000E+00
   2.5900E+02   1.0018E+00
   2.6000E+02   1.0342E+00
   2.6000E+02   1.0000E+00
   2.6000E+02   1.0342E+00
   2.6100E+02   1.0615E+00
   2.6200E+02   1.0899E+00
   2.6300E+02   1.1172E+00
   2.6400E+02   1.1433E+00
   2.6500E+02   1.1514E+00
   2.6600E+02   1.1581E+00
   2.6700E+02   1.1521E+00
   2.6800E+02   1.1229E+00
   2.6900E+02   1.0849E+00
   2.7000E+02   1.0364E+00
   2.7000E+02   1.0000E+00
   2.7000E+02   1.0638E+00
   2.7000E+02   1.0000E+00
   2.7000E+02   1.0638E+00
   2.7000E+02   1.0000E+00
   2.7000E+02   1.0638E+00
   2.7000E+02   1.0000E+00
   2.7000E+02   1.0638E+00
   2.7000E+02   1.0000E+00
   2.7000E+02   1.0638E+00
   2.7000E+02   1.0000E+00
   2.7000E+02   1.0638E+00
   2.7100E+02   1.0101E+00
   2.7100E+02   1.0000E+00
   2.7100E+02   1.0101E+00
   2.7200E+02   9.4603E-01
   2.7200E+02   1.0000E+00
   2.7200E+02   9.4603E-01
   2.7300E+02   8.6199E-01
   2.7400E+02   8.1168E-01
   2.7500E+02   7.8445E-01
   2.7600E+02   7.9369E-01
   2.7700E+02   8.2423E-01
   2.7800E+02   9.1741E-01
   2.7800E+02   1.0000E+00
   2.7800E+02   8.9096E-01
   2.7900E+02   9.9943E-01
   2.8000E+02   1.1532E+00
   2.8100E+02   1.3292E+00
   2.8200E+02   1.4583E+00
   2.8300E+02   1.5094E+00
   2.8400E+02   1.4832E+00
   2.8500E+02   1.4057E+00
   2.8600E+02   1.3355E+00
   2.8700E+02   1.2660E+00
   2.8800E+02   1.2153E+00
   2.8900E+02   1.1699E+00
   2.9000E+02   1.1072E+00
   2.9100E+02   1.0257E+00
   2.9100E+02   1.0000E+00
   2.9100E+02   1.0434E+00
   2.9200E+02   9.4738E-01
   2.9300E+02   8.4503E-01
   2.9400E+02   8.3262E-01
   2.9500E+02   8.8406E-01
   2.9500E+02   1.0000E+00
   2.9500E+02   8.6664E-01
   2.9600E+02   9.8097E-01
   2.9700E+02   1.1380E+00
   2.9800E+02   1.2433E+00
   2.9900E+02   1.3182E+00
   3.0000E+02   1.3325E+00
   3.0100E+02   1.3180E+00
   3.0200E+02   1.2891E+00
   3.0300E+02   1.2531E+00
   3.0400E+02   1.1994E+00
   3.0500E+02   1.1475E+00
   3.0600E+02   1.0141E+00
   3.0600E+02   1.0000E+00
   3.0600E+02   1.0701E+00
   3.0600E+02   1.0000E+00
   3.0600E+02   1.0000E+00
   3.0600E+02   1.0000E+00
   3.0600E+02   1.0701E+00
   3.0600E+02   1.0000E+00
   3.0600E+02   1.0701E+00
   3.0600E+02   1.0000E+00
   3.0600E+02   1.0701E+00
   3.0700E+02   9.7576E-01
   3.0700E+02   1.0000E+00
   3.0700E+02   9.7576E-01
   3.0800E+02   8.6627E-01
   3.0800E+02   1.0000E+00
   3.0800E+02   8.6627E-01
   3.0900E+02   7.6880E-01
   3.1000E+02   7.3979E-01
   3.1100E+02   7.7262E-01
   3.1200E+02   8.3396E-01
   3.1300E+02   8.9812E-01
   3.1400E+02   9.1831E-01
   3.1500E+02   9.0523E-01
   3.1600E+02   8.5897E-01
   3.1700E+02   8.0788E-01
   3.1800E+02   7.7590E-01
   3.1900E+02   7.4978E-01
   3.2000E+02   7.4221E-01
   3.2100E+02   7.7084E-01
   3.2200E+02   8.6092E-01
   3.2300E+02   9.8059E-01
   3.2300E+02   1.0000E+00
   3.2300E+02   9.2961E-01
   3.2400E+02   1.0659E+00
   3.2500E+02   1.1812E+00
   3.2600E+02   1.2327E+00
   3.2700E+02   1.2291E+00
   3.2800E+02   1.1868E+00
   3.2900E+02   1.1293E+00
   3.3000E+02   1.0459E+00
   3.3000E+02   1.0000E+00
   3.3000E+02   1.0602E+00
   3.3000E+02   1.0000E+00
   3.3000E+02   1.0000E+00
   3.3000E+02   1.0000E+00
   3.3000E+02   1.0602E+00
   3.3000E+02   1.0000E+00
   3.3000E+02   1.0602E+00
   3.3100E+02   9.5251E-01
   3.3200E+02   8.5459E-01
   3.3300E+02   8.5971E-01
   3.3400E+02   9.9038E-01
   3.3400E+02   1.0000E+00
   3.3400E+02   9.1239E-01
   3.3500E+02   1.0982E+00
   3.3600E+02   1.3215E+00
   3.3700E+02   1.4432E+00
   3.3800E+02   1.4957E+00
   3.3900E+02   1.4525E+00
   3.4000E+02   1.3664E+00
   3.4100E+02   1.2944E+00
   3.4200E+02   1.2427E+00
   3.4300E+02   1.2186E+00
   3.4400E+02   1.1901E+00
   3.4500E+02   1.1500E+00
   3.4600E+02   1.0358E+00
   3.4600E+02   1.0000E+00
   3.4600E+02   1.0753E+00
   3.4600E+02   1.0000E+00
   3.4600E+02   1.0000E+00
   3.4600E+02   1.0000E+00
   3.4600E+02   1.0753E+00
   3.4600E+02   1.0000E+00
   3.4600E+02   1.0753E+00
   3.4600E+02   1.0000E+00
   3.4600E+02   1.0753E+00
   3.4700E+02   9.7377E-01
   3.4700E+02   1.0000E+00
   3.4700E+02   9.7377E-01
   3.4800E+02   8.9569E-01
   3.4800E+02   1.0000E+00
   3.4800E+02   8.9569E-01
   3.4900E+02   8.9783E-01
   3.5000E+02   9.8547E-01
   3.5100E+02   1.1487E+00
   3.5200E+02   1.2967E+00
   3.5300E+02   1.3411E+00
   3.5400E+02   1.2992E+00
   3.5500E+02   1.1706E+00
   3.5600E+02   1.0693E+00
   3.5700E+02   1.0452E+00
   3.5800E+02   1.1299E+00
   3.5900E+02   1.2288E+00
   3.6000E+02   1.3453E+00
   3.6100E+02   1.3996E+00
   3.6200E+02   1.4290E+00
   3.6300E+02   1.4114E+00
   3.6400E+02   1.3523E+00
   3.6500E+02   1.2329E+00
   3.6600E+02   1.0618E+00
   3.6700E+02   8.7147E-01
   3.6800E+02   7.0707E-01
   3.6900E+02   6.2443E-01
   3.7000E+02   6.1811E-01
   3.7100E+02   6.5138E-01
   3.7200E+02   6.9353E-01
   3.7300E+02   7.4724E-01
   3.7400E+02   7.7303E-01
   3.7500E+02   7.9882E-01
   3.7600E+02   8.0161E-01
   3.7700E+02   7.7298E-01
   3.7800E+02   7.0090E-01
   3.7900E+02   6.7335E-01
   3.8000E+02   6.3236E-01
   3.8100E+02   6.1037E-01
   3.8200E+02   6.1467E-01
   3.8300E+02   6.1727E-01
   3.8400E+02   6.0712E-01
   3.8400E+02   1.0000E+00
   3.8400E+02   6.0917E-01
   3.8400E+02   1.0000E+00
   3.8400E+02   6.0917E-01
   3.8400E+02   1.0000E+00
   3.8400E+02   6.0917E-01
   3.8400E+02   1.0000E+00
   3.8400E+02   6.0917E-01
   3.8400E+02   1.0000E+00
   3.8400E+02   6.0917E-01
   3.8400E+02   1.0000E+00
   3.8400E+02   6.0917E-01
   3.8500E+02   5.8633E-01
   3.8500E+02   1.0000E+00
   3.8500E+02   5.8633E-01
   3.8600E+02   5.4880E-01
   3.8600E+02   1.0000E+00
   3.8600E+02   5.4880E-01
   3.8700E+02   5.2465E-01
   3.8800E+02   5.6960E-01
   3.8800E+02   1.0000E+00
   3.8800E+02   5.4789E-01
   3.8800E+02   1.0000E+00
   3.8800E+02   1.0000E+00
   3.8800E+02   1.0000E+00
   3.8800E+02   5.4789E-01
   3.8800E+02   1.0000E+00
   3.8800E+02   5.4789E-01
   3.8800E+02   1.0000E+00
   3.8800E+02   5.4789E-01
   3.8900E+02   6.2233E-01
   3.8900E+02   1.0000E+00
   3.8900E+02   6.2233E-01
   3.9000E+02   7.4620E-01
   3.9000E+02   1.0000E+00
   3.9000E+02   7.4620E-01
   3.9100E+02   8.7377E-01
   3.9200E+02   9.1593E-01
   3.9300E+02   9.0079E-01
   3.9400E+02   8.2538E-01
   3.9500E+02   7.2582E-01
   3.9600E+02   6.8857E-01
   3.9700E+02   6.6495E-01
   3.9800E+02   6.6869E-01
   3.9900E+02   6.6042E-01
   4.0000E+02   6.3184E-01
   4.0100E+02   6.0455E-01
   4.0100E+02   1.0000E+00
   4.0100E+02   6.0733E-01
   4.0200E+02   5.4715E-01
   4.0300E+02   5.0787E-01
   4.0400E+02   4.9100E-01
   4.0500E+02   4.9814E-01
   4.0600E+02   5.2301E-01
   4.0700E+02   5.3041E-01
   4.0800E+02   5.1033E-01
   4.0900E+02   4.8135E-01
   4.1000E+02   4.4713E-01
   4.1100E+02   4.2684E-01
   4.1200E+02   4.3787E-01
   4.1300E+02   4.9934E-01
   4.1400E+02   5.3359E-01
   4.1500E+02   5.4683E-01
   4.1600E+02   4.8693E-01
   4.1700E+02   4.3707E-01
   4.1800E+02   3.4916E-01
   4.1900E+02   3.5623E-01
   4.2000E+02   4.2725E-01
   4.2000E+02   1.0000E+00
   4.2000E+02   4.1781E-01
   4.2100E+02   5.9894E-01
   4.2100E+02   1.0000E+00
   4.2100E+02   5.7491E-01
   4.2200E+02   7.8667E-01
   4.2300E+02   8.9645E-01
   4.2400E+02   9.1102E-01
   4.2500E+02   8.5696E-01
   4.2600E+02   7.6122E-01
   4.2700E+02   6.9863E-01
   4.2800E+02   6.5473E-01
   4.2900E+02   6.5033E-01
   4.3000E+02   6.4828E-01
   4.3100E+02   6.3544E-01
   4.3200E+02   6.1348E-01
   4.3200E+02   1.0000E+00
   4.3200E+02   6.1768E-01
   4.3200E+02   1.0000E+00
   4.3200E+02   1.0000E+00
   4.3200E+02   1.0000E+00
   4.3200E+02   6.1768E-01
   4.3200E+02   1.0000E+00
   4.3200E+02   6.1768E-01
   4.3200E+02   1.0000E+00
   4.3200E+02   6.1768E-01
   4.3300E+02   5.8776E-01
   4.3300E+02   1.0000E+00
   4.3300E+02   5.8776E-01
   4.3400E+02   5.5838E-01
   4.3400E+02   1.0000E+00
   4.3400E+02   5.5838E-01
   4.3500E+02   5.3369E-01
   4.3600E+02   5.2500E-01
   4.3700E+02   5.2676E-01
   4.3800E+02   5.5877E-01
   4.3900E+02   5.9602E-01
   4.3900E+02   1.0000E+00
   4.3900E+02   5.6692E-01
   4.3900E+02   1.0000E+00
   4.3900E+02   1.0000E+00
   4.3900E+02   1.0000E+00
   4.3900E+02   5.6692E-01
   4.3900E+02   1.0000E+00
   4.3900E+02   5.6692E-01
   4.3900E+02   1.0000E+00
   4.3900E+02   5.6692E-01
   4.4000E+02   5.9448E-01
   4.4000E+02   1.0000E+00
   4.4000E+02   6.1298E-01
   4.4100E+02   6.7485E-01
   4.4100E+02   1.0000E+00
   4.4100E+02   6.7485E-01
   4.4200E+02   7.3956E-01
   4.4300E+02   7.9241E-01
   4.4400E+02   8.0630E-01
   4.4500E+02   8.2433E-01
   4.4600E+02   8.2963E-01
   4.4700E+02   8.3117E-01
   4.4800E+02   8.2744E-01
   4.4900E+02   8.2045E-01
   4.5000E+02   7.9278E-01
   4.5100E+02   7.3906E-01
   4.5200E+02   6.2789E-01
   4.5200E+02   1.0000E+00
   4.5200E+02   6.7984E-01
   4.5200E+02   1.0000E+00
   4.5200E+02   1.0000E+00
   4.5200E+02   6.7984E-01
   4.5200E+02   1.0000E+00
   4.5200E+02   6.7984E-01
   4.5200E+02   1.0000E+00
   4.5200E+02   6.7984E-01
   4.5200E+02   1.0000E+00
   4.5200E+02   6.7984E-01
   4.5200E+02   1.0000E+00
   4.5200E+02   6.7984E-01
   4.5200E+02   1.0000E+00
   4.5200E+02   6.7984E-01
