   0.0000E+00   1.0000E+00
   0.0000E+00   9.7276E-01
   1.0000E+00   9.7169E-01
   2.0000E+00   9.4275E-01
   3.0000E+00   9.2048E-01
   4.0000E+00   9.1141E-01
   5.0000E+00   9.3969E-01
   6.0000E+00   1.0043E+00
   7.0000E+00   1.1097E+00
   8.0000E+00   1.2263E+00
   9.0000E+00   1.3212E+00
   1.0000E+01   1.3895E+00
   1.1000E+01   1.4326E+00
   1.2000E+01   1.4427E+00
   1.3000E+01   1.4100E+00
   1.4000E+01   1.3362E+00
   1.5000E+01   1.2182E+00
   1.6000E+01   1.1227E+00
   1.7000E+01   1.0966E+00
   1.8000E+01   1.1411E+00
   1.9000E+01   1.2523E+00
   2.0000E+01   1.3586E+00
   2.1000E+01   1.4134E+00
   2.2000E+01   1.4187E+00
   2.3000E+01   1.3752E+00
   2.4000E+01   1.3330E+00
   2.5000E+01   1.3059E+00
   2.6000E+01   1.2991E+00
   2.7000E+01   1.3091E+00
   2.8000E+01   1.3149E+00
   2.9000E+01   1.3120E+00
   3.0000E+01   1.3033E+00
   3.1000E+01   1.2944E+00
   3.2000E+01   1.3064E+00
   3.3000E+01   1.3485E+00
   3.4000E+01   1.4209E+00
   3.5000E+01   1.5122E+00
   3.6000E+01   1.5676E+00
   3.7000E+01   1.5819E+00
   3.8000E+01   1.5514E+00
   3.9000E+01   1.4950E+00
   4.0000E+01   1.4601E+00
   4.1000E+01   1.4550E+00
   4.2000E+01   1.4790E+00
   4.3000E+01   1.5210E+00
   4.4000E+01   1.5419E+00
   4.5000E+01   1.5456E+00
   4.6000E+01   1.5307E+00
   4.7000E+01   1.5051E+00
   4.8000E+01   1.4909E+00
   4.9000E+01   1.4848E+00
   5.0000E+01   1.4882E+00
   5.1000E+01   1.4930E+00
   5.2000E+01   1.4882E+00
   5.3000E+01   1.4749E+00
   5.4000E+01   1.4531E+00
   5.5000E+01   1.4224E+00
   5.6000E+01   1.3801E+00
   5.7000E+01   1.3306E+00
   5.8000E+01   1.2674E+00
   5.9000E+01   1.2286E+00
   6.0000E+01   1.2289E+00
   6.1000E+01   1.2672E+00
   6.2000E+01   1.3462E+00
   6.3000E+01   1.4279E+00
   6.4000E+01   1.4964E+00
   6.5000E+01   1.5413E+00
   6.6000E+01   1.5763E+00
   6.7000E+01   1.5997E+00
   6.8000E+01   1.6124E+00
   6.9000E+01   1.6157E+00
   7.0000E+01   1.6118E+00
   7.1000E+01   1.6134E+00
   7.2000E+01   1.6287E+00
   7.3000E+01   1.6435E+00
   7.4000E+01   1.6580E+00
   7.5000E+01   1.6496E+00
   7.6000E+01   1.6067E+00
   7.7000E+01   1.5284E+00
   7.8000E+01   1.4226E+00
   7.9000E+01   1.3249E+00
   8.0000E+01   1.2312E+00
   8.1000E+01   1.1445E+00
   8.2000E+01   1.0847E+00
   8.3000E+01   1.0626E+00
   8.4000E+01   1.0841E+00
   8.5000E+01   1.1521E+00
   8.6000E+01   1.2517E+00
   8.7000E+01   1.3401E+00
   8.8000E+01   1.4278E+00
   8.9000E+01   1.5099E+00
   9.0000E+01   1.5673E+00
   9.1000E+01   1.5662E+00
   9.2000E+01   1.5097E+00
   9.3000E+01   1.3954E+00
   9.4000E+01   1.2804E+00
   9.5000E+01   1.2407E+00
   9.6000E+01   1.2770E+00
   9.7000E+01   1.3834E+00
   9.8000E+01   1.4994E+00
   9.9000E+01   1.5656E+00
   1.0000E+02   1.5818E+00
   1.0100E+02   1.5485E+00
   1.0200E+02   1.5087E+00
   1.0300E+02   1.4869E+00
   1.0400E+02   1.4847E+00
   1.0500E+02   1.5005E+00
   1.0600E+02   1.5216E+00
   1.0700E+02   1.5350E+00
   1.0800E+02   1.5473E+00
   1.0900E+02   1.5554E+00
   1.1000E+02   1.5682E+00
   1.1100E+02   1.5869E+00
   1.1200E+02   1.6213E+00
   1.1300E+02   1.6414E+00
   1.1400E+02   1.6529E+00
   1.1500E+02   1.6416E+00
   1.1600E+02   1.6033E+00
   1.1700E+02   1.5548E+00
   1.1800E+02   1.5258E+00
   1.1900E+02   1.5220E+00
   1.2000E+02   1.5453E+00
   1.2100E+02   1.5827E+00
   1.2200E+02   1.6039E+00
   1.2300E+02   1.6042E+00
   1.2400E+02   1.5836E+00
   1.2500E+02   1.5498E+00
   1.2600E+02   1.5310E+00
   1.2700E+02   1.5261E+00
   1.2800E+02   1.5361E+00
   1.2900E+02   1.5596E+00
   1.3000E+02   1.5879E+00
   1.3100E+02   1.6250E+00
   1.3200E+02   1.6692E+00
   1.3300E+02   1.7021E+00
   1.3400E+02   1.7090E+00
   1.3500E+02   1.6859E+00
   1.3600E+02   1.6369E+00
   1.3700E+02   1.5831E+00
   1.3800E+02   1.5541E+00
   1.3900E+02   1.5528E+00
   1.4000E+02   1.5758E+00
   1.4100E+02   1.5951E+00
   1.4200E+02   1.5908E+00
   1.4300E+02   1.5630E+00
   1.4400E+02   1.5152E+00
   1.4500E+02   1.4740E+00
   1.4600E+02   1.4626E+00
   1.4700E+02   1.4771E+00
   1.4700E+02   1.0000E+00
   1.4700E+02   1.4769E+00
   1.4800E+02   1.5262E+00
   1.4900E+02   1.5591E+00
   1.5000E+02   1.5800E+00
   1.5100E+02   1.5887E+00
   1.5200E+02   1.5850E+00
   1.5300E+02   1.5835E+00
   1.5400E+02   1.5842E+00
   1.5500E+02   1.5883E+00
   1.5600E+02   1.5945E+00
   1.5700E+02   1.5947E+00
   1.5800E+02   1.5859E+00
   1.5900E+02   1.5759E+00
   1.6000E+02   1.5577E+00
   1.6100E+02   1.5272E+00
   1.6200E+02   1.4854E+00
   1.6300E+02   1.4200E+00
   1.6400E+02   1.3792E+00
   1.6500E+02   1.3555E+00
   1.6600E+02   1.3626E+00
   1.6700E+02   1.3992E+00
   1.6800E+02   1.4512E+00
   1.6900E+02   1.4634E+00
   1.7000E+02   1.4402E+00
   1.7100E+02   1.3783E+00
   1.7200E+02   1.2936E+00
   1.7300E+02   1.2492E+00
   1.7400E+02   1.2105E+00
   1.7500E+02   1.2035E+00
   1.7600E+02   1.1799E+00
   1.7700E+02   1.0956E+00
   1.7700E+02   1.0000E+00
   1.7700E+02   1.1046E+00
   1.7800E+02   9.6969E-01
   1.7900E+02   7.8533E-01
   1.8000E+02   6.0863E-01
   1.8100E+02   5.2710E-01
   1.8200E+02   5.3040E-01
   1.8200E+02   1.0000E+00
   1.8200E+02   5.2254E-01
   1.8200E+02   1.0000E+00
   1.8200E+02   1.0000E+00
   1.8200E+02   1.0000E+00
   1.8200E+02   5.2254E-01
   1.8200E+02   1.0000E+00
   1.8200E+02   5.2254E-01
   1.8300E+02   5.9984E-01
   1.8300E+02   1.0000E+00
   1.8300E+02   5.9784E-01
   1.8400E+02   7.0662E-01
   1.8500E+02   8.0995E-01
   1.8600E+02   8.6767E-01
   1.8700E+02   9.2963E-01
   1.8800E+02   9.5800E-01
   1.8900E+02   9.1776E-01
   1.9000E+02   8.3415E-01
   1.9100E+02   7.5992E-01
   1.9200E+02   6.9046E-01
   1.9300E+02   6.9392E-01
   1.9400E+02   7.6318E-01
   1.9500E+02   8.6623E-01
   1.9600E+02   9.7490E-01
   1.9700E+02   1.1044E+00
   1.9800E+02   1.2559E+00
   1.9900E+02   1.3381E+00
   2.0000E+02   1.3986E+00
   2.0100E+02   1.3906E+00
   2.0200E+02   1.3122E+00
   2.0300E+02   1.1838E+00
   2.0400E+02   1.0901E+00
   2.0500E+02   1.0020E+00
   2.0500E+02   1.0000E+00
   2.0500E+02   1.0233E+00
   2.0600E+02   9.7231E-01
   2.0700E+02   9.4025E-01
   2.0800E+02   9.1672E-01
   2.0900E+02   8.9805E-01
   2.1000E+02   8.7927E-01
   2.1100E+02   8.7609E-01
   2.1200E+02   9.0125E-01
   2.1300E+02   9.5942E-01
   2.1300E+02   1.0000E+00
   2.1300E+02   9.3896E-01
   2.1400E+02   1.0115E+00
   2.1500E+02   1.1003E+00
   2.1600E+02   1.2052E+00
   2.1700E+02   1.2770E+00
   2.1800E+02   1.3427E+00
   2.1900E+02   1.3782E+00
   2.2000E+02   1.3685E+00
   2.2100E+02   1.3429E+00
   2.2200E+02   1.2658E+00
   2.2300E+02   1.1566E+00
   2.2400E+02   1.0768E+00
   2.2500E+02   1.0096E+00
   2.2500E+02   1.0000E+00
   2.2500E+02   1.0370E+00
   2.2600E+02   9.8303E-01
   2.2700E+02   9.4276E-01
   2.2800E+02   9.1675E-01
   2.2900E+02   9.0835E-01
   2.3000E+02   9.1677E-01
   2.3100E+02   9.3751E-01
   2.3100E+02   1.0000E+00
   2.3100E+02   9.3433E-01
   2.3200E+02   9.7809E-01
   2.3300E+02   1.0330E+00
   2.3400E+02   1.1002E+00
   2.3500E+02   1.1745E+00
   2.3600E+02   1.2191E+00
   2.3700E+02   1.2649E+00
   2.3800E+02   1.2875E+00
   2.3900E+02   1.2903E+00
   2.4000E+02   1.2564E+00
   2.4100E+02   1.2194E+00
   2.4200E+02   1.1956E+00
   2.4300E+02   1.1540E+00
   2.4400E+02   1.1331E+00
   2.4500E+02   1.1210E+00
   2.4600E+02   1.1218E+00
   2.4700E+02   1.1254E+00
   2.4800E+02   1.1360E+00
   2.4900E+02   1.1587E+00
   2.5000E+02   1.1863E+00
   2.5100E+02   1.2213E+00
   2.5200E+02   1.2637E+00
   2.5300E+02   1.2835E+00
   2.5400E+02   1.2973E+00
   2.5500E+02   1.2974E+00
   2.5600E+02   1.2620E+00
   2.5700E+02   1.2311E+00
   2.5800E+02   1.1701E+00
   2.5900E+02   1.1404E+00
   2.6000E+02   1.1142E+00
   2.6100E+02   1.1087E+00
   2.6200E+02   1.1095E+00
   2.6300E+02   1.1145E+00
   2.6400E+02   1.1196E+00
   2.6500E+02   1.1262E+00
   2.6600E+02   1.1469E+00
   2.6700E+02   1.1784E+00
   2.6800E+02   1.1784E+00
   2.6900E+02   1.2096E+00
   2.7000E+02   1.2206E+00
   2.7100E+02   1.2209E+00
   2.7200E+02   1.1954E+00
   2.7300E+02   1.1821E+00
   2.7400E+02   1.1708E+00
   2.7500E+02   1.1703E+00
   2.7600E+02   1.1974E+00
   2.7700E+02   1.2049E+00
   2.7800E+02   1.2122E+00
   2.7900E+02   1.1948E+00
   2.8000E+02   1.1408E+00
   2.8100E+02   1.1105E+00
   2.8200E+02   1.1060E+00
   2.8300E+02   1.1576E+00
   2.8400E+02   1.2141E+00
   2.8500E+02   1.3229E+00
   2.8600E+02   1.3827E+00
   2.8700E+02   1.3861E+00
   2.8800E+02   1.3367E+00
   2.8900E+02   1.2551E+00
   2.9000E+02   1.1802E+00
   2.9100E+02   1.1369E+00
   2.9200E+02   1.0874E+00
   2.9300E+02   1.0755E+00
   2.9400E+02   1.0943E+00
   2.9500E+02   1.1804E+00
   2.9600E+02   1.2726E+00
   2.9700E+02   1.3747E+00
   2.9800E+02   1.4437E+00
   2.9900E+02   1.4851E+00
   3.0000E+02   1.4813E+00
   3.0100E+02   1.4288E+00
   3.0200E+02   1.3693E+00
   3.0300E+02   1.2121E+00
   3.0400E+02   1.0544E+00
   3.0500E+02   9.0008E-01
   3.0600E+02   8.6165E-01
   3.0700E+02   9.5243E-01
   3.0700E+02   1.0000E+00
   3.0700E+02   9.1971E-01
   3.0800E+02   1.0861E+00
   3.0900E+02   1.2079E+00
   3.1000E+02   1.2118E+00
   3.1100E+02   1.0487E+00
   3.1100E+02   1.0000E+00
   3.1100E+02   1.1187E+00
   3.1200E+02   9.1058E-01
   3.1300E+02   7.6327E-01
   3.1400E+02   7.4841E-01
   3.1500E+02   8.6602E-01
   3.1600E+02   1.1120E+00
   3.1700E+02   1.3237E+00
   3.1800E+02   1.4782E+00
   3.1900E+02   1.5632E+00
   3.2000E+02   1.5949E+00
   3.2100E+02   1.5771E+00
   3.2200E+02   1.5343E+00
   3.2300E+02   1.4231E+00
   3.2400E+02   1.3388E+00
   3.2500E+02   1.2685E+00
   3.2600E+02   1.2389E+00
   3.2700E+02   1.2567E+00
   3.2800E+02   1.3209E+00
   3.2900E+02   1.3777E+00
   3.3000E+02   1.4181E+00
   3.3100E+02   1.4870E+00
   3.3200E+02   1.5480E+00
   3.3300E+02   1.5665E+00
   3.3400E+02   1.5544E+00
   3.3500E+02   1.5026E+00
   3.3600E+02   1.4204E+00
   3.3700E+02   1.3686E+00
   3.3800E+02   1.3083E+00
   3.3900E+02   1.2370E+00
   3.4000E+02   1.2110E+00
   3.4100E+02   1.2306E+00
   3.4200E+02   1.2647E+00
   3.4300E+02   1.3554E+00
   3.4400E+02   1.4047E+00
   3.4500E+02   1.4906E+00
   3.4600E+02   1.5555E+00
   3.4700E+02   1.5883E+00
   3.4800E+02   1.5974E+00
   3.4900E+02   1.5432E+00
   3.5000E+02   1.4264E+00
   3.5100E+02   1.3270E+00
   3.5200E+02   1.2210E+00
   3.5300E+02   1.2190E+00
   3.5400E+02   1.3108E+00
   3.5500E+02   1.4676E+00
   3.5600E+02   1.6064E+00
   3.5700E+02   1.6651E+00
   3.5800E+02   1.6506E+00
   3.5900E+02   1.5751E+00
   3.6000E+02   1.5300E+00
   3.6100E+02   1.5396E+00
   3.6200E+02   1.5953E+00
   3.6300E+02   1.6988E+00
   3.6400E+02   1.7603E+00
   3.6500E+02   1.7733E+00
   3.6600E+02   1.7343E+00
   3.6700E+02   1.6865E+00
   3.6800E+02   1.5842E+00
   3.6900E+02   1.5147E+00
   3.7000E+02   1.4110E+00
   3.7100E+02   1.3141E+00
   3.7200E+02   1.2763E+00
   3.7300E+02   1.3090E+00
   3.7400E+02   1.3982E+00
   3.7500E+02   1.5327E+00
   3.7600E+02   1.5989E+00
   3.7700E+02   1.6297E+00
   3.7800E+02   1.6030E+00
   3.7900E+02   1.5634E+00
   3.8000E+02   1.5453E+00
   3.8100E+02   1.5371E+00
   3.8200E+02   1.5431E+00
   3.8300E+02   1.5295E+00
   3.8400E+02   1.4856E+00
   3.8500E+02   1.3914E+00
   3.8600E+02   1.2543E+00
   3.8700E+02   1.1229E+00
   3.8800E+02   1.0829E+00
   3.8900E+02   1.1131E+00
   3.9000E+02   1.2080E+00
   3.9100E+02   1.3281E+00
   3.9200E+02   1.4118E+00
   3.9300E+02   1.5081E+00
   3.9400E+02   1.6061E+00
   3.9500E+02   1.6314E+00
   3.9600E+02   1.5896E+00
   3.9700E+02   1.4369E+00
   3.9800E+02   1.3060E+00
   3.9900E+02   1.1672E+00
   4.0000E+02   1.0984E+00
   4.0100E+02   1.1233E+00
   4.0200E+02   1.1779E+00
   4.0300E+02   1.2269E+00
   4.0400E+02   1.2689E+00
   4.0500E+02   1.2875E+00
   4.0600E+02   1.3018E+00
   4.0700E+02   1.3171E+00
   4.0800E+02   1.3527E+00
   4.0900E+02   1.3991E+00
   4.1000E+02   1.4687E+00
   4.1100E+02   1.4903E+00
   4.1200E+02   1.4958E+00
   4.1300E+02   1.4811E+00
   4.1400E+02   1.4419E+00
   4.1400E+02   1.0000E+00
   4.1400E+02   1.4477E+00
   4.1500E+02   1.4081E+00
   4.1600E+02   1.3754E+00
   4.1700E+02   1.3342E+00
   4.1800E+02   1.3035E+00
   4.1900E+02   1.2897E+00
   4.2000E+02   1.2836E+00
   4.2100E+02   1.2895E+00
   4.2200E+02   1.3067E+00
   4.2300E+02   1.3167E+00
   4.2400E+02   1.3433E+00
   4.2500E+02   1.3433E+00
   4.2600E+02   1.3672E+00
   4.2700E+02   1.3803E+00
   4.2700E+02   1.0000E+00
   4.2700E+02   1.3766E+00
   4.2800E+02   1.4023E+00
   4.2900E+02   1.4401E+00
   4.3000E+02   1.4711E+00
   4.3100E+02   1.4793E+00
   4.3200E+02   1.4878E+00
   4.3300E+02   1.4840E+00
   4.3400E+02   1.4471E+00
   4.3500E+02   1.4133E+00
   4.3500E+02   1.0000E+00
   4.3500E+02   1.4392E+00
   4.3600E+02   1.3916E+00
   4.3700E+02   1.3271E+00
   4.3800E+02   1.2900E+00
   4.3900E+02   1.2939E+00
   4.4000E+02   1.3527E+00
   4.4000E+02   1.0000E+00
   4.4000E+02   1.3271E+00
   4.4100E+02   1.3967E+00
   4.4200E+02   1.4781E+00
   4.4300E+02   1.5246E+00
   4.4400E+02   1.5725E+00
   4.4500E+02   1.5931E+00
   4.4600E+02   1.5974E+00
   4.4700E+02   1.5873E+00
   4.4800E+02   1.5529E+00
   4.4900E+02   1.5301E+00
   4.5000E+02   1.4870E+00
   4.5100E+02   1.4381E+00
   4.5200E+02   1.4101E+00
   4.5200E+02   1.0000E+00
   4.5200E+02   1.4255E+00
   4.5300E+02   1.3828E+00
   4.5400E+02   1.2971E+00
   4.5500E+02   1.1553E+00
   4.5600E+02   1.0385E+00
   4.5600E+02   1.0000E+00
   4.5600E+02   1.0513E+00
   4.5700E+02   8.9935E-01
   4.5800E+02   8.6760E-01
   4.5900E+02   9.3646E-01
   4.5900E+02   1.0000E+00
   4.5900E+02   9.3474E-01
   4.6000E+02   1.1285E+00
   4.6100E+02   1.3565E+00
   4.6200E+02   1.5033E+00
   4.6300E+02   1.5900E+00
   4.6400E+02   1.6079E+00
   4.6500E+02   1.5847E+00
   4.6600E+02   1.5385E+00
   4.6700E+02   1.4992E+00
   4.6800E+02   1.4426E+00
   4.6900E+02   1.3904E+00
   4.7000E+02   1.3463E+00
   4.7100E+02   1.3183E+00
   4.7200E+02   1.3042E+00
   4.7300E+02   1.2716E+00
   4.7400E+02   1.2000E+00
   4.7500E+02   1.0959E+00
   4.7500E+02   1.0000E+00
   4.7500E+02   1.1033E+00
   4.7500E+02   1.0000E+00
   4.7500E+02   1.1033E+00
   4.7500E+02   1.0000E+00
   4.7500E+02   1.1033E+00
   4.7500E+02   1.0000E+00
   4.7500E+02   1.1033E+00
   4.7500E+02   1.0000E+00
   4.7500E+02   1.1033E+00
   4.7500E+02   1.0000E+00
   4.7500E+02   1.1033E+00
   4.7600E+02   9.6824E-01
   4.7600E+02   1.0000E+00
   4.7600E+02   9.6824E-01
   4.7700E+02   8.8050E-01
   4.7700E+02   1.0000E+00
   4.7700E+02   8.8050E-01
   4.7800E+02   8.8879E-01
   4.7800E+02   1.0000E+00
   4.7800E+02   8.7916E-01
   4.7900E+02   9.7642E-01
   4.8000E+02   1.1347E+00
   4.8100E+02   1.2862E+00
   4.8200E+02   1.3735E+00
   4.8300E+02   1.3901E+00
   4.8400E+02   1.3680E+00
   4.8500E+02   1.3266E+00
   4.8600E+02   1.2758E+00
   4.8700E+02   1.2046E+00
   4.8800E+02   1.1461E+00
   4.8900E+02   1.0878E+00
   4.9000E+02   1.0405E+00
   4.9100E+02   1.0203E+00
   4.9200E+02   1.0131E+00
   4.9200E+02   1.0000E+00
   4.9200E+02   1.0153E+00
   4.9200E+02   1.0000E+00
   4.9200E+02   1.0000E+00
   4.9200E+02   1.0000E+00
   4.9200E+02   1.0153E+00
   4.9200E+02   1.0000E+00
   4.9200E+02   1.0153E+00
   4.9200E+02   1.0000E+00
   4.9200E+02   1.0153E+00
   4.9200E+02   1.0000E+00
   4.9200E+02   1.0153E+00
   4.9200E+02   1.0000E+00
   4.9200E+02   1.0153E+00
