2.560000000000000053e-01 2.105608913920339318e+47 3.646465284401122891e+43
5.120000000000000107e-01 2.176517322282721029e+47 3.286542654710701434e+43
7.690000000000000169e-01 2.158640390116398062e+47 2.915273334471297263e+43
1.024999999999999911e+00 2.031763142079286639e+47 2.717167384914550790e+43
1.280999999999999917e+00 1.907181809292456983e+47 2.743686583477807056e+43
1.536999999999999922e+00 1.808066062627183452e+47 2.951436627692271610e+43
1.794000000000000039e+00 1.825346115011175614e+47 3.138612036394407892e+43
2.049999999999999822e+00 1.882051094097094252e+47 3.229723541836287726e+43
2.306000000000000050e+00 1.964823526238213168e+47 3.215870182294143090e+43
2.561999999999999833e+00 2.041282535914346904e+47 3.102814789457978976e+43
2.818999999999999950e+00 2.038936165066325244e+47 2.917939442397129169e+43
3.075000000000000178e+00 2.080033327681536758e+47 2.669450912572161850e+43
3.330999999999999961e+00 2.121155695258702205e+47 2.356444731362223351e+43
3.587000000000000188e+00 1.971373113498174522e+47 2.003753207642021875e+43
3.843999999999999861e+00 1.901665988731343311e+47 1.674076268001308510e+43
4.099999999999999645e+00 1.879762362591965952e+47 1.400108877553040133e+43
4.355999999999999872e+00 1.843167334637158549e+47 1.187164634748442161e+43
4.612000000000000099e+00 1.766426665249994882e+47 1.077154291998903175e+43
4.868000000000000327e+00 1.669521052488251649e+47 1.155968858002862419e+43
5.125000000000000000e+00 1.586116125507041791e+47 1.439875999307569102e+43
5.381000000000000227e+00 1.545181348348857573e+47 1.949220850863851704e+43
5.636999999999999567e+00 1.624657733530583647e+47 2.496856365472773585e+43
5.892999999999999794e+00 1.732251596939831651e+47 2.835838974351353466e+43
6.150000000000000355e+00 1.887209920834017156e+47 2.915659627481076997e+43
6.405999999999999694e+00 2.038350613091253408e+47 2.724678824787550971e+43
6.661999999999999922e+00 2.069177763958932160e+47 2.384505752010624758e+43
6.918000000000000149e+00 1.938150565959713778e+47 2.135169221426888926e+43
7.174999999999999822e+00 1.818356691213931593e+47 2.031607483256279306e+43
7.431000000000000050e+00 1.778757411379524269e+47 2.069738349146697834e+43
7.687000000000000277e+00 1.837791023132491739e+47 2.151126653325777590e+43
7.942999999999999616e+00 1.869991492563605905e+47 2.188208023815742971e+43
8.199999999999999289e+00 1.901079596667585100e+47 2.165259134890370548e+43
8.199999999999999289e+00 1.415937603476268854e+47 2.165259134890370548e+43
8.455999999999999517e+00 1.849972486307901798e+47 3.258287898064232589e+43
8.455999999999999517e+00 1.914203058716834910e+47 3.302892205478598188e+43
8.711999999999999744e+00 2.006607292152588674e+47 3.118893010740505161e+43
8.711999999999999744e+00 1.996304398740548919e+47 2.987393605786419655e+43
8.967999999999999972e+00 1.927293934153497451e+47 2.906326427812306866e+43
9.224000000000000199e+00 1.857822226816691943e+47 2.966495835742883428e+43
9.480999999999999872e+00 1.817709355561503018e+47 3.087542364540994853e+43
9.737000000000000099e+00 1.783915299947579857e+47 3.260943353902183023e+43
9.993000000000000327e+00 1.769148578963345025e+47 3.260943353902183023e+43
1.024900000000000055e+01 1.821944632581098701e+47 3.260943353902183023e+43
1.050600000000000023e+01 1.822692395543389164e+47 3.473098255113631895e+43
1.076200000000000045e+01 1.809551671210619061e+47 3.684462821781842656e+43
1.101800000000000068e+01 1.835939897956996523e+47 3.848486533137217481e+43
1.127399999999999913e+01 1.865655391944207317e+47 3.947608360170559587e+43
1.153100000000000058e+01 1.914075823249125734e+47 3.985434407001742943e+43
1.178700000000000081e+01 2.011399945799366577e+47 3.964645921028652237e+43
1.204299999999999926e+01 2.071084162181520442e+47 3.885069306880701262e+43
1.229899999999999949e+01 2.124476404184832806e+47 3.739394582185229666e+43
1.255599999999999916e+01 2.188910624952079164e+47 3.739394582185229666e+43
1.281199999999999939e+01 2.074366105632572325e+47 3.739394582185229666e+43
1.306799999999999962e+01 2.109938843321583603e+47 3.520504689281414470e+43
1.332399999999999984e+01 2.099678904876592933e+47 3.262655749842386306e+43
1.332399999999999984e+01 2.029307208397415651e+47 3.098249428675311235e+43
1.358000000000000007e+01 1.825411005120783236e+47 3.221831288288332339e+43
1.383699999999999974e+01 1.777620474420543289e+47 3.221831288288332339e+43
1.409299999999999997e+01 1.847739520674458158e+47 3.221831288288332339e+43
1.434900000000000020e+01 1.841134428087176808e+47 3.432356340198418927e+43
1.460500000000000043e+01 1.880407043934966969e+47 3.583895893418335119e+43
1.486200000000000010e+01 1.916250595700570351e+47 3.671668045121979910e+43
1.511800000000000033e+01 1.958286586866465370e+47 3.698223421051582474e+43
1.511800000000000033e+01 1.986588298516951114e+47 3.684775375613450453e+43
1.537400000000000055e+01 2.002341188526874099e+47 3.645220820238201415e+43
1.563000000000000078e+01 1.994087951689163632e+47 3.630389954492263408e+43
1.588700000000000045e+01 1.953983836224393887e+47 3.650698330545005399e+43
1.614300000000000068e+01 1.866095558752493599e+47 3.737914379128865065e+43
1.639900000000000091e+01 1.778855218614741209e+47 3.888092651912463201e+43
1.665500000000000114e+01 1.768674392631859579e+47 4.078373747094814206e+43
1.691100000000000136e+01 1.827388949379892858e+47 4.193357402267680880e+43
1.716799999999999926e+01 1.994569958571526285e+47 4.149582378130699093e+43
1.742399999999999949e+01 2.400035344906858904e+47 4.149582378130699093e+43
1.767999999999999972e+01 1.961700768178757206e+47 4.149582378130699093e+43
1.793599999999999994e+01 2.233106814587305111e+47 3.875806529771286052e+43
1.819300000000000139e+01 2.398490615912265419e+47 3.235972883056924964e+43
1.844900000000000162e+01 2.347705155879067026e+47 2.443272943942437769e+43
1.870499999999999829e+01 2.060515362512336671e+47 1.930594209689310943e+43
1.896099999999999852e+01 1.848927099576028202e+47 1.807043399937316111e+43
1.921799999999999997e+01 1.719532510794087198e+47 2.027698508523346518e+43
1.947400000000000020e+01 1.704648502258620000e+47 2.390905410940644386e+43
1.973000000000000043e+01 1.637246988440825987e+47 2.802151872857405502e+43
1.998600000000000065e+01 1.512415516201400494e+47 2.802151872857405502e+43
2.024299999999999855e+01 1.696062722372251767e+47 2.802151872857405502e+43
2.049899999999999878e+01 1.676847092294627982e+47 3.224191904547520656e+43
2.075499999999999901e+01 1.716977855253400172e+47 3.608089418816839318e+43
2.101099999999999923e+01 1.754304436264718999e+47 3.859405911003006049e+43
2.126699999999999946e+01 1.841358993175654160e+47 3.987692375683934759e+43
2.152400000000000091e+01 1.953140392933494753e+47 3.993430061346617464e+43
2.178000000000000114e+01 2.034206297510482299e+47 3.890790958005259872e+43
2.203600000000000136e+01 2.038349165880962057e+47 3.787273235853558166e+43
2.229200000000000159e+01 2.005156707290703798e+47 3.731892715839896999e+43
2.229200000000000159e+01 1.948537644707949746e+47 3.740316911599526567e+43
2.254899999999999949e+01 1.944798293421639672e+47 3.828836351642355814e+43
2.280499999999999972e+01 1.974156013338984742e+47 3.823679859356348266e+43
2.306099999999999994e+01 2.042234877170008447e+47 3.771911302247088273e+43
2.331700000000000017e+01 2.049398654946426764e+47 3.683149773149293581e+43
2.357400000000000162e+01 2.045116350421524747e+47 3.599956466857914138e+43
2.382999999999999829e+01 2.039564676486949862e+47 3.537584151407918000e+43
2.408599999999999852e+01 2.031216619092760374e+47 3.495627716074981033e+43
2.434199999999999875e+01 2.036349556106142677e+47 3.495627716074981033e+43
2.434199999999999875e+01 2.026136356420756161e+47 3.495627716074981033e+43
2.459900000000000020e+01 2.038280631238622223e+47 3.328578166249243100e+43
2.485500000000000043e+01 2.122109189259477090e+47 3.067047996329332408e+43
2.511100000000000065e+01 2.187348572478436288e+47 2.650695253246452368e+43
2.536700000000000088e+01 2.063832837080851229e+47 2.168423010766911478e+43
2.562300000000000111e+01 1.944405613514753916e+47 1.829683739920498995e+43
2.587999999999999901e+01 1.826183441998617868e+47 1.672198450414026574e+43
2.613599999999999923e+01 1.736200547747799446e+47 1.691152074548665053e+43
2.639199999999999946e+01 1.715209670113413383e+47 1.765057639510870229e+43
2.664799999999999969e+01 1.734301480736941449e+47 1.772386336633717499e+43
2.690500000000000114e+01 1.783658787912150002e+47 1.690873176137983636e+43
2.716100000000000136e+01 1.783041882246787391e+47 1.530761688520387876e+43
2.741700000000000159e+01 1.765148318908023390e+47 1.406362015329443214e+43
2.767299999999999827e+01 1.705394785914987763e+47 1.389585610986038455e+43
2.792999999999999972e+01 1.669047999797264802e+47 1.491360097179219605e+43
2.818599999999999994e+01 1.611891455791235185e+47 1.707640764470954292e+43
2.844200000000000017e+01 1.621300754656773000e+47 1.969340873220576564e+43
2.869800000000000040e+01 1.718882042839838458e+47 2.232859808750487670e+43
2.895499999999999829e+01 1.732041479061078918e+47 2.484984018791727839e+43
2.921099999999999852e+01 1.750442507228070811e+47 2.720063786860884054e+43
2.946699999999999875e+01 1.798678952257513126e+47 2.908791902880504279e+43
2.972299999999999898e+01 1.852138591594296622e+47 3.022522229964892522e+43
2.997899999999999920e+01 1.907504846475032084e+47 3.063626285272145330e+43
3.023600000000000065e+01 1.943468465770545095e+47 3.038061926908670525e+43
3.049200000000000088e+01 1.997098243884978064e+47 2.965428315093191365e+43
3.074800000000000111e+01 2.007349788799182030e+47 2.855262979358608441e+43
3.100400000000000134e+01 2.015433993865954879e+47 2.707966641586754108e+43
3.126099999999999923e+01 1.995593067827043975e+47 2.546333254175836645e+43
3.151699999999999946e+01 1.932701112110895948e+47 2.469476070460386737e+43
3.177299999999999969e+01 1.861878612551806413e+47 2.518385884682530536e+43
3.202900000000000347e+01 1.784066261118714173e+47 2.692186929725442496e+43
3.228600000000000136e+01 1.780399796372196473e+47 2.937717962641492279e+43
3.254200000000000159e+01 1.830762597398565940e+47 3.112359235781201532e+43
3.279800000000000182e+01 1.908239185239604760e+47 3.173201047460672144e+43
3.305400000000000205e+01 1.990883524009087861e+47 3.115946525999366614e+43
3.331099999999999994e+01 1.994885642276723553e+47 2.979856070962386271e+43
3.356700000000000017e+01 1.957632528979478354e+47 2.904202619885441791e+43
3.382300000000000040e+01 1.867680415887061382e+47 2.935384416585976249e+43
3.407900000000000063e+01 1.841486089986475061e+47 3.073816693746633046e+43
3.433500000000000085e+01 1.806166499861617912e+47 3.270188692759906715e+43
3.459199999999999875e+01 1.770588208675220866e+47 3.270188692759906715e+43
3.484799999999999898e+01 1.817860595672595218e+47 3.270188692759906715e+43
3.510399999999999920e+01 1.770588208675220866e+47 3.270188692759906715e+43
3.535999999999999943e+01 1.817860595672595218e+47 3.270188692759906715e+43
3.535999999999999943e+01 1.770588208675220866e+47 3.270188692759906715e+43
3.561699999999999733e+01 1.817860595672595218e+47 3.270188692759906715e+43
3.561699999999999733e+01 1.850491256114768758e+47 3.447693918139699786e+43
3.587299999999999756e+01 1.887509037926889760e+47 3.682519862860219175e+43
3.612899999999999778e+01 1.934396692752509182e+47 3.731945776442959276e+43
3.638499999999999801e+01 2.029460178901445727e+47 3.690867538561552577e+43
3.664200000000000301e+01 2.114624329354288915e+47 3.690867538561552577e+43
3.689800000000000324e+01 1.999400993150348269e+47 3.690867538561552577e+43
3.715400000000000347e+01 2.072249929830993845e+47 3.544149490359094933e+43
3.740999999999999659e+01 2.135481940476899259e+47 3.262108411194760528e+43
3.766700000000000159e+01 2.156280856171253759e+47 2.870062075566387567e+43
3.766700000000000159e+01 2.146809846177504968e+47 2.512137411792571705e+43
3.792300000000000182e+01 1.889970405312335853e+47 2.073929270815098773e+43
3.817900000000000205e+01 1.830715862398717328e+47 1.941129977666450827e+43
3.843500000000000227e+01 1.854123200290094746e+47 1.769910993639710855e+43
3.869100000000000250e+01 1.823088923767343022e+47 1.553269300947678098e+43
3.894800000000000040e+01 1.824796528422429788e+47 1.312772138753882083e+43
3.920400000000000063e+01 1.735420187456942224e+47 1.242614289720903899e+43
3.920400000000000063e+01 1.614514649478546237e+47 1.447838606638443605e+43
3.946000000000000085e+01 1.545598955241245710e+47 2.663289476366179821e+43
3.971600000000000108e+01 1.613600448540642500e+47 3.271306740388152832e+43
3.997299999999999898e+01 1.709269009290792944e+47 3.650027272425314251e+43
4.022899999999999920e+01 1.828487326168225810e+47 3.840084876848426271e+43
4.048499999999999943e+01 1.945078911831486488e+47 3.878328964530836711e+43
4.074099999999999966e+01 2.019746601561916669e+47 3.830255520238719972e+43
4.099799999999999756e+01 2.101359112936059455e+47 3.727619946252018640e+43
4.125399999999999778e+01 2.166197452427096853e+47 3.727619946252018640e+43
4.150999999999999801e+01 2.046459888090247146e+47 3.727619946252018640e+43
4.176599999999999824e+01 2.166197452427096853e+47 3.727619946252018640e+43
4.202300000000000324e+01 2.166197452427096853e+47 3.727619946252018640e+43
4.227900000000000347e+01 2.166197452427096853e+47 3.727619946252018640e+43
4.253499999999999659e+01 2.046459888090247146e+47 3.727619946252018640e+43
4.279099999999999682e+01 2.166197452427096853e+47 3.727619946252018640e+43
4.304699999999999704e+01 2.046459888090247146e+47 3.727619946252018640e+43
4.330400000000000205e+01 2.166197452427096853e+47 3.727619946252018640e+43
4.356000000000000227e+01 2.046459888090247146e+47 3.727619946252018640e+43
4.381600000000000250e+01 2.098000912424010454e+47 3.570913054765821104e+43
4.407200000000000273e+01 2.107073042891326732e+47 3.570913054765821104e+43
4.432900000000000063e+01 2.098000912424010454e+47 3.570913054765821104e+43
4.458500000000000085e+01 2.107073042891326732e+47 3.570913054765821104e+43
4.484100000000000108e+01 2.098000912424010454e+47 3.570913054765821104e+43
4.509700000000000131e+01 1.366030738606185728e+35 1.272763176735278457e+33
4.535399999999999920e+01 1.451924680279154366e+35 1.272763176735278457e+33
4.560999999999999943e+01 1.020507551963776965e+47 2.677474594411389400e+43
4.586599999999999966e+01 1.573513140842111196e+47 3.097489934157234227e+43
4.612199999999999989e+01 1.761488692878138008e+47 3.207943727489651284e+43
4.637800000000000011e+01 1.784572080402757876e+47 3.356905278069727690e+43
4.663499999999999801e+01 1.811544715352600763e+47 3.569882878948197016e+43
4.689099999999999824e+01 1.803498963458355384e+47 3.779534006120960565e+43
4.714699999999999847e+01 1.789662917171492999e+47 3.965105423989185058e+43
4.740299999999999869e+01 1.770608102586468709e+47 4.126174661145403247e+43
4.765999999999999659e+01 1.767455423617078204e+47 4.256675151319922521e+43
4.791599999999999682e+01 1.804524351769834322e+47 4.335346351684346044e+43
4.817199999999999704e+01 1.845879322935799535e+47 4.361520317873780579e+43
4.842799999999999727e+01 1.892329913190508673e+47 4.339062797903918269e+43
4.868500000000000227e+01 1.945504553225850591e+47 4.272836479944897326e+43
4.894100000000000250e+01 1.988815810715551263e+47 4.175429070262620900e+43
4.919700000000000273e+01 2.030368864713106034e+47 4.049953239335544412e+43
4.945300000000000296e+01 2.070824280822110847e+47 3.894888032137993522e+43
4.971000000000000085e+01 2.103258852271075804e+47 3.716075159547731641e+43
4.996600000000000108e+01 2.088026921865027701e+47 3.533052946964192030e+43
5.022200000000000131e+01 2.061678522552634076e+47 3.360464285554075558e+43
5.047800000000000153e+01 2.040649676867617835e+47 3.193292357928620671e+43
5.073400000000000176e+01 1.992343708491609481e+47 3.085009331274520248e+43
5.099099999999999966e+01 1.919413791721451746e+47 3.098585926585078403e+43
5.124699999999999989e+01 1.845156359791948799e+47 3.239299144403374839e+43
5.150300000000000011e+01 1.808335998608433303e+47 3.479770372207100386e+43
5.175900000000000034e+01 1.800634651101236364e+47 3.723768170111598376e+43
5.201599999999999824e+01 1.811193890383194853e+47 3.906402905005713900e+43
5.227199999999999847e+01 1.834639603140189422e+47 4.026639416171609291e+43
5.252799999999999869e+01 1.861446683699276576e+47 4.091328609434359759e+43
5.278399999999999892e+01 1.856515756010440929e+47 4.141451542457738484e+43
5.304099999999999682e+01 1.826535235452710982e+47 4.207600188454212876e+43
5.329699999999999704e+01 1.792418244265471475e+47 4.294341232852119796e+43
5.355299999999999727e+01 1.764158880900108468e+47 4.392728216314322830e+43
5.380899999999999750e+01 1.786135906620476773e+47 4.457012124687533991e+43
5.406600000000000250e+01 1.856840723977277742e+47 4.450916209426402366e+43
5.432200000000000273e+01 1.955850366261007166e+47 4.360449091414436533e+43
5.457800000000000296e+01 2.062223685605797058e+47 4.174172263605932744e+43
5.483400000000000318e+01 2.061085803617470567e+47 3.997980865746575140e+43
5.509000000000000341e+01 1.977703117481312353e+47 3.935825934991040267e+43
5.534700000000000131e+01 1.853004535701121254e+47 4.015473547697541797e+43
5.560300000000000153e+01 1.747839162698598825e+47 4.197725621756917420e+43
5.585900000000000176e+01 1.745336039291250985e+47 4.350052595444561937e+43
5.611500000000000199e+01 1.783024670029178463e+47 4.427007221699894353e+43
5.637199999999999989e+01 1.854549403990326188e+47 4.429264264758678166e+43
5.662800000000000011e+01 1.918480916275031818e+47 4.367558772554865416e+43
5.688400000000000034e+01 1.882282443274694262e+47 4.332624085096630891e+43
5.714000000000000057e+01 1.827101844807896574e+47 4.356689333012229501e+43
5.739699999999999847e+01 1.734281875452691564e+47 4.448300423853621708e+43
5.765299999999999869e+01 1.678400782514025198e+47 4.576394843465149277e+43
5.790899999999999892e+01 1.701076202332187621e+47 4.654315739004430414e+43
5.816499999999999915e+01 1.778974677672577721e+47 4.654357875817694566e+43
5.842199999999999704e+01 1.914191386601853499e+47 4.563058782237451072e+43
5.867799999999999727e+01 2.018125983549868342e+47 4.386790827895096730e+43
5.893399999999999750e+01 2.075143802207530923e+47 4.186717201274078176e+43
5.918999999999999773e+01 2.093205730234332176e+47 3.990856990474361642e+43
5.944599999999999795e+01 2.090138103915126183e+47 3.819827926928949786e+43
5.970300000000000296e+01 2.076264300084544358e+47 3.684530678710537958e+43
5.995900000000000318e+01 2.063175484920671967e+47 3.584009369582607286e+43
6.021500000000000341e+01 2.041038551348173890e+47 3.520550678705932960e+43
6.047099999999999653e+01 2.013441506941634200e+47 3.497255818642650284e+43
6.072800000000000153e+01 1.984741637659168960e+47 3.512204984295502938e+43
6.098400000000000176e+01 1.958755228092962486e+47 3.558728622042550224e+43
6.124000000000000199e+01 1.934305111565964262e+47 3.631620308063287637e+43
6.149600000000000222e+01 1.906092719415124529e+47 3.727357402227071120e+43
6.175300000000000011e+01 1.912477512173609329e+47 3.806916025742484456e+43
6.200900000000000034e+01 1.949428129516819913e+47 3.828482679651071205e+43
6.226500000000000057e+01 2.006969650282817976e+47 3.780515692932841676e+43
6.252100000000000080e+01 2.074766364615695564e+47 3.654142540620140224e+43
6.277799999999999869e+01 2.050089751386593512e+47 3.500603959459663427e+43
6.277799999999999869e+01 2.011088464045733421e+47 3.386371677354481924e+43
6.303399999999999892e+01 2.065384028789938509e+47 2.854656283740798241e+43
6.303399999999999892e+01 2.057849057185154162e+47 2.585421679472387217e+43
6.328999999999999915e+01 2.000415417364004592e+47 2.155120751148282060e+43
6.354599999999999937e+01 1.827741066827586249e+47 2.038658771786118193e+43
6.380199999999999960e+01 1.787854102798589895e+47 2.098068515233089649e+43
6.405899999999999750e+01 1.748544542291599219e+47 2.369897481363703118e+43
6.431499999999999773e+01 1.671156756697250687e+47 2.826254582690371933e+43
6.457099999999999795e+01 1.660742336023302078e+47 3.354053321412227464e+43
6.482699999999999818e+01 1.718705212790040873e+47 3.732486375806012908e+43
6.508400000000000318e+01 1.788821263903700162e+47 3.944981234501001198e+43
6.508400000000000318e+01 1.879945338716775230e+47 4.018272599105973061e+43
6.534000000000000341e+01 2.010864189626968109e+47 3.891594916024619983e+43
6.559600000000000364e+01 2.032766581874794604e+47 3.798791947071471553e+43
6.585200000000000387e+01 2.046008115040511854e+47 3.705558078920069502e+43
6.610899999999999466e+01 2.062679315458236329e+47 3.605919029851342994e+43
6.636499999999999488e+01 2.045437705927698825e+47 3.474074004306679853e+43
6.662099999999999511e+01 2.066141578974802002e+47 3.286649820389287920e+43
6.687699999999999534e+01 2.099195935711656691e+47 3.022980440615452702e+43
6.713400000000000034e+01 2.090996751180570360e+47 2.710215113162444568e+43
6.739000000000000057e+01 2.057636254308471196e+47 2.434046935899767520e+43
6.764600000000000080e+01 2.011529871593953349e+47 2.229302624388027943e+43
6.790200000000000102e+01 1.890352987353547294e+47 2.108056675423755296e+43
6.815800000000000125e+01 1.791031262536619668e+47 2.077458534161284178e+43
6.841500000000000625e+01 1.836276113347620010e+47 2.126646524237372521e+43
6.867100000000000648e+01 1.820620593112538231e+47 2.262396620027572341e+43
6.892700000000000671e+01 1.790628530581656186e+47 2.477713364350416205e+43
6.918300000000000693e+01 1.800576008931212132e+47 2.698192102980815525e+43
6.943999999999999773e+01 1.839575541295875283e+47 2.839876266423416647e+43
6.969599999999999795e+01 1.887273303712114064e+47 2.890973366095406350e+43
6.995199999999999818e+01 1.938740819969326520e+47 2.850373704177986365e+43
7.020799999999999841e+01 1.960580796586772897e+47 2.758181237797935022e+43
7.046500000000000341e+01 1.964732106327587739e+47 2.659713677490524300e+43
7.072100000000000364e+01 1.957749985852707330e+47 2.565253452615607223e+43
7.097700000000000387e+01 1.950077542257149024e+47 2.475468751544161337e+43
7.123300000000000409e+01 1.960947522199928424e+47 2.360067332562125795e+43
7.148999999999999488e+01 1.981997031973671832e+47 2.192096642947475121e+43
7.174599999999999511e+01 1.877480982061132892e+47 1.970476564997189794e+43
7.200199999999999534e+01 1.859843342118240560e+47 1.696920506816669078e+43
7.225799999999999557e+01 1.814136420322878435e+47 1.499616557401857945e+43
7.251399999999999579e+01 1.750421944935188195e+47 1.440531449610376214e+43
7.277100000000000080e+01 1.691295991180449866e+47 1.518705012633217745e+43
7.302700000000000102e+01 1.649083886400017799e+47 1.712770585351426578e+43
7.328300000000000125e+01 1.663176339569832776e+47 1.875350718171523594e+43
7.353900000000000148e+01 1.703564649133044236e+47 1.931553699385546304e+43
7.379600000000000648e+01 1.754198954345363942e+47 1.867313496134797880e+43
7.405200000000000671e+01 1.782121886235533328e+47 1.707264569834930413e+43
7.430800000000000693e+01 1.752888528055863412e+47 1.621344444795562616e+43
7.456399999999999295e+01 1.701845815724682951e+47 1.669755516320601012e+43
7.482099999999999795e+01 1.652367284514290847e+47 1.854108828041127015e+43
7.507699999999999818e+01 1.698528365710799243e+47 2.150757667351160131e+43
7.533299999999999841e+01 1.723284386169469872e+47 2.466480553689762577e+43
7.558899999999999864e+01 1.737799517705508034e+47 2.768726792931192139e+43
7.558899999999999864e+01 1.762091511527611593e+47 3.047808628183624404e+43
7.584499999999999886e+01 1.828828502377677787e+47 3.504977818714979836e+43
7.610200000000000387e+01 1.846097190776511870e+47 3.675771978796365206e+43
7.635800000000000409e+01 1.851680659621856852e+47 3.817969409563503408e+43
7.661400000000000432e+01 1.870220525919751372e+47 3.924227289695956033e+43
7.687000000000000455e+01 1.913725318470428132e+47 3.965416869091882589e+43
7.712699999999999534e+01 1.976859477241235574e+47 3.932060729598849107e+43
7.712699999999999534e+01 2.057076205142267754e+47 3.813529575086685462e+43
7.738299999999999557e+01 1.819210591711416023e+47 1.495958041286130320e+43
7.763899999999999579e+01 1.630847558060290384e+47 1.779902549478357669e+43
7.789499999999999602e+01 1.568634669247696918e+47 2.427990127785905983e+43
7.815200000000000102e+01 1.569304421124453311e+47 3.125399357651804699e+43
7.840800000000000125e+01 1.674344254705174714e+47 3.602975800492664029e+43
7.866400000000000148e+01 1.748936158455576832e+47 3.884817474984351536e+43
7.892000000000000171e+01 1.829806059500355515e+47 4.019819624448985541e+43
7.917700000000000671e+01 1.924541592985316858e+47 4.034799699397507370e+43
7.943300000000000693e+01 2.032773840313305758e+47 3.930231531257702874e+43
7.968899999999999295e+01 2.171846732773712791e+47 3.677244289331549549e+43
7.968899999999999295e+01 2.245113533064173797e+47 3.220101509513754823e+43
7.994499999999999318e+01 2.122753548485537797e+47 2.289410332354572590e+43
7.994499999999999318e+01 2.000452954988969013e+47 2.125910705310140458e+43
8.020099999999999341e+01 2.072027761398099204e+47 2.459235657680782433e+43
8.020099999999999341e+01 1.999908473600550680e+47 1.981462741650933536e+43
8.045799999999999841e+01 1.750348239315096260e+47 1.676111684802681811e+43
8.045799999999999841e+01 1.637359769574307503e+47 1.937206105850817454e+43
8.071399999999999864e+01 1.779593124134385175e+47 2.589990377126447225e+43
8.096999999999999886e+01 1.895895744097685787e+47 2.595489877656805415e+43
8.122599999999999909e+01 2.024995859086614933e+47 2.326351645835591131e+43
8.122599999999999909e+01 1.925764985889832636e+47 1.930298918898117192e+43
8.148300000000000409e+01 1.698626646266717373e+47 2.067952209911555737e+43
8.173900000000000432e+01 1.613403314806183354e+47 2.620941004235687809e+43
8.199500000000000455e+01 1.616940320786110272e+47 3.241740082068072828e+43
8.199500000000000455e+01 1.701925453093072806e+47 3.661632123452881043e+43
8.225100000000000477e+01 1.870451547503776330e+47 3.992236032142403091e+43
8.250799999999999557e+01 1.922587676726301637e+47 3.996054750320438549e+43
8.276399999999999579e+01 1.942204215535162539e+47 3.983630527296672155e+43
8.301999999999999602e+01 1.942718022359674755e+47 3.973451395779176355e+43
8.327599999999999625e+01 1.939370683510224383e+47 3.971042673427791611e+43
8.353300000000000125e+01 1.953711625366768387e+47 3.959102470914012745e+43
8.378900000000000148e+01 1.987263794662593960e+47 3.915060212883730659e+43
8.404500000000000171e+01 2.026364497596814237e+47 3.830154540634581801e+43
8.430100000000000193e+01 2.072761582036037571e+47 3.697428827363503925e+43
8.455700000000000216e+01 2.087693791486762531e+47 3.553781491000846866e+43
8.481399999999999295e+01 2.096290872825698276e+47 3.553781491000846866e+43
8.506999999999999318e+01 2.085231562709885449e+47 3.553781491000846866e+43
8.532599999999999341e+01 2.010877963263632225e+47 3.453202282082691808e+43
8.558199999999999363e+01 1.968624993122218518e+47 3.401512721469475762e+43
8.558199999999999363e+01 1.908901069342250455e+47 3.404198525019544123e+43
8.583899999999999864e+01 1.929704708146254096e+47 3.404198525019544123e+43
8.609499999999999886e+01 1.899930966740023537e+47 3.404198525019544123e+43
8.609499999999999886e+01 1.929704708146254096e+47 3.404198525019544123e+43
8.635099999999999909e+01 1.929704708146254096e+47 3.404198525019544123e+43
8.660699999999999932e+01 1.899930966740023537e+47 3.404198525019544123e+43
8.686400000000000432e+01 1.929704708146254096e+47 3.404198525019544123e+43
8.712000000000000455e+01 1.899930966740023537e+47 3.404198525019544123e+43
8.737600000000000477e+01 1.929704708146254096e+47 3.404198525019544123e+43
8.763200000000000500e+01 1.899930966740023537e+47 3.404198525019544123e+43
8.788899999999999579e+01 1.929704708146254096e+47 3.404198525019544123e+43
8.814499999999999602e+01 1.915838219853661446e+47 3.456684300595336547e+43
8.840099999999999625e+01 1.925189252148166587e+47 3.456684300595336547e+43
8.865699999999999648e+01 1.915838219853661446e+47 3.456684300595336547e+43
8.891299999999999670e+01 1.917141263061210960e+47 3.541187681804973331e+43
8.917000000000000171e+01 1.988366077196274625e+47 3.541187681804973331e+43
8.942600000000000193e+01 1.917141263061210960e+47 3.541187681804973331e+43
8.942600000000000193e+01 1.869758924567739866e+47 3.662023890754774686e+43
8.968200000000000216e+01 1.900594864332930807e+47 3.885761775147482067e+43
8.993800000000000239e+01 1.985928311673351233e+47 3.874735164849906930e+43
9.019499999999999318e+01 2.141714393500530230e+47 3.745268858097315698e+43
9.045099999999999341e+01 2.182512611184855190e+47 3.745268858097315698e+43
9.070699999999999363e+01 2.065396502068428033e+47 3.745268858097315698e+43
9.096299999999999386e+01 2.117218135866364980e+47 3.496302956797454686e+43
9.121999999999999886e+01 2.111656027158700036e+47 3.234329603172376171e+43
9.147599999999999909e+01 2.052349643981499755e+47 3.047331114423866974e+43
9.147599999999999909e+01 1.961956762405216055e+47 2.973081913031248323e+43
9.173199999999999932e+01 1.847907854901918544e+47 3.121942866223070211e+43
9.198799999999999955e+01 1.804432535937271714e+47 3.275265594877447529e+43
9.224500000000000455e+01 1.785874953405604899e+47 3.275265594877447529e+43
9.224500000000000455e+01 1.841353023251026851e+47 3.275265594877447529e+43
9.250100000000000477e+01 1.828075499546150450e+47 3.646927092522404936e+43
9.275700000000000500e+01 1.786178444114955700e+47 3.839386328777332384e+43
9.301300000000000523e+01 1.770991455838512546e+47 4.025045599834888250e+43
9.326900000000000546e+01 2.223528916089794182e+47 4.025045599834888250e+43
9.352599999999999625e+01 1.779071242869191917e+47 4.025045599834888250e+43
9.378199999999999648e+01 2.223528916089794182e+47 4.025045599834888250e+43
9.403799999999999670e+01 2.223528916089794182e+47 4.025045599834888250e+43
9.429399999999999693e+01 2.223528916089794182e+47 4.025045599834888250e+43
9.455100000000000193e+01 1.779071242869191917e+47 4.025045599834888250e+43
9.480700000000000216e+01 2.223528916089794182e+47 4.025045599834888250e+43
9.506300000000000239e+01 1.779071242869191917e+47 4.025045599834888250e+43
9.531900000000000261e+01 2.223528916089794182e+47 4.025045599834888250e+43
9.557599999999999341e+01 1.779071242869191917e+47 4.025045599834888250e+43
9.557599999999999341e+01 1.742569099531484042e+47 4.202636853136793529e+43
9.583199999999999363e+01 1.742569099531484042e+47 4.202636853136793529e+43
9.608799999999999386e+01 1.757472094681252127e+47 4.342832916945797189e+43
9.634399999999999409e+01 2.487244905533459125e+47 4.342832916945797189e+43
9.660099999999999909e+01 1.757472094681252127e+47 4.342832916945797189e+43
9.685699999999999932e+01 1.841459570431446461e+47 4.381722660335818211e+43
9.685699999999999932e+01 1.953217056460419587e+47 4.310440500023598362e+43
9.711299999999999955e+01 1.676372450033747608e+47 2.311973663295756586e+43
9.711299999999999955e+01 1.767556508453477112e+47 2.531360077910614643e+43
9.736899999999999977e+01 1.793798947047572976e+47 3.634569476333913792e+43
9.762500000000000000e+01 1.846598727083383960e+47 3.800522759976685636e+43
9.788200000000000500e+01 1.935098514332264119e+47 3.860901859241540497e+43
9.813800000000000523e+01 1.990273186877610534e+47 3.824245185167748729e+43
9.839400000000000546e+01 2.002279801936750771e+47 3.766856618665182805e+43
9.865000000000000568e+01 1.966961051825705048e+47 3.748070052975614078e+43
9.890699999999999648e+01 1.925149375876526244e+47 3.782126279237175618e+43
9.916299999999999670e+01 1.874217153034850172e+47 3.863726201324733172e+43
9.941899999999999693e+01 1.861115370508338744e+47 3.957740769851416512e+43
9.967499999999999716e+01 1.849156268177506293e+47 4.041841721921458026e+43
9.993200000000000216e+01 1.823485321567052454e+47 4.116542127801849259e+43
1.001880000000000024e+02 1.833735244818103165e+47 4.176930779549996071e+43
1.004440000000000026e+02 1.843772400987054382e+47 4.222546586167855452e+43
1.007000000000000028e+02 1.846482981424356456e+47 4.253668055088921423e+43
1.009569999999999936e+02 1.859681178082586138e+47 4.270623086863153678e+43
1.012129999999999939e+02 1.862668559129624834e+47 4.277272734470510001e+43
1.014689999999999941e+02 1.844624754272446538e+47 4.290454565747452631e+43
1.017249999999999943e+02 2.480242948932807651e+47 4.290454565747452631e+43
1.019809999999999945e+02 1.853811067804746375e+47 4.290454565747452631e+43
1.022379999999999995e+02 2.480242948932807651e+47 4.290454565747452631e+43
1.024939999999999998e+02 1.853811067804746375e+47 4.290454565747452631e+43
1.027500000000000000e+02 2.480242948932807651e+47 4.290454565747452631e+43
1.030060000000000002e+02 1.853811067804746375e+47 4.290454565747452631e+43
1.032630000000000052e+02 2.480242948932807651e+47 4.290454565747452631e+43
1.035190000000000055e+02 1.853811067804746375e+47 4.290454565747452631e+43
1.037750000000000057e+02 2.480242948932807651e+47 4.290454565747452631e+43
1.040310000000000059e+02 1.853811067804746375e+47 4.290454565747452631e+43
1.042879999999999967e+02 2.480242948932807651e+47 4.290454565747452631e+43
1.045439999999999969e+02 1.853811067804746375e+47 4.290454565747452631e+43
1.047999999999999972e+02 1.835486752580851600e+47 4.317312199254532322e+43
1.050559999999999974e+02 2.497066985299887814e+47 4.317312199254532322e+43
1.053119999999999976e+02 1.835486752580851600e+47 4.317312199254532322e+43
1.055690000000000026e+02 1.823658883312045408e+47 4.355179608313102443e+43
1.058250000000000028e+02 2.542450598761856303e+47 4.355179608313102443e+43
1.060810000000000031e+02 1.823658883312045408e+47 4.355179608313102443e+43
1.063370000000000033e+02 1.827426681400044701e+47 4.391925098545842860e+43
1.065939999999999941e+02 2.580544482230875524e+47 4.391925098545842860e+43
1.068499999999999943e+02 1.823911066358756519e+47 4.391925098545842860e+43
1.071059999999999945e+02 1.891575640749973295e+47 4.379368881920973320e+43
1.073619999999999948e+02 1.959539878578214183e+47 4.296181241595656595e+43
1.076189999999999998e+02 2.153608819969799247e+47 4.109294972329037409e+43
1.078750000000000000e+02 2.213986294582704833e+47 3.808553946316662945e+43
1.081310000000000002e+02 2.153943406410754199e+47 3.513702116749141272e+43
1.083870000000000005e+02 2.092141067289630896e+47 3.284438860025002804e+43
1.086440000000000055e+02 2.018424840761674356e+47 3.155961854474170597e+43
1.089000000000000057e+02 1.973424748919155518e+47 3.109250226071668522e+43
1.091560000000000059e+02 1.969865654585302532e+47 3.067588504669843390e+43
1.094120000000000061e+02 1.960839120995326756e+47 3.016268518438763318e+43
1.096680000000000064e+02 1.968553380332750935e+47 2.947343412379992031e+43
1.099249999999999972e+02 1.943976488771718668e+47 2.899188451091119639e+43
1.101809999999999974e+02 1.887594844516273722e+47 2.921394873159745159e+43
1.104369999999999976e+02 1.834324922923787758e+47 3.027104134547640919e+43
1.106929999999999978e+02 1.822314080184016871e+47 3.203959259517437411e+43
1.109500000000000028e+02 1.825250433306654925e+47 3.372898786488628721e+43
1.112060000000000031e+02 1.820552426397587571e+47 3.372898786488628721e+43
1.114620000000000033e+02 1.833494796507347065e+47 3.372898786488628721e+43
1.117180000000000035e+02 1.905848333971475870e+47 3.449816859416015208e+43
1.119749999999999943e+02 1.964678095898499301e+47 3.425015495303989996e+43
1.122309999999999945e+02 2.032755118758779308e+47 3.284586234051901822e+43
1.124869999999999948e+02 2.038023578696133369e+47 3.092522011221495995e+43
1.127429999999999950e+02 2.028166284273616155e+47 2.935236408483647371e+43
1.130000000000000000e+02 1.987491753276870197e+47 2.834512240955655572e+43
1.132560000000000002e+02 1.943478193968248808e+47 2.799993794753603204e+43
1.135120000000000005e+02 1.866920779237548130e+47 2.845754770489471410e+43
1.137680000000000007e+02 1.824868831753590888e+47 2.976078937160766914e+43
1.140240000000000009e+02 1.801413615021327296e+47 3.185130964103575596e+43
1.142810000000000059e+02 1.728249708378632976e+47 3.185130964103575596e+43
1.145370000000000061e+02 1.805512526732449413e+47 3.185130964103575596e+43
1.147930000000000064e+02 1.798735367701525643e+47 3.442347722743121931e+43
1.150490000000000066e+02 1.818609751234620627e+47 3.655874017011049082e+43
1.153059999999999974e+02 1.842912728421821602e+47 3.801842290314608762e+43
1.155619999999999976e+02 1.886368282579479307e+47 3.892455179668556358e+43
1.158179999999999978e+02 1.952010027453177566e+47 3.913634368904083140e+43
1.160739999999999981e+02 2.050747268776228787e+47 3.840653366956671610e+43
1.163310000000000031e+02 2.217365563654320166e+47 3.840653366956671610e+43
1.165870000000000033e+02 2.019880859996715903e+47 3.840653366956671610e+43
1.168430000000000035e+02 2.139326291294332090e+47 3.633233471142560093e+43
1.170990000000000038e+02 2.237120823553499191e+47 3.248483531666593356e+43
1.173559999999999945e+02 2.288257598047879197e+47 2.632933348733543653e+43
1.173559999999999945e+02 2.062718789799931379e+47 2.159106988129555020e+43
1.176119999999999948e+02 1.827222229731531893e+47 3.134954046723787038e+43
1.178679999999999950e+02 1.949780617653364918e+47 3.148016974444686391e+43
1.181239999999999952e+02 1.974201381197882165e+47 3.038936895443420656e+43
1.183799999999999955e+02 1.955485742191536296e+47 2.967272835782231986e+43
1.186370000000000005e+02 1.906993906688692291e+47 2.984774304798602040e+43
1.188930000000000007e+02 1.844399372182933828e+47 3.095046156817131701e+43
1.191490000000000009e+02 1.853542736481810838e+47 3.235945228104153244e+43
1.194050000000000011e+02 1.916321945867706737e+47 3.288367605619221321e+43
1.196620000000000061e+02 2.029145160989758929e+47 3.205842844833881405e+43
1.199180000000000064e+02 2.091306164474896584e+47 2.968910751418742533e+43
1.199180000000000064e+02 2.070587659732051144e+47 2.663250862742510703e+43
1.201740000000000066e+02 1.902661090778592352e+47 2.487658019655352383e+43
1.204300000000000068e+02 1.818113307889181269e+47 2.663510878785263317e+43
1.206869999999999976e+02 1.834861404347518386e+47 2.853766801404385242e+43
1.209429999999999978e+02 1.914999421581420771e+47 2.878084070191282929e+43
1.211989999999999981e+02 2.036307771384655680e+47 2.698174023151856240e+43
1.214549999999999983e+02 2.081933485696402259e+47 2.256949923579319987e+43
1.217120000000000033e+02 1.976527556554227562e+47 1.795222711908294235e+43
1.219680000000000035e+02 1.848742025246210759e+47 1.581538975816376857e+43
1.222240000000000038e+02 1.723126257210799659e+47 1.628070026782341740e+43
1.224800000000000040e+02 1.631172170792755123e+47 1.908109097241647332e+43
1.224800000000000040e+02 1.724843671200556790e+47 2.220598249850893897e+43
1.227360000000000042e+02 1.873314364482506140e+47 2.478809334643453258e+43
1.229929999999999950e+02 1.924726050101738152e+47 2.406764990537597780e+43
1.232489999999999952e+02 1.957842725411751777e+47 2.270939346501907592e+43
1.235049999999999955e+02 1.957247681683278393e+47 2.138491791530939740e+43
1.235049999999999955e+02 1.826219723606538369e+47 2.020063521044951217e+43
1.237609999999999957e+02 1.753893541395643459e+47 1.866907317049759678e+43
1.240180000000000007e+02 1.718889542470019907e+47 1.896513722275791625e+43
1.242740000000000009e+02 1.689122307459012675e+47 2.005577523226197524e+43
1.245300000000000011e+02 1.756581520190718473e+47 2.185561793701842522e+43
1.247860000000000014e+02 1.747991171783371208e+47 2.419067216828480376e+43
1.250430000000000064e+02 1.751928618160250663e+47 2.691879934280306349e+43
1.250430000000000064e+02 1.698289427707477413e+47 2.992245661796321102e+43
1.252990000000000066e+02 1.865911647072640947e+47 3.447478290789525090e+43
1.255550000000000068e+02 1.948410503164957575e+47 3.466849151298478244e+43
1.258110000000000070e+02 2.037088132601855576e+47 3.336341160304055557e+43
1.258110000000000070e+02 2.087392178573318963e+47 3.061379163125081940e+43
1.260679999999999978e+02 1.976197421635670993e+47 2.725303172620396634e+43
1.263239999999999981e+02 1.897529323628496177e+47 2.768888533573679185e+43
1.265799999999999983e+02 1.823917692065706841e+47 2.920036046322416623e+43
1.268359999999999985e+02 1.808209193414647037e+47 3.078760754660139450e+43
1.268359999999999985e+02 1.832577157560590043e+47 3.225733426079895963e+43
1.270919999999999987e+02 1.839865511869285095e+47 3.225733426079895963e+43
1.273490000000000038e+02 1.829374138216349204e+47 3.358039054653524210e+43
1.276050000000000040e+02 1.821441908962424035e+47 3.358039054653524210e+43
1.278610000000000042e+02 1.846011855448252220e+47 3.358039054653524210e+43
1.281169999999999902e+02 1.884203980920855137e+47 3.471591471901770429e+43
1.283739999999999952e+02 1.899411665272419196e+47 3.573575486747509973e+43
1.286299999999999955e+02 1.899487010522643439e+47 3.671311801150561499e+43
1.288859999999999957e+02 1.881828550409881035e+47 3.761712985350383542e+43
1.291419999999999959e+02 1.903360998436366966e+47 3.837432038010589358e+43
1.293990000000000009e+02 1.941999856342141921e+47 3.871659527177792722e+43
1.296550000000000011e+02 1.974780431828878592e+47 3.858622729241456760e+43
1.299110000000000014e+02 2.026132560061922684e+47 3.795066044271054202e+43
1.301670000000000016e+02 2.034851468384959606e+47 3.707643663857419173e+43
1.304240000000000066e+02 2.037928830246467329e+47 3.639499661041067658e+43
1.306800000000000068e+02 2.017286465644206156e+47 3.601713662108800721e+43
1.309360000000000070e+02 1.994645228968211293e+47 3.596195181094986639e+43
1.311920000000000073e+02 1.956594797234066215e+47 3.624002727940765887e+43
1.314480000000000075e+02 1.937596341243498706e+47 3.681023800299472990e+43
1.317050000000000125e+02 1.881535315690557644e+47 3.765056443463880365e+43
1.319610000000000127e+02 1.884444563414201576e+47 3.864015236477873871e+43
1.322170000000000130e+02 1.936857300541666457e+47 3.912034229801463743e+43
1.324730000000000132e+02 2.056851156734900955e+47 3.843816952734913186e+43
1.327299999999999898e+02 2.216637165940693864e+47 3.843816952734913186e+43
1.329859999999999900e+02 2.017185183552981195e+47 3.843816952734913186e+43
1.332419999999999902e+02 2.147626908536689088e+47 3.619609569951094199e+43
1.334979999999999905e+02 2.213764830832739009e+47 3.208124232040069040e+43
1.337549999999999955e+02 2.166551981118311491e+47 2.788527403833490862e+43
1.340109999999999957e+02 2.027682381078267703e+47 2.587248825480300014e+43
1.342669999999999959e+02 1.817913413896832515e+47 2.653610328105776784e+43
1.345229999999999961e+02 1.779316764388785003e+47 2.948499792614567580e+43
1.347789999999999964e+02 1.749482514455419883e+47 3.246368645794021985e+43
1.350360000000000014e+02 1.826245237439386000e+47 3.475824722671856913e+43
1.352920000000000016e+02 1.872762179041369035e+47 3.623076779917450534e+43
1.355480000000000018e+02 1.959911782141972872e+47 3.691212899331678815e+43
1.358040000000000020e+02 2.074748410368928636e+47 3.691212899331678815e+43
1.360610000000000070e+02 1.933949361008268651e+47 3.691212899331678815e+43
1.363170000000000073e+02 2.070409221282918768e+47 3.607529805592225408e+43
1.365730000000000075e+02 2.088243351701982045e+47 3.607529805592225408e+43
1.368290000000000077e+02 2.051465654263421093e+47 3.607529805592225408e+43
1.370860000000000127e+02 2.167410156587689700e+47 3.305184042549311867e+43
1.373420000000000130e+02 2.362057235868519084e+47 2.623752494693733673e+43
1.375980000000000132e+02 2.267528495701666333e+47 1.641474888651504689e+43
1.378540000000000134e+02 2.058936208817998898e+47 1.042769327972768860e+43
1.381109999999999900e+02 1.837409812649449449e+47 9.201276271831255496e+42
1.383669999999999902e+02 1.619435525873471890e+47 1.160626725008913053e+43
1.386229999999999905e+02 1.515598408686333745e+47 1.703092775869252350e+43
1.388789999999999907e+02 1.577888745696633806e+47 2.282761070477653782e+43
1.391349999999999909e+02 1.622621465704242778e+47 2.805927358922339072e+43
1.393919999999999959e+02 1.660368106711863186e+47 3.232974152375543611e+43
1.393919999999999959e+02 1.753768184919164840e+47 3.559309535040807842e+43
1.396479999999999961e+02 2.152789298667725346e+47 3.229185618443573609e+43
1.399039999999999964e+02 2.221857440151762009e+47 2.771588650954916702e+43
1.401599999999999966e+02 2.118906023957650828e+47 2.227863723741919621e+43
1.404170000000000016e+02 2.057449099237164935e+47 1.707798731916879347e+43
1.406730000000000018e+02 1.979854677801113370e+47 1.272137946938742755e+43
1.409290000000000020e+02 1.895656777126929003e+47 9.520762490098320836e+42
1.411850000000000023e+02 1.802769181639724646e+47 8.380279460180315077e+42
1.414420000000000073e+02 1.671718633811946311e+47 9.615406910135162851e+42
1.416980000000000075e+02 1.547196045416033551e+47 1.346059492971140161e+43
1.419540000000000077e+02 1.499098473535218049e+47 2.029695916225109546e+43
1.419540000000000077e+02 1.582379199856185542e+47 2.672484641302078391e+43
1.422100000000000080e+02 1.882472104246347766e+47 3.182461105792227434e+43
1.422100000000000080e+02 1.998145032928189893e+47 3.035181437487728856e+43
1.424670000000000130e+02 2.002574694760672506e+47 2.637147246826370405e+43
1.427230000000000132e+02 1.936169451408233159e+47 2.570971381364281401e+43
1.429790000000000134e+02 1.879692832042697430e+47 2.610397558400542141e+43
1.432350000000000136e+02 1.845157767666456269e+47 2.715793176371911860e+43
1.434910000000000139e+02 1.822189992576127194e+47 2.850171991060399198e+43
1.437479999999999905e+02 1.789085996665593656e+47 3.008856860641726805e+43
1.440039999999999907e+02 1.833596835388830447e+47 3.170760446937323558e+43
1.442599999999999909e+02 1.895913829449824670e+47 3.254673990568462685e+43
1.445159999999999911e+02 1.996456490829905820e+47 3.209701369953936912e+43
1.447729999999999961e+02 2.120040730431171628e+47 3.015404101854391081e+43
1.450289999999999964e+02 2.088998193147865856e+47 2.683554880901123742e+43
1.452849999999999966e+02 2.056634734193914305e+47 2.407771536884461712e+43
1.455409999999999968e+02 1.977258790697041204e+47 2.278826865399329850e+43
1.457980000000000018e+02 1.886634963244145406e+47 2.306300318942806859e+43
1.460540000000000020e+02 1.840797981616064184e+47 2.445771561614524449e+43
1.463100000000000023e+02 1.849484023264130851e+47 2.559293083849903527e+43
1.465660000000000025e+02 1.879741166060936194e+47 2.606061155745725264e+43
1.468230000000000075e+02 1.915822196216129582e+47 2.576942012507158189e+43
1.470790000000000077e+02 1.909628030792510552e+47 2.534174091633983484e+43
1.473350000000000080e+02 1.853016168210236190e+47 2.617329931579921715e+43
1.475910000000000082e+02 1.748923867658012915e+47 2.857241201667336728e+43
1.478470000000000084e+02 1.711391214168888871e+47 3.225341462844110202e+43
1.481040000000000134e+02 1.697903095014790537e+47 3.225341462844110202e+43
1.483600000000000136e+02 1.714063614393942904e+47 3.225341462844110202e+43
1.483600000000000136e+02 1.714026435420988904e+47 3.610860568808200868e+43
1.486160000000000139e+02 1.720262300040000643e+47 4.123098327634943452e+43
1.488720000000000141e+02 2.272188290921615039e+47 4.123098327634943452e+43
1.491289999999999907e+02 1.739257896995174165e+47 4.123098327634943452e+43
1.493849999999999909e+02 2.272188290921615039e+47 4.123098327634943452e+43
1.496409999999999911e+02 1.739257896995174165e+47 4.123098327634943452e+43
1.498969999999999914e+02 2.272188290921615039e+47 4.123098327634943452e+43
1.501539999999999964e+02 1.739257896995174165e+47 4.123098327634943452e+43
1.504099999999999966e+02 2.272188290921615039e+47 4.123098327634943452e+43
1.506659999999999968e+02 1.739257896995174165e+47 4.123098327634943452e+43
1.509219999999999970e+02 2.272188290921615039e+47 4.123098327634943452e+43
1.511790000000000020e+02 1.739257896995174165e+47 4.123098327634943452e+43
1.514350000000000023e+02 2.272188290921615039e+47 4.123098327634943452e+43
1.516910000000000025e+02 1.739257896995174165e+47 4.123098327634943452e+43
1.519470000000000027e+02 1.745716313426205049e+47 4.233832779465151526e+43
1.522030000000000030e+02 2.367491519792489381e+47 4.233832779465151526e+43
1.524600000000000080e+02 1.723787787628098301e+47 4.233832779465151526e+43
1.527160000000000082e+02 1.796531631466091048e+47 4.339670316893802741e+43
1.529720000000000084e+02 2.501476868263973509e+47 4.339670316893802741e+43
1.532280000000000086e+02 1.796531631466091048e+47 4.339670316893802741e+43
1.534850000000000136e+02 2.501476868263973509e+47 4.339670316893802741e+43
1.537410000000000139e+02 2.501476868263973509e+47 4.339670316893802741e+43
1.539970000000000141e+02 2.501476868263973509e+47 4.339670316893802741e+43
1.542529999999999859e+02 1.796531631466091048e+47 4.339670316893802741e+43
1.545099999999999909e+02 2.501476868263973509e+47 4.339670316893802741e+43
1.547659999999999911e+02 1.796531631466091048e+47 4.339670316893802741e+43
1.550219999999999914e+02 2.501476868263973509e+47 4.339670316893802741e+43
1.552779999999999916e+02 1.796531631466091048e+47 4.339670316893802741e+43
1.555349999999999966e+02 2.501476868263973509e+47 4.339670316893802741e+43
1.557909999999999968e+02 1.796531631466091048e+47 4.339670316893802741e+43
1.560469999999999970e+02 2.501476868263973509e+47 4.339670316893802741e+43
1.563029999999999973e+02 1.796531631466091048e+47 4.339670316893802741e+43
1.565589999999999975e+02 1.366030738606185728e+35 1.272763176735278457e+33
1.568160000000000025e+02 1.034796797595196449e+35 1.272763176735278457e+33
1.570720000000000027e+02 9.192286639117457258e+46 3.305823162963485097e+43
1.573280000000000030e+02 1.578442597983504065e+47 3.932721810188196124e+43
1.575840000000000032e+02 1.973212696030896726e+47 3.845700325571187713e+43
1.578410000000000082e+02 2.115585448608446987e+47 3.528860212898378056e+43
1.580970000000000084e+02 2.118951122017752505e+47 3.202717770911833984e+43
1.583530000000000086e+02 2.068040912673599795e+47 2.960517147847209013e+43
1.586090000000000089e+02 1.989475127142306374e+47 2.849490185363526395e+43
1.588660000000000139e+02 1.907129346494195830e+47 2.881945604946948670e+43
1.591220000000000141e+02 1.834092953357411222e+47 3.047520915536899841e+43
1.593779999999999859e+02 1.770027241818435867e+47 3.320302271141435337e+43
1.596339999999999861e+02 1.764437322550612090e+47 3.637106512970689334e+43
1.598909999999999911e+02 1.816147741558024844e+47 3.849084839478060772e+43
1.601469999999999914e+02 1.917891952776695959e+47 3.906747122036269281e+43
1.604029999999999916e+02 2.058518934312712650e+47 3.794443939798942954e+43
1.606589999999999918e+02 2.149115233785980359e+47 3.496647372158132212e+43
1.609149999999999920e+02 2.116243908951482991e+47 3.200469568864958941e+43
1.611719999999999970e+02 2.022670696540995675e+47 3.044278074793773585e+43
1.614279999999999973e+02 1.914646971687703469e+47 3.076087705562786711e+43
1.616839999999999975e+02 1.836191638624998067e+47 3.253633733584638691e+43
1.619399999999999977e+02 1.853149742307625740e+47 3.425540905354821220e+43
1.621970000000000027e+02 1.900156386472997247e+47 3.543274214516745735e+43
1.624530000000000030e+02 1.934060898361631179e+47 3.610799141205485016e+43
1.627090000000000032e+02 1.949250955106573937e+47 3.647636807616417439e+43
1.629650000000000034e+02 1.929951275846280333e+47 3.703339484112197873e+43
1.632220000000000084e+02 1.898728374268176433e+47 3.791320539412105166e+43
1.634780000000000086e+02 1.857332504861480478e+47 3.909040452502703058e+43
1.637340000000000089e+02 1.832241656180332582e+47 4.035908766558772766e+43
1.639900000000000091e+02 1.830644357277093844e+47 4.133655593883905243e+43
1.642460000000000093e+02 1.844532263111406433e+47 4.194176142329655591e+43
1.645029999999999859e+02 1.868959133361455512e+47 4.218522745752181511e+43
1.647589999999999861e+02 1.912631682211138070e+47 4.199741656076580464e+43
1.650149999999999864e+02 1.981283801467029083e+47 4.119726803484319216e+43
1.652709999999999866e+02 2.076170585569224565e+47 3.960472187686153779e+43
1.655279999999999916e+02 2.179264443612466194e+47 3.694416954435394695e+43
1.657839999999999918e+02 2.123324496228536284e+47 3.401812547955169595e+43
1.660399999999999920e+02 2.018219120257133986e+47 3.259930646932524814e+43
1.662959999999999923e+02 1.884705986503794262e+47 3.331411168120954820e+43
1.665529999999999973e+02 1.799412421961885679e+47 3.583531765866652911e+43
1.668089999999999975e+02 1.782400350659358079e+47 3.844238924345864940e+43
1.670649999999999977e+02 1.843667790490917195e+47 3.982707978806286460e+43
1.673209999999999980e+02 1.943047873970333010e+47 3.986476583941318829e+43
1.675780000000000030e+02 2.070866825856786279e+47 3.839718703949785624e+43
1.678340000000000032e+02 2.109993492705199643e+47 3.638171173638755232e+43
1.680900000000000034e+02 2.072560872838587203e+47 3.512790427149763536e+43
1.683460000000000036e+02 1.995962041095393193e+47 3.506903627526421120e+43
1.686020000000000039e+02 1.913846506549584896e+47 3.618721088294764177e+43
1.688590000000000089e+02 1.895078327297063704e+47 3.741870246845206964e+43
1.691150000000000091e+02 1.920872649930827726e+47 3.810131587706232335e+43
1.693710000000000093e+02 1.965059752658826205e+47 3.813046357576277705e+43
1.696270000000000095e+02 2.173010554142784670e+47 3.813046357576277705e+43
1.698839999999999861e+02 1.964697210383488230e+47 3.813046357576277705e+43
1.701399999999999864e+02 2.015736864093396385e+47 3.748086586817079156e+43
1.703959999999999866e+02 2.034594335633633451e+47 3.673557473852559330e+43
1.706519999999999868e+02 2.023571166448251258e+47 3.620166431745194492e+43
1.709089999999999918e+02 2.002756410890154165e+47 3.594761362708530272e+43
1.711649999999999920e+02 1.966324121842476394e+47 3.604828230394042837e+43
1.714209999999999923e+02 1.945192791477911140e+47 3.643383897966505962e+43
1.716769999999999925e+02 1.928906399784660991e+47 3.705882910147123132e+43
1.719339999999999975e+02 1.868248023274143433e+47 3.787503927408781190e+43
1.721899999999999977e+02 1.877819671594602757e+47 3.880238221941536660e+43
1.724459999999999980e+02 1.884324855782838372e+47 3.949418106581103054e+43
1.727019999999999982e+02 1.909890948660107162e+47 3.987513845926339915e+43
1.729579999999999984e+02 1.954787576105598475e+47 3.988514283950349715e+43
1.732150000000000034e+02 1.966856353187233593e+47 3.959357444004839659e+43
1.734710000000000036e+02 1.969823287357015061e+47 3.929508690072491993e+43
1.737270000000000039e+02 1.958363889869260109e+47 3.912014150211352476e+43
1.739830000000000041e+02 1.944971698098388655e+47 3.908953671392007411e+43
1.742400000000000091e+02 1.943239303116811009e+47 3.916591459659267067e+43
1.744960000000000093e+02 1.951367567218465023e+47 3.917697265370788119e+43
1.747520000000000095e+02 1.960291493637543970e+47 3.907217180770535525e+43
1.750080000000000098e+02 1.976435308268204449e+47 3.881789439042011138e+43
1.752649999999999864e+02 1.981445304965873034e+47 3.851041996026235496e+43
1.755209999999999866e+02 1.963327485064341283e+47 3.834653244021497369e+43
1.757769999999999868e+02 1.933855725506926287e+47 3.841212060154066673e+43
1.760329999999999870e+02 1.910936110822165791e+47 3.869602726937192122e+43
1.762899999999999920e+02 1.913218394036896313e+47 3.914059469497276179e+43
1.765459999999999923e+02 1.893573029317392178e+47 3.954608781262079136e+43
1.768019999999999925e+02 1.896666743818082680e+47 3.991355966662663457e+43
1.770579999999999927e+02 1.901292004530158357e+47 4.021444918372531793e+43
1.773139999999999930e+02 1.914183351108286754e+47 4.040122245072472042e+43
1.775709999999999980e+02 1.929566348188786688e+47 4.040030868768138950e+43
1.778269999999999982e+02 1.990057003728489129e+47 4.018092311654069054e+43
1.780829999999999984e+02 1.974893561101396055e+47 3.974470564706449470e+43
1.783389999999999986e+02 2.011977470635343029e+47 3.916754683069151887e+43
1.785960000000000036e+02 2.007576966410298188e+47 3.859180943917969982e+43
1.788520000000000039e+02 2.009111163302364128e+47 3.804795118792683185e+43
1.791080000000000041e+02 2.022274523555625331e+47 3.754689883483030558e+43
1.793640000000000043e+02 2.015582455602213527e+47 3.711727980322955550e+43
1.796210000000000093e+02 2.006896681345018589e+47 3.678628480343871276e+43
1.798770000000000095e+02 1.997225163096073751e+47 3.657823381429494679e+43
1.801330000000000098e+02 1.975370413190950841e+47 3.653097514763201578e+43
1.801330000000000098e+02 1.919532062836729922e+47 3.698440737952924505e+43
1.803890000000000100e+02 1.770919150891667678e+47 3.985145611672770604e+43
1.806459999999999866e+02 1.728086741590456418e+47 4.190140687061700679e+43
1.809019999999999868e+02 1.749830141266992565e+47 4.337874261389251268e+43
1.811579999999999870e+02 1.818572731841592730e+47 4.396179237945816541e+43
1.811579999999999870e+02 2.572771516874580370e+47 4.396179237945816541e+43
1.814139999999999873e+02 1.906595117185639883e+47 4.360774432779802303e+43
1.816699999999999875e+02 2.007346011537743367e+47 4.240342137301343167e+43
1.819269999999999925e+02 2.012485156090344092e+47 4.118239526396753300e+43
1.821829999999999927e+02 1.932600553851329396e+47 4.060554439038439191e+43
1.824389999999999930e+02 1.866794578726015431e+47 4.087114679983473428e+43
1.826949999999999932e+02 1.808804572912764787e+47 4.182471735063304164e+43
1.829519999999999982e+02 2.375380897171985142e+47 4.182471735063304164e+43
1.832079999999999984e+02 1.819137278543068763e+47 4.182471735063304164e+43
1.834639999999999986e+02 1.796181858933943500e+47 4.275688671805660581e+43
1.837199999999999989e+02 1.813360431834849589e+47 4.338463781781725559e+43
1.839770000000000039e+02 1.838393907924454646e+47 4.369958147618367015e+43
1.842330000000000041e+02 2.563379460419408663e+47 4.369958147618367015e+43
1.844890000000000043e+02 1.835932755669003913e+47 4.369958147618367015e+43
1.847450000000000045e+02 1.894971267110147915e+47 4.357227183485572122e+43
1.850020000000000095e+02 2.009731552061175197e+47 4.256572775944902115e+43
1.852580000000000098e+02 2.174806897691821502e+47 4.005956469025620517e+43
1.855140000000000100e+02 2.336431092145974132e+47 3.520975335819792345e+43
1.857700000000000102e+02 2.405240508676532896e+47 2.738350584278782911e+43
1.860260000000000105e+02 2.187512252336419039e+47 2.056272246082516942e+43
1.862829999999999870e+02 1.962083985690214774e+47 1.689479112018213493e+43
1.865389999999999873e+02 1.761322215482608607e+47 1.663700601670561652e+43
1.867949999999999875e+02 1.665711005307927693e+47 1.857104904493425924e+43
1.870509999999999877e+02 1.715373341485432696e+47 2.078708034546034677e+43
1.873079999999999927e+02 1.770614559940372960e+47 2.294646824776270614e+43
1.875639999999999930e+02 1.770005764859085253e+47 2.499994621979827539e+43
1.878199999999999932e+02 1.789319772617655082e+47 2.685861693071095676e+43
1.880759999999999934e+02 1.819919107311987165e+47 2.842852173983988441e+43
1.883329999999999984e+02 1.833499302933881416e+47 2.965355115315213028e+43
1.885889999999999986e+02 1.873339088808713959e+47 3.051876897596425509e+43
1.888449999999999989e+02 1.892920085324983160e+47 3.101920869508599150e+43
1.891009999999999991e+02 1.914697347182659537e+47 3.116815681411911091e+43
1.893580000000000041e+02 1.941449456943707700e+47 3.097632552615659331e+43
1.896140000000000043e+02 1.953919709877613617e+47 3.044512115268069866e+43
1.898700000000000045e+02 1.962271775771658265e+47 2.976859987328872461e+43
1.901260000000000048e+02 1.960805362629014740e+47 2.914270210480587082e+43
1.903820000000000050e+02 1.956686133891475209e+47 2.861105035351830313e+43
1.906390000000000100e+02 1.938492184370021103e+47 2.825866171670831279e+43
1.908950000000000102e+02 1.849776637308707504e+47 2.897679555306757193e+43
1.911510000000000105e+02 1.759617673788588270e+47 3.127094205550788507e+43
1.914070000000000107e+02 1.735018800684257464e+47 3.479453291143247074e+43
1.916639999999999873e+02 1.666405166548626143e+47 3.874674683418546328e+43
1.919199999999999875e+02 1.645118395891615966e+47 4.196270658218680048e+43
1.921759999999999877e+02 1.647433204713823425e+47 4.410424471600959947e+43
1.924319999999999879e+02 1.684917825293891969e+47 4.537507070387186590e+43
1.926889999999999930e+02 1.732256211231636238e+47 4.596172477534927083e+43
1.929449999999999932e+02 1.798132920862952737e+47 4.595519080575958880e+43
1.932009999999999934e+02 1.866569136773018236e+47 4.541623774195626056e+43
1.934569999999999936e+02 2.756998888201787181e+47 4.541623774195626056e+43
1.937129999999999939e+02 1.864330859869828421e+47 4.541623774195626056e+43
1.939699999999999989e+02 1.964080895416585076e+47 4.425919755734150682e+43
1.942259999999999991e+02 2.049069212683903297e+47 4.253906783954455971e+43
1.944819999999999993e+02 2.047591468895451008e+47 4.097007098746842293e+43
1.947379999999999995e+02 1.995513012422246969e+47 4.011041009613306774e+43
1.949950000000000045e+02 1.908799220592232591e+47 4.018020437593670330e+43
1.952510000000000048e+02 1.861695176534149614e+47 4.090603128695951568e+43
1.955070000000000050e+02 1.876318600531356790e+47 4.139623654027909817e+43
1.957630000000000052e+02 1.930674177256534185e+47 4.130346587603335494e+43
1.960200000000000102e+02 2.020247937190968382e+47 4.045909121846734175e+43
1.962760000000000105e+02 2.054094845027668027e+47 3.898749632428128175e+43
1.965320000000000107e+02 2.047491073386210997e+47 3.779362718263256202e+43
1.967880000000000109e+02 2.004540477863288015e+47 3.725097655888275986e+43
1.970449999999999875e+02 1.942046136639645283e+47 3.747721798529805777e+43
1.973009999999999877e+02 1.928666207465484374e+47 3.806083337932837289e+43
1.975569999999999879e+02 1.958691095632895618e+47 3.824418353436598902e+43
1.978129999999999882e+02 2.028368900878844347e+47 3.782458245645054453e+43
1.980689999999999884e+02 2.072845461898409229e+47 3.657573888000787795e+43
1.983259999999999934e+02 2.042776289283740946e+47 3.512959901927111321e+43
1.985819999999999936e+02 1.969071232612074256e+47 3.481608996496567530e+43
1.988379999999999939e+02 1.885811084230407448e+47 3.581132773008180212e+43
1.990939999999999941e+02 1.782431539013436783e+47 3.800006271551063738e+43
1.993509999999999991e+02 1.740098404198300929e+47 4.034426859655282961e+43
1.996069999999999993e+02 1.773883359782890744e+47 4.184571416690379462e+43
1.998629999999999995e+02 1.842646670613992580e+47 4.252166352939974479e+43
2.001189999999999998e+02 1.919063549807046377e+47 4.231257439664970802e+43
2.003760000000000048e+02 2.004041716681432859e+47 4.141428124135861631e+43
2.006320000000000050e+02 2.047020544441481903e+47 4.015345074796366420e+43
2.008880000000000052e+02 2.110340353235556259e+47 3.864740851935551011e+43
2.011440000000000055e+02 2.127293962754583054e+47 3.673156036200004775e+43
2.014010000000000105e+02 2.070922763623541290e+47 3.485909923881678150e+43
2.016570000000000107e+02 2.040297093408697413e+47 3.341583083263956285e+43
2.019130000000000109e+02 1.990208231183836605e+47 3.255219606570529325e+43
2.021690000000000111e+02 1.946333811244669414e+47 3.232173095913292528e+43
2.024250000000000114e+02 1.931904929744911270e+47 3.241632732919610790e+43
2.026819999999999879e+02 1.927290155024111739e+47 3.250282003897367817e+43
2.029379999999999882e+02 1.926059559658245428e+47 3.255972228093659632e+43
2.031939999999999884e+02 1.922870630891833397e+47 3.262772140993333721e+43
2.034499999999999886e+02 1.887656557918814162e+47 3.315568633601575453e+43
2.037069999999999936e+02 1.836205594061273256e+47 3.315568633601575453e+43
2.039629999999999939e+02 1.898686651915233238e+47 3.315568633601575453e+43
2.042189999999999941e+02 1.870086549354629249e+47 3.426437056251908160e+43
2.044749999999999943e+02 1.843589250138598834e+47 3.589442839696639143e+43
2.047319999999999993e+02 1.816590445051727422e+47 3.782179505703652365e+43
2.049879999999999995e+02 1.853227881775256438e+47 3.913752680528042818e+43
2.052439999999999998e+02 1.946138009827358607e+47 3.955531981061493187e+43
2.055000000000000000e+02 2.063645853390334947e+47 3.888516002020377501e+43
2.057570000000000050e+02 2.140104666768495523e+47 3.711945814857543387e+43
2.060130000000000052e+02 2.184640827390096644e+47 3.711945814857543387e+43
2.062690000000000055e+02 2.102952077247530938e+47 3.711945814857543387e+43
2.065250000000000057e+02 2.110310888359456856e+47 3.469719101808198594e+43
2.067810000000000059e+02 2.126230748062048865e+47 3.179779005014467234e+43
2.070380000000000109e+02 2.126149707275036294e+47 2.839141975430283967e+43
2.072940000000000111e+02 2.083815797780128587e+47 2.512803642914767515e+43
2.075500000000000114e+02 2.001222899658887005e+47 2.333988378314408667e+43
2.078060000000000116e+02 1.882367219853510959e+47 2.353457421491822798e+43
2.080629999999999882e+02 1.765134332451709056e+47 2.569259593065976848e+43
2.083189999999999884e+02 1.773568378562760758e+47 2.864447394545926038e+43
2.085749999999999886e+02 1.861157426341076742e+47 3.016874474352156386e+43
2.088309999999999889e+02 1.979314130292797779e+47 2.962783757799106390e+43
2.090879999999999939e+02 2.106741970579831375e+47 2.671306806017244994e+43
2.093439999999999941e+02 2.060479495991274389e+47 2.221004504830977948e+43
2.095999999999999943e+02 1.948382293070477604e+47 1.863997041675902145e+43
2.098559999999999945e+02 1.849452184940498976e+47 1.656946927859886500e+43
2.101129999999999995e+02 1.762803294035442739e+47 1.606990493282344417e+43
2.103689999999999998e+02 1.715969159856979752e+47 1.647889581671055271e+43
2.103689999999999998e+02 1.706657473668304947e+47 1.689257842901489172e+43
2.106250000000000000e+02 1.695558646513134229e+47 2.843747109261958591e+43
2.106250000000000000e+02 1.710673794817375284e+47 3.186126420298792164e+43
2.108810000000000002e+02 2.120852390671091229e+47 2.188055819134274183e+43
2.111370000000000005e+02 1.904928168526641115e+47 1.954945736451758266e+43
2.113940000000000055e+02 1.768062414087838481e+47 2.075743387706280439e+43
2.116500000000000057e+02 1.687349905282911480e+47 2.484712264580533696e+43
2.119060000000000059e+02 1.645612822845678401e+47 2.935561628104880947e+43
2.121620000000000061e+02 1.706147548842458164e+47 3.337913473527775012e+43
2.124190000000000111e+02 1.727960636586739788e+47 3.670122456779166859e+43
2.126750000000000114e+02 1.740745203772626303e+47 3.935456943250693554e+43
2.129310000000000116e+02 1.795466601592846796e+47 4.094683051264822714e+43
2.131870000000000118e+02 1.877323247807846327e+47 4.147127197802876299e+43
2.134439999999999884e+02 1.994489882771201433e+47 4.091796694308033838e+43
2.136999999999999886e+02 2.061030898176883744e+47 3.939185942748157722e+43
2.139559999999999889e+02 2.112782270926859655e+47 3.754921263028518349e+43
2.142119999999999891e+02 2.113488852297244484e+47 3.574747323865141424e+43
2.144689999999999941e+02 2.049843315990105135e+47 3.416853754362883746e+43
2.147249999999999943e+02 2.031690538338372651e+47 3.288689498973439232e+43
2.149809999999999945e+02 1.977953830389433702e+47 3.215594179414420210e+43
2.152369999999999948e+02 1.930342260304004560e+47 3.211415085599186162e+43
2.154929999999999950e+02 1.839618173973887407e+47 3.276722464036420431e+43
2.157500000000000000e+02 1.818294271855527560e+47 3.276722464036420431e+43
2.160060000000000002e+02 1.891682746744269423e+47 3.276722464036420431e+43
2.162620000000000005e+02 1.858165208071988448e+47 3.399736641908757810e+43
2.165180000000000007e+02 1.855836627918888129e+47 3.399736641908757810e+43
2.167750000000000057e+02 1.858966821618551558e+47 3.399736641908757810e+43
2.170310000000000059e+02 1.872931898829302004e+47 3.541429060229643254e+43
2.172870000000000061e+02 1.846400465875886928e+47 3.703940373500218783e+43
2.175430000000000064e+02 1.803250105961173318e+47 3.876620756392044608e+43
2.178000000000000114e+02 1.801990189035452955e+47 4.026782589724298509e+43
2.180560000000000116e+02 1.833817571901590671e+47 4.118183553539123196e+43
2.183120000000000118e+02 1.889074337234167930e+47 4.151364141403765678e+43
2.185680000000000121e+02 1.948920999231268853e+47 4.120224029325954933e+43
2.188249999999999886e+02 1.967076162208715244e+47 4.056170231662262152e+43
2.190809999999999889e+02 1.963416773938931242e+47 4.011055411410601073e+43
2.193369999999999891e+02 1.925190228072754996e+47 3.996932617119544078e+43
2.195929999999999893e+02 1.882506550804337386e+47 4.016154414351478584e+43
2.198489999999999895e+02 1.839658465094530703e+47 4.064103945421509151e+43
2.201059999999999945e+02 1.795690597376838568e+47 4.134486483763838894e+43
2.203619999999999948e+02 2.345262114521045641e+47 4.134486483763838894e+43
2.206179999999999950e+02 1.843417187872006307e+47 4.134486483763838894e+43
2.208739999999999952e+02 1.784063012392895364e+47 4.223821351873404125e+43
2.211310000000000002e+02 2.399917118978990275e+47 4.223821351873404125e+43
2.213870000000000005e+02 1.808935014980285588e+47 4.223821351873404125e+43
2.216430000000000007e+02 1.784260826386975196e+47 4.319542753846997088e+43
2.218990000000000009e+02 1.806597178096762972e+47 4.383733531003196466e+43
2.221560000000000059e+02 1.870825227216996105e+47 4.392554026586411625e+43
2.224120000000000061e+02 2.594501367510615637e+47 4.392554026586411625e+43
2.226680000000000064e+02 1.856191861592440109e+47 4.392554026586411625e+43
2.229240000000000066e+02 2.594501367510615637e+47 4.392554026586411625e+43
2.231800000000000068e+02 1.856191861592440109e+47 4.392554026586411625e+43
2.234370000000000118e+02 2.594501367510615637e+47 4.392554026586411625e+43
2.236930000000000121e+02 2.594501367510615637e+47 4.392554026586411625e+43
2.239490000000000123e+02 1.856191861592440109e+47 4.392554026586411625e+43
2.242050000000000125e+02 2.594501367510615637e+47 4.392554026586411625e+43
2.244619999999999891e+02 1.856191861592440109e+47 4.392554026586411625e+43
2.247179999999999893e+02 2.594501367510615637e+47 4.392554026586411625e+43
2.249739999999999895e+02 1.856191861592440109e+47 4.392554026586411625e+43
2.252299999999999898e+02 1.920508393081824346e+47 4.338358234533547404e+43
2.254869999999999948e+02 2.565083390184325041e+47 4.338358234533547404e+43
2.257429999999999950e+02 1.920508393081824346e+47 4.338358234533547404e+43
2.259989999999999952e+02 2.009618452449892871e+47 4.211775566935666604e+43
2.262549999999999955e+02 2.492216824382261535e+47 4.211775566935666604e+43
2.265120000000000005e+02 2.009618452449892871e+47 4.211775566935666604e+43
2.267680000000000007e+02 2.108435181205652439e+47 4.009399650606557325e+43
2.270240000000000009e+02 2.177004960449400244e+47 3.740705636843980102e+43
2.272800000000000011e+02 2.185074584245415282e+47 3.401209922679038433e+43
2.275360000000000014e+02 2.208592490953223580e+47 2.965026701116624057e+43
2.277930000000000064e+02 2.114472537974231144e+47 2.615155191158897851e+43
2.280490000000000066e+02 1.990047021041024254e+47 2.468941140546723885e+43
2.283050000000000068e+02 1.869777529849925536e+47 2.537778318698580904e+43
2.285610000000000070e+02 1.771974671172036696e+47 2.794123234694842109e+43
2.288180000000000121e+02 1.744493715973761704e+47 3.092901877854414097e+43
2.290740000000000123e+02 1.664050278893735827e+47 3.092901877854414097e+43
2.293300000000000125e+02 1.763457456405607987e+47 3.092901877854414097e+43
2.295860000000000127e+02 1.768361219757075342e+47 3.386576266336487252e+43
2.298429999999999893e+02 1.785377203935636994e+47 3.652530615565891142e+43
2.300989999999999895e+02 1.786630838212906866e+47 3.870771832221123607e+43
2.303549999999999898e+02 1.858894776236191435e+47 3.988381171056156604e+43
2.306109999999999900e+02 1.964823489646662834e+47 3.976754425763875552e+43
2.308679999999999950e+02 2.094090830401080460e+47 3.815131647383827196e+43
2.311239999999999952e+02 2.233813653837438035e+47 3.815131647383827196e+43
2.313799999999999955e+02 2.089273382308273165e+47 3.815131647383827196e+43
2.316359999999999957e+02 2.170994761145778885e+47 3.504458218607047937e+43
2.318919999999999959e+02 2.217219093784360685e+47 3.131150088832170637e+43
2.321490000000000009e+02 2.170103325874793638e+47 2.739581072200523512e+43
2.324050000000000011e+02 2.108363062158456025e+47 2.377445196549800398e+43
2.326610000000000014e+02 1.939213702148646546e+47 2.124504680378987372e+43
2.329170000000000016e+02 1.844833080290087021e+47 2.100765733108998281e+43
2.331740000000000066e+02 1.764866429062278557e+47 2.309501716818517181e+43
2.334300000000000068e+02 1.683668270154970953e+47 2.727485445614785004e+43
2.336860000000000070e+02 1.691668460076499012e+47 3.150641266660458001e+43
2.339420000000000073e+02 1.799336443566953396e+47 3.385927660959486992e+43
2.341990000000000123e+02 1.970088726230128103e+47 3.398849559774064824e+43
2.344550000000000125e+02 2.082389233424558308e+47 3.167831315693396671e+43
2.347110000000000127e+02 2.103175120225312357e+47 2.818276315351050197e+43
2.349670000000000130e+02 2.039685057566156664e+47 2.583143596327377105e+43
2.352239999999999895e+02 1.938008982765067025e+47 2.528305117012197879e+43
2.354799999999999898e+02 1.850843580764251410e+47 2.657468949491816054e+43
2.357359999999999900e+02 1.864206483981811976e+47 2.792497962792085237e+43
2.359919999999999902e+02 1.941377238022787086e+47 2.777998159815637906e+43
2.362479999999999905e+02 2.010289502382971568e+47 2.573132090103543242e+43
2.365049999999999955e+02 2.007560295244742487e+47 2.165085270736479937e+43
2.367609999999999957e+02 1.923295619671042315e+47 1.802615395134409191e+43
2.370169999999999959e+02 1.806689954671503909e+47 1.681434255062438950e+43
2.372729999999999961e+02 1.692116053714291109e+47 1.808556621347415104e+43
2.375300000000000011e+02 1.689823367283545287e+47 2.146991949747770058e+43
2.377860000000000014e+02 1.727229648226699759e+47 2.465863036604492757e+43
2.380420000000000016e+02 1.801214364060681397e+47 2.650609732868996588e+43
2.382980000000000018e+02 1.911243118879085924e+47 2.685460069119496714e+43
2.385550000000000068e+02 1.956408728860183551e+47 2.568488684700958653e+43
2.388110000000000070e+02 1.966556482373702068e+47 2.417421408121708694e+43
2.390670000000000073e+02 1.967470602603245816e+47 2.300224729982086946e+43
2.393230000000000075e+02 1.941864562480295062e+47 2.224173835626414627e+43
2.395800000000000125e+02 1.911386563105091746e+47 2.193627326403375647e+43
2.398360000000000127e+02 1.884973930096655238e+47 2.224788752599262730e+43
2.400920000000000130e+02 1.850835857900075991e+47 2.323487359759117132e+43
2.403480000000000132e+02 1.810727112000994918e+47 2.483688083334146793e+43
2.406040000000000134e+02 1.773296437435965866e+47 2.688904929928070266e+43
2.408609999999999900e+02 1.767339894176641520e+47 2.903303205846457888e+43
2.411169999999999902e+02 1.734695980171302658e+47 3.116945586517870636e+43
2.413729999999999905e+02 1.688506908428212347e+47 3.116945586517870636e+43
2.416289999999999907e+02 1.800216323543259353e+47 3.116945586517870636e+43
2.418859999999999957e+02 1.688506908428212347e+47 3.116945586517870636e+43
2.421419999999999959e+02 1.688506908428212347e+47 3.116945586517870636e+43
2.423979999999999961e+02 1.688506908428212347e+47 3.116945586517870636e+43
2.426539999999999964e+02 1.800216323543259353e+47 3.116945586517870636e+43
2.429110000000000014e+02 1.775129116487249712e+47 3.314715177967748876e+43
2.431670000000000016e+02 1.774373286808931058e+47 3.314715177967748876e+43
2.434230000000000018e+02 1.797180594211453833e+47 3.314715177967748876e+43
2.436790000000000020e+02 1.774373286808931058e+47 3.314715177967748876e+43
2.439360000000000070e+02 1.797180594211453833e+47 3.314715177967748876e+43
2.441920000000000073e+02 1.853972891789503226e+47 3.495453088138068316e+43
2.444480000000000075e+02 1.913822488807382635e+47 3.495453088138068316e+43
2.447040000000000077e+02 1.853972891789503226e+47 3.495453088138068316e+43
2.449600000000000080e+02 1.897502246588797150e+47 3.611719512405804081e+43
2.452170000000000130e+02 2.010571510170650985e+47 3.611719512405804081e+43
2.454730000000000132e+02 1.897502246588797150e+47 3.611719512405804081e+43
2.457290000000000134e+02 1.937450960896895943e+47 3.667367824569951111e+43
2.459850000000000136e+02 2.012778965624158047e+47 3.665316158799749525e+43
2.462419999999999902e+02 2.048684122973478351e+47 3.605845334105792255e+43
2.464979999999999905e+02 2.086278829328302015e+47 3.605845334105792255e+43
2.467539999999999907e+02 2.028301832459154241e+47 3.605845334105792255e+43
2.470099999999999909e+02 2.034542004086680653e+47 3.499322058044168226e+43
2.472669999999999959e+02 2.043791511379605392e+47 3.352933135180622409e+43
2.475229999999999961e+02 2.096972712363184020e+47 3.138908209117578761e+43
2.477789999999999964e+02 2.057003943015315235e+47 2.907600845079499111e+43
2.480349999999999966e+02 2.027744175289897271e+47 2.726524263591280725e+43
2.482920000000000016e+02 1.974173665975345240e+47 2.624948442006104140e+43
2.485480000000000018e+02 1.907362798733972986e+47 2.609805808861579834e+43
2.488040000000000020e+02 1.876110316955070541e+47 2.669288853410392492e+43
2.490600000000000023e+02 1.822709878257173866e+47 2.782809738205417661e+43
2.493160000000000025e+02 1.812911160773049428e+47 2.938572528590208576e+43
2.495730000000000075e+02 1.738750444900249715e+47 3.130938364342831932e+43
2.498290000000000077e+02 1.705572272595754803e+47 3.130938364342831932e+43
2.500850000000000080e+02 1.814124044227338519e+47 3.130938364342831932e+43
2.503410000000000082e+02 1.705572272595754803e+47 3.130938364342831932e+43
2.505980000000000132e+02 1.814124044227338519e+47 3.130938364342831932e+43
2.508540000000000134e+02 1.705572272595754803e+47 3.130938364342831932e+43
2.511100000000000136e+02 1.814124044227338519e+47 3.130938364342831932e+43
2.513660000000000139e+02 1.705572272595754803e+47 3.130938364342831932e+43
2.516229999999999905e+02 1.814124044227338519e+47 3.130938364342831932e+43
2.518789999999999907e+02 1.705572272595754803e+47 3.130938364342831932e+43
2.521349999999999909e+02 1.814124044227338519e+47 3.130938364342831932e+43
2.523909999999999911e+02 1.705572272595754803e+47 3.130938364342831932e+43
2.526469999999999914e+02 1.814124044227338519e+47 3.130938364342831932e+43
2.529039999999999964e+02 1.796535411097070282e+47 3.346972976347834917e+43
2.531599999999999966e+02 1.791820323444228581e+47 3.346972976347834917e+43
2.534159999999999968e+02 1.796535411097070282e+47 3.346972976347834917e+43
2.536719999999999970e+02 1.791820323444228581e+47 3.346972976347834917e+43
2.539290000000000020e+02 1.796535411097070282e+47 3.346972976347834917e+43
2.541850000000000023e+02 1.366030738606185728e+35 1.272763176735278457e+33
2.544410000000000025e+02 1.300002200953808611e+35 1.272763176735278457e+33
2.546970000000000027e+02 1.012966041815340597e+47 2.929763471825673950e+43
2.549540000000000077e+02 1.478401332854814718e+47 3.633166162069528055e+43
2.552100000000000080e+02 1.640576934961160903e+47 3.968675464352405794e+43
2.554660000000000082e+02 1.740122060672598602e+47 4.153142639061568735e+43
2.557220000000000084e+02 1.839213861727571788e+47 4.210567021588640240e+43
2.559790000000000134e+02 1.968010396267490514e+47 4.146975281502254218e+43
2.562350000000000136e+02 2.111357616353480214e+47 3.942190576246501613e+43
2.564909999999999854e+02 2.150944227388737249e+47 3.682820144269969149e+43
2.567470000000000141e+02 2.069393988355803408e+47 3.492574047834668427e+43
2.570029999999999859e+02 1.982905959949515579e+47 3.419856326734315357e+43
2.572599999999999909e+02 1.926728250791303279e+47 3.468224326437536791e+43
2.575160000000000196e+02 1.903587379054787658e+47 3.575341859051795513e+43
2.577719999999999914e+02 1.878661410135088555e+47 3.707268959716817227e+43
2.580280000000000200e+02 1.844276683223983017e+47 3.850615988609987689e+43
2.582850000000000250e+02 1.817015325218460107e+47 3.998561475570736774e+43
2.585409999999999968e+02 1.784939173576018767e+47 4.141122037223092701e+43
2.587970000000000255e+02 1.765041960501873077e+47 4.273828503203922928e+43
2.590529999999999973e+02 1.738044770489772753e+47 4.393362258890099913e+43
2.593100000000000023e+02 1.715739837677442769e+47 4.502854033231552606e+43
2.595659999999999741e+02 1.703670574458587133e+47 4.590474552035684915e+43
2.598220000000000027e+02 1.703825586809970195e+47 4.652255067265949703e+43
2.600779999999999745e+02 1.715698520876731916e+47 4.689097390257836862e+43
2.603349999999999795e+02 1.727154056752700863e+47 4.705152986297696297e+43
2.605910000000000082e+02 1.722060264084195923e+47 4.717113741805492139e+43
2.608469999999999800e+02 1.710803401349239295e+47 4.732648451916711884e+43
2.611030000000000086e+02 1.700266296849605592e+47 4.753502682363501684e+43
2.613589999999999804e+02 1.693231476273194518e+47 4.775182151236588957e+43
2.616159999999999854e+02 1.703272489074779681e+47 4.785702452927743142e+43
2.618720000000000141e+02 1.723320523574724418e+47 4.779958974719732688e+43
2.621279999999999859e+02 1.756187997427094958e+47 4.755422573937881438e+43
2.623840000000000146e+02 1.790290547368242078e+47 4.713501819314786414e+43
2.626410000000000196e+02 1.826271250037681325e+47 4.656771718729435388e+43
2.628969999999999914e+02 1.871471751868985838e+47 4.584852926770787267e+43
2.631530000000000200e+02 1.912251997421247354e+47 4.496309141797646751e+43
2.634089999999999918e+02 1.947354620053645224e+47 4.399124809231825222e+43
2.636659999999999968e+02 1.934873878419418783e+47 4.320986982865906732e+43
2.639220000000000255e+02 1.924556490745016671e+47 4.266581811541188962e+43
2.641779999999999973e+02 1.901772310923770507e+47 4.240015381420148657e+43
2.644340000000000259e+02 1.897876537323167866e+47 4.229154210662509447e+43
2.644340000000000259e+02 1.907029038696227631e+47 4.210275311839018949e+43
2.646909999999999741e+02 1.954076924112406675e+47 4.124542422936125176e+43
2.649470000000000027e+02 1.977203865412774796e+47 4.059180125879422689e+43
2.652029999999999745e+02 1.996510431085858749e+47 3.986747958329183158e+43
2.654590000000000032e+02 2.009543971337435234e+47 3.908498992888963070e+43
2.657149999999999750e+02 2.026075576062433895e+47 3.823516057124670933e+43
2.659719999999999800e+02 2.061544011559602432e+47 3.709762763191802164e+43
2.662280000000000086e+02 2.086802007248412394e+47 3.542468568204117882e+43
2.664839999999999804e+02 2.103099356965990416e+47 3.307241693711492592e+43
2.667400000000000091e+02 2.130470605595857390e+47 2.979629458980651382e+43
2.669970000000000141e+02 2.071844928806393989e+47 2.700233927184088999e+43
2.672529999999999859e+02 1.974282252089193741e+47 2.591723925958898701e+43
2.675090000000000146e+02 1.872760987747642270e+47 2.678411985997892493e+43
2.677649999999999864e+02 1.796185993688934364e+47 2.927548228527995989e+43
2.680219999999999914e+02 1.775319616974527349e+47 3.193197950565052414e+43
2.682780000000000200e+02 1.818715281504931027e+47 3.409309480279939228e+43
2.685339999999999918e+02 1.864768974509805074e+47 3.566268524074859887e+43
2.687900000000000205e+02 1.896274613228857379e+47 3.676062854696576498e+43
2.690470000000000255e+02 1.935295199950228937e+47 3.730082257267638534e+43
2.693029999999999973e+02 1.981349041482817749e+47 3.721809565200224595e+43
2.695590000000000259e+02 2.041192752480936173e+47 3.645105826567296169e+43
2.698149999999999977e+02 2.064429828110582000e+47 3.492971434845575551e+43
2.700710000000000264e+02 2.103469471422692971e+47 3.246090153432773272e+43
2.703279999999999745e+02 2.160657994762794888e+47 2.865678070353164384e+43
2.705840000000000032e+02 2.199734501373884343e+47 2.328424521508138397e+43
2.708399999999999750e+02 2.046094950924474551e+47 1.729751348836751776e+43
2.710960000000000036e+02 1.893188412905387789e+47 1.418680983544095671e+43
2.713530000000000086e+02 1.732479825945670442e+47 1.445184470782750062e+43
2.716089999999999804e+02 1.597360445848480327e+47 1.782986476872780652e+43
2.718650000000000091e+02 1.615218050516548469e+47 2.333399239653649777e+43
2.721209999999999809e+02 1.640371591636011970e+47 2.860015525353868558e+43
2.723779999999999859e+02 1.682527511937450465e+47 3.299594325959321646e+43
2.726340000000000146e+02 1.731272534516544829e+47 3.640966620670642366e+43
2.728899999999999864e+02 1.788461180425095303e+47 3.876517661523501870e+43
2.731460000000000150e+02 1.881310804646134191e+47 3.965982659056470873e+43
2.734030000000000200e+02 2.014825936163145722e+47 3.897759214421863996e+43
2.736589999999999918e+02 2.169377829455472850e+47 3.630086137299424696e+43
2.739150000000000205e+02 2.211638829251585676e+47 3.197181573094854334e+43
2.741709999999999923e+02 2.169969326791353415e+47 2.779722338400158573e+43
2.744270000000000209e+02 2.080065604315749106e+47 2.485949971880315702e+43
2.746840000000000259e+02 1.984316323903068142e+47 2.356926459827010520e+43
2.749399999999999977e+02 1.933675755353319468e+47 2.328879261511460078e+43
2.751960000000000264e+02 1.916639742882280610e+47 2.313311927258624520e+43
2.754519999999999982e+02 1.914909061162321602e+47 2.293649344212921750e+43
2.757090000000000032e+02 1.908735182097836160e+47 2.270418168636790007e+43
2.759649999999999750e+02 1.873003619135048515e+47 2.312366057305541843e+43
2.762210000000000036e+02 1.815461849662834006e+47 2.479687450852131534e+43
2.764769999999999754e+02 1.758182353911196935e+47 2.765914897827647011e+43
2.764769999999999754e+02 1.724462717569684533e+47 3.130962872238283538e+43
2.767339999999999804e+02 1.934789421980114145e+47 3.383206028091765346e+43
2.769900000000000091e+02 2.112155459018352226e+47 3.085987971577779976e+43
2.772459999999999809e+02 2.264317327216106798e+47 2.396354151585021552e+43
2.775020000000000095e+02 2.056406761752108160e+47 1.773588707826784635e+43
2.777590000000000146e+02 1.851950669204505095e+47 1.584434971493717858e+43
2.780149999999999864e+02 1.658506359056088089e+47 1.823666535000019321e+43
2.782710000000000150e+02 1.197706171598117765e+47 1.823666535000019321e+43
2.785269999999999868e+02 1.658978435688034231e+47 1.823666535000019321e+43
2.785269999999999868e+02 1.617985660408742994e+47 2.393904261507518225e+43
2.787830000000000155e+02 1.740080139446628131e+47 3.228436951939723386e+43
2.790400000000000205e+02 1.862397215663003592e+47 3.345106949001882339e+43
2.792959999999999923e+02 1.949061410966219677e+47 3.294539891173573294e+43
2.795520000000000209e+02 1.986450641043509689e+47 3.200403303846614276e+43
2.798079999999999927e+02 1.975044369385832903e+47 3.128827030589681426e+43
2.800649999999999977e+02 1.956063240304434115e+47 3.085611110128404468e+43
2.800649999999999977e+02 1.955629087338580082e+47 3.052601704728971677e+43
2.803210000000000264e+02 2.071040820263918351e+47 2.680924103391480081e+43
2.803210000000000264e+02 2.087790751452272307e+47 2.251869386108353542e+43
2.805769999999999982e+02 1.793843276324721529e+47 1.634149466131971976e+43
2.808330000000000268e+02 1.638305834569051523e+47 1.898387786838957931e+43
2.810899999999999750e+02 1.551881534166551935e+47 2.520381145170991338e+43
2.813460000000000036e+02 1.578223451292806741e+47 3.237500852398712539e+43
2.816019999999999754e+02 1.657734695495813045e+47 3.696792814059379477e+43
2.818580000000000041e+02 1.773692880446756649e+47 3.944212865386855419e+43
2.821139999999999759e+02 1.923012672175213421e+47 3.998371837887157919e+43
2.823709999999999809e+02 2.021331696517642578e+47 3.910618916963092526e+43
2.826270000000000095e+02 2.059507005671154256e+47 3.776670249652947819e+43
2.828829999999999814e+02 2.100557359599160901e+47 3.614018058852352095e+43
2.831390000000000100e+02 2.133045518187030246e+47 3.614018058852352095e+43
2.831390000000000100e+02 2.099110064413455265e+47 3.614018058852352095e+43
2.833960000000000150e+02 1.691225802817529780e+47 1.795024664711147105e+43
2.833960000000000150e+02 1.688730862012305279e+47 2.042111430714713935e+43
2.836519999999999868e+02 1.754824235067615941e+47 2.596689054317508355e+43
2.836519999999999868e+02 1.769711973235118252e+47 2.817873843598002421e+43
2.839080000000000155e+02 1.793154470182065282e+47 3.185473328235489981e+43
2.841639999999999873e+02 1.809104027711945406e+47 3.374538877281554838e+43
2.844209999999999923e+02 1.824950543336616517e+47 3.564209202414147339e+43
2.846770000000000209e+02 1.813756814581748872e+47 3.751379292234686876e+43
2.849329999999999927e+02 1.822385392198916733e+47 3.907965128384733043e+43
2.851890000000000214e+02 1.828020107371524078e+47 4.024337935237640486e+43
2.854460000000000264e+02 1.846107375952477599e+47 4.102890221255686225e+43
2.857019999999999982e+02 1.863880459286866364e+47 4.147877604536453424e+43
2.859580000000000268e+02 2.362095624350598870e+47 4.147877604536453424e+43
2.862139999999999986e+02 1.865886567525231436e+47 4.147877604536453424e+43
2.864700000000000273e+02 1.875674756487385334e+47 4.169939925316624222e+43
2.867269999999999754e+02 1.889287134805057730e+47 4.177974447301434389e+43
2.869830000000000041e+02 1.902400931711194859e+47 4.172309782796231043e+43
2.872389999999999759e+02 1.904548002323764501e+47 4.161339606976490054e+43
2.874950000000000045e+02 1.878053362439645042e+47 4.170066162745666755e+43
2.877520000000000095e+02 1.846187700198725608e+47 4.208256159698915813e+43
2.880079999999999814e+02 1.809496143077687936e+47 4.274330938326045871e+43
2.882640000000000100e+02 1.793528573208652103e+47 4.351823584889997163e+43
2.885199999999999818e+02 1.777733760126245237e+47 4.416271214152300265e+43
2.887769999999999868e+02 1.786787502280995695e+47 4.463085166381694481e+43
2.890330000000000155e+02 1.801041034187196220e+47 4.487972190916206072e+43
2.890330000000000155e+02 1.825834378271735000e+47 4.490176095794817607e+43
2.892889999999999873e+02 1.983507147018754167e+47 4.242220111611941777e+43
2.892889999999999873e+02 2.029407481639027692e+47 4.113544242246571325e+43
2.895450000000000159e+02 2.131696633636033920e+47 3.780325990683720665e+43
2.898020000000000209e+02 2.132980914164764950e+47 3.593282116033843382e+43
2.900579999999999927e+02 2.054226359375887849e+47 3.437978082024528564e+43
2.903140000000000214e+02 2.016428519820113499e+47 3.322783241621065795e+43
2.905699999999999932e+02 1.979428856523148469e+47 3.255339038969247612e+43
2.908260000000000218e+02 1.965903340261470295e+47 3.218082118057173925e+43
2.910830000000000268e+02 1.976705703452908195e+47 3.178664751313761275e+43
2.913389999999999986e+02 1.978069764390221911e+47 3.132907983293520774e+43
2.913389999999999986e+02 1.956311689019934816e+47 3.084080828946110091e+43
2.915950000000000273e+02 1.836929664010088342e+47 3.179699987072110382e+43
2.915950000000000273e+02 1.765049018271521581e+47 3.179699987072110382e+43
2.918509999999999991e+02 1.765049018271521581e+47 3.179699987072110382e+43
2.921080000000000041e+02 1.765049018271521581e+47 3.179699987072110382e+43
2.923639999999999759e+02 1.765049018271521581e+47 3.179699987072110382e+43
2.926200000000000045e+02 1.872648646080910172e+47 3.179699987072110382e+43
2.926200000000000045e+02 1.765049018271521581e+47 3.179699987072110382e+43
2.928759999999999764e+02 1.819731904846826915e+47 3.368526769277449435e+43
2.931329999999999814e+02 1.815481645002522015e+47 3.603531365159598576e+43
2.933890000000000100e+02 1.877521153571046926e+47 3.754939071046126090e+43
2.936449999999999818e+02 1.989132290058907205e+47 3.744288092016166835e+43
2.939010000000000105e+02 2.131451321298688132e+47 3.744288092016166835e+43
2.941580000000000155e+02 1.989087163471003364e+47 3.744288092016166835e+43
2.944139999999999873e+02 2.119841524891681731e+47 3.523527176441032391e+43
2.946700000000000159e+02 2.258454833195041830e+47 3.036661758867403162e+43
2.949259999999999877e+02 2.199093414344143210e+47 2.522694413589445313e+43
2.951820000000000164e+02 2.065762437435366776e+47 2.229644306083768834e+43
2.954390000000000214e+02 1.882774392525610167e+47 2.216093502789485283e+43
2.954390000000000214e+02 1.824914193322255942e+47 2.423572926405879231e+43
2.956949999999999932e+02 1.982873582470739996e+47 2.447695470897886299e+43
2.959510000000000218e+02 1.972336676662209886e+47 2.087083101666074773e+43
2.962069999999999936e+02 1.976021201164160502e+47 1.546119428745718321e+43
2.964639999999999986e+02 1.845447160746769763e+47 1.284133659218192459e+43
2.967200000000000273e+02 1.666642782538513795e+47 1.374930729886539266e+43
2.969759999999999991e+02 1.552549953193290586e+47 1.805165544082916851e+43
2.972320000000000277e+02 1.582440665923080789e+47 2.432063653449365349e+43
2.974889999999999759e+02 1.676758340997253466e+47 2.865132421797885294e+43
2.977450000000000045e+02 1.844028800822152171e+47 3.050564505046170334e+43
2.980009999999999764e+02 2.007326957089870546e+47 2.952576206746576182e+43
2.982570000000000050e+02 2.034949931352360834e+47 2.673559373653942857e+43
2.985140000000000100e+02 1.952966863712320777e+47 2.549428061429853984e+43
2.985140000000000100e+02 1.843610591339568203e+47 2.671528762560516545e+43
2.987699999999999818e+02 1.742142673411325793e+47 3.418489158041425042e+43
2.990260000000000105e+02 1.812294029258908127e+47 3.652431276274810934e+43
2.992819999999999823e+02 1.941103381145659737e+47 3.731129881741775799e+43
2.995380000000000109e+02 2.081441308863720986e+47 3.638192873427373585e+43
2.997950000000000159e+02 2.049549291800312364e+47 3.459196145120611958e+43
2.997950000000000159e+02 1.982406495185219860e+47 3.365766508179791324e+43
3.000509999999999877e+02 1.986202915428804154e+47 3.365766508179791324e+43
3.003070000000000164e+02 1.902878789000989171e+47 3.412746185873787682e+43
3.005629999999999882e+02 1.848418066420843844e+47 3.576617097046359116e+43
3.008199999999999932e+02 1.844056006307478418e+47 3.758600532083810439e+43
3.010760000000000218e+02 1.904126500331615603e+47 3.850456719547411272e+43
3.013319999999999936e+02 1.999754044165221483e+47 3.832355358081443876e+43
3.015880000000000223e+02 2.082806664392187237e+47 3.690207033140811762e+43
3.018450000000000273e+02 2.103732253370851198e+47 3.458238122388081049e+43
3.021009999999999991e+02 2.143153116107122206e+47 3.170665719546065334e+43
3.023570000000000277e+02 2.153182922901906965e+47 2.833083882971762046e+43
3.026129999999999995e+02 2.109173355811915497e+47 2.474934837206009815e+43
3.026129999999999995e+02 2.000793222969265282e+47 2.165666450666548135e+43
3.028700000000000045e+02 1.794883443893134759e+47 1.876724308251042189e+43
3.031259999999999764e+02 1.731213265361198437e+47 1.895620481795225688e+43
3.033820000000000050e+02 1.720588246031690270e+47 1.946436094504059231e+43
3.036379999999999768e+02 1.720331151460510451e+47 1.981952591681811409e+43
3.038940000000000055e+02 1.728323101172306810e+47 2.004777923415387288e+43
3.041510000000000105e+02 1.724996242096315048e+47 2.024762826902957978e+43
3.044069999999999823e+02 1.773595783660978653e+47 2.147495120443797416e+43
3.046630000000000109e+02 1.729941514209832090e+47 2.417543207583535479e+43
3.046630000000000109e+02 1.682786240303314784e+47 2.817370447283742067e+43
3.049189999999999827e+02 1.750220215819716038e+47 3.583070749655368885e+43
3.051759999999999877e+02 1.847369917080354438e+47 3.758388229996987065e+43
