6.404999999999999583e-01 1.355415353208067159e-10
1.665499999999999980e+00 1.381003432709733739e-10
2.690500000000000114e+00 1.415146579181727589e-10
3.715500000000000025e+00 1.647091327442613741e-10
4.740249999999999631e+00 1.744229575380864407e-10
5.765249999999999986e+00 1.501243527751451094e-10
6.790250000000000341e+00 1.562160142360642064e-10
7.892199999999999882e+00 1.561994329116277100e-10
8.754666666666667041e+00 1.377695228448415147e-10
9.737000000000000099e+00 1.346455661085003579e-10
1.063375000000000092e+01 1.264267038057273342e-10
1.165874999999999950e+01 1.166898465532450328e-10
1.268374999999999808e+01 1.230823852343808803e-10
1.363160000000000061e+01 1.335568159254776694e-10
1.481040000000000134e+01 1.244858472298417635e-10
1.575850000000000151e+01 1.221943355164127290e-10
1.678325000000000244e+01 1.130759613935579048e-10
1.767999999999999972e+01 1.140272281224590703e-10
1.857699999999999818e+01 1.510544510592660193e-10
1.960200000000000031e+01 1.476817451566026543e-10
2.062699999999999889e+01 1.301086840212078963e-10
2.165174999999999983e+01 1.157550504779380125e-10
2.259980000000000544e+01 1.205399519165503002e-10
2.370175000000000054e+01 1.251936563379609244e-10
2.464980000000000260e+01 1.349556021831217862e-10
2.575150000000000006e+01 1.646529472244493036e-10
2.664833333333332988e+01 1.680377309234127536e-10
2.754525000000000290e+01 1.720026839906872895e-10
2.857024999999999793e+01 1.590320796373999285e-10
2.959499999999999886e+01 1.420265712104778558e-10
3.062000000000000099e+01 1.440162139442577810e-10
3.164500000000000313e+01 1.491566887605843074e-10
3.267000000000000171e+01 1.378469831801030082e-10
3.369500000000000028e+01 1.405599764988549363e-10
3.471974999999999767e+01 1.326594725987455772e-10
3.556539999999999679e+01 1.302145759349836689e-10
3.651350000000000051e+01 1.220292711919403497e-10
3.756419999999999959e+01 1.425682040173488231e-10
3.856325000000000358e+01 1.693408447927688937e-10
3.951140000000000185e+01 1.493856744759700491e-10
4.061325000000000074e+01 1.188389939626848496e-10
4.163824999999999932e+01 1.220505697757162977e-10
4.266299999999999670e+01 1.222820368689768364e-10
4.368800000000000239e+01 1.237593499449107734e-10
4.471300000000000097e+01 1.177319578620309489e-10
4.560999999999999233e+01 1.165883364971761096e-10
4.650649999999999551e+01 1.273691801918437734e-10
4.753149999999999409e+01 1.103958144554971391e-10
4.855649999999999977e+01 1.082638962257885477e-10
4.958150000000000546e+01 1.182161537932024392e-10
5.060625000000000284e+01 1.343248069149154499e-10
5.163125000000000142e+01 1.251588357835618443e-10
5.265625000000000000e+01 1.117512997634770381e-10
5.355299999999999727e+01 1.058992756730593957e-10
5.445000000000000284e+01 1.086451273536696325e-10
5.547475000000000733e+01 1.114436764705974818e-10
5.649975000000000591e+01 1.062633925123476807e-10
5.752474999999999739e+01 1.042052250202947578e-10
5.854974999999999596e+01 1.035576635661334656e-10
5.957450000000000045e+01 1.200640895963026890e-10
6.059950000000000614e+01 1.273186638471328196e-10
6.162449999999999761e+01 1.211385347851856625e-10
6.258549999999999613e+01 1.245977205689750893e-10
6.334120000000000061e+01 1.549049529504093970e-10
6.444299999999999784e+01 1.372322263628070063e-10
6.539119999999999777e+01 1.168669776921113881e-10
6.649299999999999500e+01 1.313921064972889503e-10
6.751800000000000068e+01 1.541597225721143478e-10
6.854275000000001228e+01 1.570710382237439272e-10
6.956774999999998954e+01 1.443632467062309154e-10
7.059274999999999523e+01 1.498188126647307851e-10
7.148966666666666470e+01 1.591398004958905057e-10
7.238625000000000398e+01 1.698119041996848832e-10
7.341124999999999545e+01 1.647260184324214847e-10
7.443625000000000114e+01 1.664879078681332118e-10
7.548659999999999570e+01 1.440505052905390317e-10
7.648600000000000421e+01 1.185131796641026975e-10
7.743420000000000414e+01 1.438365784317825346e-10
7.853600000000000136e+01 1.228800653837346424e-10
7.964633333333333098e+01 1.332604974803836510e-10
8.050033333333333019e+01 1.577026852397078954e-10
8.141849999999999454e+01 1.561019408844030718e-10
8.230260000000001241e+01 1.202310017045245757e-10
8.340449999999999875e+01 1.151648667614564575e-10
8.442924999999999613e+01 1.227783298412429671e-10
8.547979999999998313e+01 1.286430318903983105e-10
8.640240000000001430e+01 1.302681201802439545e-10
8.750425000000001319e+01 1.291970735598056859e-10
8.852899999999999636e+01 1.274741077032568846e-10
8.952840000000000487e+01 1.231768233157969457e-10
9.045099999999997920e+01 1.214473562495708632e-10
9.137339999999998952e+01 1.354838766203512043e-10
9.234720000000001505e+01 1.278455040852922658e-10
9.339749999999999375e+01 1.160439014299307590e-10
9.442249999999999943e+01 1.169584440577211632e-10
9.547319999999999141e+01 1.137142766588627743e-10
9.654939999999999145e+01 1.075962721586484224e-10
9.742040000000000077e+01 1.341353752108576833e-10
9.839400000000000546e+01 1.186704385693653436e-10
9.929099999999999682e+01 1.166520580284720394e-10
1.003160000000000025e+02 1.103597608198921799e-10
1.013410000000000082e+02 1.085212357475341307e-10
1.023657499999999914e+02 1.099218745162828692e-10
1.033907499999999970e+02 1.091918865797107556e-10
1.044157500000000027e+02 1.083149689777162239e-10
1.054405000000000001e+02 1.079976266240445072e-10
1.064654999999999916e+02 1.071569063164549577e-10
1.073623333333333250e+02 1.080867033924569418e-10
1.082592500000000086e+02 1.281816132959050046e-10
1.092840000000000060e+02 1.384042308943115996e-10
1.103089999999999975e+02 1.396100218197738587e-10
1.113340000000000032e+02 1.307471628458028691e-10
1.123589999999999947e+02 1.357317631371249057e-10
1.133840000000000146e+02 1.422268469266639039e-10
1.144087499999999977e+02 1.336759072267119497e-10
1.154337500000000034e+02 1.192348580676451094e-10
1.164587500000000091e+02 1.200381985514498169e-10
1.173557500000000005e+02 1.440272756725514785e-10
1.182522499999999894e+02 1.387986464895878694e-10
1.192772500000000093e+02 1.352774953223310416e-10
1.202253999999999934e+02 1.456143317162681269e-10
1.213272499999999923e+02 1.533159370807034053e-10
1.223776000000000010e+02 1.616034421542729060e-10
1.234025999999999783e+02 1.591561007909333969e-10
1.244020000000000010e+02 1.589686967523889496e-10
1.254270000000000067e+02 1.357952942966294457e-10
1.263239999999999981e+02 1.447278931440462845e-10
1.271435999999999922e+02 1.334666861778383956e-10
1.282454999999999927e+02 1.271213549677682707e-10
1.292704999999999984e+02 1.186381093688791043e-10
1.302955000000000041e+02 1.230349023652169261e-10
1.313202500000000157e+02 1.228864633824759159e-10
1.323452499999999930e+02 1.181786912659411516e-10
1.333702499999999986e+02 1.294572294976265908e-10
1.343950000000000102e+02 1.416357568928947299e-10
1.352920000000000016e+02 1.261014581725420283e-10
1.361887499999999989e+02 1.251784335433534582e-10
1.372137500000000045e+02 1.429909526222859802e-10
1.382387499999999818e+02 1.735735938522725947e-10
1.392891999999999939e+02 1.380481124318011526e-10
1.402884999999999991e+02 1.613838426391732101e-10
1.413135000000000048e+02 1.782913477431218413e-10
1.422530000000000143e+02 1.463238468897119793e-10
1.432350000000000136e+02 1.459429969054871513e-10
1.441319999999999766e+02 1.363217335845326723e-10
1.451569999999999823e+02 1.495895576251303678e-10
1.461819999999999879e+02 1.517906735745919079e-10
1.472070000000000221e+02 1.473538341574853306e-10
1.482574000000000183e+02 1.278734162382909608e-10
1.492567499999999825e+02 1.149203039397989551e-10
1.502817499999999882e+02 1.149251382969948130e-10
1.513067499999999939e+02 1.139993588939911230e-10
1.522033333333333474e+02 1.116918329774587685e-10
1.531002500000000168e+02 1.088816604167981950e-10
1.541252499999999941e+02 1.108002288034469497e-10
1.551502499999999998e+02 1.092369856706925552e-10
1.561749999999999829e+02 1.046737255695082267e-10
1.571999999999999886e+02 1.048055584325880915e-10
1.582249999999999943e+02 1.356001782168207259e-10
1.592500000000000000e+02 1.344920350414398206e-10
1.602750000000000057e+02 1.212300943733358917e-10
1.612997499999999889e+02 1.367761812767119004e-10
1.621966666666666868e+02 1.268694857435705182e-10
1.630935000000000059e+02 1.201060235578796834e-10
1.641182499999999891e+02 1.115130516821493377e-10
1.651432499999999948e+02 1.145402379701930324e-10
1.661682500000000005e+02 1.294673543701536346e-10
1.671932500000000061e+02 1.175361121085490701e-10
1.682179999999999893e+02 1.256581676256344542e-10
1.692429999999999950e+02 1.200576907077838584e-10
1.702679999999999723e+02 1.219907543682270681e-10
1.711649999999999636e+02 1.249839946438924165e-10
1.720617499999999893e+02 1.182901365404263690e-10
1.730865000000000009e+02 1.160050539556214078e-10
1.741115000000000066e+02 1.168792147190880233e-10
1.751364999999999839e+02 1.178606446353525470e-10
1.761614999999999895e+02 1.166194436050353672e-10
1.771862500000000011e+02 1.137651016030602852e-10
1.782112500000000068e+02 1.158277994320309586e-10
1.791080000000000325e+02 1.209426263625558750e-10
1.800306000000000211e+02 1.213334155126435268e-10
1.810555999999999983e+02 1.072898328910114959e-10
1.820547499999999843e+02 1.117268405419962118e-10
1.830797499999999900e+02 1.094865389349726182e-10
1.841047500000000241e+02 1.069101047910093268e-10
1.851297500000000014e+02 1.125963429237866219e-10
1.861545000000000130e+02 1.588299563490693748e-10
1.871794999999999902e+02 1.567058539064074527e-10
1.880763333333333094e+02 1.439477982706688121e-10
1.889732500000000073e+02 1.382656191611810946e-10
1.899979999999999905e+02 1.421149373718968501e-10
1.910229999999999961e+02 1.372894952630203490e-10
1.920480000000000018e+02 1.096567351322182760e-10
1.930730000000000075e+02 1.037604381259547076e-10
1.940977499999999907e+02 1.080403424949965491e-10
1.951227499999999964e+02 1.125981633168338884e-10
1.961477500000000020e+02 1.151666822012644803e-10
1.971727500000000077e+02 1.196175572316312007e-10
1.980693333333333328e+02 1.235034509604383765e-10
1.989662499999999739e+02 1.221485715697938994e-10
1.999912500000000080e+02 1.104989775749307511e-10
2.010162500000000136e+02 1.203901198643589768e-10
2.020409999999999968e+02 1.333076094594681074e-10
2.030659999999999741e+02 1.335581081075678290e-10
2.040909999999999798e+02 1.288043536707642058e-10
2.051160000000000139e+02 1.174801657553402633e-10
2.061409999999999911e+02 1.229603118834650184e-10
2.070376666666666949e+02 1.428610498994120040e-10
2.079344999999999857e+02 1.491602710327620778e-10
2.089594999999999914e+02 1.479398352643950449e-10
2.100613999999999919e+02 1.675550301201177155e-10
2.109324000000000012e+02 1.507697078890392779e-10
2.120342500000000143e+02 1.356032384642544182e-10
2.130592499999999916e+02 1.139816941469504314e-10
2.140842499999999973e+02 1.227741268706199993e-10
2.151089999999999804e+02 1.329241271252402396e-10
2.160060000000000002e+02 1.336803595001315748e-10
2.169027500000000259e+02 1.268992687745959785e-10
2.179277500000000032e+02 1.131651806031102623e-10
2.189527500000000089e+02 1.137257728187311887e-10
2.199774999999999920e+02 1.130907062186111061e-10
2.210024999999999977e+02 1.116676210687223241e-10
2.220275000000000318e+02 1.070793261799108062e-10
2.230522499999999866e+02 1.079591891199376975e-10
2.239490000000000407e+02 1.085516117940320171e-10
2.248460000000000036e+02 1.065548665030857693e-10
2.258710000000000093e+02 1.098480501856257783e-10
2.268959999999999866e+02 1.175872032649475260e-10
2.279207499999999982e+02 1.465876404523157643e-10
2.289457500000000039e+02 1.383695515691468570e-10
2.299707500000000095e+02 1.222828062261550514e-10
2.309957499999999868e+02 1.184616476397935704e-10
2.320204999999999984e+02 1.407747833383576841e-10
2.330455000000000041e+02 1.538839080075692939e-10
2.339423333333333233e+02 1.333715776257538613e-10
2.348392499999999927e+02 1.457353970891865663e-10
2.358639999999999759e+02 1.466805247097488536e-10
2.368889999999999816e+02 1.643445234982661795e-10
2.379140000000000157e+02 1.516426622405628932e-10
2.389389999999999930e+02 1.556841976184081731e-10
2.399639999999999986e+02 1.550800382555650032e-10
2.409887499999999818e+02 1.398236272398411688e-10
2.420137499999999875e+02 1.358247244337958882e-10
2.429106666666666570e+02 1.344914752193092301e-10
2.438075000000000045e+02 1.308892857541333984e-10
2.448322500000000161e+02 1.278279471810872039e-10
2.458572499999999934e+02 1.243047618331394425e-10
2.468822499999999991e+02 1.275973088920875116e-10
2.479072500000000048e+02 1.431009743197401862e-10
2.489320000000000164e+02 1.451334601858891206e-10
2.499570000000000221e+02 1.356394580295083696e-10
2.509819999999999993e+02 1.346659820601482888e-10
2.518789999999999907e+02 1.360558227261286343e-10
2.527754999999999939e+02 1.330210618944758219e-10
2.538004999999999995e+02 1.228603641292856475e-10
2.548255000000000337e+02 1.097044432220884487e-10
2.558505000000000109e+02 1.123482522013699639e-10
2.568752499999999941e+02 1.263684367737430397e-10
2.579002500000000282e+02 1.195153758972840567e-10
2.589252500000000055e+02 1.079136873611461066e-10
2.598219999999999459e+02 1.007661447860103359e-10
2.607189999999999941e+02 9.990465985110493119e-11
2.617437499999999773e+02 9.983917084987477812e-11
2.627687500000000114e+02 1.013073093485635973e-10
2.637937500000000455e+02 1.070382568507524433e-10
2.647417999999999552e+02 1.110958396908237837e-10
2.658435000000000059e+02 1.216381311388180383e-10
2.668684999999999832e+02 1.409554138368875047e-10
2.678935000000000173e+02 1.389525882800836561e-10
2.689184999999999945e+02 1.226409189183850066e-10
2.698149999999999977e+02 1.284435208439269753e-10
2.707119999999999891e+02 1.595154186322207727e-10
2.717369999999999663e+02 1.582640201554897655e-10
2.727620000000000005e+02 1.224265178004339697e-10
2.737870000000000346e+02 1.293529899297358716e-10
2.748117500000000746e+02 1.534921828270624137e-10
2.758367499999999950e+02 1.548752974528744886e-10
2.767848000000000184e+02 1.408307592149012891e-10
2.778867500000000064e+02 1.602196546596706554e-10
2.787192499999999882e+02 1.455409805406757693e-10
2.797572000000000116e+02 1.372983489910748799e-10
2.806283999999999992e+02 1.571142805683839518e-10
2.817300000000000182e+02 1.217514856716945848e-10
2.828318000000000438e+02 1.215404523016156458e-10
2.836946666666666488e+02 1.472026437235058015e-10
2.848050000000000068e+02 1.191501588009179618e-10
2.858299999999999841e+02 1.122868193391689051e-10
2.868547500000000241e+02 1.096922627955271361e-10
2.877516666666667220e+02 1.099398373741678606e-10
2.887253999999999792e+02 1.045451315037893670e-10
2.895966000000000236e+02 1.191282717749872448e-10
2.906982500000000300e+02 1.343444729174888521e-10
2.916378333333333330e+02 1.354309217670443232e-10
2.927225999999999999e+02 1.316062852967498486e-10
2.937732499999999618e+02 1.215921810391297554e-10
2.947980000000000018e+02 1.419023492283378069e-10
2.957462000000000444e+02 1.591121511527323744e-10
2.967199999999999704e+02 1.695757281634568216e-10
2.976167500000000246e+02 1.438600083433043168e-10
2.986161999999999921e+02 1.396421587933438724e-10
2.996922000000000139e+02 1.278556653835142875e-10
3.006915000000000191e+02 1.235699947300607965e-10
3.017164999999999964e+02 1.255483059789075018e-10
3.027158000000000015e+02 1.566045262837289951e-10
3.037662500000000136e+02 1.609999823587423274e-10
3.047656000000000063e+02 1.401402978817525646e-10
