0 427.
 -43.0258512
 -43.9468853
 -44.8679193
 -45.7889534
 -46.7099874
 -47.6310216
 -48.5520556
 -49.4730896
 -50.3941236
 -51.315158
 -52.236192
 -53.157226
 -54.07826
 -54.999294
 -55.9203279
 -56.8413619
 -57.7623959
 -58.6834299
 -59.6044648
 -60.5254978
 -61.4465328
 -62.3675658
 -63.2886007
 -64.2096338
 -65.1306687
 -66.0517017
 -66.9727367
 -67.8937697
 -68.8148046
 -69.7358377
 -70.6568726
 -71.5779056
 -72.4989405
 -73.4199736
 -74.3410085
 -5.86120586
 -6.88648231
 -7.91838793
 -8.97357344
 -10.071268
 -11.2273213
 -12.4472346
 -13.7271365
 -15.0557724
 -16.4214384
 -17.8115035
 -19.2166294
 -20.6270598
 -22.0348394
 -23.4726643
 -24.9619115
 -26.7487686
 -88.4344188
 -89.573266
 -90.7586571
 -91.9341356
 -93.1337688
 -94.4508636
 -95.9043765
 -97.4992992
 -99.3662718
 -101.387121
 -104.193384
 -106.686032
 -108.48807
 -109.780594
 -110.921139
 -111.962073
 -112.996131
 -113.983245
 -114.95956
 -115.910238
 -116.855446
 -117.785712
 -118.711668
 -119.62894
 -120.543149
 -121.452466
 -122.362675
 -123.275836
 -17.5274287
 -18.1463383
 -18.7603651
 -19.3729388
 -20.0006026
 -20.6284598
 -21.275948
 -21.9506488
 -22.681117
 -23.5294993
 -24.6078413
 -23.1319042
 -21.7865179
 -20.4560112
 -19.1294411
 -17.796606
 -16.4523931
 -15.0982177
 -13.7938482
 -13.3089309
 -14.6871775
 -16.5232665
 -18.3887853
 -20.2699825
 -22.1932695
 -24.2123235
 -26.4209858
 -28.8413726
 -30.7128169
 -31.113632
 -30.7644998
 -30.9156549
 -33.2101137
 -38.5026581
 -39.997127
 -41.5675244
 -43.1507053
 -44.7642401
 -46.4213877
 -48.1265493
 -49.8823762
 -51.687287
 -53.5365193
 -55.4253159
 -57.3541012
 -59.3461635
 -61.5833444
 -64.2057434
 -66.786253
 -74.4539156
 -131.354498
 -134.423438
 -136.283344
 -137.784953
 -139.37587
 -141.922882
 -147.628355
 -151.81639
 -154.63004
 -157.401951
 -160.010344
 -162.698069
 -165.699831
 -200.
 -9.84937639
 -463.676503
 -200.013111
 -200.084842
 -200.058065
 -200.025435
 -200.178178
 -200.069851
 -200.14117
 -200.221271
 -200.079838
 -200.000001
 -200.034288
 -200.058633
 -200.157528
 -200.285933
 -200.
 -200.002798
 -200.11616
 -200.000001
 -200.004297
 -200.000001
 -200.
 -200.028826
 -200.000001
 -200.003516
 -200.
 -200.000001
 -200.000001
 -200.015779
 -200.031497
 -200.02059
 -200.022569
 -200.000002
 -200.001851
 -200.018109
 -200.000002
 -200.000002
 -200.000007
 -200.011692
 -200.000001
 -200.000002
 -200.000002
 -200.
 -200.000001
 -507.44404
 -63.0258512
 -490.800446
 -491.72148
 -492.642514
 -493.563548
 -494.484583
 -495.405617
 -496.326651
 -497.247685
 -498.168719
 -499.089753
 -500.010787
 -500.931821
 -501.852855
 -502.773889
 -503.694923
 -504.615957
 -505.536991
 -506.458026
 -507.379059
 -508.300094
 -509.221127
 -510.142162
 -511.063195
 -511.98423
 -512.905263
 -513.826298
 -514.747331
 -515.668366
 -516.589399
 -517.510434
 -518.431467
 -519.352502
 -520.273535
 -94.3410085
