6.404999999999999583e-01 2.407537640327178340e-10
1.665499999999999980e+00 2.142000993820517512e-10
2.690500000000000114e+00 2.362391443450567641e-10
3.715500000000000025e+00 2.086120109317430155e-10
4.740249999999999631e+00 1.312551448168217610e-10
5.765249999999999986e+00 1.739174244819759300e-10
6.790250000000000341e+00 2.204421121043270121e-10
7.892199999999999882e+00 1.819457929159989013e-10
8.754666666666667041e+00 2.239993518549805718e-10
9.737000000000000099e+00 2.085149146703563631e-10
1.063375000000000092e+01 2.060894964329132995e-10
1.165874999999999950e+01 2.087236400644816871e-10
1.268374999999999808e+01 2.308850382398585787e-10
1.363160000000000061e+01 2.228214588658809434e-10
1.481040000000000134e+01 2.146087112280837400e-10
1.575850000000000151e+01 2.170967348514910052e-10
1.678325000000000244e+01 1.920435202555507871e-10
1.767999999999999972e+01 2.219612761513727742e-10
1.857699999999999818e+01 2.382866280209879540e-10
1.960200000000000031e+01 1.731975735850456105e-10
2.062699999999999889e+01 1.896466732376588881e-10
2.165174999999999983e+01 2.088732306830218907e-10
2.259980000000000544e+01 2.160169945733101752e-10
2.370175000000000054e+01 2.264962574585293463e-10
2.464980000000000260e+01 2.383311110671498703e-10
2.575150000000000006e+01 2.007093240265323302e-10
2.664833333333332988e+01 1.688734158040121830e-10
2.754525000000000290e+01 1.517123419250377458e-10
2.857024999999999793e+01 1.630929925660761643e-10
2.959499999999999886e+01 2.073852803678398608e-10
3.062000000000000099e+01 2.311934450980927608e-10
3.164500000000000313e+01 2.127875396521482164e-10
3.267000000000000171e+01 2.167592402885607777e-10
3.369500000000000028e+01 2.231566795312582837e-10
3.471974999999999767e+01 2.085892071880726840e-10
3.556539999999999679e+01 2.102444368070133200e-10
3.651350000000000051e+01 2.229775425831859370e-10
3.756419999999999959e+01 2.368239177045120755e-10
3.856325000000000358e+01 1.813386587373821485e-10
3.951140000000000185e+01 1.574961157508537222e-10
4.061325000000000074e+01 2.134162799928468743e-10
4.163824999999999932e+01 2.320974826107833779e-10
4.266299999999999670e+01 2.288472513799520887e-10
4.368800000000000239e+01 2.301813978781621308e-10
4.471300000000000097e+01 1.735130300430193451e-10
4.560999999999999233e+01 7.334914183272093822e-11
4.650649999999999551e+01 1.986757061617814531e-10
4.753149999999999409e+01 1.825793785526893284e-10
4.855649999999999977e+01 1.832484889972417798e-10
4.958150000000000546e+01 2.187582869518263218e-10
5.060625000000000284e+01 2.323905133085672071e-10
5.163125000000000142e+01 2.052726771916343478e-10
5.265625000000000000e+01 1.904314667684445738e-10
5.355299999999999727e+01 1.692367746057394907e-10
5.445000000000000284e+01 1.879374529039763985e-10
5.547475000000000733e+01 1.871350559355210921e-10
5.649975000000000591e+01 1.727259196786635492e-10
5.752474999999999739e+01 1.565264077657109875e-10
5.854974999999999596e+01 1.704710563438544789e-10
5.957450000000000045e+01 2.189944072227325219e-10
6.059950000000000614e+01 2.241146702351819075e-10
6.162449999999999761e+01 2.127488049684353214e-10
6.258549999999999613e+01 2.273819687070774445e-10
6.334120000000000061e+01 2.158879107900861236e-10
6.444299999999999784e+01 1.853031301786363029e-10
6.539119999999999777e+01 2.088517936358426757e-10
6.649299999999999500e+01 2.358261343166596334e-10
6.751800000000000068e+01 2.254832033774493123e-10
6.854275000000001228e+01 1.908138985415586620e-10
6.956774999999998954e+01 2.115605506951265641e-10
7.059274999999999523e+01 2.227129649518963178e-10
7.148966666666666470e+01 2.111178168787307374e-10
7.238625000000000398e+01 1.667815795245507226e-10
7.341124999999999545e+01 1.645650425537627052e-10
7.443625000000000114e+01 1.655399980233416054e-10
7.548659999999999570e+01 1.883736332354816361e-10
7.648600000000000421e+01 2.040219820905865431e-10
7.743420000000000414e+01 1.820105430110193739e-10
7.853600000000000136e+01 1.840766648446142833e-10
7.964633333333333098e+01 2.248667509267169804e-10
8.050033333333333019e+01 1.988407313937482051e-10
8.141849999999999454e+01 1.939933707519310493e-10
8.230260000000001241e+01 1.939441109082199225e-10
8.340449999999999875e+01 2.060100866445461183e-10
8.442924999999999613e+01 2.257446193426726466e-10
8.547979999999998313e+01 2.264389573705139010e-10
8.640240000000001430e+01 2.220765103019355661e-10
8.750425000000001319e+01 2.217293429323227788e-10
8.852899999999999636e+01 2.189860539939577766e-10
8.952840000000000487e+01 2.139637233004247226e-10
9.045099999999997920e+01 2.303786835808446292e-10
9.137339999999998952e+01 2.327739176768919447e-10
9.234720000000001505e+01 2.071284795968367847e-10
9.339749999999999375e+01 2.139636224433321157e-10
9.442249999999999943e+01 2.260706098138257916e-10
9.547319999999999141e+01 1.953678511772065407e-10
9.654939999999999145e+01 1.887388773833771244e-10
9.742040000000000077e+01 1.925272506253067272e-10
9.839400000000000546e+01 2.160795400827962666e-10
9.929099999999999682e+01 2.022107559580950971e-10
1.003160000000000025e+02 1.848158627397583659e-10
1.013410000000000082e+02 1.945910077596999322e-10
1.023657499999999914e+02 2.089071397629858283e-10
1.033907499999999970e+02 2.089071397629858283e-10
1.044157500000000027e+02 1.930530820505699488e-10
1.054405000000000001e+02 2.067467003063305377e-10
1.064654999999999916e+02 1.884299024919913093e-10
1.073623333333333250e+02 1.899404586244842798e-10
1.082592500000000086e+02 2.340394734585626685e-10
1.092840000000000060e+02 2.294837609777643368e-10
1.103089999999999975e+02 2.177808787607782746e-10
1.113340000000000032e+02 2.135812520444640078e-10
1.123589999999999947e+02 2.341342951563601430e-10
1.133840000000000146e+02 2.204909751275394437e-10
1.144087499999999977e+02 2.063873718629694722e-10
1.154337500000000034e+02 2.052100455553079310e-10
1.164587500000000091e+02 2.266214502934108493e-10
1.173557500000000005e+02 2.411386088495188106e-10
1.182522499999999894e+02 2.264087629085267360e-10
1.192772500000000093e+02 2.225505051763617282e-10
1.202253999999999934e+02 2.216207238612444434e-10
1.213272499999999923e+02 2.265886317634808369e-10
1.223776000000000010e+02 1.754253711017083755e-10
1.234025999999999783e+02 2.010774360098008608e-10
1.244020000000000010e+02 1.774455142686511252e-10
1.254270000000000067e+02 2.158883176058792914e-10
1.263239999999999981e+02 2.187627193218603983e-10
1.271435999999999922e+02 2.121516017610984966e-10
1.282454999999999927e+02 2.136250306747297556e-10
1.292704999999999984e+02 2.097932100131834867e-10
1.302955000000000041e+02 2.224632813108824697e-10
1.313202500000000157e+02 2.159951879531141281e-10
1.323452499999999930e+02 2.180313162400471733e-10
1.333702499999999986e+02 2.382126623844689952e-10
1.343950000000000102e+02 2.109747053492382829e-10
1.352920000000000016e+02 2.112746298212909455e-10
1.361887499999999989e+02 2.265142792169405200e-10
1.372137500000000045e+02 2.504763664376243296e-10
1.382387499999999818e+02 1.384500661761838322e-10
1.392891999999999939e+02 1.890036803288697683e-10
1.402884999999999991e+02 2.279508443258568628e-10
1.413135000000000048e+02 1.180133973886000727e-10
1.422530000000000143e+02 1.964270792002655584e-10
1.432350000000000136e+02 2.096662076789696209e-10
1.441319999999999766e+02 2.178950399088972981e-10
1.451569999999999823e+02 2.344842899014287467e-10
1.461819999999999879e+02 2.036043257695632781e-10
1.472070000000000221e+02 2.085524219168395090e-10
1.482574000000000183e+02 1.926808612274963819e-10
1.492567499999999825e+02 2.105079214835958557e-10
1.502817499999999882e+02 2.105079214835958557e-10
1.513067499999999939e+02 2.105079214835958557e-10
1.522033333333333474e+02 1.978130638025547257e-10
1.531002500000000168e+02 2.080810436518677288e-10
1.541252499999999941e+02 2.251432443899429664e-10
1.551502499999999998e+02 2.080810436518677288e-10
1.561749999999999829e+02 1.475296823698796697e-10
1.571999999999999886e+02 8.752433842478660490e-11
1.582249999999999943e+02 2.312055071142532299e-10
1.592500000000000000e+02 2.094543401115209643e-10
1.602750000000000057e+02 2.168893812836258193e-10
1.612997499999999889e+02 2.291275606161649012e-10
1.621966666666666868e+02 2.144216078356623657e-10
1.630935000000000059e+02 2.107378043872255653e-10
1.641182499999999891e+02 1.889356722490984153e-10
1.651432499999999948e+02 2.074283322827929871e-10
1.661682500000000005e+02 2.236189066180278146e-10
1.671932500000000061e+02 2.046704524040191078e-10
1.682179999999999893e+02 2.242016507424673864e-10
1.692429999999999950e+02 2.179389492670718624e-10
1.702679999999999723e+02 2.204187686029012260e-10
1.711649999999999636e+02 2.198126286482308984e-10
1.720617499999999893e+02 2.066037399874039036e-10
1.730865000000000009e+02 2.056889491598174176e-10
1.741115000000000066e+02 2.074849510073618676e-10
1.751364999999999839e+02 2.111531262765978206e-10
1.761614999999999895e+02 2.054806255362287402e-10
1.771862500000000011e+02 1.997173618181485286e-10
1.782112500000000068e+02 2.096686630381749235e-10
1.791080000000000325e+02 2.190007225829634561e-10
1.800306000000000211e+02 2.130395258083071417e-10
1.810555999999999983e+02 1.885316925212763893e-10
1.820547499999999843e+02 1.938073120779424116e-10
1.830797499999999900e+02 1.961425079988085830e-10
1.841047500000000241e+02 1.903658181912518999e-10
1.851297500000000014e+02 2.083460703806450234e-10
1.861545000000000130e+02 2.252145141842071238e-10
1.871794999999999902e+02 1.752054439201274806e-10
1.880763333333333094e+02 2.042410766857249840e-10
1.889732500000000073e+02 2.217368811924793749e-10
1.899979999999999905e+02 2.280656747207487996e-10
1.910229999999999961e+02 2.101139693901036201e-10
1.920480000000000018e+02 1.670608344839428117e-10
1.930730000000000075e+02 1.757864111738378450e-10
1.940977499999999907e+02 1.808741596261674986e-10
1.951227499999999964e+02 1.954282445258318508e-10
1.961477500000000020e+02 2.083679690136762526e-10
1.971727500000000077e+02 2.135718102618066868e-10
1.980693333333333328e+02 2.260191072599132994e-10
1.989662499999999739e+02 2.053357145367500868e-10
1.999912500000000080e+02 1.881728303697241946e-10
2.010162500000000136e+02 2.225593808470691711e-10
2.020409999999999968e+02 2.294486676128578116e-10
2.030659999999999741e+02 2.234568326841878419e-10
2.040909999999999798e+02 2.148682056605094008e-10
2.051160000000000139e+02 2.074154054249726699e-10
2.061409999999999911e+02 2.326373171027583530e-10
2.070376666666666949e+02 2.433380401443619542e-10
2.079344999999999857e+02 2.048622499625726079e-10
2.089594999999999914e+02 2.298503838597768355e-10
2.100613999999999919e+02 1.784541077034374568e-10
2.109324000000000012e+02 2.047141363245020686e-10
2.120342500000000143e+02 1.860197431792641086e-10
2.130592499999999916e+02 1.928743708909997724e-10
2.140842499999999973e+02 2.255964886751118485e-10
2.151089999999999804e+02 2.262361414807458956e-10
2.160060000000000002e+02 2.163597116806007290e-10
2.169027500000000259e+02 2.125736684289047218e-10
2.179277500000000032e+02 1.929272107735155689e-10
2.189527500000000089e+02 2.001445876232508500e-10
2.199774999999999920e+02 2.029290597382898164e-10
2.210024999999999977e+02 1.975474248196367172e-10
2.220275000000000318e+02 1.898566400451897589e-10
2.230522499999999866e+02 2.070393610411086043e-10
2.239490000000000407e+02 2.184867334032269296e-10
2.248460000000000036e+02 1.917007318864474925e-10
2.258710000000000093e+02 2.128849450884848001e-10
2.268959999999999866e+02 2.184498514335034941e-10
2.279207499999999982e+02 2.323871760446353733e-10
2.289457500000000039e+02 1.983630694565894372e-10
2.299707500000000095e+02 1.990459905261766951e-10
2.309957499999999868e+02 2.220942423208081826e-10
2.320204999999999984e+02 2.461025475694209090e-10
2.330455000000000041e+02 1.958938291538808377e-10
2.339423333333333233e+02 2.077771407029309070e-10
2.348392499999999927e+02 2.346458029436714812e-10
2.358639999999999759e+02 2.174122355207623917e-10
2.368889999999999816e+02 1.962672939453997333e-10
2.379140000000000157e+02 1.887379586338527705e-10
2.389389999999999930e+02 2.149103416076178175e-10
2.399639999999999986e+02 1.973655218471026941e-10
2.409887499999999818e+02 1.979046579246280751e-10
2.420137499999999875e+02 1.977146747353967859e-10
2.429106666666666570e+02 2.061657421562959657e-10
2.438075000000000045e+02 2.079128142650917844e-10
2.448322500000000161e+02 2.160595021933664558e-10
2.458572499999999934e+02 2.198245902149603015e-10
2.468822499999999991e+02 2.310756561656347927e-10
2.479072500000000048e+02 2.360498075700442556e-10
2.489320000000000164e+02 2.110410927876159816e-10
2.499570000000000221e+02 2.016386679497372179e-10
2.509819999999999993e+02 2.038228870148084389e-10
2.518789999999999907e+02 2.059236851435082100e-10
2.527754999999999939e+02 2.060479546166245505e-10
2.538004999999999995e+02 1.562767015715150126e-10
2.548255000000000337e+02 8.870535968729418571e-11
2.558505000000000109e+02 1.909130979012571833e-10
2.568752499999999941e+02 2.267641541382021390e-10
2.579002500000000282e+02 2.052681171178688407e-10
2.589252500000000055e+02 1.713261420542296512e-10
2.598219999999999459e+02 1.457710376418638005e-10
2.607189999999999941e+02 1.380682187460104259e-10
2.617437499999999773e+02 1.342882949318227532e-10
2.627687500000000114e+02 1.523789447956742393e-10
2.637937500000000455e+02 1.798554413221961914e-10
2.647417999999999552e+02 1.948340951133264899e-10
2.658435000000000059e+02 2.208341468262979888e-10
2.668684999999999832e+02 2.384865891219819829e-10
2.678935000000000173e+02 2.077402652092708167e-10
2.689184999999999945e+02 2.134781981488842927e-10
2.698149999999999977e+02 2.341974904642043134e-10
2.707119999999999891e+02 2.274663044148356038e-10
2.717369999999999663e+02 1.576637730703420193e-10
2.727620000000000005e+02 1.939962102941441319e-10
2.737870000000000346e+02 2.377997779364311279e-10
2.748117500000000746e+02 2.180703077695538399e-10
2.758367499999999950e+02 2.005493682101264859e-10
2.767848000000000184e+02 2.238318440553243943e-10
2.778867500000000064e+02 1.726535709480738077e-10
2.787192499999999882e+02 1.829579461858981904e-10
2.797572000000000116e+02 2.287699830679148615e-10
2.806283999999999992e+02 1.949088229866677626e-10
2.817300000000000182e+02 1.861167190055077293e-10
2.828318000000000438e+02 2.250730165661192195e-10
2.836946666666666488e+02 1.892746404732851387e-10
2.848050000000000068e+02 2.001150311761941076e-10
2.858299999999999841e+02 2.031128400645731516e-10
2.868547500000000241e+02 1.896468418379616366e-10
2.877516666666667220e+02 1.830062564577170641e-10
2.887253999999999792e+02 1.651994810805652847e-10
2.895966000000000236e+02 2.155581345862454654e-10
2.906982500000000300e+02 2.306371230700461369e-10
2.916378333333333330e+02 2.155241323345011671e-10
2.927225999999999999e+02 2.096580706301149261e-10
2.937732499999999618e+02 2.195619217947710361e-10
2.947980000000000018e+02 2.445536659521331595e-10
2.957462000000000444e+02 2.080256929403991743e-10
2.967199999999999704e+02 1.473890580636765769e-10
2.976167500000000246e+02 1.929862909263556272e-10
2.986161999999999921e+02 2.127860363316863544e-10
2.996922000000000139e+02 2.271840468468168015e-10
3.006915000000000191e+02 2.106603259548403008e-10
3.017164999999999964e+02 2.322048611484024752e-10
3.027158000000000015e+02 2.166095806023846445e-10
3.037662500000000136e+02 1.795539852111797107e-10
3.047656000000000063e+02 1.891592344011864549e-10
