6.404999999999999583e-01 1.027993767340274076e-10
1.665499999999999980e+00 9.775422810503323216e-11
2.690500000000000114e+00 1.050881943718172203e-10
3.715500000000000025e+00 1.047412413369101892e-10
4.740249999999999631e+00 7.773592228643389822e-11
5.765249999999999986e+00 8.614198685412836874e-11
6.790250000000000341e+00 1.055305172691815326e-10
7.892199999999999882e+00 9.225669085880353548e-11
8.754666666666667041e+00 9.991593003758574806e-11
9.737000000000000099e+00 9.380797927947844095e-11
1.063375000000000092e+01 9.017150834510007650e-11
1.165874999999999950e+01 8.522710907423672415e-11
1.268374999999999808e+01 9.423417197359993467e-11
1.363160000000000061e+01 9.685330608144883250e-11
1.481040000000000134e+01 9.237791695348306015e-11
1.575850000000000151e+01 9.175423695501139424e-11
1.678325000000000244e+01 7.792138391815755952e-11
1.767999999999999972e+01 8.718232251351449893e-11
1.857699999999999818e+01 1.064022883289947694e-10
1.960200000000000031e+01 8.648346417270205542e-11
2.062699999999999889e+01 8.697090374480886435e-11
2.165174999999999983e+01 8.550921092596544886e-11
2.259980000000000544e+01 8.927195044682756742e-11
2.370175000000000054e+01 9.528315349955232158e-11
2.464980000000000260e+01 1.027584741525626593e-10
2.575150000000000006e+01 1.011689293958846282e-10
2.664833333333332988e+01 9.071428113609037692e-11
2.754525000000000290e+01 8.555277654579412881e-11
2.857024999999999793e+01 8.530729862841687090e-11
2.959499999999999886e+01 9.671609410072703406e-11
3.062000000000000099e+01 1.045744744791360769e-10
3.164500000000000313e+01 1.011145607578626147e-10
3.267000000000000171e+01 9.869969201218559404e-11
3.369500000000000028e+01 1.005669433091206206e-10
3.471974999999999767e+01 9.354085321644115398e-11
3.556539999999999679e+01 9.317902386204381306e-11
3.651350000000000051e+01 9.409790611360217721e-11
3.756419999999999959e+01 1.048225972363830155e-10
3.856325000000000358e+01 9.645370416897833562e-11
3.951140000000000185e+01 8.065177852472930417e-11
4.061325000000000074e+01 8.933124352592637418e-11
4.163824999999999932e+01 9.566257290572246581e-11
4.266299999999999670e+01 9.431914312465648670e-11
4.368800000000000239e+01 9.531641244586151399e-11
4.471300000000000097e+01 7.217995134593814494e-11
4.560999999999999233e+01 2.897133454350121443e-11
4.650649999999999551e+01 8.466679798647287303e-11
4.753149999999999409e+01 7.375742522493683211e-11
4.855649999999999977e+01 6.979401743701673108e-11
4.958150000000000546e+01 8.719310732449208638e-11
5.060625000000000284e+01 9.988536755399609653e-11
5.163125000000000142e+01 8.943130006958488480e-11
5.265625000000000000e+01 7.656608855548294662e-11
5.355299999999999727e+01 6.488337988944148143e-11
5.445000000000000284e+01 7.084637903921405104e-11
5.547475000000000733e+01 7.407168100119239726e-11
5.649975000000000591e+01 6.533194933055967692e-11
5.752474999999999739e+01 5.834406214460343140e-11
5.854974999999999596e+01 6.170839746844654450e-11
5.957450000000000045e+01 8.733429259184557611e-11
6.059950000000000614e+01 9.577300029715036210e-11
6.162449999999999761e+01 9.001398831172061902e-11
6.258549999999999613e+01 9.483822496201321209e-11
6.334120000000000061e+01 1.030320732566510409e-10
6.444299999999999784e+01 8.817478121289124626e-11
6.539119999999999777e+01 8.604898641110794915e-11
6.649299999999999500e+01 9.966778418663713998e-11
6.751800000000000068e+01 1.060003651912504065e-10
6.854275000000001228e+01 9.614244845875958426e-11
6.956774999999998954e+01 9.936070442265546826e-11
7.059274999999999523e+01 1.042095613788684758e-10
7.148966666666666470e+01 1.040079674355077432e-10
7.238625000000000398e+01 9.130571653291577680e-11
7.341124999999999545e+01 8.771494151741826478e-11
7.443625000000000114e+01 8.945047762486089046e-11
7.548659999999999570e+01 9.073944469942063190e-11
7.648600000000000421e+01 8.613052409245153057e-11
7.743420000000000414e+01 8.624942477319701221e-11
7.853600000000000136e+01 8.226155357014840945e-11
7.964633333333333098e+01 9.630647349054308770e-11
8.050033333333333019e+01 9.850081105482451518e-11
8.141849999999999454e+01 9.672063672228304274e-11
8.230260000000001241e+01 8.325610980480227645e-11
8.340449999999999875e+01 8.288370789588990801e-11
8.442924999999999613e+01 9.296245486354580141e-11
8.547979999999998313e+01 9.557362626803651535e-11
8.640240000000001430e+01 9.463802831044580299e-11
8.750425000000001319e+01 9.449326854694941250e-11
8.852899999999999636e+01 9.372855869953615270e-11
8.952840000000000487e+01 9.068062447973835222e-11
9.045099999999997920e+01 9.468648116696406972e-11
9.137339999999998952e+01 1.002179807129100839e-10
9.234720000000001505e+01 9.102692137333899429e-11
9.339749999999999375e+01 8.899614182033143253e-11
9.442249999999999943e+01 9.403592980797139925e-11
9.547319999999999141e+01 8.040717542660263384e-11
9.654939999999999145e+01 7.354628216697078151e-11
9.742040000000000077e+01 8.787427333155128988e-11
9.839400000000000546e+01 8.945673488785955360e-11
9.929099999999999682e+01 8.324233334120584820e-11
1.003160000000000025e+02 7.261537351872864720e-11
1.013410000000000082e+02 7.410882422572838309e-11
1.023657499999999914e+02 7.935336388081022008e-11
1.033907499999999970e+02 7.935336388081022008e-11
1.044157500000000027e+02 7.326989750175360190e-11
1.054405000000000001e+02 7.835724616424036960e-11
1.064654999999999916e+02 7.144169182539929331e-11
1.073623333333333250e+02 7.178981313277158119e-11
1.082592500000000086e+02 9.550887413994262063e-11
1.092840000000000060e+02 1.015777473001062425e-10
1.103089999999999975e+02 9.870728777975863747e-11
1.113340000000000032e+02 9.425927601902657734e-11
1.123589999999999947e+02 1.015001316146697995e-10
1.133840000000000146e+02 1.007010848879559285e-10
1.144087499999999977e+02 9.328177166719352419e-11
1.154337500000000034e+02 8.698650794680750644e-11
1.164587500000000091e+02 9.283631810278656802e-11
1.173557500000000005e+02 1.063145431808474130e-10
1.182522499999999894e+02 1.015032364104014528e-10
1.192772500000000093e+02 9.881398576391515000e-11
1.202253999999999934e+02 1.024157164651488768e-10
1.213272499999999923e+02 1.072652947721125423e-10
1.223776000000000010e+02 9.162787730617337532e-11
1.234025999999999783e+02 1.005462261863757186e-10
1.244020000000000010e+02 9.129463533141316538e-11
1.254270000000000067e+02 9.684769202666992422e-11
1.263239999999999981e+02 1.006099055762201722e-10
1.271435999999999922e+02 9.503699138780300592e-11
1.282454999999999927e+02 9.297474839101995048e-11
1.292704999999999984e+02 8.753355673552156068e-11
1.302955000000000041e+02 9.238409936922710061e-11
1.313202500000000157e+02 9.146457704205870819e-11
1.323452499999999930e+02 8.988852844888116834e-11
1.333702499999999986e+02 9.944580459492390725e-11
1.343950000000000102e+02 9.719308771876510726e-11
1.352920000000000016e+02 9.227361084663624776e-11
1.361887499999999989e+02 9.661637337133890764e-11
1.372137500000000045e+02 1.097510610582767297e-10
1.382387499999999818e+02 7.910553967700150245e-11
1.392891999999999939e+02 8.753211643689684436e-11
1.402884999999999991e+02 1.088739599252407276e-10
1.413135000000000048e+02 7.185110630671488244e-11
1.422530000000000143e+02 9.272800294335137910e-11
1.432350000000000136e+02 9.892963367272341528e-11
1.441319999999999766e+02 9.808336167379998223e-11
1.451569999999999823e+02 1.074879819049200413e-10
1.461819999999999879e+02 9.923498954083913866e-11
1.472070000000000221e+02 9.943953968802343005e-11
1.482574000000000183e+02 8.684226532091475107e-11
1.492567499999999825e+02 8.750292738869682082e-11
1.502817499999999882e+02 8.750292738869682082e-11
1.513067499999999939e+02 8.750292738869682082e-11
1.522033333333333474e+02 8.001107613219875595e-11
1.531002500000000168e+02 8.177510947296635324e-11
1.541252499999999941e+02 8.848289897225454065e-11
1.551502499999999998e+02 8.177510947296635324e-11
1.561749999999999829e+02 5.797743735509305309e-11
1.571999999999999886e+02 3.240265653008570714e-11
1.582249999999999943e+02 9.687174179311156418e-11
1.592500000000000000e+02 9.432617260536659880e-11
1.602750000000000057e+02 9.059847915918365503e-11
1.612997499999999889e+02 9.937574973628816381e-11
1.621966666666666868e+02 9.337973352507208629e-11
1.630935000000000059e+02 8.907437956726108693e-11
1.641182499999999891e+02 7.543796761735492430e-11
1.651432499999999948e+02 8.114535869553620862e-11
1.661682500000000005e+02 9.441303897147054388e-11
1.671932500000000061e+02 8.478870092057984823e-11
1.682179999999999893e+02 9.416624559954078595e-11
1.692429999999999950e+02 9.146959445059228591e-11
1.702679999999999723e+02 9.184916382262300216e-11
1.711649999999999636e+02 9.320568600553810160e-11
1.720617499999999893e+02 8.644959681083003916e-11
1.730865000000000009e+02 8.308390353654434209e-11
1.741115000000000066e+02 8.412934816852771937e-11
1.751364999999999839e+02 8.604304141002466533e-11
1.761614999999999895e+02 8.409749189299270952e-11
1.771862500000000011e+02 8.017621707699127836e-11
1.782112500000000068e+02 8.401489972083237290e-11
1.791080000000000325e+02 8.998604449988173125e-11
1.800306000000000211e+02 8.924582187641031846e-11
1.810555999999999983e+02 7.362188710741923553e-11
1.820547499999999843e+02 7.455823754818154458e-11
1.830797499999999900e+02 7.671225809140235644e-11
1.841047500000000241e+02 7.288558865264892097e-11
1.851297500000000014e+02 8.007179361783330568e-11
1.861545000000000130e+02 1.049962680633358012e-10
1.871794999999999902e+02 8.985538773424625677e-11
1.880763333333333094e+02 9.656313672885077231e-11
1.889732500000000073e+02 9.978876584338982720e-11
1.899979999999999905e+02 1.026259786753200007e-10
1.910229999999999961e+02 9.579298923313830905e-11
1.920480000000000018e+02 6.860555761561346438e-11
1.930730000000000075e+02 6.414683992258232241e-11
1.940977499999999907e+02 6.674434018667078418e-11
1.951227499999999964e+02 7.675719064541539708e-11
1.961477500000000020e+02 8.251973359216398020e-11
1.971727500000000077e+02 8.824503521170666942e-11
1.980693333333333328e+02 9.390790437726819209e-11
1.989662499999999739e+02 8.679767291646736716e-11
1.999912500000000080e+02 7.388197030737877200e-11
2.010162500000000136e+02 8.923272956665367143e-11
2.020409999999999968e+02 9.831140644461572327e-11
2.030659999999999741e+02 9.751623426153812144e-11
2.040909999999999798e+02 9.340153005595190518e-11
2.051160000000000139e+02 8.634645789438914829e-11
2.061409999999999911e+02 9.524890326530421059e-11
2.070376666666666949e+02 1.060691226086955094e-10
2.079344999999999857e+02 9.858101204955455495e-11
2.089594999999999914e+02 1.060739364169143178e-10
2.100613999999999919e+02 9.449994936874516139e-11
2.109324000000000012e+02 9.797796651275656573e-11
2.120342500000000143e+02 8.764521775894293024e-11
2.130592499999999916e+02 7.897951329809316296e-11
2.140842499999999973e+02 9.167112960824656212e-11
2.151089999999999804e+02 9.759440706560192394e-11
2.160060000000000002e+02 9.451769524179500761e-11
2.169027500000000259e+02 9.220912599298904676e-11
2.179277500000000032e+02 7.897269402069579145e-11
2.189527500000000089e+02 7.893564678186654194e-11
2.199774999999999920e+02 8.065870030634619286e-11
2.210024999999999977e+02 7.762420165559709148e-11
2.220275000000000318e+02 7.258905883228229153e-11
2.230522499999999866e+02 7.867118805576029577e-11
2.239490000000000407e+02 8.302262276700808535e-11
2.248460000000000036e+02 7.274313796757545160e-11
2.258710000000000093e+02 8.038803573859527155e-11
2.268959999999999866e+02 8.546432790648299130e-11
2.279207499999999982e+02 1.043510560596267158e-10
2.289457500000000039e+02 9.270496598671631730e-11
2.299707500000000095e+02 8.643152717085579863e-11
2.309957499999999868e+02 9.010004039971978134e-11
2.320204999999999984e+02 1.057820443117383031e-10
2.330455000000000041e+02 9.668358720875810957e-11
2.339423333333333233e+02 9.389488311084413390e-11
2.348392499999999927e+02 1.053333185226394674e-10
2.358639999999999759e+02 1.021436606520106957e-10
2.368889999999999816e+02 1.000354288289099451e-10
2.379140000000000157e+02 9.332806649893489609e-11
2.389389999999999930e+02 1.037965855609414228e-10
2.399639999999999986e+02 9.847864713348326607e-11
2.409887499999999818e+02 9.280821128643317687e-11
2.420137499999999875e+02 9.104825296211060877e-11
2.429106666666666570e+02 9.339195188668749012e-11
2.438075000000000045e+02 9.296016697980219541e-11
2.448322500000000161e+02 9.454350148308256597e-11
2.458572499999999934e+02 9.398919477153886430e-11
2.468822499999999991e+02 9.788189726955226565e-11
2.479072500000000048e+02 1.050233202653655958e-10
2.489320000000000164e+02 9.911218518611253137e-11
2.499570000000000221e+02 9.226164239235520125e-11
2.509819999999999993e+02 9.325667454719352250e-11
2.518789999999999907e+02 9.420825221381405460e-11
2.527754999999999939e+02 9.324891779938967319e-11
2.538004999999999995e+02 6.995815934481795467e-11
2.548255000000000337e+02 3.498500778376159854e-11
2.558505000000000109e+02 7.461071248198597958e-11
2.568752499999999941e+02 9.354788104439024772e-11
2.579002500000000282e+02 8.685564581154662526e-11
2.589252500000000055e+02 6.726978513797410363e-11
2.598219999999999459e+02 5.312281045669015779e-11
2.607189999999999941e+02 4.838258696986408405e-11
2.617437499999999773e+02 4.626173039647890625e-11
2.627687500000000114e+02 5.353830232072155521e-11
2.637937500000000455e+02 6.686659052139101062e-11
2.647417999999999552e+02 7.539518997685832501e-11
2.658435000000000059e+02 8.985414789063803322e-11
2.668684999999999832e+02 1.044469290438334927e-10
2.678935000000000173e+02 9.569318744602637726e-11
2.689184999999999945e+02 9.155080992233620509e-11
2.698149999999999977e+02 9.860303263194035155e-11
2.707119999999999891e+02 1.076749556024983110e-10
2.717369999999999663e+02 8.330810579294674051e-11
2.727620000000000005e+02 8.522964396653755924e-11
2.737870000000000346e+02 9.893405631748363203e-11
2.748117500000000746e+02 1.037776685982501325e-10
2.758367499999999950e+02 9.942264421942654240e-11
2.767848000000000184e+02 1.011502874382603334e-10
2.778867500000000064e+02 8.924753902314585430e-11
2.787192499999999882e+02 8.884800658036643038e-11
2.797572000000000116e+02 1.005834023321945474e-10
2.806283999999999992e+02 9.637036950692729752e-11
2.817300000000000182e+02 8.239259058789147367e-11
2.828318000000000438e+02 9.227350068976449594e-11
2.836946666666666488e+02 9.184018903721284162e-11
2.848050000000000068e+02 8.522675425043965756e-11
2.858299999999999841e+02 8.095671453438248357e-11
2.868547500000000241e+02 7.392711561658690920e-11
2.877516666666667220e+02 7.080539262930197671e-11
2.887253999999999792e+02 6.221313223267167241e-11
2.895966000000000236e+02 8.547512029426981210e-11
2.906982500000000300e+02 9.918898146175582677e-11
2.916378333333333330e+02 9.561447927629066824e-11
2.927225999999999999e+02 9.284744766458987588e-11
2.937732499999999618e+02 9.304800325303614746e-11
2.947980000000000018e+02 1.070413397024209321e-10
2.957462000000000444e+02 1.030386282121197115e-10
2.967199999999999704e+02 8.308089186927767205e-11
2.976167500000000246e+02 9.188548241850142773e-11
2.986161999999999921e+02 9.763414303729613630e-11
2.996922000000000139e+02 9.630162425010126359e-11
3.006915000000000191e+02 8.979473021623342389e-11
3.017164999999999964e+02 9.679114455399733667e-11
3.027158000000000015e+02 1.032562407884018570e-10
3.037662500000000136e+02 9.283467389811749618e-11
3.047656000000000063e+02 8.984894738139976964e-11
