7.848926347008748	-43.4222639243316
7.95344644751126	-42.899663489388885
8.057966548013773	-42.3770630728218
8.162486648516285	-41.854462679585446
8.267006749018798	-41.33186231607328
8.37152684952131	-40.809261990412026
8.476046950023823	-40.28666171287369
8.580567050526335	-39.76406149654488
8.685087151028847	-39.24146135809022
8.789607251531361	-38.71886131869448
8.894127352033873	-38.19626140530471
8.998647452536385	-37.67366165220945
9.1031675530389	-37.15106210303194
9.207687653541411	-36.62846281325357
9.312207754043923	-36.10586385345301
9.416727854546437	-35.58326531342544
9.521247955048949	-35.06066730737765
9.625768055551461	-34.538069980610814
9.730288156053973	-34.015473517952486
9.834808256556487	-33.49287815452156
9.939328357058999	-32.97028418941603
10.043848457561513	-32.44769200311055
10.148368558064025	-31.925102079608717
10.252888658566537	-31.40251503460593
10.357408759069049	-30.87993165132399
10.461928859571561	-30.357352926090776
10.566448960074075	-29.83478012632314
10.670969060576587	-29.31221486428464
10.7754891610791	-28.789659190907013
10.880009261581613	-28.26711571513798
10.984529362084125	-27.744587755752768
11.089049462586637	-27.222079534458956
11.19356956308915	-26.699596421523786
11.298089663591663	-26.177145248197952
11.402609764094175	-25.654734704091332
11.507129864596688	-25.132375842578135
11.6116499650992	-24.61008272356789
11.716170065601712	-24.087873230923982
11.820690166104225	-23.56577011189781
11.925210266606738	-23.043802298739415
12.02973036710925	-22.522006588862567
12.134250467611764	-22.000429780475734
12.238770568114276	-21.479131386557583
12.343290668616788	-20.958187082840716
12.4478107691193	-20.437693086770246
12.552330869621812	-19.91777171629557
12.656850970124326	-19.398578442312
12.76137107062684	-18.880310829500807
12.865891171129352	-18.36321986051562
12.970411271631864	-17.84762426147652
13.074931372134376	-17.33392859602577
13.179451472636888	-16.822646073503662
13.283971573139402	-16.314427224909693
13.388491673641914	-15.810095834951362
13.493011774144428	-15.310693768765084
13.59753187464694	-14.817536573580462
13.702051975149452	-14.332281922326949
13.806572075651964	-13.857013017167837
13.911092176154476	-13.394338856651046
14.01561227665699	-12.94751260398504
14.120132377159504	-12.520567956259242
14.224652477662016	-12.118471280355784
14.329172578164528	-11.747284719173898
14.43369267866704	-11.414334331552254
14.538212779169552	-11.128382889862046
14.642732879672065	-10.899830349062945
14.747252980174578	-10.741021676211155
14.851773080677091	-10.66683314691631
14.956293181179603	-10.695775617778743
15.060813281682115	-10.851756612239946
15.165333382184627	-11.166326269962617
15.26985348268714	-11.68101415394694
15.374373583189653	-12.449669404820483
15.478893683692165	-13.541252700347634
15.58341378419468	-15.0436118707295
15.687933884697191	-17.068516215203367
15.792453985199703	-19.758148465482435
15.896974085702215	-23.29337884091799
16.00149418620473	-27.904291737740643
16.106014286707243	-33.883576739936146
16.210534387209755	-41.603563279559545
16.315054487712267	-51.53789037063579
16.41957458821478	-64.28907260452561
16.52409468871729	-80.62356675960618
16.628614789219803	-101.51637991710531
16.733134889722315	-128.2078152947158
16.837654990224827	-162.27565843004007
16.942175090727343	-205.72700498094233
17.046695191229855	-261.1150745604856
17.151215291732367	-331.68780922215177
17.25573539223488	-421.57690509141213
17.360255492737394	-536.0382788663313
17.464775593239906	-681.7579644414781
17.56929569374242	-867.2412429709196
17.67381579424493	-1103.3076539081508
17.778335894747443	-1403.720696879474
17.882855995249955	-1785.9888733121243
17.987376095752467	-2272.3846887861164
18.09189619625498	-2891.2409224871953
18.19641629675749	-3678.599607203533
18.300936397260003	-4680.309691214656
18.40545649776252	-5954.695466901468
18.50997659826503	-7575.951069775873
18.614496698767542	-9638.458609241226
18.719016799270058	-12262.281248160212
18.82353689977257	-15600.150930835629
18.928057000275082	-19846.357448193892
19.032577100777594	-25248.056187606824
19.137097201280106	-32119.652683279637
19.241617301782618	-40861.10115425726
19.34613740228513	-51981.182012869634
19.450657502787642	-66127.11310467037
19.555177603290154	-84122.21806683611
19.659697703792666	-107013.84411976594
19.764217804295182	-136134.3181280691
19.868737904797694	-173178.48860003747
19.973258005300206	-220302.36660350062
20.07777810580272	-280248.60654199944
20.182298206305234	-356506.12982669566
20.286818306807746	-453513.18161074125
20.391338407310258	-576915.6385758073
20.49585850781277	-733895.6013956185
20.600378608315282	-933589.3960999401
20.704898708817794	-1187619.3121990643
20.809418809320306	-1510770.02495754
20.913938909822818	-1921849.069885846
21.01845901032533	-2444781.449437478
21.122979110827846	-3110002.0784943253
21.227499211330358	-3956227.109569528
21.33201931183287	-5032707.229620486
21.436539412335385	-6402094.071320452
21.541059512837897	-8144086.565163835
21.64557961334041	-10360069.4516743
21.75009971384292	-13179013.917131076
21.854619814345433	-16764983.772363387
21.959139914847945	-21326684.037464537
22.063660015350457	-27129607.66418265
22.16818011585297	-34511487.340483084
22.27270021635548	-43901951.67898666
22.377220316857994	-55847529.78794996
22.48174041736051	-71043459.50162588
22.58626051786302	-90374150.522762
22.690780618365533	-114964657.44962518
22.79530071886805	-146246158.43997267
22.89982081937056	-186039250.39851844
23.004340919873073	-236659908.50382006
23.108861020375585	-301054276.9648469
23.213381120878097	-382970135.88753855
23.31790122138061	-487175023.6971001
23.42242132188312	-619733709.9353265
23.526941422385633	-788361167.469685
23.631461522888145	-1002871587.249312
23.735981623390657	-1275749568.460866
23.840501723893173	-1622876727.598182
23.94502182439568	-2064456015.407676
24.0495419248982	-2626187537.355453
24.154062025400712	-3340764310.875232
24.258582125903224	-4249775013.1160746
24.363102226405736	-5406124459.930833
24.46762232690825	-6877112689.029134
24.57214242741076	-8748351851.26536
24.676662527913273	-11128748874.827892
24.781182628415785	-14156843895.538963
24.885702728918297	-18008873352.64978
24.99022282942081	-22909027025.790237
25.09474292992332	-29142495977.058937
25.199263030425833	-37072070794.123146
25.303783130928345	-47159256159.25252
25.408303231430864	-59991130621.33246
25.512823331933376	-76314514821.19687
25.617343432435888	-97079436775.77182
25.7218635329384	-123494423919.34863
25.826383633440912	-157096839922.69687
25.930903733943424	-199842359923.29318
26.035423834445936	-254218791663.74713
26.139943934948448	-323390866977.87335
26.24446403545096	-411384430551.5181
26.348984135953472	-523320745823.61035
26.453504236455984	-665714554732.19
26.558024336958496	-846853238511.4718
26.66254443746101	-1077279146862.2487
26.767064537963527	-1370403167261.8606
26.87158463846604	-1743285244412.7532
26.97610473896855	-2217627276399.101
27.080624839471064	-2821036174536.8237
27.185144939973576	-3588630597546.434
27.289665040476088	-4565084872672.084
27.3941851409786	-5807229060839.532
27.49870524148111	-7387356490769.275
27.603225341983624	-9397431261959.666
27.707745442486136	-11954440595033.418
27.812265542988648	-15207203538550.246
27.91678564349116	-19345032301966.438
28.021305743993672	-24608750308063.332
28.12582584449619	-31304708220259.496
28.230345944998703	-39822613683653.74
28.334866045501215	-50658212478438.65
28.439386146003727	-64442141138613.98
28.54390624650624	-81976630270884.8
28.648426347008748	-104282194722769.19
