   1.3300E+02   8.1065E-18   1.2360E-02   8.7186E-02   3.3242E-19   4.3458E-03
  1.4298E-14
   1.3300E+02   8.1065E-18   1.2360E-02   8.7182E-02   3.3242E-19   4.3458E-03
  1.4298E-14
   1.3400E+02   8.1065E-18   1.2220E-02   8.9212E-02   3.3242E-19   4.3211E-03
  1.3886E-14
   1.3500E+02   8.1065E-18   1.2180E-02   8.9114E-02   3.3242E-19   4.3097E-03
  1.3706E-14
   1.3600E+02   8.1065E-18   1.2228E-02   8.7142E-02   3.3242E-19   4.3107E-03
  1.3724E-14
   1.3700E+02   8.1065E-18   1.2335E-02   8.4310E-02   3.3242E-19   4.3209E-03
  1.3891E-14
   1.3800E+02   8.1065E-18   1.2461E-02   8.1419E-02   3.3242E-19   4.3349E-03
  1.4123E-14
   1.3900E+02   8.1065E-18   1.2586E-02   7.8743E-02   3.3242E-19   4.3497E-03
  1.4374E-14
   1.4000E+02   8.1065E-18   1.2702E-02   7.6483E-02   3.3242E-19   4.3639E-03
  1.4625E-14
   1.4100E+02   8.1065E-18   1.2771E-02   7.5562E-02   3.3242E-19   4.3739E-03
  1.4804E-14
   1.4200E+02   8.1065E-18   1.2765E-02   7.6392E-02   3.3242E-19   4.3764E-03
  1.4843E-14
   1.4300E+02   8.1065E-18   1.2690E-02   7.8877E-02   3.3242E-19   4.3718E-03
  1.4752E-14
   1.4400E+02   8.1065E-18   1.2524E-02   8.3144E-02   3.3242E-19   4.3562E-03
  1.4470E-14
   1.4500E+02   8.1065E-18   1.2347E-02   8.6980E-02   3.3242E-19   4.3360E-03
  1.4121E-14
   1.4600E+02   8.1065E-18   1.2235E-02   8.8663E-02   3.3242E-19   4.3197E-03
  1.3854E-14
   1.4700E+02   8.1065E-18   1.2232E-02   8.7380E-02   3.3242E-19   4.3141E-03
  1.3768E-14
   1.4800E+02   8.1065E-18   1.2347E-02   8.3685E-02   3.3242E-19   4.3223E-03
  1.3908E-14
   1.4900E+02   8.1065E-18   1.2519E-02   7.9659E-02   3.3242E-19   4.3400E-03
  1.4211E-14
   1.5000E+02   8.1065E-18   1.2686E-02   7.6370E-02   3.3242E-19   4.3596E-03
  1.4556E-14
   1.5100E+02   8.1065E-18   1.2816E-02   7.4123E-02   3.3242E-19   4.3765E-03
  1.4859E-14
   1.5200E+02   8.1065E-18   1.2905E-02   7.2460E-02   3.3242E-19   4.3882E-03
  1.5076E-14
   1.5300E+02   8.1065E-18   1.3012E-02   6.9947E-02   3.3242E-19   4.3999E-03
  1.5300E-14
   1.5400E+02   8.1065E-18   1.3192E-02   6.5789E-02   3.3242E-19   4.4168E-03
  1.5656E-14
   1.5500E+02   8.1065E-18   1.3447E-02   6.0425E-02   3.3242E-19   4.4403E-03
  1.6185E-14
   1.5600E+02   8.1065E-18   1.3752E-02   5.4736E-02   3.3242E-19   4.4680E-03
  1.6869E-14
   1.5700E+02   8.1065E-18   1.4063E-02   4.9678E-02   3.3242E-19   4.4966E-03
  1.7642E-14
   1.5800E+02   8.1065E-18   1.4336E-02   4.5648E-02   3.3242E-19   4.5220E-03
  1.8389E-14
   1.5900E+02   8.1065E-18   1.4556E-02   4.2652E-02   3.3242E-19   4.5426E-03
  1.9037E-14
   1.6000E+02   8.1065E-18   1.4688E-02   4.1255E-02   3.3242E-19   4.5562E-03
  1.9486E-14
   1.6100E+02   8.1065E-18   1.4708E-02   4.1827E-02   3.3242E-19   4.5619E-03
  1.9667E-14
   1.6200E+02   8.1065E-18   1.4545E-02   4.5541E-02   3.3242E-19   4.5550E-03
  1.9393E-14
   1.6300E+02   8.1065E-18   1.4179E-02   5.3176E-02   3.3242E-19   4.5322E-03
  1.8624E-14
   1.6400E+02   8.1065E-18   1.3645E-02   6.3460E-02   3.3242E-19   4.4911E-03
  1.7412E-14
   1.6500E+02   8.1065E-18   1.3204E-02   7.0351E-02   3.3242E-19   4.4461E-03
  1.6269E-14
   1.6600E+02   8.1065E-18   1.3050E-02   7.0408E-02   3.3242E-19   4.4198E-03
  1.5664E-14
   1.6700E+02   8.1065E-18   1.3245E-02   6.3489E-02   3.3242E-19   4.4255E-03
  1.5810E-14
   1.6800E+02   8.1065E-18   1.3715E-02   5.3762E-02   3.3242E-19   4.4602E-03
  1.6683E-14
   1.6900E+02   8.1065E-18   1.4234E-02   4.5489E-02   3.3242E-19   4.5041E-03
  1.7921E-14
   1.7000E+02   8.1065E-18   1.4687E-02   3.9318E-02   3.3242E-19   4.5438E-03
  1.9188E-14
   1.7100E+02   8.1065E-18   1.5034E-02   3.5046E-02   3.3242E-19   4.5745E-03
  2.0277E-14
   1.7200E+02   8.1065E-18   1.5273E-02   3.2347E-02   3.3242E-19   4.5960E-03
  2.1102E-14
   1.7300E+02   8.1065E-18   1.5410E-02   3.0968E-02   3.3242E-19   4.6093E-03
  2.1637E-14
   1.7400E+02   8.1065E-18   1.5464E-02   3.0699E-02   3.3242E-19   4.6162E-03
  2.1910E-14
   1.7500E+02   8.1065E-18   1.5435E-02   3.1462E-02   3.3242E-19   4.6172E-03
  2.1919E-14
   1.7600E+02   8.1065E-18   1.5344E-02   3.2937E-02   3.3242E-19   4.6131E-03
  2.1704E-14
   1.7700E+02   8.1065E-18   1.5231E-02   3.4576E-02   3.3242E-19   4.6065E-03
  2.1385E-14
   1.7800E+02   8.1065E-18   1.5120E-02   3.6128E-02   3.3242E-19   4.5990E-03
  2.1048E-14
   1.7900E+02   8.1065E-18   1.5017E-02   3.7540E-02   3.3242E-19   4.5915E-03
  2.0728E-14
   1.8000E+02   8.1065E-18   1.4924E-02   3.8857E-02   3.3242E-19   4.5843E-03
  2.0439E-14
   1.8100E+02   8.1065E-18   1.4832E-02   4.0251E-02   3.3242E-19   4.5772E-03
  2.0163E-14
   1.8200E+02   8.1065E-18   1.4733E-02   4.1785E-02   3.3242E-19   4.5697E-03
  1.9881E-14
   1.8300E+02   8.1065E-18   1.4647E-02   4.2993E-02   3.3242E-19   4.5628E-03
  1.9626E-14
   1.8400E+02   8.1065E-18   1.4619E-02   4.2982E-02   3.3242E-19   4.5590E-03
  1.9489E-14
   1.8500E+02   8.1065E-18   1.4671E-02   4.1459E-02   3.3242E-19   4.5602E-03
  1.9536E-14
   1.8600E+02   8.1065E-18   1.4847E-02   3.8028E-02   3.3242E-19   4.5698E-03
  1.9916E-14
   1.8700E+02   8.1065E-18   1.5130E-02   3.3664E-02   3.3242E-19   4.5872E-03
  2.0639E-14
   1.8800E+02   8.1065E-18   1.5409E-02   3.0167E-02   3.3242E-19   4.6063E-03
  2.1492E-14
   1.8900E+02   8.1065E-18   1.5589E-02   2.8295E-02   3.3242E-19   4.6204E-03
  2.2148E-14
   1.9000E+02   8.1065E-18   1.5673E-02   2.7718E-02   3.3242E-19   4.6289E-03
  2.2535E-14
   1.9100E+02   8.1065E-18   1.5652E-02   2.8442E-02   3.3242E-19   4.6306E-03
  2.2586E-14
   1.9200E+02   8.1065E-18   1.5572E-02   2.9821E-02   3.3242E-19   4.6280E-03
  2.2423E-14
   1.9300E+02   8.1065E-18   1.5440E-02   3.1819E-02   3.3242E-19   4.6211E-03
  2.2067E-14
   1.9400E+02   8.1065E-18   1.5273E-02   3.4292E-02   3.3242E-19   4.6110E-03
  2.1583E-14
   1.9500E+02   8.1065E-18   1.5081E-02   3.7176E-02   3.3242E-19   4.5985E-03
  2.1026E-14
   1.9600E+02   8.1065E-18   1.4869E-02   4.0451E-02   3.3242E-19   4.5838E-03
  2.0417E-14
   1.9700E+02   8.1065E-18   1.4636E-02   4.4115E-02   3.3242E-19   4.5667E-03
  1.9761E-14
   1.9800E+02   8.1065E-18   1.4388E-02   4.8178E-02   3.3242E-19   4.5475E-03
  1.9085E-14
   1.9900E+02   8.1065E-18   1.4131E-02   5.2540E-02   3.3242E-19   4.5264E-03
  1.8399E-14
   2.0000E+02   8.1065E-18   1.3877E-02   5.6880E-02   3.3242E-19   4.5039E-03
  1.7732E-14
   2.0100E+02   8.1065E-18   1.3640E-02   6.0983E-02   3.3242E-19   4.4813E-03
  1.7117E-14
   2.0200E+02   8.1065E-18   1.3436E-02   6.4463E-02   3.3242E-19   4.4601E-03
  1.6585E-14
   2.0300E+02   8.1065E-18   1.3314E-02   6.5794E-02   3.3242E-19   4.4445E-03
  1.6215E-14
   2.0400E+02   8.1065E-18   1.3379E-02   6.2695E-02   3.3242E-19   4.4439E-03
  1.6207E-14
   2.0500E+02   8.1065E-18   1.3675E-02   5.5363E-02   3.3242E-19   4.4631E-03
  1.6707E-14
   2.0600E+02   8.1065E-18   1.4195E-02   4.5542E-02   3.3242E-19   4.5020E-03
  1.7826E-14
   2.0700E+02   8.1065E-18   1.4761E-02   3.7560E-02   3.3242E-19   4.5468E-03
  1.9305E-14
   2.0800E+02   8.1065E-18   1.5149E-02   3.3561E-02   3.3242E-19   4.5814E-03
  2.0596E-14
   2.0900E+02   8.1065E-18   1.5244E-02   3.4096E-02   3.3242E-19   4.5976E-03
  2.1192E-14
   2.1000E+02   8.1065E-18   1.4949E-02   4.0873E-02   3.3242E-19   4.5888E-03
  2.0750E-14
   2.1100E+02   8.1065E-18   1.4281E-02   5.3529E-02   3.3242E-19   4.5494E-03
  1.9245E-14
   2.1200E+02   8.1065E-18   1.3539E-02   6.6852E-02   3.3242E-19   4.4890E-03
  1.7402E-14
   2.1300E+02   8.1065E-18   1.2988E-02   7.5601E-02   3.3242E-19   4.4295E-03
  1.5921E-14
   2.1400E+02   8.1065E-18   1.2810E-02   7.5852E-02   3.3242E-19   4.3965E-03
  1.5214E-14
   2.1500E+02   8.1065E-18   1.2911E-02   7.1253E-02   3.3242E-19   4.3937E-03
  1.5160E-14
   2.1600E+02   8.1065E-18   1.3212E-02   6.3992E-02   3.3242E-19   4.4156E-03
  1.5641E-14
   2.1700E+02   8.1065E-18   1.3623E-02   5.5966E-02   3.3242E-19   4.4513E-03
  1.6482E-14
   2.1800E+02   8.1065E-18   1.4082E-02   4.8223E-02   3.3242E-19   4.4922E-03
  1.7569E-14
   2.1900E+02   8.1065E-18   1.4486E-02   4.2674E-02   3.3242E-19   4.5292E-03
  1.8681E-14
   2.2000E+02   8.1065E-18   1.4730E-02   4.0207E-02   3.3242E-19   4.5545E-03
  1.9503E-14
   2.2100E+02   8.1065E-18   1.4771E-02   4.0972E-02   3.3242E-19   4.5650E-03
  1.9828E-14
   2.2200E+02   8.1065E-18   1.4582E-02   4.5266E-02   3.3242E-19   4.5584E-03
  1.9534E-14
   2.2300E+02   8.1065E-18   1.4245E-02   5.1377E-02   3.3242E-19   4.5370E-03
  1.8766E-14
   2.2400E+02   8.1065E-18   1.3897E-02   5.7125E-02   3.3242E-19   4.5085E-03
  1.7869E-14
   2.2500E+02   8.1065E-18   1.3634E-02   6.1050E-02   3.3242E-19   4.4822E-03
  1.7133E-14
   2.2600E+02   8.1065E-18   1.3488E-02   6.2743E-02   3.3242E-19   4.4639E-03
  1.6665E-14
   2.2700E+02   8.1065E-18   1.3439E-02   6.2930E-02   3.3242E-19   4.4546E-03
  1.6449E-14
   2.2800E+02   8.1065E-18   1.3451E-02   6.2324E-02   3.3242E-19   4.4524E-03
  1.6410E-14
   2.2900E+02   8.1065E-18   1.3494E-02   6.1368E-02   3.3242E-19   4.4547E-03
  1.6478E-14
   2.3000E+02   8.1065E-18   1.3541E-02   6.0679E-02   3.3242E-19   4.4591E-03
  1.6591E-14
   2.3100E+02   8.1065E-18   1.3516E-02   6.1878E-02   3.3242E-19   4.4588E-03
  1.6584E-14
   2.3200E+02   8.1065E-18   1.3359E-02   6.6036E-02   3.3242E-19   4.4479E-03
  1.6318E-14
   2.3300E+02   8.1065E-18   1.3049E-02   7.3907E-02   3.3242E-19   4.4226E-03
  1.5759E-14
   2.3400E+02   8.1065E-18   1.2553E-02   8.6107E-02   3.3242E-19   4.3753E-03
  1.4829E-14
   2.3500E+02   8.1065E-18   1.2047E-02   9.7500E-02   3.3242E-19   4.3150E-03
  1.3810E-14
   2.3600E+02   8.1065E-18   1.1717E-02   1.0341E-01   3.3242E-19   4.2639E-03
  1.3058E-14
   2.3700E+02   8.1065E-18   1.1614E-02   1.0298E-01   3.3242E-19   4.2371E-03
  1.2692E-14
   2.3800E+02   8.1065E-18   1.1746E-02   9.7192E-02   3.3242E-19   4.2422E-03
  1.2763E-14
   2.3900E+02   8.1065E-18   1.1998E-02   9.0528E-02   3.3242E-19   4.2691E-03
  1.3139E-14
   2.4000E+02   8.1065E-18   1.2239E-02   8.5347E-02   3.3242E-19   4.2997E-03
  1.3591E-14
   2.4100E+02   8.1065E-18   1.2423E-02   8.1904E-02   3.3242E-19   4.3254E-03
  1.3988E-14
   2.4200E+02   8.1065E-18   1.2559E-02   7.9448E-02   3.3242E-19   4.3449E-03
  1.4300E-14
   2.4300E+02   8.1065E-18   1.2673E-02   7.7062E-02   3.3242E-19   4.3603E-03
  1.4559E-14
   2.4400E+02   8.1065E-18   1.2808E-02   7.3987E-02   3.3242E-19   4.3758E-03
  1.4839E-14
   2.4500E+02   8.1065E-18   1.2981E-02   7.0042E-02   3.3242E-19   4.3939E-03
  1.5188E-14
   2.4600E+02   8.1065E-18   1.3214E-02   6.4862E-02   3.3242E-19   4.4165E-03
  1.5663E-14
   2.4700E+02   8.1065E-18   1.3527E-02   5.8388E-02   3.3242E-19   4.4454E-03
  1.6326E-14
   2.4800E+02   8.1065E-18   1.3926E-02   5.0943E-02   3.3242E-19   4.4802E-03
  1.7224E-14
   2.4900E+02   8.1065E-18   1.4396E-02   4.3206E-02   3.3242E-19   4.5197E-03
  1.8385E-14
   2.5000E+02   8.1065E-18   1.4852E-02   3.6868E-02   3.3242E-19   4.5573E-03
  1.9650E-14
   2.5100E+02   8.1065E-18   1.5192E-02   3.2924E-02   3.3242E-19   4.5865E-03
  2.0754E-14
   2.5200E+02   8.1065E-18   1.5380E-02   3.1224E-02   3.3242E-19   4.6047E-03
  2.1481E-14
   2.5300E+02   8.1065E-18   1.5420E-02   3.1542E-02   3.3242E-19   4.6129E-03
  2.1789E-14
   2.5400E+02   8.1065E-18   1.5312E-02   3.3623E-02   3.3242E-19   4.6103E-03
  2.1615E-14
   2.5500E+02   8.1065E-18   1.5120E-02   3.6758E-02   3.3242E-19   4.6004E-03
  2.1137E-14
   2.5600E+02   8.1065E-18   1.4866E-02   4.0849E-02   3.3242E-19   4.5844E-03
  2.0452E-14
   2.5700E+02   8.1065E-18   1.4570E-02   4.5513E-02   3.3242E-19   4.5633E-03
  1.9643E-14
   2.5800E+02   8.1065E-18   1.4347E-02   4.8367E-02   3.3242E-19   4.5437E-03
  1.8949E-14
   2.5900E+02   8.1065E-18   1.4319E-02   4.7339E-02   3.3242E-19   4.5359E-03
  1.8684E-14
   2.6000E+02   8.1065E-18   1.4518E-02   4.2447E-02   3.3242E-19   4.5440E-03
  1.8975E-14
   2.6100E+02   8.1065E-18   1.4930E-02   3.5468E-02   3.3242E-19   4.5685E-03
  1.9923E-14
   2.6200E+02   8.1065E-18   1.5379E-02   2.9762E-02   3.3242E-19   4.5988E-03
  2.1230E-14
   2.6300E+02   8.1065E-18   1.5689E-02   2.6639E-02   3.3242E-19   4.6228E-03
  2.2348E-14
   2.6400E+02   8.1065E-18   1.5810E-02   2.6015E-02   3.3242E-19   4.6359E-03
  2.2957E-14
   2.6500E+02   8.1065E-18   1.5743E-02   2.7758E-02   3.3242E-19   4.6374E-03
  2.2970E-14
   2.6600E+02   8.1065E-18   1.5538E-02   3.0942E-02   3.3242E-19   4.6287E-03
  2.2463E-14
   2.6700E+02   8.1065E-18   1.5306E-02   3.4086E-02   3.3242E-19   4.6151E-03
  2.1766E-14
   2.6800E+02   8.1065E-18   1.5122E-02   3.6305E-02   3.3242E-19   4.6016E-03
  2.1145E-14
   2.6900E+02   8.1065E-18   1.5045E-02   3.6934E-02   3.3242E-19   4.5939E-03
  2.0814E-14
   2.7000E+02   8.1065E-18   1.5051E-02   3.6329E-02   3.3242E-19   4.5916E-03
  2.0730E-14
   2.7100E+02   8.1065E-18   1.5127E-02   3.4735E-02   3.3242E-19   4.5942E-03
  2.0852E-14
   2.7200E+02   8.1065E-18   1.5287E-02   3.2105E-02   3.3242E-19   4.6026E-03
  2.1240E-14
   2.7300E+02   8.1065E-18   1.5499E-02   2.9141E-02   3.3242E-19   4.6153E-03
  2.1846E-14
   2.7400E+02   8.1065E-18   1.5696E-02   2.6790E-02   3.3242E-19   4.6282E-03
  2.2493E-14
   2.7500E+02   8.1065E-18   1.5821E-02   2.5497E-02   3.3242E-19   4.6376E-03
  2.2971E-14
   2.7600E+02   8.1065E-18   1.5892E-02   2.4917E-02   3.3242E-19   4.6439E-03
  2.3289E-14
   2.7700E+02   8.1065E-18   1.5892E-02   2.5266E-02   3.3242E-19   4.6460E-03
  2.3382E-14
   2.7800E+02   8.1065E-18   1.5811E-02   2.6679E-02   3.3242E-19   4.6433E-03
  2.3211E-14
   2.7900E+02   8.1065E-18   1.5645E-02   2.9329E-02   3.3242E-19   4.6354E-03
  2.2778E-14
   2.8000E+02   8.1065E-18   1.5364E-02   3.3834E-02   3.3242E-19   4.6202E-03
  2.2022E-14
   2.8100E+02   8.1065E-18   1.4978E-02   3.9909E-02   3.3242E-19   4.5966E-03
  2.0955E-14
   2.8200E+02   8.1065E-18   1.4608E-02   4.5147E-02   3.3242E-19   4.5692E-03
  1.9847E-14
   2.8300E+02   8.1065E-18   1.4387E-02   4.7402E-02   3.3242E-19   4.5477E-03
  1.9062E-14
   2.8400E+02   8.1065E-18   1.4383E-02   4.5832E-02   3.3242E-19   4.5400E-03
  1.8813E-14
   2.8500E+02   8.1065E-18   1.4581E-02   4.1813E-02   3.3242E-19   4.5488E-03
  1.9151E-14
   2.8600E+02   8.1065E-18   1.4858E-02   3.7579E-02   3.3242E-19   4.5668E-03
  1.9848E-14
   2.8700E+02   8.1065E-18   1.5132E-02   3.3883E-02   3.3242E-19   4.5865E-03
  2.0646E-14
   2.8800E+02   8.1065E-18   1.5367E-02   3.0934E-02   3.3242E-19   4.6042E-03
  2.1399E-14
   2.8900E+02   8.1065E-18   1.5542E-02   2.8945E-02   3.3242E-19   4.6177E-03
  2.2010E-14
   2.9000E+02   8.1065E-18   1.5639E-02   2.8058E-02   3.3242E-19   4.6265E-03
  2.2411E-14
   2.9100E+02   8.1065E-18   1.5655E-02   2.8333E-02   3.3242E-19   4.6303E-03
  2.2573E-14
   2.9200E+02   8.1065E-18   1.5566E-02   3.0055E-02   3.3242E-19   4.6277E-03
  2.2414E-14
   2.9300E+02   8.1065E-18   1.5387E-02   3.2873E-02   3.3242E-19   4.6187E-03
  2.1955E-14
   2.9400E+02   8.1065E-18   1.5165E-02   3.6142E-02   3.3242E-19   4.6051E-03
  2.1316E-14
   2.9500E+02   8.1065E-18   1.4938E-02   3.9410E-02   3.3242E-19   4.5894E-03
  2.0639E-14
   2.9600E+02   8.1065E-18   1.4735E-02   4.2310E-02   3.3242E-19   4.5738E-03
  2.0018E-14
   2.9700E+02   8.1065E-18   1.4576E-02   4.4437E-02   3.3242E-19   4.5602E-03
  1.9513E-14
   2.9800E+02   8.1065E-18   1.4498E-02   4.5169E-02   3.3242E-19   4.5517E-03
  1.9220E-14
   2.9900E+02   8.1065E-18   1.4501E-02   4.4609E-02   3.3242E-19   4.5492E-03
  1.9143E-14
   3.0000E+02   8.1065E-18   1.4580E-02   4.2929E-02   3.3242E-19   4.5527E-03
  1.9280E-14
   3.0100E+02   8.1065E-18   1.4697E-02   4.0926E-02   3.3242E-19   4.5599E-03
  1.9552E-14
   3.0200E+02   8.1065E-18   1.4824E-02   3.9049E-02   3.3242E-19   4.5688E-03
  1.9895E-14
   3.0300E+02   8.1065E-18   1.4936E-02   3.7536E-02   3.3242E-19   4.5775E-03
  2.0232E-14
   3.0400E+02   8.1065E-18   1.5012E-02   3.6655E-02   3.3242E-19   4.5840E-03
  2.0487E-14
   3.0500E+02   8.1065E-18   1.5034E-02   3.6700E-02   3.3242E-19   4.5873E-03
  2.0610E-14
   3.0600E+02   8.1065E-18   1.4987E-02   3.7943E-02   3.3242E-19   4.5862E-03
  2.0559E-14
   3.0700E+02   8.1065E-18   1.4820E-02   4.1219E-02   3.3242E-19   4.5775E-03
  2.0203E-14
   3.0800E+02   8.1065E-18   1.4515E-02   4.6887E-02   3.3242E-19   4.5586E-03
  1.9494E-14
   3.0900E+02   8.1065E-18   1.4106E-02   5.4236E-02   3.3242E-19   4.5286E-03
  1.8488E-14
   3.1000E+02   8.1065E-18   1.3671E-02   6.2066E-02   3.3242E-19   4.4914E-03
  1.7401E-14
   3.1100E+02   8.1065E-18   1.3266E-02   6.9424E-02   3.3242E-19   4.4514E-03
  1.6390E-14
   3.1200E+02   8.1065E-18   1.2946E-02   7.4853E-02   3.3242E-19   4.4145E-03
  1.5570E-14
   3.1300E+02   8.1065E-18   1.2832E-02   7.4765E-02   3.3242E-19   4.3933E-03
  1.5135E-14
   3.1400E+02   8.1065E-18   1.3023E-02   6.7844E-02   3.3242E-19   4.4007E-03
  1.5299E-14
   3.1500E+02   8.1065E-18   1.3533E-02   5.6025E-02   3.3242E-19   4.4394E-03
  1.6206E-14
   3.1600E+02   8.1065E-18   1.4234E-02   4.4009E-02   3.3242E-19   4.4968E-03
  1.7775E-14
   3.1700E+02   8.1065E-18   1.4885E-02   3.5395E-02   3.3242E-19   4.5516E-03
  1.9583E-14
   3.1800E+02   8.1065E-18   1.5351E-02   3.0316E-02   3.3242E-19   4.5925E-03
  2.1129E-14
   3.1900E+02   8.1065E-18   1.5602E-02   2.8119E-02   3.3242E-19   4.6170E-03
  2.2130E-14
   3.2000E+02   8.1065E-18   1.5672E-02   2.8021E-02   3.3242E-19   4.6282E-03
  2.2566E-14
   3.2100E+02   8.1065E-18   1.5606E-02   2.9412E-02   3.3242E-19   4.6288E-03
  2.2511E-14
   3.2200E+02   8.1065E-18   1.5447E-02   3.1986E-02   3.3242E-19   4.6218E-03
  2.2121E-14
   3.2300E+02   8.1065E-18   1.5202E-02   3.5895E-02   3.3242E-19   4.6081E-03
  2.1462E-14
   3.2400E+02   8.1065E-18   1.4880E-02   4.1010E-02   3.3242E-19   4.5877E-03
  2.0580E-14
   3.2500E+02   8.1065E-18   1.4539E-02   4.6310E-02   3.3242E-19   4.5627E-03
  1.9617E-14
   3.2600E+02   8.1065E-18   1.4232E-02   5.0964E-02   3.3242E-19   4.5371E-03
  1.8732E-14
   3.2700E+02   8.1065E-18   1.4003E-02   5.4248E-02   3.3242E-19   4.5150E-03
  1.8042E-14
   3.2800E+02   8.1065E-18   1.3883E-02   5.5440E-02   3.3242E-19   4.5003E-03
  1.7618E-14
   3.2900E+02   8.1065E-18   1.3925E-02   5.3655E-02   3.3242E-19   4.4988E-03
  1.7588E-14
   3.3000E+02   8.1065E-18   1.4103E-02   4.9622E-02   3.3242E-19   4.5090E-03
  1.7903E-14
   3.3100E+02   8.1065E-18   1.4393E-02   4.4211E-02   3.3242E-19   4.5287E-03
  1.8544E-14
   3.3200E+02   8.1065E-18   1.4712E-02   3.9725E-02   3.3242E-19   4.5530E-03
  1.9393E-14
   3.3300E+02   8.1065E-18   1.4880E-02   3.8570E-02   3.3242E-19   4.5702E-03
  2.0023E-14
   3.3400E+02   8.1065E-18   1.4770E-02   4.2230E-02   3.3242E-19   4.5705E-03
  2.0005E-14
   3.3500E+02   8.1065E-18   1.4250E-02   5.3874E-02   3.3242E-19   4.5425E-03
  1.9007E-14
   3.3600E+02   8.1065E-18   1.3317E-02   7.4107E-02   3.3242E-19   4.4728E-03
  1.7033E-14
   3.3700E+02   8.1065E-18   1.2273E-02   9.7869E-02   3.3242E-19   4.3664E-03
  1.4817E-14
   3.3800E+02   8.1065E-18   1.1385E-02   1.1923E-01   3.3242E-19   4.2456E-03
  1.2958E-14
   3.3900E+02   8.1065E-18   1.0801E-02   1.3263E-01   3.3242E-19   4.1425E-03
  1.1699E-14
   3.4000E+02   8.1065E-18   1.0537E-02   1.3646E-01   3.3242E-19   4.0788E-03
  1.1022E-14
   3.4100E+02   8.1065E-18   1.0554E-02   1.3183E-01   3.3242E-19   4.0615E-03
  1.0835E-14
   3.4200E+02   8.1065E-18   1.0820E-02   1.2035E-01   3.3242E-19   4.0879E-03
  1.1077E-14
   3.4300E+02   8.1065E-18   1.1291E-02   1.0512E-01   3.3242E-19   4.1510E-03
  1.1726E-14
   3.4400E+02   8.1065E-18   1.1819E-02   9.1937E-02   3.3242E-19   4.2246E-03
  1.2605E-14
   3.4500E+02   8.1065E-18   1.2251E-02   8.3449E-02   3.3242E-19   4.2877E-03
  1.3470E-14
   3.4600E+02   8.1065E-18   1.2508E-02   7.9854E-02   3.3242E-19   4.3297E-03
  1.4098E-14
   3.4700E+02   8.1065E-18   1.2568E-02   8.0622E-02   3.3242E-19   4.3481E-03
  1.4370E-14
   3.4800E+02   8.1065E-18   1.2457E-02   8.4481E-02   3.3242E-19   4.3441E-03
  1.4274E-14
   3.4900E+02   8.1065E-18   1.2244E-02   9.0157E-02   3.3242E-19   4.3239E-03
  1.3930E-14
   3.5000E+02   8.1065E-18   1.1976E-02   9.7194E-02   3.3242E-19   4.2931E-03
  1.3458E-14
   3.5100E+02   8.1065E-18   1.1675E-02   1.0520E-01   3.3242E-19   4.2545E-03
  1.2918E-14
   3.5200E+02   8.1065E-18   1.1384E-02   1.1283E-01   3.3242E-19   4.2127E-03
  1.2389E-14
   3.5300E+02   8.1065E-18   1.1138E-02   1.1902E-01   3.3242E-19   4.1727E-03
  1.1926E-14
   3.5400E+02   8.1065E-18   1.0966E-02   1.2312E-01   3.3242E-19   4.1413E-03
  1.1585E-14
   3.5500E+02   8.1065E-18   1.0850E-02   1.2591E-01   3.3242E-19   4.1186E-03
  1.1348E-14
   3.5600E+02   8.1065E-18   1.0749E-02   1.2920E-01   3.3242E-19   4.1001E-03
  1.1165E-14
   3.5700E+02   8.1065E-18   1.0608E-02   1.3466E-01   3.3242E-19   4.0783E-03
  1.0960E-14
   3.5800E+02   8.1065E-18   1.0391E-02   1.4338E-01   3.3242E-19   4.0451E-03
  1.0668E-14
   3.5900E+02   8.1065E-18   1.0101E-02   1.5382E-01   3.3242E-19   3.9959E-03
  1.0264E-14
   3.6000E+02   8.1065E-18   9.9014E-03   1.5881E-01   3.3242E-19   3.9531E-03
  9.9319E-15
   3.6100E+02   8.1065E-18   9.9202E-03   1.5371E-01   3.3242E-19   3.9422E-03
  9.8434E-15
   3.6200E+02   8.1065E-18   1.0212E-02   1.3876E-01   3.3242E-19   3.9775E-03
  1.0111E-14
   3.6300E+02   8.1065E-18   1.0739E-02   1.1959E-01   3.3242E-19   4.0552E-03
  1.0782E-14
   3.6400E+02   8.1065E-18   1.1337E-02   1.0307E-01   3.3242E-19   4.1471E-03
  1.1704E-14
   3.6500E+02   8.1065E-18   1.1849E-02   9.1516E-02   3.3242E-19   4.2264E-03
  1.2643E-14
   3.6600E+02   8.1065E-18   1.2248E-02   8.3957E-02   3.3242E-19   4.2884E-03
  1.3477E-14
   3.6700E+02   8.1065E-18   1.2494E-02   8.0180E-02   3.3242E-19   4.3289E-03
  1.4074E-14
   3.6800E+02   8.1065E-18   1.2590E-02   7.9550E-02   3.3242E-19   4.3494E-03
  1.4388E-14
   3.6900E+02   8.1065E-18   1.2546E-02   8.1877E-02   3.3242E-19   4.3521E-03
  1.4412E-14
   3.7000E+02   8.1065E-18   1.2375E-02   8.6868E-02   3.3242E-19   4.3382E-03
  1.4169E-14
   3.7100E+02   8.1065E-18   1.2146E-02   9.2207E-02   3.3242E-19   4.3126E-03
  1.3752E-14
   3.7200E+02   8.1065E-18   1.2032E-02   9.2973E-02   3.3242E-19   4.2935E-03
  1.3454E-14
   3.7300E+02   8.1065E-18   1.2156E-02   8.7143E-02   3.3242E-19   4.2982E-03
  1.3531E-14
   3.7400E+02   8.1065E-18   1.2532E-02   7.6296E-02   3.3242E-19   4.3317E-03
  1.4104E-14
   3.7500E+02   8.1065E-18   1.3063E-02   6.5325E-02   3.3242E-19   4.3854E-03
  1.5116E-14
   3.7600E+02   8.1065E-18   1.3513E-02   5.8375E-02   3.3242E-19   4.4355E-03
  1.6185E-14
   3.7700E+02   8.1065E-18   1.3753E-02   5.6078E-02   3.3242E-19   4.4677E-03
  1.6922E-14
   3.7800E+02   8.1065E-18   1.3742E-02   5.8279E-02   3.3242E-19   4.4776E-03
  1.7117E-14
   3.7900E+02   8.1065E-18   1.3530E-02   6.3265E-02   3.3242E-19   4.4662E-03
  1.6778E-14
   3.8000E+02   8.1065E-18   1.3288E-02   6.7674E-02   3.3242E-19   4.4452E-03
  1.6244E-14
   3.8100E+02   8.1065E-18   1.3128E-02   6.9840E-02   3.3242E-19   4.4264E-03
  1.5815E-14
   3.8200E+02   8.1065E-18   1.3084E-02   6.9609E-02   3.3242E-19   4.4170E-03
  1.5617E-14
   3.8300E+02   8.1065E-18   1.3109E-02   6.8765E-02   3.3242E-19   4.4160E-03
  1.5607E-14
   3.8400E+02   8.1065E-18   1.3129E-02   6.8811E-02   3.3242E-19   4.4177E-03
  1.5655E-14
   3.8500E+02   8.1065E-18   1.3069E-02   7.0885E-02   3.3242E-19   4.4140E-03
  1.5578E-14
   3.8600E+02   8.1065E-18   1.2916E-02   7.4624E-02   3.3242E-19   4.4011E-03
  1.5308E-14
   3.8700E+02   8.1065E-18   1.2821E-02   7.5418E-02   3.3242E-19   4.3891E-03
  1.5061E-14
   3.8800E+02   8.1065E-18   1.2937E-02   7.0458E-02   3.3242E-19   4.3934E-03
  1.5149E-14
   3.8900E+02   8.1065E-18   1.3342E-02   6.0133E-02   3.3242E-19   4.4235E-03
  1.5821E-14
   3.9000E+02   8.1065E-18   1.3990E-02   4.7920E-02   3.3242E-19   4.4768E-03
  1.7195E-14
   3.9100E+02   8.1065E-18   1.4655E-02   3.8464E-02   3.3242E-19   4.5331E-03
  1.8928E-14
   3.9200E+02   8.1065E-18   1.5163E-02   3.2575E-02   3.3242E-19   4.5776E-03
  2.0520E-14
   3.9300E+02   8.1065E-18   1.5462E-02   2.9701E-02   3.3242E-19   4.6059E-03
  2.1634E-14
   3.9400E+02   8.1065E-18   1.5586E-02   2.8854E-02   3.3242E-19   4.6208E-03
  2.2221E-14
   3.9500E+02   8.1065E-18   1.5616E-02   2.8643E-02   3.3242E-19   4.6264E-03
  2.2411E-14
   3.9600E+02   8.1065E-18   1.5648E-02   2.8077E-02   3.3242E-19   4.6296E-03
  2.2523E-14
   3.9700E+02   8.1065E-18   1.5719E-02   2.6881E-02   3.3242E-19   4.6339E-03
  2.2716E-14
   3.9800E+02   8.1065E-18   1.5835E-02   2.5241E-02   3.3242E-19   4.6401E-03
  2.3048E-14
   3.9900E+02   8.1065E-18   1.5953E-02   2.3807E-02   3.3242E-19   4.6471E-03
  2.3440E-14
   4.0000E+02   8.1065E-18   1.6046E-02   2.2806E-02   3.3242E-19   4.6532E-03
  2.3786E-14
   4.0100E+02   8.1065E-18   1.6102E-02   2.2287E-02   3.3242E-19   4.6575E-03
  2.4027E-14
   4.0200E+02   8.1065E-18   1.6107E-02   2.2499E-02   3.3242E-19   4.6591E-03
  2.4115E-14
   4.0300E+02   8.1065E-18   1.6011E-02   2.4262E-02   3.3242E-19   4.6560E-03
  2.3920E-14
   4.0400E+02   8.1065E-18   1.5738E-02   2.8895E-02   3.3242E-19   4.6439E-03
  2.3246E-14
   4.0500E+02   8.1065E-18   1.5129E-02   3.9886E-02   3.3242E-19   4.6126E-03
  2.1742E-14
   4.0600E+02   8.1065E-18   1.4070E-02   6.0296E-02   3.3242E-19   4.5444E-03
  1.9184E-14
   4.0700E+02   8.1065E-18   1.2916E-02   8.2957E-02   3.3242E-19   4.4416E-03
  1.6398E-14
   4.0800E+02   8.1065E-18   1.2133E-02   9.6247E-02   3.3242E-19   4.3412E-03
  1.4362E-14
   4.0900E+02   8.1065E-18   1.1955E-02   9.3430E-02   3.3242E-19   4.2924E-03
  1.3497E-14
   4.1000E+02   8.1065E-18   1.2314E-02   8.0767E-02   3.3242E-19   4.3100E-03
  1.3758E-14
   4.1100E+02   8.1065E-18   1.2871E-02   6.8568E-02   3.3242E-19   4.3635E-03
  1.4709E-14
   4.1200E+02   8.1065E-18   1.3401E-02   5.9465E-02   3.3242E-19   4.4204E-03
  1.5869E-14
   4.1300E+02   8.1065E-18   1.3812E-02   5.3417E-02   3.3242E-19   4.4662E-03
  1.6924E-14
   4.1400E+02   8.1065E-18   1.4120E-02   4.9018E-02   3.3242E-19   4.5000E-03
  1.7783E-14
   4.1500E+02   8.1065E-18   1.4382E-02   4.4962E-02   3.3242E-19   4.5259E-03
  1.8515E-14
   4.1600E+02   8.1065E-18   1.4653E-02   4.0664E-02   3.3242E-19   4.5486E-03
  1.9250E-14
   4.1700E+02   8.1065E-18   1.4944E-02   3.6337E-02   3.3242E-19   4.5712E-03
  2.0070E-14
   4.1800E+02   8.1065E-18   1.5178E-02   3.3517E-02   3.3242E-19   4.5900E-03
  2.0816E-14
   4.1900E+02   8.1065E-18   1.5295E-02   3.2729E-02   3.3242E-19   4.6020E-03
  2.1303E-14
   4.2000E+02   8.1065E-18   1.5232E-02   3.4782E-02   3.3242E-19   4.6032E-03
  2.1318E-14
   4.2100E+02   8.1065E-18   1.4920E-02   4.0989E-02   3.3242E-19   4.5887E-03
  2.0678E-14
   4.2200E+02   8.1065E-18   1.4397E-02   5.0186E-02   3.3242E-19   4.5555E-03
  1.9406E-14
   4.2300E+02   8.1065E-18   1.3876E-02   5.8561E-02   3.3242E-19   4.5127E-03
  1.8014E-14
   4.2400E+02   8.1065E-18   1.3527E-02   6.3275E-02   3.3242E-19   4.4757E-03
  1.6974E-14
   4.2500E+02   8.1065E-18   1.3422E-02   6.3127E-02   3.3242E-19   4.4565E-03
  1.6485E-14
   4.2600E+02   8.1065E-18   1.3529E-02   5.9913E-02   3.3242E-19   4.4585E-03
  1.6555E-14
   4.2700E+02   8.1065E-18   1.3721E-02   5.6027E-02   3.3242E-19   4.4716E-03
  1.6910E-14
   4.2800E+02   8.1065E-18   1.3943E-02   5.2150E-02   3.3242E-19   4.4901E-03
  1.7423E-14
   4.2900E+02   8.1065E-18   1.4166E-02   4.8602E-02   3.3242E-19   4.5098E-03
  1.7989E-14
   4.3000E+02   8.1065E-18   1.4359E-02   4.5715E-02   3.3242E-19   4.5274E-03
  1.8523E-14
   4.3100E+02   8.1065E-18   1.4524E-02   4.3439E-02   3.3242E-19   4.5424E-03
  1.9003E-14
   4.3200E+02   8.1065E-18   1.4647E-02   4.1852E-02   3.3242E-19   4.5541E-03
  1.9388E-14
   4.3300E+02   8.1065E-18   1.4723E-02   4.1029E-02   3.3242E-19   4.5619E-03
  1.9651E-14
   4.3400E+02   8.1065E-18   1.4741E-02   4.1118E-02   3.3242E-19   4.5654E-03
  1.9767E-14
   4.3500E+02   8.1065E-18   1.4688E-02   4.2381E-02   3.3242E-19   4.5638E-03
  1.9698E-14
   4.3600E+02   8.1065E-18   1.4545E-02   4.5235E-02   3.3242E-19   4.5556E-03
  1.9395E-14
   4.3700E+02   8.1065E-18   1.4312E-02   4.9483E-02   3.3242E-19   4.5397E-03
  1.8841E-14
   4.3800E+02   8.1065E-18   1.4074E-02   5.3258E-02   3.3242E-19   4.5204E-03
  1.8219E-14
   4.3900E+02   8.1065E-18   1.3919E-02   5.5095E-02   3.3242E-19   4.5044E-03
  1.7738E-14
   4.4000E+02   8.1065E-18   1.3899E-02   5.4396E-02   3.3242E-19   4.4978E-03
  1.7559E-14
   4.4100E+02   8.1065E-18   1.4005E-02   5.1582E-02   3.3242E-19   4.5021E-03
  1.7695E-14
   4.4200E+02   8.1065E-18   1.4226E-02   4.7260E-02   3.3242E-19   4.5167E-03
  1.8156E-14
   4.4300E+02   8.1065E-18   1.4528E-02   4.2153E-02   3.3242E-19   4.5387E-03
  1.8887E-14
   4.4400E+02   8.1065E-18   1.4876E-02   3.6895E-02   3.3242E-19   4.5644E-03
  1.9817E-14
   4.4500E+02   8.1065E-18   1.5225E-02   3.2215E-02   3.3242E-19   4.5902E-03
  2.0845E-14
   4.4600E+02   8.1065E-18   1.5515E-02   2.8755E-02   3.3242E-19   4.6121E-03
  2.1802E-14
   4.4700E+02   8.1065E-18   1.5721E-02   2.6532E-02   3.3242E-19   4.6283E-03
  2.2556E-14
   4.4800E+02   8.1065E-18   1.5827E-02   2.5506E-02   3.3242E-19   4.6377E-03
  2.3001E-14
   4.4900E+02   8.1065E-18   1.5888E-02   2.5004E-02   3.3242E-19   4.6437E-03
  2.3285E-14
   4.5000E+02   8.1065E-18   1.5909E-02   2.4878E-02   3.3242E-19   4.6467E-03
  2.3414E-14
   4.5100E+02   8.1065E-18   1.5906E-02   2.4978E-02   3.3242E-19   4.6475E-03
  2.3438E-14
   4.5200E+02   8.1065E-18   1.5893E-02   2.5167E-02   3.3242E-19   4.6472E-03
  2.3409E-14
   4.5300E+02   8.1065E-18   1.5877E-02   2.5350E-02   3.3242E-19   4.6464E-03
  2.3359E-14
   4.5400E+02   8.1065E-18   1.5868E-02   2.5403E-02   3.3242E-19   4.6456E-03
  2.3314E-14
   4.5500E+02   8.1065E-18   1.5876E-02   2.5206E-02   3.3242E-19   4.6457E-03
  2.3319E-14
   4.5600E+02   8.1065E-18   1.5900E-02   2.4824E-02   3.3242E-19   4.6467E-03
  2.3380E-14
   4.5700E+02   8.1065E-18   1.5926E-02   2.4560E-02   3.3242E-19   4.6482E-03
  2.3468E-14
   4.5800E+02   8.1065E-18   1.5909E-02   2.5007E-02   3.3242E-19   4.6480E-03
  2.3457E-14
   4.5900E+02   8.1065E-18   1.5838E-02   2.6273E-02   3.3242E-19   4.6451E-03
  2.3297E-14
   4.6000E+02   8.1065E-18   1.5670E-02   2.8986E-02   3.3242E-19   4.6370E-03
  2.2861E-14
   4.6100E+02   8.1065E-18   1.5403E-02   3.3140E-02   3.3242E-19   4.6225E-03
  2.2127E-14
   4.6200E+02   8.1065E-18   1.5052E-02   3.8637E-02   3.3242E-19   4.6010E-03
  2.1140E-14
   4.6300E+02   8.1065E-18   1.4633E-02   4.5496E-02   3.3242E-19   4.5723E-03
  1.9983E-14
   4.6400E+02   8.1065E-18   1.4163E-02   5.3538E-02   3.3242E-19   4.5363E-03
  1.8732E-14
   4.6500E+02   8.1065E-18   1.3730E-02   6.0520E-02   3.3242E-19   4.4974E-03
  1.7558E-14
   4.6600E+02   8.1065E-18   1.3476E-02   6.3479E-02   3.3242E-19   4.4673E-03
  1.6754E-14
   4.6700E+02   8.1065E-18   1.3469E-02   6.1356E-02   3.3242E-19   4.4569E-03
  1.6497E-14
   4.6800E+02   8.1065E-18   1.3732E-02   5.4990E-02   3.3242E-19   4.4719E-03
  1.6912E-14
   4.6900E+02   8.1065E-18   1.4093E-02   4.8716E-02   3.3242E-19   4.4994E-03
  1.7703E-14
   4.7000E+02   8.1065E-18   1.4404E-02   4.4491E-02   3.3242E-19   4.5269E-03
  1.8548E-14
   4.7100E+02   8.1065E-18   1.4584E-02   4.2683E-02   3.3242E-19   4.5459E-03
  1.9156E-14
   4.7200E+02   8.1065E-18   1.4626E-02   4.2936E-02   3.3242E-19   4.5544E-03
  1.9414E-14
   4.7300E+02   8.1065E-18   1.4567E-02   4.4276E-02   3.3242E-19   4.5537E-03
  1.9351E-14
   4.7400E+02   8.1065E-18   1.4478E-02   4.5685E-02   3.3242E-19   4.5482E-03
  1.9135E-14
   4.7500E+02   8.1065E-18   1.4411E-02   4.6591E-02   3.3242E-19   4.5427E-03
  1.8940E-14
   4.7600E+02   8.1065E-18   1.4359E-02   4.7329E-02   3.3242E-19   4.5381E-03
  1.8786E-14
   4.7700E+02   8.1065E-18   1.4289E-02   4.8659E-02   3.3242E-19   4.5327E-03
  1.8612E-14
   4.7800E+02   8.1065E-18   1.4163E-02   5.1246E-02   3.3242E-19   4.5235E-03
  1.8327E-14
   4.7900E+02   8.1065E-18   1.3941E-02   5.5756E-02   3.3242E-19   4.5070E-03
  1.7835E-14
   4.8000E+02   8.1065E-18   1.3644E-02   6.1726E-02   3.3242E-19   4.4829E-03
  1.7173E-14
   4.8100E+02   8.1065E-18   1.3320E-02   6.7792E-02   3.3242E-19   4.4528E-03
  1.6417E-14
   4.8200E+02   8.1065E-18   1.3058E-02   7.2195E-02   3.3242E-19   4.4236E-03
  1.5757E-14
   4.8300E+02   8.1065E-18   1.2915E-02   7.3944E-02   3.3242E-19   4.4034E-03
  1.5337E-14
   4.8400E+02   8.1065E-18   1.2860E-02   7.4376E-02   3.3242E-19   4.3927E-03
  1.5129E-14
   4.8500E+02   8.1065E-18   1.2822E-02   7.5401E-02   3.3242E-19   4.3867E-03
  1.5024E-14
   4.8600E+02   8.1065E-18   1.2706E-02   7.8908E-02   3.3242E-19   4.3759E-03
  1.4826E-14
   4.8700E+02   8.1065E-18   1.2457E-02   8.6011E-02   3.3242E-19   4.3527E-03
  1.4411E-14
   4.8800E+02   8.1065E-18   1.2065E-02   9.6703E-02   3.3242E-19   4.3107E-03
  1.3733E-14
   4.8900E+02   8.1065E-18   1.1605E-02   1.0904E-01   3.3242E-19   4.2529E-03
  1.2915E-14
   4.9000E+02   8.1065E-18   1.1152E-02   1.2153E-01   3.3242E-19   4.1868E-03
  1.2107E-14
   4.9100E+02   8.1065E-18   1.0754E-02   1.3295E-01   3.3242E-19   4.1206E-03
  1.1401E-14
   4.9200E+02   8.1065E-18   1.0446E-02   1.4146E-01   3.3242E-19   4.0629E-03
  1.0846E-14
   4.9300E+02   8.1065E-18   1.0306E-02   1.4355E-01   3.3242E-19   4.0277E-03
  1.0530E-14
   4.9400E+02   8.1065E-18   1.0358E-02   1.3878E-01   3.3242E-19   4.0244E-03
  1.0490E-14
   4.9500E+02   8.1065E-18   1.0572E-02   1.2885E-01   3.3242E-19   4.0488E-03
  1.0700E-14
   4.9600E+02   8.1065E-18   1.0952E-02   1.1589E-01   3.3242E-19   4.1023E-03
  1.1207E-14
   4.9700E+02   8.1065E-18   1.1362E-02   1.0474E-01   3.3242E-19   4.1642E-03
  1.1858E-14
   4.9800E+02   8.1065E-18   1.1720E-02   9.6483E-02   3.3242E-19   4.2196E-03
  1.2507E-14
   4.9900E+02   8.1065E-18   1.2004E-02   9.0494E-02   3.3242E-19   4.2639E-03
  1.3079E-14
   5.0000E+02   8.1065E-18   1.2291E-02   8.3308E-02   3.3242E-19   4.3021E-03
  1.3638E-14
   5.0100E+02   8.1065E-18   1.2696E-02   7.3156E-02   3.3242E-19   4.3476E-03
  1.4390E-14
   5.0200E+02   8.1065E-18   1.3267E-02   6.0514E-02   3.3242E-19   4.4046E-03
  1.5510E-14
   5.0300E+02   8.1065E-18   1.3994E-02   4.7420E-02   3.3242E-19   4.4713E-03
  1.7128E-14
   5.0400E+02   8.1065E-18   1.4710E-02   3.7438E-02   3.3242E-19   4.5343E-03
  1.9030E-14
   5.0500E+02   8.1065E-18   1.5243E-02   3.1445E-02   3.3242E-19   4.5818E-03
  2.0737E-14
   5.0600E+02   8.1065E-18   1.5535E-02   2.8846E-02   3.3242E-19   4.6106E-03
  2.1874E-14
   5.0700E+02   8.1065E-18   1.5611E-02   2.8897E-02   3.3242E-19   4.6235E-03
  2.2361E-14
   5.0800E+02   8.1065E-18   1.5534E-02   3.0411E-02   3.3242E-19   4.6240E-03
  2.2286E-14
   5.0900E+02   8.1065E-18   1.5416E-02   3.2001E-02   3.3242E-19   4.6185E-03
  2.1961E-14
   5.1000E+02   8.1065E-18   1.5332E-02   3.2932E-02   3.3242E-19   4.6128E-03
  2.1672E-14
   5.1100E+02   8.1065E-18   1.5291E-02   3.3313E-02   3.3242E-19   4.6092E-03
  2.1503E-14
   5.1200E+02   8.1065E-18   1.5255E-02   3.3782E-02   3.3242E-19   4.6063E-03
  2.1372E-14
   5.1300E+02   8.1065E-18   1.5190E-02   3.4969E-02   3.3242E-19   4.6023E-03
  2.1202E-14
   5.1400E+02   8.1065E-18   1.5057E-02   3.7357E-02   3.3242E-19   4.5946E-03
  2.0878E-14
   5.1500E+02   8.1065E-18   1.4837E-02   4.1129E-02   3.3242E-19   4.5811E-03
  2.0323E-14
   5.1600E+02   8.1065E-18   1.4571E-02   4.5374E-02   3.3242E-19   4.5624E-03
  1.9609E-14
   5.1700E+02   8.1065E-18   1.4327E-02   4.9011E-02   3.3242E-19   4.5425E-03
  1.8909E-14
   5.1800E+02   8.1065E-18   1.4151E-02   5.1363E-02   3.3242E-19   4.5257E-03
  1.8368E-14
   5.1900E+02   8.1065E-18   1.4055E-02   5.2416E-02   3.3242E-19   4.5144E-03
  1.8030E-14
   5.2000E+02   8.1065E-18   1.4014E-02   5.2759E-02   3.3242E-19   4.5083E-03
  1.7859E-14
   5.2100E+02   8.1065E-18   1.4006E-02   5.2724E-02   3.3242E-19   4.5059E-03
  1.7800E-14
   5.2200E+02   8.1065E-18   1.4015E-02   5.2520E-02   3.3242E-19   4.5057E-03
  1.7803E-14
   5.2300E+02   8.1065E-18   1.4038E-02   5.2054E-02   3.3242E-19   4.5071E-03
  1.7848E-14
   5.2400E+02   8.1065E-18   1.4093E-02   5.0880E-02   3.3242E-19   4.5110E-03
  1.7964E-14
   5.2500E+02   8.1065E-18   1.4198E-02   4.8817E-02   3.3242E-19   4.5186E-03
  1.8198E-14
   5.2600E+02   8.1065E-18   1.4353E-02   4.6002E-02   3.3242E-19   4.5301E-03
  1.8565E-14
   5.2700E+02   8.1065E-18   1.4514E-02   4.3511E-02   3.3242E-19   4.5428E-03
  1.8991E-14
   5.2800E+02   8.1065E-18   1.4621E-02   4.2358E-02   3.3242E-19   4.5527E-03
  1.9333E-14
   5.2900E+02   8.1065E-18   1.4623E-02   4.3146E-02   3.3242E-19   4.5561E-03
  1.9443E-14
   5.3000E+02   8.1065E-18   1.4478E-02   4.6534E-02   3.3242E-19   4.5496E-03
  1.9199E-14
   5.3100E+02   8.1065E-18   1.4220E-02   5.1053E-02   3.3242E-19   4.5324E-03
  1.8607E-14
   5.3200E+02   8.1065E-18   1.4059E-02   5.2470E-02   3.3242E-19   4.5164E-03
  1.8088E-14
   5.3300E+02   8.1065E-18   1.4141E-02   4.9049E-02   3.3242E-19   4.5159E-03
  1.8074E-14
   5.3400E+02   8.1065E-18   1.4495E-02   4.1767E-02   3.3242E-19   4.5359E-03
  1.8760E-14
   5.3500E+02   8.1065E-18   1.5007E-02   3.4119E-02   3.3242E-19   4.5700E-03
  2.0058E-14
   5.3600E+02   8.1065E-18   1.5465E-02   2.8674E-02   3.3242E-19   4.6034E-03
  2.1486E-14
   5.3700E+02   8.1065E-18   1.5775E-02   2.5492E-02   3.3242E-19   4.6279E-03
  2.2625E-14
   5.3800E+02   8.1065E-18   1.5937E-02   2.4103E-02   3.3242E-19   4.6426E-03
  2.3326E-14
   5.3900E+02   8.1065E-18   1.5993E-02   2.3789E-02   3.3242E-19   4.6498E-03
  2.3653E-14
   5.4000E+02   8.1065E-18   1.5987E-02   2.3996E-02   3.3242E-19   4.6516E-03
  2.3703E-14
   5.4100E+02   8.1065E-18   1.5960E-02   2.4363E-02   3.3242E-19   4.6512E-03
  2.3643E-14
   5.4200E+02   8.1065E-18   1.5931E-02   2.4719E-02   3.3242E-19   4.6499E-03
  2.3555E-14
   5.4300E+02   8.1065E-18   1.5908E-02   2.4958E-02   3.3242E-19   4.6484E-03
  2.3468E-14
   5.4400E+02   8.1065E-18   1.5908E-02   2.4871E-02   3.3242E-19   4.6481E-03
  2.3450E-14
   5.4500E+02   8.1065E-18   1.5919E-02   2.4655E-02   3.3242E-19   4.6483E-03
  2.3462E-14
   5.4600E+02   8.1065E-18   1.5947E-02   2.4209E-02   3.3242E-19   4.6495E-03
  2.3532E-14
   5.4700E+02   8.1065E-18   1.5981E-02   2.3738E-02   3.3242E-19   4.6512E-03
  2.3637E-14
   5.4800E+02   8.1065E-18   1.6005E-02   2.3523E-02   3.3242E-19   4.6528E-03
  2.3729E-14
   5.4900E+02   8.1065E-18   1.6020E-02   2.3434E-02   3.3242E-19   4.6540E-03
  2.3799E-14
   5.5000E+02   8.1065E-18   1.6005E-02   2.3758E-02   3.3242E-19   4.6538E-03
  2.3785E-14
   5.5100E+02   8.1065E-18   1.5948E-02   2.4722E-02   3.3242E-19   4.6515E-03
  2.3650E-14
   5.5200E+02   8.1065E-18   1.5823E-02   2.6746E-02   3.3242E-19   4.6456E-03
  2.3319E-14
   5.5300E+02   8.1065E-18   1.5585E-02   3.0535E-02   3.3242E-19   4.6335E-03
  2.2676E-14
   5.5400E+02   8.1065E-18   1.5204E-02   3.6761E-02   3.3242E-19   4.6122E-03
  2.1651E-14
   5.5500E+02   8.1065E-18   1.4688E-02   4.5316E-02   3.3242E-19   4.5791E-03
  2.0261E-14
   5.5600E+02   8.1065E-18   1.4108E-02   5.5302E-02   3.3242E-19   4.5352E-03
  1.8717E-14
   5.5700E+02   8.1065E-18   1.3530E-02   6.5716E-02   3.3242E-19   4.4838E-03
  1.7226E-14
   5.5800E+02   8.1065E-18   1.3024E-02   7.4991E-02   3.3242E-19   4.4309E-03
  1.5948E-14
   5.5900E+02   8.1065E-18   1.2699E-02   7.9744E-02   3.3242E-19   4.3880E-03
  1.5050E-14
   5.6000E+02   8.1065E-18   1.2650E-02   7.7799E-02   3.3242E-19   4.3700E-03
  1.4701E-14
   5.6100E+02   8.1065E-18   1.2909E-02   6.9541E-02   3.3242E-19   4.3844E-03
  1.4998E-14
   5.6200E+02   8.1065E-18   1.3428E-02   5.8187E-02   3.3242E-19   4.4278E-03
  1.5967E-14
   5.6300E+02   8.1065E-18   1.4023E-02   4.8255E-02   3.3242E-19   4.4810E-03
  1.7324E-14
   5.6400E+02   8.1065E-18   1.4552E-02   4.0845E-02   3.3242E-19   4.5291E-03
  1.8750E-14
   5.6500E+02   8.1065E-18   1.4962E-02   3.5736E-02   3.3242E-19   4.5662E-03
  2.0006E-14
   5.6600E+02   8.1065E-18   1.5246E-02   3.2528E-02   3.3242E-19   4.5921E-03
  2.0973E-14
   5.6700E+02   8.1065E-18   1.5399E-02   3.1117E-02   3.3242E-19   4.6076E-03
  2.1586E-14
   5.6800E+02   8.1065E-18   1.5430E-02   3.1380E-02   3.3242E-19   4.6143E-03
  2.1831E-14
   5.6900E+02   8.1065E-18   1.5323E-02   3.3584E-02   3.3242E-19   4.6115E-03
  2.1662E-14
   5.7000E+02   8.1065E-18   1.5089E-02   3.7506E-02   3.3242E-19   4.5993E-03
  2.1088E-14
   5.7100E+02   8.1065E-18   1.4813E-02   4.1623E-02   3.3242E-19   4.5812E-03
  2.0319E-14
   5.7200E+02   8.1065E-18   1.4579E-02   4.4791E-02   3.3242E-19   4.5626E-03
  1.9604E-14
   5.7300E+02   8.1065E-18   1.4442E-02   4.6270E-02   3.3242E-19   4.5490E-03
  1.9118E-14
   5.7400E+02   8.1065E-18   1.4402E-02   4.6499E-02   3.3242E-19   4.5427E-03
  1.8919E-14
   5.7500E+02   8.1065E-18   1.4380E-02   4.6779E-02   3.3242E-19   4.5395E-03
  1.8823E-14
   5.7600E+02   8.1065E-18   1.4347E-02   4.7411E-02   3.3242E-19   4.5364E-03
  1.8733E-14
   5.7700E+02   8.1065E-18   1.4281E-02   4.8710E-02   3.3242E-19   4.5315E-03
  1.8578E-14
   5.7800E+02   8.1065E-18   1.4189E-02   5.0413E-02   3.3242E-19   4.5245E-03
  1.8358E-14
   5.7900E+02   8.1065E-18   1.4080E-02   5.2342E-02   3.3242E-19   4.5157E-03
  1.8089E-14
   5.8000E+02   8.1065E-18   1.3964E-02   5.4364E-02   3.3242E-19   4.5058E-03
  1.7798E-14
   5.8100E+02   8.1065E-18   1.3847E-02   5.6399E-02   3.3242E-19   4.4953E-03
  1.7502E-14
   5.8200E+02   8.1065E-18   1.3733E-02   5.8367E-02   3.3242E-19   4.4846E-03
  1.7215E-14
   5.8300E+02   8.1065E-18   1.3627E-02   6.0243E-02   3.3242E-19   4.4743E-03
  1.6946E-14
   5.8400E+02   8.1065E-18   1.3529E-02   6.1964E-02   3.3242E-19   4.4644E-03
  1.6701E-14
   5.8500E+02   8.1065E-18   1.3435E-02   6.3706E-02   3.3242E-19   4.4548E-03
  1.6470E-14
   5.8600E+02   8.1065E-18   1.3328E-02   6.5887E-02   3.3242E-19   4.4443E-03
  1.6224E-14
   5.8700E+02   8.1065E-18   1.3188E-02   6.8918E-02   3.3242E-19   4.4308E-03
  1.5922E-14
   5.8800E+02   8.1065E-18   1.3002E-02   7.3146E-02   3.3242E-19   4.4128E-03
  1.5540E-14
   5.8900E+02   8.1065E-18   1.2750E-02   7.8972E-02   3.3242E-19   4.3873E-03
  1.5037E-14
   5.9000E+02   8.1065E-18   1.2463E-02   8.5805E-02   3.3242E-19   4.3561E-03
  1.4468E-14
   5.9100E+02   8.1065E-18   1.2144E-02   9.3489E-02   3.3242E-19   4.3182E-03
  1.3844E-14
   5.9200E+02   8.1065E-18   1.1818E-02   1.0168E-01   3.3242E-19   4.2761E-03
  1.3218E-14
   5.9300E+02   8.1065E-18   1.1519E-02   1.0901E-01   3.3242E-19   4.2329E-03
  1.2645E-14
   5.9400E+02   8.1065E-18   1.1326E-02   1.1231E-01   3.3242E-19   4.1987E-03
  1.2218E-14
   5.9500E+02   8.1065E-18   1.1367E-02   1.0776E-01   3.3242E-19   4.1919E-03
  1.2136E-14
   5.9600E+02   8.1065E-18   1.1680E-02   9.6071E-02   3.3242E-19   4.2204E-03
  1.2503E-14
   5.9700E+02   8.1065E-18   1.2242E-02   8.0955E-02   3.3242E-19   4.2829E-03
  1.3398E-14
   5.9800E+02   8.1065E-18   1.2852E-02   6.9093E-02   3.3242E-19   4.3547E-03
  1.4597E-14
   5.9900E+02   8.1065E-18   1.3285E-02   6.3031E-02   3.3242E-19   4.4110E-03
  1.5674E-14
   6.0000E+02   8.1065E-18   1.3422E-02   6.3266E-02   3.3242E-19   4.4388E-03
  1.6219E-14
   6.0100E+02   8.1065E-18   1.3236E-02   6.8880E-02   3.3242E-19   4.4333E-03
  1.6030E-14
   6.0200E+02   8.1065E-18   1.3010E-02   7.2915E-02   3.3242E-19   4.4136E-03
  1.5567E-14
   6.0300E+02   8.1065E-18   1.2938E-02   7.2334E-02   3.3242E-19   4.4015E-03
  1.5299E-14
   6.0400E+02   8.1065E-18   1.3145E-02   6.5485E-02   3.3242E-19   4.4126E-03
  1.5544E-14
   6.0500E+02   8.1065E-18   1.3605E-02   5.5761E-02   3.3242E-19   4.4488E-03
  1.6410E-14
   6.0600E+02   8.1065E-18   1.4074E-02   4.8614E-02   3.3242E-19   4.4912E-03
  1.7552E-14
   6.0700E+02   8.1065E-18   1.4370E-02   4.5453E-02   3.3242E-19   4.5227E-03
  1.8468E-14
   6.0800E+02   8.1065E-18   1.4418E-02   4.6540E-02   3.3242E-19   4.5359E-03
  1.8832E-14
   6.0900E+02   8.1065E-18   1.4226E-02   5.0884E-02   3.3242E-19   4.5289E-03
  1.8543E-14
   6.1000E+02   8.1065E-18   1.4024E-02   5.3574E-02   3.3242E-19   4.5136E-03
  1.8024E-14
   6.1100E+02   8.1065E-18   1.4018E-02   5.1891E-02   3.3242E-19   4.5079E-03
  1.7838E-14
   6.1200E+02   8.1065E-18   1.4263E-02   4.6016E-02   3.3242E-19   4.5203E-03
  1.8243E-14
   6.1300E+02   8.1065E-18   1.4687E-02   3.8988E-02   3.3242E-19   4.5483E-03
  1.9228E-14
   6.1400E+02   8.1065E-18   1.5094E-02   3.3893E-02   3.3242E-19   4.5789E-03
  2.0412E-14
   6.1500E+02   8.1065E-18   1.5338E-02   3.1556E-02   3.3242E-19   4.6006E-03
  2.1304E-14
   6.1600E+02   8.1065E-18   1.5402E-02   3.1716E-02   3.3242E-19   4.6108E-03
  2.1708E-14
   6.1700E+02   8.1065E-18   1.5317E-02   3.3414E-02   3.3242E-19   4.6100E-03
  2.1604E-14
   6.1800E+02   8.1065E-18   1.5232E-02   3.4262E-02   3.3242E-19   4.6052E-03
  2.1342E-14
   6.1900E+02   8.1065E-18   1.5246E-02   3.3419E-02   3.3242E-19   4.6044E-03
  2.1286E-14
   6.2000E+02   8.1065E-18   1.5372E-02   3.0980E-02   3.3242E-19   4.6098E-03
  2.1544E-14
   6.2100E+02   8.1065E-18   1.5564E-02   2.8422E-02   3.3242E-19   4.6207E-03
  2.2090E-14
   6.2200E+02   8.1065E-18   1.5680E-02   2.7473E-02   3.3242E-19   4.6294E-03
  2.2537E-14
   6.2300E+02   8.1065E-18   1.5656E-02   2.8665E-02   3.3242E-19   4.6314E-03
  2.2631E-14
   6.2400E+02   8.1065E-18   1.5411E-02   3.3310E-02   3.3242E-19   4.6214E-03
  2.2122E-14
   6.2500E+02   8.1065E-18   1.4968E-02   4.0526E-02   3.3242E-19   4.5966E-03
  2.0983E-14
   6.2600E+02   8.1065E-18   1.4529E-02   4.6846E-02   3.3242E-19   4.5649E-03
  1.9701E-14
   6.2700E+02   8.1065E-18   1.4276E-02   4.9310E-02   3.3242E-19   4.5398E-03
  1.8802E-14
   6.2800E+02   8.1065E-18   1.4279E-02   4.7429E-02   3.3242E-19   4.5316E-03
  1.8539E-14
   6.2900E+02   8.1065E-18   1.4479E-02   4.3486E-02   3.3242E-19   4.5409E-03
  1.8886E-14
   6.3000E+02   8.1065E-18   1.4718E-02   3.9950E-02   3.3242E-19   4.5571E-03
  1.9492E-14
   6.3100E+02   8.1065E-18   1.4916E-02   3.7457E-02   3.3242E-19   4.5728E-03
  2.0088E-14
   6.3200E+02   8.1065E-18   1.5042E-02   3.6140E-02   3.3242E-19   4.5843E-03
  2.0529E-14
   6.3300E+02   8.1065E-18   1.5066E-02   3.6370E-02   3.3242E-19   4.5891E-03
  2.0705E-14
   6.3400E+02   8.1065E-18   1.4977E-02   3.8355E-02   3.3242E-19   4.5863E-03
  2.0569E-14
   6.3500E+02   8.1065E-18   1.4750E-02   4.2766E-02   3.3242E-19   4.5741E-03
  2.0072E-14
   6.3600E+02   8.1065E-18   1.4359E-02   4.9976E-02   3.3242E-19   4.5487E-03
  1.9152E-14
   6.3700E+02   8.1065E-18   1.3958E-02   5.6187E-02   3.3242E-19   4.5159E-03
  1.8085E-14
   6.3800E+02   8.1065E-18   1.3774E-02   5.7245E-02   3.3242E-19   4.4929E-03
  1.7406E-14
   6.3900E+02   8.1065E-18   1.3906E-02   5.2399E-02   3.3242E-19   4.4934E-03
  1.7434E-14
   6.4000E+02   8.1065E-18   1.4324E-02   4.4341E-02   3.3242E-19   4.5198E-03
  1.8285E-14
   6.4100E+02   8.1065E-18   1.4734E-02   3.8796E-02   3.3242E-19   4.5514E-03
  1.9387E-14
   6.4200E+02   8.1065E-18   1.4981E-02   3.6736E-02   3.3242E-19   4.5748E-03
  2.0246E-14
   6.4300E+02   8.1065E-18   1.4917E-02   3.9795E-02   3.3242E-19   4.5795E-03
  2.0384E-14
   6.4400E+02   8.1065E-18   1.4489E-02   4.8552E-02   3.3242E-19   4.5584E-03
  1.9544E-14
   6.4500E+02   8.1065E-18   1.3983E-02   5.6414E-02   3.3242E-19   4.5198E-03
  1.8244E-14
   6.4600E+02   8.1065E-18   1.3732E-02   5.8305E-02   3.3242E-19   4.4912E-03
  1.7374E-14
   6.4700E+02   8.1065E-18   1.3875E-02   5.2431E-02   3.3242E-19   4.4908E-03
  1.7364E-14
   6.4800E+02   8.1065E-18   1.4384E-02   4.2614E-02   3.3242E-19   4.5215E-03
  1.8345E-14
   6.4900E+02   8.1065E-18   1.4954E-02   3.4774E-02   3.3242E-19   4.5629E-03
  1.9852E-14
   6.5000E+02   8.1065E-18   1.5389E-02   2.9887E-02   3.3242E-19   4.5977E-03
  2.1272E-14
   6.5100E+02   8.1065E-18   1.5639E-02   2.7578E-02   3.3242E-19   4.6203E-03
  2.2249E-14
   6.5200E+02   8.1065E-18   1.5719E-02   2.7374E-02   3.3242E-19   4.6313E-03
  2.2708E-14
   6.5300E+02   8.1065E-18   1.5634E-02   2.9284E-02   3.3242E-19   4.6311E-03
  2.2632E-14
   6.5400E+02   8.1065E-18   1.5366E-02   3.3995E-02   3.3242E-19   4.6192E-03
  2.2007E-14
   6.5500E+02   8.1065E-18   1.4843E-02   4.3435E-02   3.3242E-19   4.5899E-03
  2.0721E-14
   6.5600E+02   8.1065E-18   1.4053E-02   5.8336E-02   3.3242E-19   4.5359E-03
  1.8804E-14
   6.5700E+02   8.1065E-18   1.3184E-02   7.5146E-02   3.3242E-19   4.4598E-03
  1.6696E-14
   6.5800E+02   8.1065E-18   1.2470E-02   8.8712E-02   3.3242E-19   4.3781E-03
  1.4947E-14
   6.5900E+02   8.1065E-18   1.2060E-02   9.4960E-02   3.3242E-19   4.3154E-03
  1.3839E-14
   6.6000E+02   8.1065E-18   1.1940E-02   9.5049E-02   3.3242E-19   4.2849E-03
  1.3350E-14
   6.6100E+02   8.1065E-18   1.1991E-02   9.2443E-02   3.3242E-19   4.2806E-03
  1.3285E-14
   6.6200E+02   8.1065E-18   1.2124E-02   8.8896E-02   3.3242E-19   4.2933E-03
  1.3475E-14
   6.6300E+02   8.1065E-18   1.2268E-02   8.5549E-02   3.3242E-19   4.3098E-03
  1.3728E-14
   6.6400E+02   8.1065E-18   1.2364E-02   8.4026E-02   3.3242E-19   4.3233E-03
  1.3940E-14
   6.6500E+02   8.1065E-18   1.2350E-02   8.5692E-02   3.3242E-19   4.3264E-03
  1.3981E-14
   6.6600E+02   8.1065E-18   1.2201E-02   9.1038E-02   3.3242E-19   4.3151E-03
  1.3797E-14
   6.6700E+02   8.1065E-18   1.1851E-02   1.0198E-01   3.3242E-19   4.2796E-03
  1.3269E-14
   6.6800E+02   8.1065E-18   1.1391E-02   1.1485E-01   3.3242E-19   4.2214E-03
  1.2505E-14
   6.6900E+02   8.1065E-18   1.1017E-02   1.2389E-01   3.3242E-19   4.1612E-03
  1.1813E-14
   6.7000E+02   8.1065E-18   1.0857E-02   1.2580E-01   3.3242E-19   4.1248E-03
  1.1425E-14
   6.7100E+02   8.1065E-18   1.0900E-02   1.2147E-01   3.3242E-19   4.1186E-03
  1.1353E-14
   6.7200E+02   8.1065E-18   1.1097E-02   1.1373E-01   3.3242E-19   4.1385E-03
  1.1560E-14
   6.7300E+02   8.1065E-18   1.1402E-02   1.0474E-01   3.3242E-19   4.1793E-03
  1.2017E-14
   6.7400E+02   8.1065E-18   1.1725E-02   9.6377E-02   3.3242E-19   4.2240E-03
  1.2555E-14
   6.7500E+02   8.1065E-18   1.2051E-02   8.8548E-02   3.3242E-19   4.2686E-03
  1.3149E-14
   6.7600E+02   8.1065E-18   1.2391E-02   8.0729E-02   3.3242E-19   4.3126E-03
  1.3805E-14
   6.7700E+02   8.1065E-18   1.2775E-02   7.2141E-02   3.3242E-19   4.3574E-03
  1.4583E-14
   6.7800E+02   8.1065E-18   1.3200E-02   6.3687E-02   3.3242E-19   4.4038E-03
  1.5483E-14
   6.7900E+02   8.1065E-18   1.3634E-02   5.5822E-02   3.3242E-19   4.4487E-03
  1.6473E-14
   6.8000E+02   8.1065E-18   1.4049E-02   4.9196E-02   3.3242E-19   4.4897E-03
  1.7513E-14
   6.8100E+02   8.1065E-18   1.4402E-02   4.4168E-02   3.3242E-19   4.5236E-03
  1.8491E-14
   6.8200E+02   8.1065E-18   1.4672E-02   4.0649E-02   3.3242E-19   4.5493E-03
  1.9308E-14
   6.8300E+02   8.1065E-18   1.4856E-02   3.8478E-02   3.3242E-19   4.5673E-03
  1.9918E-14
   6.8400E+02   8.1065E-18   1.4946E-02   3.7725E-02   3.3242E-19   4.5777E-03
  2.0279E-14
   6.8500E+02   8.1065E-18   1.4941E-02   3.8415E-02   3.3242E-19   4.5810E-03
  2.0377E-14
   6.8600E+02   8.1065E-18   1.4824E-02   4.0860E-02   3.3242E-19   4.5761E-03
  2.0160E-14
   6.8700E+02   8.1065E-18   1.4617E-02   4.4358E-02   3.3242E-19   4.5634E-03
  1.9661E-14
   6.8800E+02   8.1065E-18   1.4468E-02   4.5821E-02   3.3242E-19   4.5505E-03
  1.9181E-14
   6.8900E+02   8.1065E-18   1.4506E-02   4.3751E-02   3.3242E-19   4.5481E-03
  1.9096E-14
   6.9000E+02   8.1065E-18   1.4765E-02   3.8441E-02   3.3242E-19   4.5612E-03
  1.9599E-14
   6.9100E+02   8.1065E-18   1.5181E-02   3.2288E-02   3.3242E-19   4.5869E-03
  2.0669E-14
   6.9200E+02   8.1065E-18   1.5543E-02   2.8167E-02   3.3242E-19   4.6124E-03
  2.1831E-14
   6.9300E+02   8.1065E-18   1.5739E-02   2.6535E-02   3.3242E-19   4.6294E-03
  2.2635E-14
   6.9400E+02   8.1065E-18   1.5746E-02   2.7435E-02   3.3242E-19   4.6354E-03
  2.2887E-14
   6.9500E+02   8.1065E-18   1.5567E-02   3.0558E-02   3.3242E-19   4.6295E-03
  2.2528E-14
   6.9600E+02   8.1065E-18   1.5319E-02   3.3997E-02   3.3242E-19   4.6158E-03
  2.1820E-14
   6.9700E+02   8.1065E-18   1.5113E-02   3.6536E-02   3.3242E-19   4.6014E-03
  2.1140E-14
   6.9800E+02   8.1065E-18   1.5018E-02   3.7216E-02   3.3242E-19   4.5921E-03
  2.0730E-14
   6.9900E+02   8.1065E-18   1.5011E-02   3.7066E-02   3.3242E-19   4.5890E-03
  2.0619E-14
   7.0000E+02   8.1065E-18   1.4961E-02   3.8329E-02   3.3242E-19   4.5856E-03
  2.0505E-14
   7.0100E+02   8.1065E-18   1.4758E-02   4.2611E-02   3.3242E-19   4.5744E-03
  2.0081E-14
   7.0200E+02   8.1065E-18   1.4293E-02   5.2171E-02   3.3242E-19   4.5456E-03
  1.9065E-14
   7.0300E+02   8.1065E-18   1.3586E-02   6.6263E-02   3.3242E-19   4.4917E-03
  1.7464E-14
   7.0400E+02   8.1065E-18   1.2903E-02   7.9038E-02   3.3242E-19   4.4232E-03
  1.5832E-14
   7.0500E+02   8.1065E-18   1.2443E-02   8.6637E-02   3.3242E-19   4.3642E-03
  1.4643E-14
   7.0600E+02   8.1065E-18   1.2303E-02   8.6227E-02   3.3242E-19   4.3331E-03
  1.4078E-14
   7.0700E+02   8.1065E-18   1.2486E-02   7.9346E-02   3.3242E-19   4.3396E-03
  1.4196E-14
   7.0800E+02   8.1065E-18   1.2859E-02   7.0164E-02   3.3242E-19   4.3718E-03
  1.4797E-14
   7.0900E+02   8.1065E-18   1.3342E-02   6.0285E-02   3.3242E-19   4.4180E-03
  1.5764E-14
   7.1000E+02   8.1065E-18   1.3877E-02   5.0926E-02   3.3242E-19   4.4688E-03
  1.6989E-14
   7.1100E+02   8.1065E-18   1.4382E-02   4.3489E-02   3.3242E-19   4.5157E-03
  1.8310E-14
   7.1200E+02   8.1065E-18   1.4774E-02   3.8528E-02   3.3242E-19   4.5523E-03
  1.9484E-14
   7.1300E+02   8.1065E-18   1.5026E-02   3.5761E-02   3.3242E-19   4.5769E-03
  2.0346E-14
   7.1400E+02   8.1065E-18   1.5139E-02   3.4934E-02   3.3242E-19   4.5905E-03
  2.0829E-14
   7.1500E+02   8.1065E-18   1.5121E-02   3.5987E-02   3.3242E-19   4.5942E-03
  2.0931E-14
   7.1600E+02   8.1065E-18   1.4945E-02   3.9510E-02   3.3242E-19   4.5867E-03
  2.0585E-14
   7.1700E+02   8.1065E-18   1.4574E-02   4.6584E-02   3.3242E-19   4.5649E-03
  1.9736E-14
   7.1800E+02   8.1065E-18   1.3984E-02   5.8051E-02   3.3242E-19   4.5237E-03
  1.8368E-14
   7.1900E+02   8.1065E-18   1.3389E-02   6.8067E-02   3.3242E-19   4.4698E-03
  1.6867E-14
   7.2000E+02   8.1065E-18   1.3110E-02   6.9993E-02   3.3242E-19   4.4314E-03
  1.5925E-14
   7.2100E+02   8.1065E-18   1.3291E-02   6.2282E-02   3.3242E-19   4.4317E-03
  1.5935E-14
   7.2200E+02   8.1065E-18   1.3888E-02   4.9545E-02   3.3242E-19   4.4724E-03
  1.7005E-14
   7.2300E+02   8.1065E-18   1.4599E-02   3.8854E-02   3.3242E-19   4.5284E-03
  1.8744E-14
   7.2400E+02   8.1065E-18   1.5187E-02   3.1778E-02   3.3242E-19   4.5770E-03
  2.0518E-14
   7.2500E+02   8.1065E-18   1.5579E-02   2.7691E-02   3.3242E-19   4.6109E-03
  2.1907E-14
   7.2600E+02   8.1065E-18   1.5795E-02   2.5668E-02   3.3242E-19   4.6312E-03
  2.2788E-14
   7.2700E+02   8.1065E-18   1.5898E-02   2.4747E-02   3.3242E-19   4.6421E-03
  2.3264E-14
   7.2800E+02   8.1065E-18   1.5934E-02   2.4475E-02   3.3242E-19   4.6467E-03
  2.3459E-14
   7.2900E+02   8.1065E-18   1.5939E-02   2.4544E-02   3.3242E-19   4.6488E-03
  2.3530E-14
   7.3000E+02   8.1065E-18   1.5907E-02   2.5088E-02   3.3242E-19   4.6479E-03
  2.3464E-14
   7.3100E+02   8.1065E-18   1.5834E-02   2.6235E-02   3.3242E-19   4.6447E-03
  2.3276E-14
   7.3200E+02   8.1065E-18   1.5705E-02   2.8269E-02   3.3242E-19   4.6383E-03
  2.2925E-14
   7.3300E+02   8.1065E-18   1.5490E-02   3.1667E-02   3.3242E-19   4.6268E-03
  2.2338E-14
   7.3400E+02   8.1065E-18   1.5157E-02   3.7131E-02   3.3242E-19   4.6077E-03
  2.1441E-14
   7.3500E+02   8.1065E-18   1.4668E-02   4.5652E-02   3.3242E-19   4.5767E-03
  2.0173E-14
   7.3600E+02   8.1065E-18   1.3978E-02   5.9068E-02   3.3242E-19   4.5271E-03
  1.8497E-14
   7.3700E+02   8.1065E-18   1.3032E-02   8.0333E-02   3.3242E-19   4.4466E-03
  1.6417E-14
   7.3800E+02   8.1065E-18   1.1920E-02   1.0814E-01   3.3242E-19   4.3258E-03
  1.4161E-14
   7.3900E+02   8.1065E-18   1.0996E-02   1.3062E-01   3.3242E-19   4.1890E-03
  1.2290E-14
   7.4000E+02   8.1065E-18   1.0554E-02   1.3697E-01   3.3242E-19   4.0925E-03
  1.1206E-14
   7.4100E+02   8.1065E-18   1.0676E-02   1.2482E-01   3.3242E-19   4.0777E-03
  1.1009E-14
   7.4200E+02   8.1065E-18   1.1240E-02   1.0475E-01   3.3242E-19   4.1404E-03
  1.1634E-14
   7.4300E+02   8.1065E-18   1.1914E-02   8.8002E-02   3.3242E-19   4.2299E-03
  1.2712E-14
   7.4400E+02   8.1065E-18   1.2498E-02   7.6636E-02   3.3242E-19   4.3104E-03
  1.3867E-14
   7.4500E+02   8.1065E-18   1.2909E-02   7.0068E-02   3.3242E-19   4.3688E-03
  1.4831E-14
   7.4600E+02   8.1065E-18   1.3157E-02   6.6636E-02   3.3242E-19   4.4059E-03
  1.5500E-14
   7.4700E+02   8.1065E-18   1.3299E-02   6.4741E-02   3.3242E-19   4.4280E-03
  1.5919E-14
   7.4800E+02   8.1065E-18   1.3364E-02   6.3849E-02   3.3242E-19   4.4383E-03
  1.6126E-14
   7.4900E+02   8.1065E-18   1.3401E-02   6.3283E-02   3.3242E-19   4.4440E-03
  1.6245E-14
   7.5000E+02   8.1065E-18   1.3443E-02   6.2454E-02   3.3242E-19   4.4488E-03
  1.6350E-14
   7.5100E+02   8.1065E-18   1.3507E-02   6.1069E-02   3.3242E-19   4.4548E-03
  1.6490E-14
   7.5200E+02   8.1065E-18   1.3607E-02   5.8974E-02   3.3242E-19   4.4636E-03
  1.6707E-14
   7.5300E+02   8.1065E-18   1.3722E-02   5.6803E-02   3.3242E-19   4.4739E-03
  1.6972E-14
   7.5400E+02   8.1065E-18   1.3826E-02   5.5168E-02   3.3242E-19   4.4838E-03
  1.7232E-14
   7.5500E+02   8.1065E-18   1.3862E-02   5.5110E-02   3.3242E-19   4.4893E-03
  1.7374E-14
   7.5600E+02   8.1065E-18   1.3810E-02   5.6859E-02   3.3242E-19   4.4879E-03
  1.7330E-14
   7.5700E+02   8.1065E-18   1.3640E-02   6.0786E-02   3.3242E-19   4.4765E-03
  1.7018E-14
   7.5800E+02   8.1065E-18   1.3426E-02   6.4878E-02   3.3242E-19   4.4582E-03
  1.6550E-14
   7.5900E+02   8.1065E-18   1.3268E-02   6.7233E-02   3.3242E-19   4.4411E-03
  1.6139E-14
   7.6000E+02   8.1065E-18   1.3220E-02   6.6957E-02   3.3242E-19   4.4318E-03
  1.5932E-14
   7.6100E+02   8.1065E-18   1.3289E-02   6.4608E-02   3.3242E-19   4.4336E-03
  1.5985E-14
   7.6200E+02   8.1065E-18   1.3415E-02   6.2181E-02   3.3242E-19   4.4433E-03
  1.6225E-14
   7.6300E+02   8.1065E-18   1.3482E-02   6.1670E-02   3.3242E-19   4.4515E-03
  1.6422E-14
   7.6400E+02   8.1065E-18   1.3436E-02   6.3524E-02   3.3242E-19   4.4508E-03
  1.6398E-14
   7.6500E+02   8.1065E-18   1.3274E-02   6.7555E-02   3.3242E-19   4.4390E-03
  1.6118E-14
   7.6600E+02   8.1065E-18   1.3060E-02   7.2269E-02   3.3242E-19   4.4201E-03
  1.5694E-14
   7.6700E+02   8.1065E-18   1.2837E-02   7.6702E-02   3.3242E-19   4.3966E-03
  1.5209E-14
   7.6800E+02   8.1065E-18   1.2658E-02   7.9973E-02   3.3242E-19   4.3748E-03
  1.4791E-14
   7.6900E+02   8.1065E-18   1.2550E-02   8.1621E-02   3.3242E-19   4.3590E-03
  1.4508E-14
