0 769.
 -43.0258512
 -43.9468853
 -44.8679193
 -45.7889534
 -46.7099874
 -47.6310216
 -48.5520556
 -49.4730896
 -50.3941236
 -51.315158
 -52.236192
 -53.157226
 -54.07826
 -54.999294
 -55.9203279
 -56.8413619
 -57.7623959
 -58.6834299
 -59.6044648
 -60.5254978
 -61.4465328
 -62.3675658
 -63.2886007
 -64.2096338
 -65.1306687
 -66.0517017
 -66.9727367
 -67.8937697
 -68.8148046
 -69.7358377
 -70.6568726
 -71.5779056
 -72.4989405
 -73.4199736
 -74.3410085
 -5.841314
 -6.92981651
 -8.04791998
 -9.21784805
 -10.4478822
 -11.7350518
 -13.0694441
 -14.4402001
 -15.8363431
 -17.2502901
 -18.6743892
 -20.1041265
 -21.5336606
 -22.9586852
 -24.4123908
 -25.9193924
 -27.7256254
 -122.509827
 -123.657259
 -124.836121
 -125.998111
 -127.173412
 -128.436748
 -129.787635
 -131.236444
 -132.837882
 -134.534571
 -136.626744
 -138.727278
 -141.730295
 -143.950363
 -145.194716
 -146.225902
 -147.229494
 -148.195632
 -149.153633
 -150.094678
 -151.031891
 -151.960272
 -152.886401
 -153.807311
 -154.72642
 -155.646584
 -156.57375
 -157.490481
 -23.795105
 -22.0742031
 -20.650096
 -19.2800339
 -17.898025
 -16.5074895
 -15.1140799
 -13.7274689
 -12.5047187
 -12.7163779
 -14.4093339
 -16.2797683
 -18.1589718
 -20.0426281
 -21.945662
 -23.9046012
 -25.9855021
 -28.2819607
 -30.4058996
 -30.6042819
 -30.1451533
 -30.2836197
 -32.5809456
 -38.1462025
 -39.6305799
 -41.2452911
 -42.8998373
 -44.6035359
 -46.3559679
 -48.15023
 -49.9829821
 -51.8506955
 -53.7486694
 -55.6731168
 -57.6273623
 -59.6403558
 -61.9042814
 -64.5611491
 -67.172171
 -75.1596975
 -165.502183
 -168.636654
 -170.461347
 -171.851607
 -173.161236
 -175.016701
 -178.746659
 -185.65139
 -188.766696
 -191.501951
 -194.124124
 -196.757775
 -199.747311
 -200.
 -8.85159739
 -805.822942
 -200.056725
 -200.166708
 -200.12855
 -200.087702
 -200.000001
 -200.
 -200.000001
 -200.000001
 -200.
 -200.041741
 -200.000001
 -200.097562
 -200.268188
 -200.381066
 -200.000001
 -200.000001
 -200.119514
 -200.000002
 -200.026576
 -200.097075
 -200.000001
 -200.282631
 -200.000001
 -200.000002
 -200.052213
 -200.102492
 -200.054154
 -200.000002
 -200.170566
 -200.002308
 -200.000001
 -200.016865
 -200.000002
 -200.128577
 -200.116771
 -200.051111
 -200.000002
 -200.000001
 -200.007451
 -200.188657
 -200.150644
 -200.02207
 -200.015797
 -849.590479
 -63.0258512
 -832.946885
 -833.867919
 -834.788953
 -835.709987
 -836.631022
 -837.552056
 -838.47309
 -839.394124
 -840.315158
 -841.236192
 -842.157226
 -843.07826
 -843.999294
 -844.920328
 -845.841362
 -846.762396
 -847.68343
 -848.604465
 -849.525498
 -850.446533
 -851.367566
 -852.288601
 -853.209634
 -854.130669
 -855.051702
 -855.972737
 -856.89377
 -857.814805
 -858.735838
 -859.656873
 -860.577906
 -861.498941
 -862.419974
 -94.3410085
 -47.9718311
 -47.0507971
 -46.129763
 -45.2087291
 -44.2876952
 -43.3666614
 -42.4456282
 -41.5245962
 -40.6035673
 -39.6825461
 -38.7615444
 -37.8405915
 -36.9197614
 -35.9992396
 -35.0794926
 -34.161694
 -33.2488024
 -32.3483179
 -31.4795128
 -30.6935179
 -30.1356045
 -30.2652662
 -32.5695576
 -40.9714102
 -200.000002
 -200.014874
 -200.041001
 -200.010035
 -200.014984
 -200.000001
 -200.049902
 -200.183966
 -200.000024
 -200.069095
 -200.048642
 -200.000001
 -200.032244
 -200.10069
 -200.000001
 -200.055378
 -200.692652
 -200.000001
 -200.709691
 -200.005723
 -200.001791
 -200.000399
 -200.000001
 -200.032999
 -200.010103
 -200.064909
 -200.289176
 -200.075493
 -200.041305
 -122.037012
