8.978500000000000000e+03 8.508299999999999891e-03
8.982500000000000000e+03 8.908224999999998783e-03
8.986500000000000000e+03 1.420882500000000132e-02
8.990500000000000000e+03 1.802150000000000279e-02
8.994500000000000000e+03 1.335199999999999929e-02
8.998500000000000000e+03 1.085582499999999950e-02
9.002500000000000000e+03 9.164649999999999880e-03
9.006500000000000000e+03 8.985174999999999759e-03
9.010500000000000000e+03 7.278375000000000122e-03
9.014000000000000000e+03 6.323633333333334404e-03
9.017500000000000000e+03 7.420200000000000060e-03
9.021500000000000000e+03 8.462199999999999583e-03
9.025500000000000000e+03 8.839750000000000385e-03
9.030200000000000728e+03 7.918180000000000357e-03
9.035500000000000000e+03 1.155982500000000100e-02
9.039500000000000000e+03 1.408399999999999930e-02
9.043500000000000000e+03 1.834975000000000148e-02
9.047500000000000000e+03 2.790199999999999972e-02
9.051500000000000000e+03 3.871850000000000291e-02
9.055000000000000000e+03 2.283999999999999919e-02
9.058500000000000000e+03 1.265424999999999883e-02
9.062500000000000000e+03 1.485974999999999970e-02
9.066500000000000000e+03 2.133299999999999780e-02
9.070500000000000000e+03 3.156399999999999484e-02
9.074500000000000000e+03 3.567725000000000063e-02
9.078500000000000000e+03 1.831225000000000214e-02
9.082500000000000000e+03 3.064350000000000060e-02
9.086500000000000000e+03 2.917800000000000255e-02
9.090500000000000000e+03 3.687624999999999931e-02
9.094000000000000000e+03 3.470833333333333409e-02
9.097500000000000000e+03 3.925549999999999873e-02
9.101500000000000000e+03 3.020049999999999818e-02
9.105500000000000000e+03 1.374825000000000005e-02
9.109500000000000000e+03 9.861850000000000130e-03
9.113500000000000000e+03 1.047472500000000070e-02
9.117500000000000000e+03 8.922124999999999501e-03
9.121500000000000000e+03 1.885325000000000195e-02
9.125500000000000000e+03 1.157450000000000145e-02
9.129500000000000000e+03 2.689450000000000174e-02
9.133000000000000000e+03 4.506833333333334218e-02
9.136500000000000000e+03 1.273720000000000060e-02
9.140500000000000000e+03 2.846699999999999925e-02
9.144500000000000000e+03 1.081667499999999955e-02
9.148500000000000000e+03 1.812249999999999972e-02
9.152500000000000000e+03 1.935599999999999821e-02
9.156500000000000000e+03 1.090362500000000012e-02
9.160500000000000000e+03 3.889574999999999977e-02
9.164500000000000000e+03 3.994475000000000109e-02
9.168500000000000000e+03 1.187227500000000158e-02
9.172000000000000000e+03 1.192033333333333313e-02
9.175500000000000000e+03 2.863725000000000298e-02
9.179500000000000000e+03 1.916225000000000220e-02
9.183500000000000000e+03 7.323599999999999555e-03
9.187500000000000000e+03 2.245650000000000077e-02
9.191500000000000000e+03 1.525799999999999899e-02
9.195500000000000000e+03 4.048575000000000090e-02
9.199500000000000000e+03 6.546974999999999323e-02
9.203500000000000000e+03 3.693074999999999830e-02
9.207500000000000000e+03 1.243400000000000061e-02
9.211000000000000000e+03 1.323033333333333179e-02
9.214500000000000000e+03 3.923600000000000004e-02
9.218500000000000000e+03 1.934525000000000133e-02
9.222500000000000000e+03 1.404249999999999943e-02
9.226500000000000000e+03 1.116375000000000006e-02
9.230500000000000000e+03 1.043247500000000008e-02
9.234500000000000000e+03 1.100722500000000069e-02
9.238500000000000000e+03 2.752600000000000185e-02
9.242500000000000000e+03 3.238450000000000356e-02
9.246500000000000000e+03 3.790974999999999900e-02
9.250000000000000000e+03 1.960999999999999896e-02
9.253500000000000000e+03 1.689475000000000005e-02
9.257500000000000000e+03 2.699224999999999888e-02
9.261500000000000000e+03 3.704774999999999735e-02
9.265500000000000000e+03 2.315849999999999853e-02
9.269500000000000000e+03 1.257600000000000037e-02
9.273500000000000000e+03 1.646349999999999897e-02
9.277500000000000000e+03 1.615574999999999997e-02
9.281500000000000000e+03 1.779025000000000051e-02
9.285500000000000000e+03 2.197674999999999976e-02
9.289000000000000000e+03 1.421466666666666712e-02
9.292500000000000000e+03 1.247449999999999948e-02
9.296500000000000000e+03 1.009015000000000085e-02
9.300500000000000000e+03 1.025270000000000001e-02
9.304500000000000000e+03 1.176400000000000015e-02
9.308500000000000000e+03 1.076799999999999979e-02
9.312500000000000000e+03 1.237900000000000111e-02
9.316500000000000000e+03 1.194200000000000123e-02
9.320500000000000000e+03 1.150900000000000013e-02
9.324500000000000000e+03 1.839475000000000138e-02
9.328000000000000000e+03 4.629233333333333117e-02
9.331500000000000000e+03 5.296775000000000094e-02
9.335500000000000000e+03 4.423200000000000048e-02
9.339500000000000000e+03 2.204274999999999984e-02
9.343500000000000000e+03 1.761449999999999821e-02
9.347500000000000000e+03 1.250730000000000244e-02
9.351500000000000000e+03 7.973700000000000232e-03
9.355500000000000000e+03 2.051025000000000070e-02
9.359500000000000000e+03 1.143800000000000025e-02
9.363500000000000000e+03 1.287225000000000001e-02
9.367000000000000000e+03 7.030366666666666882e-03
9.370500000000000000e+03 2.978350000000000095e-02
9.374500000000000000e+03 4.135199999999999987e-02
9.378500000000000000e+03 9.809675000000000339e-03
9.382500000000000000e+03 1.235147500000000065e-02
9.386500000000000000e+03 1.026302500000000027e-02
9.390500000000000000e+03 2.682425000000000087e-02
9.394500000000000000e+03 3.077175000000000049e-02
9.398500000000000000e+03 3.789674999999999988e-02
9.402500000000000000e+03 2.411125000000000074e-02
9.406000000000000000e+03 1.943033333333333418e-02
9.409500000000000000e+03 2.620500000000000260e-02
9.413500000000000000e+03 2.189924999999999858e-02
9.417500000000000000e+03 5.214475000000000360e-02
9.421500000000000000e+03 7.375774999999999693e-02
9.425500000000000000e+03 1.307637499999999946e-02
9.429500000000000000e+03 1.924574999999999897e-02
9.433500000000000000e+03 1.698875000000000038e-02
9.437500000000000000e+03 1.251549999999999885e-02
9.441500000000000000e+03 1.362250000000000093e-02
9.445000000000000000e+03 2.196999999999999995e-02
9.448500000000000000e+03 2.718500000000000083e-02
9.452500000000000000e+03 1.694274999999999948e-02
9.456500000000000000e+03 1.999425000000000160e-02
9.460500000000000000e+03 1.606524999999999967e-02
9.464500000000000000e+03 1.331825000000000023e-02
9.468500000000000000e+03 3.281749999999999945e-02
9.472500000000000000e+03 1.368382500000000015e-02
9.476500000000000000e+03 8.304249999999999132e-03
9.480500000000000000e+03 7.362274999999999722e-03
9.484000000000000000e+03 8.173233333333333392e-03
9.487500000000000000e+03 1.260225000000000234e-02
9.491500000000000000e+03 1.727100000000000163e-02
9.495500000000000000e+03 1.972424999999999873e-02
9.499500000000000000e+03 1.653825000000000087e-02
9.503500000000000000e+03 1.667774999999999813e-02
9.507500000000000000e+03 1.156450000000000013e-02
9.511500000000000000e+03 1.198449999999999863e-02
9.515500000000000000e+03 1.223050000000000005e-02
9.519500000000000000e+03 1.036565000000000056e-02
9.523000000000000000e+03 1.035813333333333343e-02
9.526500000000000000e+03 1.317749999999999824e-02
9.530500000000000000e+03 2.655049999999999771e-02
9.534500000000000000e+03 1.713125000000000064e-02
9.538500000000000000e+03 2.316700000000000009e-02
9.542500000000000000e+03 2.067574999999999968e-02
9.546500000000000000e+03 1.130650000000000058e-02
9.550500000000000000e+03 1.656900000000000039e-02
9.554500000000000000e+03 1.860024999999999873e-02
9.558500000000000000e+03 3.591674999999999729e-02
9.562000000000000000e+03 2.478133333333333230e-02
9.565500000000000000e+03 2.345824999999999994e-02
9.569500000000000000e+03 1.914849999999999886e-02
9.573500000000000000e+03 1.812249999999999972e-02
9.577500000000000000e+03 2.652799999999999950e-02
9.581500000000000000e+03 2.676599999999999813e-02
9.585500000000000000e+03 9.604325000000000362e-03
9.589500000000000000e+03 1.347037499999999971e-02
9.593500000000000000e+03 3.776374999999999871e-02
9.597500000000000000e+03 2.703000000000000194e-02
9.601000000000000000e+03 1.178766666666666678e-02
9.604500000000000000e+03 1.248349999999999980e-02
9.608500000000000000e+03 1.325324999999999941e-02
9.612500000000000000e+03 2.037699999999999928e-02
9.616500000000000000e+03 1.537124999999999950e-02
9.620500000000000000e+03 3.432874999999999815e-02
9.624500000000000000e+03 5.786575000000000052e-02
9.628500000000000000e+03 3.585549999999999848e-02
9.632500000000000000e+03 5.838899999999999646e-02
9.636500000000000000e+03 9.250374999999999570e-02
9.640000000000000000e+03 6.360766666666667346e-02
9.643500000000000000e+03 2.396000000000000213e-02
9.647500000000000000e+03 4.787049999999999639e-02
9.651500000000000000e+03 8.266900000000000637e-02
9.655500000000000000e+03 2.562924999999999925e-02
9.659500000000000000e+03 5.516150000000000220e-02
9.663500000000000000e+03 5.125000000000000389e-02
9.667500000000000000e+03 1.892049999999999982e-02
9.671500000000000000e+03 1.861550000000000010e-02
9.675000000000000000e+03 6.032966666666667033e-02
9.678500000000000000e+03 4.448624999999999802e-02
9.682500000000000000e+03 2.362724999999999895e-02
9.686500000000000000e+03 2.601124999999999965e-02
9.690500000000000000e+03 4.856074999999999975e-02
9.694500000000000000e+03 7.378099999999999936e-02
9.698500000000000000e+03 5.358200000000000462e-02
9.702500000000000000e+03 2.855199999999999752e-02
9.706500000000000000e+03 2.718849999999999739e-02
9.710500000000000000e+03 3.340125000000000038e-02
9.714000000000000000e+03 1.413433333333333382e-02
9.717500000000000000e+03 1.395075000000000134e-02
9.721500000000000000e+03 1.245200000000000126e-02
9.725500000000000000e+03 2.083325000000000107e-02
9.729500000000000000e+03 4.373824999999999935e-02
9.733500000000000000e+03 3.972749999999999893e-02
9.737500000000000000e+03 3.086524999999999685e-02
9.741500000000000000e+03 1.207002499999999985e-02
9.745500000000000000e+03 1.511449999999999946e-02
9.749500000000000000e+03 1.335100000000000002e-02
9.753000000000000000e+03 1.515200000000000054e-02
9.756500000000000000e+03 1.731475000000000028e-02
9.760500000000000000e+03 1.608724999999999739e-02
9.764500000000000000e+03 1.321474999999999907e-02
9.768500000000000000e+03 9.540899999999999728e-03
9.772500000000000000e+03 9.633100000000000343e-03
9.776500000000000000e+03 1.508324999999999944e-02
9.780500000000000000e+03 1.279500000000000082e-02
9.784500000000000000e+03 1.289725000000000073e-02
9.788500000000000000e+03 1.145499999999999990e-02
9.792000000000000000e+03 1.583366666666666603e-02
9.795500000000000000e+03 1.318949999999999984e-02
9.799500000000000000e+03 8.922599999999999282e-03
9.803500000000000000e+03 1.264467499999999932e-02
9.807500000000000000e+03 1.313875000000000112e-02
9.811500000000000000e+03 8.578924999999999398e-03
9.815500000000000000e+03 7.374849999999999635e-03
9.819500000000000000e+03 1.156880000000000061e-02
9.823500000000000000e+03 2.543049999999999825e-02
9.827500000000000000e+03 1.635199999999999848e-02
9.831000000000000000e+03 2.193799999999999917e-02
9.834500000000000000e+03 1.254617499999999969e-02
9.838500000000000000e+03 1.703012500000000012e-02
9.842500000000000000e+03 2.006300000000000097e-02
9.846500000000000000e+03 1.534824999999999905e-02
9.850500000000000000e+03 3.544150000000000078e-02
9.854500000000000000e+03 3.130349999999999799e-02
9.858500000000000000e+03 1.699350000000000166e-02
9.862500000000000000e+03 1.930824999999999902e-02
9.866500000000000000e+03 1.930350000000000121e-02
9.870000000000000000e+03 1.170833333333333448e-02
9.873500000000000000e+03 9.459900000000000253e-03
9.877500000000000000e+03 3.257700000000000179e-02
9.881500000000000000e+03 3.296100000000000418e-02
9.885500000000000000e+03 2.221724999999999742e-02
9.889500000000000000e+03 2.088600000000000179e-02
9.893500000000000000e+03 1.344500000000000035e-02
9.897500000000000000e+03 1.287649999999999906e-02
9.901500000000000000e+03 8.180075000000000193e-03
9.905500000000000000e+03 1.891199999999999826e-02
9.909000000000000000e+03 4.883000000000000534e-02
9.912500000000000000e+03 4.264724999999999766e-02
9.916500000000000000e+03 2.333425000000000082e-02
9.920500000000000000e+03 1.439599999999999907e-02
9.924500000000000000e+03 2.116600000000000079e-02
9.928500000000000000e+03 1.663699999999999901e-02
9.932500000000000000e+03 1.932774999999999771e-02
9.936500000000000000e+03 1.653149999999999759e-02
9.940500000000000000e+03 1.304674999999999932e-02
9.944500000000000000e+03 1.417400000000000083e-02
9.948000000000000000e+03 2.375800000000000134e-02
9.951500000000000000e+03 3.014649999999999969e-02
9.955500000000000000e+03 2.471249999999999836e-02
9.959500000000000000e+03 1.507649999999999962e-02
9.963500000000000000e+03 1.364800000000000041e-02
9.967500000000000000e+03 1.648350000000000162e-02
9.971500000000000000e+03 2.689000000000000071e-02
9.975500000000000000e+03 3.164299999999999752e-02
9.979500000000000000e+03 2.011625000000000218e-02
9.983500000000000000e+03 2.238974999999999993e-02
9.987000000000000000e+03 3.092533333333333245e-02
9.990500000000000000e+03 2.784874999999999851e-02
9.994500000000000000e+03 1.663975000000000176e-02
9.998500000000000000e+03 1.236724999999999977e-02
1.000250000000000000e+04 2.453600000000000225e-02
1.000650000000000000e+04 2.302399999999999933e-02
1.001050000000000000e+04 1.191000000000000045e-02
1.001450000000000000e+04 8.915674999999999642e-03
1.001850000000000000e+04 1.247875000000000026e-02
1.002250000000000000e+04 1.883699999999999958e-02
1.002600000000000000e+04 1.893966666666666368e-02
1.002950000000000000e+04 2.252350000000000185e-02
1.003350000000000000e+04 1.752700000000000091e-02
1.003750000000000000e+04 1.278075000000000044e-02
1.004150000000000000e+04 1.032835000000000003e-02
1.004550000000000000e+04 1.285875000000000039e-02
1.004950000000000000e+04 9.244375000000000855e-03
1.005350000000000000e+04 6.413499999999999930e-03
1.005750000000000000e+04 3.186775000000000024e-02
1.006150000000000000e+04 2.893824999999999870e-02
1.006500000000000000e+04 1.692966666666666578e-02
1.006850000000000000e+04 2.135050000000000142e-02
1.007250000000000000e+04 2.194050000000000167e-02
1.007650000000000000e+04 2.007100000000000203e-02
1.008050000000000000e+04 1.616625000000000006e-02
1.008450000000000000e+04 2.301749999999999977e-02
1.008850000000000000e+04 2.986475000000000241e-02
1.009250000000000000e+04 1.440825000000000092e-02
1.009650000000000000e+04 1.589299999999999741e-02
1.010050000000000000e+04 1.899549999999999850e-02
1.010400000000000000e+04 2.088666666666666449e-02
1.010750000000000000e+04 2.925824999999999954e-02
1.011150000000000000e+04 1.541605000000000059e-02
1.011550000000000000e+04 1.621822499999999931e-02
1.011950000000000000e+04 2.289624999999999994e-02
1.012350000000000000e+04 4.180475000000000163e-02
1.012750000000000000e+04 2.957175000000000428e-02
1.013150000000000000e+04 1.883249999999999855e-02
1.013550000000000000e+04 4.434925000000000672e-02
1.013950000000000000e+04 4.143474999999999242e-02
1.014300000000000000e+04 1.917433333333333489e-02
1.014650000000000000e+04 1.923049999999999760e-02
1.015050000000000000e+04 3.261499999999999816e-02
1.015450000000000000e+04 4.845750000000000057e-02
1.015850000000000000e+04 7.998299999999999854e-02
1.016250000000000000e+04 8.962275000000000102e-02
1.016650000000000000e+04 7.760625000000001550e-02
1.017050000000000000e+04 8.224650000000000016e-02
1.017450000000000000e+04 5.257649999999999824e-02
1.017850000000000000e+04 1.897400000000000128e-02
1.018200000000000000e+04 1.876299999999999843e-02
1.018550000000000000e+04 2.075474999999999889e-02
1.018950000000000000e+04 3.642199999999999604e-02
1.019350000000000000e+04 3.624899999999999650e-02
1.019750000000000000e+04 1.767925000000000052e-02
1.020150000000000000e+04 1.528074999999999919e-02
1.020550000000000000e+04 3.062149999999999941e-02
1.020950000000000000e+04 2.931674999999999906e-02
1.021350000000000000e+04 2.567200000000000037e-02
1.021750000000000000e+04 1.800625000000000142e-02
1.022100000000000000e+04 2.457266666666666974e-02
1.022450000000000000e+04 4.433899999999999647e-02
1.022850000000000000e+04 3.443150000000000377e-02
1.023250000000000000e+04 4.598824999999999441e-02
1.023650000000000000e+04 5.530224999999999724e-02
1.024050000000000000e+04 7.087949999999999806e-02
1.024450000000000000e+04 5.295199999999999907e-02
1.024850000000000000e+04 1.484224999999999954e-02
1.025250000000000000e+04 3.741699999999999887e-02
1.025650000000000000e+04 7.588425000000000031e-02
1.026000000000000000e+04 8.419600000000000695e-02
1.026350000000000000e+04 3.212874999999999759e-02
1.026750000000000000e+04 1.969875000000000098e-02
1.027150000000000000e+04 5.300950000000000106e-02
1.027550000000000000e+04 6.533200000000000118e-02
1.027950000000000000e+04 1.608197499999999835e-01
1.028350000000000000e+04 6.099749999999999339e-01
1.028750000000000000e+04 4.394699999999999718e-01
1.029150000000000000e+04 6.260725000000000318e-02
1.029550000000000000e+04 1.928325000000000178e-02
1.029900000000000000e+04 2.160833333333333703e-02
1.030250000000000000e+04 1.576974999999999905e-02
1.030650000000000000e+04 1.858900000000000136e-02
1.031050000000000000e+04 5.195724999999999649e-02
1.031450000000000000e+04 7.330774999999999098e-02
1.031850000000000000e+04 4.194424999999999543e-02
1.032250000000000000e+04 8.258950000000001013e-02
1.032650000000000000e+04 1.312299999999999855e-01
1.033050000000000000e+04 7.295925000000000327e-02
1.033450000000000000e+04 7.178824999999999790e-02
1.033800000000000000e+04 9.565066666666666162e-02
1.034150000000000000e+04 5.921250000000000124e-02
1.034550000000000000e+04 1.377204999999999922e-02
1.034950000000000000e+04 2.916124999999999967e-02
1.035350000000000000e+04 6.319799999999999029e-02
1.035750000000000000e+04 4.492725000000000191e-02
1.036150000000000000e+04 6.473075000000000356e-02
1.036550000000000000e+04 7.393650000000000222e-02
1.036950000000000000e+04 5.845350000000000545e-02
1.037350000000000000e+04 4.814124999999999654e-02
