6.404999999999999583e-01 1.336825545710980173e-10
1.665499999999999980e+00 1.382907184844893354e-10
2.690500000000000114e+00 1.680034609309857261e-10
3.715500000000000025e+00 2.179877008572721300e-10
4.740249999999999631e+00 1.905959177416570728e-10
5.765249999999999986e+00 1.649941903922636180e-10
6.790250000000000341e+00 1.458317532860139037e-10
7.815249999999999808e+00 1.397270820658848331e-10
8.839999999999999858e+00 1.269780330754089440e-10
9.737000000000000099e+00 1.135637952935404660e-10
1.063375000000000092e+01 1.173055898446263555e-10
1.165874999999999950e+01 1.301259943858618890e-10
1.268374999999999808e+01 1.360081318130579683e-10
1.373420000000000130e+01 1.307959029298147818e-10
1.473350000000000115e+01 1.523856373905369749e-10
1.575850000000000151e+01 1.796569279966736099e-10
1.678325000000000244e+01 2.089148052941276483e-10
1.780825000000000102e+01 2.626490106961141057e-10
1.883324999999999960e+01 3.286465674999386947e-10
1.973000000000000043e+01 2.839648106976512554e-10
2.062699999999999889e+01 1.995730937889201850e-10
2.165174999999999983e+01 1.843574116475353967e-10
2.267674999999999841e+01 2.236805657583002295e-10
2.370175000000000054e+01 2.803636680055451857e-10
2.472675000000000267e+01 3.232712891009060308e-10
2.575150000000000006e+01 2.478544896501836351e-10
2.677649999999999864e+01 2.742725425917132667e-10
2.780150000000000432e+01 2.926879019399837976e-10
2.882649999999999935e+01 3.171947894448808015e-10
2.972299999999999898e+01 3.208542057176393586e-10
3.062000000000000099e+01 3.314437429180279430e-10
3.164500000000000313e+01 3.093832937755950735e-10
3.267000000000000171e+01 2.129968709872212207e-10
3.369500000000000028e+01 1.552834446933492292e-10
3.471974999999999767e+01 1.532133639564315539e-10
3.574474999999999625e+01 1.374844003298592138e-10
3.676975000000000193e+01 2.057843208324548181e-10
3.779475000000000051e+01 1.814938416184069199e-10
3.881950000000000500e+01 2.330154112316252095e-10
3.971633333333333127e+01 3.443559308031514843e-10
4.061325000000000074e+01 2.325278697851212716e-10
4.163824999999999932e+01 2.488337137391386356e-10
4.266299999999999670e+01 2.014806549558165695e-10
4.368800000000000239e+01 1.924784200265801659e-10
4.471300000000000097e+01 2.362895558988644987e-10
4.573799999999999955e+01 1.726244805219905375e-10
4.676274999999999693e+01 2.799945093958919168e-10
4.778774999999999551e+01 3.502278326467087546e-10
4.881275000000000119e+01 2.141798948684988342e-10
4.970966666666667066e+01 1.621796732136041302e-10
5.060625000000000284e+01 2.485936961237412361e-10
5.163125000000000142e+01 2.554167074678526573e-10
5.265625000000000000e+01 1.447040838966556285e-10
5.368124999999999858e+01 2.132948108739791752e-10
5.470600000000000307e+01 2.183555052941028963e-10
5.573100000000000165e+01 2.872663012591684919e-10
5.675600000000000023e+01 4.003138783716825071e-10
5.778099999999999881e+01 3.558638839874777190e-10
5.880599999999999739e+01 2.140205720491202808e-10
5.970266666666666566e+01 1.737262805651550513e-10
6.059950000000000614e+01 2.923160754524523575e-10
6.162449999999999761e+01 2.709302056253861771e-10
6.264949999999999619e+01 1.919842043837325654e-10
6.367425000000000068e+01 1.701104583402524091e-10
6.469925000000000637e+01 1.573139123465356923e-10
6.572424999999999784e+01 1.535186308512429356e-10
6.674925000000000352e+01 2.419013581337574137e-10
6.777400000000000091e+01 2.983074090569267496e-10
6.879900000000000659e+01 3.251305599901379451e-10
6.969599999999999795e+01 2.656368724411041206e-10
7.059274999999999523e+01 2.148924002201770838e-10
7.161775000000000091e+01 2.517954971586156345e-10
7.264249999999999829e+01 3.161910443442557470e-10
7.366750000000000398e+01 2.825438448053328695e-10
7.469249999999999545e+01 1.948686330215192853e-10
7.571725000000000705e+01 1.944667693421225387e-10
7.674224999999999852e+01 2.072270227355529546e-10
7.776724999999999000e+01 2.100776066644604997e-10
7.879225000000000989e+01 2.417476171182433292e-10
7.968900000000000716e+01 2.081054106925003762e-10
8.058574999999999022e+01 1.777056679477516080e-10
8.161074999999999591e+01 1.576122738893951405e-10
8.263575000000000159e+01 1.497300359251260191e-10
8.366075000000000728e+01 1.600624453488528222e-10
8.468549999999999045e+01 1.588774953252313448e-10
8.571049999999999613e+01 1.655446010315134789e-10
8.673550000000000182e+01 1.701846564476068941e-10
8.776049999999999329e+01 1.646329027027652678e-10
8.878525000000000489e+01 1.991393287114690792e-10
8.968200000000000216e+01 3.184362180344302189e-10
9.057899999999997931e+01 3.811849833806892586e-10
9.160399999999999920e+01 3.678774738681286981e-10
9.262900000000001910e+01 2.806853835786023107e-10
9.365375000000000227e+01 2.222834176366097366e-10
9.467874999999999375e+01 1.873182854436815774e-10
9.570374999999998522e+01 1.364045247064688690e-10
9.672875000000000512e+01 2.064807274177442073e-10
9.775350000000000250e+01 1.896657040821778907e-10
9.877850000000000819e+01 1.749796327180816876e-10
9.967533333333334156e+01 1.353345329929151066e-10
1.005722499999999968e+02 2.275229507708490344e-10
1.015969999999999942e+02 3.484598749558214371e-10
1.026219999999999857e+02 2.025190091518417246e-10
1.036470000000000056e+02 1.576061935466771837e-10
1.046719999999999970e+02 1.593664263158052597e-10
1.056967500000000086e+02 2.339080872315183512e-10
1.067217499999999859e+02 2.966667361247819510e-10
1.077467499999999916e+02 3.238650160346207210e-10
1.087717500000000115e+02 2.832483192866222665e-10
1.096683333333333366e+02 2.367383317904961355e-10
1.105652499999999918e+02 2.601245001675261645e-10
1.115902499999999975e+02 2.560385878593111709e-10
1.126152500000000032e+02 3.276302988239427574e-10
1.136400000000000006e+02 4.306385547625044502e-10
1.146649999999999920e+02 2.655302384837252005e-10
1.156899999999999977e+02 2.063469005409250527e-10
1.167150000000000034e+02 2.230707002160771555e-10
1.177400000000000091e+02 1.825951810005420861e-10
1.187647499999999923e+02 1.745303723967480547e-10
1.196616666666666760e+02 2.214724042843613045e-10
1.205584999999999951e+02 2.708469566328762237e-10
1.215835000000000008e+02 2.335873195078174239e-10
1.226082499999999982e+02 2.224359832387761504e-10
1.236332500000000039e+02 2.162535095681834409e-10
1.246582500000000095e+02 1.797901811196899858e-10
1.256832500000000010e+02 2.718099158163499222e-10
1.267079999999999984e+02 2.253584758192301818e-10
1.277330000000000041e+02 1.416853421398796183e-10
1.287579999999999814e+02 1.256774538356338773e-10
1.296550000000000011e+02 1.278693251905747212e-10
1.305517499999999984e+02 1.600284763347290663e-10
1.315765000000000100e+02 2.032561685953063149e-10
1.326015000000000157e+02 2.256634344521358672e-10
1.336264999999999930e+02 2.156701685401649506e-10
1.346512500000000045e+02 2.085180770866646327e-10
1.356762500000000102e+02 1.798854209894514811e-10
1.367012500000000159e+02 1.663204993592611202e-10
1.377262500000000216e+02 1.705711194271346571e-10
1.387510000000000048e+02 1.576950175488293683e-10
1.396479999999999961e+02 1.501677538401880522e-10
1.405447499999999934e+02 1.668404747542946961e-10
1.415697499999999991e+02 2.441886332576195516e-10
1.425947500000000048e+02 2.353774408825693901e-10
1.436194999999999879e+02 2.337716915349685514e-10
1.446444999999999936e+02 2.509796887980243794e-10
1.456694999999999993e+02 1.830645287351406028e-10
1.466945000000000050e+02 1.924664788851154683e-10
1.477192500000000166e+02 2.180908245497926807e-10
1.487442499999999939e+02 2.955754915743119550e-10
1.496409999999999911e+02 2.928565648740499240e-10
1.505379999999999825e+02 2.582611505662454544e-10
1.515630000000000166e+02 2.380063609927847105e-10
1.525877499999999998e+02 2.203191691447658871e-10
1.536127500000000055e+02 2.585411525513949378e-10
1.546377499999999827e+02 2.828924779369912107e-10
1.556627499999999884e+02 1.817494861687173345e-10
1.566875000000000000e+02 1.597946034385447163e-10
1.577125000000000057e+02 2.874993742056363794e-10
1.587375000000000114e+02 2.979948783646636666e-10
1.596343333333333021e+02 2.012023897696898700e-10
1.605309999999999775e+02 1.700094086018160143e-10
1.615559999999999832e+02 1.798815333837582472e-10
1.625809999999999889e+02 2.164713536029436605e-10
1.636060000000000230e+02 2.116817044570889309e-10
1.646307500000000061e+02 2.664362835909061571e-10
1.656557499999999834e+02 3.823286628602411890e-10
1.666807499999999891e+02 3.480719026565776541e-10
1.677057499999999948e+02 3.693876321007907492e-10
1.687305000000000064e+02 4.524513510850576738e-10
1.696273333333333539e+02 4.381581521195542574e-10
1.705242499999999950e+02 3.133756275689030794e-10
1.715492500000000007e+02 3.172098474309772337e-10
1.725739999999999839e+02 4.387430673032822770e-10
1.735989999999999895e+02 3.300081209531022978e-10
1.746240000000000236e+02 3.386998798182327595e-10
1.756489999999999725e+02 3.956062289725459325e-10
1.766740000000000066e+02 2.694652202584612754e-10
1.776987499999999898e+02 2.158417781409832225e-10
1.785956666666666877e+02 3.411191902949316786e-10
1.794925000000000068e+02 3.778139893750621017e-10
1.805174999999999841e+02 2.798366483141146163e-10
1.815422499999999957e+02 2.645271782158443307e-10
1.825672500000000014e+02 3.350261465833288701e-10
1.835922500000000070e+02 4.199508440948042853e-10
1.846172500000000127e+02 4.067541512190047425e-10
1.856419999999999959e+02 3.195481719004264817e-10
1.866669999999999732e+02 2.773896203692900007e-10
1.876920000000000073e+02 3.041858987734514148e-10
1.885890000000000271e+02 2.348533314969403455e-10
1.894857499999999959e+02 1.854904607358353722e-10
1.905105000000000075e+02 1.829215186689044983e-10
1.915354999999999848e+02 2.069003985172368784e-10
1.925604999999999905e+02 3.220970821097930917e-10
1.935852500000000020e+02 3.489103069555973484e-10
1.946102499999999793e+02 3.128875804518321233e-10
1.956352500000000134e+02 2.114156019205429815e-10
1.966602499999999907e+02 1.817578917102546054e-10
1.976849999999999739e+02 1.879195117013479763e-10
1.985819999999999936e+02 1.846280045895068051e-10
1.994787499999999909e+02 2.071843193313824548e-10
2.005037499999999966e+02 2.075256538728434099e-10
2.015287500000000023e+02 1.869260610886143746e-10
2.025535000000000139e+02 1.557118375201160135e-10
2.035784999999999911e+02 1.438465553100954403e-10
2.046034999999999968e+02 1.796105218914507344e-10
2.056285000000000025e+02 1.868314030085312612e-10
2.066532500000000141e+02 1.758115137924764819e-10
2.076782500000000198e+02 1.678661732753927166e-10
2.085750000000000171e+02 1.865077582187366126e-10
2.094720000000000084e+02 1.915619278457889352e-10
2.104969999999999857e+02 1.490868826748421669e-10
2.115217499999999973e+02 1.618417232099172426e-10
2.125467500000000314e+02 1.836509423342732447e-10
2.135717499999999802e+02 1.472403130924180141e-10
2.145967499999999859e+02 1.249625223380029774e-10
2.156214999999999975e+02 1.488024035308772440e-10
2.166465000000000032e+02 2.373547395862527193e-10
2.176715000000000373e+02 2.329349388841254686e-10
2.185683333333332996e+02 2.296157214660387104e-10
2.194649999999999750e+02 2.045836056207347232e-10
2.204900000000000091e+02 1.835932621522338728e-10
2.215150000000000148e+02 2.354413359004509449e-10
2.225399999999999920e+02 2.029518146181616954e-10
2.235647500000000036e+02 2.758378574986469085e-10
2.245897499999999809e+02 3.208714786198628747e-10
2.256147500000000150e+02 2.360980397606149618e-10
2.266397499999999923e+02 2.213925164045704210e-10
2.276645000000000039e+02 2.309056071863919270e-10
2.285613333333333230e+02 1.902293595964106603e-10
2.294582499999999925e+02 1.515462883133609984e-10
2.304832499999999982e+02 2.446270166447001709e-10
2.315079999999999814e+02 3.255825161392916899e-10
2.325329999999999870e+02 2.580883250220113471e-10
2.335580000000000211e+02 2.434679531697900795e-10
2.345829999999999984e+02 1.991810751561682464e-10
2.356079999999999757e+02 1.767079796373523615e-10
2.366327499999999873e+02 1.475241041093830447e-10
2.376577499999999930e+02 1.849322467784642424e-10
2.385546666666666624e+02 3.222076694140529942e-10
2.394515000000000100e+02 3.609428925599341036e-10
2.404762500000000216e+02 2.840903410630383564e-10
2.415012499999999989e+02 2.104738820498145772e-10
2.425262500000000045e+02 2.205345816662332257e-10
2.435512500000000102e+02 2.249326685806910081e-10
2.445760000000000218e+02 2.119415248838555850e-10
2.456010000000000275e+02 2.192126478979457536e-10
2.466260000000000048e+02 1.819265882992070799e-10
2.476509999999999820e+02 1.836309369970003666e-10
2.485480000000000018e+02 2.294160771882955672e-10
2.494445000000000050e+02 2.849413206765629006e-10
2.504695000000000391e+02 2.738675144303792354e-10
2.514944999999999879e+02 2.160076749228789993e-10
2.525192499999999995e+02 1.823710394293860679e-10
2.535442500000000052e+02 1.975887129952477050e-10
2.545692500000000109e+02 2.474263835235510229e-10
2.555942500000000166e+02 2.975950051258211672e-10
2.566189999999999714e+02 2.542671166534829789e-10
2.576440000000000055e+02 2.382703583624254709e-10
2.585409999999999968e+02 2.836923822255631284e-10
2.594377500000000509e+02 2.921535783617902963e-10
2.604627500000000282e+02 2.369580682799740362e-10
2.614875000000000114e+02 1.805230767102835574e-10
2.625124999999999886e+02 2.295459164777401204e-10
2.635375000000000227e+02 2.689689366057333080e-10
2.645625000000000000e+02 1.908083840208890335e-10
2.655872499999999832e+02 1.463665341830352789e-10
2.666122500000000173e+02 1.604102673725339437e-10
2.676372499999999945e+02 2.088568965926389860e-10
2.685340000000000487e+02 2.260891082181575065e-10
2.694310000000000400e+02 2.385261457259871041e-10
2.704557499999999663e+02 2.276407059043973945e-10
2.714807500000000005e+02 1.823757278438439494e-10
2.725057500000000346e+02 1.623608977933032137e-10
2.735307500000000118e+02 1.643241590042717007e-10
2.745554999999999950e+02 1.570827239035906367e-10
2.755804999999999723e+02 1.168127478587765832e-10
2.766055000000000064e+02 2.333036744413421636e-10
2.776304999999999836e+02 3.098871171946670426e-10
2.785269999999999868e+02 2.288675739004960295e-10
2.794239999999999782e+02 2.282213801464334153e-10
2.804490000000000123e+02 2.481937423767107686e-10
2.814739999999999895e+02 2.358521795428969530e-10
2.824987499999999727e+02 2.149720380960845848e-10
2.835237500000000637e+02 2.311262305780732735e-10
2.845487500000000409e+02 2.889900802402067839e-10
2.855737500000000182e+02 2.251904355429623354e-10
2.865985000000000014e+02 1.895561487293007333e-10
2.876234999999999786e+02 2.211872836054682938e-10
2.885203333333333262e+02 2.332719657295968519e-10
2.894172499999999673e+02 2.723464374477778102e-10
2.904420000000000073e+02 2.305166144773295544e-10
2.914669999999999845e+02 1.803402733081387533e-10
2.924919999999999618e+02 2.467843818803857634e-10
2.935169999999999959e+02 3.094340145522478410e-10
2.945419999999999732e+02 3.211236379661690544e-10
2.955667500000000132e+02 2.290232017042847677e-10
2.965917500000000473e+02 3.158754932608755511e-10
2.976167500000000246e+02 3.595505523621136391e-10
2.985136666666666656e+02 2.662540846466427476e-10
2.994102500000000191e+02 2.196086610494607485e-10
3.004352499999999964e+02 2.832891790842002487e-10
3.014602500000000305e+02 3.488122531680916666e-10
3.024852500000000646e+02 4.175642395105332646e-10
3.035099999999999909e+02 4.595551675585567808e-10
3.045349999999999682e+02 4.481729748978717645e-10
3.055600000000000023e+02 4.478366955245402356e-10
3.065850000000000364e+02 4.152880891153682210e-10
3.076100000000000136e+02 2.752546557638341502e-10
3.085066666666666606e+02 2.119469681255761596e-10
3.094035000000000082e+02 2.376247629493237029e-10
3.104284999999999854e+02 2.831369677289661800e-10
3.114532500000000255e+02 3.351281679247831092e-10
3.124782500000000027e+02 2.424502886337829792e-10
3.135032499999999800e+02 2.023658127507616164e-10
3.145282500000000141e+02 2.586412542190366102e-10
3.155529999999999973e+02 3.022137177995410213e-10
3.165779999999999745e+02 2.685371133407735629e-10
3.176030000000000086e+02 2.403258152014549331e-10
3.185000000000000000e+02 2.400445169895454926e-10
3.193967499999999973e+02 3.305610932331362265e-10
3.204214999999999804e+02 3.339583341307134948e-10
3.214465000000000146e+02 3.353323923795211714e-10
3.224714999999999918e+02 3.933903059667999496e-10
3.234964999999999691e+02 4.058355692165495632e-10
3.245212500000000091e+02 4.106067952384827711e-10
3.255462499999999864e+02 2.516688594595678634e-10
3.265712499999999636e+02 2.688600218243846082e-10
3.275962499999999977e+02 4.168119225471736075e-10
3.284929999999999950e+02 4.468810308881767549e-10
3.293897500000000491e+02 3.563860707142162943e-10
3.304147500000000264e+02 2.203846780278508271e-10
3.314397500000000036e+02 3.493061562235572810e-10
3.324647499999999809e+02 4.080681441474158708e-10
3.334895000000000209e+02 4.838432503694740325e-10
3.345144999999999982e+02 5.808985776045637476e-10
3.355394999999999754e+02 5.905934097182699512e-10
3.365645000000000095e+02 4.773554000916361804e-10
3.375892499999999927e+02 2.774980543540184122e-10
3.384860000000000468e+02 2.346686030882407105e-10
3.393830000000000382e+02 2.187517825283444800e-10
3.404079999999999586e+02 1.965673811222815217e-10
3.414327499999999986e+02 3.359532081754135792e-10
3.424577500000000327e+02 4.248541186611687699e-10
3.434827499999999532e+02 3.807630357304579824e-10
3.445077499999999873e+02 3.956539020480113873e-10
3.455324999999999704e+02 5.018313628221348738e-10
3.465575000000000045e+02 4.575406913171633507e-10
3.475824999999999818e+02 4.250905164434299063e-10
3.484793333333333862e+02 4.554548958525478669e-10
3.493760000000000332e+02 4.272090541482169111e-10
3.504010000000000105e+02 2.430984396241582331e-10
3.514259999999999309e+02 2.308108066052145685e-10
3.524510000000000218e+02 3.951802168556063070e-10
3.534759999999999991e+02 3.718112261310252056e-10
3.545007499999999823e+02 3.939772785479865911e-10
3.555257500000000164e+02 4.340608557580677408e-10
3.565507499999999936e+02 4.108997970660269556e-10
3.575757499999999709e+02 3.817338228502589314e-10
