   0.0000E+00   3.3000E-02
   0.0000E+00   1.4643E-02
   1.0000E+00   1.4847E-02
   2.0000E+00   2.3681E-02
   3.0000E+00   4.2490E-02
   4.0000E+00   6.0179E-02
   4.0000E+00   3.3000E-02
   4.0000E+00   5.7640E-02
   5.0000E+00   6.1722E-02
   6.0000E+00   5.0416E-02
   7.0000E+00   3.4690E-02
   8.0000E+00   2.5306E-02
   9.0000E+00   2.2428E-02
   1.0000E+01   2.3050E-02
   1.1000E+01   2.5149E-02
   1.2000E+01   2.7083E-02
   1.3000E+01   2.9334E-02
   1.4000E+01   3.0481E-02
   1.5000E+01   3.0225E-02
   1.6000E+01   2.2695E-02
   1.7000E+01   1.7208E-02
   1.8000E+01   1.4504E-02
   1.9000E+01   9.5758E-03
   2.0000E+01   7.8454E-03
   2.1000E+01   8.1470E-03
   2.2000E+01   9.5040E-03
   2.3000E+01   1.1357E-02
   2.4000E+01   1.5594E-02
   2.5000E+01   1.7068E-02
   2.6000E+01   2.0533E-02
   2.7000E+01   2.1444E-02
   2.8000E+01   2.1035E-02
   2.9000E+01   1.7280E-02
   3.0000E+01   1.4328E-02
   3.1000E+01   1.2499E-02
   3.2000E+01   1.2651E-02
   3.3000E+01   1.5357E-02
   3.4000E+01   2.0537E-02
   3.5000E+01   2.9549E-02
   3.6000E+01   3.1911E-02
   3.7000E+01   3.0692E-02
   3.8000E+01   2.8207E-02
   3.9000E+01   2.8809E-02
   4.0000E+01   3.1525E-02
   4.1000E+01   3.8867E-02
   4.2000E+01   4.5661E-02
   4.3000E+01   4.7788E-02
   4.4000E+01   4.3771E-02
   4.5000E+01   3.3477E-02
   4.6000E+01   2.3834E-02
   4.7000E+01   2.0756E-02
   4.8000E+01   2.2105E-02
   4.9000E+01   2.8599E-02
   5.0000E+01   4.1420E-02
   5.1000E+01   4.5473E-02
   5.2000E+01   3.8361E-02
   5.3000E+01   1.9106E-02
   5.4000E+01   1.3326E-02
   5.5000E+01   8.8196E-03
   5.6000E+01   7.6737E-03
   5.7000E+01   8.1657E-03
   5.8000E+01   9.5298E-03
   5.9000E+01   1.0876E-02
   6.0000E+01   1.2140E-02
   6.1000E+01   1.3335E-02
   6.2000E+01   1.4751E-02
   6.3000E+01   1.4903E-02
   6.4000E+01   1.7395E-02
   6.5000E+01   1.8736E-02
   6.6000E+01   1.8981E-02
   6.7000E+01   1.8708E-02
   6.8000E+01   1.7430E-02
   6.9000E+01   1.5502E-02
   7.0000E+01   1.4487E-02
   7.1000E+01   1.5121E-02
   7.2000E+01   1.8080E-02
   7.3000E+01   2.3064E-02
   7.4000E+01   2.6673E-02
   7.5000E+01   2.9906E-02
   7.6000E+01   3.1786E-02
   7.7000E+01   3.0916E-02
   7.8000E+01   2.8966E-02
   7.9000E+01   2.6198E-02
   8.0000E+01   2.0673E-02
   8.1000E+01   1.6139E-02
   8.2000E+01   1.4081E-02
   8.3000E+01   1.3378E-02
   8.4000E+01   1.4291E-02
   8.5000E+01   1.7085E-02
   8.6000E+01   1.9487E-02
   8.7000E+01   2.0809E-02
   8.8000E+01   2.1008E-02
   8.9000E+01   2.1257E-02
   9.0000E+01   2.1393E-02
   9.1000E+01   2.1671E-02
   9.2000E+01   2.2190E-02
   9.3000E+01   2.2871E-02
   9.4000E+01   2.4412E-02
   9.5000E+01   2.6678E-02
   9.6000E+01   3.0428E-02
   9.7000E+01   3.6939E-02
   9.8000E+01   3.8542E-02
   9.9000E+01   4.2793E-02
   1.0000E+02   4.5848E-02
   1.0100E+02   4.5420E-02
   1.0200E+02   3.6130E-02
   1.0300E+02   2.5086E-02
   1.0400E+02   1.9182E-02
   1.0500E+02   1.2460E-02
   1.0600E+02   1.0741E-02
   1.0700E+02   1.1443E-02
   1.0800E+02   1.5240E-02
   1.0900E+02   2.0225E-02
   1.1000E+02   2.2024E-02
   1.1100E+02   2.1648E-02
   1.1200E+02   1.8372E-02
   1.1300E+02   1.4612E-02
   1.1400E+02   1.1404E-02
   1.1500E+02   8.4033E-03
   1.1600E+02   6.4286E-03
   1.1700E+02   6.0131E-03
   1.1800E+02   6.7189E-03
   1.1900E+02   9.8911E-03
   1.2000E+02   1.5194E-02
   1.2100E+02   1.9556E-02
   1.2200E+02   2.2349E-02
   1.2300E+02   2.0220E-02
   1.2400E+02   1.6760E-02
   1.2500E+02   1.5771E-02
   1.2600E+02   1.7140E-02
   1.2700E+02   2.2525E-02
   1.2800E+02   3.4569E-02
   1.2900E+02   4.5605E-02
   1.3000E+02   5.8892E-02
   1.3100E+02   6.6115E-02
   1.3200E+02   6.9442E-02
   1.3300E+02   7.0561E-02
   1.3300E+02   3.3000E-02
   1.3300E+02   7.0550E-02
   1.3400E+02   7.0053E-02
   1.3500E+02   6.7684E-02
   1.3600E+02   6.3743E-02
   1.3700E+02   6.1059E-02
   1.3800E+02   5.9121E-02
   1.3900E+02   5.6701E-02
   1.4000E+02   5.5628E-02
   1.4100E+02   5.6324E-02
   1.4200E+02   5.8811E-02
   1.4300E+02   6.5212E-02
   1.4400E+02   6.8815E-02
   1.4500E+02   7.0250E-02
   1.4600E+02   6.8580E-02
   1.4700E+02   6.4708E-02
   1.4800E+02   5.9790E-02
   1.4900E+02   5.6494E-02
   1.5000E+02   5.4551E-02
   1.5100E+02   5.3645E-02
   1.5200E+02   5.1860E-02
   1.5300E+02   4.8048E-02
   1.5400E+02   4.1916E-02
   1.5500E+02   3.6951E-02
   1.5600E+02   3.1959E-02
   1.5700E+02   2.7658E-02
   1.5800E+02   2.5903E-02
   1.5900E+02   2.4165E-02
   1.6000E+02   2.5194E-02
   1.6100E+02   2.8101E-02
   1.6200E+02   3.4901E-02
   1.6300E+02   4.6973E-02
   1.6400E+02   5.5621E-02
   1.6500E+02   5.4971E-02
   1.6600E+02   4.7606E-02
   1.6700E+02   3.3696E-02
   1.6800E+02   2.6125E-02
   1.6900E+02   2.1509E-02
   1.7000E+02   1.8401E-02
   1.7100E+02   1.6405E-02
   1.7200E+02   1.5483E-02
   1.7300E+02   1.5898E-02
   1.7400E+02   1.6692E-02
   1.7500E+02   1.9031E-02
   1.7600E+02   1.9758E-02
   1.7700E+02   2.1694E-02
   1.7800E+02   2.2700E-02
   1.7900E+02   2.3705E-02
   1.8000E+02   2.4794E-02
   1.8100E+02   2.6227E-02
   1.8200E+02   2.7483E-02
   1.8300E+02   2.7746E-02
   1.8400E+02   2.5813E-02
   1.8500E+02   1.9794E-02
   1.8600E+02   1.6459E-02
   1.8700E+02   1.3886E-02
   1.8800E+02   1.2745E-02
   1.8900E+02   1.2705E-02
   1.9000E+02   1.4042E-02
   1.9100E+02   1.5314E-02
   1.9200E+02   1.7399E-02
   1.9300E+02   2.0292E-02
   1.9400E+02   2.2120E-02
   1.9500E+02   2.7043E-02
   1.9600E+02   2.8025E-02
   1.9700E+02   3.1872E-02
   1.9800E+02   3.6485E-02
   1.9900E+02   4.0714E-02
   2.0000E+02   4.6663E-02
   2.0100E+02   4.7092E-02
   2.0200E+02   4.9293E-02
   2.0300E+02   4.2818E-02
   2.0400E+02   3.7046E-02
   2.0500E+02   2.3826E-02
   2.0600E+02   1.9409E-02
   2.0700E+02   1.5942E-02
   2.0800E+02   1.7254E-02
   2.0900E+02   2.2812E-02
   2.1000E+02   4.0833E-02
   2.1100E+02   5.0076E-02
   2.1200E+02   6.1642E-02
   2.1300E+02   6.0065E-02
   2.1400E+02   5.4130E-02
   2.1500E+02   4.3452E-02
   2.1600E+02   3.6789E-02
   2.1700E+02   3.0016E-02
   2.1800E+02   2.4573E-02
   2.1900E+02   2.2672E-02
   2.2000E+02   2.4846E-02
   2.2100E+02   2.9951E-02
   2.2200E+02   3.6721E-02
   2.2300E+02   4.0984E-02
   2.2400E+02   4.4597E-02
   2.2500E+02   4.5771E-02
   2.2600E+02   4.4724E-02
   2.2700E+02   4.4029E-02
   2.2800E+02   4.2998E-02
   2.2900E+02   4.2076E-02
   2.3000E+02   4.2967E-02
   2.3100E+02   4.7984E-02
   2.3200E+02   5.3393E-02
   2.3300E+02   6.9051E-02
   2.3400E+02   7.9637E-02
   2.3500E+02   8.6955E-02
   2.3600E+02   8.4719E-02
   2.3700E+02   7.5533E-02
   2.3800E+02   6.8027E-02
   2.3900E+02   6.2854E-02
   2.4000E+02   6.1274E-02
   2.4100E+02   5.9161E-02
   2.4200E+02   5.7375E-02
   2.4300E+02   5.4952E-02
   2.4400E+02   5.0828E-02
   2.4500E+02   4.5481E-02
   2.4600E+02   3.8197E-02
   2.4700E+02   3.0000E-02
   2.4800E+02   2.2090E-02
   2.4900E+02   1.9077E-02
   2.5000E+02   1.5569E-02
   2.5100E+02   1.5312E-02
   2.5200E+02   1.6174E-02
   2.5300E+02   1.8415E-02
   2.5400E+02   2.2734E-02
   2.5500E+02   2.7119E-02
   2.5600E+02   3.2038E-02
   2.5700E+02   3.4196E-02
   2.5800E+02   3.2097E-02
   2.5900E+02   2.6696E-02
   2.6000E+02   1.9165E-02
   2.6100E+02   1.3055E-02
   2.6200E+02   1.0842E-02
   2.6300E+02   1.0893E-02
   2.6400E+02   1.2791E-02
   2.6500E+02   1.7306E-02
   2.6600E+02   2.0556E-02
   2.6700E+02   2.2371E-02
   2.6800E+02   2.2310E-02
   2.6900E+02   2.1809E-02
   2.7000E+02   1.9426E-02
   2.7100E+02   1.7358E-02
   2.7200E+02   1.4340E-02
   2.7300E+02   1.1730E-02
   2.7400E+02   1.0725E-02
   2.7500E+02   1.0587E-02
   2.7600E+02   1.1393E-02
   2.7700E+02   1.2376E-02
   2.7800E+02   1.4597E-02
   2.7900E+02   1.8583E-02
   2.8000E+02   2.6712E-02
   2.8100E+02   3.0596E-02
   2.8200E+02   3.2685E-02
   2.8300E+02   3.0032E-02
   2.8400E+02   2.4792E-02
   2.8500E+02   2.0777E-02
   2.8600E+02   1.7671E-02
   2.8700E+02   1.5119E-02
   2.8800E+02   1.3320E-02
   2.8900E+02   1.3112E-02
   2.9000E+02   1.4218E-02
   2.9100E+02   1.5460E-02
   2.9200E+02   1.8053E-02
   2.9300E+02   2.1437E-02
   2.9400E+02   2.5838E-02
   2.9500E+02   2.6844E-02
   2.9600E+02   2.9270E-02
   2.9700E+02   2.9775E-02
   2.9800E+02   2.9197E-02
   2.9900E+02   2.6385E-02
   3.0000E+02   2.4179E-02
   3.0100E+02   2.2058E-02
   3.0200E+02   2.1575E-02
   3.0300E+02   2.0636E-02
   3.0400E+02   2.0734E-02
   3.0500E+02   2.2182E-02
   3.0600E+02   2.5071E-02
   3.0700E+02   2.9893E-02
   3.0800E+02   3.7999E-02
   3.0900E+02   4.4922E-02
   3.1000E+02   5.2934E-02
   3.1100E+02   5.9749E-02
   3.1200E+02   5.9156E-02
   3.1300E+02   4.8212E-02
   3.1400E+02   3.3640E-02
   3.1500E+02   2.4660E-02
   3.1600E+02   1.6388E-02
   3.1700E+02   1.3185E-02
   3.1800E+02   1.2385E-02
   3.1900E+02   1.2960E-02
   3.2000E+02   1.5929E-02
   3.2100E+02   1.7021E-02
   3.2200E+02   2.1039E-02
   3.2300E+02   2.5929E-02
   3.2400E+02   3.2772E-02
   3.2500E+02   3.6974E-02
   3.2600E+02   3.8095E-02
   3.2700E+02   3.9427E-02
   3.2800E+02   3.6830E-02
   3.2900E+02   3.3185E-02
   3.3000E+02   2.7370E-02
   3.3100E+02   2.2502E-02
   3.3200E+02   2.1082E-02
   3.3300E+02   2.6551E-02
   3.3400E+02   3.9154E-02
   3.3500E+02   5.8568E-02
   3.3600E+02   9.0537E-02
   3.3700E+02   1.0355E-01
   3.3800E+02   1.1762E-01
   3.3900E+02   1.1685E-01
   3.4000E+02   1.1249E-01
   3.4100E+02   9.2481E-02
   3.4200E+02   7.7092E-02
   3.4300E+02   6.8065E-02
   3.4400E+02   5.8913E-02
   3.4500E+02   5.7916E-02
   3.4600E+02   6.1445E-02
   3.4700E+02   6.4024E-02
   3.4800E+02   7.0429E-02
   3.4900E+02   8.1491E-02
   3.5000E+02   8.5559E-02
   3.5100E+02   9.2615E-02
   3.5200E+02   1.0055E-01
   3.5300E+02   1.0272E-01
   3.5400E+02   1.0470E-01
   3.5500E+02   1.0731E-01
   3.5600E+02   1.1211E-01
   3.5700E+02   1.2226E-01
   3.5800E+02   1.3625E-01
   3.5900E+02   1.4026E-01
   3.6000E+02   1.3315E-01
   3.6100E+02   1.1596E-01
   3.6200E+02   8.4639E-02
   3.6300E+02   7.8802E-02
   3.6400E+02   6.7018E-02
   3.6500E+02   6.1455E-02
   3.6600E+02   5.8646E-02
   3.6700E+02   5.9306E-02
   3.6800E+02   6.2323E-02
   3.6900E+02   6.6503E-02
   3.7000E+02   7.5955E-02
   3.7100E+02   7.5705E-02
   3.7200E+02   6.4922E-02
   3.7300E+02   5.7936E-02
   3.7400E+02   4.3134E-02
   3.7500E+02   3.7625E-02
   3.7600E+02   3.6224E-02
   3.7700E+02   3.9264E-02
   3.7800E+02   4.6112E-02
   3.7900E+02   5.0436E-02
   3.8000E+02   5.2904E-02
   3.8100E+02   5.1177E-02
   3.8200E+02   4.9332E-02
   3.8300E+02   4.9771E-02
   3.8400E+02   5.2462E-02
   3.8500E+02   5.8315E-02
   3.8600E+02   5.8213E-02
   3.8700E+02   5.2988E-02
   3.8800E+02   4.1343E-02
   3.8900E+02   2.4600E-02
   3.9000E+02   1.8058E-02
   3.9100E+02   1.5094E-02
   3.9200E+02   1.3498E-02
   3.9300E+02   1.3888E-02
   3.9400E+02   1.4349E-02
   3.9500E+02   1.3695E-02
   3.9600E+02   1.2934E-02
   3.9700E+02   1.0826E-02
   3.9800E+02   9.2364E-03
   3.9900E+02   8.8731E-03
   4.0000E+02   8.4544E-03
   4.0100E+02   8.9745E-03
   4.0200E+02   1.0021E-02
   4.0300E+02   1.3792E-02
   4.0400E+02   2.2569E-02
   4.0500E+02   4.5072E-02
   4.0600E+02   7.3911E-02
   4.0700E+02   8.4571E-02
   4.0800E+02   7.5285E-02
   4.0900E+02   5.9117E-02
   4.1000E+02   4.4507E-02
   4.1100E+02   3.7927E-02
   4.1200E+02   3.3596E-02
   4.1300E+02   3.0411E-02
   4.1400E+02   2.7896E-02
   4.1500E+02   2.3644E-02
   4.1600E+02   2.0731E-02
   4.1700E+02   1.7048E-02
   4.1800E+02   1.6549E-02
   4.1900E+02   1.8803E-02
   4.2000E+02   2.7094E-02
   4.2100E+02   3.3561E-02
   4.2200E+02   4.4644E-02
   4.2300E+02   4.8470E-02
   4.2400E+02   4.6355E-02
   4.2500E+02   4.2175E-02
   4.2600E+02   3.8096E-02
   4.2700E+02   3.4121E-02
   4.2800E+02   3.0721E-02
   4.2900E+02   2.8043E-02
   4.3000E+02   2.6449E-02
   4.3100E+02   2.4910E-02
   4.3200E+02   2.4573E-02
   4.3300E+02   2.5132E-02
   4.3400E+02   2.7567E-02
   4.3500E+02   3.2466E-02
   4.3600E+02   3.3230E-02
   4.3700E+02   3.8087E-02
   4.3800E+02   3.9127E-02
   4.3900E+02   3.8433E-02
   4.4000E+02   3.3654E-02
   4.4100E+02   2.8153E-02
   4.4200E+02   2.5278E-02
   4.4300E+02   1.8221E-02
   4.4400E+02   1.6480E-02
   4.4500E+02   1.2323E-02
   4.4600E+02   1.1184E-02
   4.4700E+02   1.0867E-02
   4.4800E+02   1.0815E-02
   4.4900E+02   1.1040E-02
   4.5000E+02   1.1240E-02
   4.5100E+02   1.1484E-02
   4.5200E+02   1.1598E-02
   4.5300E+02   1.1598E-02
   4.5400E+02   1.1109E-02
   4.5500E+02   1.0603E-02
   4.5600E+02   1.0449E-02
   4.5700E+02   1.1083E-02
   4.5800E+02   1.2090E-02
   4.5900E+02   1.4645E-02
   4.6000E+02   1.9294E-02
   4.6100E+02   2.4011E-02
   4.6200E+02   2.9565E-02
   4.6300E+02   4.1361E-02
   4.6400E+02   4.6693E-02
   4.6500E+02   4.8045E-02
   4.6600E+02   4.4847E-02
   4.6700E+02   3.8053E-02
   4.6800E+02   2.9684E-02
   4.6900E+02   2.6615E-02
   4.7000E+02   2.5274E-02
   4.7100E+02   2.6566E-02
   4.7200E+02   2.8655E-02
   4.7300E+02   3.0274E-02
   4.7400E+02   3.0908E-02
   4.7500E+02   3.0933E-02
   4.7600E+02   3.2349E-02
   4.7700E+02   3.4124E-02
   4.7800E+02   3.7605E-02
   4.7900E+02   4.4411E-02
   4.8000E+02   5.0942E-02
   4.8100E+02   5.5566E-02
   4.8200E+02   5.6566E-02
   4.8300E+02   5.5492E-02
   4.8400E+02   5.6245E-02
   4.8500E+02   5.8821E-02
   4.8600E+02   6.9488E-02
   4.8700E+02   8.0903E-02
   4.8800E+02   9.3602E-02
   4.8900E+02   1.0788E-01
   4.9000E+02   1.1233E-01
   4.9100E+02   1.2458E-01
   4.9200E+02   1.2461E-01
   4.9300E+02   1.1714E-01
   4.9400E+02   1.0826E-01
   4.9500E+02   8.7846E-02
   4.9600E+02   8.1281E-02
   4.9700E+02   7.3191E-02
   4.9800E+02   6.8111E-02
   4.9900E+02   6.4499E-02
   5.0000E+02   5.4589E-02
   5.0100E+02   3.6171E-02
   5.0200E+02   2.9045E-02
   5.0300E+02   1.7135E-02
   5.0400E+02   1.3883E-02
   5.0500E+02   1.2731E-02
   5.0600E+02   1.3857E-02
   5.0700E+02   1.5809E-02
   5.0800E+02   1.8204E-02
   5.0900E+02   1.8850E-02
   5.1000E+02   1.8583E-02
   5.1100E+02   1.8766E-02
   5.1200E+02   2.0234E-02
   5.1300E+02   2.2034E-02
   5.1400E+02   2.5093E-02
   5.1500E+02   3.0110E-02
   5.1600E+02   3.3325E-02
   5.1700E+02   3.5493E-02
   5.1800E+02   3.5939E-02
   5.1900E+02   3.5813E-02
   5.2000E+02   3.5507E-02
   5.2100E+02   3.5331E-02
   5.2200E+02   3.4615E-02
   5.2300E+02   3.4227E-02
   5.2400E+02   3.2574E-02
   5.2500E+02   2.9844E-02
   5.2600E+02   2.5876E-02
   5.2700E+02   2.5103E-02
   5.2800E+02   2.6280E-02
   5.2900E+02   3.2199E-02
   5.3000E+02   3.5742E-02
   5.3100E+02   3.7746E-02
   5.3200E+02   3.4278E-02
   5.3300E+02   2.2792E-02
   5.3400E+02   1.5690E-02
   5.3500E+02   1.2259E-02
   5.3600E+02   9.9221E-03
   5.3700E+02   9.4626E-03
   5.3800E+02   9.9223E-03
   5.3900E+02   1.0213E-02
   5.4000E+02   1.0713E-02
   5.4100E+02   1.1223E-02
   5.4200E+02   1.1223E-02
   5.4300E+02   1.1049E-02
   5.4400E+02   1.0681E-02
   5.4500E+02   9.9003E-03
   5.4600E+02   9.5611E-03
   5.4700E+02   9.5611E-03
   5.4800E+02   9.6535E-03
   5.4900E+02   9.9185E-03
   5.5000E+02   1.0557E-02
   5.5100E+02   1.2393E-02
   5.5200E+02   1.5319E-02
   5.5300E+02   2.1925E-02
   5.5400E+02   3.1591E-02
   5.5500E+02   3.8777E-02
   5.5600E+02   5.2207E-02
   5.5700E+02   6.2601E-02
   5.5800E+02   6.3764E-02
   5.5900E+02   5.8966E-02
   5.6000E+02   4.9055E-02
   5.6100E+02   3.7077E-02
   5.6200E+02   2.8389E-02
   5.6300E+02   2.2497E-02
   5.6400E+02   1.8908E-02
   5.6500E+02   1.6223E-02
   5.6600E+02   1.5450E-02
   5.6700E+02   1.6297E-02
   5.6800E+02   1.9245E-02
   5.6900E+02   2.2143E-02
   5.7000E+02   2.7761E-02
   5.7100E+02   3.0439E-02
   5.7200E+02   3.0831E-02
   5.7300E+02   3.0491E-02
   5.7400E+02   3.0189E-02
   5.7500E+02   3.0941E-02
   5.7600E+02   3.1764E-02
   5.7700E+02   3.3938E-02
   5.7800E+02   3.6009E-02
   5.7900E+02   3.8057E-02
   5.8000E+02   4.0068E-02
   5.8100E+02   4.1162E-02
   5.8200E+02   4.3233E-02
   5.8300E+02   4.5275E-02
   5.8400E+02   4.6264E-02
   5.8500E+02   4.7811E-02
   5.8600E+02   5.0245E-02
   5.8700E+02   5.4549E-02
   5.8800E+02   5.9108E-02
   5.8900E+02   6.7192E-02
   5.9000E+02   7.7242E-02
   5.9100E+02   8.1201E-02
   5.9200E+02   9.3984E-02
   5.9300E+02   9.4602E-02
   5.9400E+02   8.4957E-02
   5.9500E+02   7.6872E-02
   5.9600E+02   5.0643E-02
   5.9700E+02   4.6791E-02
   5.9800E+02   4.1433E-02
   5.9900E+02   4.4875E-02
   6.0000E+02   4.9891E-02
   6.0100E+02   5.7243E-02
   6.0200E+02   5.6436E-02
   6.0300E+02   4.6153E-02
   6.0400E+02   3.5154E-02
   6.0500E+02   2.8307E-02
   6.0600E+02   2.6748E-02
   6.0700E+02   2.8782E-02
   6.0800E+02   3.4920E-02
   6.0900E+02   3.8508E-02
   6.1000E+02   3.6658E-02
   6.1100E+02   2.9399E-02
   6.1200E+02   1.8445E-02
   6.1300E+02   1.7096E-02
   6.1400E+02   1.5183E-02
   6.1500E+02   1.5778E-02
   6.1600E+02   1.9068E-02
   6.1700E+02   2.0206E-02
   6.1800E+02   1.9270E-02
   6.1900E+02   1.6329E-02
   6.2000E+02   1.2726E-02
   6.2100E+02   1.2042E-02
   6.2200E+02   1.3320E-02
   6.2300E+02   1.9270E-02
   6.2400E+02   2.5629E-02
   6.2500E+02   3.2288E-02
   6.2600E+02   3.4672E-02
   6.2700E+02   3.0282E-02
   6.2800E+02   2.5311E-02
   6.2900E+02   2.2087E-02
   6.3000E+02   2.1168E-02
   6.3100E+02   2.0027E-02
   6.3200E+02   2.1009E-02
   6.3300E+02   2.3126E-02
   6.3400E+02   2.8079E-02
   6.3500E+02   3.4845E-02
   6.3600E+02   4.1336E-02
   6.3700E+02   4.1850E-02
   6.3800E+02   3.6132E-02
   6.3900E+02   2.7967E-02
   6.4000E+02   2.0403E-02
   6.4100E+02   1.9277E-02
   6.4200E+02   2.3628E-02
   6.4300E+02   3.2613E-02
   6.4400E+02   4.2245E-02
   6.4500E+02   4.3816E-02
   6.4600E+02   3.4393E-02
   6.4700E+02   2.1716E-02
   6.4800E+02   1.7373E-02
   6.4900E+02   1.2775E-02
   6.5000E+02   1.1949E-02
   6.5100E+02   1.2398E-02
   6.5200E+02   1.4320E-02
   6.5300E+02   1.7974E-02
   6.5400E+02   2.7208E-02
   6.5500E+02   4.3601E-02
   6.5600E+02   6.0552E-02
   6.5700E+02   7.5079E-02
   6.5800E+02   7.9181E-02
   6.5900E+02   7.5574E-02
   6.6000E+02   7.1922E-02
   6.6100E+02   6.7977E-02
   6.6200E+02   6.4088E-02
   6.6300E+02   6.2717E-02
   6.6400E+02   6.4895E-02
   6.6500E+02   6.9560E-02
   6.6600E+02   8.5401E-02
   6.6700E+02   9.6579E-02
   6.6800E+02   1.0714E-01
   6.6900E+02   1.0841E-01
   6.7000E+02   9.9061E-02
   6.7100E+02   9.2630E-02
   6.7200E+02   8.1333E-02
   6.7300E+02   7.4047E-02
   6.7400E+02   6.4974E-02
   6.7500E+02   5.8770E-02
   6.7600E+02   5.2095E-02
   6.7700E+02   4.4202E-02
   6.7800E+02   3.5448E-02
   6.7900E+02   3.0033E-02
   6.8000E+02   2.5683E-02
   6.8100E+02   2.3021E-02
   6.8200E+02   2.1556E-02
   6.8300E+02   2.1466E-02
   6.8400E+02   2.2636E-02
   6.8500E+02   2.5975E-02
   6.8600E+02   2.8652E-02
   6.8700E+02   3.1055E-02
   6.8800E+02   2.9361E-02
   6.8900E+02   2.0819E-02
   6.9000E+02   1.5573E-02
   6.9100E+02   1.2062E-02
   6.9200E+02   1.1206E-02
   6.9300E+02   1.2804E-02
   6.9400E+02   1.6542E-02
   6.9500E+02   2.1160E-02
   6.9600E+02   2.2529E-02
   6.9700E+02   2.2718E-02
   6.9800E+02   2.1211E-02
   6.9900E+02   2.1895E-02
   7.0000E+02   2.5259E-02
   7.0100E+02   3.4437E-02
   7.0200E+02   5.2487E-02
   7.0300E+02   6.6312E-02
   7.0400E+02   7.2039E-02
   7.0500E+02   6.8972E-02
   7.0600E+02   5.9007E-02
   7.0700E+02   5.0234E-02
   7.0800E+02   4.1856E-02
   7.0900E+02   2.9909E-02
   7.1000E+02   2.5022E-02
   7.1100E+02   2.0429E-02
   7.1200E+02   1.8913E-02
   7.1300E+02   1.9075E-02
   7.1400E+02   1.9940E-02
   7.1500E+02   2.3317E-02
   7.1600E+02   2.9289E-02
   7.1700E+02   4.4579E-02
   7.1800E+02   5.5569E-02
   7.1900E+02   5.5880E-02
   7.2000E+02   4.3237E-02
   7.2100E+02   3.0288E-02
   7.2200E+02   2.0022E-02
   7.2300E+02   1.4322E-02
   7.2400E+02   1.1283E-02
   7.2500E+02   1.0588E-02
   7.2600E+02   1.0382E-02
   7.2700E+02   1.0391E-02
   7.2800E+02   1.0566E-02
   7.2900E+02   1.1234E-02
   7.3000E+02   1.2249E-02
   7.3100E+02   1.4241E-02
   7.3200E+02   1.7366E-02
   7.3300E+02   2.1663E-02
   7.3400E+02   2.8435E-02
   7.3500E+02   4.3023E-02
   7.3600E+02   6.4985E-02
   7.3700E+02   9.3755E-02
   7.3800E+02   1.1876E-01
   7.3900E+02   1.2305E-01
   7.4000E+02   1.0605E-01
   7.4100E+02   8.2882E-02
   7.4200E+02   6.1520E-02
   7.4300E+02   5.3368E-02
   7.4400E+02   4.8485E-02
   7.4500E+02   4.6810E-02
   7.4600E+02   4.6146E-02
   7.4700E+02   4.5191E-02
   7.4800E+02   4.5024E-02
   7.4900E+02   4.4738E-02
   7.5000E+02   4.2703E-02
   7.5100E+02   4.1197E-02
   7.5200E+02   3.8574E-02
   7.5300E+02   3.6735E-02
   7.5400E+02   3.7263E-02
   7.5500E+02   3.9571E-02
   7.5600E+02   4.3638E-02
   7.5700E+02   4.7513E-02
   7.5800E+02   5.0375E-02
   7.5900E+02   4.9090E-02
   7.6000E+02   4.6181E-02
   7.6100E+02   4.2386E-02
   7.6200E+02   4.2355E-02
   7.6300E+02   4.4219E-02
   7.6400E+02   4.8415E-02
   7.6500E+02   5.4316E-02
   7.6600E+02   5.9378E-02
   7.6700E+02   6.2789E-02
   7.6800E+02   6.3272E-02
   7.6900E+02   6.3139E-02
