6.404999999999999583e-01 2.306758180699573024e-10
1.665499999999999980e+00 2.304369653995789593e-10
2.690500000000000114e+00 2.286829607092063381e-10
3.715500000000000025e+00 2.264630813185836245e-10
4.740249999999999631e+00 2.277797508080767069e-10
5.765249999999999986e+00 2.288275853543981614e-10
6.790250000000000341e+00 2.279230380508137913e-10
7.815249999999999808e+00 2.310104667920902504e-10
8.839999999999999858e+00 2.301740113918486785e-10
9.737000000000000099e+00 2.310145390966976740e-10
1.063375000000000092e+01 2.301003307801802962e-10
1.165874999999999950e+01 2.303852085800725457e-10
1.268374999999999808e+01 2.297694053115794827e-10
1.373420000000000130e+01 2.284609423817685062e-10
1.473350000000000115e+01 2.302466706689985894e-10
1.575850000000000151e+01 2.301071186684780483e-10
1.678325000000000244e+01 2.295205678583976564e-10
1.780825000000000102e+01 2.290515396345295660e-10
1.883324999999999960e+01 2.274082122048760634e-10
1.973000000000000043e+01 2.251531652918247746e-10
2.062699999999999889e+01 2.259884737659873712e-10
2.165174999999999983e+01 2.307405985319494788e-10
2.267674999999999841e+01 2.285447088989736571e-10
2.370175000000000054e+01 2.293789880043160195e-10
2.472675000000000267e+01 2.279528017403749414e-10
2.575150000000000006e+01 2.254006058864210378e-10
2.677649999999999864e+01 2.288103994254279204e-10
2.780150000000000432e+01 2.275044618558784543e-10
2.882649999999999935e+01 2.281222441032093019e-10
2.972299999999999898e+01 2.239250699657645001e-10
3.062000000000000099e+01 2.283237665571058153e-10
3.164500000000000313e+01 2.249714162626012449e-10
3.267000000000000171e+01 2.275204168525681177e-10
3.369500000000000028e+01 2.293173069308060501e-10
3.471974999999999767e+01 2.297940572188872912e-10
3.574474999999999625e+01 2.295547050574683409e-10
3.676975000000000193e+01 2.288475820040567039e-10
3.779475000000000051e+01 2.276896741938811288e-10
3.881950000000000500e+01 2.295702375189676004e-10
3.971633333333333127e+01 2.295342341651943105e-10
4.061325000000000074e+01 2.251371187431368016e-10
4.163824999999999932e+01 2.302707796754930209e-10
4.266299999999999670e+01 2.254784438521294582e-10
4.368800000000000239e+01 2.314315533509400157e-10
4.471300000000000097e+01 2.244292546674404200e-10
4.573799999999999955e+01 2.300019097846524825e-10
4.676274999999999693e+01 2.312075151550435956e-10
4.778774999999999551e+01 2.261449895424550532e-10
4.881275000000000119e+01 2.258656934499670273e-10
4.970966666666667066e+01 2.287922549985486166e-10
5.060625000000000284e+01 2.301617408711964499e-10
5.163125000000000142e+01 2.269663467795773924e-10
5.265625000000000000e+01 2.277234551947832505e-10
5.368124999999999858e+01 2.307081606216888843e-10
5.470600000000000307e+01 2.271900271970358845e-10
5.573100000000000165e+01 2.308663716092255575e-10
5.675600000000000023e+01 2.322607508759567272e-10
5.778099999999999881e+01 2.249444294441798509e-10
5.880599999999999739e+01 2.252728194591018805e-10
5.970266666666666566e+01 2.301130904274441155e-10
6.059950000000000614e+01 2.296880100900034404e-10
6.162449999999999761e+01 2.243256051200565338e-10
6.264949999999999619e+01 2.278318484085277385e-10
6.367425000000000068e+01 2.283980083126691224e-10
6.469925000000000637e+01 2.296125486667893547e-10
6.572424999999999784e+01 2.290005708713460250e-10
6.674925000000000352e+01 2.307430037012807291e-10
6.777400000000000091e+01 2.268116426342777714e-10
6.879900000000000659e+01 2.267076416392397879e-10
6.969599999999999795e+01 2.249980447790968171e-10
7.059274999999999523e+01 2.264804579183696511e-10
7.161775000000000091e+01 2.307423487740906691e-10
7.264249999999999829e+01 2.253975991839454602e-10
7.366750000000000398e+01 2.248731250943622656e-10
7.469249999999999545e+01 2.280277557076343666e-10
7.571725000000000705e+01 2.275557681120481542e-10
7.674224999999999852e+01 2.270276026539518691e-10
7.776724999999999000e+01 2.275645804347265494e-10
7.879225000000000989e+01 2.282265667862371803e-10
7.968900000000000716e+01 2.267343333083568175e-10
8.058574999999999022e+01 2.277986382973383237e-10
8.161074999999999591e+01 2.292852363866971203e-10
8.263575000000000159e+01 2.312491195300565787e-10
8.366075000000000728e+01 2.294530886396320060e-10
8.468549999999999045e+01 2.292220078465537380e-10
8.571049999999999613e+01 2.292937473960968212e-10
8.673550000000000182e+01 2.297214392519751569e-10
8.776049999999999329e+01 2.295491103654206468e-10
8.878525000000000489e+01 2.289862179715760354e-10
8.968200000000000216e+01 2.314552053487410644e-10
9.057899999999997931e+01 2.305370668583750529e-10
9.160399999999999920e+01 2.290619567447391140e-10
9.262900000000001910e+01 2.249143758669945222e-10
9.365375000000000227e+01 2.282512035392046777e-10
9.467874999999999375e+01 2.279056359404398996e-10
9.570374999999998522e+01 2.279989850723950701e-10
9.672875000000000512e+01 2.304874489660230567e-10
9.775350000000000250e+01 2.278602282083984145e-10
9.877850000000000819e+01 2.296051052404996685e-10
9.967533333333334156e+01 2.309022247360201810e-10
1.005722499999999968e+02 2.318643737719747065e-10
1.015969999999999942e+02 2.257239022552737926e-10
1.026219999999999857e+02 2.262901323822778753e-10
1.036470000000000056e+02 2.308807367742221511e-10
1.046719999999999970e+02 2.277573227772633022e-10
1.056967500000000086e+02 2.299640792774186277e-10
1.067217499999999859e+02 2.269068637307275792e-10
1.077467499999999916e+02 2.281583490679072249e-10
1.087717500000000115e+02 2.238348357397577259e-10
1.096683333333333366e+02 2.258715500811508068e-10
1.105652499999999918e+02 2.282690858181820885e-10
1.115902499999999975e+02 2.271472467091748313e-10
1.126152500000000032e+02 2.338026987498331279e-10
1.136400000000000006e+02 2.330896792114310823e-10
1.146649999999999920e+02 2.211449857997525962e-10
1.156899999999999977e+02 2.291547036410385170e-10
1.167150000000000034e+02 2.264930698621947985e-10
1.177400000000000091e+02 2.296280112610833092e-10
1.187647499999999923e+02 2.305415455405298498e-10
1.196616666666666760e+02 2.302141093647379105e-10
1.205584999999999951e+02 2.282317589526138833e-10
1.215835000000000008e+02 2.274224596109235271e-10
1.226082499999999982e+02 2.277894789049708924e-10
1.236332500000000039e+02 2.276671359797390915e-10
1.246582500000000095e+02 2.284498759181685500e-10
1.256832500000000010e+02 2.293351129238488444e-10
1.267079999999999984e+02 2.259259180167498883e-10
1.277330000000000041e+02 2.285938224667406723e-10
1.287579999999999814e+02 2.310652356620777717e-10
1.296550000000000011e+02 2.294422174378422515e-10
1.305517499999999984e+02 2.302891031008277005e-10
1.315765000000000100e+02 2.279507021587591238e-10
1.326015000000000157e+02 2.291319127100811833e-10
1.336264999999999930e+02 2.261400067100422711e-10
1.346512500000000045e+02 2.276638724066502396e-10
1.356762500000000102e+02 2.263726652791684384e-10
1.367012500000000159e+02 2.300753872506890285e-10
1.377262500000000216e+02 2.287663835994112753e-10
1.387510000000000048e+02 2.294693074916208167e-10
1.396479999999999961e+02 2.290930696365700381e-10
1.405447499999999934e+02 2.282275778608943620e-10
1.415697499999999991e+02 2.284183834369756603e-10
1.425947500000000048e+02 2.271000589011143170e-10
1.436194999999999879e+02 2.294108306238652404e-10
1.446444999999999936e+02 2.266154421562827300e-10
1.456694999999999993e+02 2.271939816368814670e-10
1.466945000000000050e+02 2.300441704148486592e-10
1.477192500000000166e+02 2.273150006433652661e-10
1.487442499999999939e+02 2.285254557474936043e-10
1.496409999999999911e+02 2.246084504497208420e-10
1.505379999999999825e+02 2.261871381821560651e-10
1.515630000000000166e+02 2.273718264433764531e-10
1.525877499999999998e+02 2.279183175859154773e-10
1.536127500000000055e+02 2.286950278149765977e-10
1.546377499999999827e+02 2.255918557279010362e-10
1.556627499999999884e+02 2.250590147164269533e-10
1.566875000000000000e+02 2.299287029578261016e-10
1.577125000000000057e+02 2.292187475810249924e-10
1.587375000000000114e+02 2.252555772292468306e-10
1.596343333333333021e+02 2.256025230440952318e-10
1.605309999999999775e+02 2.282737262079452148e-10
1.615559999999999832e+02 2.299518314148262646e-10
1.625809999999999889e+02 2.281800307300967104e-10
1.636060000000000230e+02 2.277840942077557026e-10
1.646307500000000061e+02 2.312075720364084997e-10
1.656557499999999834e+02 2.313573353898188764e-10
1.666807499999999891e+02 2.252202214068488008e-10
1.677057499999999948e+02 2.324008986238906452e-10
1.687305000000000064e+02 2.393667905060896665e-10
1.696273333333333539e+02 2.293308044619074478e-10
1.705242499999999950e+02 2.216947576912987343e-10
1.715492500000000007e+02 2.315661396519445280e-10
1.725739999999999839e+02 2.371799825378446261e-10
1.735989999999999895e+02 2.199447606853801420e-10
1.746240000000000236e+02 2.358080815054119119e-10
1.756489999999999725e+02 2.269842294155356342e-10
1.766740000000000066e+02 2.246933832274907174e-10
1.776987499999999898e+02 2.284485159567803491e-10
1.785956666666666877e+02 2.348760001642122430e-10
1.794925000000000068e+02 2.264746879631745002e-10
1.805174999999999841e+02 2.270430678428675938e-10
1.815422499999999957e+02 2.265237085677059241e-10
1.825672500000000014e+02 2.308595924787344648e-10
1.835922500000000070e+02 2.317476668258423227e-10
1.846172500000000127e+02 2.266232476611572778e-10
1.856419999999999959e+02 2.237298965728258092e-10
1.866669999999999732e+02 2.277757780208436524e-10
1.876920000000000073e+02 2.281867257939334116e-10
1.885890000000000271e+02 2.237228379119637369e-10
1.894857499999999959e+02 2.280145533074649798e-10
1.905105000000000075e+02 2.300247511744152782e-10
1.915354999999999848e+02 2.309440006669606020e-10
1.925604999999999905e+02 2.275872057965251649e-10
1.935852500000000020e+02 2.275246301561435275e-10
1.946102499999999793e+02 2.262089045188858236e-10
1.956352500000000134e+02 2.236933042758551954e-10
1.966602499999999907e+02 2.284715229883877227e-10
1.976849999999999739e+02 2.285316695452824087e-10
1.985819999999999936e+02 2.293213636831620390e-10
1.994787499999999909e+02 2.277192667797059701e-10
2.005037499999999966e+02 2.296434863564067974e-10
2.015287500000000023e+02 2.279764229433542910e-10
2.025535000000000139e+02 2.282046623805541738e-10
2.035784999999999911e+02 2.293927363152843349e-10
2.046034999999999968e+02 2.311425421849111819e-10
2.056285000000000025e+02 2.276570452762928898e-10
2.066532500000000141e+02 2.289081267443025485e-10
2.076782500000000198e+02 2.271118882147058262e-10
2.085750000000000171e+02 2.277169165456790494e-10
2.094720000000000084e+02 2.275565519097038404e-10
2.104969999999999857e+02 2.290711961776976365e-10
2.115217499999999973e+02 2.285686408570271330e-10
2.125467500000000314e+02 2.289145913270771227e-10
2.135717499999999802e+02 2.275976503316699525e-10
2.145967499999999859e+02 2.293352879235122635e-10
2.156214999999999975e+02 2.279810793828713839e-10
2.166465000000000032e+02 2.287875540889268942e-10
2.176715000000000373e+02 2.245977209392086887e-10
2.185683333333332996e+02 2.280080962599498398e-10
2.194649999999999750e+02 2.278300563725207210e-10
2.204900000000000091e+02 2.299535106860334226e-10
2.215150000000000148e+02 2.269531187048616986e-10
2.225399999999999920e+02 2.273800198859284391e-10
2.235647500000000036e+02 2.299159557193960744e-10
2.245897499999999809e+02 2.250470149502510347e-10
2.256147500000000150e+02 2.274562326303162845e-10
2.266397499999999923e+02 2.283094286465083310e-10
2.276645000000000039e+02 2.271874450739792967e-10
2.285613333333333230e+02 2.255033506651820507e-10
2.294582499999999925e+02 2.269457270820617169e-10
2.304832499999999982e+02 2.319373888091702479e-10
2.315079999999999814e+02 2.252718996704216458e-10
2.325329999999999870e+02 2.258742321520658122e-10
2.335580000000000211e+02 2.279421634408686338e-10
2.345829999999999984e+02 2.266991844666138732e-10
2.356079999999999757e+02 2.280366401037371285e-10
2.366327499999999873e+02 2.288483237179732147e-10
2.376577499999999930e+02 2.303279949689652501e-10
2.385546666666666624e+02 2.323888067367284454e-10
2.394515000000000100e+02 2.281336327195085748e-10
2.404762500000000216e+02 2.252695968479830036e-10
2.415012499999999989e+02 2.277993072895789479e-10
2.425262500000000045e+02 2.284165808461506700e-10
2.435512500000000102e+02 2.252821800665122372e-10
2.445760000000000218e+02 2.302067221695398240e-10
2.456010000000000275e+02 2.271084040106772871e-10
2.466260000000000048e+02 2.287667448810194299e-10
2.476509999999999820e+02 2.277282230728977860e-10
2.485480000000000018e+02 2.289866933247441288e-10
2.494445000000000050e+02 2.269389854526212072e-10
2.504695000000000391e+02 2.262246056364663522e-10
2.514944999999999879e+02 2.262194578272121603e-10
2.525192499999999995e+02 2.284666105940890598e-10
2.535442500000000052e+02 2.269049597379154551e-10
2.545692500000000109e+02 2.284904947309754150e-10
2.555942500000000166e+02 2.297098485814741244e-10
2.566189999999999714e+02 2.257043892785556307e-10
2.576440000000000055e+02 2.286981546318655921e-10
2.585409999999999968e+02 2.296387998426685932e-10
2.594377500000000509e+02 2.252687400945767657e-10
2.604627500000000282e+02 2.261079217734645281e-10
2.614875000000000114e+02 2.273293638517517856e-10
2.625124999999999886e+02 2.300923587480675673e-10
2.635375000000000227e+02 2.248358465784661322e-10
2.645625000000000000e+02 2.273101029890823818e-10
2.655872499999999832e+02 2.290995645819028940e-10
2.666122500000000173e+02 2.298429692984143558e-10
2.676372499999999945e+02 2.282170155462129530e-10
2.685340000000000487e+02 2.272359056016691183e-10
2.694310000000000400e+02 2.279403465182425312e-10
2.704557499999999663e+02 2.266694156742458088e-10
2.714807500000000005e+02 2.291042019147911411e-10
2.725057500000000346e+02 2.276748296179694617e-10
2.735307500000000118e+02 2.307232604130497701e-10
2.745554999999999950e+02 2.279652895198974165e-10
2.755804999999999723e+02 2.301316744855643848e-10
2.766055000000000064e+02 2.326535637750321880e-10
2.776304999999999836e+02 2.245330646994613253e-10
2.785269999999999868e+02 2.258650475201347702e-10
2.794239999999999782e+02 2.279253278305763752e-10
2.804490000000000123e+02 2.277074763020324362e-10
2.814739999999999895e+02 2.281289489139069116e-10
2.824987499999999727e+02 2.279991730863443648e-10
2.835237500000000637e+02 2.283299716635885253e-10
2.845487500000000409e+02 2.274506988401999728e-10
2.855737500000000182e+02 2.266464764877659396e-10
2.865985000000000014e+02 2.290801046409198376e-10
2.876234999999999786e+02 2.291951055903240413e-10
2.885203333333333262e+02 2.266250763075144978e-10
2.894172499999999673e+02 2.272714219661196265e-10
2.904420000000000073e+02 2.246888866176700500e-10
2.914669999999999845e+02 2.295761810708458573e-10
2.924919999999999618e+02 2.282923970475849881e-10
2.935169999999999959e+02 2.295665468421435586e-10
2.945419999999999732e+02 2.239443909256687352e-10
2.955667500000000132e+02 2.251196073139024859e-10
2.965917500000000473e+02 2.324248117894696831e-10
2.976167500000000246e+02 2.256129013199124099e-10
2.985136666666666656e+02 2.229545125833377556e-10
2.994102500000000191e+02 2.276236399290524790e-10
3.004352499999999964e+02 2.293254102983840523e-10
3.014602500000000305e+02 2.297476485908461620e-10
3.024852500000000646e+02 2.383723952701284883e-10
3.035099999999999909e+02 2.390638856838542909e-10
3.045349999999999682e+02 2.345577741891991959e-10
3.055600000000000023e+02 2.350983070682224767e-10
3.065850000000000364e+02 2.262195558692705899e-10
3.076100000000000136e+02 2.241367686539348287e-10
3.085066666666666606e+02 2.300645584077191457e-10
3.094035000000000082e+02 2.275535296188323958e-10
3.104284999999999854e+02 2.312094820312260362e-10
3.114532500000000255e+02 2.260253432085200319e-10
3.124782500000000027e+02 2.261193069410125978e-10
3.135032499999999800e+02 2.285973820645606893e-10
3.145282500000000141e+02 2.309177995712910412e-10
3.155529999999999973e+02 2.256029145197223516e-10
3.165779999999999745e+02 2.258187969740280786e-10
3.176030000000000086e+02 2.269243486812854746e-10
3.185000000000000000e+02 2.299457693416179143e-10
3.193967499999999973e+02 2.311013758131224269e-10
3.204214999999999804e+02 2.273703667787564033e-10
3.214465000000000146e+02 2.286583796932961991e-10
3.224714999999999918e+02 2.297243235716795177e-10
3.234964999999999691e+02 2.348494653144981176e-10
3.245212500000000091e+02 2.282622740780143532e-10
3.255462499999999864e+02 2.235430546322473359e-10
3.265712499999999636e+02 2.311609215300024468e-10
3.275962499999999977e+02 2.359045704566644660e-10
3.284929999999999950e+02 2.358988096916394808e-10
3.293897500000000491e+02 2.215662300232519423e-10
3.304147500000000264e+02 2.272320264156174351e-10
3.314397500000000036e+02 2.318381028166587465e-10
3.324647499999999809e+02 2.314824190481711139e-10
3.334895000000000209e+02 2.666323017759110192e-10
3.345144999999999982e+02 4.481169254313984206e-10
3.355394999999999754e+02 3.741824267203659387e-10
3.365645000000000095e+02 2.257180597735709541e-10
3.375892499999999927e+02 2.234788143899302659e-10
3.384860000000000468e+02 2.277763106767860360e-10
3.393830000000000382e+02 2.265798561765938862e-10
3.404079999999999586e+02 2.284947153412879663e-10
3.414327499999999986e+02 2.327378891001674155e-10
3.424577500000000327e+02 2.343112536113041627e-10
3.434827499999999532e+02 2.236207873866305719e-10
3.445077499999999873e+02 2.400992302132278377e-10
3.455324999999999704e+02 2.518184124064124500e-10
3.465575000000000045e+02 2.293269168848523441e-10
3.475824999999999818e+02 2.341032488210036015e-10
3.484793333333333862e+02 2.398190240985068817e-10
3.493760000000000332e+02 2.266943646821509906e-10
3.504010000000000105e+02 2.250297692074044877e-10
3.514259999999999309e+02 2.302716487002771914e-10
3.524510000000000218e+02 2.315603331228356533e-10
3.534759999999999991e+02 2.248194861676509820e-10
3.545007499999999823e+02 2.324022577307023994e-10
3.555257500000000164e+02 2.335314931610920505e-10
3.565507499999999936e+02 2.294702364884512285e-10
3.575757499999999709e+02 2.273757176909374745e-10
