6.404999999999999583e-01 1.457066174115887995e-10
1.665499999999999980e+00 1.470614494209730582e-10
2.690500000000000114e+00 1.581635012670009493e-10
3.715500000000000025e+00 1.749208782942691198e-10
4.740249999999999631e+00 1.614417641318026979e-10
5.765249999999999986e+00 1.532678343999529232e-10
6.790250000000000341e+00 1.481879420234273531e-10
7.815249999999999808e+00 1.470408123745911901e-10
8.839999999999999858e+00 1.436066197417328832e-10
9.737000000000000099e+00 1.408915411342913203e-10
1.063375000000000092e+01 1.424999315727103018e-10
1.165874999999999950e+01 1.454351632526229723e-10
1.268374999999999808e+01 1.465785050111848090e-10
1.373420000000000130e+01 1.448819146902317127e-10
1.473350000000000115e+01 1.523178895770184090e-10
1.575850000000000151e+01 1.600620212469278218e-10
1.678325000000000244e+01 1.715805442334642261e-10
1.780825000000000102e+01 2.005219496607386934e-10
1.883324999999999960e+01 2.452376798112557659e-10
1.973000000000000043e+01 2.055413474902050969e-10
2.062699999999999889e+01 1.631407163886395838e-10
2.165174999999999983e+01 1.610793358658009630e-10
2.267674999999999841e+01 1.786995654119896488e-10
2.370175000000000054e+01 2.108484954673963804e-10
2.472675000000000267e+01 2.387665487800229335e-10
2.575150000000000006e+01 1.849833227077790126e-10
2.677649999999999864e+01 2.070557290372140448e-10
2.780150000000000432e+01 2.145449357992516108e-10
2.882649999999999935e+01 2.343241550725757148e-10
2.972299999999999898e+01 2.348833422238539416e-10
3.062000000000000099e+01 2.447198870158466628e-10
3.164500000000000313e+01 2.246197526726880713e-10
3.267000000000000171e+01 1.683977762812934337e-10
3.369500000000000028e+01 1.500137849598037153e-10
3.471974999999999767e+01 1.507160779861916109e-10
3.574474999999999625e+01 1.466068312111443244e-10
3.676975000000000193e+01 1.730677099528048348e-10
3.779475000000000051e+01 1.579483644994434535e-10
3.881950000000000500e+01 1.901846767987258522e-10
3.971633333333333127e+01 2.638674167129481043e-10
4.061325000000000074e+01 1.787623768376990541e-10
4.163824999999999932e+01 1.960787518159700075e-10
4.266299999999999670e+01 1.650773669263890152e-10
4.368800000000000239e+01 1.672772580773178870e-10
4.471300000000000097e+01 1.826288670462047247e-10
4.573799999999999955e+01 1.549074268798243369e-10
4.676274999999999693e+01 2.238016630783805611e-10
4.778774999999999551e+01 2.633396529071702943e-10
4.881275000000000119e+01 1.688465614872547618e-10
4.970966666666667066e+01 1.532143613184422121e-10
5.060625000000000284e+01 1.968547484425728004e-10
5.163125000000000142e+01 1.912194692850819661e-10
5.265625000000000000e+01 1.458759027852560917e-10
5.368124999999999858e+01 1.802343713420263916e-10
5.470600000000000307e+01 1.727049967684368795e-10
5.573100000000000165e+01 2.253098778784964892e-10
5.675600000000000023e+01 3.254016061281540504e-10
5.778099999999999881e+01 2.646848461812179821e-10
5.880599999999999739e+01 1.683996181607681167e-10
5.970266666666666566e+01 1.573980742844231136e-10
6.059950000000000614e+01 2.291886782753002724e-10
6.162449999999999761e+01 1.999524321746343451e-10
6.264949999999999619e+01 1.613859249781335495e-10
6.367425000000000068e+01 1.549031427261204874e-10
6.469925000000000637e+01 1.515263269558126823e-10
6.572424999999999784e+01 1.514336064103896229e-10
6.674925000000000352e+01 1.930304446314501398e-10
6.777400000000000091e+01 2.205316193873387189e-10
6.879900000000000659e+01 2.398130643384608338e-10
6.969599999999999795e+01 1.941243491125082674e-10
7.059274999999999523e+01 1.706596116241162995e-10
7.161775000000000091e+01 1.939632674626906881e-10
7.264249999999999829e+01 2.352656610878360361e-10
7.366750000000000398e+01 2.057934998645825708e-10
7.469249999999999545e+01 1.616561066305552589e-10
7.571725000000000705e+01 1.653031822135975525e-10
7.674224999999999852e+01 1.692173609066415591e-10
7.776724999999999000e+01 1.709203851413759964e-10
7.879225000000000989e+01 1.859294729526113889e-10
7.968900000000000716e+01 1.672374233715992848e-10
8.058574999999999022e+01 1.571574708694344490e-10
8.161074999999999591e+01 1.511960421401574652e-10
8.263575000000000159e+01 1.497325456856507837e-10
8.366075000000000728e+01 1.532718824124320904e-10
8.468549999999999045e+01 1.523142481580801459e-10
8.571049999999999613e+01 1.549245931682874416e-10
8.673550000000000182e+01 1.558031186553746027e-10
8.776049999999999329e+01 1.539633277215250061e-10
8.878525000000000489e+01 1.700117437578500503e-10
8.968200000000000216e+01 2.485808916363081821e-10
9.057899999999997931e+01 2.968461155217819382e-10
9.160399999999999920e+01 2.767082884797112088e-10
9.262900000000001910e+01 2.034509429324297750e-10
9.365375000000000227e+01 1.737658668506666123e-10
9.467874999999999375e+01 1.600008926760271216e-10
9.570374999999998522e+01 1.453307697279788339e-10
9.672875000000000512e+01 1.748612567628356340e-10
9.775350000000000250e+01 1.608868695272468047e-10
9.877850000000000819e+01 1.572923230310233932e-10
9.967533333333334156e+01 1.443217057709355307e-10
1.005722499999999968e+02 1.959383205275678689e-10
1.015969999999999942e+02 2.649839616847668437e-10
1.026219999999999857e+02 1.649773627564049949e-10
1.036470000000000056e+02 1.529325282575550342e-10
1.046719999999999970e+02 1.522911339538606347e-10
1.056967500000000086e+02 1.899883880465634262e-10
1.067217499999999859e+02 2.191224627600139617e-10
1.077467499999999916e+02 2.395573156465728397e-10
1.087717500000000115e+02 2.059382389162629942e-10
1.096683333333333366e+02 1.804275804747432161e-10
1.105652499999999918e+02 1.966068357587387019e-10
1.115902499999999975e+02 1.911551618742776728e-10
1.126152500000000032e+02 2.582583014629077612e-10
1.136400000000000006e+02 3.692739788907399984e-10
1.146649999999999920e+02 1.992275751424257632e-10
1.156899999999999977e+02 1.714272577876593537e-10
1.167150000000000034e+02 1.752805646326683972e-10
1.177400000000000091e+02 1.585253281955521517e-10
1.187647499999999923e+02 1.575612512247256386e-10
1.196616666666666760e+02 1.793788657847761187e-10
1.205584999999999951e+02 2.029358950480993260e-10
1.215835000000000008e+02 1.786114193374304327e-10
1.226082499999999982e+02 1.763774475979847579e-10
1.236332500000000039e+02 1.718952303747291236e-10
1.246582500000000095e+02 1.584783686249336537e-10
1.256832500000000010e+02 2.106842380909896543e-10
1.267079999999999984e+02 1.753018263155182596e-10
1.277330000000000041e+02 1.459325688354379589e-10
1.287579999999999814e+02 1.434714223011486246e-10
1.296550000000000011e+02 1.447699594986985223e-10
1.305517499999999984e+02 1.550543207596634519e-10
1.315765000000000100e+02 1.693056793790001477e-10
1.326015000000000157e+02 1.778589295387484868e-10
1.336264999999999930e+02 1.717851057156087277e-10
1.346512500000000045e+02 1.693757488308920059e-10
1.356762500000000102e+02 1.575659771245476051e-10
1.367012500000000159e+02 1.545696220007660377e-10
1.377262500000000216e+02 1.560123310393091164e-10
1.387510000000000048e+02 1.514999948616008419e-10
1.396479999999999961e+02 1.497946858363436966e-10
1.405447499999999934e+02 1.563314120791763378e-10
1.415697499999999991e+02 1.919434965030284736e-10
1.425947500000000048e+02 1.803180078288715738e-10
1.436194999999999879e+02 1.836161274610534405e-10
1.446444999999999936e+02 1.889879365931243611e-10
1.456694999999999993e+02 1.577643587749570316e-10
1.466945000000000050e+02 1.655114806561131546e-10
1.477192500000000166e+02 1.747636011703888959e-10
1.487442499999999939e+02 2.239873475682319224e-10
1.496409999999999911e+02 2.126607581303045764e-10
1.505379999999999825e+02 1.919790965196089733e-10
1.515630000000000166e+02 1.814855034967771530e-10
1.525877499999999998e+02 1.742526832003587804e-10
1.536127500000000055e+02 1.967037197885653252e-10
1.546377499999999827e+02 2.082163587427348138e-10
1.556627499999999884e+02 1.567140961197526758e-10
1.566875000000000000e+02 1.553257200904271061e-10
1.577125000000000057e+02 2.231307138904508828e-10
1.587375000000000114e+02 2.175104295742119169e-10
1.596343333333333021e+02 1.630200268197658416e-10
1.605309999999999775e+02 1.553300235395160841e-10
1.615559999999999832e+02 1.593371514316599949e-10
1.625809999999999889e+02 1.758029188561483685e-10
1.636060000000000230e+02 1.698953090132660149e-10
1.646307500000000061e+02 2.094696895945002861e-10
1.656557499999999834e+02 3.033490005510294500e-10
1.666807499999999891e+02 2.558602018633573974e-10
1.677057499999999948e+02 2.909304082076198265e-10
1.687305000000000064e+02 4.080371491596197982e-10
1.696273333333333539e+02 3.690297077744497967e-10
1.705242499999999950e+02 2.272259372025832275e-10
1.715492500000000007e+02 2.494457776483385682e-10
1.725739999999999839e+02 3.849258068431406018e-10
1.735989999999999895e+02 2.424526348124205396e-10
1.746240000000000236e+02 2.697881371212207955e-10
1.756489999999999725e+02 3.128209864396510960e-10
1.766740000000000066e+02 1.964267550222565171e-10
1.776987499999999898e+02 1.735970001410061189e-10
1.785956666666666877e+02 2.755104331960168330e-10
1.794925000000000068e+02 2.920861853648807268e-10
1.805174999999999841e+02 2.022975139527797629e-10
1.815422499999999957e+02 1.975931450283628721e-10
1.825672500000000014e+02 2.575218654062816392e-10
1.835922500000000070e+02 3.526868551801232308e-10
1.846172500000000127e+02 3.226990318980217018e-10
1.856419999999999959e+02 2.302685936152347920e-10
1.866669999999999732e+02 2.036217766714128950e-10
1.876920000000000073e+02 2.240799948020037677e-10
1.885890000000000271e+02 1.780633227478764244e-10
1.894857499999999959e+02 1.602584251281515119e-10
1.905105000000000075e+02 1.594348521503175309e-10
1.915354999999999848e+02 1.739073198849623130e-10
1.925604999999999905e+02 2.463219269013820958e-10
1.935852500000000020e+02 2.591472282176192839e-10
1.946102499999999793e+02 2.267225216065331775e-10
1.956352500000000134e+02 1.678995628845528282e-10
1.966602499999999907e+02 1.606927022431697602e-10
1.976849999999999739e+02 1.613842869503785359e-10
1.985819999999999936e+02 1.611476364466340386e-10
1.994787499999999909e+02 1.701800587960539307e-10
2.005037499999999966e+02 1.688158993479797451e-10
2.015287500000000023e+02 1.605251975764318477e-10
2.025535000000000139e+02 1.503094869598023215e-10
2.035784999999999911e+02 1.483439863756973066e-10
2.046034999999999968e+02 1.612257463543152498e-10
2.056285000000000025e+02 1.610071244787371019e-10
2.066532500000000141e+02 1.574793971149112743e-10
2.076782500000000198e+02 1.547041655061619367e-10
2.085750000000000171e+02 1.632039737457831987e-10
2.094720000000000084e+02 1.626673558217509186e-10
2.104969999999999857e+02 1.482729336549606806e-10
2.115217499999999973e+02 1.550911551073400539e-10
2.125467500000000314e+02 1.604755785292502324e-10
2.135717499999999802e+02 1.477123587549192295e-10
2.145967499999999859e+02 1.432715598749501525e-10
2.156214999999999975e+02 1.517394487996300202e-10
2.166465000000000032e+02 1.890602011779890511e-10
2.176715000000000373e+02 1.790612324962651089e-10
2.185683333333332996e+02 1.807081016995719485e-10
2.194649999999999750e+02 1.669161152603529945e-10
2.204900000000000091e+02 1.632654502228793368e-10
2.215150000000000148e+02 1.828577306804795079e-10
2.225399999999999920e+02 1.662540362690002706e-10
2.235647500000000036e+02 2.148797138694350609e-10
2.245897499999999809e+02 2.358137706099898440e-10
2.256147500000000150e+02 1.788311745612180157e-10
2.266397499999999923e+02 1.755192761908257858e-10
2.276645000000000039e+02 1.792204430433303117e-10
2.285613333333333230e+02 1.604049752777798570e-10
2.294582499999999925e+02 1.492350197697267347e-10
2.304832499999999982e+02 2.025036052156039082e-10
2.315079999999999814e+02 2.419260483228895433e-10
2.325329999999999870e+02 1.909064087505929523e-10
2.335580000000000211e+02 1.846665757190340766e-10
2.345829999999999984e+02 1.640740609896316984e-10
2.356079999999999757e+02 1.575066924788608383e-10
2.366327499999999873e+02 1.479864123009080612e-10
2.376577499999999930e+02 1.674226403140191646e-10
2.385546666666666624e+02 2.520514796682165116e-10
2.394515000000000100e+02 2.729684507068053209e-10
2.404762500000000216e+02 2.054092391492632923e-10
2.415012499999999989e+02 1.679796344917305754e-10
2.425262500000000045e+02 1.777712040081787684e-10
2.435512500000000102e+02 1.759413230601154899e-10
2.445760000000000218e+02 1.726589393237518125e-10
2.456010000000000275e+02 1.734521695215833472e-10
2.466260000000000048e+02 1.586215776069466080e-10
2.476509999999999820e+02 1.607340328930715953e-10
2.485480000000000018e+02 1.832698307746181407e-10
2.494445000000000050e+02 2.122826730308076193e-10
2.504695000000000391e+02 2.012155790126646697e-10
2.514944999999999879e+02 1.704513438625869638e-10
2.525192499999999995e+02 1.592816795865850353e-10
2.535442500000000052e+02 1.663338774102760177e-10
2.545692500000000109e+02 1.920710434825219841e-10
2.555942500000000166e+02 2.197674305961359977e-10
2.566189999999999714e+02 1.888753387883814556e-10
2.576440000000000055e+02 1.842522112752578167e-10
2.585409999999999968e+02 2.116565956442849576e-10
2.594377500000000509e+02 2.138120938972047562e-10
2.604627500000000282e+02 1.799608257117494154e-10
2.614875000000000114e+02 1.576488272368086984e-10
2.625124999999999886e+02 1.854843650903880369e-10
2.635375000000000227e+02 1.998477304742530003e-10
2.645625000000000000e+02 1.601457996637225591e-10
2.655872499999999832e+02 1.477536566540254450e-10
2.666122500000000173e+02 1.544687111039775819e-10
2.676372499999999945e+02 1.722768642521588472e-10
2.685340000000000487e+02 1.776275009252193926e-10
2.694310000000000400e+02 1.841638062453058652e-10
2.704557499999999663e+02 1.767156925927550996e-10
2.714807500000000005e+02 1.584449670588070120e-10
2.725057500000000346e+02 1.525709163530657158e-10
2.735307500000000118e+02 1.549935901606791786e-10
2.745554999999999950e+02 1.508964834347139491e-10
2.755804999999999723e+02 1.412808077713696602e-10
2.766055000000000064e+02 1.995671727802883233e-10
2.776304999999999836e+02 2.289329469639845365e-10
2.785269999999999868e+02 1.750552772674448321e-10
2.794239999999999782e+02 1.792411833386465383e-10
2.804490000000000123e+02 1.882346100547537386e-10
2.814739999999999895e+02 1.811426210428339858e-10
2.824987499999999727e+02 1.711775415797906849e-10
2.835237500000000637e+02 1.830215395669160085e-10
2.845487500000000409e+02 2.141860439676815913e-10
2.855737500000000182e+02 1.743040048387401186e-10
2.865985000000000014e+02 1.630871421734949495e-10
2.876234999999999786e+02 1.761022468157595316e-10
2.885203333333333262e+02 1.814610638240363819e-10
2.894172499999999673e+02 2.044761919034295846e-10
2.904420000000000073e+02 1.780952943797640428e-10
2.914669999999999845e+02 1.611986446233050860e-10
2.924919999999999618e+02 1.898393772834090184e-10
2.935169999999999959e+02 2.372910462427264944e-10
2.945419999999999732e+02 2.365582787635775672e-10
2.955667500000000132e+02 1.767141782611267776e-10
2.965917500000000473e+02 2.448115038385719761e-10
2.976167500000000246e+02 2.708239717915055533e-10
2.985136666666666656e+02 1.937872203198148386e-10
2.994102500000000191e+02 1.738505304657053295e-10
3.004352499999999964e+02 2.138609440604383917e-10
3.014602500000000305e+02 2.652878094589218113e-10
3.024852500000000646e+02 3.516956023663379421e-10
3.035099999999999909e+02 4.139949354613367179e-10
3.045349999999999682e+02 3.871590467453021550e-10
3.055600000000000023e+02 3.895569817386967718e-10
3.065850000000000364e+02 3.348874885676634137e-10
3.076100000000000136e+02 2.007108839940305645e-10
3.085066666666666606e+02 1.705339132679234983e-10
3.094035000000000082e+02 1.834658775259089277e-10
3.104284999999999854e+02 2.168138842820932413e-10
3.114532500000000255e+02 2.489558678626204528e-10
3.124782500000000027e+02 1.816294794496853019e-10
3.135032499999999800e+02 1.660486417585996061e-10
3.145282500000000141e+02 2.018510927487171191e-10
3.155529999999999973e+02 2.217869045021286562e-10
3.165779999999999745e+02 1.983012926180302167e-10
3.176030000000000086e+02 1.822956657897425263e-10
3.185000000000000000e+02 1.873105569802496692e-10
3.193967499999999973e+02 2.517909376893105765e-10
3.204214999999999804e+02 2.448550469660927409e-10
3.214465000000000146e+02 2.548479652201602582e-10
3.224714999999999918e+02 3.103485922620378752e-10
3.234964999999999691e+02 3.326771635546456734e-10
3.245212500000000091e+02 3.319716358550619101e-10
3.255462499999999864e+02 1.868379060633333074e-10
3.265712499999999636e+02 2.153566299787030458e-10
3.275962499999999977e+02 3.542148746970475956e-10
3.284929999999999950e+02 3.901300730669111677e-10
3.293897500000000491e+02 2.719429415918717729e-10
3.304147500000000264e+02 1.755194256774321022e-10
3.314397500000000036e+02 2.750406667609579521e-10
3.324647499999999809e+02 3.315058158641905298e-10
3.334895000000000209e+02 5.057792940234193476e-10
3.345144999999999982e+02 9.216062164185951858e-10
3.355394999999999754e+02 9.118666615407848663e-10
3.365645000000000095e+02 4.604803888930889552e-10
3.375892499999999927e+02 2.008912225439275639e-10
3.384860000000000468e+02 1.808975234295759999e-10
3.393830000000000382e+02 1.728466052879307156e-10
3.404079999999999586e+02 1.677976043289616821e-10
3.414327499999999986e+02 2.657504275646783680e-10
3.424577500000000327e+02 3.583981817636359012e-10
3.434827499999999532e+02 2.904590044805068571e-10
3.445077499999999873e+02 3.412788416478170235e-10
3.455324999999999704e+02 5.219093177139349828e-10
3.465575000000000045e+02 4.010012278973795817e-10
3.475824999999999818e+02 3.504444449176658870e-10
3.484793333333333862e+02 4.110767949300535381e-10
3.493760000000000332e+02 3.562341542169908531e-10
3.504010000000000105e+02 1.829660154535718965e-10
3.514259999999999309e+02 1.934288925991106113e-10
3.524510000000000218e+02 3.237758712255790225e-10
3.534759999999999991e+02 2.800193528591214878e-10
3.545007499999999823e+02 3.160111627320672124e-10
3.555257500000000164e+02 3.676005819157606396e-10
3.565507499999999936e+02 3.277939755395354695e-10
3.575757499999999709e+02 2.912882483732213654e-10
