6.404999999999999583e-01 8.765199147951114180e-11
1.665499999999999980e+00 8.764888220059128882e-11
2.690500000000000114e+00 8.848571368613402341e-11
3.715500000000000025e+00 8.860739158168424200e-11
4.740249999999999631e+00 8.616790718009137029e-11
5.765249999999999986e+00 8.627393172612495624e-11
6.790250000000000341e+00 8.687409190097246040e-11
7.815249999999999808e+00 8.735183630236880394e-11
8.839999999999999858e+00 8.760047716656160254e-11
9.737000000000000099e+00 8.840405793734516866e-11
1.063375000000000092e+01 8.873117875911013152e-11
1.165874999999999950e+01 8.819553985123509572e-11
1.268374999999999808e+01 8.777550022288551539e-11
1.373420000000000130e+01 8.772181139203377309e-11
1.473350000000000115e+01 8.816306935461216392e-11
1.575850000000000151e+01 8.745399285726474146e-11
1.678325000000000244e+01 8.834195962014137849e-11
1.780825000000000102e+01 9.367063446228878343e-11
1.883324999999999960e+01 1.051597335984199460e-10
1.973000000000000043e+01 9.308915160119588339e-11
2.062699999999999889e+01 8.536406775982823743e-11
2.165174999999999983e+01 8.705953845299070174e-11
2.267674999999999841e+01 8.945455639234902403e-11
2.370175000000000054e+01 9.580324437330772834e-11
2.472675000000000267e+01 1.030095328753713306e-10
2.575150000000000006e+01 8.854170876953466953e-11
2.677649999999999864e+01 9.489255624005705192e-11
2.780150000000000432e+01 9.590705010484143140e-11
2.882649999999999935e+01 1.014667241609622212e-10
2.972299999999999898e+01 1.014698559900741369e-10
3.062000000000000099e+01 1.043469351261979329e-10
3.164500000000000313e+01 9.848320388219088873e-11
3.267000000000000171e+01 8.571139886297163172e-11
3.369500000000000028e+01 8.612878833013594022e-11
3.471974999999999767e+01 8.702217094174822868e-11
3.574474999999999625e+01 8.740092702262994453e-11
3.676975000000000193e+01 8.975979338351970494e-11
3.779475000000000051e+01 8.576999859286763260e-11
3.881950000000000500e+01 9.323318803804337018e-11
3.971633333333333127e+01 1.116357669327503011e-10
4.061325000000000074e+01 8.776979369848838385e-11
4.163824999999999932e+01 9.314615687601881673e-11
4.266299999999999670e+01 8.579010355542459732e-11
4.368800000000000239e+01 8.883041124208416755e-11
4.471300000000000097e+01 8.939747835035216843e-11
4.573799999999999955e+01 8.558516393606370655e-11
4.676274999999999693e+01 1.017172120149896291e-10
4.778774999999999551e+01 1.115319927604899394e-10
4.881275000000000119e+01 8.572415900069999427e-11
4.970966666666667066e+01 8.667887836968162386e-11
5.060625000000000284e+01 9.422924580971643000e-11
5.163125000000000142e+01 9.038827634466427727e-11
5.265625000000000000e+01 8.531792330134517250e-11
5.368124999999999858e+01 9.197006380737008694e-11
5.470600000000000307e+01 8.719180236298663208e-11
5.573100000000000165e+01 1.009369494636595801e-10
5.675600000000000023e+01 1.339454033256006772e-10
5.778099999999999881e+01 1.122095107886666254e-10
5.880599999999999739e+01 8.555189893630162128e-11
5.970266666666666566e+01 8.688505421529622837e-11
6.059950000000000614e+01 1.026634730797979383e-10
6.162449999999999761e+01 9.234920564316514389e-11
6.264949999999999619e+01 8.585217516373307532e-11
6.367425000000000068e+01 8.626981686297610409e-11
6.469925000000000637e+01 8.671313870791943635e-11
6.572424999999999784e+01 8.730920495189681727e-11
6.674925000000000352e+01 9.341774873126301490e-11
6.777400000000000091e+01 9.780599412690803719e-11
6.879900000000000659e+01 1.030763863631678081e-10
6.969599999999999795e+01 9.037582429462114071e-11
7.059274999999999523e+01 8.668558405277268538e-11
7.161775000000000091e+01 9.210484969292896477e-11
7.264249999999999829e+01 1.022313816882913343e-10
7.366750000000000398e+01 9.343786585104970190e-11
7.469249999999999545e+01 8.537399905336297203e-11
7.571725000000000705e+01 8.759635117565829796e-11
7.674224999999999852e+01 8.752739574159999824e-11
7.776724999999999000e+01 8.772649216163234022e-11
7.879225000000000989e+01 9.006555975591508095e-11
7.968900000000000716e+01 8.606937166497699414e-11
8.058574999999999022e+01 8.612148485626629851e-11
8.161074999999999591e+01 8.644862080616148876e-11
8.263575000000000159e+01 8.704109425248226630e-11
8.366075000000000728e+01 8.723115109820666049e-11
8.468549999999999045e+01 8.690592567308467760e-11
8.571049999999999613e+01 8.716618120862176851e-11
8.673550000000000182e+01 8.682633023304381708e-11
8.776049999999999329e+01 8.675874616113588775e-11
8.878525000000000489e+01 8.911860304660803411e-11
8.968200000000000216e+01 1.075858380287614075e-10
9.057899999999997931e+01 1.228445815703924603e-10
9.160399999999999920e+01 1.154228201554832527e-10
9.262900000000001910e+01 9.262669630862073760e-11
9.365375000000000227e+01 8.708817862299482798e-11
9.467874999999999375e+01 8.591741809401272916e-11
9.570374999999998522e+01 8.677590192909541821e-11
9.672875000000000512e+01 9.058499250999789493e-11
9.775350000000000250e+01 8.589269981234917446e-11
9.877850000000000819e+01 8.669733252261950258e-11
9.967533333333334156e+01 8.632731799587941614e-11
1.005722499999999968e+02 9.673712682442512077e-11
1.015969999999999942e+02 1.123102478974220678e-10
1.026219999999999857e+02 8.548253343846854533e-11
1.036470000000000056e+02 8.734249745782613472e-11
1.046719999999999970e+02 8.675502341772573976e-11
1.056967500000000086e+02 9.303897062623098580e-11
1.067217499999999859e+02 9.752542224809270604e-11
1.077467499999999916e+02 1.030635682177550593e-10
1.087717500000000115e+02 9.339492310321677799e-11
1.096683333333333366e+02 8.804184611258298412e-11
1.105652499999999918e+02 9.221777877727008791e-11
1.115902499999999975e+02 9.028633840590919600e-11
1.126152500000000032e+02 1.099495317249385424e-10
1.136400000000000006e+02 1.535083554978346535e-10
1.146649999999999920e+02 9.355765456407882355e-11
1.156899999999999977e+02 8.855736379507367333e-11
1.167150000000000034e+02 8.783037235040500713e-11
1.177400000000000091e+02 8.599288518304050006e-11
1.187647499999999923e+02 8.690317642489820432e-11
1.196616666666666760e+02 9.023839213324021653e-11
1.205584999999999951e+02 9.370219123886000985e-11
1.215835000000000008e+02 8.771840661462522500e-11
1.226082499999999982e+02 8.844024930668872997e-11
1.236332500000000039e+02 8.723139629022029568e-11
1.246582500000000095e+02 8.639158185583081429e-11
1.256832500000000010e+02 9.694864476845370142e-11
1.267079999999999984e+02 8.709515088178874381e-11
1.277330000000000041e+02 8.618876849218228861e-11
1.287579999999999814e+02 8.777920895183613753e-11
1.296550000000000011e+02 8.817943387834537996e-11
1.305517499999999984e+02 8.831829565463690484e-11
1.315765000000000100e+02 8.822429749038355623e-11
1.326015000000000157e+02 8.873552876424024476e-11
1.336264999999999930e+02 8.729235987827400931e-11
1.346512500000000045e+02 8.726861010218960699e-11
1.356762500000000102e+02 8.594025985536163841e-11
1.367012500000000159e+02 8.678039038335525420e-11
1.377262500000000216e+02 8.687163199003874676e-11
1.387510000000000048e+02 8.662833431795937100e-11
1.396479999999999961e+02 8.700977081343875306e-11
1.405447499999999934e+02 8.767519808573521053e-11
1.415697499999999991e+02 9.261354505983749755e-11
1.425947500000000048e+02 8.828730845390346700e-11
1.436194999999999879e+02 9.009403089579145335e-11
1.446444999999999936e+02 9.010484989422173231e-11
1.456694999999999993e+02 8.537002484117310858e-11
1.466945000000000050e+02 8.807380484599694037e-11
1.477192500000000166e+02 8.837471620861851387e-11
1.487442499999999939e+02 9.975412216523308137e-11
1.496409999999999911e+02 9.528220356438083877e-11
1.505379999999999825e+02 9.024916617306547603e-11
1.515630000000000166e+02 8.845505380267384051e-11
1.525877499999999998e+02 8.769299766589388763e-11
1.536127500000000055e+02 9.254207521399749244e-11
1.546377499999999827e+02 9.437602673513556786e-11
1.556627499999999884e+02 8.474404655815348800e-11
1.566875000000000000e+02 8.824588156453701556e-11
1.577125000000000057e+02 1.004992651971398334e-10
1.587375000000000114e+02 9.676453058936806200e-11
1.596343333333333021e+02 8.488948858368952263e-11
1.605309999999999775e+02 8.646059766561548210e-11
1.615559999999999832e+02 8.702854891191823289e-11
1.625809999999999889e+02 8.924194142938167155e-11
1.636060000000000230e+02 8.697522456810764685e-11
1.646307500000000061e+02 9.676993392380602180e-11
1.656557499999999834e+02 1.254822068227881894e-10
1.666807499999999891e+02 1.084517954500474581e-10
1.677057499999999948e+02 1.201884677092307328e-10
1.687305000000000064e+02 1.701897853960862674e-10
1.696273333333333539e+02 1.557605438167929272e-10
1.705242499999999950e+02 1.005428101129606401e-10
1.715492500000000007e+02 1.075168569225852221e-10
1.725739999999999839e+02 1.602724814113946428e-10
1.735989999999999895e+02 1.058853014074084404e-10
1.746240000000000236e+02 1.141531757650339568e-10
1.756489999999999725e+02 1.304020518292430176e-10
1.766740000000000066e+02 9.103049221462750112e-11
1.776987499999999898e+02 8.795509397270138308e-11
1.785956666666666877e+02 1.153426436901142064e-10
1.794925000000000068e+02 1.224496113657107041e-10
1.805174999999999841e+02 9.213986286883201506e-11
1.815422499999999957e+02 9.179785215855062889e-11
1.825672500000000014e+02 1.091291271634548785e-10
1.835922500000000070e+02 1.448898149654078300e-10
1.846172500000000127e+02 1.342405278858163123e-10
1.856419999999999959e+02 1.001707553362415951e-10
1.866669999999999732e+02 9.274124200130253874e-11
1.876920000000000073e+02 9.864832100418891697e-11
1.885890000000000271e+02 8.703767239029234204e-11
1.894857499999999959e+02 8.636630729097572349e-11
1.905105000000000075e+02 8.645470727508982676e-11
1.915354999999999848e+02 8.954812093828332879e-11
1.925604999999999905e+02 1.063669270114755737e-10
1.935852500000000020e+02 1.094010078416446261e-10
1.946102499999999793e+02 9.888873441019179588e-11
1.956352500000000134e+02 8.570402899073608576e-11
1.966602499999999907e+02 8.728267683673902213e-11
1.976849999999999739e+02 8.669622578510920532e-11
1.985819999999999936e+02 8.702665462335272717e-11
1.994787499999999909e+02 8.805310406436159624e-11
2.005037499999999966e+02 8.718176395325705774e-11
2.015287500000000023e+02 8.637586456247624448e-11
2.025535000000000139e+02 8.623978157377316029e-11
2.035784999999999911e+02 8.733453809199938278e-11
2.046034999999999968e+02 8.815756288390839782e-11
2.056285000000000025e+02 8.667133178566734726e-11
2.066532500000000141e+02 8.668899170426450010e-11
2.076782500000000198e+02 8.659493858680914078e-11
2.085750000000000171e+02 8.794280305660913088e-11
2.094720000000000084e+02 8.669753081468401138e-11
2.104969999999999857e+02 8.623458135982798393e-11
2.115217499999999973e+02 8.794538391927425668e-11
2.125467500000000314e+02 8.700346759602938612e-11
2.135717499999999802e+02 8.623052924235232354e-11
2.145967499999999859e+02 8.776209853000858323e-11
2.156214999999999975e+02 8.840620936624092152e-11
2.166465000000000032e+02 9.229493597653627697e-11
2.176715000000000373e+02 8.808157078042514232e-11
2.185683333333332996e+02 8.934920875390810285e-11
2.194649999999999750e+02 8.640688640644549587e-11
2.204900000000000091e+02 8.797822346703274406e-11
2.215150000000000148e+02 8.969894678238532836e-11
2.225399999999999920e+02 8.650487630808319515e-11
2.235647500000000036e+02 9.818639348160917836e-11
2.245897499999999809e+02 1.022872188499882823e-10
2.256147500000000150e+02 8.736652097452661698e-11
2.266397499999999923e+02 8.815836659545963446e-11
2.276645000000000039e+02 8.853673586652705558e-11
2.285613333333333230e+02 8.559778470637258439e-11
2.294582499999999925e+02 8.635380567338892833e-11
2.304832499999999982e+02 9.714626210026556950e-11
2.315079999999999814e+02 1.044981223769264847e-10
2.325329999999999870e+02 8.976986075103531607e-11
2.335580000000000211e+02 8.914291050261788301e-11
2.345829999999999984e+02 8.600598177425702383e-11
2.356079999999999757e+02 8.653700305414072990e-11
2.366327499999999873e+02 8.634133051007604041e-11
2.376577499999999930e+02 9.014326468040498232e-11
2.385546666666666624e+02 1.083753687551149507e-10
2.394515000000000100e+02 1.146255801104701683e-10
2.404762500000000216e+02 9.307284908235634242e-11
2.415012499999999989e+02 8.606590938096226090e-11
2.425262500000000045e+02 8.937716778717091264e-11
2.435512500000000102e+02 8.777580242678450872e-11
2.445760000000000218e+02 8.830352304640240844e-11
2.456010000000000275e+02 8.752522473494621601e-11
2.466260000000000048e+02 8.615061069879921950e-11
2.476509999999999820e+02 8.707720109395616730e-11
2.485480000000000018e+02 9.064233471515318974e-11
2.494445000000000050e+02 9.598065645949906777e-11
2.504695000000000391e+02 9.246209871055771616e-11
2.514944999999999879e+02 8.642248656505865469e-11
2.525192499999999995e+02 8.646520684950629301e-11
2.535442500000000052e+02 8.758790761275819987e-11
2.545692500000000109e+02 9.189814500241775451e-11
2.555942500000000166e+02 9.768533927981995501e-11
2.566189999999999714e+02 8.947217938233740645e-11
2.576440000000000055e+02 8.967709520312278543e-11
2.585409999999999968e+02 9.576967617486562246e-11
2.594377500000000509e+02 9.576196908252106945e-11
2.604627500000000282e+02 8.788509055831437139e-11
2.614875000000000114e+02 8.581837003502087226e-11
2.625124999999999886e+02 9.163143316469594245e-11
2.635375000000000227e+02 9.251756323324168399e-11
2.645625000000000000e+02 8.528069158779006484e-11
2.655872499999999832e+02 8.647238847047230694e-11
2.666122500000000173e+02 8.784752659089659246e-11
2.676372499999999945e+02 8.880347137670042913e-11
2.685340000000000487e+02 8.857859206887255146e-11
2.694310000000000400e+02 8.961740549707134255e-11
2.704557499999999663e+02 8.773663000467954685e-11
2.714807500000000005e+02 8.598977613314459898e-11
2.725057500000000346e+02 8.635589804657338018e-11
2.735307500000000118e+02 8.736245536758792117e-11
2.745554999999999950e+02 8.628181509097344568e-11
2.755804999999999723e+02 8.799954342528638910e-11
2.766055000000000064e+02 9.739787804836697974e-11
2.776304999999999836e+02 1.006106292811601087e-10
2.785269999999999868e+02 8.659926628563216670e-11
2.794239999999999782e+02 8.882050504137615332e-11
2.804490000000000123e+02 9.019022704500199481e-11
2.814739999999999895e+02 8.861707369081392734e-11
2.824987499999999727e+02 8.707543393669326881e-11
2.835237500000000637e+02 9.024216120827886013e-11
2.845487500000000409e+02 9.626288921460680715e-11
2.855737500000000182e+02 8.681170051073931622e-11
2.865985000000000014e+02 8.715344299889989622e-11
2.876234999999999786e+02 8.864569860491561511e-11
2.885203333333333262e+02 8.918961336622030336e-11
2.894172499999999673e+02 9.409746909510790482e-11
2.904420000000000073e+02 8.773566418406322508e-11
2.914669999999999845e+02 8.738912086604511599e-11
2.924919999999999618e+02 9.130388134378936365e-11
2.935169999999999959e+02 1.034702070709023055e-10
2.945419999999999732e+02 1.029289444062372891e-10
2.955667500000000132e+02 8.732919258155321610e-11
2.965917500000000473e+02 1.061457351723457851e-10
2.976167500000000246e+02 1.138969658694387771e-10
2.985136666666666656e+02 9.004944893626862933e-11
2.994102500000000191e+02 8.743880248283132436e-11
3.004352499999999964e+02 9.679552437265141131e-11
3.014602500000000305e+02 1.113431580812595617e-10
3.024852500000000646e+02 1.437611658809600155e-10
3.035099999999999909e+02 1.738885401386581056e-10
3.045349999999999682e+02 1.616471484830149422e-10
3.055600000000000023e+02 1.618110358359779283e-10
3.065850000000000364e+02 1.404562825154104604e-10
3.076100000000000136e+02 9.259713875219751503e-11
3.085066666666666606e+02 8.701315085085542749e-11
3.094035000000000082e+02 8.959747026967445659e-11
3.104284999999999854e+02 9.752880223634994619e-11
3.114532500000000255e+02 1.065182646209771040e-10
3.124782500000000027e+02 8.779620431478357174e-11
3.135032499999999800e+02 8.655711264279706151e-11
3.145282500000000141e+02 9.463835413104508245e-11
3.155529999999999973e+02 9.811803149873572931e-11
3.165779999999999745e+02 9.170458347164421326e-11
3.176030000000000086e+02 8.848163452579581911e-11
3.185000000000000000e+02 9.067658676054281070e-11
3.193967499999999973e+02 1.077470928441756241e-10
3.204214999999999804e+02 1.048437285029386500e-10
3.214465000000000146e+02 1.079587356341408991e-10
3.224714999999999918e+02 1.282803236832916735e-10
3.234964999999999691e+02 1.358593417603357182e-10
3.245212500000000091e+02 1.390690163274685438e-10
3.255462499999999864e+02 8.911157485199058359e-11
3.265712499999999636e+02 9.860871791603683074e-11
3.275962499999999977e+02 1.460877108481826178e-10
3.284929999999999950e+02 1.620036312590522029e-10
3.293897500000000491e+02 1.171018324405664876e-10
3.304147500000000264e+02 8.764369897156380859e-11
3.314397500000000036e+02 1.158572166037236345e-10
3.324647499999999809e+02 1.359875639706305675e-10
3.334895000000000209e+02 2.179470220208795710e-10
3.345144999999999982e+02 5.246473139726449621e-10
3.355394999999999754e+02 5.436767335591522493e-10
3.365645000000000095e+02 2.178223680738859960e-10
3.375892499999999927e+02 9.270056840382590962e-11
3.384860000000000468e+02 8.855604468378913110e-11
3.393830000000000382e+02 8.718279544776637915e-11
3.404079999999999586e+02 8.806103592866485625e-11
3.414327499999999986e+02 1.133039760343315692e-10
3.424577500000000327e+02 1.477854807032950801e-10
3.434827499999999532e+02 1.220137789004396539e-10
3.445077499999999873e+02 1.402202371128315547e-10
3.455324999999999704e+02 2.320843618250524758e-10
3.465575000000000045e+02 1.709426158609980021e-10
3.475824999999999818e+02 1.437817676128766360e-10
3.484793333333333862e+02 1.710340174596434465e-10
3.493760000000000332e+02 1.506629173537765889e-10
3.504010000000000105e+02 8.848445428404673977e-11
3.514259999999999309e+02 9.427948298887623202e-11
3.524510000000000218e+02 1.338443469838144362e-10
3.534759999999999991e+02 1.166009509479390904e-10
3.545007499999999823e+02 1.293839172010678606e-10
3.555257500000000164e+02 1.521886424910182870e-10
3.565507499999999936e+02 1.354910935853776440e-10
3.575757499999999709e+02 1.208517149956675021e-10
