-5.000000000000000000e+01 2.207368674300651257e-02
-4.900000000000000000e+01 -2.574253238034341241e-03
-4.800000000000000000e+01 1.361198984596433993e-02
-4.700000000000000000e+01 4.302830944764811372e-02
-4.600000000000000000e+01 6.041692831719117779e-02
-4.500000000000000000e+01 6.960381851620087157e-02
-4.400000000000000000e+01 6.727469064036532831e-02
-4.300000000000000000e+01 5.548729401757928476e-02
-4.200000000000000000e+01 5.349661194695965599e-02
-4.100000000000000000e+01 5.847091334236170779e-02
-4.000000000000000000e+01 6.858640261398846194e-02
-3.900000000000000000e+01 7.531277497090932416e-02
-3.800000000000000000e+01 7.086861767581358051e-02
-3.700000000000000000e+01 7.367766693408553391e-02
-3.600000000000000000e+01 8.092230460084384736e-02
-3.500000000000000000e+01 8.208308999195398914e-02
-3.400000000000000000e+01 7.814774196079186941e-02
-3.300000000000000000e+01 7.181574384649801190e-02
-3.200000000000000000e+01 7.250498647168619748e-02
-3.100000000000000000e+01 7.087601876901374054e-02
-3.000000000000000000e+01 8.323901369136144091e-02
-2.900000000000000000e+01 8.658488266693575852e-02
-2.800000000000000000e+01 9.463673320671303624e-02
-2.700000000000000000e+01 1.100800922729694986e-01
-2.600000000000000000e+01 1.129255005225795472e-01
-2.500000000000000000e+01 1.259353288847884222e-01
-2.400000000000000000e+01 1.464999787225300665e-01
-2.300000000000000000e+01 1.587446584122267357e-01
-2.200000000000000000e+01 1.757387174022990439e-01
-2.100000000000000000e+01 1.960946968409112978e-01
-2.000000000000000000e+01 2.047478758461428183e-01
-1.900000000000000000e+01 2.144278449959489963e-01
-1.800000000000000000e+01 2.265356797788562471e-01
-1.700000000000000000e+01 2.281558343514887288e-01
-1.600000000000000000e+01 2.350992317763588024e-01
-1.500000000000000000e+01 2.468018127552526753e-01
-1.400000000000000000e+01 2.545251702932310733e-01
-1.300000000000000000e+01 2.609084232625657473e-01
-1.200000000000000000e+01 2.767619556212958520e-01
-1.100000000000000000e+01 2.883625335737937667e-01
-1.000000000000000000e+01 2.921489351645473742e-01
-9.000000000000000000e+00 2.973156428435890231e-01
-8.000000000000000000e+00 3.109448411137003543e-01
-7.000000000000000000e+00 3.220065985810875997e-01
-6.000000000000000000e+00 3.300803611097493651e-01
-5.000000000000000000e+00 3.398523176600083406e-01
-4.000000000000000000e+00 3.580205057481823938e-01
-3.000000000000000000e+00 3.778539534931092403e-01
-2.000000000000000000e+00 3.845840895229558076e-01
-1.000000000000000000e+00 4.150895498373183834e-01
0.000000000000000000e+00 5.477341651283547108e-01
1.000000000000000000e+00 5.512418788681050508e-01
2.000000000000000000e+00 4.486113625341563438e-01
3.000000000000000000e+00 4.036195827654029400e-01
4.000000000000000000e+00 3.741561249917546572e-01
5.000000000000000000e+00 3.539583930328035755e-01
6.000000000000000000e+00 3.395788879938450022e-01
7.000000000000000000e+00 3.279618589657388728e-01
8.000000000000000000e+00 3.191578524732368582e-01
9.000000000000000000e+00 3.047073022853338253e-01
1.000000000000000000e+01 2.820498328958301326e-01
1.100000000000000000e+01 2.757446954933617245e-01
1.200000000000000000e+01 2.785619425313363151e-01
1.300000000000000000e+01 2.735762914885940256e-01
1.400000000000000000e+01 2.634799665427228210e-01
1.500000000000000000e+01 2.652854277240862535e-01
1.600000000000000000e+01 2.630230468227611196e-01
1.700000000000000000e+01 2.472703940698139924e-01
1.800000000000000000e+01 2.374649411666683863e-01
1.900000000000000000e+01 2.406648108729793345e-01
2.000000000000000000e+01 2.380990204699834634e-01
2.100000000000000000e+01 2.345686751277638316e-01
2.200000000000000000e+01 2.177082136771729404e-01
2.300000000000000000e+01 1.961299307971254013e-01
2.400000000000000000e+01 1.809471702413488481e-01
2.500000000000000000e+01 1.735625908904187553e-01
2.600000000000000000e+01 1.568850103706058707e-01
2.700000000000000000e+01 1.489379574173782805e-01
2.800000000000000000e+01 1.315901149925390867e-01
2.900000000000000000e+01 1.090661257954782803e-01
3.000000000000000000e+01 1.073341251550408576e-01
3.100000000000000000e+01 1.066734429636082698e-01
3.200000000000000000e+01 1.052546678850804218e-01
3.300000000000000000e+01 1.023478297145311439e-01
3.400000000000000000e+01 1.046138400649657130e-01
3.500000000000000000e+01 1.144470646766331534e-01
3.600000000000000000e+01 1.201283566355872967e-01
3.700000000000000000e+01 1.145329734708873115e-01
3.800000000000000000e+01 1.098970299334814243e-01
3.900000000000000000e+01 1.115372837303214709e-01
4.000000000000000000e+01 1.123122945429790853e-01
4.100000000000000000e+01 1.071377868152642299e-01
4.200000000000000000e+01 1.059513709544408211e-01
4.300000000000000000e+01 9.922950181204899522e-02
4.400000000000000000e+01 1.047921468638752934e-01
4.500000000000000000e+01 1.199102240995427726e-01
4.600000000000000000e+01 1.263613490141467510e-01
4.700000000000000000e+01 1.211909173721199967e-01
4.800000000000000000e+01 1.012352833379615014e-01
4.900000000000000000e+01 7.006353790273361914e-02
5.000000000000000000e+01 6.675531962276894105e-02
-5.000000000000000000e+01 3.271072003822046020e-02
-4.900000000000000000e+01 3.580870692712373460e-02
-4.800000000000000000e+01 6.073000639716768373e-02
-4.700000000000000000e+01 8.477662817789607952e-02
-4.600000000000000000e+01 9.742036708669707390e-02
-4.500000000000000000e+01 9.783792248758158006e-02
-4.400000000000000000e+01 8.381928047911142710e-02
-4.300000000000000000e+01 7.245091436720901834e-02
-4.200000000000000000e+01 7.574738763592471502e-02
-4.100000000000000000e+01 7.912411053373000214e-02
-4.000000000000000000e+01 8.894435689043368731e-02
-3.900000000000000000e+01 9.482803592231857370e-02
-3.800000000000000000e+01 1.019565572843125628e-01
-3.700000000000000000e+01 1.115551591896890987e-01
-3.600000000000000000e+01 1.135691675942821083e-01
-3.500000000000000000e+01 1.082401019957223154e-01
-3.400000000000000000e+01 9.600912736782782342e-02
-3.300000000000000000e+01 8.973562408411266123e-02
-3.200000000000000000e+01 9.534607440029835290e-02
-3.100000000000000000e+01 1.018898560027987343e-01
-3.000000000000000000e+01 1.109019778597197387e-01
-2.900000000000000000e+01 1.065043192812239331e-01
-2.800000000000000000e+01 1.165330342976383105e-01
-2.700000000000000000e+01 1.314574364721061150e-01
-2.600000000000000000e+01 1.439464397446803823e-01
-2.500000000000000000e+01 1.743260062850414960e-01
-2.400000000000000000e+01 2.063151980672309482e-01
-2.300000000000000000e+01 2.207431037065542556e-01
-2.200000000000000000e+01 2.337351645959730995e-01
-2.100000000000000000e+01 2.537099022479795685e-01
-2.000000000000000000e+01 2.650591801015287907e-01
-1.900000000000000000e+01 2.777897835180576647e-01
-1.800000000000000000e+01 2.867397847689561741e-01
-1.700000000000000000e+01 2.899362685563217079e-01
-1.600000000000000000e+01 2.993803723003001238e-01
-1.500000000000000000e+01 3.134173662294166829e-01
-1.400000000000000000e+01 3.225362608922885954e-01
-1.300000000000000000e+01 3.477423777050328568e-01
-1.200000000000000000e+01 3.789421396401143061e-01
-1.100000000000000000e+01 3.870663211696853123e-01
-1.000000000000000000e+01 3.847211717218017024e-01
-9.000000000000000000e+00 4.047507993890895883e-01
-8.000000000000000000e+00 4.309059376536293895e-01
-7.000000000000000000e+00 4.509708195444722678e-01
-6.000000000000000000e+00 4.762610793559464706e-01
-5.000000000000000000e+00 5.049674804455848154e-01
-4.000000000000000000e+00 5.420885129714740902e-01
-3.000000000000000000e+00 5.794806542076632594e-01
-2.000000000000000000e+00 6.334945721033028443e-01
-1.000000000000000000e+00 7.870654915850375799e-01
0.000000000000000000e+00 9.436655106572101603e-01
1.000000000000000000e+00 7.974448150755900633e-01
2.000000000000000000e+00 6.410138406495599073e-01
3.000000000000000000e+00 5.829856276584420849e-01
4.000000000000000000e+00 5.458798166702234500e-01
5.000000000000000000e+00 5.108777314956797211e-01
6.000000000000000000e+00 4.821474155752286661e-01
7.000000000000000000e+00 4.555774230262956137e-01
8.000000000000000000e+00 4.348487665709057648e-01
9.000000000000000000e+00 4.065235206230032872e-01
1.000000000000000000e+01 3.843680525616353094e-01
1.100000000000000000e+01 3.852975226700814382e-01
1.200000000000000000e+01 3.776103631073453037e-01
1.300000000000000000e+01 3.483379599265561399e-01
1.400000000000000000e+01 3.225610244215572631e-01
1.500000000000000000e+01 3.154795783365542117e-01
1.600000000000000000e+01 3.050485279158078877e-01
1.700000000000000000e+01 2.951239681365416812e-01
1.800000000000000000e+01 2.910779777372021759e-01
1.900000000000000000e+01 2.841202170393922199e-01
2.000000000000000000e+01 2.695108578025597890e-01
2.100000000000000000e+01 2.569116695975713904e-01
2.200000000000000000e+01 2.392380482848312229e-01
2.300000000000000000e+01 2.259110163527599247e-01
2.400000000000000000e+01 2.126746917237992973e-01
2.500000000000000000e+01 1.831832863620761753e-01
2.600000000000000000e+01 1.523628865695013102e-01
2.700000000000000000e+01 1.372491699202628701e-01
2.800000000000000000e+01 1.203429644216998523e-01
2.900000000000000000e+01 1.074272980990526871e-01
3.000000000000000000e+01 1.108494549108571398e-01
3.100000000000000000e+01 1.023545227743380692e-01
3.200000000000000000e+01 9.314002165817011902e-02
3.300000000000000000e+01 8.553202044770821799e-02
3.400000000000000000e+01 9.116430574469852610e-02
3.500000000000000000e+01 1.028878097638103034e-01
3.600000000000000000e+01 1.093185977162330624e-01
3.700000000000000000e+01 1.099436453612741976e-01
3.800000000000000000e+01 1.006159519029352634e-01
3.900000000000000000e+01 9.284081161491192224e-02
4.000000000000000000e+01 9.091436064761974911e-02
4.100000000000000000e+01 8.457353189858438092e-02
4.200000000000000000e+01 8.522004662663928976e-02
4.300000000000000000e+01 8.485608925449332485e-02
4.400000000000000000e+01 9.542975637816664136e-02
4.500000000000000000e+01 1.089261720606999884e-01
4.600000000000000000e+01 1.107602916090383860e-01
4.700000000000000000e+01 9.807321659813704462e-02
4.800000000000000000e+01 7.356884982441541654e-02
4.900000000000000000e+01 4.698780366966701094e-02
5.000000000000000000e+01 3.991759327243358385e-02
-5.000000000000000000e+01 4.669586580539403231e-02
-4.900000000000000000e+01 3.005642162040280188e-02
-4.800000000000000000e+01 4.485002026743711845e-02
-4.700000000000000000e+01 7.067911634000231813e-02
-4.600000000000000000e+01 8.642231616007657602e-02
-4.500000000000000000e+01 9.260408453700384734e-02
-4.400000000000000000e+01 9.225317962011433948e-02
-4.300000000000000000e+01 8.412147471159628354e-02
-4.200000000000000000e+01 8.404264600631049242e-02
-4.100000000000000000e+01 8.954306744885807967e-02
-4.000000000000000000e+01 9.808896552225132570e-02
-3.900000000000000000e+01 1.048070210759768639e-01
-3.800000000000000000e+01 1.021139776273332356e-01
-3.700000000000000000e+01 1.078232097954436586e-01
-3.600000000000000000e+01 1.136818654512811444e-01
-3.500000000000000000e+01 1.150687727210904926e-01
-3.400000000000000000e+01 1.125604397524556793e-01
-3.300000000000000000e+01 1.095455555634703287e-01
-3.200000000000000000e+01 1.137418094308011579e-01
-3.100000000000000000e+01 1.155972869563273442e-01
-3.000000000000000000e+01 1.255492453712034051e-01
-2.900000000000000000e+01 1.284480736680245760e-01
-2.800000000000000000e+01 1.351198247706247857e-01
-2.700000000000000000e+01 1.493224729043919063e-01
-2.600000000000000000e+01 1.545233537984934957e-01
-2.500000000000000000e+01 1.702436313209369501e-01
-2.400000000000000000e+01 1.904984253123864213e-01
-2.300000000000000000e+01 2.013694464165832199e-01
-2.200000000000000000e+01 2.200017856394301530e-01
-2.100000000000000000e+01 2.462866863914517646e-01
-2.000000000000000000e+01 2.566367836333062202e-01
-1.900000000000000000e+01 2.689040067398704159e-01
-1.800000000000000000e+01 2.833358629755993729e-01
-1.700000000000000000e+01 2.844595267659010274e-01
-1.600000000000000000e+01 2.970839411599946467e-01
-1.500000000000000000e+01 3.147938791684815607e-01
-1.400000000000000000e+01 3.249126791849460960e-01
-1.300000000000000000e+01 3.353353151410992106e-01
-1.200000000000000000e+01 3.526061167536387320e-01
-1.100000000000000000e+01 3.659015353199794318e-01
-1.000000000000000000e+01 3.722914854307834420e-01
-9.000000000000000000e+00 3.794581929528135222e-01
-8.000000000000000000e+00 3.963494694651882311e-01
-7.000000000000000000e+00 4.122006071439396901e-01
-6.000000000000000000e+00 4.243535239125693082e-01
-5.000000000000000000e+00 4.376727503312221046e-01
-4.000000000000000000e+00 4.588192323319403298e-01
-3.000000000000000000e+00 4.866635205648106033e-01
-2.000000000000000000e+00 5.017158737759451759e-01
-1.000000000000000000e+00 5.545199321034888218e-01
0.000000000000000000e+00 7.230472013039190848e-01
1.000000000000000000e+00 7.088106922229602258e-01
2.000000000000000000e+00 5.716369498246435255e-01
3.000000000000000000e+00 5.130552872358344896e-01
4.000000000000000000e+00 4.755554004925126588e-01
5.000000000000000000e+00 4.490479083654231873e-01
6.000000000000000000e+00 4.346482453724525574e-01
7.000000000000000000e+00 4.228334213495563709e-01
8.000000000000000000e+00 4.079190569976309244e-01
9.000000000000000000e+00 3.870816458711794916e-01
1.000000000000000000e+01 3.637078524986298023e-01
1.100000000000000000e+01 3.580427670620254799e-01
1.200000000000000000e+01 3.618413456548820739e-01
1.300000000000000000e+01 3.510186868222162637e-01
1.400000000000000000e+01 3.380790946598470348e-01
1.500000000000000000e+01 3.398936462953248139e-01
1.600000000000000000e+01 3.321783968576144663e-01
1.700000000000000000e+01 3.106612535967125388e-01
1.800000000000000000e+01 3.013599037004572878e-01
1.900000000000000000e+01 3.032099207678181640e-01
2.000000000000000000e+01 2.972165114087613191e-01
2.100000000000000000e+01 2.915338158440673455e-01
2.200000000000000000e+01 2.705784774981182528e-01
2.300000000000000000e+01 2.458177394185215303e-01
2.400000000000000000e+01 2.316744895564104012e-01
2.500000000000000000e+01 2.227989557776743623e-01
2.600000000000000000e+01 2.055360811663763110e-01
2.700000000000000000e+01 1.998705420307783642e-01
2.800000000000000000e+01 1.873341126904406184e-01
2.900000000000000000e+01 1.686645984334661508e-01
3.000000000000000000e+01 1.687678968441239935e-01
3.100000000000000000e+01 1.681185934865661313e-01
3.200000000000000000e+01 1.634479842889253465e-01
3.300000000000000000e+01 1.596311044423759096e-01
3.400000000000000000e+01 1.583165387530197088e-01
3.500000000000000000e+01 1.627182057407660642e-01
3.600000000000000000e+01 1.685125020501054283e-01
3.700000000000000000e+01 1.641776146614362941e-01
3.800000000000000000e+01 1.538992790038141434e-01
3.900000000000000000e+01 1.499240704701691462e-01
4.000000000000000000e+01 1.488457750146581771e-01
4.100000000000000000e+01 1.412560595846777123e-01
4.200000000000000000e+01 1.356559983810010916e-01
4.300000000000000000e+01 1.264751034035539179e-01
4.400000000000000000e+01 1.287586603205418401e-01
4.500000000000000000e+01 1.412252618131516479e-01
4.600000000000000000e+01 1.434933516787114116e-01
4.700000000000000000e+01 1.366061837844257387e-01
4.800000000000000000e+01 1.234914003279361516e-01
4.900000000000000000e+01 1.010900374139653279e-01
5.000000000000000000e+01 9.163317203151964685e-02
