   0.0000E+00   3.3000E-02
   0.0000E+00   1.5775E-02
   1.0000E+00   1.5923E-02
   2.0000E+00   2.0309E-02
   3.0000E+00   2.8586E-02
   3.0000E+00   3.3000E-02
   3.0000E+00   2.7762E-02
   4.0000E+00   3.5781E-02
   5.0000E+00   3.6285E-02
   6.0000E+00   2.9522E-02
   7.0000E+00   2.2221E-02
   8.0000E+00   1.7241E-02
   9.0000E+00   1.3383E-02
   1.0000E+01   1.0427E-02
   1.1000E+01   9.0318E-03
   1.2000E+01   8.6001E-03
   1.3000E+01   9.4360E-03
   1.4000E+01   1.1667E-02
   1.5000E+01   1.4189E-02
   1.6000E+01   1.4413E-02
   1.7000E+01   1.2479E-02
   1.8000E+01   8.4427E-03
   1.9000E+01   6.6705E-03
   2.0000E+01   6.3996E-03
   2.1000E+01   7.9429E-03
   2.2000E+01   1.2617E-02
   2.3000E+01   2.0473E-02
   2.4000E+01   2.3153E-02
   2.5000E+01   2.2590E-02
   2.6000E+01   1.6921E-02
   2.7000E+01   1.4894E-02
   2.8000E+01   1.4374E-02
   2.9000E+01   1.5694E-02
   3.0000E+01   2.0007E-02
   3.1000E+01   2.3793E-02
   3.2000E+01   2.6471E-02
   3.3000E+01   2.6046E-02
   3.4000E+01   2.3614E-02
   3.5000E+01   2.2168E-02
   3.6000E+01   2.1683E-02
   3.7000E+01   2.2000E-02
   3.8000E+01   2.3975E-02
   3.9000E+01   2.6863E-02
   4.0000E+01   2.9709E-02
   4.1000E+01   3.8531E-02
   4.2000E+01   4.4785E-02
   4.3000E+01   4.6526E-02
   4.4000E+01   4.2385E-02
   4.5000E+01   2.8758E-02
   4.6000E+01   2.2775E-02
   4.7000E+01   1.8071E-02
   4.8000E+01   1.6938E-02
   4.9000E+01   1.7204E-02
   5.0000E+01   1.9957E-02
   5.1000E+01   2.3113E-02
   5.2000E+01   2.8617E-02
   5.3000E+01   3.7521E-02
   5.4000E+01   5.0597E-02
   5.5000E+01   5.3840E-02
   5.6000E+01   5.0655E-02
   5.7000E+01   4.0018E-02
   5.8000E+01   3.0824E-02
   5.9000E+01   2.1438E-02
   6.0000E+01   1.0641E-02
   6.1000E+01   7.1879E-03
   6.2000E+01   5.6399E-03
   6.3000E+01   5.4470E-03
   6.4000E+01   6.7743E-03
   6.5000E+01   1.3318E-02
   6.6000E+01   1.9727E-02
   6.7000E+01   2.6739E-02
   6.8000E+01   2.7523E-02
   6.9000E+01   2.3467E-02
   7.0000E+01   1.9257E-02
   7.1000E+01   1.3980E-02
   7.2000E+01   9.8503E-03
   7.3000E+01   7.8069E-03
   7.4000E+01   7.0399E-03
   7.5000E+01   7.1060E-03
   7.6000E+01   8.1753E-03
   7.7000E+01   1.1638E-02
   7.8000E+01   1.4381E-02
   7.9000E+01   1.5174E-02
   8.0000E+01   1.4435E-02
   8.1000E+01   1.2019E-02
   8.2000E+01   1.1138E-02
   8.3000E+01   1.0558E-02
   8.4000E+01   1.0812E-02
   8.5000E+01   1.1287E-02
   8.6000E+01   1.1132E-02
   8.7000E+01   9.8286E-03
   8.8000E+01   8.9301E-03
   8.9000E+01   7.6807E-03
   9.0000E+01   7.5684E-03
   9.1000E+01   8.2096E-03
   9.2000E+01   1.0530E-02
   9.3000E+01   1.4097E-02
   9.4000E+01   1.6100E-02
   9.5000E+01   1.4822E-02
   9.6000E+01   1.1747E-02
   9.7000E+01   9.2163E-03
   9.8000E+01   7.8045E-03
   9.9000E+01   7.8103E-03
   1.0000E+02   8.5030E-03
   1.0100E+02   9.9131E-03
   1.0200E+02   1.0634E-02
   1.0300E+02   1.0771E-02
   1.0400E+02   9.9704E-03
   1.0500E+02   8.9797E-03
   1.0600E+02   6.8311E-03
   1.0700E+02   5.1515E-03
   1.0800E+02   2.9188E-03
   1.0900E+02   2.5326E-03
   1.1000E+02   2.7453E-03
   1.1100E+02   4.1743E-03
   1.1200E+02   7.1574E-03
   1.1300E+02   1.3217E-02
   1.1400E+02   2.2551E-02
   1.1500E+02   2.5936E-02
   1.1600E+02   2.8031E-02
   1.1700E+02   2.8042E-02
   1.1800E+02   2.7235E-02
   1.1900E+02   2.4670E-02
   1.2000E+02   2.2922E-02
   1.2100E+02   2.1500E-02
   1.2200E+02   2.1290E-02
   1.2300E+02   2.2375E-02
   1.2400E+02   2.4107E-02
   1.2500E+02   2.6617E-02
   1.2600E+02   2.7384E-02
   1.2700E+02   2.8328E-02
   1.2800E+02   2.8655E-02
   1.2900E+02   2.9181E-02
   1.3000E+02   2.9722E-02
   1.3100E+02   3.0508E-02
   1.3200E+02   3.1741E-02
   1.3300E+02   3.4525E-02
   1.3400E+02   3.8622E-02
   1.3500E+02   4.4485E-02
   1.3600E+02   5.1066E-02
   1.3700E+02   5.0750E-02
   1.3800E+02   4.3349E-02
   1.3900E+02   3.2928E-02
   1.4000E+02   2.2926E-02
   1.4100E+02   1.7352E-02
   1.4200E+02   1.4583E-02
   1.4300E+02   1.3128E-02
   1.4400E+02   1.2750E-02
   1.4500E+02   1.3707E-02
   1.4600E+02   1.5659E-02
   1.4700E+02   1.9278E-02
   1.4800E+02   2.3417E-02
   1.4900E+02   2.7105E-02
   1.5000E+02   3.0461E-02
   1.5100E+02   3.3216E-02
   1.5200E+02   3.5924E-02
   1.5300E+02   4.1321E-02
   1.5400E+02   4.9163E-02
   1.5500E+02   6.2778E-02
   1.5600E+02   6.7703E-02
   1.5700E+02   6.0106E-02
   1.5800E+02   4.5565E-02
   1.5900E+02   2.9704E-02
   1.6000E+02   2.0607E-02
   1.6100E+02   1.8059E-02
   1.6200E+02   1.9297E-02
   1.6300E+02   2.6496E-02
   1.6400E+02   3.0958E-02
   1.6500E+02   3.5225E-02
   1.6600E+02   3.9394E-02
   1.6700E+02   4.2262E-02
   1.6800E+02   4.5226E-02
   1.6900E+02   5.1636E-02
   1.7000E+02   5.7728E-02
   1.7100E+02   6.6861E-02
   1.7200E+02   6.6419E-02
   1.7300E+02   5.9658E-02
   1.7400E+02   4.5619E-02
   1.7500E+02   3.3266E-02
   1.7600E+02   2.6951E-02
   1.7700E+02   2.4497E-02
   1.7800E+02   2.4573E-02
   1.7900E+02   2.5740E-02
   1.8000E+02   2.6121E-02
   1.8100E+02   2.5901E-02
   1.8200E+02   2.5316E-02
   1.8300E+02   2.4894E-02
   1.8400E+02   2.4888E-02
   1.8500E+02   2.5118E-02
   1.8600E+02   2.6111E-02
   1.8700E+02   2.6895E-02
   1.8800E+02   2.8676E-02
   1.8900E+02   3.0631E-02
   1.9000E+02   3.2774E-02
   1.9100E+02   3.2765E-02
   1.9200E+02   3.0777E-02
   1.9300E+02   2.7502E-02
   1.9400E+02   2.2198E-02
   1.9500E+02   2.0351E-02
   1.9600E+02   2.2953E-02
   1.9700E+02   3.0172E-02
   1.9800E+02   4.9380E-02
   1.9900E+02   6.8856E-02
   2.0000E+02   8.6065E-02
   2.0100E+02   8.6007E-02
   2.0200E+02   7.4592E-02
   2.0300E+02   6.2802E-02
   2.0400E+02   5.3429E-02
   2.0500E+02   4.6012E-02
   2.0600E+02   4.0009E-02
   2.0700E+02   3.8279E-02
   2.0800E+02   3.4869E-02
   2.0900E+02   3.3579E-02
   2.1000E+02   3.2659E-02
   2.1100E+02   3.1173E-02
   2.1200E+02   3.0460E-02
   2.1300E+02   2.9093E-02
   2.1400E+02   2.7757E-02
   2.1500E+02   2.6610E-02
   2.1600E+02   2.6610E-02
   2.1700E+02   2.4905E-02
   2.1800E+02   2.4905E-02
   2.1900E+02   2.5373E-02
   2.2000E+02   2.6913E-02
   2.2100E+02   2.9640E-02
   2.2200E+02   3.1184E-02
   2.2300E+02   3.0613E-02
   2.2400E+02   2.7498E-02
   2.2500E+02   2.4025E-02
   2.2600E+02   2.0261E-02
   2.2700E+02   1.9897E-02
   2.2800E+02   2.1184E-02
   2.2900E+02   2.5372E-02
   2.3000E+02   2.9050E-02
   2.3100E+02   2.5320E-02
   2.3200E+02   1.9031E-02
   2.3300E+02   1.0544E-02
   2.3400E+02   8.3806E-03
   2.3500E+02   8.0724E-03
   2.3600E+02   9.9894E-03
   2.3700E+02   1.5217E-02
   2.3800E+02   2.1988E-02
   2.3900E+02   2.5701E-02
   2.4000E+02   2.2795E-02
   2.4100E+02   1.6789E-02
   2.4200E+02   1.4293E-02
   2.4300E+02   1.4471E-02
   2.4400E+02   1.5456E-02
   2.4500E+02   2.2998E-02
   2.4600E+02   2.5285E-02
   2.4700E+02   2.5611E-02
   2.4800E+02   2.3596E-02
   2.4900E+02   1.9664E-02
   2.5000E+02   1.8079E-02
   2.5100E+02   1.8178E-02
   2.5200E+02   1.9433E-02
   2.5300E+02   2.2604E-02
   2.5400E+02   2.6112E-02
   2.5500E+02   2.6564E-02
   2.5600E+02   2.6153E-02
   2.5700E+02   2.5574E-02
   2.5800E+02   2.7580E-02
   2.5900E+02   3.1843E-02
   2.6000E+02   3.6635E-02
   2.6100E+02   4.7370E-02
   2.6200E+02   5.3158E-02
   2.6300E+02   5.4685E-02
   2.6400E+02   5.0503E-02
   2.6500E+02   4.6478E-02
   2.6600E+02   4.5191E-02
   2.6700E+02   4.4496E-02
   2.6800E+02   4.5249E-02
   2.6900E+02   4.5997E-02
   2.7000E+02   4.7129E-02
   2.7100E+02   4.8090E-02
   2.7200E+02   4.9371E-02
   2.7300E+02   5.1065E-02
   2.7400E+02   5.3543E-02
   2.7500E+02   5.7655E-02
   2.7600E+02   6.4926E-02
   2.7700E+02   6.4104E-02
   2.7800E+02   5.4905E-02
   2.7900E+02   4.0108E-02
   2.8000E+02   2.5919E-02
   2.8100E+02   2.0262E-02
   2.8200E+02   1.8935E-02
   2.8300E+02   2.0911E-02
   2.8400E+02   2.8796E-02
   2.8500E+02   3.5493E-02
   2.8600E+02   3.6366E-02
   2.8700E+02   3.1517E-02
   2.8800E+02   2.4643E-02
   2.8900E+02   2.1289E-02
   2.9000E+02   2.3436E-02
   2.9100E+02   2.8141E-02
   2.9200E+02   3.9316E-02
   2.9300E+02   4.7420E-02
   2.9400E+02   5.0082E-02
   2.9500E+02   4.5346E-02
   2.9600E+02   3.8370E-02
   2.9700E+02   3.0931E-02
   2.9800E+02   2.7638E-02
   2.9900E+02   2.5667E-02
   3.0000E+02   2.5302E-02
   3.0100E+02   2.4925E-02
   3.0200E+02   2.5152E-02
   3.0300E+02   2.6959E-02
   3.0400E+02   2.8484E-02
   3.0500E+02   3.1673E-02
   3.0600E+02   3.6193E-02
   3.0700E+02   3.6193E-02
   3.0800E+02   4.0802E-02
   3.0900E+02   4.4299E-02
   3.1000E+02   4.7140E-02
   3.1100E+02   4.9194E-02
   3.1200E+02   4.7585E-02
   3.1300E+02   4.1927E-02
   3.1400E+02   3.3515E-02
   3.1500E+02   2.4216E-02
   3.1600E+02   1.9287E-02
   3.1700E+02   1.6316E-02
   3.1800E+02   1.6145E-02
   3.1900E+02   1.7574E-02
   3.2000E+02   2.0062E-02
   3.2100E+02   2.2783E-02
   3.2200E+02   2.5746E-02
   3.2300E+02   2.6363E-02
   3.2400E+02   2.8626E-02
   3.2500E+02   2.9814E-02
   3.2600E+02   3.0430E-02
   3.2700E+02   3.0235E-02
   3.2800E+02   2.9593E-02
   3.2900E+02   2.7603E-02
   3.3000E+02   2.5142E-02
   3.3100E+02   2.2772E-02
   3.3200E+02   2.1356E-02
   3.3300E+02   2.2156E-02
   3.3400E+02   2.3885E-02
   3.3500E+02   2.8317E-02
   3.3600E+02   2.9287E-02
   3.3700E+02   3.0318E-02
   3.3800E+02   2.9653E-02
   3.3900E+02   2.7780E-02
   3.4000E+02   2.7587E-02
   3.4100E+02   2.7868E-02
   3.4200E+02   2.9313E-02
   3.4300E+02   3.0424E-02
   3.4400E+02   2.8967E-02
   3.4500E+02   2.7011E-02
   3.4600E+02   2.3794E-02
   3.4700E+02   1.9194E-02
   3.4800E+02   1.6163E-02
   3.4900E+02   1.3694E-02
   3.5000E+02   1.3211E-02
   3.5100E+02   1.2247E-02
   3.5200E+02   1.2670E-02
   3.5300E+02   1.3703E-02
   3.5400E+02   1.6672E-02
   3.5500E+02   1.7694E-02
   3.5600E+02   1.6483E-02
   3.5700E+02   1.4976E-02
   3.5800E+02   1.0637E-02
   3.5900E+02   8.3015E-03
   3.6000E+02   5.6243E-03
   3.6100E+02   4.4501E-03
   3.6200E+02   3.7373E-03
   3.6300E+02   3.7756E-03
   3.6400E+02   4.1597E-03
   3.6500E+02   5.8613E-03
   3.6600E+02   9.7647E-03
   3.6700E+02   1.4103E-02
   3.6800E+02   1.5840E-02
   3.6900E+02   1.5359E-02
   3.7000E+02   1.2609E-02
   3.7100E+02   1.1212E-02
   3.7200E+02   1.0770E-02
   3.7300E+02   1.1877E-02
   3.7400E+02   1.3615E-02
   3.7500E+02   1.4031E-02
   3.7600E+02   1.4347E-02
   3.7700E+02   1.3872E-02
   3.7800E+02   1.2626E-02
   3.7900E+02   1.2270E-02
   3.8000E+02   1.1813E-02
   3.8100E+02   1.1895E-02
   3.8200E+02   1.1892E-02
   3.8300E+02   1.1725E-02
   3.8400E+02   1.1457E-02
   3.8500E+02   1.0668E-02
   3.8600E+02   1.0717E-02
   3.8700E+02   1.1353E-02
   3.8800E+02   1.3371E-02
   3.8900E+02   1.6802E-02
   3.9000E+02   2.1307E-02
   3.9100E+02   2.3399E-02
   3.9200E+02   2.1618E-02
   3.9300E+02   1.7465E-02
   3.9400E+02   1.4639E-02
   3.9500E+02   1.3780E-02
   3.9600E+02   1.5053E-02
   3.9700E+02   1.8118E-02
   3.9800E+02   2.1932E-02
   3.9900E+02   2.4026E-02
   4.0000E+02   2.5330E-02
   4.0100E+02   2.5539E-02
   4.0200E+02   2.5635E-02
   4.0300E+02   2.5752E-02
   4.0400E+02   2.5891E-02
   4.0500E+02   2.5856E-02
   4.0600E+02   2.4912E-02
   4.0700E+02   2.3886E-02
   4.0800E+02   2.1551E-02
   4.0900E+02   1.8536E-02
   4.1000E+02   1.7215E-02
   4.1100E+02   1.6238E-02
   4.1200E+02   1.6082E-02
   4.1300E+02   1.6482E-02
   4.1400E+02   1.7664E-02
   4.1500E+02   2.0439E-02
   4.1600E+02   2.3772E-02
   4.1700E+02   3.0613E-02
   4.1800E+02   3.0961E-02
   4.1900E+02   2.8414E-02
   4.2000E+02   2.1471E-02
   4.2100E+02   1.8180E-02
   4.2200E+02   1.6275E-02
   4.2300E+02   1.7336E-02
   4.2400E+02   2.0690E-02
   4.2500E+02   2.6250E-02
   4.2600E+02   2.7417E-02
   4.2700E+02   2.4464E-02
   4.2800E+02   1.9113E-02
   4.2900E+02   1.4047E-02
   4.3000E+02   1.2882E-02
   4.3100E+02   1.3851E-02
   4.3200E+02   1.9673E-02
   4.3300E+02   2.4381E-02
   4.3400E+02   3.3636E-02
   4.3500E+02   4.2081E-02
   4.3600E+02   4.8357E-02
   4.3700E+02   5.1206E-02
   4.3800E+02   5.0964E-02
   4.3900E+02   4.5325E-02
   4.4000E+02   4.0869E-02
   4.4100E+02   3.4612E-02
   4.4200E+02   3.4214E-02
   4.4300E+02   3.5946E-02
   4.4400E+02   4.2108E-02
   4.4500E+02   4.2777E-02
   4.4600E+02   3.9772E-02
   4.4700E+02   3.5111E-02
   4.4800E+02   2.7909E-02
   4.4900E+02   2.5362E-02
   4.5000E+02   2.8429E-02
   4.5100E+02   4.3033E-02
   4.5200E+02   6.4794E-02
   4.5300E+02   9.2189E-02
   4.5400E+02   9.5463E-02
   4.5500E+02   7.1517E-02
   4.5600E+02   5.2952E-02
   4.5700E+02   4.5633E-02
   4.5800E+02   4.3879E-02
   4.5900E+02   4.9093E-02
   4.6000E+02   6.2305E-02
   4.6100E+02   6.7839E-02
   4.6200E+02   6.1747E-02
   4.6300E+02   4.6219E-02
   4.6400E+02   3.4995E-02
   4.6500E+02   2.5975E-02
   4.6600E+02   2.3264E-02
   4.6700E+02   2.3304E-02
   4.6800E+02   2.4631E-02
   4.6900E+02   2.5509E-02
   4.7000E+02   2.7447E-02
   4.7100E+02   2.8132E-02
   4.7200E+02   2.7940E-02
   4.7300E+02   2.5949E-02
   4.7400E+02   2.3280E-02
   4.7500E+02   1.8857E-02
   4.7600E+02   1.5570E-02
   4.7700E+02   1.4320E-02
   4.7800E+02   1.3990E-02
   4.7900E+02   1.5248E-02
   4.8000E+02   1.7164E-02
   4.8100E+02   1.8306E-02
   4.8200E+02   2.1488E-02
   4.8300E+02   2.4288E-02
   4.8400E+02   2.9520E-02
   4.8500E+02   3.1317E-02
   4.8600E+02   3.7176E-02
   4.8700E+02   3.9674E-02
   4.8800E+02   4.0257E-02
   4.8900E+02   3.5678E-02
   4.9000E+02   2.8400E-02
   4.9100E+02   2.0213E-02
   4.9200E+02   1.3700E-02
   4.9300E+02   1.1177E-02
   4.9400E+02   9.5040E-03
   4.9500E+02   8.5886E-03
   4.9600E+02   8.7525E-03
   4.9700E+02   1.0030E-02
   4.9800E+02   1.2243E-02
   4.9900E+02   1.7982E-02
   5.0000E+02   2.2609E-02
   5.0100E+02   2.3757E-02
   5.0200E+02   2.3176E-02
   5.0300E+02   2.0358E-02
   5.0400E+02   1.8435E-02
   5.0500E+02   1.7769E-02
   5.0600E+02   1.6556E-02
   5.0700E+02   1.6407E-02
   5.0800E+02   1.6671E-02
   5.0900E+02   1.8011E-02
   5.1000E+02   2.0090E-02
   5.1100E+02   2.2870E-02
   5.1200E+02   2.5193E-02
   5.1300E+02   2.7251E-02
   5.1400E+02   2.7903E-02
   5.1500E+02   2.8949E-02
   5.1600E+02   2.8963E-02
   5.1700E+02   2.8544E-02
   5.1800E+02   2.8035E-02
   5.1900E+02   2.7428E-02
   5.2000E+02   2.6548E-02
   5.2100E+02   2.5544E-02
   5.2200E+02   2.4260E-02
   5.2300E+02   2.3964E-02
   5.2400E+02   2.4763E-02
   5.2500E+02   2.6160E-02
   5.2600E+02   2.8272E-02
   5.2700E+02   3.1196E-02
   5.2800E+02   3.2352E-02
   5.2900E+02   3.2421E-02
   5.3000E+02   3.1823E-02
   5.3100E+02   3.1331E-02
   5.3200E+02   3.1190E-02
   5.3300E+02   3.1144E-02
   5.3400E+02   3.0957E-02
   5.3500E+02   2.8468E-02
   5.3600E+02   2.5810E-02
   5.3700E+02   2.2132E-02
   5.3800E+02   1.7369E-02
   5.3900E+02   1.5629E-02
   5.4000E+02   1.5234E-02
   5.4100E+02   1.6674E-02
   5.4200E+02   1.7656E-02
   5.4300E+02   1.9155E-02
   5.4400E+02   1.9332E-02
   5.4500E+02   1.8982E-02
   5.4600E+02   1.7547E-02
   5.4700E+02   1.7019E-02
   5.4800E+02   1.6667E-02
   5.4900E+02   1.6235E-02
   5.5000E+02   1.6560E-02
   5.5100E+02   1.9158E-02
   5.5200E+02   2.3867E-02
   5.5300E+02   3.1145E-02
   5.5400E+02   4.4984E-02
   5.5500E+02   5.1353E-02
   5.5600E+02   5.6387E-02
   5.5700E+02   5.4733E-02
   5.5800E+02   5.3971E-02
   5.5900E+02   5.5942E-02
   5.6000E+02   6.7578E-02
   5.6100E+02   7.7598E-02
   5.6200E+02   9.4446E-02
   5.6300E+02   9.3172E-02
   5.6400E+02   8.3736E-02
   5.6500E+02   6.3362E-02
   5.6600E+02   4.9794E-02
   5.6700E+02   4.1794E-02
   5.6800E+02   3.7466E-02
   5.6900E+02   3.6087E-02
   5.7000E+02   3.3456E-02
   5.7100E+02   3.2610E-02
   5.7200E+02   3.2282E-02
   5.7300E+02   3.2509E-02
   5.7400E+02   3.2283E-02
   5.7500E+02   3.1760E-02
   5.7600E+02   3.0952E-02
   5.7700E+02   3.0406E-02
   5.7800E+02   3.1631E-02
   5.7900E+02   3.3938E-02
   5.8000E+02   3.8814E-02
   5.8100E+02   4.8019E-02
   5.8200E+02   5.8523E-02
   5.8300E+02   6.6609E-02
   5.8400E+02   6.7346E-02
   5.8500E+02   7.0511E-02
   5.8600E+02   6.5754E-02
   5.8700E+02   6.0768E-02
   5.8800E+02   4.8440E-02
   5.8900E+02   3.4728E-02
   5.9000E+02   2.7221E-02
   5.9100E+02   2.1493E-02
   5.9200E+02   1.7260E-02
   5.9300E+02   1.4887E-02
   5.9400E+02   1.3116E-02
   5.9500E+02   1.2476E-02
   5.9600E+02   1.2516E-02
   5.9700E+02   1.3649E-02
   5.9800E+02   1.6115E-02
   5.9900E+02   1.8051E-02
   6.0000E+02   2.4394E-02
   6.0100E+02   3.0534E-02
   6.0200E+02   3.5756E-02
   6.0300E+02   4.0334E-02
   6.0400E+02   4.1728E-02
   6.0500E+02   4.1171E-02
   6.0600E+02   3.7524E-02
   6.0700E+02   3.4650E-02
   6.0800E+02   2.7669E-02
   6.0900E+02   2.6924E-02
   6.1000E+02   2.7244E-02
   6.1100E+02   2.8933E-02
   6.1200E+02   3.6014E-02
   6.1300E+02   3.9335E-02
   6.1400E+02   3.9793E-02
   6.1500E+02   3.7044E-02
   6.1600E+02   3.0554E-02
   6.1700E+02   2.5926E-02
   6.1800E+02   2.1677E-02
   6.1900E+02   1.9523E-02
   6.2000E+02   1.6844E-02
   6.2100E+02   1.7064E-02
   6.2200E+02   2.0512E-02
   6.2300E+02   2.6877E-02
   6.2400E+02   3.3580E-02
   6.2500E+02   3.0103E-02
   6.2600E+02   2.1458E-02
   6.2700E+02   8.7210E-03
   6.2800E+02   4.1693E-03
   6.2900E+02   2.8363E-03
   6.3000E+02   3.5578E-03
   6.3100E+02   8.6652E-03
   6.3200E+02   2.5661E-02
   6.3300E+02   4.7545E-02
   6.3400E+02   6.0455E-02
   6.3500E+02   4.7735E-02
   6.3600E+02   3.0451E-02
   6.3700E+02   2.5240E-02
   6.3800E+02   2.3354E-02
   6.3900E+02   2.4697E-02
   6.4000E+02   2.7587E-02
   6.4100E+02   2.7610E-02
   6.4200E+02   2.4948E-02
   6.4300E+02   2.2036E-02
   6.4400E+02   2.0863E-02
   6.4500E+02   2.2959E-02
   6.4600E+02   2.9022E-02
   6.4700E+02   4.2022E-02
   6.4800E+02   4.5829E-02
   6.4900E+02   3.5345E-02
   6.5000E+02   2.0614E-02
   6.5100E+02   9.7925E-03
   6.5200E+02   6.3480E-03
   6.5300E+02   7.1189E-03
   6.5400E+02   1.1311E-02
   6.5500E+02   3.1707E-02
   6.5600E+02   6.0035E-02
   6.5700E+02   6.9907E-02
   6.5800E+02   4.6393E-02
   6.5900E+02   1.9185E-02
   6.6000E+02   1.0901E-02
   6.6100E+02   9.4469E-03
   6.6200E+02   1.2074E-02
   6.6300E+02   1.8899E-02
   6.6400E+02   2.5305E-02
   6.6500E+02   2.8814E-02
   6.6600E+02   2.7704E-02
   6.6700E+02   2.1492E-02
   6.6800E+02   1.9533E-02
   6.6900E+02   1.6949E-02
   6.7000E+02   1.5069E-02
   6.7100E+02   1.3898E-02
   6.7200E+02   1.3487E-02
   6.7300E+02   1.2982E-02
   6.7400E+02   1.3039E-02
   6.7500E+02   1.3588E-02
   6.7600E+02   1.4826E-02
   6.7700E+02   1.7203E-02
   6.7800E+02   2.1705E-02
   6.7900E+02   2.8888E-02
   6.8000E+02   3.1444E-02
   6.8100E+02   3.1329E-02
   6.8200E+02   2.9024E-02
   6.8300E+02   2.6260E-02
   6.8400E+02   2.3043E-02
   6.8500E+02   2.1839E-02
   6.8600E+02   1.9869E-02
   6.8700E+02   1.9015E-02
   6.8800E+02   1.9408E-02
   6.8900E+02   2.1097E-02
   6.9000E+02   2.4709E-02
   6.9100E+02   2.6167E-02
   6.9200E+02   2.5390E-02
   6.9300E+02   2.0753E-02
   6.9400E+02   1.6608E-02
   6.9500E+02   1.4967E-02
   6.9600E+02   1.5538E-02
   6.9700E+02   1.7560E-02
   6.9800E+02   2.2964E-02
   6.9900E+02   2.6092E-02
   7.0000E+02   2.4252E-02
   7.0100E+02   2.1240E-02
   7.0200E+02   1.4354E-02
   7.0300E+02   1.3736E-02
   7.0400E+02   1.3898E-02
   7.0500E+02   1.6616E-02
   7.0600E+02   2.0375E-02
   7.0700E+02   2.2946E-02
   7.0800E+02   2.1953E-02
   7.0900E+02   1.7918E-02
   7.1000E+02   1.2729E-02
   7.1100E+02   1.1612E-02
   7.1200E+02   1.2240E-02
   7.1300E+02   1.5254E-02
   7.1400E+02   2.1606E-02
   7.1500E+02   2.7304E-02
   7.1600E+02   3.1456E-02
   7.1700E+02   3.3087E-02
   7.1800E+02   3.2086E-02
   7.1900E+02   3.0588E-02
   7.2000E+02   2.5733E-02
   7.2100E+02   2.2642E-02
   7.2200E+02   1.9463E-02
   7.2300E+02   1.8505E-02
   7.2400E+02   1.9024E-02
   7.2500E+02   2.1192E-02
   7.2600E+02   2.3746E-02
   7.2700E+02   2.8876E-02
   7.2800E+02   3.5370E-02
   7.2900E+02   5.3924E-02
   7.3000E+02   6.2707E-02
   7.3100E+02   6.7191E-02
   7.3200E+02   5.7631E-02
   7.3300E+02   4.2579E-02
   7.3400E+02   3.5536E-02
   7.3500E+02   2.1376E-02
   7.3600E+02   1.7561E-02
   7.3700E+02   1.0290E-02
   7.3800E+02   8.6755E-03
   7.3900E+02   7.8491E-03
   7.4000E+02   8.0741E-03
   7.4100E+02   9.4325E-03
   7.4200E+02   1.0478E-02
   7.4300E+02   1.0996E-02
   7.4400E+02   1.0608E-02
   7.4500E+02   9.6372E-03
   7.4600E+02   9.2211E-03
   7.4700E+02   8.6804E-03
   7.4800E+02   8.5259E-03
   7.4900E+02   8.4481E-03
   7.5000E+02   8.7044E-03
   7.5100E+02   9.0742E-03
   7.5200E+02   9.6076E-03
   7.5300E+02   1.0344E-02
   7.5400E+02   1.1591E-02
   7.5500E+02   1.2541E-02
   7.5600E+02   1.4123E-02
   7.5700E+02   1.5103E-02
   7.5800E+02   1.5982E-02
   7.5900E+02   1.6333E-02
   7.6000E+02   1.6254E-02
   7.6100E+02   1.5431E-02
   7.6200E+02   1.4801E-02
   7.6300E+02   1.3651E-02
   7.6400E+02   1.2387E-02
   7.6500E+02   1.1369E-02
   7.6600E+02   1.0344E-02
   7.6700E+02   1.0344E-02
   7.6800E+02   1.0050E-02
   7.6900E+02   9.6739E-03
