   0.0000E+00   8.1065E-18   3.2633E-02   1.0000E-13
  -1.1828E+01  -1.5514E+01
  -1.1428E+01  -1.5514E+01
  -1.1028E+01  -1.5514E+01
  -1.0628E+01  -1.5514E+01
  -1.0228E+01  -1.5514E+01
  -9.8285E+00  -1.5514E+01
  -9.4285E+00  -1.5512E+01
  -9.0285E+00  -1.5476E+01
  -8.6285E+00  -1.5127E+01
  -8.2285E+00  -1.4138E+01
  -7.8285E+00  -1.2955E+01
  -7.4285E+00  -1.1756E+01
  -7.0285E+00  -1.0557E+01
  -6.6285E+00  -9.3573E+00
  -6.2285E+00  -8.1588E+00
  -5.8285E+00  -6.9625E+00
  -5.4285E+00  -5.7717E+00
  -5.0285E+00  -4.5952E+00
  -4.6285E+00  -3.4560E+00
  -4.2285E+00  -2.4198E+00
  -3.8285E+00  -1.6955E+00
  -3.4285E+00  -1.9556E+00
  -3.0285E+00  -4.9604E+00
  -2.6285E+00  -1.5514E+01
  -2.2285E+00  -1.5514E+01
  -1.8285E+00  -1.5514E+01
  -1.4285E+00  -1.5514E+01
  -1.0285E+00  -1.5514E+01
  -6.2848E-01  -1.5514E+01
  -2.2848E-01  -1.5514E+01
   1.7152E-01  -1.5514E+01
   5.7152E-01  -1.5514E+01
   9.7152E-01  -1.5514E+01
   1.3715E+00  -1.5514E+01
   1.7715E+00  -1.5514E+01
   2.1715E+00  -1.5514E+01
   2.5715E+00  -1.5514E+01
   2.9715E+00  -1.5514E+01
   3.3715E+00  -1.5514E+01
   3.7715E+00  -1.5514E+01
   4.1715E+00  -1.5514E+01
   4.5715E+00  -1.5514E+01
   4.9715E+00  -1.5514E+01
   5.3715E+00  -1.5514E+01
   5.7715E+00  -1.5514E+01
   6.1715E+00  -1.5514E+01
   6.5715E+00  -1.5514E+01
   6.9715E+00  -1.5514E+01
   7.3715E+00  -1.5514E+01
   7.7715E+00  -1.5514E+01
   8.1715E+00  -1.5514E+01
   8.5715E+00  -1.5514E+01
   8.9715E+00  -4.9373E+01
   0.0000E+00   8.1065E-18   3.2633E-02   1.0000E-13
  -1.1828E+01  -1.5514E+01
  -1.1428E+01  -1.5514E+01
  -1.1028E+01  -1.5514E+01
  -1.0628E+01  -1.5514E+01
  -1.0228E+01  -1.5514E+01
  -9.8285E+00  -1.5514E+01
  -9.4285E+00  -1.5512E+01
  -9.0285E+00  -1.5476E+01
  -8.6285E+00  -1.5127E+01
  -8.2285E+00  -1.4138E+01
  -7.8285E+00  -1.2955E+01
  -7.4285E+00  -1.1756E+01
  -7.0285E+00  -1.0557E+01
  -6.6285E+00  -9.3573E+00
  -6.2285E+00  -8.1588E+00
  -5.8285E+00  -6.9625E+00
  -5.4285E+00  -5.7717E+00
  -5.0285E+00  -4.5952E+00
  -4.6285E+00  -3.4560E+00
  -4.2285E+00  -2.4198E+00
  -3.8285E+00  -1.6955E+00
  -3.4285E+00  -1.9556E+00
  -3.0285E+00  -4.9604E+00
  -2.6285E+00  -1.5514E+01
  -2.2285E+00  -1.5514E+01
  -1.8285E+00  -1.5514E+01
  -1.4285E+00  -1.5514E+01
  -1.0285E+00  -1.5514E+01
  -6.2848E-01  -1.5514E+01
  -2.2848E-01  -1.5514E+01
   1.7152E-01  -1.5514E+01
   5.7152E-01  -1.5514E+01
   9.7152E-01  -1.5514E+01
   1.3715E+00  -1.5514E+01
   1.7715E+00  -1.5514E+01
   2.1715E+00  -1.5514E+01
   2.5715E+00  -1.5514E+01
   2.9715E+00  -1.5514E+01
   3.3715E+00  -1.5514E+01
   3.7715E+00  -1.5514E+01
   4.1715E+00  -1.5514E+01
   4.5715E+00  -1.5514E+01
   4.9715E+00  -1.5514E+01
   5.3715E+00  -1.5514E+01
   5.7715E+00  -1.5514E+01
   6.1715E+00  -1.5514E+01
   6.5715E+00  -1.5514E+01
   6.9715E+00  -1.5514E+01
   7.3715E+00  -1.5514E+01
   7.7715E+00  -1.5514E+01
   8.1715E+00  -1.5514E+01
   8.5715E+00  -1.5514E+01
   8.9715E+00  -4.9373E+01
   5.0000E+00   8.0595E-18   4.7924E-02   7.8954E-04
  -1.1828E+01  -1.4221E+01
  -1.1428E+01  -1.2638E+01
  -1.1028E+01  -1.1206E+01
  -1.0628E+01  -9.8057E+00
  -1.0228E+01  -8.4021E+00
  -9.8285E+00  -6.9974E+00
  -9.4285E+00  -5.5937E+00
  -9.0285E+00  -4.2060E+00
  -8.6285E+00  -3.0907E+00
  -8.2285E+00  -2.8319E+00
  -7.8285E+00  -2.8417E+00
  -7.4285E+00  -2.8685E+00
  -7.0285E+00  -2.9006E+00
  -6.6285E+00  -2.9406E+00
  -6.2285E+00  -2.9956E+00
  -5.8285E+00  -3.0794E+00
  -5.4285E+00  -3.2172E+00
  -5.0285E+00  -3.4268E+00
  -4.6285E+00  -3.2935E+00
  -4.2285E+00  -2.4069E+00
  -3.8285E+00  -1.6928E+00
  -3.4285E+00  -1.9484E+00
  -3.0285E+00  -3.4685E+00
  -2.6285E+00  -3.3727E+00
  -2.2285E+00  -3.3317E+00
  -1.8285E+00  -3.3034E+00
  -1.4285E+00  -3.2900E+00
  -1.0285E+00  -3.2907E+00
  -6.2848E-01  -3.3026E+00
  -2.2848E-01  -3.3250E+00
   1.7152E-01  -3.3575E+00
   5.7152E-01  -3.3992E+00
   9.7152E-01  -3.4506E+00
   1.3715E+00  -3.5161E+00
   1.7715E+00  -3.6128E+00
   2.1715E+00  -3.8396E+00
   2.5715E+00  -4.2822E+00
   2.9715E+00  -4.6113E+00
   3.3715E+00  -7.2663E+00
   3.7715E+00  -1.0933E+01
   4.1715E+00  -1.1460E+01
   4.5715E+00  -1.1422E+01
   4.9715E+00  -1.1186E+01
   5.3715E+00  -1.0977E+01
   5.7715E+00  -1.1135E+01
   6.1715E+00  -1.1717E+01
   6.5715E+00  -1.2809E+01
   6.9715E+00  -1.5247E+01
   7.3715E+00  -1.6010E+01
   7.7715E+00  -1.6334E+01
   8.1715E+00  -1.6727E+01
   8.5715E+00  -1.7243E+01
   8.9715E+00  -4.9373E+01
