5.289795918367347053e-17 1.997976330862006461e-02
1.983191309793833068e-01 1.997976330862006461e-02
3.966382619579968405e-01 1.997976330862006461e-02
5.949573929366104297e-01 1.997976330862006461e-02
7.932765239159936810e-01 1.997976330862006461e-02
9.915956548946072147e-01 1.997976330862006461e-02
1.189914785873220859e+00 2.010484081602147491e-02
1.388233916852604111e+00 2.091917493411406606e-02
1.586553047831217533e+00 2.250723147910765540e-02
1.784872178810601007e+00 2.503993610848182991e-02
1.983191309789214429e+00 2.880566915243357520e-02
