-5.000000000000000000e+01 -2.450660193894825187e-02
-4.900000000000000000e+01 -3.425725342152068087e-02
-4.800000000000000000e+01 -2.726122119846874012e-02
-4.700000000000000000e+01 -3.029189073777131813e-02
-4.600000000000000000e+01 -2.580906949936767961e-02
-4.500000000000000000e+01 -3.508222418918064377e-03
-4.400000000000000000e+01 -2.179983827161064563e-02
-4.300000000000000000e+01 2.429771269682295259e-02
-4.200000000000000000e+01 -1.200279286285026517e-02
-4.100000000000000000e+01 1.685803514023203817e-02
-4.000000000000000000e+01 -1.038973729132732469e-02
-3.900000000000000000e+01 -1.761185574258183201e-02
-3.800000000000000000e+01 -7.243553383163328988e-03
-3.700000000000000000e+01 1.090717161902053645e-02
-3.600000000000000000e+01 1.945485451461321721e-03
-3.500000000000000000e+01 1.597381205805117020e-03
-3.400000000000000000e+01 1.128423420295954910e-02
-3.300000000000000000e+01 -7.118329732698467499e-03
-3.200000000000000000e+01 -1.156767318444334135e-02
-3.100000000000000000e+01 2.419226009154723436e-03
-3.000000000000000000e+01 5.168140642534662516e-03
-2.900000000000000000e+01 1.064202889275676911e-02
-2.800000000000000000e+01 2.974428074498213295e-02
-2.700000000000000000e+01 -1.333108585423785526e-02
-2.600000000000000000e+01 1.279394049750492111e-02
-2.500000000000000000e+01 -9.723472214070719849e-03
-2.400000000000000000e+01 2.792512647403887216e-02
-2.300000000000000000e+01 1.506340591996687718e-02
-2.200000000000000000e+01 2.060714685561343060e-02
-2.100000000000000000e+01 1.546816661293936961e-02
-2.000000000000000000e+01 2.711218155654535750e-02
-1.900000000000000000e+01 7.011298131517866572e-02
-1.800000000000000000e+01 3.879487695532444352e-02
-1.700000000000000000e+01 5.851685471931571125e-02
-1.600000000000000000e+01 6.760475067445380348e-02
-1.500000000000000000e+01 4.626013876075453501e-02
-1.400000000000000000e+01 4.175836013471843911e-02
-1.300000000000000000e+01 5.545747082047012416e-02
-1.200000000000000000e+01 6.382376971571186719e-02
-1.100000000000000000e+01 7.950442293044203412e-02
-1.000000000000000000e+01 6.764949691104354956e-02
-9.000000000000000000e+00 1.003603454239280629e-01
-8.000000000000000000e+00 1.031771177480022145e-01
-7.000000000000000000e+00 1.206584172649942666e-01
-6.000000000000000000e+00 1.137079188615667813e-01
-5.000000000000000000e+00 1.229551232172064051e-01
-4.000000000000000000e+00 1.356900818454249980e-01
-3.000000000000000000e+00 1.241224587386506595e-01
-2.000000000000000000e+00 1.422621936989482416e-01
-1.000000000000000000e+00 1.310520002405547724e-01
0.000000000000000000e+00 9.861317804675321375e-01
1.000000000000000000e+00 1.317060761142026526e-01
2.000000000000000000e+00 1.432986740912723100e-01
3.000000000000000000e+00 1.241283918129510444e-01
4.000000000000000000e+00 1.357071681700628141e-01
5.000000000000000000e+00 1.203104086137466167e-01
6.000000000000000000e+00 1.155060727064851495e-01
7.000000000000000000e+00 1.220844117157884184e-01
8.000000000000000000e+00 1.046939003062387907e-01
9.000000000000000000e+00 1.014730844382442099e-01
1.000000000000000000e+01 6.689789494395338709e-02
1.100000000000000000e+01 8.064210746570224519e-02
1.200000000000000000e+01 6.316278788042820058e-02
1.300000000000000000e+01 5.563938595889034860e-02
1.400000000000000000e+01 4.306515656496091166e-02
1.500000000000000000e+01 4.573983736956722251e-02
1.600000000000000000e+01 6.643576083285789025e-02
1.700000000000000000e+01 5.599785840729198938e-02
1.800000000000000000e+01 3.723970099642234799e-02
1.900000000000000000e+01 6.811579923253803515e-02
2.000000000000000000e+01 2.935889848991683759e-02
2.100000000000000000e+01 1.860953415382179607e-02
2.200000000000000000e+01 1.993934629708717446e-02
2.300000000000000000e+01 1.349817554927592450e-02
2.400000000000000000e+01 2.831469575485477327e-02
2.500000000000000000e+01 -8.991072719912661729e-03
2.600000000000000000e+01 1.426728286210926511e-02
2.700000000000000000e+01 -1.385403831728933104e-02
2.800000000000000000e+01 3.155178655808500016e-02
2.900000000000000000e+01 7.353379689724224948e-03
3.000000000000000000e+01 4.941124537382203703e-03
3.100000000000000000e+01 1.471542648041115073e-03
3.200000000000000000e+01 -1.143030149573721899e-02
3.300000000000000000e+01 -8.509966235161668668e-03
3.400000000000000000e+01 1.117836161792403089e-02
3.500000000000000000e+01 3.844529809109721672e-03
3.600000000000000000e+01 1.759612228605338894e-03
3.700000000000000000e+01 1.331270364632882938e-02
3.800000000000000000e+01 -4.427610663917539227e-03
3.900000000000000000e+01 -1.978736148541668238e-02
4.000000000000000000e+01 -1.053898926573738730e-02
4.100000000000000000e+01 1.667518902586294025e-02
4.200000000000000000e+01 -1.260380085991939271e-02
4.300000000000000000e+01 2.646232603609214099e-02
4.400000000000000000e+01 -2.020649168120892958e-02
4.500000000000000000e+01 -3.393299274995192644e-03
4.600000000000000000e+01 -2.584228389814911819e-02
4.700000000000000000e+01 -3.164402221192973846e-02
4.800000000000000000e+01 -2.756286780711835957e-02
4.900000000000000000e+01 -3.296335244523972141e-02
5.000000000000000000e+01 -2.582305136301253634e-02
-5.000000000000000000e+01 -1.719714877286444843e-02
-4.900000000000000000e+01 -2.271407966761710209e-02
-4.800000000000000000e+01 -2.204401663621536819e-02
-4.700000000000000000e+01 -1.223627039154134497e-02
-4.600000000000000000e+01 -1.544234105576278160e-02
-4.500000000000000000e+01 8.373315872353017178e-03
-4.400000000000000000e+01 -1.363686692887119793e-02
-4.300000000000000000e+01 2.089075894890752086e-02
-4.200000000000000000e+01 -8.635915983330109263e-03
-4.100000000000000000e+01 1.284078203313666032e-02
-4.000000000000000000e+01 -5.491938902034418542e-03
-3.900000000000000000e+01 -1.345750122226797331e-02
-3.800000000000000000e+01 -2.143004027784581496e-03
-3.700000000000000000e+01 8.593062612203373335e-03
-3.600000000000000000e+01 5.529038065086071957e-03
-3.500000000000000000e+01 5.196599229278104845e-03
-3.400000000000000000e+01 1.329584738732724793e-02
-3.300000000000000000e+01 -1.101219506836004572e-02
-3.200000000000000000e+01 -1.133832703602504800e-02
-3.100000000000000000e+01 -2.733199134515059640e-03
-3.000000000000000000e+01 6.418543580214428664e-04
-2.900000000000000000e+01 9.711654631002146487e-03
-2.800000000000000000e+01 2.404155514750281469e-02
-2.700000000000000000e+01 -1.258310578619984549e-02
-2.600000000000000000e+01 1.359477621416270432e-02
-2.500000000000000000e+01 -1.024289482174440408e-02
-2.400000000000000000e+01 1.921863302338468193e-02
-2.300000000000000000e+01 1.373184442511623908e-02
-2.200000000000000000e+01 1.075183690123127610e-02
-2.100000000000000000e+01 1.554943391944286872e-02
-2.000000000000000000e+01 1.950220338254388813e-02
-1.900000000000000000e+01 6.119745855190174971e-02
-1.800000000000000000e+01 2.542865794584928812e-02
-1.700000000000000000e+01 4.316483033156341687e-02
-1.600000000000000000e+01 5.172289966221897684e-02
-1.500000000000000000e+01 3.457571828656127999e-02
-1.400000000000000000e+01 3.354792460068815180e-02
-1.300000000000000000e+01 4.307974580997316755e-02
-1.200000000000000000e+01 5.330649916078836897e-02
-1.100000000000000000e+01 6.616383075325764362e-02
-1.000000000000000000e+01 5.216187209247580281e-02
-9.000000000000000000e+00 7.982257686303713407e-02
-8.000000000000000000e+00 8.831045147203918366e-02
-7.000000000000000000e+00 1.070790805804494872e-01
-6.000000000000000000e+00 9.497775149650891646e-02
-5.000000000000000000e+00 1.027215618447524098e-01
-4.000000000000000000e+00 1.081197336432548894e-01
-3.000000000000000000e+00 9.744203675015809807e-02
-2.000000000000000000e+00 1.155035496431458253e-01
-1.000000000000000000e+00 1.101715743600589770e-01
0.000000000000000000e+00 9.899012161041232938e-01
1.000000000000000000e+00 1.096719285787266102e-01
2.000000000000000000e+00 1.149078890336864278e-01
3.000000000000000000e+00 9.854199255642016875e-02
4.000000000000000000e+00 1.080947938276003578e-01
5.000000000000000000e+00 1.055081400438582229e-01
6.000000000000000000e+00 9.218335780351399888e-02
7.000000000000000000e+00 1.050121742251049484e-01
8.000000000000000000e+00 8.637807371039959992e-02
9.000000000000000000e+00 7.822503059880588083e-02
1.000000000000000000e+01 5.341431405195686682e-02
1.100000000000000000e+01 6.465550534373541713e-02
1.200000000000000000e+01 5.296790602892577360e-02
1.300000000000000000e+01 4.322081237701128759e-02
1.400000000000000000e+01 3.298288497269476205e-02
1.500000000000000000e+01 3.437791439977276597e-02
1.600000000000000000e+01 5.279631903713093849e-02
1.700000000000000000e+01 4.561981333182699855e-02
1.800000000000000000e+01 2.689917649075673073e-02
1.900000000000000000e+01 6.338400275293817887e-02
2.000000000000000000e+01 1.702474107885908194e-02
2.100000000000000000e+01 1.203928713486201313e-02
2.200000000000000000e+01 1.180848963961027287e-02
2.300000000000000000e+01 1.577634326020072378e-02
2.400000000000000000e+01 1.867150262590697510e-02
2.500000000000000000e+01 -1.077437272693095895e-02
2.600000000000000000e+01 1.145839507129946949e-02
2.700000000000000000e+01 -1.261186449867181779e-02
2.800000000000000000e+01 2.217642306540266312e-02
2.900000000000000000e+01 1.293264106571560303e-02
3.000000000000000000e+01 1.642987995074505049e-03
3.100000000000000000e+01 -2.281983471522837283e-03
3.200000000000000000e+01 -1.112640448272742000e-02
3.300000000000000000e+01 -9.935356619880465756e-03
3.400000000000000000e+01 1.295309327249582858e-02
3.500000000000000000e+01 2.656692396022747142e-03
3.600000000000000000e+01 4.141184415885883902e-03
3.700000000000000000e+01 5.933785986148377815e-03
3.800000000000000000e+01 -5.197330773797030797e-03
3.900000000000000000e+01 -1.158744955034864653e-02
4.000000000000000000e+01 -6.155210834855072595e-03
4.100000000000000000e+01 1.335195025507260151e-02
4.200000000000000000e+01 -8.321108837419530224e-03
4.300000000000000000e+01 1.836108580544363461e-02
4.400000000000000000e+01 -1.496674338824431107e-02
4.500000000000000000e+01 8.343508187236123655e-03
4.600000000000000000e+01 -1.519670874734196930e-02
4.700000000000000000e+01 -1.013970116469301193e-02
4.800000000000000000e+01 -2.135025196017791699e-02
4.900000000000000000e+01 -2.347153593124326476e-02
5.000000000000000000e+01 -1.649772818601555335e-02
-5.000000000000000000e+01 -1.927013435440643949e-02
-4.900000000000000000e+01 -2.882390996790983040e-02
-4.800000000000000000e+01 -2.387329990830164630e-02
-4.700000000000000000e+01 -2.112371339705585924e-02
-4.600000000000000000e+01 -2.043877439706115115e-02
-4.500000000000000000e+01 2.013071355144501438e-03
-4.400000000000000000e+01 -1.964998611218331942e-02
-4.300000000000000000e+01 2.092685647941407504e-02
-4.200000000000000000e+01 -9.579822335107688117e-03
-4.100000000000000000e+01 1.457757023746821326e-02
-4.000000000000000000e+01 -8.846508877367958990e-03
-3.900000000000000000e+01 -1.457069887436578982e-02
-3.800000000000000000e+01 -7.024305833437889668e-03
-3.700000000000000000e+01 7.377252322040619807e-03
-3.600000000000000000e+01 2.094682247701109244e-03
-3.500000000000000000e+01 1.117111662993088873e-03
-3.400000000000000000e+01 1.259823697295253155e-02
-3.300000000000000000e+01 -8.309511700309175561e-03
-3.200000000000000000e+01 -1.024148343782253258e-02
-3.100000000000000000e+01 4.980861601148151930e-04
-3.000000000000000000e+01 4.036607892723681652e-03
-2.900000000000000000e+01 1.284711494376132059e-02
-2.800000000000000000e+01 2.536596495462157055e-02
-2.700000000000000000e+01 -1.337988138315850291e-02
-2.600000000000000000e+01 1.100950252891237484e-02
-2.500000000000000000e+01 -1.006962969411504503e-02
-2.400000000000000000e+01 2.343691232334880331e-02
-2.300000000000000000e+01 1.582093395882102488e-02
-2.200000000000000000e+01 1.656568069662438594e-02
-2.100000000000000000e+01 1.209273449377363217e-02
-2.000000000000000000e+01 2.165184367668876106e-02
-1.900000000000000000e+01 6.717385394538463728e-02
-1.800000000000000000e+01 3.407803909360661992e-02
-1.700000000000000000e+01 5.240660185008091249e-02
-1.600000000000000000e+01 6.065015924883132570e-02
-1.500000000000000000e+01 4.024332949933576847e-02
-1.400000000000000000e+01 3.750942916535434518e-02
-1.300000000000000000e+01 4.945126621700828701e-02
-1.200000000000000000e+01 5.814436534553718561e-02
-1.100000000000000000e+01 7.069842305787904513e-02
-1.000000000000000000e+01 5.971616340427476910e-02
-9.000000000000000000e+00 8.823027513399941957e-02
-8.000000000000000000e+00 9.263532436804759740e-02
-7.000000000000000000e+00 1.102867906576287943e-01
-6.000000000000000000e+00 1.001795239253470277e-01
-5.000000000000000000e+00 1.140752060148142316e-01
-4.000000000000000000e+00 1.202911417895077412e-01
-3.000000000000000000e+00 1.102179835110655842e-01
-2.000000000000000000e+00 1.266037667262114030e-01
-1.000000000000000000e+00 1.194074559835701377e-01
0.000000000000000000e+00 9.525809249958248071e-01
1.000000000000000000e+00 1.204948984067975154e-01
2.000000000000000000e+00 1.280904061642926250e-01
3.000000000000000000e+00 1.092305472317821602e-01
4.000000000000000000e+00 1.201099408445005096e-01
5.000000000000000000e+00 1.086347767954992105e-01
6.000000000000000000e+00 1.046769481266546925e-01
7.000000000000000000e+00 1.136250614491691874e-01
8.000000000000000000e+00 9.585922128367176109e-02
9.000000000000000000e+00 9.107483569271843105e-02
1.000000000000000000e+01 5.777745811305092655e-02
1.100000000000000000e+01 7.319850593368643077e-02
1.200000000000000000e+01 5.775783572308105379e-02
1.300000000000000000e+01 4.960025536154324954e-02
1.400000000000000000e+01 3.928641194423720950e-02
1.500000000000000000e+01 3.976315659033355376e-02
1.600000000000000000e+01 5.837795678304125851e-02
1.700000000000000000e+01 4.760771722125145544e-02
1.800000000000000000e+01 3.090361164199964539e-02
1.900000000000000000e+01 6.309538025152988672e-02
2.000000000000000000e+01 2.623036884295101498e-02
2.100000000000000000e+01 1.893238779599904983e-02
2.200000000000000000e+01 1.479836193036853514e-02
2.300000000000000000e+01 1.231307936750470310e-02
2.400000000000000000e+01 2.442246996529560260e-02
2.500000000000000000e+01 -8.689482752382500161e-03
2.600000000000000000e+01 1.468714410130909226e-02
2.700000000000000000e+01 -1.369184912973425011e-02
2.800000000000000000e+01 2.915860983240256207e-02
2.900000000000000000e+01 6.492912923559725213e-03
3.000000000000000000e+01 2.821426088165731802e-03
3.100000000000000000e+01 -8.538956525523655732e-04
3.200000000000000000e+01 -1.053549221416608811e-02
3.300000000000000000e+01 -1.055122175802945816e-02
3.400000000000000000e+01 1.272462642670007214e-02
3.500000000000000000e+01 6.026535689455083701e-03
3.600000000000000000e+01 3.276197358007885280e-03
3.700000000000000000e+01 1.255491091204479978e-02
3.800000000000000000e+01 -1.181347395344347880e-03
3.900000000000000000e+01 -1.851038305581947582e-02
4.000000000000000000e+01 -8.359266173304241362e-03
4.100000000000000000e+01 1.399911173348859783e-02
4.200000000000000000e+01 -1.050722689295962436e-02
4.300000000000000000e+01 2.566504193011429069e-02
4.400000000000000000e+01 -1.688309863678818037e-02
4.500000000000000000e+01 2.420980192883729482e-03
4.600000000000000000e+01 -2.081468859422134013e-02
4.700000000000000000e+01 -2.453620853938460328e-02
4.800000000000000000e+01 -2.508042076569161685e-02
4.900000000000000000e+01 -2.653875751045639900e-02
5.000000000000000000e+01 -2.129374392612594022e-02
