   0.0000E+00   8.1065E-18   1.0376E-14   1.0000E-13
   2.0000E-01  -1.2600E+01
   4.0000E-01  -1.2700E+01
   6.0000E-01  -1.2800E+01
   8.0000E-01  -1.2900E+01
   1.0000E+00  -1.3000E+01
   1.2000E+00  -1.3100E+01
   1.4000E+00  -1.3200E+01
   1.6000E+00  -1.3300E+01
   1.8000E+00  -1.3400E+01
   2.0000E+00  -1.3500E+01
   2.2000E+00  -1.3600E+01
   2.4000E+00  -1.3700E+01
   2.6000E+00  -1.3800E+01
   2.8000E+00  -1.3900E+01
   3.0000E+00  -1.4000E+01
   3.2000E+00  -1.4100E+01
   3.4000E+00  -1.4200E+01
   3.6000E+00  -1.4300E+01
   3.8000E+00  -1.4400E+01
   4.0000E+00  -1.4500E+01
   4.2000E+00  -1.4600E+01
   4.4000E+00  -1.4700E+01
   4.6000E+00  -1.4800E+01
   4.8000E+00  -1.4900E+01
   5.0000E+00  -1.5000E+01
   5.2000E+00  -1.5100E+01
   5.4000E+00  -1.5200E+01
   5.6000E+00  -1.5300E+01
   5.8000E+00  -1.5400E+01
   6.0000E+00  -1.5500E+01
   6.2000E+00  -1.5600E+01
   6.4000E+00  -1.5700E+01
   6.6000E+00  -1.5800E+01
   6.8000E+00  -1.5900E+01
   7.0000E+00  -1.6000E+01
   7.2000E+00  -1.6100E+01
   7.4000E+00  -1.6200E+01
   7.6000E+00  -1.6300E+01
   7.8000E+00  -1.6400E+01
   8.0000E+00  -1.6500E+01
   8.2000E+00  -1.6600E+01
   8.4000E+00  -1.6700E+01
   8.6000E+00  -1.6800E+01
   8.8000E+00  -1.6900E+01
   9.0000E+00  -1.7000E+01
   0.0000E+00   8.1065E-18   1.0376E-14   1.0000E-13
   2.0000E-01  -1.2600E+01
   4.0000E-01  -1.2700E+01
   6.0000E-01  -1.2800E+01
   8.0000E-01  -1.2900E+01
   1.0000E+00  -1.3000E+01
   1.2000E+00  -1.3100E+01
   1.4000E+00  -1.3200E+01
   1.6000E+00  -1.3300E+01
   1.8000E+00  -1.3400E+01
   2.0000E+00  -1.3500E+01
   2.2000E+00  -1.3600E+01
   2.4000E+00  -1.3700E+01
   2.6000E+00  -1.3800E+01
   2.8000E+00  -1.3900E+01
   3.0000E+00  -1.4000E+01
   3.2000E+00  -1.4100E+01
   3.4000E+00  -1.4200E+01
   3.6000E+00  -1.4300E+01
   3.8000E+00  -1.4400E+01
   4.0000E+00  -1.4500E+01
   4.2000E+00  -1.4600E+01
   4.4000E+00  -1.4700E+01
   4.6000E+00  -1.4800E+01
   4.8000E+00  -1.4900E+01
   5.0000E+00  -1.5000E+01
   5.2000E+00  -1.5100E+01
   5.4000E+00  -1.5200E+01
   5.6000E+00  -1.5300E+01
   5.8000E+00  -1.5400E+01
   6.0000E+00  -1.5500E+01
   6.2000E+00  -1.5600E+01
   6.4000E+00  -1.5700E+01
   6.6000E+00  -1.5800E+01
   6.8000E+00  -1.5900E+01
   7.0000E+00  -1.6000E+01
   7.2000E+00  -1.6100E+01
   7.4000E+00  -1.6200E+01
   7.6000E+00  -1.6300E+01
   7.8000E+00  -1.6400E+01
   8.0000E+00  -1.6500E+01
   8.2000E+00  -1.6600E+01
   8.4000E+00  -1.6700E+01
   8.6000E+00  -1.6800E+01
   8.8000E+00  -1.6900E+01
   9.0000E+00  -1.7000E+01
   5.0000E+00   8.0596E-18   7.4855E-06   1.5581E-12
   2.0000E-01  -1.4725E+01
   4.0000E-01  -1.4788E+01
   6.0000E-01  -1.4832E+01
   8.0000E-01  -1.4862E+01
   1.0000E+00  -1.4874E+01
   1.2000E+00  -1.4886E+01
   1.4000E+00  -1.4889E+01
   1.6000E+00  -1.4900E+01
   1.8000E+00  -1.4909E+01
   2.0000E+00  -1.4930E+01
   2.2000E+00  -1.4952E+01
   2.4000E+00  -1.4813E+01
   2.6000E+00  -1.3062E+01
   2.8000E+00  -1.1097E+01
   3.0000E+00  -9.3622E+00
   3.2000E+00  -7.8726E+00
   3.4000E+00  -6.6195E+00
   3.6000E+00  -5.5891E+00
   3.8000E+00  -4.7569E+00
   4.0000E+00  -4.9215E+00
   4.2000E+00  -5.1012E+00
   4.4000E+00  -5.3022E+00
   4.6000E+00  -5.5297E+00
   4.8000E+00  -5.7865E+00
   5.0000E+00  -6.0786E+00
   5.2000E+00  -6.4216E+00
   5.4000E+00  -6.8841E+00
   5.6000E+00  -1.7292E+01
   5.8000E+00  -1.7268E+01
   6.0000E+00  -1.7253E+01
   6.2000E+00  -1.7244E+01
   6.4000E+00  -1.7239E+01
   6.6000E+00  -1.7235E+01
   6.8000E+00  -1.7233E+01
   7.0000E+00  -1.7230E+01
   7.2000E+00  -1.7228E+01
   7.4000E+00  -1.7226E+01
   7.6000E+00  -1.7223E+01
   7.8000E+00  -1.7222E+01
   8.0000E+00  -1.7220E+01
   8.2000E+00  -1.7219E+01
   8.4000E+00  -1.7218E+01
   8.6000E+00  -1.7218E+01
   8.8000E+00  -1.7217E+01
   9.0000E+00  -1.7217E+01
