   0.0000E+00   8.1065E-18   1.0376E-14   1.0000E-13
  -1.4340E+01  -1.5708E+01
  -1.3940E+01  -1.5708E+01
  -1.3540E+01  -1.5708E+01
  -1.3140E+01  -1.5708E+01
  -1.2740E+01  -1.5708E+01
  -1.2340E+01  -1.5708E+01
  -1.1940E+01  -1.5708E+01
  -1.1540E+01  -1.5708E+01
  -1.1140E+01  -1.5708E+01
  -1.0740E+01  -1.5708E+01
  -1.0340E+01  -1.5708E+01
  -9.9404E+00  -1.5708E+01
  -9.5404E+00  -1.5708E+01
  -9.1404E+00  -1.5708E+01
  -8.7404E+00  -1.5708E+01
  -8.3404E+00  -1.5708E+01
  -7.9404E+00  -1.5708E+01
  -7.5404E+00  -1.5708E+01
  -7.1404E+00  -1.5708E+01
  -6.7404E+00  -1.5708E+01
  -6.3404E+00  -1.5708E+01
  -5.9404E+00  -1.5708E+01
  -5.5404E+00  -1.5708E+01
  -5.1404E+00  -1.5708E+01
  -4.7404E+00  -1.5708E+01
  -4.3404E+00  -1.5708E+01
  -3.9404E+00  -1.5708E+01
  -3.5404E+00  -1.5708E+01
  -3.1404E+00  -1.5708E+01
  -2.7404E+00  -1.5708E+01
  -2.3404E+00  -1.5708E+01
  -1.9404E+00  -1.5708E+01
  -1.5404E+00  -1.5708E+01
  -1.1404E+00  -1.5708E+01
  -7.4036E-01  -1.5708E+01
  -3.4036E-01  -1.5708E+01
   5.9637E-02  -1.5708E+01
   4.5964E-01  -1.5708E+01
   8.5964E-01  -1.5708E+01
   1.2596E+00  -1.5708E+01
   1.6596E+00  -1.5708E+01
   2.0596E+00  -1.5708E+01
   2.4596E+00  -1.5708E+01
   2.8596E+00  -1.5708E+01
   3.2596E+00  -1.5708E+01
   3.6596E+00  -1.5708E+01
   4.0596E+00  -1.5708E+01
   4.4596E+00  -1.5708E+01
   4.8596E+00  -1.5708E+01
   5.2596E+00  -1.5708E+01
   5.6596E+00  -1.5708E+01
   6.0596E+00  -1.5708E+01
   6.4596E+00  -1.5708E+01
   6.8596E+00  -1.5708E+01
   7.2596E+00  -1.5708E+01
   7.6596E+00  -1.5708E+01
   8.0596E+00  -1.5708E+01
   8.4596E+00  -1.5708E+01
   8.8596E+00  -4.9567E+01
   0.0000E+00   8.1065E-18   1.0376E-14   1.0000E-13
  -1.4340E+01  -1.5708E+01
  -1.3940E+01  -1.5708E+01
  -1.3540E+01  -1.5708E+01
  -1.3140E+01  -1.5708E+01
  -1.2740E+01  -1.5708E+01
  -1.2340E+01  -1.5708E+01
  -1.1940E+01  -1.5708E+01
  -1.1540E+01  -1.5708E+01
  -1.1140E+01  -1.5708E+01
  -1.0740E+01  -1.5708E+01
  -1.0340E+01  -1.5708E+01
  -9.9404E+00  -1.5708E+01
  -9.5404E+00  -1.5708E+01
  -9.1404E+00  -1.5708E+01
  -8.7404E+00  -1.5708E+01
  -8.3404E+00  -1.5708E+01
  -7.9404E+00  -1.5708E+01
  -7.5404E+00  -1.5708E+01
  -7.1404E+00  -1.5708E+01
  -6.7404E+00  -1.5708E+01
  -6.3404E+00  -1.5708E+01
  -5.9404E+00  -1.5708E+01
  -5.5404E+00  -1.5708E+01
  -5.1404E+00  -1.5708E+01
  -4.7404E+00  -1.5708E+01
  -4.3404E+00  -1.5708E+01
  -3.9404E+00  -1.5708E+01
  -3.5404E+00  -1.5708E+01
  -3.1404E+00  -1.5708E+01
  -2.7404E+00  -1.5708E+01
  -2.3404E+00  -1.5708E+01
  -1.9404E+00  -1.5708E+01
  -1.5404E+00  -1.5708E+01
  -1.1404E+00  -1.5708E+01
  -7.4036E-01  -1.5708E+01
  -3.4036E-01  -1.5708E+01
   5.9637E-02  -1.5708E+01
   4.5964E-01  -1.5708E+01
   8.5964E-01  -1.5708E+01
   1.2596E+00  -1.5708E+01
   1.6596E+00  -1.5708E+01
   2.0596E+00  -1.5708E+01
   2.4596E+00  -1.5708E+01
   2.8596E+00  -1.5708E+01
   3.2596E+00  -1.5708E+01
   3.6596E+00  -1.5708E+01
   4.0596E+00  -1.5708E+01
   4.4596E+00  -1.5708E+01
   4.8596E+00  -1.5708E+01
   5.2596E+00  -1.5708E+01
   5.6596E+00  -1.5708E+01
   6.0596E+00  -1.5708E+01
   6.4596E+00  -1.5708E+01
   6.8596E+00  -1.5708E+01
   7.2596E+00  -1.5708E+01
   7.6596E+00  -1.5708E+01
   8.0596E+00  -1.5708E+01
   8.4596E+00  -1.5708E+01
   8.8596E+00  -4.9567E+01
   5.0000E+00   8.0596E-18   7.4855E-06   1.5581E-12
  -1.4340E+01  -1.6631E+01
  -1.3940E+01  -1.5327E+01
  -1.3540E+01  -1.4585E+01
  -1.3140E+01  -1.4028E+01
  -1.2740E+01  -1.3493E+01
  -1.2340E+01  -1.2960E+01
  -1.1940E+01  -1.2426E+01
  -1.1540E+01  -1.1893E+01
  -1.1140E+01  -1.1360E+01
  -1.0740E+01  -1.0828E+01
  -1.0340E+01  -1.0295E+01
  -9.9404E+00  -9.7631E+00
  -9.5404E+00  -9.2307E+00
  -9.1404E+00  -8.7081E+00
  -8.7404E+00  -8.1859E+00
  -8.3404E+00  -7.6767E+00
  -7.9404E+00  -7.1893E+00
  -7.5404E+00  -6.7447E+00
  -7.1404E+00  -6.3810E+00
  -6.7404E+00  -6.1576E+00
  -6.3404E+00  -6.0960E+00
  -5.9404E+00  -6.0901E+00
  -5.5404E+00  -6.1070E+00
  -5.1404E+00  -6.1514E+00
  -4.7404E+00  -6.2291E+00
  -4.3404E+00  -6.3515E+00
  -3.9404E+00  -6.5470E+00
  -3.5404E+00  -6.8901E+00
  -3.1404E+00  -7.6071E+00
  -2.7404E+00  -9.8079E+00
  -2.3404E+00  -1.0770E+01
  -1.9404E+00  -1.0249E+01
  -1.5404E+00  -9.7347E+00
  -1.1404E+00  -9.2320E+00
  -7.4036E-01  -8.7449E+00
  -3.4036E-01  -8.2812E+00
   5.9637E-02  -7.8507E+00
   4.5964E-01  -7.4666E+00
   8.5964E-01  -7.1449E+00
   1.2596E+00  -6.8995E+00
   1.6596E+00  -6.7277E+00
   2.0596E+00  -6.6071E+00
   2.4596E+00  -6.5256E+00
   2.8596E+00  -6.4819E+00
   3.2596E+00  -6.4933E+00
   3.6596E+00  -6.5933E+00
   4.0596E+00  -6.7785E+00
   4.4596E+00  -7.0882E+00
   4.8596E+00  -7.6296E+00
   5.2596E+00  -8.5692E+00
   5.6596E+00  -1.7005E+01
   6.0596E+00  -1.6948E+01
   6.4596E+00  -1.6941E+01
   6.8596E+00  -1.7007E+01
   7.2596E+00  -1.7138E+01
   7.6596E+00  -1.7283E+01
   8.0596E+00  -1.7415E+01
   8.4596E+00  -1.7556E+01
   8.8596E+00  -4.9567E+01
