           0    0.5000E+01         769    0.7690E+03
     0.0000E+00  7.0000E+00  0.0000E+00  1.0000E-05
   1.0000E+00   2.1489E-02   2.2727E-13
  -1.0000E+01  -3.5000E+01  -5.3000E+01   6.6400E+15
           1         0         1         1         1         1         1         0         0         0         0         0         0
   0.0000E+00   8.1065E-18   5.0457E-13   3.2735E-02   3.3242E-19   1.4632E-13
  8.9967E-18
   0.0000E+00   8.1065E-18   5.0457E-13   3.2735E-02   3.3242E-19   1.4632E-13
  8.9967E-18
   1.0000E+00   8.1065E-18   4.9373E-03   3.6671E-02   3.3242E-19   1.3365E-03
  7.8154E-15
   2.0000E+00   8.1065E-18   7.4365E-03   3.9589E-02   3.3242E-19   2.1369E-03
  1.0815E-14
   3.0000E+00   8.1065E-18   1.2602E-02   4.4374E-02   3.3242E-19   3.6161E-03
  1.5504E-14
   4.0000E+00   8.1065E-18   1.9881E-02   5.2266E-02   3.3242E-19   5.8472E-03
  2.1812E-14
   5.0000E+00   8.1065E-18   2.4694E-02   5.9869E-02   3.3242E-19   7.5997E-03
  2.6104E-14
   6.0000E+00   8.1065E-18   2.3913E-02   6.2530E-02   3.3242E-19   7.7555E-03
  2.6284E-14
   7.0000E+00   8.1065E-18   1.8595E-02   5.8701E-02   3.3242E-19   6.3335E-03
  2.2722E-14
   8.0000E+00   8.1065E-18   1.3813E-02   5.2746E-02   3.3242E-19   4.7668E-03
  1.8617E-14
   9.0000E+00   8.1065E-18   1.1074E-02   4.8226E-02   3.3242E-19   3.7518E-03
  1.5849E-14
   1.0000E+01   8.1065E-18   1.0004E-02   4.5719E-02   3.3242E-19   3.2785E-03
  1.4533E-14
   1.1000E+01   8.1065E-18   1.0253E-02   4.5018E-02   3.3242E-19   3.2523E-03
  1.4525E-14
   1.2000E+01   8.1065E-18   1.1038E-02   4.5441E-02   3.3242E-19   3.4531E-03
  1.5200E-14
   1.3000E+01   8.1065E-18   1.1873E-02   4.6277E-02   3.3242E-19   3.7071E-03
  1.5989E-14
   1.4000E+01   8.1065E-18   1.2616E-02   4.7186E-02   3.3242E-19   3.9491E-03
  1.6706E-14
   1.5000E+01   8.1065E-18   1.3048E-02   4.7912E-02   3.3242E-19   4.1128E-03
  1.7191E-14
   1.6000E+01   8.1065E-18   1.2429E-02   4.7751E-02   3.3242E-19   3.9849E-03
  1.6845E-14
   1.7000E+01   8.1065E-18   1.0641E-02   4.6255E-02   3.3242E-19   3.4893E-03
  1.5383E-14
   1.8000E+01   8.1065E-18   8.1546E-03   4.3701E-02   3.3242E-19   2.7435E-03
  1.3040E-14
   1.9000E+01   8.1065E-18   5.7838E-03   4.0859E-02   3.3242E-19   1.9828E-03
  1.0404E-14
   2.0000E+01   8.1065E-18   4.3325E-03   3.8716E-02   3.3242E-19   1.4690E-03
  8.4484E-15
   2.1000E+01   8.1065E-18   3.7121E-03   3.7511E-02   3.3242E-19   1.2167E-03
  7.4320E-15
   2.2000E+01   8.1065E-18   3.7676E-03   3.7133E-02   3.3242E-19   1.1835E-03
  7.2942E-15
   2.3000E+01   8.1065E-18   4.4254E-03   3.7509E-02   3.3242E-19   1.3474E-03
  7.9723E-15
   2.4000E+01   8.1065E-18   5.3839E-03   3.8380E-02   3.3242E-19   1.6244E-03
  9.0662E-15
   2.5000E+01   8.1065E-18   6.4983E-03   3.9534E-02   3.3242E-19   1.9621E-03
  1.0324E-14
   2.6000E+01   8.1065E-18   7.7111E-03   4.0872E-02   3.3242E-19   2.3381E-03
  1.1653E-14
   2.7000E+01   8.1065E-18   8.7864E-03   4.2215E-02   3.3242E-19   2.6903E-03
  1.2863E-14
   2.8000E+01   8.1065E-18   9.1820E-03   4.3046E-02   3.3242E-19   2.8607E-03
  1.3452E-14
   2.9000E+01   8.1065E-18   8.6931E-03   4.2975E-02   3.3242E-19   2.7651E-03
  1.3159E-14
   3.0000E+01   8.1065E-18   7.4548E-03   4.1973E-02   3.3242E-19   2.4242E-03
  1.2027E-14
   3.1000E+01   8.1065E-18   6.1925E-03   4.0561E-02   3.3242E-19   2.0278E-03
  1.0602E-14
   3.2000E+01   8.1065E-18   5.6596E-03   3.9623E-02   3.3242E-19   1.8181E-03
  9.8089E-15
   3.3000E+01   8.1065E-18   6.0056E-03   3.9539E-02   3.3242E-19   1.8685E-03
  9.9702E-15
   3.4000E+01   8.1065E-18   7.5202E-03   4.0626E-02   3.3242E-19   2.2662E-03
  1.1340E-14
   3.5000E+01   8.1065E-18   9.9995E-03   4.2993E-02   3.3242E-19   2.9913E-03
  1.3761E-14
   3.6000E+01   8.1065E-18   1.2242E-02   4.5702E-02   3.3242E-19   3.7166E-03
  1.6048E-14
   3.7000E+01   8.1065E-18   1.3393E-02   4.7693E-02   3.3242E-19   4.1590E-03
  1.7373E-14
   3.8000E+01   8.1065E-18   1.3091E-02   4.8204E-02   3.3242E-19   4.1631E-03
  1.7377E-14
   3.9000E+01   8.1065E-18   1.2396E-02   4.7702E-02   3.3242E-19   3.9719E-03
  1.6756E-14
   4.0000E+01   8.1065E-18   1.2469E-02   4.7510E-02   3.3242E-19   3.9556E-03
  1.6667E-14
   4.1000E+01   8.1065E-18   1.3718E-02   4.8396E-02   3.3242E-19   4.2790E-03
  1.7567E-14
   4.2000E+01   8.1065E-18   1.6486E-02   5.0959E-02   3.3242E-19   5.0716E-03
  1.9728E-14
   4.3000E+01   8.1065E-18   1.9187E-02   5.4420E-02   3.3242E-19   5.9627E-03
  2.2090E-14
   4.4000E+01   8.1065E-18   1.9581E-02   5.6265E-02   3.3242E-19   6.2488E-03
  2.2785E-14
   4.5000E+01   8.1065E-18   1.7248E-02   5.5033E-02   3.3242E-19   5.6820E-03
  2.1301E-14
   4.6000E+01   8.1065E-18   1.3306E-02   5.1117E-02   3.3242E-19   4.5128E-03
  1.8144E-14
   4.7000E+01   8.1065E-18   1.0449E-02   4.7121E-02   3.3242E-19   3.5289E-03
  1.5282E-14
   4.8000E+01   8.1065E-18   9.5505E-03   4.4913E-02   3.3242E-19   3.1111E-03
  1.4037E-14
   4.9000E+01   8.1065E-18   1.0735E-02   4.4990E-02   3.3242E-19   3.3359E-03
  1.4739E-14
   5.0000E+01   8.1065E-18   1.4566E-02   4.8048E-02   3.3242E-19   4.3830E-03
  1.7814E-14
   5.1000E+01   8.1065E-18   1.8145E-02   5.2500E-02   3.3242E-19   5.5588E-03
  2.1131E-14
   5.2000E+01   8.1065E-18   1.8001E-02   5.4333E-02   3.3242E-19   5.7546E-03
  2.1658E-14
   5.3000E+01   8.1065E-18   1.4078E-02   5.1707E-02   3.3242E-19   4.7407E-03
  1.8917E-14
   5.4000E+01   8.1065E-18   9.0436E-03   4.6343E-02   3.3242E-19   3.2011E-03
  1.4351E-14
   5.5000E+01   8.1065E-18   5.7773E-03   4.1699E-02   3.3242E-19   2.0650E-03
  1.0550E-14
   5.6000E+01   8.1065E-18   4.1782E-03   3.8866E-02   3.3242E-19   1.4481E-03
  8.2881E-15
   5.7000E+01   8.1065E-18   3.6599E-03   3.7513E-02   3.3242E-19   1.2013E-03
  7.3323E-15
   5.8000E+01   8.1065E-18   3.8955E-03   3.7241E-02   3.3242E-19   1.2163E-03
  7.4280E-15
   5.9000E+01   8.1065E-18   4.4149E-03   3.7567E-02   3.3242E-19   1.3527E-03
  8.0132E-15
   6.0000E+01   8.1065E-18   4.9591E-03   3.8100E-02   3.3242E-19   1.5166E-03
  8.6756E-15
   6.1000E+01   8.1065E-18   5.4315E-03   3.8648E-02   3.3242E-19   1.6679E-03
  9.2671E-15
   6.2000E+01   8.1065E-18   5.8187E-03   3.9129E-02   3.3242E-19   1.7948E-03
  9.7467E-15
   6.3000E+01   8.1065E-18   6.2230E-03   3.9597E-02   3.3242E-19   1.9221E-03
  1.0211E-14
   6.4000E+01   8.1065E-18   6.7089E-03   4.0129E-02   3.3242E-19   2.0712E-03
  1.0744E-14
   6.5000E+01   8.1065E-18   7.3040E-03   4.0771E-02   3.3242E-19   2.2530E-03
  1.1379E-14
   6.6000E+01   8.1065E-18   7.9075E-03   4.1482E-02   3.3242E-19   2.4451E-03
  1.2047E-14
   6.7000E+01   8.1065E-18   8.2050E-03   4.1993E-02   3.3242E-19   2.5595E-03
  1.2450E-14
   6.8000E+01   8.1065E-18   8.0488E-03   4.2063E-02   3.3242E-19   2.5402E-03
  1.2397E-14
   6.9000E+01   8.1065E-18   7.4523E-03   4.1624E-02   3.3242E-19   2.3814E-03
  1.1866E-14
   7.0000E+01   8.1065E-18   6.7640E-03   4.0891E-02   3.3242E-19   2.1696E-03
  1.1111E-14
   7.1000E+01   8.1065E-18   6.5174E-03   4.0411E-02   3.3242E-19   2.0664E-03
  1.0722E-14
   7.2000E+01   8.1065E-18   6.8833E-03   4.0508E-02   3.3242E-19   2.1418E-03
  1.0969E-14
   7.3000E+01   8.1065E-18   8.0366E-03   4.1405E-02   3.3242E-19   2.4530E-03
  1.2014E-14
   7.4000E+01   8.1065E-18   9.8377E-03   4.3162E-02   3.3242E-19   2.9836E-03
  1.3762E-14
   7.5000E+01   8.1065E-18   1.1602E-02   4.5228E-02   3.3242E-19   3.5449E-03
  1.5528E-14
   7.6000E+01   8.1065E-18   1.2916E-02   4.7066E-02   3.3242E-19   3.9968E-03
  1.6878E-14
   7.7000E+01   8.1065E-18   1.3520E-02   4.8260E-02   3.3242E-19   4.2434E-03
  1.7581E-14
   7.8000E+01   8.1065E-18   1.3294E-02   4.8536E-02   3.3242E-19   4.2326E-03
  1.7539E-14
   7.9000E+01   8.1065E-18   1.2266E-02   4.7813E-02   3.3242E-19   3.9612E-03
  1.6751E-14
   8.0000E+01   8.1065E-18   1.0625E-02   4.6224E-02   3.3242E-19   3.4791E-03
  1.5319E-14
   8.1000E+01   8.1065E-18   8.6621E-03   4.4060E-02   3.3242E-19   2.8734E-03
  1.3436E-14
   8.2000E+01   8.1065E-18   7.0824E-03   4.1981E-02   3.3242E-19   2.3452E-03
  1.1670E-14
   8.3000E+01   8.1065E-18   6.2432E-03   4.0580E-02   3.3242E-19   2.0303E-03
  1.0570E-14
   8.4000E+01   8.1065E-18   6.1036E-03   3.9976E-02   3.3242E-19   1.9356E-03
  1.0230E-14
   8.5000E+01   8.1065E-18   6.6492E-03   4.0178E-02   3.3242E-19   2.0586E-03
  1.0666E-14
   8.6000E+01   8.1065E-18   7.5288E-03   4.0963E-02   3.3242E-19   2.3119E-03
  1.1570E-14
   8.7000E+01   8.1065E-18   8.3310E-03   4.1883E-02   3.3242E-19   2.5667E-03
  1.2450E-14
   8.8000E+01   8.1065E-18   8.8845E-03   4.2653E-02   3.3242E-19   2.7579E-03
  1.3093E-14
   8.9000E+01   8.1065E-18   9.1266E-03   4.3119E-02   3.3242E-19   2.8561E-03
  1.3415E-14
   9.0000E+01   8.1065E-18   9.2324E-03   4.3351E-02   3.3242E-19   2.9010E-03
  1.3550E-14
   9.1000E+01   8.1065E-18   9.3486E-03   4.3519E-02   3.3242E-19   2.9401E-03
  1.3668E-14
   9.2000E+01   8.1065E-18   9.5121E-03   4.3707E-02   3.3242E-19   2.9904E-03
  1.3824E-14
   9.3000E+01   8.1065E-18   9.7541E-03   4.3960E-02   3.3242E-19   3.0628E-03
  1.4048E-14
   9.4000E+01   8.1065E-18   1.0187E-02   4.4379E-02   3.3242E-19   3.1885E-03
  1.4431E-14
   9.5000E+01   8.1065E-18   1.0927E-02   4.5104E-02   3.3242E-19   3.4051E-03
  1.5088E-14
   9.6000E+01   8.1065E-18   1.2052E-02   4.6251E-02   3.3242E-19   3.7398E-03
  1.6080E-14
   9.7000E+01   8.1065E-18   1.3597E-02   4.7916E-02   3.3242E-19   4.2102E-03
  1.7435E-14
   9.8000E+01   8.1065E-18   1.5288E-02   4.9927E-02   3.3242E-19   4.7469E-03
  1.8925E-14
   9.9000E+01   8.1065E-18   1.6914E-02   5.2037E-02   3.3242E-19   5.2817E-03
  2.0336E-14
   1.0000E+02   8.1065E-18   1.8365E-02   5.4071E-02   3.3242E-19   5.7735E-03
  2.1568E-14
   1.0100E+02   8.1065E-18   1.9194E-02   5.5639E-02   3.3242E-19   6.0998E-03
  2.2363E-14
   1.0200E+02   8.1065E-18   1.8163E-02   5.5490E-02   3.3242E-19   5.8955E-03
  2.1836E-14
   1.0300E+02   8.1065E-18   1.5211E-02   5.2961E-02   3.3242E-19   5.0698E-03
  1.9683E-14
   1.0400E+02   8.1065E-18   1.1222E-02   4.8644E-02   3.3242E-19   3.8513E-03
  1.6299E-14
   1.0500E+02   8.1065E-18   7.6710E-03   4.4068E-02   3.3242E-19   2.6799E-03
  1.2674E-14
   1.0600E+02   8.1065E-18   5.7047E-03   4.0859E-02   3.3242E-19   1.9535E-03
  1.0200E-14
   1.0700E+02   8.1065E-18   5.0715E-03   3.9257E-02   3.3242E-19   1.6565E-03
  9.1402E-15
   1.0800E+02   8.1065E-18   5.6353E-03   3.9108E-02   3.3242E-19   1.7438E-03
  9.4701E-15
   1.0900E+02   8.1065E-18   7.2421E-03   4.0321E-02   3.3242E-19   2.1791E-03
  1.1057E-14
   1.1000E+02   8.1065E-18   8.7642E-03   4.2009E-02   3.3242E-19   2.6580E-03
  1.2740E-14
   1.1100E+02   8.1065E-18   9.4047E-03   4.3164E-02   3.3242E-19   2.9143E-03
  1.3627E-14
   1.1200E+02   8.1065E-18   8.8739E-03   4.3184E-02   3.3242E-19   2.8232E-03
  1.3359E-14
   1.1300E+02   8.1065E-18   7.5814E-03   4.2132E-02   3.3242E-19   2.4656E-03
  1.2161E-14
   1.1400E+02   8.1065E-18   6.1760E-03   4.0637E-02   3.3242E-19   2.0348E-03
  1.0646E-14
   1.1500E+02   8.1065E-18   4.8819E-03   3.9112E-02   3.3242E-19   1.6217E-03
  9.1094E-15
   1.1600E+02   8.1065E-18   3.7660E-03   3.7728E-02   3.3242E-19   1.2582E-03
  7.6533E-15
   1.1700E+02   8.1065E-18   3.0278E-03   3.6669E-02   3.3242E-19   1.0002E-03
  6.5202E-15
   1.1800E+02   8.1065E-18   2.8371E-03   3.6155E-02   3.3242E-19   9.0475E-04
  6.0739E-15
   1.1900E+02   8.1065E-18   3.2624E-03   3.6282E-02   3.3242E-19   9.9519E-04
  6.4632E-15
   1.2000E+02   8.1065E-18   4.6464E-03   3.7321E-02   3.3242E-19   1.3638E-03
  7.9726E-15
   1.2100E+02   8.1065E-18   6.8671E-03   3.9419E-02   3.3242E-19   2.0112E-03
  1.0438E-14
   1.2200E+02   8.1065E-18   8.7569E-03   4.1701E-02   3.3242E-19   2.6250E-03
  1.2627E-14
   1.2300E+02   8.1065E-18   9.3478E-03   4.3045E-02   3.3242E-19   2.8944E-03
  1.3583E-14
   1.2400E+02   8.1065E-18   8.4222E-03   4.2792E-02   3.3242E-19   2.6992E-03
  1.2968E-14
   1.2500E+02   8.1065E-18   7.3834E-03   4.1757E-02   3.3242E-19   2.3843E-03
  1.1845E-14
   1.2600E+02   8.1065E-18   7.2544E-03   4.1244E-02   3.3242E-19   2.2945E-03
  1.1493E-14
   1.2700E+02   8.1065E-18   8.4006E-03   4.1901E-02   3.3242E-19   2.5732E-03
  1.2389E-14
   1.2800E+02   8.1065E-18   1.1495E-02   4.4478E-02   3.3242E-19   3.4270E-03
  1.5046E-14
   1.2900E+02   8.1065E-18   1.6147E-02   4.9221E-02   3.3242E-19   4.8178E-03
  1.9084E-14
   1.3000E+02   8.1065E-18   2.1065E-02   5.5191E-02   3.3242E-19   6.3957E-03
  2.3181E-14
   1.3100E+02   8.1065E-18   2.5127E-02   6.1161E-02   3.3242E-19   7.8080E-03
  2.6421E-14
   1.3200E+02   8.1065E-18   2.7492E-02   6.5766E-02   3.3242E-19   8.7424E-03
  2.8286E-14
   1.3300E+02   8.1065E-18   2.8585E-02   6.8610E-02   3.3242E-19   9.2358E-03
  2.9112E-14
   1.3400E+02   8.1065E-18   2.8873E-02   7.0071E-02   3.3242E-19   9.4280E-03
  2.9355E-14
   1.3500E+02   8.1065E-18   2.8440E-02   7.0285E-02   3.3242E-19   9.3563E-03
  2.9114E-14
   1.3600E+02   8.1065E-18   2.7424E-02   6.9422E-02   3.3242E-19   9.0654E-03
  2.8469E-14
   1.3700E+02   8.1065E-18   2.6284E-02   6.7983E-02   3.3242E-19   8.6939E-03
  2.7690E-14
   1.3800E+02   8.1065E-18   2.5237E-02   6.6420E-02   3.3242E-19   8.3319E-03
  2.6957E-14
   1.3900E+02   8.1065E-18   2.4305E-02   6.4942E-02   3.3242E-19   8.0034E-03
  2.6294E-14
   1.4000E+02   8.1065E-18   2.3582E-02   6.3675E-02   3.3242E-19   7.7368E-03
  2.5754E-14
   1.4100E+02   8.1065E-18   2.3398E-02   6.2964E-02   3.3242E-19   7.6294E-03
  2.5557E-14
   1.4200E+02   8.1065E-18   2.3903E-02   6.3095E-02   3.3242E-19   7.7407E-03
  2.5843E-14
   1.4300E+02   8.1065E-18   2.5200E-02   6.4272E-02   3.3242E-19   8.1108E-03
  2.6678E-14
   1.4400E+02   8.1065E-18   2.7058E-02   6.6488E-02   3.3242E-19   8.6974E-03
  2.7944E-14
   1.4500E+02   8.1065E-18   2.8359E-02   6.8685E-02   3.3242E-19   9.1777E-03
  2.8909E-14
   1.4600E+02   8.1065E-18   2.8584E-02   6.9873E-02   3.3242E-19   9.3438E-03
  2.9169E-14
   1.4700E+02   8.1065E-18   2.7627E-02   6.9510E-02   3.3242E-19   9.1203E-03
  2.8634E-14
   1.4800E+02   8.1065E-18   2.5937E-02   6.7742E-02   3.3242E-19   8.6089E-03
  2.7519E-14
   1.4900E+02   8.1065E-18   2.4448E-02   6.5596E-02   3.3242E-19   8.0982E-03
  2.6446E-14
   1.5000E+02   8.1065E-18   2.3382E-02   6.3761E-02   3.3242E-19   7.7047E-03
  2.5642E-14
   1.5100E+02   8.1065E-18   2.2750E-02   6.2452E-02   3.3242E-19   7.4515E-03
  2.5142E-14
   1.5200E+02   8.1065E-18   2.2219E-02   6.1514E-02   3.3242E-19   7.2593E-03
  2.4774E-14
   1.5300E+02   8.1065E-18   2.1175E-02   6.0273E-02   3.3242E-19   6.9388E-03
  2.4079E-14
   1.5400E+02   8.1065E-18   1.9507E-02   5.8339E-02   3.3242E-19   6.4241E-03
  2.2891E-14
   1.5500E+02   8.1065E-18   1.7351E-02   5.5736E-02   3.3242E-19   5.7443E-03
  2.1258E-14
   1.5600E+02   8.1065E-18   1.5149E-02   5.2822E-02   3.3242E-19   5.0192E-03
  1.9427E-14
   1.5700E+02   8.1065E-18   1.3363E-02   5.0226E-02   3.3242E-19   4.4055E-03
  1.7819E-14
   1.5800E+02   8.1065E-18   1.2015E-02   4.8156E-02   3.3242E-19   3.9313E-03
  1.6532E-14
   1.5900E+02   8.1065E-18   1.1057E-02   4.6618E-02   3.3242E-19   3.5875E-03
  1.5566E-14
   1.6000E+02   8.1065E-18   1.0692E-02   4.5722E-02   3.3242E-19   3.4217E-03
  1.5081E-14
   1.6100E+02   8.1065E-18   1.1256E-02   4.5804E-02   3.3242E-19   3.5349E-03
  1.5422E-14
   1.6200E+02   8.1065E-18   1.3078E-02   4.7252E-02   3.3242E-19   4.0312E-03
  1.6867E-14
   1.6300E+02   8.1065E-18   1.6669E-02   5.0624E-02   3.3242E-19   5.0666E-03
  1.9712E-14
   1.6400E+02   8.1065E-18   2.0821E-02   5.5590E-02   3.3242E-19   6.3917E-03
  2.3150E-14
   1.6500E+02   8.1065E-18   2.2891E-02   5.9544E-02   3.3242E-19   7.2202E-03
  2.5090E-14
   1.6600E+02   8.1065E-18   2.1791E-02   6.0264E-02   3.3242E-19   7.0953E-03
  2.4677E-14
   1.6700E+02   8.1065E-18   1.8093E-02   5.7279E-02   3.3242E-19   6.0739E-03
  2.2118E-14
   1.6800E+02   8.1065E-18   1.4198E-02   5.2617E-02   3.3242E-19   4.8268E-03
  1.8864E-14
   1.6900E+02   8.1065E-18   1.1289E-02   4.8424E-02   3.3242E-19   3.8210E-03
  1.6115E-14
   1.7000E+02   8.1065E-18   9.2962E-03   4.5291E-02   3.3242E-19   3.1077E-03
  1.4048E-14
   1.7100E+02   8.1065E-18   7.9912E-03   4.3137E-02   3.3242E-19   2.6312E-03
  1.2584E-14
   1.7200E+02   8.1065E-18   7.2256E-03   4.1771E-02   3.3242E-19   2.3412E-03
  1.1648E-14
   1.7300E+02   8.1065E-18   6.9097E-03   4.1040E-02   3.3242E-19   2.2036E-03
  1.1190E-14
   1.7400E+02   8.1065E-18   7.0025E-03   4.0848E-02   3.3242E-19   2.2008E-03
  1.1185E-14
   1.7500E+02   8.1065E-18   7.4826E-03   4.1150E-02   3.3242E-19   2.3243E-03
  1.1612E-14
   1.7600E+02   8.1065E-18   8.1283E-03   4.1772E-02   3.3242E-19   2.5154E-03
  1.2270E-14
   1.7700E+02   8.1065E-18   8.7713E-03   4.2505E-02   3.3242E-19   2.7182E-03
  1.2949E-14
   1.7800E+02   8.1065E-18   9.3449E-03   4.3218E-02   3.3242E-19   2.9052E-03
  1.3558E-14
   1.7900E+02   8.1065E-18   9.8402E-03   4.3862E-02   3.3242E-19   3.0691E-03
  1.4077E-14
   1.8000E+02   8.1065E-18   1.0328E-02   4.4470E-02   3.3242E-19   3.2268E-03
  1.4563E-14
   1.8100E+02   8.1065E-18   1.0859E-02   4.5108E-02   3.3242E-19   3.3957E-03
  1.5076E-14
   1.8200E+02   8.1065E-18   1.1446E-02   4.5806E-02   3.3242E-19   3.5813E-03
  1.5631E-14
   1.8300E+02   8.1065E-18   1.1961E-02   4.6501E-02   3.3242E-19   3.7547E-03
  1.6154E-14
   1.8400E+02   8.1065E-18   1.1840E-02   4.6710E-02   3.3242E-19   3.7586E-03
  1.6183E-14
   1.8500E+02   8.1065E-18   1.0891E-02   4.6044E-02   3.3242E-19   3.5107E-03
  1.5449E-14
   1.8600E+02   8.1065E-18   9.2780E-03   4.4507E-02   3.3242E-19   3.0408E-03
  1.4000E-14
   1.8700E+02   8.1065E-18   7.5165E-03   4.2510E-02   3.3242E-19   2.4891E-03
  1.2185E-14
   1.8800E+02   8.1065E-18   6.3187E-03   4.0836E-02   3.3242E-19   2.0759E-03
  1.0743E-14
   1.8900E+02   8.1065E-18   5.7492E-03   3.9805E-02   3.3242E-19   1.8528E-03
  9.9382E-15
   1.9000E+02   8.1065E-18   5.7508E-03   3.9442E-02   3.3242E-19   1.8115E-03
  9.7836E-15
   1.9100E+02   8.1065E-18   6.2237E-03   3.9686E-02   3.3242E-19   1.9268E-03
  1.0208E-14
   1.9200E+02   8.1065E-18   6.9283E-03   4.0324E-02   3.3242E-19   2.1303E-03
  1.0940E-14
   1.9300E+02   8.1065E-18   7.7825E-03   4.1206E-02   3.3242E-19   2.3884E-03
  1.1835E-14
   1.9400E+02   8.1065E-18   8.7847E-03   4.2293E-02   3.3242E-19   2.6961E-03
  1.2862E-14
   1.9500E+02   8.1065E-18   9.9380E-03   4.3580E-02   3.3242E-19   3.0537E-03
  1.4011E-14
   1.9600E+02   8.1065E-18   1.1232E-02   4.5062E-02   3.3242E-19   3.4586E-03
  1.5261E-14
   1.9700E+02   8.1065E-18   1.2667E-02   4.6744E-02   3.3242E-19   3.9113E-03
  1.6599E-14
   1.9800E+02   8.1065E-18   1.4250E-02   4.8638E-02   3.3242E-19   4.4140E-03
  1.8020E-14
   1.9900E+02   8.1065E-18   1.5918E-02   5.0717E-02   3.3242E-19   4.9523E-03
  1.9477E-14
   2.0000E+02   8.1065E-18   1.7531E-02   5.2848E-02   3.3242E-19   5.4853E-03
  2.0853E-14
   2.0100E+02   8.1065E-18   1.9006E-02   5.4914E-02   3.3242E-19   5.9838E-03
  2.2079E-14
   2.0200E+02   8.1065E-18   2.0238E-02   5.6784E-02   3.3242E-19   6.4146E-03
  2.3093E-14
   2.0300E+02   8.1065E-18   2.0363E-02   5.7769E-02   3.3242E-19   6.5469E-03
  2.3392E-14
   2.0400E+02   8.1065E-18   1.8534E-02   5.6653E-02   3.3242E-19   6.0861E-03
  2.2232E-14
   2.0500E+02   8.1065E-18   1.5131E-02   5.3312E-02   3.3242E-19   5.0862E-03
  1.9661E-14
   2.0600E+02   8.1065E-18   1.1145E-02   4.8657E-02   3.3242E-19   3.8314E-03
  1.6191E-14
   2.0700E+02   8.1065E-18   8.3872E-03   4.4586E-02   3.3242E-19   2.8629E-03
  1.3237E-14
   2.0800E+02   8.1065E-18   7.4588E-03   4.2374E-02   3.3242E-19   2.4420E-03
  1.1894E-14
   2.0900E+02   8.1065E-18   8.3860E-03   4.2260E-02   3.3242E-19   2.5991E-03
  1.2419E-14
   2.1000E+02   8.1065E-18   1.1989E-02   4.4933E-02   3.3242E-19   3.5589E-03
  1.5389E-14
   2.1100E+02   8.1065E-18   1.7552E-02   5.0533E-02   3.3242E-19   5.2180E-03
  2.0149E-14
   2.1200E+02   8.1065E-18   2.2585E-02   5.7114E-02   3.3242E-19   6.8920E-03
  2.4401E-14
   2.1300E+02   8.1065E-18   2.4983E-02   6.2005E-02   3.3242E-19   7.8809E-03
  2.6578E-14
   2.1400E+02   8.1065E-18   2.4043E-02   6.3190E-02   3.3242E-19   7.8291E-03
  2.6269E-14
   2.1500E+02   8.1065E-18   2.1435E-02   6.1245E-02   3.3242E-19   7.1154E-03
  2.4495E-14
   2.1600E+02   8.1065E-18   1.8352E-02   5.7722E-02   3.3242E-19   6.1477E-03
  2.2172E-14
   2.1700E+02   8.1065E-18   1.5227E-02   5.3688E-02   3.3242E-19   5.1252E-03
  1.9639E-14
   2.1800E+02   8.1065E-18   1.2394E-02   4.9759E-02   3.3242E-19   4.1706E-03
  1.7111E-14
   2.1900E+02   8.1065E-18   1.0655E-02   4.6827E-02   3.3242E-19   3.5263E-03
  1.5295E-14
   2.2000E+02   8.1065E-18   1.0171E-02   4.5348E-02   3.3242E-19   3.2753E-03
  1.4584E-14
   2.2100E+02   8.1065E-18   1.0982E-02   4.5421E-02   3.3242E-19   3.4355E-03
  1.5092E-14
   2.2200E+02   8.1065E-18   1.3172E-02   4.7198E-02   3.3242E-19   4.0404E-03
  1.6899E-14
   2.2300E+02   8.1065E-18   1.5730E-02   5.0018E-02   3.3242E-19   4.8339E-03
  1.9159E-14
   2.2400E+02   8.1065E-18   1.7822E-02   5.2873E-02   3.3242E-19   5.5429E-03
  2.1034E-14
   2.2500E+02   8.1065E-18   1.8992E-02   5.4997E-02   3.3242E-19   5.9958E-03
  2.2144E-14
   2.2600E+02   8.1065E-18   1.9207E-02   5.5997E-02   3.3242E-19   6.1423E-03
  2.2440E-14
   2.2700E+02   8.1065E-18   1.9018E-02   5.6189E-02   3.3242E-19   6.1218E-03
  2.2328E-14
   2.2800E+02   8.1065E-18   1.8683E-02   5.5964E-02   3.3242E-19   6.0299E-03
  2.2074E-14
   2.2900E+02   8.1065E-18   1.8275E-02   5.5530E-02   3.3242E-19   5.9041E-03
  2.1756E-14
   2.3000E+02   8.1065E-18   1.8040E-02   5.5114E-02   3.3242E-19   5.8125E-03
  2.1516E-14
   2.3100E+02   8.1065E-18   1.8691E-02   5.5432E-02   3.3242E-19   5.9643E-03
  2.1889E-14
   2.3200E+02   8.1065E-18   2.0635E-02   5.7151E-02   3.3242E-19   6.5099E-03
  2.3221E-14
   2.3300E+02   8.1065E-18   2.4332E-02   6.0947E-02   3.3242E-19   7.6057E-03
  2.5752E-14
   2.3400E+02   8.1065E-18   2.9353E-02   6.7087E-02   3.3242E-19   9.2048E-03
  2.9196E-14
   2.3500E+02   8.1065E-18   3.3252E-02   7.3523E-02   3.3242E-19   1.0623E-02
  3.1898E-14
   2.3600E+02   8.1065E-18   3.4634E-02   7.7788E-02   3.3242E-19   1.1322E-02
  3.2965E-14
   2.3700E+02   8.1065E-18   3.3169E-02   7.8302E-02   3.3242E-19   1.1079E-02
  3.2258E-14
   2.3800E+02   8.1065E-18   3.0272E-02   7.5525E-02   3.3242E-19   1.0217E-02
  3.0454E-14
   2.3900E+02   8.1065E-18   2.7828E-02   7.1898E-02   3.3242E-19   9.3633E-03
  2.8784E-14
   2.4000E+02   8.1065E-18   2.6185E-02   6.8840E-02   3.3242E-19   8.7357E-03
  2.7607E-14
   2.4100E+02   8.1065E-18   2.5282E-02   6.6752E-02   3.3242E-19   8.3560E-03
  2.6929E-14
   2.4200E+02   8.1065E-18   2.4661E-02   6.5399E-02   3.3242E-19   8.1095E-03
  2.6506E-14
   2.4300E+02   8.1065E-18   2.3803E-02   6.4119E-02   3.3242E-19   7.8239E-03
  2.5947E-14
   2.4400E+02   8.1065E-18   2.2602E-02   6.2549E-02   3.3242E-19   7.4389E-03
  2.5129E-14
   2.4500E+02   8.1065E-18   2.1071E-02   6.0578E-02   3.3242E-19   6.9471E-03
  2.4044E-14
   2.4600E+02   8.1065E-18   1.9032E-02   5.8063E-02   3.3242E-19   6.3020E-03
  2.2570E-14
   2.4700E+02   8.1065E-18   1.6414E-02   5.4853E-02   3.3242E-19   5.4724E-03
  2.0563E-14
   2.4800E+02   8.1065E-18   1.3463E-02   5.1148E-02   3.3242E-19   4.5246E-03
  1.8115E-14
   2.4900E+02   8.1065E-18   1.0532E-02   4.7336E-02   3.3242E-19   3.5658E-03
  1.5432E-14
   2.5000E+02   8.1065E-18   8.3714E-03   4.4153E-02   3.3242E-19   2.8138E-03
  1.3137E-14
   2.5100E+02   8.1065E-18   7.2125E-03   4.2093E-02   3.3242E-19   2.3712E-03
  1.1712E-14
   2.5200E+02   8.1065E-18   6.9169E-03   4.1129E-02   3.3242E-19   2.2106E-03
  1.1184E-14
   2.5300E+02   8.1065E-18   7.4169E-03   4.1170E-02   3.3242E-19   2.3091E-03
  1.1531E-14
   2.5400E+02   8.1065E-18   8.4477E-03   4.2000E-02   3.3242E-19   2.5952E-03
  1.2507E-14
   2.5500E+02   8.1065E-18   9.8147E-03   4.3365E-02   3.3242E-19   3.0031E-03
  1.3834E-14
   2.5600E+02   8.1065E-18   1.1507E-02   4.5181E-02   3.3242E-19   3.5200E-03
  1.5431E-14
   2.5700E+02   8.1065E-18   1.3422E-02   4.7409E-02   3.3242E-19   4.1241E-03
  1.7218E-14
   2.5800E+02   8.1065E-18   1.4305E-02   4.9088E-02   3.3242E-19   4.4816E-03
  1.8270E-14
   2.5900E+02   8.1065E-18   1.3325E-02   4.8970E-02   3.3242E-19   4.2920E-03
  1.7740E-14
   2.6000E+02   8.1065E-18   1.0791E-02   4.6848E-02   3.3242E-19   3.5867E-03
  1.5672E-14
   2.6100E+02   8.1065E-18   7.8052E-03   4.3587E-02   3.3242E-19   2.6647E-03
  1.2739E-14
   2.6200E+02   8.1065E-18   5.8463E-03   4.0818E-02   3.3242E-19   1.9844E-03
  1.0369E-14
   2.6300E+02   8.1065E-18   5.0188E-03   3.9214E-02   3.3242E-19   1.6477E-03
  9.1338E-15
   2.6400E+02   8.1065E-18   5.1640E-03   3.8760E-02   3.3242E-19   1.6220E-03
  9.0370E-15
   2.6500E+02   8.1065E-18   6.2341E-03   3.9422E-02   3.3242E-19   1.8937E-03
  1.0049E-14
   2.6600E+02   8.1065E-18   7.6231E-03   4.0769E-02   3.3242E-19   2.3061E-03
  1.1535E-14
   2.6700E+02   8.1065E-18   8.8161E-03   4.2197E-02   3.3242E-19   2.6918E-03
  1.2860E-14
   2.6800E+02   8.1065E-18   9.5333E-03   4.3289E-02   3.3242E-19   2.9508E-03
  1.3723E-14
   2.6900E+02   8.1065E-18   9.6478E-03   4.3783E-02   3.3242E-19   3.0294E-03
  1.3983E-14
   2.7000E+02   8.1065E-18   9.2230E-03   4.3626E-02   3.3242E-19   2.9336E-03
  1.3679E-14
   2.7100E+02   8.1065E-18   8.3624E-03   4.2894E-02   3.3242E-19   2.6919E-03
  1.2896E-14
   2.7200E+02   8.1065E-18   7.1989E-03   4.1719E-02   3.3242E-19   2.3443E-03
  1.1730E-14
   2.7300E+02   8.1065E-18   6.0290E-03   4.0359E-02   3.3242E-19   1.9733E-03
  1.0411E-14
   2.7400E+02   8.1065E-18   5.2240E-03   3.9254E-02   3.3242E-19   1.6978E-03
  9.3820E-15
   2.7500E+02   8.1065E-18   4.8134E-03   3.8555E-02   3.3242E-19   1.5417E-03
  8.7794E-15
   2.7600E+02   8.1065E-18   4.7603E-03   3.8268E-02   3.3242E-19   1.4989E-03
  8.6079E-15
   2.7700E+02   8.1065E-18   5.0562E-03   3.8389E-02   3.3242E-19   1.5667E-03
  8.8639E-15
   2.7800E+02   8.1065E-18   5.7394E-03   3.8940E-02   3.3242E-19   1.7543E-03
  9.5634E-15
   2.7900E+02   8.1065E-18   6.9475E-03   4.0035E-02   3.3242E-19   2.0994E-03
  1.0794E-14
   2.8000E+02   8.1065E-18   8.9446E-03   4.1928E-02   3.3242E-19   2.6790E-03
  1.2743E-14
   2.8100E+02   8.1065E-18   1.1455E-02   4.4640E-02   3.3242E-19   3.4494E-03
  1.5214E-14
   2.8200E+02   8.1065E-18   1.3273E-02   4.7172E-02   3.3242E-19   4.0758E-03
  1.7121E-14
   2.8300E+02   8.1065E-18   1.3653E-02   4.8477E-02   3.3242E-19   4.2970E-03
  1.7769E-14
   2.8400E+02   8.1065E-18   1.2475E-02   4.8015E-02   3.3242E-19   4.0289E-03
  1.6987E-14
   2.8500E+02   8.1065E-18   1.0640E-02   4.6276E-02   3.3242E-19   3.4904E-03
  1.5352E-14
   2.8600E+02   8.1065E-18   8.9958E-03   4.4299E-02   3.3242E-19   2.9605E-03
  1.3698E-14
   2.8700E+02   8.1065E-18   7.6799E-03   4.2554E-02   3.3242E-19   2.5198E-03
  1.2271E-14
   2.8800E+02   8.1065E-18   6.6643E-03   4.1143E-02   3.3242E-19   2.1737E-03
  1.1099E-14
   2.8900E+02   8.1065E-18   6.0359E-03   4.0146E-02   3.3242E-19   1.9452E-03
  1.0285E-14
   2.9000E+02   8.1065E-18   5.8709E-03   3.9662E-02   3.3242E-19   1.8598E-03
  9.9702E-15
   2.9100E+02   8.1065E-18   6.1938E-03   3.9730E-02   3.3242E-19   1.9264E-03
  1.0204E-14
   2.9200E+02   8.1065E-18   7.0792E-03   4.0423E-02   3.3242E-19   2.1672E-03
  1.1049E-14
   2.9300E+02   8.1065E-18   8.3154E-03   4.1644E-02   3.3242E-19   2.5342E-03
  1.2314E-14
   2.9400E+02   8.1065E-18   9.6163E-03   4.3107E-02   3.3242E-19   2.9408E-03
  1.3654E-14
   2.9500E+02   8.1065E-18   1.0843E-02   4.4606E-02   3.3242E-19   3.3372E-03
  1.4903E-14
   2.9600E+02   8.1065E-18   1.1883E-02   4.5987E-02   3.3242E-19   3.6847E-03
  1.5956E-14
   2.9700E+02   8.1065E-18   1.2553E-02   4.7050E-02   3.3242E-19   3.9282E-03
  1.6672E-14
   2.9800E+02   8.1065E-18   1.2710E-02   4.7585E-02   3.3242E-19   4.0171E-03
  1.6925E-14
   2.9900E+02   8.1065E-18   1.2321E-02   4.7477E-02   3.3242E-19   3.9327E-03
  1.6673E-14
   3.0000E+02   8.1065E-18   1.1493E-02   4.6763E-02   3.3242E-19   3.6989E-03
  1.5978E-14
   3.0100E+02   8.1065E-18   1.0620E-02   4.5776E-02   3.3242E-19   3.4251E-03
  1.5145E-14
   3.0200E+02   8.1065E-18   9.9006E-03   4.4832E-02   3.3242E-19   3.1851E-03
  1.4409E-14
   3.0300E+02   8.1065E-18   9.3625E-03   4.4064E-02   3.3242E-19   2.9995E-03
  1.3834E-14
   3.0400E+02   8.1065E-18   9.0418E-03   4.3524E-02   3.3242E-19   2.8796E-03
  1.3452E-14
   3.0500E+02   8.1065E-18   9.1735E-03   4.3410E-02   3.3242E-19   2.8900E-03
  1.3475E-14
   3.0600E+02   8.1065E-18   9.9256E-03   4.3938E-02   3.3242E-19   3.0866E-03
  1.4086E-14
   3.0700E+02   8.1065E-18   1.1500E-02   4.5340E-02   3.3242E-19   3.5322E-03
  1.5436E-14
   3.0800E+02   8.1065E-18   1.4036E-02   4.7876E-02   3.3242E-19   4.2828E-03
  1.7621E-14
   3.0900E+02   8.1065E-18   1.7014E-02   5.1296E-02   3.3242E-19   5.2156E-03
  2.0175E-14
   3.1000E+02   8.1065E-18   1.9994E-02   5.5116E-02   3.3242E-19   6.1902E-03
  2.2635E-14
   3.1100E+02   8.1065E-18   2.2685E-02   5.8940E-02   3.3242E-19   7.1070E-03
  2.4767E-14
   3.1200E+02   8.1065E-18   2.4343E-02   6.2080E-02   3.3242E-19   7.7557E-03
  2.6173E-14
   3.1300E+02   8.1065E-18   2.3356E-02   6.2630E-02   3.3242E-19   7.6303E-03
  2.5788E-14
   3.1400E+02   8.1065E-18   1.9756E-02   5.9689E-02   3.3242E-19   6.6354E-03
  2.3398E-14
   3.1500E+02   8.1065E-18   1.4730E-02   5.4134E-02   3.3242E-19   5.0899E-03
  1.9527E-14
   3.1600E+02   8.1065E-18   1.0204E-02   4.8100E-02   3.3242E-19   3.5814E-03
  1.5338E-14
   3.1700E+02   8.1065E-18   7.4478E-03   4.3662E-02   3.3242E-19   2.5785E-03
  1.2279E-14
   3.1800E+02   8.1065E-18   6.0747E-03   4.1025E-02   3.3242E-19   2.0348E-03
  1.0499E-14
   3.1900E+02   8.1065E-18   5.6968E-03   3.9814E-02   3.3242E-19   1.8340E-03
  9.8214E-15
   3.2000E+02   8.1065E-18   6.0235E-03   3.9657E-02   3.3242E-19   1.8809E-03
  1.0021E-14
   3.2100E+02   8.1065E-18   6.7721E-03   4.0176E-02   3.3242E-19   2.0809E-03
  1.0748E-14
   3.2200E+02   8.1065E-18   7.9372E-03   4.1248E-02   3.3242E-19   2.4182E-03
  1.1912E-14
   3.2300E+02   8.1065E-18   9.6290E-03   4.2922E-02   3.3242E-19   2.9187E-03
  1.3549E-14
   3.2400E+02   8.1065E-18   1.1717E-02   4.5191E-02   3.3242E-19   3.5600E-03
  1.5551E-14
   3.2500E+02   8.1065E-18   1.3746E-02   4.7681E-02   3.3242E-19   4.2157E-03
  1.7484E-14
   3.2600E+02   8.1065E-18   1.5388E-02   4.9966E-02   3.3242E-19   4.7753E-03
  1.9036E-14
   3.2700E+02   8.1065E-18   1.6412E-02   5.1697E-02   3.3242E-19   5.1570E-03
  2.0036E-14
   3.2800E+02   8.1065E-18   1.6534E-02   5.2497E-02   3.3242E-19   5.2675E-03
  2.0300E-14
   3.2900E+02   8.1065E-18   1.5583E-02   5.2036E-02   3.3242E-19   5.0393E-03
  1.9672E-14
   3.3000E+02   8.1065E-18   1.3711E-02   5.0315E-02   3.3242E-19   4.5005E-03
  1.8198E-14
   3.3100E+02   8.1065E-18   1.1336E-02   4.7694E-02   3.3242E-19   3.7680E-03
  1.6108E-14
   3.3200E+02   8.1065E-18   9.7687E-03   4.5348E-02   3.3242E-19   3.2106E-03
  1.4402E-14
   3.3300E+02   8.1065E-18   9.8036E-03   4.4475E-02   3.3242E-19   3.1143E-03
  1.4097E-14
   3.3400E+02   8.1065E-18   1.1955E-02   4.5759E-02   3.3242E-19   3.6497E-03
  1.5693E-14
   3.3500E+02   8.1065E-18   1.7631E-02   5.0636E-02   3.3242E-19   5.2326E-03
  2.0074E-14
   3.3600E+02   8.1065E-18   2.6321E-02   5.9987E-02   3.3242E-19   7.8768E-03
  2.6578E-14
   3.3700E+02   8.1065E-18   3.5428E-02   7.2291E-02   3.3242E-19   1.0913E-02
  3.2783E-14
   3.3800E+02   8.1065E-18   4.2388E-02   8.4744E-02   3.3242E-19   1.3529E-02
  3.7122E-14
   3.3900E+02   8.1065E-18   4.5397E-02   9.3790E-02   3.3242E-19   1.4995E-02
  3.8954E-14
   3.4000E+02   8.1065E-18   4.4986E-02   9.7523E-02   3.3242E-19   1.5234E-02
  3.8806E-14
   3.4100E+02   8.1065E-18   4.2014E-02   9.6079E-02   3.3242E-19   1.4465E-02
  3.7281E-14
   3.4200E+02   8.1065E-18   3.7112E-02   9.0264E-02   3.3242E-19   1.2915E-02
  3.4621E-14
   3.4300E+02   8.1065E-18   3.1385E-02   8.1698E-02   3.3242E-19   1.0952E-02
  3.1214E-14
   3.4400E+02   8.1065E-18   2.7131E-02   7.3763E-02   3.3242E-19   9.3476E-03
  2.8352E-14
   3.4500E+02   8.1065E-18   2.4861E-02   6.8294E-02   3.3242E-19   8.3809E-03
  2.6661E-14
   3.4600E+02   8.1065E-18   2.4405E-02   6.5616E-02   3.3242E-19   8.0447E-03
  2.6195E-14
   3.4700E+02   8.1065E-18   2.5510E-02   6.5529E-02   3.3242E-19   8.2679E-03
  2.6857E-14
   3.4800E+02   8.1065E-18   2.7402E-02   6.7252E-02   3.3242E-19   8.8237E-03
  2.8129E-14
   3.4900E+02   8.1065E-18   2.9725E-02   7.0116E-02   3.3242E-19   9.5709E-03
  2.9660E-14
   3.5000E+02   8.1065E-18   3.2436E-02   7.3841E-02   3.3242E-19   1.0471E-02
  3.1369E-14
   3.5100E+02   8.1065E-18   3.5397E-02   7.8296E-02   3.3242E-19   1.1488E-02
  3.3180E-14
   3.5200E+02   8.1065E-18   3.7975E-02   8.2854E-02   3.3242E-19   1.2437E-02
  3.4738E-14
   3.5300E+02   8.1065E-18   3.9794E-02   8.6753E-02   3.3242E-19   1.3165E-02
  3.5808E-14
   3.5400E+02   8.1065E-18   4.0734E-02   8.9481E-02   3.3242E-19   1.3600E-02
  3.6362E-14
   3.5500E+02   8.1065E-18   4.1249E-02   9.1159E-02   3.3242E-19   1.3844E-02
  3.6614E-14
   3.5600E+02   8.1065E-18   4.2437E-02   9.3001E-02   3.3242E-19   1.4235E-02
  3.7173E-14
   3.5700E+02   8.1065E-18   4.4756E-02   9.6167E-02   3.3242E-19   1.4981E-02
  3.8326E-14
   3.5800E+02   8.1065E-18   4.8396E-02   1.0146E-01   3.3242E-19   1.6193E-02
  4.0131E-14
   3.5900E+02   8.1065E-18   5.1944E-02   1.0827E-01   3.3242E-19   1.7538E-02
  4.1972E-14
   3.6000E+02   8.1065E-18   5.2281E-02   1.1236E-01   3.3242E-19   1.7981E-02
  4.2307E-14
   3.6100E+02   8.1065E-18   4.8766E-02   1.1054E-01   3.3242E-19   1.7083E-02
  4.0719E-14
   3.6200E+02   8.1065E-18   4.2231E-02   1.0240E-01   3.3242E-19   1.4996E-02
  3.7454E-14
   3.6300E+02   8.1065E-18   3.5329E-02   9.0954E-02   3.3242E-19   1.2536E-02
  3.3539E-14
   3.6400E+02   8.1065E-18   3.0276E-02   8.0692E-02   3.3242E-19   1.0576E-02
  3.0365E-14
   3.6500E+02   8.1065E-18   2.7018E-02   7.3211E-02   3.3242E-19   9.2463E-03
  2.8171E-14
   3.6600E+02   8.1065E-18   2.5210E-02   6.8429E-02   3.3242E-19   8.4580E-03
  2.6872E-14
   3.6700E+02   8.1065E-18   2.4560E-02   6.5886E-02   3.3242E-19   8.1062E-03
  2.6355E-14
   3.6800E+02   8.1065E-18   2.4897E-02   6.5137E-02   3.3242E-19   8.1147E-03
  2.6520E-14
   3.6900E+02   8.1065E-18   2.6244E-02   6.6010E-02   3.3242E-19   8.4738E-03
  2.7370E-14
   3.7000E+02   8.1065E-18   2.8657E-02   6.8555E-02   3.3242E-19   9.2034E-03
  2.8927E-14
   3.7100E+02   8.1065E-18   3.0515E-02   7.1608E-02   3.3242E-19   9.8850E-03
  3.0299E-14
   3.7200E+02   8.1065E-18   2.9942E-02   7.2553E-02   3.3242E-19   9.8797E-03
  3.0172E-14
   3.7300E+02   8.1065E-18   2.6807E-02   7.0057E-02   3.3242E-19   9.0213E-03
  2.8320E-14
   3.7400E+02   8.1065E-18   2.2030E-02   6.4565E-02   3.3242E-19   7.5360E-03
  2.5096E-14
   3.7500E+02   8.1065E-18   1.8139E-02   5.8689E-02   3.3242E-19   6.1740E-03
  2.1989E-14
   3.7600E+02   8.1065E-18   1.6183E-02   5.4683E-02   3.3242E-19   5.3818E-03
  2.0166E-14
   3.7700E+02   8.1065E-18   1.6059E-02   5.3020E-02   3.3242E-19   5.1880E-03
  1.9801E-14
   3.7800E+02   8.1065E-18   1.7723E-02   5.3758E-02   3.3242E-19   5.5871E-03
  2.0929E-14
   3.7900E+02   8.1065E-18   1.9935E-02   5.6041E-02   3.3242E-19   6.2613E-03
  2.2699E-14
   3.8000E+02   8.1065E-18   2.1498E-02   5.8361E-02   3.3242E-19   6.8142E-03
  2.4029E-14
   3.8100E+02   8.1065E-18   2.1972E-02   5.9731E-02   3.3242E-19   7.0535E-03
  2.4535E-14
   3.8200E+02   8.1065E-18   2.1427E-02   5.9780E-02   3.3242E-19   6.9535E-03
  2.4229E-14
   3.8300E+02   8.1065E-18   2.0945E-02   5.9265E-02   3.3242E-19   6.7990E-03
  2.3811E-14
   3.8400E+02   8.1065E-18   2.1173E-02   5.9216E-02   3.3242E-19   6.8303E-03
  2.3881E-14
   3.8500E+02   8.1065E-18   2.2274E-02   6.0124E-02   3.3242E-19   7.1313E-03
  2.4590E-14
   3.8600E+02   8.1065E-18   2.3934E-02   6.2046E-02   3.3242E-19   7.6509E-03
  2.5803E-14
   3.8700E+02   8.1065E-18   2.3798E-02   6.2952E-02   3.3242E-19   7.7330E-03
  2.5984E-14
   3.8800E+02   8.1065E-18   2.1011E-02   6.0913E-02   3.3242E-19   6.9961E-03
  2.4246E-14
   3.8900E+02   8.1065E-18   1.6381E-02   5.6042E-02   3.3242E-19   5.6032E-03
  2.0841E-14
   3.9000E+02   8.1065E-18   1.1623E-02   5.0009E-02   3.3242E-19   4.0549E-03
  1.6703E-14
   3.9100E+02   8.1065E-18   8.4813E-03   4.5171E-02   3.3242E-19   2.9365E-03
  1.3414E-14
   3.9200E+02   8.1065E-18   6.8057E-03   4.2128E-02   3.3242E-19   2.2917E-03
  1.1378E-14
   3.9300E+02   8.1065E-18   6.1868E-03   4.0581E-02   3.3242E-19   2.0095E-03
  1.0449E-14
   3.9400E+02   8.1065E-18   6.2251E-03   4.0099E-02   3.3242E-19   1.9678E-03
  1.0346E-14
   3.9500E+02   8.1065E-18   6.2498E-03   3.9985E-02   3.3242E-19   1.9660E-03
  1.0379E-14
   3.9600E+02   8.1065E-18   5.9937E-03   3.9761E-02   3.3242E-19   1.8981E-03
  1.0153E-14
   3.9700E+02   8.1065E-18   5.4379E-03   3.9255E-02   3.3242E-19   1.7408E-03
  9.5798E-15
   3.9800E+02   8.1065E-18   4.7602E-03   3.8540E-02   3.3242E-19   1.5349E-03
  8.7815E-15
   3.9900E+02   8.1065E-18   4.2375E-03   3.7881E-02   3.3242E-19   1.3625E-03
  8.0844E-15
   4.0000E+02   8.1065E-18   3.9196E-03   3.7411E-02   3.3242E-19   1.2496E-03
  7.6157E-15
   4.0100E+02   8.1065E-18   3.7946E-03   3.7154E-02   3.3242E-19   1.1968E-03
  7.3904E-15
   4.0200E+02   8.1065E-18   3.9903E-03   3.7190E-02   3.3242E-19   1.2353E-03
  7.5285E-15
   4.0300E+02   8.1065E-18   4.8791E-03   3.7835E-02   3.3242E-19   1.4687E-03
  8.4320E-15
   4.0400E+02   8.1065E-18   7.1074E-03   3.9669E-02   3.3242E-19   2.0804E-03
  1.0630E-14
   4.0500E+02   8.1065E-18   1.2332E-02   4.4145E-02   3.3242E-19   3.5345E-03
  1.5234E-14
   4.0600E+02   8.1065E-18   2.1322E-02   5.3162E-02   3.3242E-19   6.1996E-03
  2.2626E-14
   4.0700E+02   8.1065E-18   2.9865E-02   6.4578E-02   3.3242E-19   9.0596E-03
  2.9264E-14
   4.0800E+02   8.1065E-18   3.3095E-02   7.2866E-02   3.3242E-19   1.0570E-02
  3.2049E-14
   4.0900E+02   8.1065E-18   2.9424E-02   7.3055E-02   3.3242E-19   9.8836E-03
  3.0251E-14
   4.1000E+02   8.1065E-18   2.3559E-02   6.7096E-02   3.3242E-19   8.1066E-03
  2.6275E-14
   4.1100E+02   8.1065E-18   1.9119E-02   6.0554E-02   3.3242E-19   6.5559E-03
  2.2821E-14
   4.1200E+02   8.1065E-18   1.6236E-02   5.5503E-02   3.3242E-19   5.4776E-03
  2.0355E-14
   4.1300E+02   8.1065E-18   1.4542E-02   5.2171E-02   3.3242E-19   4.8134E-03
  1.8792E-14
   4.1400E+02   8.1065E-18   1.3238E-02   4.9908E-02   3.3242E-19   4.3393E-03
  1.7636E-14
   4.1500E+02   8.1065E-18   1.1792E-02   4.7910E-02   3.3242E-19   3.8631E-03
  1.6362E-14
   4.1600E+02   8.1065E-18   1.0170E-02   4.5872E-02   3.3242E-19   3.3442E-03
  1.4864E-14
   4.1700E+02   8.1065E-18   8.5289E-03   4.3801E-02   3.3242E-19   2.8131E-03
  1.3218E-14
   4.1800E+02   8.1065E-18   7.5493E-03   4.2234E-02   3.3242E-19   2.4556E-03
  1.2030E-14
   4.1900E+02   8.1065E-18   7.5611E-03   4.1653E-02   3.3242E-19   2.3904E-03
  1.1798E-14
   4.2000E+02   8.1065E-18   8.8370E-03   4.2389E-02   3.3242E-19   2.7056E-03
  1.2818E-14
   4.2100E+02   8.1065E-18   1.1891E-02   4.5001E-02   3.3242E-19   3.5587E-03
  1.5462E-14
   4.2200E+02   8.1065E-18   1.5757E-02   4.9188E-02   3.3242E-19   4.7465E-03
  1.8928E-14
   4.2300E+02   8.1065E-18   1.8809E-02   5.3418E-02   3.3242E-19   5.7902E-03
  2.1711E-14
   4.2400E+02   8.1065E-18   1.9976E-02   5.6147E-02   3.3242E-19   6.3122E-03
  2.2963E-14
   4.2500E+02   8.1065E-18   1.9087E-02   5.6439E-02   3.3242E-19   6.1755E-03
  2.2524E-14
   4.2600E+02   8.1065E-18   1.7490E-02   5.5087E-02   3.3242E-19   5.7200E-03
  2.1305E-14
   4.2700E+02   8.1065E-18   1.5904E-02   5.3205E-02   3.3242E-19   5.2124E-03
  1.9990E-14
   4.2800E+02   8.1065E-18   1.4457E-02   5.1283E-02   3.3242E-19   4.7309E-03
  1.8737E-14
   4.2900E+02   8.1065E-18   1.3190E-02   4.9517E-02   3.3242E-19   4.3028E-03
  1.7593E-14
   4.3000E+02   8.1065E-18   1.2185E-02   4.8032E-02   3.3242E-19   3.9542E-03
  1.6633E-14
   4.3100E+02   8.1065E-18   1.1458E-02   4.6897E-02   3.3242E-19   3.6958E-03
  1.5907E-14
   4.3200E+02   8.1065E-18   1.0977E-02   4.6093E-02   3.3242E-19   3.5196E-03
  1.5403E-14
   4.3300E+02   8.1065E-18   1.0768E-02   4.5621E-02   3.3242E-19   3.4295E-03
  1.5141E-14
   4.3400E+02   8.1065E-18   1.0963E-02   4.5587E-02   3.3242E-19   3.4620E-03
  1.5240E-14
   4.3500E+02   8.1065E-18   1.1662E-02   4.6115E-02   3.3242E-19   3.6499E-03
  1.5799E-14
   4.3600E+02   8.1065E-18   1.2981E-02   4.7345E-02   3.3242E-19   4.0297E-03
  1.6900E-14
   4.3700E+02   8.1065E-18   1.4762E-02   4.9285E-02   3.3242E-19   4.5761E-03
  1.8453E-14
   4.3800E+02   8.1065E-18   1.6108E-02   5.1190E-02   3.3242E-19   5.0406E-03
  1.9726E-14
   4.3900E+02   8.1065E-18   1.6520E-02   5.2295E-02   3.3242E-19   5.2414E-03
  2.0239E-14
   4.4000E+02   8.1065E-18   1.5889E-02   5.2207E-02   3.3242E-19   5.1146E-03
  1.9877E-14
   4.4100E+02   8.1065E-18   1.4440E-02   5.0960E-02   3.3242E-19   4.7059E-03
  1.8757E-14
   4.4200E+02   8.1065E-18   1.2585E-02   4.8953E-02   3.3242E-19   4.1381E-03
  1.7174E-14
   4.4300E+02   8.1065E-18   1.0574E-02   4.6573E-02   3.3242E-19   3.5009E-03
  1.5329E-14
   4.4400E+02   8.1065E-18   8.5763E-03   4.4104E-02   3.3242E-19   2.8570E-03
  1.3355E-14
   4.4500E+02   8.1065E-18   6.9007E-03   4.1873E-02   3.3242E-19   2.2974E-03
  1.1504E-14
   4.4600E+02   8.1065E-18   5.7734E-03   4.0201E-02   3.3242E-19   1.9013E-03
  1.0113E-14
   4.4700E+02   8.1065E-18   5.1227E-03   3.9119E-02   3.3242E-19   1.6599E-03
  9.2247E-15
   4.4800E+02   8.1065E-18   4.8515E-03   3.8538E-02   3.3242E-19   1.5451E-03
  8.7887E-15
   4.4900E+02   8.1065E-18   4.8127E-03   3.8317E-02   3.3242E-19   1.5143E-03
  8.6772E-15
   4.5000E+02   8.1065E-18   4.8524E-03   3.8277E-02   3.3242E-19   1.5185E-03
  8.6979E-15
   4.5100E+02   8.1065E-18   4.9282E-03   3.8322E-02   3.3242E-19   1.5383E-03
  8.7768E-15
   4.5200E+02   8.1065E-18   5.0267E-03   3.8412E-02   3.3242E-19   1.5673E-03
  8.8899E-15
   4.5300E+02   8.1065E-18   5.0953E-03   3.8501E-02   3.3242E-19   1.5905E-03
  8.9842E-15
   4.5400E+02   8.1065E-18   5.0762E-03   3.8520E-02   3.3242E-19   1.5897E-03
  8.9860E-15
   4.5500E+02   8.1065E-18   4.9564E-03   3.8437E-02   3.3242E-19   1.5588E-03
  8.8693E-15
   4.5600E+02   8.1065E-18   4.7542E-03   3.8250E-02   3.3242E-19   1.5003E-03
  8.6401E-15
   4.5700E+02   8.1065E-18   4.6752E-03   3.8106E-02   3.3242E-19   1.4680E-03
  8.4969E-15
   4.5800E+02   8.1065E-18   4.9073E-03   3.8219E-02   3.3242E-19   1.5218E-03
  8.6925E-15
   4.5900E+02   8.1065E-18   5.5680E-03   3.8746E-02   3.3242E-19   1.7014E-03
  9.3621E-15
   4.6000E+02   8.1065E-18   6.8161E-03   3.9865E-02   3.3242E-19   2.0559E-03
  1.0639E-14
   4.6100E+02   8.1065E-18   8.6141E-03   4.1646E-02   3.3242E-19   2.5881E-03
  1.2464E-14
   4.6200E+02   8.1065E-18   1.0893E-02   4.4057E-02   3.3242E-19   3.2801E-03
  1.4681E-14
   4.6300E+02   8.1065E-18   1.3681E-02   4.7135E-02   3.3242E-19   4.1393E-03
  1.7234E-14
   4.6400E+02   8.1065E-18   1.6874E-02   5.0904E-02   3.3242E-19   5.1495E-03
  2.0017E-14
   4.6500E+02   8.1065E-18   1.9276E-02   5.4480E-02   3.3242E-19   5.9945E-03
  2.2198E-14
   4.6600E+02   8.1065E-18   1.9776E-02   5.6398E-02   3.3242E-19   6.3009E-03
  2.2901E-14
   4.6700E+02   8.1065E-18   1.8155E-02   5.5795E-02   3.3242E-19   5.9314E-03
  2.1912E-14
   4.6800E+02   8.1065E-18   1.5219E-02   5.2978E-02   3.3242E-19   5.0693E-03
  1.9631E-14
   4.6900E+02   8.1065E-18   1.2842E-02   4.9813E-02   3.3242E-19   4.2704E-03
  1.7438E-14
   4.7000E+02   8.1065E-18   1.1534E-02   4.7556E-02   3.3242E-19   3.7751E-03
  1.6058E-14
   4.7100E+02   8.1065E-18   1.1217E-02   4.6463E-02   3.3242E-19   3.5963E-03
  1.5571E-14
   4.7200E+02   8.1065E-18   1.1709E-02   4.6478E-02   3.3242E-19   3.6922E-03
  1.5895E-14
   4.7300E+02   8.1065E-18   1.2384E-02   4.7068E-02   3.3242E-19   3.8882E-03
  1.6507E-14
   4.7400E+02   8.1065E-18   1.2916E-02   4.7729E-02   3.3242E-19   4.0642E-03
  1.7029E-14
   4.7500E+02   8.1065E-18   1.3213E-02   4.8221E-02   3.3242E-19   4.1757E-03
  1.7348E-14
   4.7600E+02   8.1065E-18   1.3397E-02   4.8523E-02   3.3242E-19   4.2425E-03
  1.7520E-14
   4.7700E+02   8.1065E-18   1.3927E-02   4.9027E-02   3.3242E-19   4.3934E-03
  1.7919E-14
   4.7800E+02   8.1065E-18   1.5066E-02   5.0117E-02   3.3242E-19   4.7219E-03
  1.8808E-14
   4.7900E+02   8.1065E-18   1.7004E-02   5.2096E-02   3.3242E-19   5.2968E-03
  2.0322E-14
   4.8000E+02   8.1065E-18   1.9567E-02   5.5039E-02   3.3242E-19   6.0953E-03
  2.2351E-14
   4.8100E+02   8.1065E-18   2.1813E-02   5.8185E-02   3.3242E-19   6.8591E-03
  2.4173E-14
   4.8200E+02   8.1065E-18   2.3170E-02   6.0670E-02   3.3242E-19   7.3812E-03
  2.5314E-14
   4.8300E+02   8.1065E-18   2.3413E-02   6.1915E-02   3.3242E-19   7.5568E-03
  2.5623E-14
   4.8400E+02   8.1065E-18   2.3174E-02   6.2097E-02   3.3242E-19   7.5211E-03
  2.5444E-14
   4.8500E+02   8.1065E-18   2.3665E-02   6.2502E-02   3.3242E-19   7.6454E-03
  2.5680E-14
   4.8600E+02   8.1065E-18   2.5345E-02   6.4105E-02   3.3242E-19   8.1245E-03
  2.6729E-14
   4.8700E+02   8.1065E-18   2.8531E-02   6.7568E-02   3.3242E-19   9.0850E-03
  2.8753E-14
   4.8800E+02   8.1065E-18   3.2892E-02   7.3099E-02   3.3242E-19   1.0487E-02
  3.1519E-14
   4.8900E+02   8.1065E-18   3.7446E-02   7.9932E-02   3.3242E-19   1.2054E-02
  3.4300E-14
   4.9000E+02   8.1065E-18   4.1704E-02   8.7253E-02   3.3242E-19   1.3599E-02
  3.6744E-14
   4.9100E+02   8.1065E-18   4.5380E-02   9.4432E-02   3.3242E-19   1.5001E-02
  3.8740E-14
   4.9200E+02   8.1065E-18   4.7560E-02   1.0030E-01   3.3242E-19   1.5974E-02
  3.9943E-14
   4.9300E+02   8.1065E-18   4.7306E-02   1.0294E-01   3.3242E-19   1.6149E-02
  3.9897E-14
   4.9400E+02   8.1065E-18   4.4589E-02   1.0129E-01   3.3242E-19   1.5426E-02
  3.8572E-14
   4.9500E+02   8.1065E-18   3.9956E-02   9.5524E-02   3.3242E-19   1.3943E-02
  3.6144E-14
   4.9600E+02   8.1065E-18   3.5291E-02   8.7816E-02   3.3242E-19   1.2276E-02
  3.3431E-14
   4.9700E+02   8.1065E-18   3.1809E-02   8.0882E-02   3.3242E-19   1.0935E-02
  3.1266E-14
   4.9800E+02   8.1065E-18   2.9469E-02   7.5642E-02   3.3242E-19   9.9889E-03
  2.9742E-14
   4.9900E+02   8.1065E-18   2.7946E-02   7.2075E-02   3.3242E-19   9.3670E-03
  2.8749E-14
   5.0000E+02   8.1065E-18   2.5476E-02   6.8525E-02   3.3242E-19   8.5652E-03
  2.7277E-14
   5.0100E+02   8.1065E-18   2.1287E-02   6.3330E-02   3.3242E-19   7.2531E-03
  2.4507E-14
   5.0200E+02   8.1065E-18   1.6149E-02   5.6725E-02   3.3242E-19   5.5993E-03
  2.0652E-14
   5.0300E+02   8.1065E-18   1.1233E-02   4.9949E-02   3.3242E-19   3.9577E-03
  1.6352E-14
   5.0400E+02   8.1065E-18   7.9885E-03   4.4753E-02   3.3242E-19   2.7903E-03
  1.2913E-14
   5.0500E+02   8.1065E-18   6.3524E-03   4.1619E-02   3.3242E-19   2.1469E-03
  1.0859E-14
   5.0600E+02   8.1065E-18   5.8953E-03   4.0166E-02   3.3242E-19   1.9066E-03
  1.0066E-14
   5.0700E+02   8.1065E-18   6.3791E-03   4.0036E-02   3.3242E-19   1.9862E-03
  1.0385E-14
   5.0800E+02   8.1065E-18   7.1703E-03   4.0645E-02   3.3242E-19   2.2070E-03
  1.1203E-14
   5.0900E+02   8.1065E-18   7.8117E-03   4.1377E-02   3.3242E-19   2.4132E-03
  1.1937E-14
   5.1000E+02   8.1065E-18   8.1242E-03   4.1891E-02   3.3242E-19   2.5322E-03
  1.2356E-14
   5.1100E+02   8.1065E-18   8.1364E-03   4.2066E-02   3.3242E-19   2.5551E-03
  1.2430E-14
   5.1200E+02   8.1065E-18   8.2920E-03   4.2217E-02   3.3242E-19   2.5985E-03
  1.2553E-14
   5.1300E+02   8.1065E-18   8.8359E-03   4.2673E-02   3.3242E-19   2.7477E-03
  1.3026E-14
   5.1400E+02   8.1065E-18   9.9221E-03   4.3667E-02   3.3242E-19   3.0575E-03
  1.4001E-14
   5.1500E+02   8.1065E-18   1.1566E-02   4.5337E-02   3.3242E-19   3.5476E-03
  1.5511E-14
   5.1600E+02   8.1065E-18   1.3220E-02   4.7316E-02   3.3242E-19   4.0768E-03
  1.7084E-14
   5.1700E+02   8.1065E-18   1.4491E-02   4.9106E-02   3.3242E-19   4.5133E-03
  1.8317E-14
   5.1800E+02   8.1065E-18   1.5180E-02   5.0360E-02   3.3242E-19   4.7806E-03
  1.9035E-14
   5.1900E+02   8.1065E-18   1.5335E-02   5.0947E-02   3.3242E-19   4.8724E-03
  1.9250E-14
   5.2000E+02   8.1065E-18   1.5310E-02   5.1127E-02   3.3242E-19   4.8841E-03
  1.9251E-14
   5.2100E+02   8.1065E-18   1.5246E-02   5.1134E-02   3.3242E-19   4.8703E-03
  1.9200E-14
   5.2200E+02   8.1065E-18   1.5176E-02   5.1081E-02   3.3242E-19   4.8500E-03
  1.9140E-14
   5.2300E+02   8.1065E-18   1.4990E-02   5.0925E-02   3.3242E-19   4.7986E-03
  1.9007E-14
   5.2400E+02   8.1065E-18   1.4487E-02   5.0474E-02   3.3242E-19   4.6568E-03
  1.8630E-14
   5.2500E+02   8.1065E-18   1.3615E-02   4.9595E-02   3.3242E-19   4.3990E-03
  1.7926E-14
   5.2600E+02   8.1065E-18   1.2434E-02   4.8304E-02   3.3242E-19   4.0379E-03
  1.6914E-14
   5.2700E+02   8.1065E-18   1.1399E-02   4.6931E-02   3.3242E-19   3.6921E-03
  1.5897E-14
   5.2800E+02   8.1065E-18   1.1102E-02   4.6156E-02   3.3242E-19   3.5481E-03
  1.5464E-14
   5.2900E+02   8.1065E-18   1.1722E-02   4.6335E-02   3.3242E-19   3.6810E-03
  1.5858E-14
   5.3000E+02   8.1065E-18   1.3475E-02   4.7781E-02   3.3242E-19   4.1646E-03
  1.7258E-14
   5.3100E+02   8.1065E-18   1.5342E-02   5.0004E-02   3.3242E-19   4.7641E-03
  1.8990E-14
   5.3200E+02   8.1065E-18   1.5440E-02   5.1055E-02   3.3242E-19   4.9092E-03
  1.9418E-14
   5.3300E+02   8.1065E-18   1.3405E-02   4.9793E-02   3.3242E-19   4.3966E-03
  1.7996E-14
   5.3400E+02   8.1065E-18   1.0074E-02   4.6544E-02   3.3242E-19   3.4164E-03
  1.5110E-14
   5.3500E+02   8.1065E-18   7.1932E-03   4.2939E-02   3.3242E-19   2.4729E-03
  1.2055E-14
   5.3600E+02   8.1065E-18   5.4488E-03   4.0296E-02   3.3242E-19   1.8495E-03
  9.8748E-15
   5.3700E+02   8.1065E-18   4.5793E-03   3.8721E-02   3.3242E-19   1.5113E-03
  8.6189E-15
   5.3800E+02   8.1065E-18   4.3405E-03   3.8000E-02   3.3242E-19   1.3869E-03
  8.1441E-15
   5.3900E+02   8.1065E-18   4.4143E-03   3.7828E-02   3.3242E-19   1.3836E-03
  8.1505E-15
   5.4000E+02   8.1065E-18   4.5632E-03   3.7890E-02   3.3242E-19   1.4204E-03
  8.3065E-15
   5.4100E+02   8.1065E-18   4.7208E-03   3.8032E-02   3.3242E-19   1.4670E-03
  8.4953E-15
   5.4200E+02   8.1065E-18   4.8619E-03   3.8189E-02   3.3242E-19   1.5117E-03
  8.6736E-15
   5.4300E+02   8.1065E-18   4.9378E-03   3.8306E-02   3.3242E-19   1.5396E-03
  8.7886E-15
   5.4400E+02   8.1065E-18   4.9056E-03   3.8324E-02   3.3242E-19   1.5364E-03
  8.7804E-15
   5.4500E+02   8.1065E-18   4.7612E-03   3.8222E-02   3.3242E-19   1.4986E-03
  8.6354E-15
   5.4600E+02   8.1065E-18   4.5307E-03   3.8008E-02   3.3242E-19   1.4319E-03
  8.3707E-15
   5.4700E+02   8.1065E-18   4.3343E-03   3.7776E-02   3.3242E-19   1.3687E-03
  8.1097E-15
   5.4800E+02   8.1065E-18   4.2442E-03   3.7625E-02   3.3242E-19   1.3342E-03
  7.9646E-15
   5.4900E+02   8.1065E-18   4.2743E-03   3.7594E-02   3.3242E-19   1.3356E-03
  7.9662E-15
   5.5000E+02   8.1065E-18   4.4551E-03   3.7713E-02   3.3242E-19   1.3818E-03
  8.1451E-15
   5.5100E+02   8.1065E-18   4.9277E-03   3.8095E-02   3.3242E-19   1.5108E-03
  8.6398E-15
   5.5200E+02   8.1065E-18   5.8720E-03   3.8924E-02   3.3242E-19   1.7768E-03
  9.6316E-15
   5.5300E+02   8.1065E-18   7.5600E-03   4.0470E-02   3.3242E-19   2.2598E-03
  1.1330E-14
   5.5400E+02   8.1065E-18   1.0324E-02   4.3137E-02   3.3242E-19   3.0675E-03
  1.3976E-14
   5.5500E+02   8.1065E-18   1.3874E-02   4.6937E-02   3.3242E-19   4.1500E-03
  1.7249E-14
   5.5600E+02   8.1065E-18   1.7822E-02   5.1588E-02   3.3242E-19   5.3996E-03
  2.0674E-14
   5.5700E+02   8.1065E-18   2.1786E-02   5.6738E-02   3.3242E-19   6.7027E-03
  2.3893E-14
   5.5800E+02   8.1065E-18   2.4993E-02   6.1685E-02   3.3242E-19   7.8385E-03
  2.6439E-14
   5.5900E+02   8.1065E-18   2.5952E-02   6.4720E-02   3.3242E-19   8.3435E-03
  2.7410E-14
   5.6000E+02   8.1065E-18   2.4144E-02   6.4408E-02   3.3242E-19   7.9636E-03
  2.6425E-14
   5.6100E+02   8.1065E-18   2.0146E-02   6.0701E-02   3.3242E-19   6.8079E-03
  2.3711E-14
   5.6200E+02   8.1065E-18   1.5566E-02   5.5110E-02   3.3242E-19   5.3397E-03
  2.0094E-14
   5.6300E+02   8.1065E-18   1.2057E-02   4.9977E-02   3.3242E-19   4.1241E-03
  1.6897E-14
   5.6400E+02   8.1065E-18   9.6651E-03   4.6145E-02   3.3242E-19   3.2634E-03
  1.4475E-14
   5.6500E+02   8.1065E-18   8.1051E-03   4.3530E-02   3.3242E-19   2.6915E-03
  1.2752E-14
   5.6600E+02   8.1065E-18   7.2102E-03   4.1891E-02   3.3242E-19   2.3486E-03
  1.1654E-14
   5.6700E+02   8.1065E-18   6.9551E-03   4.1103E-02   3.3242E-19   2.2165E-03
  1.1219E-14
   5.6800E+02   8.1065E-18   7.3395E-03   4.1106E-02   3.3242E-19   2.2893E-03
  1.1471E-14
   5.6900E+02   8.1065E-18   8.4899E-03   4.1973E-02   3.3242E-19   2.5989E-03
  1.2500E-14
   5.7000E+02   8.1065E-18   1.0215E-02   4.3669E-02   3.3242E-19   3.1100E-03
  1.4166E-14
   5.7100E+02   8.1065E-18   1.1805E-02   4.5584E-02   3.3242E-19   3.6226E-03
  1.5766E-14
   5.7200E+02   8.1065E-18   1.2855E-02   4.7162E-02   3.3242E-19   3.9967E-03
  1.6880E-14
   5.7300E+02   8.1065E-18   1.3160E-02   4.8006E-02   3.3242E-19   4.1487E-03
  1.7311E-14
   5.7400E+02   8.1065E-18   1.3074E-02   4.8202E-02   3.3242E-19   4.1517E-03
  1.7283E-14
   5.7500E+02   8.1065E-18   1.3093E-02   4.8261E-02   3.3242E-19   4.1577E-03
  1.7276E-14
   5.7600E+02   8.1065E-18   1.3364E-02   4.8497E-02   3.3242E-19   4.2313E-03
  1.7474E-14
   5.7700E+02   8.1065E-18   1.3921E-02   4.9032E-02   3.3242E-19   4.3923E-03
  1.7920E-14
   5.7800E+02   8.1065E-18   1.4659E-02   4.9840E-02   3.3242E-19   4.6183E-03
  1.8545E-14
   5.7900E+02   8.1065E-18   1.5442E-02   5.0793E-02   3.3242E-19   4.8689E-03
  1.9222E-14
   5.8000E+02   8.1065E-18   1.6223E-02   5.1801E-02   3.3242E-19   5.1246E-03
  1.9891E-14
   5.8100E+02   8.1065E-18   1.6987E-02   5.2819E-02   3.3242E-19   5.3774E-03
  2.0535E-14
   5.8200E+02   8.1065E-18   1.7717E-02   5.3822E-02   3.3242E-19   5.6216E-03
  2.1142E-14
   5.8300E+02   8.1065E-18   1.8397E-02   5.4782E-02   3.3242E-19   5.8514E-03
  2.1701E-14
   5.8400E+02   8.1065E-18   1.9016E-02   5.5680E-02   3.3242E-19   6.0628E-03
  2.2205E-14
   5.8500E+02   8.1065E-18   1.9601E-02   5.6521E-02   3.3242E-19   6.2610E-03
  2.2665E-14
   5.8600E+02   8.1065E-18   2.0398E-02   5.7504E-02   3.3242E-19   6.5128E-03
  2.3244E-14
   5.8700E+02   8.1065E-18   2.1614E-02   5.8916E-02   3.3242E-19   6.8888E-03
  2.4109E-14
   5.8800E+02   8.1065E-18   2.3367E-02   6.0981E-02   3.3242E-19   7.4351E-03
  2.5339E-14
   5.8900E+02   8.1065E-18   2.5724E-02   6.3880E-02   3.3242E-19   8.1834E-03
  2.6963E-14
   5.9000E+02   8.1065E-18   2.8426E-02   6.7527E-02   3.3242E-19   9.0748E-03
  2.8795E-14
   5.9100E+02   8.1065E-18   3.1280E-02   7.1689E-02   3.3242E-19   1.0044E-02
  3.0653E-14
   5.9200E+02   8.1065E-18   3.4212E-02   7.6235E-02   3.3242E-19   1.1063E-02
  3.2477E-14
   5.9300E+02   8.1065E-18   3.6764E-02   8.0803E-02   3.3242E-19   1.2008E-02
  3.4062E-14
   5.9400E+02   8.1065E-18   3.6929E-02   8.3212E-02   3.3242E-19   1.2277E-02
  3.4350E-14
   5.9500E+02   8.1065E-18   3.4098E-02   8.1615E-02   3.3242E-19   1.1561E-02
  3.2875E-14
   5.9600E+02   8.1065E-18   2.8820E-02   7.5793E-02   3.3242E-19   9.9470E-03
  2.9745E-14
   5.9700E+02   8.1065E-18   2.2974E-02   6.7572E-02   3.3242E-19   7.9812E-03
  2.5751E-14
   5.9800E+02   8.1065E-18   1.9309E-02   6.0824E-02   3.3242E-19   6.5865E-03
  2.2801E-14
   5.9900E+02   8.1065E-18   1.8062E-02   5.7060E-02   3.3242E-19   5.9680E-03
  2.1548E-14
   6.0000E+02   8.1065E-18   1.9177E-02   5.6472E-02   3.3242E-19   6.1293E-03
  2.2116E-14
   6.0100E+02   8.1065E-18   2.2012E-02   5.8820E-02   3.3242E-19   6.9309E-03
  2.4193E-14
   6.0200E+02   8.1065E-18   2.3536E-02   6.1350E-02   3.3242E-19   7.5108E-03
  2.5588E-14
   6.0300E+02   8.1065E-18   2.2400E-02   6.1479E-02   3.3242E-19   7.3224E-03
  2.5096E-14
   6.0400E+02   8.1065E-18   1.8888E-02   5.8448E-02   3.3242E-19   6.3382E-03
  2.2711E-14
   6.0500E+02   8.1065E-18   1.4930E-02   5.3639E-02   3.3242E-19   5.0684E-03
  1.9464E-14
   6.0600E+02   8.1065E-18   1.2608E-02   4.9810E-02   3.3242E-19   4.2110E-03
  1.7181E-14
   6.0700E+02   8.1065E-18   1.2012E-02   4.7883E-02   3.3242E-19   3.8892E-03
  1.6339E-14
   6.0800E+02   8.1065E-18   1.3170E-02   4.8063E-02   3.3242E-19   4.1260E-03
  1.7065E-14
   6.0900E+02   8.1065E-18   1.5246E-02   4.9968E-02   3.3242E-19   4.7314E-03
  1.8848E-14
   6.1000E+02   8.1065E-18   1.6021E-02   5.1484E-02   3.3242E-19   5.0571E-03
  1.9788E-14
   6.1100E+02   8.1065E-18   1.4738E-02   5.1046E-02   3.3242E-19   4.7787E-03
  1.9036E-14
   6.1200E+02   8.1065E-18   1.1844E-02   4.8466E-02   3.3242E-19   3.9569E-03
  1.6708E-14
   6.1300E+02   8.1065E-18   9.0503E-03   4.5107E-02   3.3242E-19   3.0580E-03
  1.3947E-14
   6.1400E+02   8.1065E-18   7.4477E-03   4.2600E-02   3.3242E-19   2.4755E-03
  1.2058E-14
   6.1500E+02   8.1065E-18   6.9438E-03   4.1316E-02   3.3242E-19   2.2368E-03
  1.1263E-14
   6.1600E+02   8.1065E-18   7.4537E-03   4.1248E-02   3.3242E-19   2.3232E-03
  1.1567E-14
   6.1700E+02   8.1065E-18   8.3233E-03   4.1978E-02   3.3242E-19   2.5709E-03
  1.2450E-14
   6.1800E+02   8.1065E-18   8.6059E-03   4.2512E-02   3.3242E-19   2.6905E-03
  1.2892E-14
   6.1900E+02   8.1065E-18   8.0216E-03   4.2261E-02   3.3242E-19   2.5592E-03
  1.2482E-14
   6.2000E+02   8.1065E-18   6.7619E-03   4.1168E-02   3.3242E-19   2.2046E-03
  1.1267E-14
   6.2100E+02   8.1065E-18   5.7629E-03   3.9933E-02   3.3242E-19   1.8760E-03
  1.0042E-14
   6.2200E+02   8.1065E-18   5.5810E-03   3.9332E-02   3.3242E-19   1.7693E-03
  9.6186E-15
   6.2300E+02   8.1065E-18   6.4235E-03   3.9732E-02   3.3242E-19   1.9654E-03
  1.0301E-14
   6.2400E+02   8.1065E-18   8.7592E-03   4.1623E-02   3.3242E-19   2.6046E-03
  1.2459E-14
   6.2500E+02   8.1065E-18   1.1836E-02   4.4821E-02   3.3242E-19   3.5363E-03
  1.5460E-14
   6.2600E+02   8.1065E-18   1.4066E-02   4.7895E-02   3.3242E-19   4.3026E-03
  1.7772E-14
   6.2700E+02   8.1065E-18   1.4456E-02   4.9437E-02   3.3242E-19   4.5544E-03
  1.8497E-14
   6.2800E+02   8.1065E-18   1.3012E-02   4.8806E-02   3.3242E-19   4.2172E-03
  1.7509E-14
   6.2900E+02   8.1065E-18   1.1268E-02   4.7039E-02   3.3242E-19   3.6893E-03
  1.5918E-14
   6.3000E+02   8.1065E-18   9.9788E-03   4.5334E-02   3.3242E-19   3.2546E-03
  1.4594E-14
   6.3100E+02   8.1065E-18   9.1894E-03   4.4089E-02   3.3242E-19   2.9675E-03
  1.3707E-14
   6.3200E+02   8.1065E-18   8.8770E-03   4.3388E-02   3.3242E-19   2.8311E-03
  1.3279E-14
   6.3300E+02   8.1065E-18   9.1500E-03   4.3331E-02   3.3242E-19   2.8745E-03
  1.3415E-14
   6.3400E+02   8.1065E-18   1.0182E-02   4.4093E-02   3.3242E-19   3.1493E-03
  1.4271E-14
   6.3500E+02   8.1065E-18   1.2254E-02   4.5963E-02   3.3242E-19   3.7389E-03
  1.6036E-14
   6.3600E+02   8.1065E-18   1.5393E-02   4.9230E-02   3.3242E-19   4.6842E-03
  1.8748E-14
   6.3700E+02   8.1065E-18   1.7523E-02   5.2428E-02   3.3242E-19   5.4438E-03
  2.0832E-14
   6.3800E+02   8.1065E-18   1.7180E-02   5.3468E-02   3.3242E-19   5.5028E-03
  2.0963E-14
   6.3900E+02   8.1065E-18   1.4438E-02   5.1574E-02   3.3242E-19   4.7852E-03
  1.9013E-14
   6.4000E+02   8.1065E-18   1.0983E-02   4.7824E-02   3.3242E-19   3.7197E-03
  1.5926E-14
   6.4100E+02   8.1065E-18   9.0713E-03   4.4812E-02   3.3242E-19   3.0195E-03
  1.3773E-14
   6.4200E+02   8.1065E-18   8.9457E-03   4.3599E-02   3.3242E-19   2.8558E-03
  1.3266E-14
   6.4300E+02   8.1065E-18   1.0959E-02   4.4661E-02   3.3242E-19   3.3419E-03
  1.4759E-14
   6.4400E+02   8.1065E-18   1.5105E-02   4.8458E-02   3.3242E-19   4.5347E-03
  1.8293E-14
   6.4500E+02   8.1065E-18   1.8115E-02   5.2654E-02   3.3242E-19   5.5762E-03
  2.1195E-14
   6.4600E+02   8.1065E-18   1.7757E-02   5.4135E-02   3.3242E-19   5.6877E-03
  2.1471E-14
   6.4700E+02   8.1065E-18   1.4212E-02   5.1695E-02   3.3242E-19   4.7614E-03
  1.8958E-14
   6.4800E+02   8.1065E-18   1.0066E-02   4.7126E-02   3.3242E-19   3.4736E-03
  1.5179E-14
   6.4900E+02   8.1065E-18   7.3708E-03   4.3255E-02   3.3242E-19   2.5332E-03
  1.2200E-14
   6.5000E+02   8.1065E-18   5.9602E-03   4.0797E-02   3.3242E-19   1.9953E-03
  1.0386E-14
   6.5100E+02   8.1065E-18   5.4821E-03   3.9573E-02   3.3242E-19   1.7707E-03
  9.6002E-15
   6.5200E+02   8.1065E-18   5.7570E-03   3.9353E-02   3.3242E-19   1.7983E-03
  9.7126E-15
   6.5300E+02   8.1065E-18   6.8126E-03   4.0060E-02   3.3242E-19   2.0732E-03
  1.0691E-14
   6.5400E+02   8.1065E-18   9.0331E-03   4.1962E-02   3.3242E-19   2.6944E-03
  1.2761E-14
   6.5500E+02   8.1065E-18   1.3337E-02   4.5911E-02   3.3242E-19   3.9255E-03
  1.6504E-14
   6.5600E+02   8.1065E-18   1.9729E-02   5.2644E-02   3.3242E-19   5.8578E-03
  2.1809E-14
   6.5700E+02   8.1065E-18   2.6155E-02   6.0947E-02   3.3242E-19   7.9719E-03
  2.6849E-14
   6.5800E+02   8.1065E-18   3.0542E-02   6.8515E-02   3.3242E-19   9.6122E-03
  3.0170E-14
   6.5900E+02   8.1065E-18   3.1552E-02   7.2795E-02   3.3242E-19   1.0247E-02
  3.1136E-14
   6.6000E+02   8.1065E-18   3.0520E-02   7.3435E-02   3.3242E-19   1.0091E-02
  3.0537E-14
   6.6100E+02   8.1065E-18   2.9150E-02   7.2324E-02   3.3242E-19   9.6910E-03
  2.9628E-14
   6.6200E+02   8.1065E-18   2.7794E-02   7.0571E-02   3.3242E-19   9.2405E-03
  2.8714E-14
   6.6300E+02   8.1065E-18   2.6578E-02   6.8696E-02   3.3242E-19   8.8128E-03
  2.7872E-14
   6.6400E+02   8.1065E-18   2.6175E-02   6.7454E-02   3.3242E-19   8.6062E-03
  2.7489E-14
   6.6500E+02   8.1065E-18   2.7189E-02   6.7785E-02   3.3242E-19   8.8335E-03
  2.8032E-14
   6.6600E+02   8.1065E-18   2.9954E-02   7.0369E-02   3.3242E-19   9.6271E-03
  2.9700E-14
   6.6700E+02   8.1065E-18   3.4736E-02   7.5930E-02   3.3242E-19   1.1111E-02
  3.2584E-14
   6.6800E+02   8.1065E-18   3.9434E-02   8.3248E-02   3.3242E-19   1.2763E-02
  3.5467E-14
   6.6900E+02   8.1065E-18   4.1954E-02   8.9304E-02   3.3242E-19   1.3852E-02
  3.7041E-14
   6.7000E+02   8.1065E-18   4.1640E-02   9.1902E-02   3.3242E-19   1.4028E-02
  3.7006E-14
   6.7100E+02   8.1065E-18   3.8839E-02   9.0126E-02   3.3242E-19   1.3280E-02
  3.5526E-14
   6.7200E+02   8.1065E-18   3.5432E-02   8.5663E-02   3.3242E-19   1.2155E-02
  3.3532E-14
   6.7300E+02   8.1065E-18   3.2289E-02   8.0530E-02   3.3242E-19   1.1034E-02
  3.1614E-14
   6.7400E+02   8.1065E-18   2.9489E-02   7.5615E-02   3.3242E-19   1.0014E-02
  2.9846E-14
   6.7500E+02   8.1065E-18   2.6911E-02   7.1147E-02   3.3242E-19   9.0861E-03
  2.8174E-14
   6.7600E+02   8.1065E-18   2.4172E-02   6.6830E-02   3.3242E-19   8.1412E-03
  2.6353E-14
   6.7700E+02   8.1065E-18   2.1190E-02   6.2416E-02   3.3242E-19   7.1337E-03
  2.4255E-14
   6.7800E+02   8.1065E-18   1.8105E-02   5.7963E-02   3.3242E-19   6.0961E-03
  2.1932E-14
   6.7900E+02   8.1065E-18   1.5183E-02   5.3710E-02   3.3242E-19   5.1039E-03
  1.9535E-14
   6.8000E+02   8.1065E-18   1.2903E-02   5.0176E-02   3.3242E-19   4.3035E-03
  1.7472E-14
   6.8100E+02   8.1065E-18   1.1281E-02   4.7532E-02   3.3242E-19   3.7198E-03
  1.5887E-14
   6.8200E+02   8.1065E-18   1.0204E-02   4.5700E-02   3.3242E-19   3.3243E-03
  1.4765E-14
   6.8300E+02   8.1065E-18   9.6082E-03   4.4555E-02   3.3242E-19   3.0913E-03
  1.4079E-14
   6.8400E+02   8.1065E-18   9.5409E-03   4.4075E-02   3.3242E-19   3.0278E-03
  1.3895E-14
   6.8500E+02   8.1065E-18   1.0055E-02   4.4290E-02   3.3242E-19   3.1480E-03
  1.4274E-14
   6.8600E+02   8.1065E-18   1.1264E-02   4.5301E-02   3.3242E-19   3.4842E-03
  1.5297E-14
   6.8700E+02   8.1065E-18   1.2735E-02   4.6937E-02   3.3242E-19   3.9427E-03
  1.6697E-14
   6.8800E+02   8.1065E-18   1.3008E-02   4.7866E-02   3.3242E-19   4.1051E-03
  1.7212E-14
   6.8900E+02   8.1065E-18   1.1651E-02   4.7143E-02   3.3242E-19   3.7784E-03
  1.6269E-14
   6.9000E+02   8.1065E-18   9.1248E-03   4.4817E-02   3.3242E-19   3.0511E-03
  1.4039E-14
   6.9100E+02   8.1065E-18   6.7479E-03   4.1984E-02   3.3242E-19   2.2875E-03
  1.1468E-14
   6.9200E+02   8.1065E-18   5.4646E-03   3.9961E-02   3.3242E-19   1.8170E-03
  9.7738E-15
   6.9300E+02   8.1065E-18   5.1943E-03   3.9046E-02   3.3242E-19   1.6612E-03
  9.1928E-15
   6.9400E+02   8.1065E-18   5.9534E-03   3.9284E-02   3.3242E-19   1.8260E-03
  9.7911E-15
   6.9500E+02   8.1065E-18   7.4760E-03   4.0583E-02   3.3242E-19   2.2554E-03
  1.1342E-14
   6.9600E+02   8.1065E-18   8.8777E-03   4.2181E-02   3.3242E-19   2.6998E-03
  1.2880E-14
   6.9700E+02   8.1065E-18   9.6291E-03   4.3367E-02   3.3242E-19   2.9773E-03
  1.3812E-14
   6.9800E+02   8.1065E-18   9.5429E-03   4.3730E-02   3.3242E-19   3.0053E-03
  1.3915E-14
   6.9900E+02   8.1065E-18   9.3873E-03   4.3655E-02   3.3242E-19   2.9641E-03
  1.3738E-14
   7.0000E+02   8.1065E-18   1.0083E-02   4.4117E-02   3.3242E-19   3.1376E-03
  1.4238E-14
   7.0100E+02   8.1065E-18   1.2205E-02   4.5892E-02   3.3242E-19   3.7210E-03
  1.5963E-14
   7.0200E+02   8.1065E-18   1.6641E-02   5.0014E-02   3.3242E-19   4.9924E-03
  1.9501E-14
   7.0300E+02   8.1065E-18   2.2509E-02   5.6668E-02   3.3242E-19   6.8189E-03
  2.4171E-14
   7.0400E+02   8.1065E-18   2.7197E-02   6.3641E-02   3.3242E-19   8.4604E-03
  2.7844E-14
   7.0500E+02   8.1065E-18   2.8960E-02   6.8309E-02   3.3242E-19   9.2922E-03
  2.9398E-14
   7.0600E+02   8.1065E-18   2.7331E-02   6.8809E-02   3.3242E-19   9.0269E-03
  2.8602E-14
   7.0700E+02   8.1065E-18   2.3979E-02   6.5800E-02   3.3242E-19   8.0566E-03
  2.6380E-14
   7.0800E+02   8.1065E-18   2.0219E-02   6.1156E-02   3.3242E-19   6.8456E-03
  2.3658E-14
   7.0900E+02   8.1065E-18   1.6501E-02   5.6090E-02   3.3242E-19   5.6070E-03
  2.0748E-14
   7.1000E+02   8.1065E-18   1.3118E-02   5.1275E-02   3.3242E-19   4.4604E-03
  1.7836E-14
   7.1100E+02   8.1065E-18   1.0658E-02   4.7419E-02   3.3242E-19   3.5864E-03
  1.5433E-14
   7.1200E+02   8.1065E-18   9.1752E-03   4.4823E-02   3.3242E-19   3.0312E-03
  1.3818E-14
   7.1300E+02   8.1065E-18   8.4786E-03   4.3336E-02   3.3242E-19   2.7426E-03
  1.2950E-14
   7.1400E+02   8.1065E-18   8.4656E-03   4.2783E-02   3.3242E-19   2.6823E-03
  1.2778E-14
   7.1500E+02   8.1065E-18   9.1948E-03   4.3132E-02   3.3242E-19   2.8577E-03
  1.3346E-14
   7.1600E+02   8.1065E-18   1.0903E-02   4.4559E-02   3.3242E-19   3.3321E-03
  1.4815E-14
   7.1700E+02   8.1065E-18   1.4115E-02   4.7557E-02   3.3242E-19   4.2567E-03
  1.7500E-14
   7.1800E+02   8.1065E-18   1.9079E-02   5.2796E-02   3.3242E-19   5.7568E-03
  2.1558E-14
   7.1900E+02   8.1065E-18   2.2551E-02   5.8139E-02   3.3242E-19   7.0044E-03
  2.4662E-14
   7.2000E+02   8.1065E-18   2.1968E-02   5.9960E-02   3.3242E-19   7.1043E-03
  2.4791E-14
   7.2100E+02   8.1065E-18   1.7625E-02   5.6881E-02   3.3242E-19   5.9551E-03
  2.1887E-14
   7.2200E+02   8.1065E-18   1.2219E-02   5.0852E-02   3.3242E-19   4.2739E-03
  1.7360E-14
   7.2300E+02   8.1065E-18   8.4726E-03   4.5458E-02   3.3242E-19   2.9724E-03
  1.3518E-14
   7.2400E+02   8.1065E-18   6.3242E-03   4.1851E-02   3.3242E-19   2.1733E-03
  1.0953E-14
   7.2500E+02   8.1065E-18   5.2432E-03   3.9766E-02   3.3242E-19   1.7443E-03
  9.4752E-15
   7.2600E+02   8.1065E-18   4.8091E-03   3.8730E-02   3.3242E-19   1.5527E-03
  8.7931E-15
   7.2700E+02   8.1065E-18   4.6490E-03   3.8262E-02   3.3242E-19   1.4747E-03
  8.5132E-15
   7.2800E+02   8.1065E-18   4.6322E-03   3.8088E-02   3.3242E-19   1.4548E-03
  8.4418E-15
   7.2900E+02   8.1065E-18   4.7274E-03   3.8098E-02   3.3242E-19   1.4748E-03
  8.5215E-15
   7.3000E+02   8.1065E-18   4.9761E-03   3.8281E-02   3.3242E-19   1.5415E-03
  8.7754E-15
   7.3100E+02   8.1065E-18   5.4987E-03   3.8728E-02   3.3242E-19   1.6876E-03
  9.3227E-15
   7.3200E+02   8.1065E-18   6.4219E-03   3.9572E-02   3.3242E-19   1.9519E-03
  1.0283E-14
   7.3300E+02   8.1065E-18   7.9311E-03   4.1003E-02   3.3242E-19   2.3899E-03
  1.1795E-14
   7.3400E+02   8.1065E-18   1.0315E-02   4.3326E-02   3.3242E-19   3.0884E-03
  1.4053E-14
   7.3500E+02   8.1065E-18   1.4007E-02   4.7031E-02   3.3242E-19   4.1815E-03
  1.7299E-14
   7.3600E+02   8.1065E-18   1.9788E-02   5.3029E-02   3.3242E-19   5.9103E-03
  2.1894E-14
   7.3700E+02   8.1065E-18   2.8918E-02   6.3049E-02   3.3242E-19   8.6923E-03
  2.8299E-14
   7.3800E+02   8.1065E-18   3.9685E-02   7.7619E-02   3.3242E-19   1.2271E-02
  3.5241E-14
   7.3900E+02   8.1065E-18   4.6295E-02   9.1529E-02   3.3242E-19   1.4968E-02
  3.9331E-14
   7.4000E+02   8.1065E-18   4.5581E-02   9.7740E-02   3.3242E-19   1.5421E-02
  3.9323E-14
   7.4100E+02   8.1065E-18   3.8398E-02   9.2908E-02   3.3242E-19   1.3489E-02
  3.5650E-14
   7.4200E+02   8.1065E-18   3.0532E-02   8.1982E-02   3.3242E-19   1.0826E-02
  3.0831E-14
   7.4300E+02   8.1065E-18   2.5140E-02   7.1978E-02   3.3242E-19   8.7783E-03
  2.7099E-14
   7.4400E+02   8.1065E-18   2.1958E-02   6.4957E-02   3.3242E-19   7.4801E-03
  2.4688E-14
   7.4500E+02   8.1065E-18   2.0459E-02   6.0840E-02   3.3242E-19   6.8012E-03
  2.3448E-14
   7.4600E+02   8.1065E-18   1.9803E-02   5.8704E-02   3.3242E-19   6.4819E-03
  2.2910E-14
   7.4700E+02   8.1065E-18   1.9432E-02   5.7573E-02   3.3242E-19   6.3124E-03
  2.2621E-14
   7.4800E+02   8.1065E-18   1.9203E-02   5.6933E-02   3.3242E-19   6.2124E-03
  2.2439E-14
   7.4900E+02   8.1065E-18   1.9065E-02   5.6570E-02   3.3242E-19   6.1541E-03
  2.2330E-14
   7.5000E+02   8.1065E-18   1.8806E-02   5.6232E-02   3.3242E-19   6.0738E-03
  2.2158E-14
   7.5100E+02   8.1065E-18   1.8262E-02   5.5652E-02   3.3242E-19   5.9125E-03
  2.1770E-14
   7.5200E+02   8.1065E-18   1.7432E-02   5.4728E-02   3.3242E-19   5.6591E-03
  2.1144E-14
   7.5300E+02   8.1065E-18   1.6439E-02   5.3509E-02   3.3242E-19   5.3419E-03
  2.0339E-14
   7.5400E+02   8.1065E-18   1.5856E-02   5.2506E-02   3.3242E-19   5.1222E-03
  1.9770E-14
   7.5500E+02   8.1065E-18   1.6006E-02   5.2215E-02   3.3242E-19   5.1171E-03
  1.9774E-14
   7.5600E+02   8.1065E-18   1.7017E-02   5.2923E-02   3.3242E-19   5.3825E-03
  2.0480E-14
   7.5700E+02   8.1065E-18   1.8840E-02   5.4743E-02   3.3242E-19   5.9220E-03
  2.1871E-14
   7.5800E+02   8.1065E-18   2.0413E-02   5.6888E-02   3.3242E-19   6.4539E-03
  2.3189E-14
   7.5900E+02   8.1065E-18   2.1032E-02   5.8328E-02   3.3242E-19   6.7285E-03
  2.3810E-14
   7.6000E+02   8.1065E-18   2.0496E-02   5.8455E-02   3.3242E-19   6.6415E-03
  2.3550E-14
   7.6100E+02   8.1065E-18   1.9177E-02   5.7306E-02   3.3242E-19   6.2657E-03
  2.2590E-14
   7.6200E+02   8.1065E-18   1.8300E-02   5.6018E-02   3.3242E-19   5.9551E-03
  2.1807E-14
   7.6300E+02   8.1065E-18   1.8301E-02   5.5473E-02   3.3242E-19   5.8926E-03
  2.1673E-14
   7.6400E+02   8.1065E-18   1.9328E-02   5.6109E-02   3.3242E-19   6.1522E-03
  2.2339E-14
   7.6500E+02   8.1065E-18   2.1242E-02   5.8019E-02   3.3242E-19   6.7182E-03
  2.3732E-14
   7.6600E+02   8.1065E-18   2.3211E-02   6.0555E-02   3.3242E-19   7.3636E-03
  2.5230E-14
   7.6700E+02   8.1065E-18   2.4781E-02   6.2990E-02   3.3242E-19   7.9194E-03
  2.6424E-14
   7.6800E+02   8.1065E-18   2.5784E-02   6.4895E-02   3.3242E-19   8.3077E-03
  2.7195E-14
   7.6900E+02   8.1065E-18   2.6139E-02   6.6016E-02   3.3242E-19   8.4880E-03
  2.7504E-14
