-5.000000000000000000e+01 2.199410497348577853e-01
-4.900000000000000000e+01 2.178523544190127115e-01
-4.800000000000000000e+01 2.219874916528666031e-01
-4.700000000000000000e+01 2.336204081181740833e-01
-4.600000000000000000e+01 2.515872590734316017e-01
-4.500000000000000000e+01 2.537294828186803519e-01
-4.400000000000000000e+01 2.479044161179627948e-01
-4.300000000000000000e+01 2.484676954677359773e-01
-4.200000000000000000e+01 2.470744971829220704e-01
-4.100000000000000000e+01 2.410681904858026914e-01
-4.000000000000000000e+01 2.387165648202686230e-01
-3.900000000000000000e+01 2.442207996141597115e-01
-3.800000000000000000e+01 2.461395852243994653e-01
-3.700000000000000000e+01 2.444809218061227418e-01
-3.600000000000000000e+01 2.430879245308255054e-01
-3.500000000000000000e+01 2.507157962659050110e-01
-3.400000000000000000e+01 2.690870240997129126e-01
-3.300000000000000000e+01 2.802114015916946643e-01
-3.200000000000000000e+01 2.822173016970281334e-01
-3.100000000000000000e+01 2.854843314961008627e-01
-3.000000000000000000e+01 2.843457914614822557e-01
-2.900000000000000000e+01 2.874841828517408771e-01
-2.800000000000000000e+01 2.904375281217397298e-01
-2.700000000000000000e+01 2.918750665646806519e-01
-2.600000000000000000e+01 3.020029011795952179e-01
-2.500000000000000000e+01 3.127823270859103610e-01
-2.400000000000000000e+01 3.270256758640360806e-01
-2.300000000000000000e+01 3.342826623966693167e-01
-2.200000000000000000e+01 3.410648707280898306e-01
-2.100000000000000000e+01 3.412139283274963630e-01
-2.000000000000000000e+01 3.339678668359971070e-01
-1.900000000000000000e+01 3.262058181835464366e-01
-1.800000000000000000e+01 3.328392983292149387e-01
-1.700000000000000000e+01 3.482280702125432059e-01
-1.600000000000000000e+01 3.545217676745208157e-01
-1.500000000000000000e+01 3.606661315498286835e-01
-1.400000000000000000e+01 3.626418128174541122e-01
-1.300000000000000000e+01 3.646898299719142922e-01
-1.200000000000000000e+01 3.739556233073876856e-01
-1.100000000000000000e+01 3.834456430992760345e-01
-1.000000000000000000e+01 3.990209567974543625e-01
-9.000000000000000000e+00 4.223284581065662735e-01
-8.000000000000000000e+00 4.513128312316582180e-01
-7.000000000000000000e+00 4.662669118469387475e-01
-6.000000000000000000e+00 4.670235561122991208e-01
-5.000000000000000000e+00 4.895167084056405993e-01
-4.000000000000000000e+00 5.314996584714813954e-01
-3.000000000000000000e+00 5.736848401569384359e-01
-2.000000000000000000e+00 6.349603020886769311e-01
-1.000000000000000000e+00 8.034166171852384908e-01
0.000000000000000000e+00 9.393257479593244419e-01
1.000000000000000000e+00 7.942069918727339140e-01
2.000000000000000000e+00 6.313319539299215855e-01
3.000000000000000000e+00 5.748541927538401985e-01
4.000000000000000000e+00 5.354305944943871243e-01
5.000000000000000000e+00 4.957003764713991956e-01
6.000000000000000000e+00 4.744875183479596581e-01
7.000000000000000000e+00 4.735925449734907366e-01
8.000000000000000000e+00 4.599573335486897285e-01
9.000000000000000000e+00 4.291581053717220540e-01
1.000000000000000000e+01 4.047234450730150535e-01
1.100000000000000000e+01 3.950697850536808442e-01
1.200000000000000000e+01 3.891538709618805325e-01
1.300000000000000000e+01 3.792602432395644207e-01
1.400000000000000000e+01 3.729076199070886499e-01
1.500000000000000000e+01 3.671789423264660845e-01
1.600000000000000000e+01 3.596189416367715497e-01
1.700000000000000000e+01 3.541065497682451269e-01
1.800000000000000000e+01 3.412367914571082794e-01
1.900000000000000000e+01 3.370970174262167274e-01
2.000000000000000000e+01 3.490730802293730561e-01
2.100000000000000000e+01 3.517051066308139462e-01
2.200000000000000000e+01 3.480814395745744361e-01
2.300000000000000000e+01 3.428406456217345522e-01
2.400000000000000000e+01 3.328077257172860626e-01
2.500000000000000000e+01 3.188070809466324040e-01
2.600000000000000000e+01 3.054045328356931877e-01
2.700000000000000000e+01 2.939560508649318171e-01
2.800000000000000000e+01 2.921652981247779834e-01
2.900000000000000000e+01 2.909100823883443154e-01
3.000000000000000000e+01 2.907780703352431662e-01
3.100000000000000000e+01 2.887036118558044540e-01
3.200000000000000000e+01 2.791822193875211355e-01
3.300000000000000000e+01 2.706860789958516200e-01
3.400000000000000000e+01 2.571525268728643843e-01
3.500000000000000000e+01 2.436515743909254128e-01
3.600000000000000000e+01 2.340020776764548949e-01
3.700000000000000000e+01 2.375957910513563642e-01
3.800000000000000000e+01 2.442527539873979858e-01
3.900000000000000000e+01 2.453397307594822607e-01
4.000000000000000000e+01 2.386688975454348827e-01
4.100000000000000000e+01 2.377571350011742080e-01
4.200000000000000000e+01 2.407328374032920715e-01
4.300000000000000000e+01 2.414160293436035942e-01
4.400000000000000000e+01 2.419024133993858683e-01
4.500000000000000000e+01 2.432104807402357682e-01
4.600000000000000000e+01 2.380679716581248773e-01
4.700000000000000000e+01 2.178442762161003354e-01
4.800000000000000000e+01 2.039485585718913974e-01
4.900000000000000000e+01 2.022285471612789154e-01
5.000000000000000000e+01 2.058809046990771607e-01
-5.000000000000000000e+01 2.135063222565310725e-01
-4.900000000000000000e+01 2.084379333080460250e-01
-4.800000000000000000e+01 2.116284628654035438e-01
-4.700000000000000000e+01 2.299956718851098036e-01
-4.600000000000000000e+01 2.531897447281110103e-01
-4.500000000000000000e+01 2.569639822980740451e-01
-4.400000000000000000e+01 2.522657978790619482e-01
-4.300000000000000000e+01 2.505881793475658315e-01
-4.200000000000000000e+01 2.482842470332151663e-01
-4.100000000000000000e+01 2.464170848395451086e-01
-4.000000000000000000e+01 2.509231023686657180e-01
-3.900000000000000000e+01 2.566491394421552275e-01
-3.800000000000000000e+01 2.546808173157035227e-01
-3.700000000000000000e+01 2.456323775806940335e-01
-3.600000000000000000e+01 2.398363571269349348e-01
-3.500000000000000000e+01 2.518144547442368042e-01
-3.400000000000000000e+01 2.709959876864977968e-01
-3.300000000000000000e+01 2.793656455177635500e-01
-3.200000000000000000e+01 2.837066508846736168e-01
-3.100000000000000000e+01 2.894751557015033949e-01
-3.000000000000000000e+01 2.920141405013709779e-01
-2.900000000000000000e+01 2.941012954936585433e-01
-2.800000000000000000e+01 2.921995714016109025e-01
-2.700000000000000000e+01 2.982333608190380625e-01
-2.600000000000000000e+01 3.097576470444578511e-01
-2.500000000000000000e+01 3.225814956926202903e-01
-2.400000000000000000e+01 3.379992945844985108e-01
-2.300000000000000000e+01 3.466304901838943575e-01
-2.200000000000000000e+01 3.509128224390605788e-01
-2.100000000000000000e+01 3.477980511192401702e-01
-2.000000000000000000e+01 3.360969737126505152e-01
-1.900000000000000000e+01 3.256637460317843291e-01
-1.800000000000000000e+01 3.386222156787292437e-01
-1.700000000000000000e+01 3.565172455681389074e-01
-1.600000000000000000e+01 3.634323680374373366e-01
-1.500000000000000000e+01 3.683684161478553709e-01
-1.400000000000000000e+01 3.708252730289082200e-01
-1.300000000000000000e+01 3.759273530934118535e-01
-1.200000000000000000e+01 3.868700908073838818e-01
-1.100000000000000000e+01 3.925820762783919227e-01
-1.000000000000000000e+01 4.076995202225234816e-01
-9.000000000000000000e+00 4.343578765123500829e-01
-8.000000000000000000e+00 4.629131627560366669e-01
-7.000000000000000000e+00 4.722960345744184329e-01
-6.000000000000000000e+00 4.735897308163085628e-01
-5.000000000000000000e+00 5.049041259136911597e-01
-4.000000000000000000e+00 5.515867002356715787e-01
-3.000000000000000000e+00 5.935745220545338707e-01
-2.000000000000000000e+00 6.734408765742224690e-01
-1.000000000000000000e+00 8.803304994896828939e-01
0.000000000000000000e+00 9.911916697701186330e-01
1.000000000000000000e+00 7.885738299725848499e-01
2.000000000000000000e+00 6.302576214983159897e-01
3.000000000000000000e+00 5.781518928660926981e-01
4.000000000000000000e+00 5.345621216227368633e-01
5.000000000000000000e+00 4.905568704740572716e-01
6.000000000000000000e+00 4.716156486552994243e-01
7.000000000000000000e+00 4.723027219637594976e-01
8.000000000000000000e+00 4.540503563037075474e-01
9.000000000000000000e+00 4.234450919201060426e-01
1.000000000000000000e+01 3.999736652761838318e-01
1.100000000000000000e+01 3.910455669447985838e-01
1.200000000000000000e+01 3.853038579875407987e-01
1.300000000000000000e+01 3.746727124954104537e-01
1.400000000000000000e+01 3.719136710624057485e-01
1.500000000000000000e+01 3.678038957693737232e-01
1.600000000000000000e+01 3.623644840107559939e-01
1.700000000000000000e+01 3.519712865692827264e-01
1.800000000000000000e+01 3.328901964700766158e-01
1.900000000000000000e+01 3.293341401450339823e-01
2.000000000000000000e+01 3.437317848622815641e-01
2.100000000000000000e+01 3.513234810612457792e-01
2.200000000000000000e+01 3.500410147093709901e-01
2.300000000000000000e+01 3.428227177816083882e-01
2.400000000000000000e+01 3.322175471423169935e-01
2.500000000000000000e+01 3.167425986724153320e-01
2.600000000000000000e+01 3.051752980674987681e-01
2.700000000000000000e+01 2.943337415706712146e-01
2.800000000000000000e+01 2.934875951018700024e-01
2.900000000000000000e+01 2.945684889750766478e-01
3.000000000000000000e+01 2.907235403041499855e-01
3.100000000000000000e+01 2.878960943224213587e-01
3.200000000000000000e+01 2.809258143375680805e-01
3.300000000000000000e+01 2.764435103655385473e-01
3.400000000000000000e+01 2.626477131090277917e-01
3.500000000000000000e+01 2.426143335172184223e-01
3.600000000000000000e+01 2.385298097125997108e-01
3.700000000000000000e+01 2.486799070738113515e-01
3.800000000000000000e+01 2.555180359390629152e-01
3.900000000000000000e+01 2.541674721553261462e-01
4.000000000000000000e+01 2.472971005224558205e-01
4.100000000000000000e+01 2.449929964958093564e-01
4.200000000000000000e+01 2.471090674812063126e-01
4.300000000000000000e+01 2.481014791638938288e-01
4.400000000000000000e+01 2.505510962501869554e-01
4.500000000000000000e+01 2.535980197604535968e-01
4.600000000000000000e+01 2.422107170011707777e-01
4.700000000000000000e+01 2.178960564150626278e-01
4.800000000000000000e+01 2.068046942983042813e-01
4.900000000000000000e+01 2.082285582654432865e-01
5.000000000000000000e+01 2.137470445239149364e-01
-5.000000000000000000e+01 2.236068543957851762e-01
-4.900000000000000000e+01 2.225784353946407557e-01
-4.800000000000000000e+01 2.251349114403836671e-01
-4.700000000000000000e+01 2.352173184268290806e-01
-4.600000000000000000e+01 2.529199528186906742e-01
-4.500000000000000000e+01 2.582850782240587728e-01
-4.400000000000000000e+01 2.524425481723795994e-01
-4.300000000000000000e+01 2.519255594482190941e-01
-4.200000000000000000e+01 2.518084118261400550e-01
-4.100000000000000000e+01 2.462001738424646480e-01
-4.000000000000000000e+01 2.423824648298328333e-01
-3.900000000000000000e+01 2.467448174390504956e-01
-3.800000000000000000e+01 2.493306549495871993e-01
-3.700000000000000000e+01 2.481672460688913451e-01
-3.600000000000000000e+01 2.464482326931060896e-01
-3.500000000000000000e+01 2.522560904177776897e-01
-3.400000000000000000e+01 2.692745336025861302e-01
-3.300000000000000000e+01 2.833943766411554099e-01
-3.200000000000000000e+01 2.873681885998492502e-01
-3.100000000000000000e+01 2.911429908364469021e-01
-3.000000000000000000e+01 2.902053135474262358e-01
-2.900000000000000000e+01 2.927674624682380933e-01
-2.800000000000000000e+01 2.965720052019777953e-01
-2.700000000000000000e+01 2.973175332547550731e-01
-2.600000000000000000e+01 3.062210897091737216e-01
-2.500000000000000000e+01 3.167407423821159140e-01
-2.400000000000000000e+01 3.312324501339054539e-01
-2.300000000000000000e+01 3.403121238552763717e-01
-2.200000000000000000e+01 3.476761662637543049e-01
-2.100000000000000000e+01 3.501814165668367118e-01
-2.000000000000000000e+01 3.449498822017330601e-01
-1.900000000000000000e+01 3.362277851706490517e-01
-1.800000000000000000e+01 3.393575545004186567e-01
-1.700000000000000000e+01 3.541187559572108179e-01
-1.600000000000000000e+01 3.620386180471809601e-01
-1.500000000000000000e+01 3.678285879764524591e-01
-1.400000000000000000e+01 3.712131093064142129e-01
-1.300000000000000000e+01 3.729668276041819275e-01
-1.200000000000000000e+01 3.810659375107057212e-01
-1.100000000000000000e+01 3.903704044511623339e-01
-1.000000000000000000e+01 4.048387042173934858e-01
-9.000000000000000000e+00 4.279108678463359738e-01
-8.000000000000000000e+00 4.567792589816099258e-01
-7.000000000000000000e+00 4.761000521491858817e-01
-6.000000000000000000e+00 4.781194494939561279e-01
-5.000000000000000000e+00 4.957186769290054529e-01
-4.000000000000000000e+00 5.352254234212199258e-01
-3.000000000000000000e+00 5.795288323295862964e-01
-2.000000000000000000e+00 6.351102602885756454e-01
-1.000000000000000000e+00 7.832159612846464336e-01
0.000000000000000000e+00 9.467399819264397109e-01
1.000000000000000000e+00 8.493596480579479469e-01
2.000000000000000000e+00 6.710129500276943437e-01
3.000000000000000000e+00 5.957452083249393793e-01
4.000000000000000000e+00 5.551277425936589349e-01
5.000000000000000000e+00 5.137738098516952956e-01
6.000000000000000000e+00 4.875913042713638235e-01
7.000000000000000000e+00 4.843775620508390944e-01
8.000000000000000000e+00 4.739217582112554839e-01
9.000000000000000000e+00 4.453034641902516300e-01
1.000000000000000000e+01 4.186315045847014416e-01
1.100000000000000000e+01 4.053759300868822191e-01
1.200000000000000000e+01 3.981412564483181038e-01
1.300000000000000000e+01 3.880860294980921776e-01
1.400000000000000000e+01 3.812200644718727882e-01
1.500000000000000000e+01 3.757117630164512612e-01
1.600000000000000000e+01 3.686448325641475954e-01
1.700000000000000000e+01 3.627847993870804144e-01
1.800000000000000000e+01 3.511429996449007551e-01
1.900000000000000000e+01 3.435091074835626701e-01
2.000000000000000000e+01 3.539479514849369624e-01
2.100000000000000000e+01 3.595945420725854547e-01
2.200000000000000000e+01 3.563722798176746087e-01
2.300000000000000000e+01 3.518210946128225713e-01
2.400000000000000000e+01 3.427271373197264270e-01
2.500000000000000000e+01 3.285290403663427838e-01
2.600000000000000000e+01 3.144567930414461365e-01
2.700000000000000000e+01 3.020870974190386637e-01
2.800000000000000000e+01 2.979525451516498724e-01
2.900000000000000000e+01 2.966905255921644669e-01
3.000000000000000000e+01 2.959742326154553016e-01
3.100000000000000000e+01 2.953262858537644697e-01
3.200000000000000000e+01 2.864994887164150628e-01
3.300000000000000000e+01 2.776978045410929963e-01
3.400000000000000000e+01 2.648708474601360607e-01
3.500000000000000000e+01 2.517583600165591018e-01
3.600000000000000000e+01 2.405811968481179897e-01
3.700000000000000000e+01 2.407668094759369271e-01
3.800000000000000000e+01 2.466855391787390883e-01
3.900000000000000000e+01 2.498948771886620734e-01
4.000000000000000000e+01 2.443971911123644369e-01
4.100000000000000000e+01 2.420613134205087946e-01
4.200000000000000000e+01 2.456861853753429803e-01
4.300000000000000000e+01 2.477837879073582772e-01
4.400000000000000000e+01 2.477745532928972427e-01
4.500000000000000000e+01 2.495864849954514963e-01
4.600000000000000000e+01 2.473987809661765402e-01
4.700000000000000000e+01 2.291056242087486927e-01
4.800000000000000000e+01 2.120331385773089328e-01
4.900000000000000000e+01 2.073988810068730093e-01
5.000000000000000000e+01 2.099730090218904777e-01
