0 769.
 -43.0258512
 -43.9468853
 -44.8679193
 -45.7889534
 -46.7099874
 -47.6310216
 -48.5520556
 -49.4730896
 -50.3941236
 -51.315158
 -52.236192
 -53.157226
 -54.07826
 -54.999294
 -55.9203279
 -56.8413619
 -57.7623959
 -58.6834299
 -59.6044648
 -60.5254978
 -61.4465328
 -62.3675658
 -63.2886007
 -64.2096338
 -65.1306687
 -66.0517017
 -66.9727367
 -67.8937697
 -68.8148046
 -69.7358377
 -70.6568726
 -71.5779056
 -72.4989405
 -73.4199736
 -74.3410085
 -5.20941826
 -6.26912192
 -7.34980947
 -8.47541712
 -9.66037817
 -10.9072612
 -12.2087921
 -13.5545365
 -14.932659
 -16.3348109
 -17.752816
 -19.1827682
 -20.6203909
 -22.0650619
 -23.5461279
 -25.0968235
 -26.9315692
 -122.409144
 -123.568569
 -124.79687
 -126.01915
 -127.269612
 -128.577488
 -129.965695
 -131.412075
 -133.026238
 -134.659521
 -136.728173
 -138.7857
 -141.609962
 -143.739818
 -145.03527
 -146.106697
 -147.155316
 -148.149804
 -149.132515
 -150.087232
 -151.036122
 -151.968568
 -152.896429
 -153.814249
 -154.728463
 -155.645714
 -156.578439
 -157.490481
 -23.7610275
 -22.0542284
 -20.6377009
 -19.275165
 -17.9005693
 -16.5146477
 -15.1227683
 -13.7316223
 -12.4113822
 -12.0452289
 -13.5329195
 -15.3871823
 -17.2619733
 -19.1440479
 -21.0446353
 -22.9917091
 -25.0306753
 -27.2065332
 -29.3462926
 -30.6170914
 -30.6888451
 -30.8998676
 -33.179972
 -37.6531026
 -39.2208449
 -40.8695347
 -42.5361231
 -44.2361833
 -45.9768541
 -47.7546692
 -49.5723101
 -51.4319723
 -53.3322923
 -55.2704182
 -57.2485416
 -59.2930693
 -61.5929228
 -64.2950723
 -66.9807274
 -74.0758931
 -164.953502
 -168.018752
 -169.882206
 -171.335968
 -172.880636
 -175.344526
 -179.548298
 -186.025148
 -188.988137
 -191.729958
 -194.329415
 -197.00212
 -200.036548
 -200.
 -8.18548812
 -805.822942
 -200.
 -200.003727
 -200.018401
 -200.011912
 -200.026361
 -200.
 -200.000005
 -200.037251
 -200.
 -200.
 -200.050928
 -200.
 -200.003426
 -200.000017
 -200.004262
 -200.014288
 -200.033073
 -200.
 -200.022913
 -200.017949
 -200.0032
 -200.000001
 -200.031508
 -200.000001
 -200.021265
 -200.016158
 -200.
 -200.023035
 -200.021981
 -200.
 -200.009083
 -200.000002
 -200.028119
 -200.012396
 -200.000001
 -200.052794
 -200.
 -200.024276
 -200.
 -200.011454
 -200.008809
 -200.007892
 -200.
 -849.590479
 -63.0258512
 -832.946885
 -833.867919
 -834.788953
 -835.709987
 -836.631022
 -837.552056
 -838.47309
 -839.394124
 -840.315158
 -841.236192
 -842.157226
 -843.07826
 -843.999294
 -844.920328
 -845.841362
 -846.762396
 -847.68343
 -848.604465
 -849.525498
 -850.446533
 -851.367566
 -852.288601
 -853.209634
 -854.130669
 -855.051702
 -855.972737
 -856.89377
 -857.814805
 -858.735838
 -859.656873
 -860.577906
 -861.498941
 -862.419974
 -94.3410085
