8.982500000000000000e+03 3.034825000000000109e-03
8.986500000000000000e+03 4.838649999999999896e-03
8.990500000000000000e+03 6.186225000000000057e-03
8.994500000000000000e+03 4.580624999999999628e-03
8.998500000000000000e+03 3.696174999999999461e-03
9.002500000000000000e+03 3.117500000000000045e-03
9.006500000000000000e+03 3.052099999999999865e-03
9.010500000000000000e+03 2.491099999999999998e-03
9.014500000000000000e+03 2.175749999999999733e-03
9.018000000000000000e+03 2.534166666666666772e-03
9.021500000000000000e+03 2.862299999999999914e-03
9.025500000000000000e+03 3.008575000000000312e-03
9.029500000000000000e+03 2.694175000000000042e-03
9.033500000000000000e+03 3.102525000000000074e-03
9.037500000000000000e+03 4.390325000000000477e-03
9.041500000000000000e+03 5.297325000000000297e-03
9.045500000000000000e+03 7.437400000000000261e-03
9.049500000000000000e+03 1.272375000000000068e-02
9.053000000000000000e+03 1.168389999999999880e-02
9.056500000000000000e+03 5.801649999999999342e-03
9.060500000000000000e+03 4.263074999999999851e-03
9.064500000000000000e+03 5.882975000000000357e-03
9.068500000000000000e+03 8.838250000000000620e-03
9.072500000000000000e+03 1.304674999999999932e-02
9.076500000000000000e+03 8.523799999999999780e-03
9.080500000000000000e+03 7.878200000000000133e-03
9.084500000000000000e+03 1.033590000000000203e-02
9.088500000000000000e+03 1.131772500000000070e-02
9.092000000000000000e+03 1.245066666666666544e-02
9.095500000000000000e+03 1.249199999999999963e-02
9.099500000000000000e+03 1.269025000000000014e-02
9.103500000000000000e+03 7.012050000000000574e-03
9.107500000000000000e+03 3.514500000000000263e-03
9.111500000000000000e+03 3.614399999999999818e-03
9.115500000000000000e+03 2.934149999999999953e-03
9.119500000000000000e+03 4.951775000000000274e-03
9.123500000000000000e+03 5.389724999999999724e-03
9.127000000000000000e+03 4.355600000000000270e-03
9.130500000000000000e+03 1.208854999999999999e-02
9.134500000000000000e+03 1.025375000000000071e-02
9.138500000000000000e+03 5.710349999999999454e-03
9.142500000000000000e+03 7.844524999999999762e-03
9.146500000000000000e+03 3.785324999999999974e-03
9.150500000000000000e+03 7.602575000000000305e-03
9.154500000000000000e+03 4.416549999999999990e-03
9.158500000000000000e+03 6.772550000000000445e-03
9.162500000000000000e+03 1.667924999999999963e-02
9.166000000000000000e+03 9.020999999999999505e-03
9.169500000000000000e+03 3.527075000000000175e-03
9.173500000000000000e+03 6.266199999999999548e-03
9.177500000000000000e+03 9.851999999999999647e-03
9.181500000000000000e+03 3.604599999999999905e-03
9.185500000000000000e+03 4.322499999999999953e-03
9.189500000000000000e+03 7.303550000000000667e-03
9.193500000000000000e+03 7.180775000000000352e-03
9.197500000000000000e+03 1.944074999999999970e-02
9.201000000000000000e+03 1.970099999999999976e-02
9.204500000000000000e+03 9.289999999999999647e-03
9.208500000000000000e+03 3.779125000000000366e-03
9.212500000000000000e+03 7.966525000000000342e-03
9.216500000000000000e+03 1.206195000000000010e-02
9.220500000000000000e+03 4.806225000000000774e-03
9.224500000000000000e+03 4.411699999999999303e-03
9.228500000000000000e+03 3.692325000000000208e-03
9.232500000000000000e+03 3.322300000000000253e-03
9.236500000000000000e+03 5.902974999999999542e-03
9.240000000000000000e+03 1.046233333333333217e-02
9.243500000000000000e+03 1.184125000000000108e-02
9.247500000000000000e+03 1.136129999999999952e-02
9.251500000000000000e+03 5.808050000000000365e-03
9.255500000000000000e+03 6.780549999999999772e-03
9.259500000000000000e+03 1.143625000000000197e-02
9.263500000000000000e+03 1.119030000000000025e-02
9.267500000000000000e+03 5.563649999999999846e-03
9.271500000000000000e+03 4.607700000000000164e-03
9.275000000000000000e+03 5.893433333333333163e-03
9.278500000000000000e+03 5.425224999999999666e-03
9.282500000000000000e+03 6.588524999999999590e-03
9.286500000000000000e+03 6.963150000000000416e-03
9.290500000000000000e+03 4.367624999999999980e-03
9.294500000000000000e+03 3.923049999999999107e-03
9.298500000000000000e+03 3.274249999999999817e-03
9.302500000000000000e+03 3.748925000000000174e-03
9.306500000000000000e+03 3.835949999999999863e-03
9.310500000000000000e+03 3.836749999999999883e-03
9.314000000000000000e+03 4.280766666666666401e-03
9.317500000000000000e+03 3.967750000000000790e-03
9.321500000000000000e+03 4.044024999999999703e-03
9.325500000000000000e+03 8.482275000000000925e-03
9.329500000000000000e+03 1.811149999999999566e-02
9.333500000000000000e+03 1.711000000000000021e-02
9.337500000000000000e+03 1.136522499999999963e-02
9.341500000000000000e+03 6.114174999999999471e-03
9.345500000000000000e+03 5.439699999999999570e-03
9.349000000000000000e+03 3.097666666666666971e-03
9.352500000000000000e+03 3.315325000000000043e-03
9.356500000000000000e+03 6.834149999999999774e-03
9.360500000000000000e+03 3.899425000000000200e-03
9.364500000000000000e+03 3.919225000000000139e-03
9.368500000000000000e+03 4.011050000000000379e-03
9.372500000000000000e+03 1.604325000000000195e-02
9.376500000000000000e+03 7.691749999999999803e-03
9.380500000000000000e+03 3.005474999999999640e-03
9.384000000000000000e+03 4.476133333333334220e-03
9.387500000000000000e+03 3.976250000000000617e-03
9.391500000000000000e+03 1.011562499999999962e-02
9.395500000000000000e+03 1.095275000000000068e-02
9.399500000000000000e+03 1.235500000000000140e-02
9.403500000000000000e+03 7.255125000000000289e-03
9.407500000000000000e+03 7.518075000000000799e-03
9.411500000000000000e+03 8.558474999999999416e-03
9.415500000000000000e+03 9.786299999999999513e-03
9.419500000000000000e+03 2.623500000000000137e-02
9.423000000000000000e+03 1.756376666666666433e-02
9.426500000000000000e+03 3.730949999999999805e-03
9.430500000000000000e+03 7.222074999999999675e-03
9.434500000000000000e+03 5.193574999999999754e-03
9.438500000000000000e+03 4.135574999999999841e-03
9.442500000000000000e+03 4.993575000000000097e-03
9.446500000000000000e+03 8.717099999999998461e-03
9.450500000000000000e+03 7.633199999999999708e-03
9.454500000000000000e+03 5.775224999999999283e-03
9.458000000000000000e+03 6.992266666666666769e-03
9.461500000000000000e+03 4.867724999999999830e-03
9.465500000000000000e+03 5.325375000000000247e-03
9.469500000000000000e+03 1.083237499999999999e-02
9.473500000000000000e+03 3.594275000000000074e-03
9.477500000000000000e+03 2.766774999999999964e-03
9.481500000000000000e+03 2.495750000000000138e-03
9.485500000000000000e+03 3.269699999999999950e-03
9.489500000000000000e+03 5.230524999999999758e-03
9.493500000000000000e+03 6.418675000000000422e-03
9.497000000000000000e+03 6.571466666666666949e-03
9.500500000000000000e+03 5.564649999999999978e-03
9.504500000000000000e+03 5.424050000000000572e-03
9.508500000000000000e+03 3.816474999999999729e-03
9.512500000000000000e+03 4.196150000000000053e-03
9.516500000000000000e+03 4.010925000000000254e-03
9.520500000000000000e+03 3.410625000000000028e-03
9.524500000000000000e+03 3.682124999999999634e-03
9.528500000000000000e+03 6.470949999999999619e-03
9.532000000000000000e+03 9.218266666666667317e-03
9.535500000000000000e+03 5.422149999999999713e-03
9.539500000000000000e+03 8.478774999999999160e-03
9.543500000000000000e+03 6.052574999999999275e-03
9.547500000000000000e+03 3.922975000000000420e-03
9.551500000000000000e+03 5.972150000000000722e-03
9.555500000000000000e+03 7.372125000000000206e-03
9.559500000000000000e+03 1.229575000000000112e-02
9.563500000000000000e+03 7.847649999999999418e-03
9.567500000000000000e+03 7.704074999999999465e-03
9.571000000000000000e+03 5.924300000000000399e-03
9.574500000000000000e+03 6.679850000000001065e-03
9.578500000000000000e+03 9.854374999999998552e-03
9.582500000000000000e+03 7.764400000000001162e-03
9.586500000000000000e+03 2.815425000000000306e-03
9.590500000000000000e+03 6.128299999999999720e-03
9.594500000000000000e+03 1.342174999999999965e-02
9.598500000000000000e+03 7.297375000000000042e-03
9.602500000000000000e+03 3.784449999999999967e-03
9.606000000000000000e+03 4.601066666666666326e-03
9.609500000000000000e+03 4.852900000000000269e-03
9.613500000000000000e+03 7.008425000000000418e-03
9.617500000000000000e+03 5.295325000000000032e-03
9.621500000000000000e+03 1.437269999999999867e-02
9.625500000000000000e+03 1.843500000000000000e-02
9.629500000000000000e+03 1.207174999999999915e-02
9.633500000000000000e+03 2.391000000000000070e-02
9.637500000000000000e+03 3.087575000000000042e-02
9.641500000000000000e+03 1.531430000000000118e-02
9.645000000000000000e+03 6.890833333333333012e-03
9.648500000000000000e+03 2.147200000000000150e-02
9.652500000000000000e+03 2.422675000000000176e-02
9.656500000000000000e+03 7.707949999999999871e-03
9.660500000000000000e+03 2.212375000000000105e-02
9.664500000000000000e+03 1.384157500000000179e-02
9.668500000000000000e+03 5.518125000000000460e-03
9.672500000000000000e+03 8.618574999999999847e-03
9.676500000000000000e+03 2.128850000000000187e-02
9.680000000000000000e+03 1.047809999999999887e-02
9.683500000000000000e+03 7.887625000000000539e-03
9.687500000000000000e+03 9.906675000000000203e-03
9.691500000000000000e+03 1.873124999999999790e-02
9.695500000000000000e+03 2.538499999999999784e-02
9.699500000000000000e+03 1.585374999999999979e-02
9.703500000000000000e+03 9.220075000000001186e-03
9.707500000000000000e+03 9.976200000000001039e-03
9.711500000000000000e+03 1.024917499999999926e-02
9.715000000000000000e+03 4.078700000000000207e-03
9.718500000000000000e+03 5.138750000000000089e-03
9.722500000000000000e+03 4.081325000000000230e-03
9.726500000000000000e+03 8.930899999999998562e-03
9.730500000000000000e+03 1.539499999999999896e-02
9.734500000000000000e+03 1.274149999999999935e-02
9.738500000000000000e+03 9.339700000000001126e-03
9.742500000000000000e+03 3.771350000000000136e-03
9.746500000000000000e+03 5.443625000000000547e-03
9.750500000000000000e+03 4.397850000000000023e-03
9.754000000000000000e+03 5.346599999999999964e-03
9.757500000000000000e+03 5.923999999999999579e-03
9.761500000000000000e+03 5.206900000000000417e-03
9.765500000000000000e+03 4.209950000000000497e-03
9.769500000000000000e+03 3.082174999999999932e-03
9.773500000000000000e+03 3.636025000000000194e-03
9.777500000000000000e+03 5.307550000000001156e-03
9.781500000000000000e+03 4.264800000000000882e-03
9.785500000000000000e+03 4.374450000000000213e-03
9.789000000000000000e+03 3.836433333333333362e-03
9.792500000000000000e+03 5.447724999999999616e-03
9.796500000000000000e+03 4.038125000000000048e-03
9.800500000000000000e+03 3.076350000000000265e-03
9.804500000000000000e+03 4.776449999999999793e-03
9.808500000000000000e+03 4.106325000000000079e-03
9.812500000000000000e+03 2.652649999999999886e-03
9.816500000000000000e+03 2.691975000000000097e-03
9.820500000000000000e+03 4.895700000000000225e-03
9.824500000000000000e+03 8.704449999999998994e-03
9.828000000000000000e+03 5.344733333333333107e-03
9.831500000000000000e+03 7.480099999999999943e-03
9.835500000000000000e+03 3.648124999999999892e-03
9.839500000000000000e+03 6.784799999999999685e-03
9.843500000000000000e+03 6.224249999999999748e-03
9.847500000000000000e+03 5.848349999999999556e-03
9.851500000000000000e+03 1.356599999999999820e-02
9.855500000000000000e+03 9.186574999999998908e-03
9.859500000000000000e+03 5.639400000000000142e-03
9.863000000000000000e+03 6.814266666666666562e-03
9.866500000000000000e+03 6.484875000000000188e-03
9.870500000000000000e+03 3.957050000000000151e-03
9.874500000000000000e+03 3.608575000000000151e-03
9.878500000000000000e+03 1.386169999999999763e-02
9.882500000000000000e+03 9.443800000000000458e-03
9.886500000000000000e+03 7.644450000000000550e-03
9.890500000000000000e+03 6.393625000000000003e-03
9.894500000000000000e+03 4.371574999999999940e-03
9.898500000000000000e+03 4.198399999999999702e-03
9.902000000000000000e+03 2.680099999999999930e-03
9.905500000000000000e+03 6.229025000000000013e-03
9.909500000000000000e+03 1.689649999999999833e-02
9.913500000000000000e+03 1.245634999999999971e-02
9.917500000000000000e+03 7.251124999999999758e-03
9.921500000000000000e+03 4.825374999999999803e-03
9.925500000000000000e+03 7.835425000000000029e-03
9.929500000000000000e+03 4.998950000000000268e-03
9.933500000000000000e+03 6.975324999999999234e-03
9.937000000000000000e+03 5.154733333333333042e-03
9.940500000000000000e+03 4.426674999999999707e-03
9.944500000000000000e+03 4.782100000000000066e-03
9.948500000000000000e+03 8.563650000000000775e-03
9.952500000000000000e+03 1.009277499999999828e-02
9.956500000000000000e+03 7.576974999999999683e-03
9.960500000000000000e+03 4.612675000000000108e-03
9.964500000000000000e+03 4.834574999999999810e-03
9.968500000000000000e+03 5.907149999999999901e-03
9.972500000000000000e+03 9.847174999999999678e-03
9.976000000000000000e+03 1.051316666666666545e-02
9.979500000000000000e+03 6.765474999999999961e-03
9.983500000000000000e+03 7.663875000000000548e-03
9.987500000000000000e+03 1.052050000000000034e-02
9.991500000000000000e+03 8.853599999999999665e-03
9.995500000000000000e+03 5.200925000000000339e-03
9.999500000000000000e+03 4.460674999999999883e-03
1.000350000000000000e+04 9.567100000000000257e-03
1.000750000000000000e+04 6.784200000000000647e-03
1.001100000000000000e+04 3.809300000000000273e-03
1.001450000000000000e+04 3.051050000000000463e-03
1.001850000000000000e+04 4.230974999999999667e-03
1.002250000000000000e+04 6.385550000000000254e-03
1.002650000000000000e+04 6.513225000000000091e-03
1.003050000000000000e+04 7.821550000000000030e-03
1.003450000000000000e+04 5.095749999999999585e-03
1.003850000000000000e+04 4.291175000000000371e-03
1.004250000000000000e+04 3.435925000000000264e-03
1.004600000000000000e+04 4.555933333333333016e-03
1.004950000000000000e+04 3.224850000000000026e-03
1.005350000000000000e+04 2.175975000000000131e-03
1.005750000000000000e+04 1.034637499999999967e-02
1.006150000000000000e+04 1.032277500000000105e-02
1.006550000000000000e+04 5.808449999999999724e-03
1.006950000000000000e+04 7.615200000000000788e-03
1.007350000000000000e+04 7.150599999999999144e-03
1.007750000000000000e+04 6.728150000000000450e-03
1.008150000000000000e+04 5.318874999999999818e-03
1.008500000000000000e+04 8.458666666666668152e-03
1.008850000000000000e+04 1.024662499999999879e-02
1.009250000000000000e+04 5.238274999999999702e-03
1.009650000000000000e+04 5.257150000000000364e-03
1.010050000000000000e+04 6.481624999999999540e-03
1.010450000000000000e+04 7.455800000000000274e-03
1.010850000000000000e+04 9.720574999999998661e-03
1.011250000000000000e+04 3.889300000000000049e-03
1.011650000000000000e+04 6.580050000000000482e-03
1.012000000000000000e+04 7.542733333333333408e-03
1.012350000000000000e+04 1.429852500000000116e-02
1.012750000000000000e+04 1.038340000000000096e-02
1.013150000000000000e+04 6.365425000000000076e-03
1.013550000000000000e+04 1.492074999999999999e-02
1.013950000000000000e+04 1.411584999999999923e-02
1.014350000000000000e+04 6.140574999999999679e-03
1.014750000000000000e+04 7.396325000000000469e-03
1.015150000000000000e+04 1.220674999999999885e-02
1.015550000000000000e+04 1.781800000000000050e-02
1.015900000000000000e+04 2.748966666666666572e-02
1.016250000000000000e+04 3.060424999999999951e-02
1.016650000000000000e+04 2.631550000000000208e-02
1.017050000000000000e+04 2.823374999999999843e-02
1.017450000000000000e+04 1.920175000000000007e-02
1.017850000000000000e+04 6.446424999999999551e-03
1.018250000000000000e+04 6.504575000000000287e-03
1.018650000000000000e+04 6.912874999999999749e-03
1.019050000000000000e+04 1.418965000000000157e-02
1.019400000000000000e+04 1.115073333333333437e-02
1.019750000000000000e+04 6.140749999999999507e-03
1.020150000000000000e+04 5.133224999999999941e-03
1.020550000000000000e+04 1.010054999999999981e-02
1.020950000000000000e+04 1.015925000000000161e-02
1.021350000000000000e+04 8.597075000000000897e-03
1.021750000000000000e+04 6.315750000000000183e-03
1.022150000000000000e+04 9.404950000000000462e-03
1.022550000000000000e+04 1.529575000000000205e-02
1.022950000000000000e+04 1.033604999999999940e-02
1.023300000000000000e+04 1.735466666666666755e-02
1.023650000000000000e+04 1.895650000000000113e-02
1.024050000000000000e+04 2.372024999999999828e-02
1.024450000000000000e+04 1.845250000000000015e-02
1.024850000000000000e+04 5.301250000000000406e-03
1.025250000000000000e+04 1.200630000000000100e-02
1.025650000000000000e+04 2.577424999999999855e-02
1.026050000000000000e+04 2.688299999999999718e-02
1.026450000000000000e+04 7.167500000000001127e-03
1.026800000000000000e+04 7.249199999999999915e-03
1.027150000000000000e+04 1.782150000000000054e-02
1.027550000000000000e+04 2.213600000000000290e-02
1.027950000000000000e+04 5.174499999999999933e-02
1.028350000000000000e+04 2.083125000000000115e-01
1.028750000000000000e+04 1.582602499999999912e-01
1.029150000000000000e+04 2.273775000000000102e-02
1.029550000000000000e+04 6.665300000000000738e-03
1.029950000000000000e+04 7.253750000000000649e-03
1.030350000000000000e+04 4.573800000000000261e-03
1.030700000000000000e+04 6.713466666666666714e-03
1.031050000000000000e+04 1.790549999999999781e-02
1.031450000000000000e+04 2.535600000000000007e-02
1.031850000000000000e+04 1.462699999999999938e-02
1.032250000000000000e+04 2.742374999999999674e-02
1.032650000000000000e+04 4.583349999999999924e-02
1.033050000000000000e+04 2.535300000000000054e-02
1.033450000000000000e+04 2.359299999999999592e-02
1.033850000000000000e+04 3.253949999999999898e-02
1.034200000000000000e+04 1.733233333333333501e-02
1.034550000000000000e+04 4.563474999999999997e-03
1.034950000000000000e+04 9.446500000000000036e-03
1.035350000000000000e+04 2.168975000000000070e-02
1.035750000000000000e+04 1.518500000000000058e-02
1.036150000000000000e+04 2.179874999999999868e-02
1.036550000000000000e+04 2.492149999999999921e-02
1.036950000000000000e+04 2.009700000000000028e-02
1.037350000000000000e+04 1.647449999999999956e-02
1.037750000000000000e+04 1.183924999999999908e-02
