6.404999999999999583e-01 8.832863401751240243e-11
1.665499999999999980e+00 1.360992237202262864e-10
2.690500000000000114e+00 1.734140260423426094e-10
3.715500000000000025e+00 1.328080725172883852e-10
4.740249999999999631e+00 1.080972200532172767e-10
5.765249999999999986e+00 9.127911373856976075e-11
6.790250000000000341e+00 8.825545286544957982e-11
7.815249999999999808e+00 7.328045140036956882e-11
8.839999999999999858e+00 6.379533642786790690e-11
9.737000000000000099e+00 7.337866493742023997e-11
1.063375000000000092e+01 8.253773150515573194e-11
1.165874999999999950e+01 8.665665035158420730e-11
1.268374999999999808e+01 7.866422618182118715e-11
1.370850000000000080e+01 9.064419693880985310e-11
1.473350000000000115e+01 1.243112593703333014e-10
1.575850000000000151e+01 1.503469845310382632e-10
1.678325000000000244e+01 2.070812397429074211e-10
1.780825000000000102e+01 3.389475016280478160e-10
1.870499999999999829e+01 3.175430438918372902e-10
1.960200000000000031e+01 1.732230784616693299e-10
2.062699999999999889e+01 1.250763689763791988e-10
2.165174999999999983e+01 1.659539105666760290e-10
2.267674999999999841e+01 2.365409017271250150e-10
2.370175000000000054e+01 3.434862966851065540e-10
2.472675000000000267e+01 2.439264321475169216e-10
2.575150000000000006e+01 2.230485193248355838e-10
2.677649999999999864e+01 2.829155010637686956e-10
2.780150000000000432e+01 3.122076068941483549e-10
2.869833333333333414e+01 3.380577435100729271e-10
2.959499999999999886e+01 3.422718840528135948e-10
3.062000000000000099e+01 3.452466248641422343e-10
3.164500000000000313e+01 2.038259716416726321e-10
3.267000000000000171e+01 1.067476500433533827e-10
3.369500000000000028e+01 1.028849956302261871e-10
3.471974999999999767e+01 8.709180287671651709e-11
3.574474999999999625e+01 1.391166491449516194e-10
3.676975000000000193e+01 1.498913948182396971e-10
3.766666666666666430e+01 1.301330209791192986e-10
3.856325000000000358e+01 3.252186018935425240e-10
3.958825000000000216e+01 2.738684923089640454e-10
4.061325000000000074e+01 1.749980985206556442e-10
4.163824999999999932e+01 2.084197669495028116e-10
4.266299999999999670e+01 1.173795508113513982e-10
4.368800000000000239e+01 2.074091772922112134e-10
4.471300000000000097e+01 1.336602662568381767e-10
4.573799999999999955e+01 1.986736142897289821e-10
4.676274999999999693e+01 4.345635600264569937e-10
4.765966666666665930e+01 2.558656693141270253e-10
4.855649999999999977e+01 1.102101091413037274e-10
4.958150000000000546e+01 1.762454713631437289e-10
5.060625000000000284e+01 2.658171983198529237e-10
5.163125000000000142e+01 1.122079146862220864e-10
5.265625000000000000e+01 1.307404464263883070e-10
5.368124999999999858e+01 1.982635088782790532e-10
5.470600000000000307e+01 2.130032558196141714e-10
5.573100000000000165e+01 5.072458064032430543e-10
5.662800000000000722e+01 5.294136007411599756e-10
5.752474999999999739e+01 2.751973873719570273e-10
5.854974999999999596e+01 1.170403238972931161e-10
5.957450000000000045e+01 2.291542657698740614e-10
6.059950000000000614e+01 3.192497261847823450e-10
6.162449999999999761e+01 1.459515343755019390e-10
6.264949999999999619e+01 1.264338591362392396e-10
6.367425000000000068e+01 1.073699807008144159e-10
6.469925000000000637e+01 9.732501199067848013e-11
6.572424999999999784e+01 1.679080625901535825e-10
6.662099999999999511e+01 2.823792677776579637e-10
6.751800000000000068e+01 3.229690112521777469e-10
6.854275000000001228e+01 3.095157337543834648e-10
6.956774999999998954e+01 1.715903547390218060e-10
7.059274999999999523e+01 1.925020105544092668e-10
7.161775000000000091e+01 3.094823169559952453e-10
7.264249999999999829e+01 3.063357646055982711e-10
7.366750000000000398e+01 1.634232887974625215e-10
7.469249999999999545e+01 1.344820143668383391e-10
7.558899999999999864e+01 1.647853513532483516e-10
7.648600000000000421e+01 1.557014742464037149e-10
7.751099999999999568e+01 1.851291778402284509e-10
7.853600000000000136e+01 1.939580917190172201e-10
7.956100000000000705e+01 1.289339253267625775e-10
8.058574999999999022e+01 1.132450231252988887e-10
8.161074999999999591e+01 9.565339192739031257e-11
8.263575000000000159e+01 1.066161410280992780e-10
8.366075000000000728e+01 1.106039750964330504e-10
8.468549999999999045e+01 1.105210886996912500e-10
8.558233333333332382e+01 1.221011482449385327e-10
8.647925000000000750e+01 1.153048056926186252e-10
8.750425000000001319e+01 1.167407893051096907e-10
8.852899999999999636e+01 2.326748826511490788e-10
8.955400000000000205e+01 4.705542544087234661e-10
9.057899999999997931e+01 4.595140515882854659e-10
9.160399999999999920e+01 3.144122039751870202e-10
9.262900000000001910e+01 1.802301550124633628e-10
9.365375000000000227e+01 1.546400300404231014e-10
9.455066666666665753e+01 9.708522462175614300e-11
9.544749999999999091e+01 1.018596514966313135e-10
9.647249999999999659e+01 1.847027282606763191e-10
9.749724999999999397e+01 1.184323868684101564e-10
9.852224999999999966e+01 1.103773220655483407e-10
9.954725000000000534e+01 1.257886896408006375e-10
1.005722499999999968e+02 4.159000275545460985e-10
1.015969999999999942e+02 2.254771949496099884e-10
1.026219999999999857e+02 9.365274890916194429e-11
1.035190000000000055e+02 1.226871768140159459e-10
1.044157500000000027e+02 1.211080514710462216e-10
1.054405000000000001e+02 2.726549976553109822e-10
1.064654999999999916e+02 3.055111822561640684e-10
1.074904999999999973e+02 3.322586910822953190e-10
1.085155000000000030e+02 2.106329252010254415e-10
1.095402500000000003e+02 2.121238045302318058e-10
1.105652499999999918e+02 2.364213282561746695e-10
1.115902499999999975e+02 2.768069084806367042e-10
1.126152500000000032e+02 6.586966676776296981e-10
1.135120000000000005e+02 4.520091765473109420e-10
1.144087499999999977e+02 1.302896038612172144e-10
1.154337500000000034e+02 1.965944331180340816e-10
1.164587500000000091e+02 1.514740979456913230e-10
1.174837500000000006e+02 1.205798173681186142e-10
1.185084999999999980e+02 1.436283672768872266e-10
1.195335000000000036e+02 2.395271534737094864e-10
1.205584999999999951e+02 2.186071274130118849e-10
1.215835000000000008e+02 1.676121800115231898e-10
1.224800000000000040e+02 1.953895733819874985e-10
1.233769999999999811e+02 1.418560372270905676e-10
1.244020000000000010e+02 1.620517795300124860e-10
1.254270000000000209e+02 2.835723488622839035e-10
1.264519999999999982e+02 1.130527238218344811e-10
1.274767499999999956e+02 8.098672476854328340e-11
1.285017499999999870e+02 7.333684854257104613e-11
1.295267499999999927e+02 9.521330241651256066e-11
1.305517499999999984e+02 1.471646481164120036e-10
1.315765000000000100e+02 1.798366855986591360e-10
1.324733333333333576e+02 1.841281015576117025e-10
1.333702499999999986e+02 1.597071913603807735e-10
1.343950000000000102e+02 1.542086444563652074e-10
1.354199999999999875e+02 1.124702498370838858e-10
1.364449999999999932e+02 1.196903908328255076e-10
1.374699999999999989e+02 1.163983922867426851e-10
1.384949999999999761e+02 9.973781694492739675e-11
1.395197499999999877e+02 1.053854504249624187e-10
1.405447499999999934e+02 1.809632293628027455e-10
1.414416666666666913e+02 2.462825999723201100e-10
1.423385000000000105e+02 1.625647268687492364e-10
1.433632499999999936e+02 2.320759759092799148e-10
1.443882499999999993e+02 1.753836220172279780e-10
1.454132500000000050e+02 1.184801762536103566e-10
1.464382500000000107e+02 1.663759657786972969e-10
1.474629999999999939e+02 2.099058453195163487e-10
1.484879999999999995e+02 3.251878229635609691e-10
1.495129999999999768e+02 2.269769736350225803e-10
1.505379999999999825e+02 2.137430775182700798e-10
1.514350000000000307e+02 1.713381009763349658e-10
1.523315000000000055e+02 1.876340681778297939e-10
1.533565000000000111e+02 2.676531844884254177e-10
1.543814999999999884e+02 2.162507494483829080e-10
1.554064999999999941e+02 8.859267327345042642e-11
1.564312500000000057e+02 1.738745033885735838e-10
1.574562500000000114e+02 3.517899823489300988e-10
1.584812500000000171e+02 2.117529315943435498e-10
1.595062499999999943e+02 1.137300490374033498e-10
1.604029999999999916e+02 1.294653143867967267e-10
1.612997499999999889e+02 1.386489161231786204e-10
1.623247499999999945e+02 1.925904668290214528e-10
1.633497500000000002e+02 1.602200323893362166e-10
1.643744999999999834e+02 3.849252686567089418e-10
1.653994999999999891e+02 4.870236871720886235e-10
1.664244999999999948e+02 3.484550069780997966e-10
1.674495000000000005e+02 6.148320364323923773e-10
1.684742500000000121e+02 7.880004978456013969e-10
1.694992499999999893e+02 4.194728993325894201e-10
1.703959999999999866e+02 2.176148162701492264e-10
1.712929999999999779e+02 5.622816402709827264e-10
1.723180000000000121e+02 6.166664270437935141e-10
1.733427499999999952e+02 2.489055658994993740e-10
1.743677500000000009e+02 5.657449955698444888e-10
1.753927499999999782e+02 3.843519803976048877e-10
1.764177499999999839e+02 1.685776073290518492e-10
1.774424999999999955e+02 2.498952562555923850e-10
1.784675000000000011e+02 5.362683661769919910e-10
1.793643333333333203e+02 3.042417274776646950e-10
1.802612499999999898e+02 2.256690629194226206e-10
1.812859999999999729e+02 2.737100876711187560e-10
1.823109999999999786e+02 4.973744502173080829e-10
1.833360000000000127e+02 6.487853624846392151e-10
1.843610000000000184e+02 4.348623778289644343e-10
1.853859999999999957e+02 2.641954072825810476e-10
1.864107499999999789e+02 2.758656167525251346e-10
1.874357499999999845e+02 2.737893606982348238e-10
1.883326666666666824e+02 1.274656775072429771e-10
1.892295000000000300e+02 1.434983416261504567e-10
1.902542499999999848e+02 1.220781417455373041e-10
1.912792500000000189e+02 2.424300506697794379e-10
1.923042499999999961e+02 4.095463828822597672e-10
1.933289999999999793e+02 3.525098033183488618e-10
1.943539999999999850e+02 2.576543887560953053e-10
1.953789999999999907e+02 1.172827992970034654e-10
1.964040000000000248e+02 1.511170265589928572e-10
1.974290000000000020e+02 1.286384485427945385e-10
1.983256666666666490e+02 1.512534259464515274e-10
1.992224999999999966e+02 1.672415230239980760e-10
2.002475000000000023e+02 1.503482132603576558e-10
2.012725000000000080e+02 1.232351124398490012e-10
2.022972500000000196e+02 9.109718487660507145e-11
2.033222499999999684e+02 1.037094556482887804e-10
2.043472500000000025e+02 1.485564347294819728e-10
2.053722500000000082e+02 1.243670966057727290e-10
2.063969999999999914e+02 1.242083525814937101e-10
2.072940000000000111e+02 1.136379556814997701e-10
2.081907499999999800e+02 1.520446412884169251e-10
2.092157499999999857e+02 1.185954789128973036e-10
2.102407499999999914e+02 9.063235334814980816e-11
2.112655000000000030e+02 1.341337255368984091e-10
2.122905000000000086e+02 1.199390771209769274e-10
2.133154999999999859e+02 7.927573645948437131e-11
2.143404999999999916e+02 7.711250763462829347e-11
2.153652500000000032e+02 1.371632280085112978e-10
2.163902500000000089e+02 2.351428305611726857e-10
2.172870000000000061e+02 1.605917717737966564e-10
2.181839999999999975e+02 2.009821743679555419e-10
2.192089999999999748e+02 1.119642765703189765e-10
2.202337499999999864e+02 1.874159342106775280e-10
2.212587500000000205e+02 1.762991392255279524e-10
2.222837499999999977e+02 1.679275989570430880e-10
2.233085000000000093e+02 3.595650833938364745e-10
2.243334999999999866e+02 2.599729610194853039e-10
2.253584999999999923e+02 1.648157813040084884e-10
2.262553333333333683e+02 1.904384938491046401e-10
2.271519999999999868e+02 1.840886547848794679e-10
2.281769999999999925e+02 1.167773801843903937e-10
2.292020000000000266e+02 1.115796614039965578e-10
2.302270000000000039e+02 3.596778606703186028e-10
2.312519999999999811e+02 2.664521743608878598e-10
2.322767499999999927e+02 2.158369125369178196e-10
2.333017499999999984e+02 1.845527366038695072e-10
2.343267500000000041e+02 1.285612215836036007e-10
2.353517500000000098e+02 1.192181969140226817e-10
2.362483333333333348e+02 8.248835001201450921e-11
2.371452500000000043e+02 1.766566276929691996e-10
2.381702500000000100e+02 4.346538838317907925e-10
2.391952500000000157e+02 3.477277177696374229e-10
2.402200000000000273e+02 2.079300768959900888e-10
2.412449999999999761e+02 1.420144572793032629e-10
2.422700000000000102e+02 2.120074799796656444e-10
2.432949999999999875e+02 1.490668719603672041e-10
2.443199999999999932e+02 1.926867069563243480e-10
2.452166666666666970e+02 1.507064841737603271e-10
2.461134999999999877e+02 1.282829669193120295e-10
2.471384999999999934e+02 1.381396080222623841e-10
2.481634999999999991e+02 2.331528263818888487e-10
2.491882500000000107e+02 2.775074010561302522e-10
2.502132500000000164e+02 2.171839586206094092e-10
2.512382499999999936e+02 1.375144291065030092e-10
2.522629999999999768e+02 1.375580987610739295e-10
2.532880000000000109e+02 1.672232266540976769e-10
2.543130000000000166e+02 2.684707494473723535e-10
2.552100000000000080e+02 2.929023293297713046e-10
2.561067500000000337e+02 1.976669805579197417e-10
2.571315000000000168e+02 2.146416574763015455e-10
2.581564999999999941e+02 2.867220191711157275e-10
2.591815000000000282e+02 2.502758553342178600e-10
2.602065000000000055e+02 1.519608203872592017e-10
2.612312499999999886e+02 1.310814997928434089e-10
2.622562500000000227e+02 2.582452803321624166e-10
2.632812500000000000e+02 1.924922785693317256e-10
2.641780000000000541e+02 1.145459307015685683e-10
2.650749999999999886e+02 9.029208146680262675e-11
2.660997499999999718e+02 1.201403973431630903e-10
2.671247500000000059e+02 1.764683386521775220e-10
2.681497500000000400e+02 1.852356893067152989e-10
2.691747500000000173e+02 2.145300689099837653e-10
2.701995000000000005e+02 1.504453622065901991e-10
2.712244999999999777e+02 1.238909945523500770e-10
2.722495000000000118e+02 1.015057848001305815e-10
2.731463333333333594e+02 1.266522439561063586e-10
2.740430000000000064e+02 9.440418393774799301e-11
2.750679999999999836e+02 6.809911063504074052e-11
2.760929999999999609e+02 2.836528216798492934e-10
2.771179999999999950e+02 2.800863654877375366e-10
2.781430000000000291e+02 1.699392258099179431e-10
2.791677500000000691e+02 2.117385500266641027e-10
2.801927500000000464e+02 2.028556438575912711e-10
2.812177500000000236e+02 1.887098282953568233e-10
2.822425000000000068e+02 1.568112341986446331e-10
2.831393333333332976e+02 2.333595215421007088e-10
2.840362499999999955e+02 2.783980615959061105e-10
2.850612499999999727e+02 1.529511394444871217e-10
2.860860000000000127e+02 1.512319254152067179e-10
2.871109999999999900e+02 1.823805474453490855e-10
2.881359999999999673e+02 2.093673869754520910e-10
2.891610000000000014e+02 2.666029545950884940e-10
2.901859999999999786e+02 1.228864372615437885e-10
2.912107500000000186e+02 1.831353166721128478e-10
2.921076666666667165e+02 2.143922521004268383e-10
2.930045000000000073e+02 3.762294110266128352e-10
2.940294999999999845e+02 2.856126077752701393e-10
2.950542500000000246e+02 1.858490836921604936e-10
2.960792500000000018e+02 3.990434114598972572e-10
2.971042500000000359e+02 3.851750932947761374e-10
2.981292499999999563e+02 1.839342521015498139e-10
2.991539999999999964e+02 2.070739376716837177e-10
3.001789999999999736e+02 3.295133624718773783e-10
3.012040000000000077e+02 4.746620647478001683e-10
3.021010000000000559e+02 7.092744158650997023e-10
3.029977499999999964e+02 7.852456752892503975e-10
3.040224999999999795e+02 6.948543433469012117e-10
3.050475000000000136e+02 7.257474466810652969e-10
3.060724999999999909e+02 5.176595925526539167e-10
3.070975000000000250e+02 1.986033428293386700e-10
3.081222500000000082e+02 1.841146341446896033e-10
3.091472499999999854e+02 2.003413302589288140e-10
3.101722500000000196e+02 3.741252000797325593e-10
3.110690000000000168e+02 3.039338564430233640e-10
3.119657500000000709e+02 1.802061570687317961e-10
3.129907500000000482e+02 1.508613810454033482e-10
3.140157500000000255e+02 2.771138490084068745e-10
3.150407500000000027e+02 2.772221971605941644e-10
3.160654999999999859e+02 2.405465230421374610e-10
3.170905000000000200e+02 1.837315864613756187e-10
3.181154999999999973e+02 2.639754228197485074e-10
3.191404999999999745e+02 4.069493893472129432e-10
3.201652500000000146e+02 3.055353924586583516e-10
3.210619999999999550e+02 4.636685603151602166e-10
3.219590000000000032e+02 4.979929200156302333e-10
3.229839999999999804e+02 6.224397983502974680e-10
3.240090000000000146e+02 4.997713011667748802e-10
3.250337500000000546e+02 1.682339591407932113e-10
3.260587500000000318e+02 3.386389072341298039e-10
3.270837500000000091e+02 6.598575841669081787e-10
3.281087499999999864e+02 6.844309698017576485e-10
3.291335000000000264e+02 2.192987182377854793e-10
3.300303333333333171e+02 2.180366386973983674e-10
3.309272499999999582e+02 4.674195124207329100e-10
3.319522499999999923e+02 5.871911388398740493e-10
3.329769999999999754e+02 1.334595113320967675e-09
3.340020000000000095e+02 4.837066963872407397e-09
3.350269999999999868e+02 3.573721421521107038e-09
3.360519999999999641e+02 7.098106443269251324e-10
3.370769999999999982e+02 2.039757500682879653e-10
3.381017500000000382e+02 2.014790507935045318e-10
3.391267500000000155e+02 1.347425616467794647e-10
3.400236666666666565e+02 1.940862225372937473e-10
3.409202500000000100e+02 4.599076844399664066e-10
3.419452499999999873e+02 6.498307319967229714e-10
3.429702500000000214e+02 4.094883519753376921e-10
3.439952500000000555e+02 7.300680934865195606e-10
3.450199999999999818e+02 1.119910154079926674e-09
3.460449999999999591e+02 6.932715031919389077e-10
3.470699999999999932e+02 6.270618225546499677e-10
3.480950000000000273e+02 8.183880149995574085e-10
3.489920000000000186e+02 4.681068861564752476e-10
3.498885000000000218e+02 1.515332316207614678e-10
3.509134999999999991e+02 2.771957629617113087e-10
3.519384999999999764e+02 5.528723824700128303e-10
3.529634999999999536e+02 4.209461552943767921e-10
3.539882499999999936e+02 5.716438535775696838e-10
3.550132499999999709e+02 6.512193308608740204e-10
3.560382500000000050e+02 5.406985485938607432e-10
3.570632500000000391e+02 4.499043837700863016e-10
3.580880000000000223e+02 3.351353817623335120e-10
