6.404999999999999583e-01 1.057800796863013846e-10
1.665499999999999980e+00 1.095046289998263178e-10
2.690500000000000114e+00 1.140339561770235289e-10
3.715500000000000025e+00 1.106446497176788636e-10
4.740249999999999631e+00 1.080854907639058897e-10
5.765249999999999986e+00 1.059783938878038671e-10
6.790250000000000341e+00 1.055014654331193264e-10
7.815249999999999808e+00 1.043374861025136255e-10
8.839999999999999858e+00 1.036283717314710513e-10
9.737000000000000099e+00 1.041952798568845340e-10
1.063375000000000092e+01 1.051014322519991555e-10
1.165874999999999950e+01 1.052093508694159415e-10
1.268374999999999808e+01 1.051517310382669431e-10
1.370850000000000080e+01 1.055524956966193156e-10
1.473350000000000115e+01 1.087529178463302150e-10
1.575850000000000151e+01 1.111892807498756250e-10
1.678325000000000244e+01 1.180682297705041012e-10
1.780825000000000102e+01 1.311959395287142908e-10
1.870499999999999829e+01 1.304268255794155961e-10
1.960200000000000031e+01 1.144198159044250200e-10
2.062699999999999889e+01 1.103553372347405685e-10
2.165174999999999983e+01 1.132671717748835551e-10
2.267674999999999841e+01 1.206835950245204037e-10
2.370175000000000054e+01 1.324777956977907379e-10
2.472675000000000267e+01 1.220446817676648709e-10
2.575150000000000006e+01 1.188638290198605781e-10
2.677649999999999864e+01 1.257345089440847363e-10
2.780150000000000432e+01 1.281159303760321016e-10
2.869833333333333414e+01 1.309128214263233916e-10
2.959499999999999886e+01 1.318198807414697847e-10
3.062000000000000099e+01 1.318881448582141651e-10
3.164500000000000313e+01 1.170017423362090533e-10
3.267000000000000171e+01 1.080660976468452713e-10
3.369500000000000028e+01 1.074393424245444273e-10
3.471974999999999767e+01 1.055223656544576391e-10
3.574474999999999625e+01 1.113302787716431865e-10
3.676975000000000193e+01 1.119908184669480308e-10
3.766666666666666430e+01 1.102023301945707475e-10
3.856325000000000358e+01 1.295602078626615810e-10
3.958825000000000216e+01 1.255703115264155617e-10
4.061325000000000074e+01 1.144646681964939931e-10
4.163824999999999932e+01 1.182990099822577303e-10
4.266299999999999670e+01 1.085232647065777964e-10
4.368800000000000239e+01 1.180962772471963870e-10
4.471300000000000097e+01 1.094018310801026021e-10
4.573799999999999955e+01 1.169991341032679556e-10
4.676274999999999693e+01 1.412596069027816157e-10
4.765966666666665930e+01 1.228050155047330325e-10
4.855649999999999977e+01 1.075725084000711346e-10
4.958150000000000546e+01 1.143631858390146234e-10
5.060625000000000284e+01 1.240071846707835544e-10
5.163125000000000142e+01 1.078744134031719983e-10
5.265625000000000000e+01 1.103414346420955814e-10
5.368124999999999858e+01 1.170551527449711386e-10
5.470600000000000307e+01 1.180597856424861511e-10
5.573100000000000165e+01 1.497398716237370930e-10
5.662800000000000722e+01 1.519836055652451167e-10
5.752474999999999739e+01 1.247815566410054446e-10
5.854974999999999596e+01 1.088826457574748373e-10
5.957450000000000045e+01 1.207450767260452175e-10
6.059950000000000614e+01 1.302914820386988041e-10
6.162449999999999761e+01 1.116726374880214178e-10
6.264949999999999619e+01 1.102252647228818969e-10
6.367425000000000068e+01 1.069785747072164106e-10
6.469925000000000637e+01 1.070773828262076618e-10
6.572424999999999784e+01 1.141760527021688154e-10
6.662099999999999511e+01 1.248446640318525892e-10
6.751800000000000068e+01 1.300467302626829314e-10
6.854275000000001228e+01 1.289227944807202552e-10
6.956774999999998954e+01 1.135369470758326533e-10
7.059274999999999523e+01 1.161574630452035256e-10
7.161775000000000091e+01 1.280296899196136170e-10
7.264249999999999829e+01 1.272523582431680724e-10
7.366750000000000398e+01 1.148094957645676945e-10
7.469249999999999545e+01 1.104919155419599210e-10
7.558899999999999864e+01 1.127751006327416499e-10
7.648600000000000421e+01 1.127113691202315935e-10
7.751099999999999568e+01 1.151953186164245555e-10
7.853600000000000136e+01 1.163205451701164816e-10
7.956100000000000705e+01 1.098780664657946516e-10
8.058574999999999022e+01 1.079848133985853060e-10
8.161074999999999591e+01 1.061039405545065857e-10
8.263575000000000159e+01 1.072928182552407662e-10
8.366075000000000728e+01 1.084740854355480748e-10
8.468549999999999045e+01 1.079719511268909002e-10
8.558233333333332382e+01 1.090667116131183151e-10
8.647925000000000750e+01 1.086057739952355337e-10
8.750425000000001319e+01 1.086261925074443798e-10
8.852899999999999636e+01 1.203511764569946285e-10
8.955400000000000205e+01 1.455012456615953937e-10
9.057899999999997931e+01 1.442803824340907555e-10
9.160399999999999920e+01 1.291006156640969901e-10
9.262900000000001910e+01 1.153276951178626113e-10
9.365375000000000227e+01 1.123757000981645766e-10
9.455066666666665753e+01 1.061993730165699001e-10
9.544749999999999091e+01 1.065639302257165723e-10
9.647249999999999659e+01 1.156624517696034563e-10
9.749724999999999397e+01 1.087952543696043847e-10
9.852224999999999966e+01 1.072814359685649705e-10
9.954725000000000534e+01 1.097287806928937973e-10
1.005722499999999968e+02 1.392380023398086897e-10
1.015969999999999942e+02 1.200114685500594703e-10
1.026219999999999857e+02 1.071940019029175760e-10
1.035190000000000055e+02 1.089927879979338419e-10
1.044157500000000027e+02 1.088349202225321452e-10
1.054405000000000001e+02 1.250502686795000739e-10
1.064654999999999916e+02 1.280619264917304223e-10
1.074904999999999973e+02 1.304161585436323971e-10
1.085155000000000030e+02 1.189411856875006817e-10
1.095402500000000003e+02 1.187102447845786218e-10
1.105652499999999918e+02 1.211315212972907981e-10
1.115902499999999975e+02 1.251380583817419112e-10
1.126152500000000032e+02 1.633963923669803434e-10
1.135120000000000005e+02 1.435438093893865858e-10
1.144087499999999977e+02 1.111813824348995327e-10
1.154337500000000034e+02 1.169480678399123144e-10
1.164587500000000091e+02 1.120285944451464736e-10
1.174837500000000006e+02 1.081075933799396574e-10
1.185084999999999980e+02 1.104490070603157929e-10
1.195335000000000036e+02 1.208752850344908845e-10
1.205584999999999951e+02 1.194024931790425527e-10
1.215835000000000008e+02 1.132821413784462814e-10
1.224800000000000040e+02 1.164013465917123888e-10
1.233769999999999811e+02 1.114906477717011044e-10
1.244020000000000010e+02 1.126434642125521955e-10
1.254270000000000209e+02 1.256431311548672065e-10
1.264519999999999982e+02 1.092764712279256319e-10
1.274767499999999956e+02 1.049625489654967424e-10
1.285017499999999870e+02 1.036593587520273748e-10
1.295267499999999927e+02 1.061806118328600726e-10
1.305517499999999984e+02 1.115222468435722278e-10
1.315765000000000100e+02 1.148142545844230994e-10
1.324733333333333576e+02 1.153996746477533530e-10
1.333702499999999986e+02 1.122210501041019466e-10
1.343950000000000102e+02 1.123638855308830054e-10
1.354199999999999875e+02 1.070167163400090883e-10
1.364449999999999932e+02 1.085401694868562213e-10
1.374699999999999989e+02 1.084536878842256371e-10
1.384949999999999761e+02 1.065783679227984031e-10
1.395197499999999877e+02 1.080029000553173890e-10
1.405447499999999934e+02 1.155257300352583066e-10
1.414416666666666913e+02 1.221016326850854676e-10
1.423385000000000105e+02 1.135051127654160443e-10
1.433632499999999936e+02 1.213489225063885305e-10
1.443882499999999993e+02 1.139641614738759962e-10
1.454132500000000050e+02 1.085982464699662716e-10
1.464382500000000107e+02 1.134249270633731907e-10
1.474629999999999939e+02 1.172554679959154971e-10
1.484879999999999995e+02 1.312567806143289949e-10
1.495129999999999768e+02 1.193922026456493701e-10
1.505379999999999825e+02 1.184967996834311219e-10
1.514350000000000307e+02 1.141545478599393389e-10
1.523315000000000055e+02 1.164134609650531083e-10
1.533565000000000111e+02 1.248453370810191392e-10
1.543814999999999884e+02 1.197850012507796910e-10
1.554064999999999941e+02 1.060326258531052457e-10
1.564312500000000057e+02 1.137007081607783337e-10
1.574562500000000114e+02 1.332798716812481817e-10
1.584812500000000171e+02 1.181052971630239983e-10
1.595062499999999943e+02 1.086335188474566243e-10
1.604029999999999916e+02 1.099009946109902856e-10
1.612997499999999889e+02 1.105496226445670349e-10
1.623247499999999945e+02 1.155027408536236964e-10
1.633497500000000002e+02 1.128558752157364734e-10
1.643744999999999834e+02 1.362424599486950121e-10
1.653994999999999891e+02 1.470480129634399438e-10
1.664244999999999948e+02 1.317728229125430037e-10
1.674495000000000005e+02 1.596611765345452580e-10
1.684742500000000121e+02 1.762828864891106647e-10
1.694992499999999893e+02 1.405645323805532645e-10
1.703959999999999866e+02 1.189863575701490277e-10
1.712929999999999779e+02 1.535371925273011206e-10
1.723180000000000121e+02 1.601781102498361691e-10
1.733427499999999952e+02 1.227629714604329374e-10
1.743677500000000009e+02 1.548041410661052281e-10
1.753927499999999782e+02 1.363913381053625089e-10
1.764177499999999839e+02 1.135135371015758249e-10
1.774424999999999955e+02 1.233785044083258515e-10
1.784675000000000011e+02 1.519814012631684966e-10
1.793643333333333203e+02 1.281415452680461356e-10
1.802612499999999898e+02 1.199511645184381985e-10
1.812859999999999729e+02 1.248662421578363679e-10
1.823109999999999786e+02 1.482889869983591864e-10
1.833360000000000127e+02 1.632063264181143217e-10
1.843610000000000184e+02 1.415927842474161354e-10
1.853859999999999957e+02 1.242189497749137767e-10
1.864107499999999789e+02 1.248783492183762596e-10
1.874357499999999845e+02 1.250857358350185928e-10
1.883326666666666824e+02 1.098964008922279562e-10
1.892295000000000300e+02 1.113735921881406840e-10
1.902542499999999848e+02 1.083153926363999957e-10
1.912792500000000189e+02 1.216720225052070691e-10
1.923042499999999961e+02 1.396783238487790454e-10
1.933289999999999793e+02 1.325930470480183635e-10
1.943539999999999850e+02 1.233834741083738630e-10
1.953789999999999907e+02 1.084575300041197878e-10
1.964040000000000248e+02 1.123140725043689027e-10
1.974290000000000020e+02 1.095795376257651922e-10
1.983256666666666490e+02 1.120455485336420455e-10
1.992224999999999966e+02 1.128492189034235857e-10
2.002475000000000023e+02 1.113117875242763575e-10
2.012725000000000080e+02 1.083847857418849994e-10
2.022972500000000196e+02 1.060689662048910216e-10
2.033222499999999684e+02 1.073514231348288601e-10
2.043472500000000025e+02 1.114609865579056604e-10
2.053722500000000082e+02 1.094577822190558327e-10
2.063969999999999914e+02 1.093320050310535358e-10
2.072940000000000111e+02 1.084131256354485909e-10
2.081907499999999800e+02 1.126642496037063242e-10
2.092157499999999857e+02 1.092005692224100036e-10
2.102407499999999914e+02 1.063979119147119650e-10
2.112655000000000030e+02 1.101352593191810459e-10
2.122905000000000086e+02 1.093429158006455793e-10
2.133154999999999859e+02 1.055050355579520406e-10
2.143404999999999916e+02 1.040360483989014947e-10
2.153652500000000032e+02 1.105910323126273330e-10
2.163902500000000089e+02 1.196149384924261327e-10
2.172870000000000061e+02 1.126204231889498298e-10
2.181839999999999975e+02 1.174338266007276935e-10
2.192089999999999748e+02 1.078973086825443929e-10
2.202337499999999864e+02 1.163944541642741120e-10
2.212587500000000205e+02 1.138165894407561742e-10
2.222837499999999977e+02 1.130837225689351245e-10
2.233085000000000093e+02 1.343225376808010693e-10
2.243334999999999866e+02 1.245103569755367385e-10
2.253584999999999923e+02 1.135963213390275638e-10
2.262553333333333683e+02 1.166715671825448826e-10
2.271519999999999868e+02 1.160908188375309850e-10
2.281769999999999925e+02 1.091281841346381598e-10
2.292020000000000266e+02 1.082102378387838965e-10
2.302270000000000039e+02 1.340249809051751610e-10
2.312519999999999811e+02 1.244983263514359417e-10
2.322767499999999927e+02 1.186498905981770815e-10
2.333017499999999984e+02 1.152785812825856316e-10
2.343267500000000041e+02 1.094965262965371356e-10
2.353517500000000098e+02 1.087206264177003728e-10
2.362483333333333348e+02 1.058727742029818801e-10
2.371452500000000043e+02 1.149543963913916276e-10
2.381702500000000100e+02 1.435490215525370117e-10
2.391952500000000157e+02 1.334027980854182363e-10
2.402200000000000273e+02 1.172747815408939840e-10
2.412449999999999761e+02 1.108211847009104032e-10
2.422700000000000102e+02 1.182800595140442760e-10
2.432949999999999875e+02 1.127402972604597491e-10
2.443199999999999932e+02 1.154235721166380703e-10
2.452166666666666970e+02 1.125639064687683483e-10
2.461134999999999877e+02 1.097404431735166990e-10
2.471384999999999934e+02 1.100984710091329166e-10
2.481634999999999991e+02 1.204574963393201555e-10
2.491882500000000107e+02 1.253851376471327808e-10
2.502132500000000164e+02 1.193905348330610125e-10
2.512382499999999936e+02 1.113666968210650641e-10
2.522629999999999768e+02 1.095837361155158075e-10
2.532880000000000109e+02 1.146000817222350049e-10
2.543130000000000166e+02 1.239455725328268136e-10
2.552100000000000080e+02 1.270558665792440581e-10
2.561067500000000337e+02 1.168242915405112376e-10
2.571315000000000168e+02 1.187342595760650927e-10
2.581564999999999941e+02 1.266872025514404251e-10
2.591815000000000282e+02 1.234250196304121108e-10
2.602065000000000055e+02 1.123989859161502947e-10
2.612312499999999886e+02 1.099158014399330551e-10
2.622562500000000227e+02 1.229352083269452217e-10
2.632812500000000000e+02 1.166173899892964761e-10
2.641780000000000541e+02 1.078973052143458116e-10
2.650749999999999886e+02 1.061775773738063623e-10
2.660997499999999718e+02 1.099680147070510850e-10
2.671247500000000059e+02 1.141248359475701544e-10
2.681497500000000400e+02 1.156845738498500706e-10
2.691747500000000173e+02 1.180149523226553725e-10
2.701995000000000005e+02 1.120692010927314361e-10
2.712244999999999777e+02 1.101706640899453076e-10
2.722495000000000118e+02 1.070782197121888649e-10
2.731463333333333594e+02 1.093507157336382289e-10
2.740430000000000064e+02 1.065227017769272572e-10
2.750679999999999836e+02 1.037571421670616134e-10
2.760929999999999609e+02 1.248463075053338980e-10
2.771179999999999950e+02 1.254269796938877409e-10
2.781430000000000291e+02 1.139584596208673266e-10
2.791677500000000691e+02 1.183118317588709326e-10
2.801927500000000464e+02 1.170424689445377346e-10
2.812177500000000236e+02 1.159777275691499144e-10
2.822425000000000068e+02 1.121361232751915558e-10
2.831393333333332976e+02 1.206677473919394807e-10
2.840362499999999955e+02 1.254581921376202766e-10
2.850612499999999727e+02 1.123079014957458664e-10
2.860860000000000127e+02 1.119190962492642162e-10
2.871109999999999900e+02 1.151961376469902631e-10
2.881359999999999673e+02 1.180017783530009664e-10
2.891610000000000014e+02 1.250418151839858380e-10
2.901859999999999786e+02 1.098403948867852960e-10
2.912107500000000186e+02 1.153834427982554536e-10
2.921076666666667165e+02 1.192027695258848582e-10
2.930045000000000073e+02 1.346689338222955261e-10
2.940294999999999845e+02 1.268508318534112352e-10
2.950542500000000246e+02 1.147013317323933412e-10
2.960792500000000018e+02 1.373785053860555878e-10
2.971042500000000359e+02 1.377796268629645415e-10
2.981292499999999563e+02 1.161039555289861961e-10
2.991539999999999964e+02 1.180540764811073690e-10
3.001789999999999736e+02 1.316117350277023029e-10
3.012040000000000077e+02 1.458031641948797658e-10
3.021010000000000559e+02 1.691847175895940811e-10
3.029977499999999964e+02 1.772333295328163141e-10
3.040224999999999795e+02 1.679749529918827722e-10
3.050475000000000136e+02 1.706948671988241103e-10
3.060724999999999909e+02 1.504640765933033502e-10
3.070975000000000250e+02 1.173078758546412264e-10
3.081222500000000082e+02 1.147640862821591842e-10
3.091472499999999854e+02 1.174468814709011481e-10
3.101722500000000196e+02 1.352053643140975425e-10
3.110690000000000168e+02 1.288499143602865696e-10
3.119657500000000709e+02 1.156402239488182263e-10
3.129907500000000482e+02 1.121691287031175176e-10
3.140157500000000255e+02 1.251563031007302833e-10
3.150407500000000027e+02 1.251386192513359901e-10
3.160654999999999859e+02 1.218717514394049824e-10
3.170905000000000200e+02 1.164550900511706596e-10
3.181154999999999973e+02 1.233264729454926768e-10
3.191404999999999745e+02 1.387793767092956005e-10
3.201652500000000146e+02 1.279294704138965268e-10
3.210619999999999550e+02 1.438734452381703284e-10
3.219590000000000032e+02 1.488001281056676337e-10
3.229839999999999804e+02 1.599753345220244379e-10
3.240090000000000146e+02 1.493565831543736806e-10
3.250337500000000546e+02 1.141009772910405007e-10
3.260587500000000318e+02 1.319182101697708421e-10
3.270837500000000091e+02 1.645637083141096301e-10
3.281087499999999864e+02 1.670887051543204536e-10
3.291335000000000264e+02 1.189877404930270536e-10
3.300303333333333171e+02 1.193916609988446451e-10
3.309272499999999582e+02 1.440980697170198930e-10
3.319522499999999923e+02 1.570358140667406882e-10
3.329769999999999754e+02 2.258804507603904189e-10
3.340020000000000095e+02 4.577834072141347820e-10
3.350269999999999868e+02 3.628497452620145716e-10
3.360519999999999641e+02 1.618964655681187594e-10
3.370769999999999982e+02 1.169515808676592919e-10
3.381017500000000382e+02 1.166949003280258110e-10
3.391267500000000155e+02 1.103291031176923572e-10
3.400236666666666565e+02 1.162082224308280650e-10
3.409202500000000100e+02 1.447035483486827181e-10
3.419452499999999873e+02 1.631526573950112117e-10
3.429702500000000214e+02 1.395059509929252925e-10
3.439952500000000555e+02 1.704014863489959718e-10
3.450199999999999818e+02 2.080175558515222761e-10
3.460449999999999591e+02 1.660692364599464124e-10
3.470699999999999932e+02 1.605912640805576375e-10
3.480950000000000273e+02 1.793332865748075359e-10
3.489920000000000186e+02 1.452022605195406003e-10
3.498885000000000218e+02 1.118785230563760418e-10
3.509134999999999991e+02 1.248841726400715475e-10
3.519384999999999764e+02 1.537712830908421381e-10
3.529634999999999536e+02 1.402564102288387645e-10
3.539882499999999936e+02 1.558371029517927570e-10
3.550132499999999709e+02 1.639950927008314490e-10
3.560382500000000050e+02 1.524263193232353373e-10
3.570632500000000391e+02 1.432666322197319293e-10
3.580880000000000223e+02 1.308277125667184204e-10
