   0.0000E+00   8.1065E-18   3.2735E-02   1.0000E-13
   2.0000E-01  -1.2600E+01
   4.0000E-01  -1.2700E+01
   6.0000E-01  -1.2800E+01
   8.0000E-01  -1.2900E+01
   1.0000E+00  -1.3000E+01
   1.2000E+00  -1.3100E+01
   1.4000E+00  -1.3200E+01
   1.6000E+00  -1.3300E+01
   1.8000E+00  -1.3400E+01
   2.0000E+00  -1.3500E+01
   2.2000E+00  -1.3600E+01
   2.4000E+00  -1.3700E+01
   2.6000E+00  -1.3800E+01
   2.8000E+00  -1.3900E+01
   3.0000E+00  -1.4000E+01
   3.2000E+00  -1.4100E+01
   3.4000E+00  -1.4200E+01
   3.6000E+00  -1.4300E+01
   3.8000E+00  -1.4400E+01
   4.0000E+00  -1.4500E+01
   4.2000E+00  -1.4600E+01
   4.4000E+00  -1.4700E+01
   4.6000E+00  -1.4800E+01
   4.8000E+00  -1.4900E+01
   5.0000E+00  -1.5000E+01
   5.2000E+00  -1.5100E+01
   5.4000E+00  -1.5200E+01
   5.6000E+00  -1.5300E+01
   5.8000E+00  -1.5400E+01
   6.0000E+00  -1.5500E+01
   6.2000E+00  -1.5600E+01
   6.4000E+00  -1.5700E+01
   6.6000E+00  -1.5800E+01
   6.8000E+00  -1.5900E+01
   7.0000E+00  -1.6000E+01
   7.2000E+00  -1.6100E+01
   7.4000E+00  -1.6200E+01
   7.6000E+00  -1.6300E+01
   7.8000E+00  -1.6400E+01
   8.0000E+00  -1.6500E+01
   8.2000E+00  -1.6600E+01
   8.4000E+00  -1.6700E+01
   8.6000E+00  -1.6800E+01
   8.8000E+00  -1.6900E+01
   9.0000E+00  -1.7000E+01
   0.0000E+00   8.1065E-18   3.2735E-02   1.0000E-13
   2.0000E-01  -1.2600E+01
   4.0000E-01  -1.2700E+01
   6.0000E-01  -1.2800E+01
   8.0000E-01  -1.2900E+01
   1.0000E+00  -1.3000E+01
   1.2000E+00  -1.3100E+01
   1.4000E+00  -1.3200E+01
   1.6000E+00  -1.3300E+01
   1.8000E+00  -1.3400E+01
   2.0000E+00  -1.3500E+01
   2.2000E+00  -1.3600E+01
   2.4000E+00  -1.3700E+01
   2.6000E+00  -1.3800E+01
   2.8000E+00  -1.3900E+01
   3.0000E+00  -1.4000E+01
   3.2000E+00  -1.4100E+01
   3.4000E+00  -1.4200E+01
   3.6000E+00  -1.4300E+01
   3.8000E+00  -1.4400E+01
   4.0000E+00  -1.4500E+01
   4.2000E+00  -1.4600E+01
   4.4000E+00  -1.4700E+01
   4.6000E+00  -1.4800E+01
   4.8000E+00  -1.4900E+01
   5.0000E+00  -1.5000E+01
   5.2000E+00  -1.5100E+01
   5.4000E+00  -1.5200E+01
   5.6000E+00  -1.5300E+01
   5.8000E+00  -1.5400E+01
   6.0000E+00  -1.5500E+01
   6.2000E+00  -1.5600E+01
   6.4000E+00  -1.5700E+01
   6.6000E+00  -1.5800E+01
   6.8000E+00  -1.5900E+01
   7.0000E+00  -1.6000E+01
   7.2000E+00  -1.6100E+01
   7.4000E+00  -1.6200E+01
   7.6000E+00  -1.6300E+01
   7.8000E+00  -1.6400E+01
   8.0000E+00  -1.6500E+01
   8.2000E+00  -1.6600E+01
   8.4000E+00  -1.6700E+01
   8.6000E+00  -1.6800E+01
   8.8000E+00  -1.6900E+01
   9.0000E+00  -1.7000E+01
   5.0000E+00   8.0596E-18   4.9850E-02   1.3032E-04
   2.0000E-01  -2.1543E+00
   4.0000E-01  -2.2073E+00
   6.0000E-01  -2.2690E+00
   8.0000E-01  -2.3499E+00
   1.0000E+00  -2.4565E+00
   1.2000E+00  -2.5907E+00
   1.4000E+00  -2.7500E+00
   1.6000E+00  -2.9300E+00
   1.8000E+00  -3.1254E+00
   2.0000E+00  -3.3319E+00
   2.2000E+00  -3.5459E+00
   2.4000E+00  -3.7650E+00
   2.6000E+00  -3.9872E+00
   2.8000E+00  -4.2114E+00
   3.0000E+00  -4.4514E+00
   3.2000E+00  -4.7205E+00
   3.4000E+00  -5.1160E+00
   3.6000E+00  -1.2756E+01
   3.8000E+00  -1.2855E+01
   4.0000E+00  -1.2982E+01
   4.2000E+00  -1.3107E+01
   4.4000E+00  -1.3244E+01
   4.6000E+00  -1.3410E+01
   4.8000E+00  -1.3610E+01
   5.0000E+00  -1.3844E+01
   5.2000E+00  -1.4146E+01
   5.4000E+00  -1.4468E+01
   5.6000E+00  -1.4972E+01
   5.8000E+00  -1.5470E+01
   6.0000E+00  -1.6353E+01
   6.2000E+00  -1.6910E+01
   6.4000E+00  -1.7061E+01
   6.6000E+00  -1.7115E+01
   6.8000E+00  -1.7158E+01
   7.0000E+00  -1.7182E+01
   7.2000E+00  -1.7202E+01
   7.4000E+00  -1.7213E+01
   7.6000E+00  -1.7222E+01
   7.8000E+00  -1.7225E+01
   8.0000E+00  -1.7228E+01
   8.2000E+00  -1.7228E+01
   8.4000E+00  -1.7226E+01
   8.6000E+00  -1.7223E+01
   8.8000E+00  -1.7220E+01
   9.0000E+00  -1.7217E+01
