6.404999999999999583e-01 5.334686872331281947e-11
1.665499999999999980e+00 7.657092806464483010e-11
2.690500000000000114e+00 1.150163846452252026e-10
3.715500000000000025e+00 8.820497289242350500e-11
4.740249999999999631e+00 7.012115677115130857e-11
5.765249999999999986e+00 5.694401728296729297e-11
6.790250000000000341e+00 5.390666861199587074e-11
7.815249999999999808e+00 4.622686556386253244e-11
8.839999999999999858e+00 3.808880606633997889e-11
9.737000000000000099e+00 4.212483134770557983e-11
1.063375000000000092e+01 4.901382011882989960e-11
1.165874999999999950e+01 5.196215976588488109e-11
1.268374999999999808e+01 4.899011715808315244e-11
1.370850000000000080e+01 5.150921165284267134e-11
1.473350000000000115e+01 7.482210192119179367e-11
1.575850000000000151e+01 9.208452458852838918e-11
1.678325000000000244e+01 1.297905839106078315e-10
1.780825000000000102e+01 2.316223537755988237e-10
1.870499999999999829e+01 2.542766746540385844e-10
1.960200000000000031e+01 1.348975671557228429e-10
2.062699999999999889e+01 7.961290444714712991e-11
2.165174999999999983e+01 1.013511234571721777e-10
2.267674999999999841e+01 1.516332659814285633e-10
2.370175000000000054e+01 2.423059989868824005e-10
2.472675000000000267e+01 1.977628056725350428e-10
2.575150000000000006e+01 1.416992675188801710e-10
2.677649999999999864e+01 2.022586471350601462e-10
2.780150000000000432e+01 2.182660402502526905e-10
2.869833333333333414e+01 2.542845978454519053e-10
2.959499999999999886e+01 2.515307754374178620e-10
3.062000000000000099e+01 2.663333399264573769e-10
3.164500000000000313e+01 1.619384065714453534e-10
3.267000000000000171e+01 7.378315130109226235e-11
3.369500000000000028e+01 6.227898119436833178e-11
3.471974999999999767e+01 5.628535695738196360e-11
3.574474999999999625e+01 7.603485822108681248e-11
3.676975000000000193e+01 1.048655426469183316e-10
3.766666666666666430e+01 7.717456839327042435e-11
3.856325000000000358e+01 2.029468020911396483e-10
3.958825000000000216e+01 2.408324550090996191e-10
4.061325000000000074e+01 1.052558582015200223e-10
4.163824999999999932e+01 1.591748200392168349e-10
4.266299999999999670e+01 7.226487204250199953e-11
4.368800000000000239e+01 1.314959718669466926e-10
4.471300000000000097e+01 9.906844429695792409e-11
4.573799999999999955e+01 1.097346250535317749e-10
4.676274999999999693e+01 3.258937207796931305e-10
4.765966666666665930e+01 2.288674883503466918e-10
4.855649999999999977e+01 8.229078617797909743e-11
4.958150000000000546e+01 9.880259316844092220e-11
5.060625000000000284e+01 1.897152911699568658e-10
5.163125000000000142e+01 9.063651122584038459e-11
5.265625000000000000e+01 6.886695833341845445e-11
5.368124999999999858e+01 1.383978583252605477e-10
5.470600000000000307e+01 1.272059737756301105e-10
5.573100000000000165e+01 3.768013291113121103e-10
5.662800000000000722e+01 4.720363068737088816e-10
5.752474999999999739e+01 2.469983475973507370e-10
5.854974999999999596e+01 8.484626541073653847e-11
5.957450000000000045e+01 1.291920718556167122e-10
6.059950000000000614e+01 2.533683351315220808e-10
6.162449999999999761e+01 1.070671864316800379e-10
6.264949999999999619e+01 8.261976334518232125e-11
6.367425000000000068e+01 6.754843359716574564e-11
6.469925000000000637e+01 6.109191203876487377e-11
6.572424999999999784e+01 9.333602235415050525e-11
6.662099999999999511e+01 1.902029880147755064e-10
6.751800000000000068e+01 2.270680343615371875e-10
6.854275000000001228e+01 2.443691006165495410e-10
6.956774999999998954e+01 1.255638426280822831e-10
7.059274999999999523e+01 1.199563613515192206e-10
7.161775000000000091e+01 2.076945014725773985e-10
7.264249999999999829e+01 2.372357377955403993e-10
7.366750000000000398e+01 1.250745570360896846e-10
7.469249999999999545e+01 8.307189102095586142e-11
7.558899999999999864e+01 1.047650785125060303e-10
7.648600000000000421e+01 1.015903595517023287e-10
7.751099999999999568e+01 1.154414986395213164e-10
7.853600000000000136e+01 1.353327325845253056e-10
7.956100000000000705e+01 8.679846697482041586e-11
8.058574999999999022e+01 7.294390911311458048e-11
8.161074999999999591e+01 5.958716676223646884e-11
8.263575000000000159e+01 6.376380816417322043e-11
8.366075000000000728e+01 6.929558843883046416e-11
8.468549999999999045e+01 6.721006964702267930e-11
8.558233333333332382e+01 7.551854230281924150e-11
8.647925000000000750e+01 7.306833236730279731e-11
8.750425000000001319e+01 7.100018555978234058e-11
8.852899999999999636e+01 1.348327369699271101e-10
8.955400000000000205e+01 3.563944949590891074e-10
9.057899999999997931e+01 3.798986234717690090e-10
9.160399999999999920e+01 2.656497668046939554e-10
9.262900000000001910e+01 1.292272050643287616e-10
9.365375000000000227e+01 1.048079107938144406e-10
9.455066666666665753e+01 6.855103921739488837e-11
9.544749999999999091e+01 5.602199339949884287e-11
9.647249999999999659e+01 1.204998750258323429e-10
9.749724999999999397e+01 7.773287434115605574e-11
9.852224999999999966e+01 7.415498311684211592e-11
9.954725000000000534e+01 6.537198127403325551e-11
1.005722499999999968e+02 2.919891033131264263e-10
1.015969999999999942e+02 2.059605792964848835e-10
1.026219999999999857e+02 6.048264212769331307e-11
1.035190000000000055e+02 7.674934791162701378e-11
1.044157500000000027e+02 7.031881938974516357e-11
1.054405000000000001e+02 1.751275597850931331e-10
1.064654999999999916e+02 2.155696244268240857e-10
1.074904999999999973e+02 2.538748085961471106e-10
1.085155000000000030e+02 1.582430463966814179e-10
1.095402500000000003e+02 1.368708893726683413e-10
1.105652499999999918e+02 1.673570883265850747e-10
1.115902499999999975e+02 1.760516946680760771e-10
1.126152500000000032e+02 5.343458889970894296e-10
1.135120000000000005e+02 4.782996241809334885e-10
1.144087499999999977e+02 1.126066262213110518e-10
1.154337500000000034e+02 1.225511961545416094e-10
1.164587500000000091e+02 1.057006885472578244e-10
1.174837500000000006e+02 7.803020985372159310e-11
1.185084999999999980e+02 8.493662870444369362e-11
1.195335000000000036e+02 1.529902924273289688e-10
1.205584999999999951e+02 1.603656275789127692e-10
1.215835000000000008e+02 1.094530097270057633e-10
1.224800000000000040e+02 1.294923243034062112e-10
1.233769999999999811e+02 9.933291283244004198e-11
1.244020000000000010e+02 9.285224371162899043e-11
1.254270000000000209e+02 2.031513252113799051e-10
1.264519999999999982e+02 8.935255826237067558e-11
1.274767499999999956e+02 5.078888227341320432e-11
1.285017499999999870e+02 4.424300373911995541e-11
1.295267499999999927e+02 5.375779754194606590e-11
1.305517499999999984e+02 8.807072744682728821e-11
1.315765000000000100e+02 1.143066738038481636e-10
1.324733333333333576e+02 1.238828542245111607e-10
1.333702499999999986e+02 1.056126242057007418e-10
1.343950000000000102e+02 1.023086744366002773e-10
1.354199999999999875e+02 7.358093949281136973e-11
1.364449999999999932e+02 7.326274266066089035e-11
1.374699999999999989e+02 7.406918478612226524e-11
1.384949999999999761e+02 6.278918315476525729e-11
1.395197499999999877e+02 6.308322660372191052e-11
1.405447499999999934e+02 1.043108621050326732e-10
1.414416666666666913e+02 1.725952220706155802e-10
1.423385000000000105e+02 1.134275249212037206e-10
1.433632499999999936e+02 1.499166842754067440e-10
1.443882499999999993e+02 1.290871614620189132e-10
1.454132500000000050e+02 7.569019764109586780e-11
1.464382500000000107e+02 1.033589884301746084e-10
1.474629999999999939e+02 1.288809502769673572e-10
1.484879999999999995e+02 2.360120769699784341e-10
1.495129999999999768e+02 1.663810614815413163e-10
1.505379999999999825e+02 1.488332219945141674e-10
1.514350000000000307e+02 1.174954378060933528e-10
1.523315000000000055e+02 1.189868404768642520e-10
1.533565000000000111e+02 1.780198802192654742e-10
1.543814999999999884e+02 1.667105728884095871e-10
1.554064999999999941e+02 6.334369110040507222e-11
1.564312500000000057e+02 9.460012468135935493e-11
1.574562500000000114e+02 2.499768242046456478e-10
1.584812500000000171e+02 1.722601172623284579e-10
1.595062499999999943e+02 7.641979129154629028e-11
1.604029999999999916e+02 7.931572509040666433e-11
1.612997499999999889e+02 8.464941456406125564e-11
1.623247499999999945e+02 1.250352512193071329e-10
1.633497500000000002e+02 1.029627847734714300e-10
1.643744999999999834e+02 2.539615073648822851e-10
1.653994999999999891e+02 4.128982467985221898e-10
1.664244999999999948e+02 2.701667920714232902e-10
1.674495000000000005e+02 4.851444205224316457e-10
1.684742500000000121e+02 7.640034763602666913e-10
1.694992499999999893e+02 4.193807541571153699e-10
1.703959999999999866e+02 1.585058292914172484e-10
1.712929999999999779e+02 4.101960388549794031e-10
1.723180000000000121e+02 6.104285437472631503e-10
1.733427499999999952e+02 2.030131155975789788e-10
1.743677500000000009e+02 4.359240221177903001e-10
1.753927499999999782e+02 3.582083824644803765e-10
1.764177499999999839e+02 1.303659975492071048e-10
1.774424999999999955e+02 1.467083579588728113e-10
1.784675000000000011e+02 4.373957123525490974e-10
1.793643333333333203e+02 2.703475747685778752e-10
1.802612499999999898e+02 1.617715028470460806e-10
1.812859999999999729e+02 1.809625966603450431e-10
1.823109999999999786e+02 3.688523865593154827e-10
1.833360000000000127e+02 5.813157122358694355e-10
1.843610000000000184e+02 3.957575614566241898e-10
1.853859999999999957e+02 2.052153124185989348e-10
1.864107499999999789e+02 1.875002357922174574e-10
1.874357499999999845e+02 2.108185247103709257e-10
1.883326666666666824e+02 9.694686485617393708e-11
1.892295000000000300e+02 8.862469993451350576e-11
1.902542499999999848e+02 7.847516428010819355e-11
1.912792500000000189e+02 1.439961897224746794e-10
1.923042499999999961e+02 3.040888911895285266e-10
1.933289999999999793e+02 2.794552802349754900e-10
1.943539999999999850e+02 2.035776879907169587e-10
1.953789999999999907e+02 8.431819603947435619e-11
1.964040000000000248e+02 9.287275212124340092e-11
1.974290000000000020e+02 8.353920291599310272e-11
1.983256666666666490e+02 9.238389175799625912e-11
1.992224999999999966e+02 1.078603378510015372e-10
2.002475000000000023e+02 9.963398989051850885e-11
2.012725000000000080e+02 8.131770960693256782e-11
2.022972500000000196e+02 5.855912851785331083e-11
2.033222499999999684e+02 5.997483793118996151e-11
2.043472500000000025e+02 9.161623082359236533e-11
2.053722500000000082e+02 8.125846136166251422e-11
2.063969999999999914e+02 7.833715728889369941e-11
2.072940000000000111e+02 7.084304111058461488e-11
2.081907499999999800e+02 9.263541087595712944e-11
2.092157499999999857e+02 8.138314778866936617e-11
2.102407499999999914e+02 5.576533599111984864e-11
2.112655000000000030e+02 7.906297072104266892e-11
2.122905000000000086e+02 7.994924618088592750e-11
2.133154999999999859e+02 5.169862377731671747e-11
2.143404999999999916e+02 4.501422188379690738e-11
2.153652500000000032e+02 7.551898864828738467e-11
2.163902500000000089e+02 1.569609513765174733e-10
2.172870000000000061e+02 1.146781196117899848e-10
2.181839999999999975e+02 1.302440984292691606e-10
2.192089999999999748e+02 8.162410315327214245e-11
2.202337499999999864e+02 1.096220355383641011e-10
2.212587500000000205e+02 1.245069954280680564e-10
2.222837499999999977e+02 1.028842978696573613e-10
2.233085000000000093e+02 2.463597414969754777e-10
2.243334999999999866e+02 2.107490683891586488e-10
2.253584999999999923e+02 1.137491855432063121e-10
2.262553333333333683e+02 1.207939647084183801e-10
2.271519999999999868e+02 1.258976313615206652e-10
2.281769999999999925e+02 8.173756889660577665e-11
2.292020000000000266e+02 6.369756826858769244e-11
2.302270000000000039e+02 2.352213813473583994e-10
2.312519999999999811e+02 2.195800771250543721e-10
2.322767499999999927e+02 1.476183097198702935e-10
2.333017499999999984e+02 1.296243322492846880e-10
2.343267500000000041e+02 8.619418493347223565e-11
2.353517500000000098e+02 7.701857926263958628e-11
2.362483333333333348e+02 5.339175757255648918e-11
2.371452500000000043e+02 9.564644425681209221e-11
2.381702500000000100e+02 3.113151707149903203e-10
2.391952500000000157e+02 2.940258742644234833e-10
2.402200000000000273e+02 1.575120910267250223e-10
2.412449999999999761e+02 9.439204026077565264e-11
2.422700000000000102e+02 1.352786644301526348e-10
2.432949999999999875e+02 1.046466187696551458e-10
2.443199999999999932e+02 1.217284729230803649e-10
2.452166666666666970e+02 1.068345523150795304e-10
2.461134999999999877e+02 8.225306694714286816e-11
2.471384999999999934e+02 8.477473887342542745e-11
2.481634999999999991e+02 1.444273220883338204e-10
2.491882500000000107e+02 1.980214484880843188e-10
2.502132500000000164e+02 1.593865886015036658e-10
2.512382499999999936e+02 9.593062086514642657e-11
2.522629999999999768e+02 8.515059723345402124e-11
2.532880000000000109e+02 1.031192177686913649e-10
2.543130000000000166e+02 1.742480236420382774e-10
2.552100000000000080e+02 2.154951678084230393e-10
2.561067500000000337e+02 1.475039603390907169e-10
2.571315000000000168e+02 1.364199163636691896e-10
2.581564999999999941e+02 1.983946311853284888e-10
2.591815000000000282e+02 1.860405664544607980e-10
2.602065000000000055e+02 1.104853434275395873e-10
2.612312499999999886e+02 8.006527607022327961e-11
2.622562500000000227e+02 1.638954840793745986e-10
2.632812500000000000e+02 1.465469726901139003e-10
2.641780000000000541e+02 7.997866223403433467e-11
2.650749999999999886e+02 5.694672157190526491e-11
2.660997499999999718e+02 6.906287106933241931e-11
2.671247500000000059e+02 1.094857505979402403e-10
2.681497500000000400e+02 1.221627584058060428e-10
2.691747500000000173e+02 1.423287213503532980e-10
2.701995000000000005e+02 1.077526512804181712e-10
2.712244999999999777e+02 7.940032139043051863e-11
2.722495000000000118e+02 6.440081805983083874e-11
2.731463333333333594e+02 7.505735695509621919e-11
2.740430000000000064e+02 6.464356434934358710e-11
2.750679999999999836e+02 3.983192475747815308e-11
2.760929999999999609e+02 1.647196762691115232e-10
2.771179999999999950e+02 2.294505733151291186e-10
2.781430000000000291e+02 1.170929168981747162e-10
2.791677500000000691e+02 1.362057601265609042e-10
2.801927500000000464e+02 1.404426527270347487e-10
2.812177500000000236e+02 1.272411987013186183e-10
2.822425000000000068e+02 1.036970959476137650e-10
2.831393333333332976e+02 1.427356512353711347e-10
2.840362499999999955e+02 1.993842239314317899e-10
2.850612499999999727e+02 1.174741033252535490e-10
2.860860000000000127e+02 9.094621396852633866e-11
2.871109999999999900e+02 1.192253479653069477e-10
2.881359999999999673e+02 1.344038127101654194e-10
2.891610000000000014e+02 1.872657229476780955e-10
2.901859999999999786e+02 9.686562935237603383e-11
2.912107500000000186e+02 1.058294121451956796e-10
2.921076666666667165e+02 1.461038959140533155e-10
2.930045000000000073e+02 2.543425240079204164e-10
2.940294999999999845e+02 2.484956974609623831e-10
2.950542500000000246e+02 1.218769694278559133e-10
2.960792500000000018e+02 2.719870085710263393e-10
2.971042500000000359e+02 3.276020813752956608e-10
2.981292499999999563e+02 1.448455898684443130e-10
2.991539999999999964e+02 1.280371015267672821e-10
3.001789999999999736e+02 2.256777598795472152e-10
3.012040000000000077e+02 3.591771947728903350e-10
3.021010000000000559e+02 6.056356363584935923e-10
3.029977499999999964e+02 7.584934293757568921e-10
3.040224999999999795e+02 6.563928842112828457e-10
3.050475000000000136e+02 6.720198651953182703e-10
3.060724999999999909e+02 5.012757462729944820e-10
3.070975000000000250e+02 1.725588795780650144e-10
3.081222500000000082e+02 1.152258286053074250e-10
3.091472499999999854e+02 1.332475481366472501e-10
3.101722500000000196e+02 2.553120772774171958e-10
3.110690000000000168e+02 2.576280814263968106e-10
3.119657500000000709e+02 1.329274332105391645e-10
3.129907500000000482e+02 9.820110166757395801e-11
3.140157500000000255e+02 1.725902820434048194e-10
3.150407500000000027e+02 2.144964278960181903e-10
3.160654999999999859e+02 1.653391736389770952e-10
3.170905000000000200e+02 1.330038607327802390e-10
3.181154999999999973e+02 1.635164799713412210e-10
3.191404999999999745e+02 3.080548662190082581e-10
3.201652500000000146e+02 2.392038318140975168e-10
3.210619999999999550e+02 3.272064746347055783e-10
3.219590000000000032e+02 4.289139218596425437e-10
3.229839999999999804e+02 5.080821250147333505e-10
3.240090000000000146e+02 4.946009660669856340e-10
3.250337500000000546e+02 1.428330532501193170e-10
3.260587500000000318e+02 2.063406671734526002e-10
3.270837500000000091e+02 5.640118689752072376e-10
3.281087499999999864e+02 6.538083602401918195e-10
3.291335000000000264e+02 2.275651482357742235e-10
3.300303333333333171e+02 1.248115069747826274e-10
3.309272499999999582e+02 3.419740403953881084e-10
3.319522499999999923e+02 4.899888357536229163e-10
3.329769999999999754e+02 1.317189620291566526e-09
3.340020000000000095e+02 7.502567156073110008e-09
3.350269999999999868e+02 6.740347027635997630e-09
3.360519999999999641e+02 1.040984841955467903e-09
3.370769999999999982e+02 1.720855037024596049e-10
3.381017500000000382e+02 1.326082079356336330e-10
3.391267500000000155e+02 9.689070333853440574e-11
3.400236666666666565e+02 1.081224349988093000e-10
3.409202500000000100e+02 3.233553939142642019e-10
3.419452499999999873e+02 5.740792720259375822e-10
3.429702500000000214e+02 3.775793016737247862e-10
3.439952500000000555e+02 5.772120212648254531e-10
3.450199999999999818e+02 1.254796540147670085e-09
3.460449999999999591e+02 7.101942606328125644e-10
3.470699999999999932e+02 5.476319861527685714e-10
3.480950000000000273e+02 7.779775979737402283e-10
3.489920000000000186e+02 4.990801276326619822e-10
3.498885000000000218e+02 1.365931010155506500e-10
3.509134999999999991e+02 1.577866415690602967e-10
3.519384999999999764e+02 4.657954205942243757e-10
3.529634999999999536e+02 3.469371811959696215e-10
3.539882499999999936e+02 4.547670548903478877e-10
3.550132499999999709e+02 5.997585578561109113e-10
3.560382500000000050e+02 4.775862668881282673e-10
3.570632500000000391e+02 3.817684011678914707e-10
3.580880000000000223e+02 2.629356582040650820e-10
