6.404999999999999583e-01 1.999763519390769893e-11
1.665499999999999980e+00 2.937736771220942691e-11
2.690500000000000114e+00 4.595707009420547121e-11
3.715500000000000025e+00 3.480396357170489685e-11
4.740249999999999631e+00 2.707664362021630031e-11
5.765249999999999986e+00 2.159795337596233781e-11
6.790250000000000341e+00 2.026860310740714355e-11
7.815249999999999808e+00 1.730702566388736721e-11
8.839999999999999858e+00 1.405674256129157395e-11
9.737000000000000099e+00 1.549454956773768361e-11
1.063375000000000092e+01 1.821390144777303208e-11
1.165874999999999950e+01 1.943454078512271902e-11
1.268374999999999808e+01 1.835143222976664965e-11
1.370850000000000080e+01 1.921245153489348065e-11
1.473350000000000115e+01 2.862301952433777838e-11
1.575850000000000151e+01 3.600992634184779068e-11
1.678325000000000244e+01 5.252627297843874147e-11
1.780825000000000102e+01 1.003265236290258717e-10
1.870499999999999829e+01 1.121411341446335337e-10
1.960200000000000031e+01 5.671470070447801319e-11
2.062699999999999889e+01 3.125086965034035080e-11
2.165174999999999983e+01 3.996039053994650929e-11
2.267674999999999841e+01 6.243254989384363046e-11
2.370175000000000054e+01 1.055305868058313769e-10
2.472675000000000267e+01 8.574379928966554008e-11
2.575150000000000006e+01 5.864895142543389868e-11
2.677649999999999864e+01 8.624351396942584412e-11
2.780150000000000432e+01 9.425180627336500069e-11
2.869833333333333414e+01 1.117369233789112706e-10
2.959499999999999886e+01 1.106839547866553742e-10
3.062000000000000099e+01 1.179534001065472366e-10
3.164500000000000313e+01 6.903945764857475831e-11
3.267000000000000171e+01 2.924351807660760278e-11
3.369500000000000028e+01 2.368000960490298864e-11
3.471974999999999767e+01 2.136592594132735550e-11
3.574474999999999625e+01 2.923667938509601789e-11
3.676975000000000193e+01 4.181224258291209427e-11
3.766666666666666430e+01 3.009985057040231039e-11
3.856325000000000358e+01 8.702038914438862691e-11
3.958825000000000216e+01 1.071130475371442712e-10
4.061325000000000074e+01 4.327474800670830917e-11
4.163824999999999932e+01 6.660176197333720689e-11
4.266299999999999670e+01 2.856101129662628736e-11
4.368800000000000239e+01 5.305102681964476260e-11
4.471300000000000097e+01 3.998996856762038680e-11
4.573799999999999955e+01 4.432290027368527058e-11
4.676274999999999693e+01 1.468348395542030038e-10
4.765966666666665930e+01 1.018151916964392236e-10
4.855649999999999977e+01 3.378178391847776500e-11
4.958150000000000546e+01 3.909365419011936669e-11
5.060625000000000284e+01 8.007515351004275473e-11
5.163125000000000142e+01 3.720640782065126913e-11
5.265625000000000000e+01 2.666435776706835334e-11
5.368124999999999858e+01 5.644432912248924024e-11
5.470600000000000307e+01 5.208059463634267474e-11
5.573100000000000165e+01 1.734045292849696800e-10
5.662800000000000722e+01 2.238824906602650868e-10
5.752474999999999739e+01 1.116915770604848068e-10
5.854974999999999596e+01 3.458792293405508394e-11
5.957450000000000045e+01 5.293755876511190614e-11
6.059950000000000614e+01 1.114344928720541188e-10
6.162449999999999761e+01 4.427715278363938107e-11
6.264949999999999619e+01 3.231037908290770062e-11
6.367425000000000068e+01 2.594943968128819991e-11
6.469925000000000637e+01 2.325098400217555916e-11
6.572424999999999784e+01 3.661556582164200261e-11
6.662099999999999511e+01 8.001951990420617086e-11
6.751800000000000068e+01 9.842527436206022588e-11
6.854275000000001228e+01 1.073689720818757727e-10
6.956774999999998954e+01 5.215426319916649374e-11
7.059274999999999523e+01 4.837639842843110927e-11
7.161775000000000091e+01 8.871680565488628615e-11
7.264249999999999829e+01 1.036936645111418111e-10
7.366750000000000398e+01 5.207994119550417746e-11
7.469249999999999545e+01 3.257757917765330595e-11
7.558899999999999864e+01 4.142492074425931766e-11
7.648600000000000421e+01 4.033630966763034058e-11
7.751099999999999568e+01 4.624821021369504396e-11
7.853600000000000136e+01 5.528155952371124927e-11
7.956100000000000705e+01 3.442276277660680987e-11
8.058574999999999022e+01 2.818188305629796862e-11
8.161074999999999591e+01 2.267626457476983292e-11
8.263575000000000159e+01 2.418147918760519775e-11
8.366075000000000728e+01 2.651304107253545989e-11
8.468549999999999045e+01 2.567246962528546793e-11
8.558233333333332382e+01 2.903355808437094683e-11
8.647925000000000750e+01 2.815106315262642043e-11
8.750425000000001319e+01 2.724600262751686981e-11
8.852899999999999636e+01 5.509845734317402678e-11
8.955400000000000205e+01 1.625389829276819540e-10
9.057899999999997931e+01 1.759035923028420284e-10
9.160399999999999920e+01 1.192501985679375555e-10
9.262900000000001910e+01 5.374498379793658629e-11
9.365375000000000227e+01 4.191729881200678553e-11
9.455066666666665753e+01 2.679296724040504489e-11
9.544749999999999091e+01 2.126377077397372334e-11
9.647249999999999659e+01 4.816682370488418996e-11
9.749724999999999397e+01 3.062139925284826551e-11
9.852224999999999966e+01 2.870549581502671287e-11
9.954725000000000534e+01 2.526510290418123069e-11
1.005722499999999968e+02 1.299615680377393497e-10
1.015969999999999942e+02 9.146047676628567306e-11
1.026219999999999857e+02 2.411063264630068325e-11
1.035190000000000055e+02 2.941718647608917611e-11
1.044157500000000027e+02 2.709387509627157513e-11
1.054405000000000001e+02 7.303379849900592036e-11
1.064654999999999916e+02 9.293425206997212051e-11
1.074904999999999973e+02 1.116100676070328090e-10
1.085155000000000030e+02 6.694367282868342240e-11
1.095402500000000003e+02 5.611874190501583252e-11
1.105652499999999918e+02 6.992133948183388947e-11
1.115902499999999975e+02 7.455183276145864563e-11
1.126152500000000032e+02 2.566481409133717203e-10
1.135120000000000005e+02 2.310328595813597293e-10
1.144087499999999977e+02 4.993861496585517284e-11
1.154337500000000034e+02 4.927696522078472503e-11
1.164587500000000091e+02 4.249170055261625706e-11
1.174837500000000006e+02 3.042204754219358415e-11
1.185084999999999980e+02 3.303359320113190078e-11
1.195335000000000036e+02 6.289466544170245316e-11
1.205584999999999951e+02 6.705306989154997069e-11
1.215835000000000008e+02 4.416641050595036262e-11
1.224800000000000040e+02 5.240729630941928309e-11
1.233769999999999811e+02 3.976478544686955601e-11
1.244020000000000010e+02 3.668721009929038889e-11
1.254270000000000209e+02 8.643355960658326441e-11
1.264519999999999982e+02 3.676235291182189287e-11
1.274767499999999956e+02 1.925998716986993226e-11
1.285017499999999870e+02 1.646015053350708993e-11
1.295267499999999927e+02 2.006364762254935251e-11
1.305517499999999984e+02 3.413078476216720482e-11
1.315765000000000100e+02 4.566526872137561507e-11
1.324733333333333576e+02 5.007529614578376055e-11
1.333702499999999986e+02 4.225110484176669569e-11
1.343950000000000102e+02 4.064027091580037691e-11
1.354199999999999875e+02 2.865417266422909545e-11
1.364449999999999932e+02 2.813782236521486686e-11
1.374699999999999989e+02 2.855137032866325611e-11
1.384949999999999761e+02 2.397753824509338416e-11
1.395197499999999877e+02 2.394336405257980042e-11
1.405447499999999934e+02 4.126458333416411121e-11
1.414416666666666913e+02 7.191267578450765725e-11
1.423385000000000105e+02 4.627269512227357689e-11
1.433632499999999936e+02 6.159163713156033534e-11
1.443882499999999993e+02 5.306023497923748434e-11
1.454132500000000050e+02 2.967855192130259121e-11
1.464382500000000107e+02 4.074890548709293193e-11
1.474629999999999939e+02 5.237642571716162517e-11
1.484879999999999995e+02 1.022823769113242771e-10
1.495129999999999768e+02 7.049820386469912635e-11
1.505379999999999825e+02 6.158410875756589541e-11
1.514350000000000307e+02 4.768751614029299163e-11
1.523315000000000055e+02 4.795540368669076202e-11
1.533565000000000111e+02 7.464212583135087499e-11
1.543814999999999884e+02 7.041485452272765326e-11
1.554064999999999941e+02 2.525070002328487599e-11
1.564312500000000057e+02 3.723379864441382714e-11
1.574562500000000114e+02 1.089344154545536358e-10
1.584812500000000171e+02 7.395541791342323205e-11
1.595062499999999943e+02 3.035783130338961575e-11
1.604029999999999916e+02 3.061370328090079405e-11
1.612997499999999889e+02 3.294938561256414397e-11
1.623247499999999945e+02 5.029216925200370784e-11
1.633497500000000002e+02 4.124583866321698900e-11
1.643744999999999834e+02 1.117269404470436641e-10
1.653994999999999891e+02 1.924187135393110253e-10
1.664244999999999948e+02 1.213337723895239410e-10
1.674495000000000005e+02 2.308283961877429064e-10
1.684742500000000121e+02 3.813283907580708915e-10
1.694992499999999893e+02 2.012438160134096838e-10
1.703959999999999866e+02 6.862765453525930999e-11
1.712929999999999779e+02 1.924294647118847430e-10
1.723180000000000121e+02 2.992720533710808809e-10
1.733427499999999952e+02 9.151177511408047160e-11
1.743677500000000009e+02 2.047205696062956564e-10
1.753927499999999782e+02 1.672342743568880825e-10
1.764177499999999839e+02 5.525319160708934869e-11
1.774424999999999955e+02 6.106779945684403750e-11
1.784675000000000011e+02 2.046373461687982336e-10
1.793643333333333203e+02 1.229109179959025014e-10
1.802612499999999898e+02 6.850343257486198779e-11
1.812859999999999729e+02 7.639221160619411362e-11
1.823109999999999786e+02 1.695716138675108207e-10
1.833360000000000127e+02 2.817524198703250255e-10
1.843610000000000184e+02 1.862981756962552719e-10
1.853859999999999957e+02 8.966685953031724098e-11
1.864107499999999789e+02 7.966506956466375392e-11
1.874357499999999845e+02 9.092775155825420819e-11
1.883326666666666824e+02 3.991043429580060726e-11
1.892295000000000300e+02 3.470816132949254045e-11
1.902542499999999848e+02 3.058995859457886813e-11
1.912792500000000189e+02 5.908499227662107846e-11
1.923042499999999961e+02 1.359910942971038746e-10
1.933289999999999793e+02 1.250404581372065757e-10
1.943539999999999850e+02 8.819979613987099575e-11
1.953789999999999907e+02 3.418455497771060162e-11
1.964040000000000248e+02 3.630437574926521241e-11
1.974290000000000020e+02 3.270879635148712942e-11
1.983256666666666490e+02 3.614191923335101140e-11
1.992224999999999966e+02 4.288448960788294575e-11
2.002475000000000023e+02 3.955953331731386184e-11
2.012725000000000080e+02 3.178285195452490326e-11
2.022972500000000196e+02 2.238303058958864855e-11
2.033222499999999684e+02 2.264270699284692742e-11
2.043472500000000025e+02 3.566789846414300954e-11
2.053722500000000082e+02 3.174949258152844112e-11
2.063969999999999914e+02 3.030817666171738405e-11
2.072940000000000111e+02 2.729223783548658423e-11
2.081907499999999800e+02 3.616453399880665088e-11
2.092157499999999857e+02 3.192122485195088522e-11
2.102407499999999914e+02 2.120916245773233883e-11
2.112655000000000030e+02 3.035684404078879906e-11
2.122905000000000086e+02 3.113446005007828593e-11
2.133154999999999859e+02 1.968412763235172996e-11
2.143404999999999916e+02 1.672381516794840903e-11
2.153652500000000032e+02 2.893093888072459438e-11
2.163902500000000089e+02 6.463030283287135073e-11
2.172870000000000061e+02 4.682399262192066486e-11
2.181839999999999975e+02 5.282732805400524782e-11
2.192089999999999748e+02 3.263309587773512359e-11
2.202337499999999864e+02 4.356656558745601857e-11
2.212587500000000205e+02 5.060016361943244603e-11
2.222837499999999977e+02 4.105818144560851133e-11
2.233085000000000093e+02 1.073771444878426660e-10
2.243334999999999866e+02 9.188388588900405005e-11
2.253584999999999923e+02 4.645439072966434782e-11
2.262553333333333683e+02 4.861024825589782381e-11
2.271519999999999868e+02 5.106216664389272964e-11
2.281769999999999925e+02 3.234569574866605026e-11
2.292020000000000266e+02 2.437287059284138680e-11
2.302270000000000039e+02 1.023156987156950578e-10
2.312519999999999811e+02 9.632517201402461136e-11
2.322767499999999927e+02 6.132198005599122921e-11
2.333017499999999984e+02 5.300119708776971532e-11
2.343267500000000041e+02 3.410675233170102647e-11
2.353517500000000098e+02 2.983126683816209686e-11
2.362483333333333348e+02 2.040048651110209026e-11
2.371452500000000043e+02 3.768760152748685263e-11
2.381702500000000100e+02 1.397189141755145589e-10
2.391952500000000157e+02 1.329350857247157418e-10
2.402200000000000273e+02 6.675898960848624850e-11
2.412449999999999761e+02 3.775392695398582705e-11
2.422700000000000102e+02 5.488491176808385046e-11
2.432949999999999875e+02 4.224708276414672125e-11
2.443199999999999932e+02 4.891921588285073048e-11
2.452166666666666970e+02 4.298335189941984518e-11
2.461134999999999877e+02 3.220373861329622623e-11
2.471384999999999934e+02 3.300611172284590010e-11
2.481634999999999991e+02 5.907891281530825389e-11
2.491882500000000107e+02 8.427518590677466914e-11
2.502132500000000164e+02 6.686306656325311705e-11
2.512382499999999936e+02 3.852344685419009389e-11
2.522629999999999768e+02 3.321075768066229647e-11
2.532880000000000109e+02 4.080980534410333143e-11
2.543130000000000166e+02 7.283367709256703443e-11
2.552100000000000080e+02 9.270895375580501221e-11
2.561067500000000337e+02 6.180510702442444999e-11
2.571315000000000168e+02 5.581969503627864167e-11
2.581564999999999941e+02 8.431835802555575295e-11
2.591815000000000282e+02 7.919652776551297985e-11
2.602065000000000055e+02 4.508870959653108341e-11
2.612312499999999886e+02 3.126236593520580476e-11
2.622562500000000227e+02 6.792212512187970136e-11
2.632812500000000000e+02 6.118543040992272571e-11
2.641780000000000541e+02 3.176351435097914588e-11
2.650749999999999886e+02 2.173037695898567431e-11
2.660997499999999718e+02 2.628241636837728034e-11
2.671247500000000059e+02 4.339609075697509747e-11
2.681497500000000400e+02 4.932388136268318338e-11
2.691747500000000173e+02 5.827770598876550292e-11
2.701995000000000005e+02 4.359307880241361770e-11
2.712244999999999777e+02 3.094948979336689351e-11
2.722495000000000118e+02 2.470669197835909842e-11
2.731463333333333594e+02 2.874809062104193400e-11
2.740430000000000064e+02 2.490721305492194416e-11
2.750679999999999836e+02 1.487540016871513614e-11
2.760929999999999609e+02 6.934505494462785136e-11
2.771179999999999950e+02 1.004660540846978921e-10
2.781430000000000291e+02 4.802633102052438297e-11
2.791677500000000691e+02 5.548544141936756718e-11
2.801927500000000464e+02 5.772141183662203499e-11
2.812177500000000236e+02 5.174025813576401087e-11
2.822425000000000068e+02 4.148492326518448863e-11
2.831393333333332976e+02 5.836307236036973384e-11
2.840362499999999955e+02 8.480484724650859231e-11
2.850612499999999727e+02 4.859812245129116343e-11
2.860860000000000127e+02 3.577886973716251884e-11
2.871109999999999900e+02 4.787017642614731188e-11
2.881359999999999673e+02 5.477643638218449571e-11
2.891610000000000014e+02 7.905860755497210705e-11
2.901859999999999786e+02 3.982699899127903406e-11
2.912107500000000186e+02 4.206308017967041667e-11
2.921076666666667165e+02 5.999705287035586427e-11
2.930045000000000073e+02 1.120014237723948138e-10
2.940294999999999845e+02 1.108933193040453957e-10
2.950542500000000246e+02 5.019369515554136583e-11
2.960792500000000018e+02 1.205167306884236243e-10
2.971042500000000359e+02 1.493603544620623140e-10
2.981292499999999563e+02 6.169847427261515729e-11
2.991539999999999964e+02 5.208169093494043190e-11
3.001789999999999736e+02 9.738817480591231762e-11
3.012040000000000077e+02 1.645819825141365224e-10
3.021010000000000559e+02 2.948390945336333872e-10
3.029977499999999964e+02 3.786281893286610590e-10
3.040224999999999795e+02 3.240830201513884685e-10
3.050475000000000136e+02 3.317226726675050378e-10
3.060724999999999909e+02 2.421590892849514212e-10
3.070975000000000250e+02 7.624744226672016702e-11
3.081222500000000082e+02 4.654980052940791353e-11
3.091472499999999854e+02 5.432909645785866331e-11
3.101722500000000196e+02 1.121397691141938369e-10
3.110690000000000168e+02 1.145184368444847635e-10
3.119657500000000709e+02 5.559285073313685508e-11
3.129907500000000482e+02 3.908227168966227658e-11
3.140157500000000255e+02 7.235720857351354150e-11
3.150407500000000027e+02 9.277407877158429957e-11
3.160654999999999859e+02 6.940885429672685632e-11
3.170905000000000200e+02 5.484769936628272226e-11
3.181154999999999973e+02 6.836334527527794885e-11
3.191404999999999745e+02 1.380678649512102474e-10
3.201652500000000146e+02 1.056026492658880055e-10
3.210619999999999550e+02 1.486937666689214145e-10
3.219590000000000032e+02 2.011802263467148587e-10
3.229839999999999804e+02 2.436603068374133771e-10
3.240090000000000146e+02 2.386877302948270226e-10
3.250337500000000546e+02 6.251433738657215950e-11
3.260587500000000318e+02 8.994595237792857218e-11
3.270837500000000091e+02 2.718837248046129542e-10
3.281087499999999864e+02 3.218710975698913069e-10
3.291335000000000264e+02 1.060320589332999043e-10
3.300303333333333171e+02 5.168488736442881676e-11
3.309272499999999582e+02 1.553163297972280991e-10
3.319522499999999923e+02 2.332229429577887111e-10
3.329769999999999754e+02 6.931402107742862917e-10
3.340020000000000095e+02 4.131698503188089789e-09
3.350269999999999868e+02 3.656549517345908374e-09
3.360519999999999641e+02 5.498107103114194858e-10
3.370769999999999982e+02 7.760933658234010976e-11
3.381017500000000382e+02 5.418337508829034128e-11
3.391267500000000155e+02 3.894382175723875544e-11
3.400236666666666565e+02 4.321772491647612165e-11
3.409202500000000100e+02 1.462694675311969186e-10
3.419452499999999873e+02 2.776623598959187775e-10
3.429702500000000214e+02 1.776223021711706560e-10
3.439952500000000555e+02 2.842339070999498591e-10
3.450199999999999818e+02 6.549275285554983119e-10
3.460449999999999591e+02 3.564212566050261081e-10
3.470699999999999932e+02 2.652561142941147065e-10
3.480950000000000273e+02 3.889840272532880951e-10
3.489920000000000186e+02 2.435892371732014110e-10
3.498885000000000218e+02 6.065502928014329381e-11
3.509134999999999991e+02 6.725207676504547717e-11
3.519384999999999764e+02 2.196436120822340004e-10
3.529634999999999536e+02 1.599765765968124023e-10
3.539882499999999936e+02 2.148507748302205603e-10
3.550132499999999709e+02 2.922118212261801851e-10
3.560382500000000050e+02 2.279871280722072345e-10
3.570632500000000391e+02 1.775210552391335138e-10
3.580880000000000223e+02 1.173970701510952453e-10
