-5.000000000000000000e+01 2.213711317681680835e-01
-4.900000000000000000e+01 2.184227254897278259e-01
-4.800000000000000000e+01 2.213301401893872644e-01
-4.700000000000000000e+01 2.344554165662043055e-01
-4.600000000000000000e+01 2.548714700737195193e-01
-4.500000000000000000e+01 2.598782658998101125e-01
-4.400000000000000000e+01 2.519052355985700320e-01
-4.300000000000000000e+01 2.501378042593900286e-01
-4.200000000000000000e+01 2.478254207588093672e-01
-4.100000000000000000e+01 2.462377716958163709e-01
-4.000000000000000000e+01 2.497518080263346762e-01
-3.900000000000000000e+01 2.529483935727168675e-01
-3.800000000000000000e+01 2.513841971952645582e-01
-3.700000000000000000e+01 2.468655516684742368e-01
-3.600000000000000000e+01 2.447539693327136778e-01
-3.500000000000000000e+01 2.515666277738677903e-01
-3.400000000000000000e+01 2.702767751049450218e-01
-3.300000000000000000e+01 2.834615396270251941e-01
-3.200000000000000000e+01 2.888373488848987591e-01
-3.100000000000000000e+01 2.932706386350262262e-01
-3.000000000000000000e+01 2.939352966876667139e-01
-2.900000000000000000e+01 2.969469949319387125e-01
-2.800000000000000000e+01 2.963369674780003127e-01
-2.700000000000000000e+01 3.018877267831468481e-01
-2.600000000000000000e+01 3.150283376176001848e-01
-2.500000000000000000e+01 3.295608772385543728e-01
-2.400000000000000000e+01 3.443715804412630921e-01
-2.300000000000000000e+01 3.530554365076421508e-01
-2.200000000000000000e+01 3.564177467635759600e-01
-2.100000000000000000e+01 3.558662454876979075e-01
-2.000000000000000000e+01 3.477265300251730085e-01
-1.900000000000000000e+01 3.377773000831974515e-01
-1.800000000000000000e+01 3.492157032722194576e-01
-1.700000000000000000e+01 3.636360710817130859e-01
-1.600000000000000000e+01 3.695582380978423842e-01
-1.500000000000000000e+01 3.730267063855647880e-01
-1.400000000000000000e+01 3.752241900182281542e-01
-1.300000000000000000e+01 3.779902440906537375e-01
-1.200000000000000000e+01 3.884294327736909080e-01
-1.100000000000000000e+01 3.964391340547163134e-01
-1.000000000000000000e+01 4.095106672055518482e-01
-9.000000000000000000e+00 4.349331545924041698e-01
-8.000000000000000000e+00 4.646104580861002420e-01
-7.000000000000000000e+00 4.783830501941681579e-01
-6.000000000000000000e+00 4.785712267061634217e-01
-5.000000000000000000e+00 4.987548675812404908e-01
-4.000000000000000000e+00 5.430052603561219549e-01
-3.000000000000000000e+00 5.876194404457888432e-01
-2.000000000000000000e+00 6.488376021875199573e-01
-1.000000000000000000e+00 8.188267400869291279e-01
0.000000000000000000e+00 9.617846758208118407e-01
1.000000000000000000e+00 8.219911069054224306e-01
2.000000000000000000e+00 6.535283505569127183e-01
3.000000000000000000e+00 5.896370843644638260e-01
4.000000000000000000e+00 5.461806691128909819e-01
5.000000000000000000e+00 5.028931583496393243e-01
6.000000000000000000e+00 4.824635297732695616e-01
7.000000000000000000e+00 4.781827196101472444e-01
8.000000000000000000e+00 4.655736771744191094e-01
9.000000000000000000e+00 4.362516992755077760e-01
1.000000000000000000e+01 4.098664694019988897e-01
1.100000000000000000e+01 3.964288042738512985e-01
1.200000000000000000e+01 3.897125579415204877e-01
1.300000000000000000e+01 3.814791138525407965e-01
1.400000000000000000e+01 3.749697277135964901e-01
1.500000000000000000e+01 3.708338297679544815e-01
1.600000000000000000e+01 3.697245933195775214e-01
1.700000000000000000e+01 3.639756542457465716e-01
1.800000000000000000e+01 3.476250146867663759e-01
1.900000000000000000e+01 3.393162732447514429e-01
2.000000000000000000e+01 3.522617987705077836e-01
2.100000000000000000e+01 3.589963564085787984e-01
2.200000000000000000e+01 3.568893953155808929e-01
2.300000000000000000e+01 3.501263029659683057e-01
2.400000000000000000e+01 3.388115395948121389e-01
2.500000000000000000e+01 3.215879237993541362e-01
2.600000000000000000e+01 3.078498292791053692e-01
2.700000000000000000e+01 3.005995611967892667e-01
2.800000000000000000e+01 2.998923878624491501e-01
2.900000000000000000e+01 3.012123057010622773e-01
3.000000000000000000e+01 3.004786217360367884e-01
3.100000000000000000e+01 2.967056171227568373e-01
3.200000000000000000e+01 2.874868534759738026e-01
3.300000000000000000e+01 2.795682036002821724e-01
3.400000000000000000e+01 2.674751777586687473e-01
3.500000000000000000e+01 2.486526779383629870e-01
3.600000000000000000e+01 2.407267822674011570e-01
3.700000000000000000e+01 2.467799447895200060e-01
3.800000000000000000e+01 2.552907297467840730e-01
3.900000000000000000e+01 2.557825610897395685e-01
4.000000000000000000e+01 2.467406778576430315e-01
4.100000000000000000e+01 2.432654383557488476e-01
4.200000000000000000e+01 2.460236558455639877e-01
4.300000000000000000e+01 2.471382372410045603e-01
4.400000000000000000e+01 2.474254494855527842e-01
4.500000000000000000e+01 2.497250899969837568e-01
4.600000000000000000e+01 2.428901997446217265e-01
4.700000000000000000e+01 2.208512645718717082e-01
4.800000000000000000e+01 2.051454285777415398e-01
4.900000000000000000e+01 2.026579561339270363e-01
5.000000000000000000e+01 2.074167603453049014e-01
-5.000000000000000000e+01 2.155808436239396164e-01
-4.900000000000000000e+01 2.106783321958654309e-01
-4.800000000000000000e+01 2.134716400581858353e-01
-4.700000000000000000e+01 2.312164876114662093e-01
-4.600000000000000000e+01 2.541956662482224849e-01
-4.500000000000000000e+01 2.582844823573569037e-01
-4.400000000000000000e+01 2.534823514628315455e-01
-4.300000000000000000e+01 2.519901710148075846e-01
-4.200000000000000000e+01 2.498854977217700168e-01
-4.100000000000000000e+01 2.475884201133309315e-01
-4.000000000000000000e+01 2.514593809233188759e-01
-3.900000000000000000e+01 2.570302872097250946e-01
-3.800000000000000000e+01 2.554573407272931473e-01
-3.700000000000000000e+01 2.470860932342852090e-01
-3.600000000000000000e+01 2.413041142566813291e-01
-3.500000000000000000e+01 2.524207375257223607e-01
-3.400000000000000000e+01 2.716890755630528287e-01
-3.300000000000000000e+01 2.809877935668707027e-01
-3.200000000000000000e+01 2.856433071486095265e-01
-3.100000000000000000e+01 2.915105552169828806e-01
-3.000000000000000000e+01 2.938976261993851979e-01
-2.900000000000000000e+01 2.960726801812927356e-01
-2.800000000000000000e+01 2.943904712528150891e-01
-2.700000000000000000e+01 2.998470969327463043e-01
-2.600000000000000000e+01 3.111050914091587627e-01
-2.500000000000000000e+01 3.238133022734170363e-01
-2.400000000000000000e+01 3.395310721958100242e-01
-2.300000000000000000e+01 3.486880775752419503e-01
-2.200000000000000000e+01 3.536238399146751643e-01
-2.100000000000000000e+01 3.514602392802680941e-01
-2.000000000000000000e+01 3.407339506117216810e-01
-1.900000000000000000e+01 3.301415481121058315e-01
-1.800000000000000000e+01 3.419467031385223788e-01
-1.700000000000000000e+01 3.594975548038373825e-01
-1.600000000000000000e+01 3.665387053508269988e-01
-1.500000000000000000e+01 3.716212021965857870e-01
-1.400000000000000000e+01 3.743797929940446689e-01
-1.300000000000000000e+01 3.794930175740078293e-01
-1.200000000000000000e+01 3.906443458865511698e-01
-1.100000000000000000e+01 3.966232761284684827e-01
-1.000000000000000000e+01 4.113962863974912065e-01
-9.000000000000000000e+00 4.378628803958328763e-01
-8.000000000000000000e+00 4.669414849348949570e-01
-7.000000000000000000e+00 4.774716357032062763e-01
-6.000000000000000000e+00 4.784890560398830095e-01
-5.000000000000000000e+00 5.080600525615431851e-01
-4.000000000000000000e+00 5.542549843120039288e-01
-3.000000000000000000e+00 5.966080174441605877e-01
-2.000000000000000000e+00 6.727064687890383921e-01
-1.000000000000000000e+00 8.736173461572973586e-01
0.000000000000000000e+00 9.947314433097766972e-01
1.000000000000000000e+00 8.028739576203605122e-01
2.000000000000000000e+00 6.404258524268072739e-01
3.000000000000000000e+00 5.850947943397639683e-01
4.000000000000000000e+00 5.412157426733896770e-01
5.000000000000000000e+00 4.969282842134577494e-01
6.000000000000000000e+00 4.769247548565217487e-01
7.000000000000000000e+00 4.774817567194286627e-01
8.000000000000000000e+00 4.599666549967724172e-01
9.000000000000000000e+00 4.293107254599315969e-01
1.000000000000000000e+01 4.052863124188192390e-01
1.100000000000000000e+01 3.953777976791674198e-01
1.200000000000000000e+01 3.893550827448836182e-01
1.300000000000000000e+01 3.785740711219353072e-01
1.400000000000000000e+01 3.754335424220248685e-01
1.500000000000000000e+01 3.713281391860009939e-01
1.600000000000000000e+01 3.659259343765802752e-01
1.700000000000000000e+01 3.562722288361820366e-01
1.800000000000000000e+01 3.377109932965092765e-01
1.900000000000000000e+01 3.332204846526892195e-01
2.000000000000000000e+01 3.468119902318704817e-01
2.100000000000000000e+01 3.541245114228059321e-01
2.200000000000000000e+01 3.527837565124699593e-01
2.300000000000000000e+01 3.455523724340773817e-01
2.400000000000000000e+01 3.349366558075196343e-01
2.500000000000000000e+01 3.191970567600100339e-01
2.600000000000000000e+01 3.074599691877831220e-01
2.700000000000000000e+01 2.966679723790140999e-01
2.800000000000000000e+01 2.954191278150545275e-01
2.900000000000000000e+01 2.965118261948833100e-01
3.000000000000000000e+01 2.928734531177505374e-01
3.100000000000000000e+01 2.903202741207516757e-01
3.200000000000000000e+01 2.835523463872535732e-01
3.300000000000000000e+01 2.787996526180089307e-01
3.400000000000000000e+01 2.651545344211329036e-01
3.500000000000000000e+01 2.450150125328499073e-01
3.600000000000000000e+01 2.400270599152748152e-01
3.700000000000000000e+01 2.492803805919596716e-01
3.800000000000000000e+01 2.559899400357247279e-01
3.900000000000000000e+01 2.549336520394643868e-01
4.000000000000000000e+01 2.484612688205714848e-01
4.100000000000000000e+01 2.463740176167170115e-01
4.200000000000000000e+01 2.487557231469590124e-01
4.300000000000000000e+01 2.497388150731162659e-01
4.400000000000000000e+01 2.518569153476205580e-01
4.500000000000000000e+01 2.553328967910070135e-01
4.600000000000000000e+01 2.452725003595309650e-01
4.700000000000000000e+01 2.214333952821449514e-01
4.800000000000000000e+01 2.093950054389242255e-01
4.900000000000000000e+01 2.101579627755863489e-01
5.000000000000000000e+01 2.153947269572262790e-01
-5.000000000000000000e+01 2.238341504974199481e-01
-4.900000000000000000e+01 2.212227325258229182e-01
-4.800000000000000000e+01 2.230051903511272304e-01
-4.700000000000000000e+01 2.344206695059810608e-01
-4.600000000000000000e+01 2.544267745929438829e-01
-4.500000000000000000e+01 2.623218478799535514e-01
-4.400000000000000000e+01 2.548596390588718230e-01
-4.300000000000000000e+01 2.521863601953580614e-01
-4.200000000000000000e+01 2.508776174727663233e-01
-4.100000000000000000e+01 2.485738681221949242e-01
-4.000000000000000000e+01 2.515310817431123391e-01
-3.900000000000000000e+01 2.547113585317346551e-01
-3.800000000000000000e+01 2.539353345293622888e-01
-3.700000000000000000e+01 2.497620942736844540e-01
-3.600000000000000000e+01 2.468965794922759471e-01
-3.500000000000000000e+01 2.522786340273091010e-01
-3.400000000000000000e+01 2.698875069484134581e-01
-3.300000000000000000e+01 2.853993736299561546e-01
-3.200000000000000000e+01 2.918360749511912933e-01
-3.100000000000000000e+01 2.971960148712409766e-01
-3.000000000000000000e+01 2.976841455779984935e-01
-2.900000000000000000e+01 3.010733439986242876e-01
-2.800000000000000000e+01 3.010428959099716861e-01
-2.700000000000000000e+01 3.047500072788810743e-01
-2.600000000000000000e+01 3.173262693276235891e-01
-2.500000000000000000e+01 3.318216698425501821e-01
-2.400000000000000000e+01 3.470481206654644213e-01
-2.300000000000000000e+01 3.567717691857649753e-01
-2.200000000000000000e+01 3.614708552899232874e-01
-2.100000000000000000e+01 3.621933355359189255e-01
-2.000000000000000000e+01 3.560774588361520498e-01
-1.900000000000000000e+01 3.446806905504433693e-01
-1.800000000000000000e+01 3.528205731848900184e-01
-1.700000000000000000e+01 3.678003703721718365e-01
-1.600000000000000000e+01 3.748914168009936931e-01
-1.500000000000000000e+01 3.780612010327312755e-01
-1.400000000000000000e+01 3.809975965409385656e-01
-1.300000000000000000e+01 3.829586950306607673e-01
-1.200000000000000000e+01 3.925175021659003671e-01
-1.100000000000000000e+01 4.008326645547292677e-01
-1.000000000000000000e+01 4.127371718470768114e-01
-9.000000000000000000e+00 4.377377681684386790e-01
-8.000000000000000000e+00 4.674116372240286199e-01
-7.000000000000000000e+00 4.844097362888687419e-01
-6.000000000000000000e+00 4.855118255917699188e-01
-5.000000000000000000e+00 5.015342215030269557e-01
-4.000000000000000000e+00 5.435000182327124341e-01
-3.000000000000000000e+00 5.899826272899311164e-01
-2.000000000000000000e+00 6.463483220688819308e-01
-1.000000000000000000e+00 7.989528762570112796e-01
0.000000000000000000e+00 9.641093174687235257e-01
1.000000000000000000e+00 8.617595492691129122e-01
2.000000000000000000e+00 6.812895873325375273e-01
3.000000000000000000e+00 6.040355932959858842e-01
4.000000000000000000e+00 5.597759725547580834e-01
5.000000000000000000e+00 5.149867210195908651e-01
6.000000000000000000e+00 4.906693116105990127e-01
7.000000000000000000e+00 4.852738962635556597e-01
8.000000000000000000e+00 4.744880211308006857e-01
9.000000000000000000e+00 4.473001462481451251e-01
1.000000000000000000e+01 4.197300991590808827e-01
1.100000000000000000e+01 4.033732656745627199e-01
1.200000000000000000e+01 3.951454644725914678e-01
1.300000000000000000e+01 3.867215135717598784e-01
1.400000000000000000e+01 3.800535845465492502e-01
1.500000000000000000e+01 3.755965268449105166e-01
1.600000000000000000e+01 3.747428082917378389e-01
1.700000000000000000e+01 3.701233160695505120e-01
1.800000000000000000e+01 3.552948563595133558e-01
1.900000000000000000e+01 3.437241065254290628e-01
2.000000000000000000e+01 3.546529450871581668e-01
2.100000000000000000e+01 3.636977039187828109e-01
2.200000000000000000e+01 3.624232715298460472e-01
2.300000000000000000e+01 3.567071659726594457e-01
2.400000000000000000e+01 3.459979150089392275e-01
2.500000000000000000e+01 3.288930212336853010e-01
2.600000000000000000e+01 3.140806215334466800e-01
2.700000000000000000e+01 3.058481497113729186e-01
2.800000000000000000e+01 3.036244262970961838e-01
2.900000000000000000e+01 3.046957114785220910e-01
3.000000000000000000e+01 3.045879631145703703e-01
3.100000000000000000e+01 3.016389945153457597e-01
3.200000000000000000e+01 2.929652654444509507e-01
3.300000000000000000e+01 2.844843302187844425e-01
3.400000000000000000e+01 2.733810347825662013e-01
3.500000000000000000e+01 2.553188609991394187e-01
3.600000000000000000e+01 2.447189025271081786e-01
3.700000000000000000e+01 2.485227218277278882e-01
3.800000000000000000e+01 2.568779432940242469e-01
3.900000000000000000e+01 2.594048666807617920e-01
4.000000000000000000e+01 2.514584394210899188e-01
4.100000000000000000e+01 2.468307277502592434e-01
4.200000000000000000e+01 2.497671631187119712e-01
4.300000000000000000e+01 2.517862793966665902e-01
4.400000000000000000e+01 2.514967804523959294e-01
4.500000000000000000e+01 2.544329013978432474e-01
4.600000000000000000e+01 2.504162242393517257e-01
4.700000000000000000e+01 2.294679515537439152e-01
4.800000000000000000e+01 2.111347834941661727e-01
4.900000000000000000e+01 2.061894493903959902e-01
5.000000000000000000e+01 2.101023384030155927e-01
