   0.0000E+00   1.1220E-02
   0.0000E+00   4.9787E-03
   1.0000E+00   5.0223E-03
   2.0000E+00   7.5110E-03
   3.0000E+00   1.3564E-02
   4.0000E+00   1.9713E-02
   5.0000E+00   2.1405E-02
   6.0000E+00   1.7304E-02
   7.0000E+00   1.1837E-02
   8.0000E+00   8.6351E-03
   9.0000E+00   7.6272E-03
   1.0000E+01   7.6021E-03
   1.1000E+01   8.3971E-03
   1.2000E+01   9.1928E-03
   1.3000E+01   9.7982E-03
   1.4000E+01   1.0385E-02
   1.5000E+01   1.0300E-02
   1.6000E+01   9.0531E-03
   1.7000E+01   7.0101E-03
   1.8000E+01   4.7738E-03
   1.9000E+01   3.3516E-03
   2.0000E+01   2.7362E-03
   2.1000E+01   2.7125E-03
   2.2000E+01   3.1079E-03
   2.3000E+01   3.8677E-03
   2.4000E+01   4.9310E-03
   2.5000E+01   5.8651E-03
   2.6000E+01   6.6788E-03
   2.7000E+01   7.2996E-03
   2.8000E+01   7.1553E-03
   2.9000E+01   6.2722E-03
   3.0000E+01   5.0006E-03
   3.1000E+01   4.2397E-03
   3.2000E+01   4.2914E-03
   3.3000E+01   5.0868E-03
   3.4000E+01   7.0717E-03
   3.5000E+01   9.2929E-03
   3.6000E+01   1.0671E-02
   3.7000E+01   1.0558E-02
   3.8000E+01   9.8712E-03
   3.9000E+01   9.5296E-03
   4.0000E+01   1.0304E-02
   4.1000E+01   1.1975E-02
   4.2000E+01   1.4989E-02
   4.3000E+01   1.6379E-02
   4.4000E+01   1.4832E-02
   4.5000E+01   1.1735E-02
   4.6000E+01   8.4456E-03
   4.7000E+01   7.1117E-03
   4.8000E+01   7.5301E-03
   4.9000E+01   9.9378E-03
   5.0000E+01   1.4134E-02
   5.1000E+01   1.5676E-02
   5.2000E+01   1.3106E-02
   5.3000E+01   8.1397E-03
   5.4000E+01   4.5232E-03
   5.5000E+01   3.1186E-03
   5.6000E+01   2.6374E-03
   5.7000E+01   2.7742E-03
   5.8000E+01   3.2793E-03
   5.9000E+01   3.7462E-03
   6.0000E+01   4.1953E-03
   6.1000E+01   4.5040E-03
   6.2000E+01   4.7381E-03
   6.3000E+01   5.1774E-03
   6.4000E+01   5.5650E-03
   6.5000E+01   6.0550E-03
   6.6000E+01   6.4373E-03
   6.7000E+01   6.3634E-03
   6.8000E+01   6.0317E-03
   6.9000E+01   5.3687E-03
   7.0000E+01   4.9380E-03
   7.1000E+01   5.0840E-03
   7.2000E+01   5.7704E-03
   7.3000E+01   7.1095E-03
   7.4000E+01   8.7339E-03
   7.5000E+01   1.0109E-02
   7.6000E+01   1.0733E-02
   7.7000E+01   1.0668E-02
   7.8000E+01   9.8383E-03
   7.9000E+01   8.8614E-03
   8.0000E+01   6.4224E-03
   8.1000E+01   5.5261E-03
   8.2000E+01   4.7647E-03
   8.3000E+01   4.5497E-03
   8.4000E+01   4.8460E-03
   8.5000E+01   5.6092E-03
   8.6000E+01   6.4177E-03
   8.7000E+01   6.9266E-03
   8.8000E+01   7.1588E-03
   8.9000E+01   7.1895E-03
   9.0000E+01   7.2693E-03
   9.1000E+01   7.4213E-03
   9.2000E+01   7.6371E-03
   9.3000E+01   7.7899E-03
   9.4000E+01   8.2852E-03
   9.5000E+01   9.3701E-03
   9.6000E+01   1.0864E-02
   9.7000E+01   1.1625E-02
   9.8000E+01   1.3286E-02
   9.9000E+01   1.4818E-02
   1.0000E+02   1.5603E-02
   1.0100E+02   1.5465E-02
   1.0200E+02   1.3401E-02
   1.0300E+02   9.5424E-03
   1.0400E+02   6.1042E-03
   1.0500E+02   4.3823E-03
   1.0600E+02   3.6817E-03
   1.0700E+02   3.9469E-03
   1.0800E+02   5.1451E-03
   1.0900E+02   6.5539E-03
   1.1000E+02   7.5168E-03
   1.1100E+02   7.3917E-03
   1.1200E+02   6.2359E-03
   1.1300E+02   4.9747E-03
   1.1400E+02   3.6641E-03
   1.1500E+02   2.9793E-03
   1.1600E+02   2.3439E-03
   1.1700E+02   2.0508E-03
   1.1800E+02   2.2238E-03
   1.1900E+02   3.0486E-03
   1.2000E+02   4.6677E-03
   1.2100E+02   6.6204E-03
   1.2200E+02   7.5910E-03
   1.2300E+02   7.2030E-03
   1.2400E+02   5.8272E-03
   1.2500E+02   5.3572E-03
   1.2600E+02   5.9178E-03
   1.2700E+02   7.6664E-03
   1.2800E+02   1.1391E-02
   1.2900E+02   1.5815E-02
   1.3000E+02   1.9685E-02
   1.3100E+02   2.2368E-02
   1.3200E+02   2.3519E-02
   1.3300E+02   2.3993E-02
   1.3400E+02   2.3809E-02
   1.3500E+02   2.3037E-02
   1.3600E+02   2.1936E-02
   1.3700E+02   2.0867E-02
   1.3800E+02   2.0134E-02
   1.3900E+02   1.9355E-02
   1.4000E+02   1.8915E-02
   1.4100E+02   1.9236E-02
   1.4200E+02   2.0125E-02
   1.4300E+02   2.1869E-02
   1.4400E+02   2.3254E-02
   1.4500E+02   2.3889E-02
   1.4600E+02   2.3376E-02
   1.4700E+02   2.1627E-02
   1.4800E+02   2.0065E-02
   1.4900E+02   1.9216E-02
   1.5000E+02   1.8519E-02
   1.5100E+02   1.8177E-02
   1.5200E+02   1.7630E-02
   1.5300E+02   1.6122E-02
   1.5400E+02   1.4591E-02
   1.5500E+02   1.2457E-02
   1.5600E+02   1.0870E-02
   1.5700E+02   9.5269E-03
   1.5800E+02   8.7600E-03
   1.5900E+02   8.2183E-03
   1.6000E+02   8.4191E-03
   1.6100E+02   9.4028E-03
   1.6200E+02   1.2001E-02
   1.6300E+02   1.5976E-02
   1.6400E+02   1.8752E-02
   1.6500E+02   1.8847E-02
   1.6600E+02   1.5585E-02
   1.6700E+02   1.2182E-02
   1.6800E+02   9.3376E-03
   1.6900E+02   7.2583E-03
   1.7000E+02   6.0988E-03
   1.7100E+02   5.6340E-03
   1.7200E+02   5.2834E-03
   1.7300E+02   5.4073E-03
   1.7400E+02   5.6404E-03
   1.7500E+02   6.2152E-03
   1.7600E+02   6.8021E-03
   1.7700E+02   7.2909E-03
   1.7800E+02   7.6612E-03
   1.7900E+02   8.0128E-03
   1.8000E+02   8.4046E-03
   1.8100E+02   8.9052E-03
   1.8200E+02   9.3427E-03
   1.8300E+02   9.5511E-03
   1.8400E+02   8.9000E-03
   1.8500E+02   7.5113E-03
   1.8600E+02   6.1846E-03
   1.8700E+02   4.9356E-03
   1.8800E+02   4.3778E-03
   1.8900E+02   4.3157E-03
   1.9000E+02   4.6070E-03
   1.9100E+02   5.2586E-03
   1.9200E+02   5.8559E-03
   1.9300E+02   6.7074E-03
   1.9400E+02   7.7415E-03
   1.9500E+02   8.9243E-03
   1.9600E+02   9.6719E-03
   1.9700E+02   1.1333E-02
   1.9800E+02   1.2243E-02
   1.9900E+02   1.3548E-02
   2.0000E+02   1.5311E-02
   2.0100E+02   1.6667E-02
   2.0200E+02   1.6826E-02
   2.0300E+02   1.5891E-02
   2.0400E+02   1.3148E-02
   2.0500E+02   8.4244E-03
   2.0600E+02   6.6542E-03
   2.0700E+02   5.4722E-03
   2.0800E+02   5.7402E-03
   2.0900E+02   7.7037E-03
   2.1000E+02   1.2385E-02
   2.1100E+02   1.7464E-02
   2.1200E+02   2.0468E-02
   2.1300E+02   2.0606E-02
   2.1400E+02   1.8124E-02
   2.1500E+02   1.5761E-02
   2.1600E+02   1.2489E-02
   2.1700E+02   9.6969E-03
   2.1800E+02   8.4112E-03
   2.1900E+02   7.7147E-03
   2.2000E+02   8.1959E-03
   2.2100E+02   9.5641E-03
   2.2200E+02   1.2038E-02
   2.2300E+02   1.4023E-02
   2.2400E+02   1.5196E-02
   2.2500E+02   1.5550E-02
   2.2600E+02   1.5335E-02
   2.2700E+02   1.5057E-02
   2.2800E+02   1.4770E-02
   2.2900E+02   1.4383E-02
   2.3000E+02   1.4565E-02
   2.3100E+02   1.5626E-02
   2.3200E+02   1.8079E-02
   2.3300E+02   2.2437E-02
   2.3400E+02   2.7361E-02
   2.3500E+02   2.9444E-02
   2.3600E+02   2.9059E-02
   2.3700E+02   2.6088E-02
   2.3800E+02   2.3655E-02
   2.3900E+02   2.1676E-02
   2.4000E+02   2.0616E-02
   2.4100E+02   2.0369E-02
   2.4200E+02   1.9654E-02
   2.4300E+02   1.8526E-02
   2.4400E+02   1.7340E-02
   2.4500E+02   1.6109E-02
   2.4600E+02   1.3724E-02
   2.4700E+02   1.1058E-02
   2.4800E+02   7.9555E-03
   2.4900E+02   6.6699E-03
   2.5000E+02   5.5881E-03
   2.5100E+02   5.1807E-03
   2.5200E+02   5.4508E-03
   2.5300E+02   6.2156E-03
   2.5400E+02   7.2146E-03
   2.5500E+02   8.9154E-03
   2.5600E+02   1.0526E-02
   2.5700E+02   1.1531E-02
   2.5800E+02   1.1289E-02
   2.5900E+02   9.2014E-03
   2.6000E+02   6.1450E-03
   2.6100E+02   4.5945E-03
   2.6200E+02   3.7107E-03
   2.6300E+02   3.6555E-03
   2.6400E+02   4.4392E-03
   2.6500E+02   5.6738E-03
   2.6600E+02   6.8402E-03
   2.6700E+02   7.4238E-03
   2.6800E+02   7.6741E-03
   2.6900E+02   7.3000E-03
   2.7000E+02   6.7685E-03
   2.7100E+02   5.7753E-03
   2.7200E+02   4.8710E-03
   2.7300E+02   4.0254E-03
   2.7400E+02   3.6574E-03
   2.7500E+02   3.5780E-03
   2.7600E+02   3.8030E-03
   2.7700E+02   4.4085E-03
   2.7800E+02   5.1668E-03
   2.7900E+02   6.9504E-03
   2.8000E+02   8.2993E-03
   2.8100E+02   1.0323E-02
   2.8200E+02   1.1124E-02
   2.8300E+02   1.0025E-02
   2.8400E+02   8.6661E-03
   2.8500E+02   7.3294E-03
   2.8600E+02   5.9530E-03
   2.8700E+02   5.3205E-03
   2.8800E+02   4.6457E-03
   2.8900E+02   4.4358E-03
   2.9000E+02   4.6850E-03
   2.9100E+02   5.4710E-03
   2.9200E+02   6.1745E-03
   2.9300E+02   7.1627E-03
   2.9400E+02   8.4430E-03
   2.9500E+02   9.1528E-03
   2.9600E+02   9.9623E-03
   2.9700E+02   1.0124E-02
   2.9800E+02   9.7908E-03
   2.9900E+02   8.8355E-03
   3.0000E+02   8.4964E-03
   3.0100E+02   7.6773E-03
   3.0200E+02   7.3455E-03
   3.0300E+02   7.0420E-03
   3.0400E+02   6.9946E-03
   3.0500E+02   7.3790E-03
   3.0600E+02   8.5247E-03
   3.0700E+02   1.0583E-02
   3.0800E+02   1.2960E-02
   3.0900E+02   1.5383E-02
   3.1000E+02   1.8082E-02
   3.1100E+02   1.9788E-02
   3.1200E+02   2.0094E-02
   3.1300E+02   1.7289E-02
   3.1400E+02   1.2340E-02
   3.1500E+02   8.5936E-03
   3.1600E+02   5.8767E-03
   3.1700E+02   4.5126E-03
   3.1800E+02   4.2133E-03
   3.1900E+02   4.4227E-03
   3.2000E+02   4.9962E-03
   3.2100E+02   6.0075E-03
   3.2200E+02   7.3307E-03
   3.2300E+02   8.7395E-03
   3.2400E+02   1.0593E-02
   3.2500E+02   1.1948E-02
   3.2600E+02   1.3113E-02
   3.2700E+02   1.3415E-02
   3.2800E+02   1.2643E-02
   3.2900E+02   1.1307E-02
   3.3000E+02   9.3204E-03
   3.3100E+02   7.6483E-03
   3.3200E+02   7.1592E-03
   3.3300E+02   8.2700E-03
   3.3400E+02   1.1345E-02
   3.3500E+02   1.8264E-02
   3.3600E+02   2.6980E-02
   3.3700E+02   3.4785E-02
   3.3800E+02   3.9911E-02
   3.3900E+02   4.0103E-02
   3.4000E+02   3.7862E-02
   3.4100E+02   3.3824E-02
   3.4200E+02   2.7227E-02
   3.4300E+02   2.3104E-02
   3.4400E+02   2.0685E-02
   3.4500E+02   1.9660E-02
   3.4600E+02   2.0494E-02
   3.4700E+02   2.2084E-02
   3.4800E+02   2.3854E-02
   3.4900E+02   2.6533E-02
   3.5000E+02   2.9085E-02
   3.5100E+02   3.1956E-02
   3.5200E+02   3.3981E-02
   3.5300E+02   3.5005E-02
   3.5400E+02   3.5399E-02
   3.5500E+02   3.6041E-02
   3.5600E+02   3.8364E-02
   3.5700E+02   4.2091E-02
   3.5800E+02   4.5164E-02
   3.5900E+02   4.7809E-02
   3.6000E+02   4.5850E-02
   3.6100E+02   3.9397E-02
   3.6200E+02   3.2856E-02
   3.6300E+02   2.6696E-02
   3.6400E+02   2.2727E-02
   3.6500E+02   2.0701E-02
   3.6600E+02   1.9922E-02
   3.6700E+02   1.9997E-02
   3.6800E+02   2.0813E-02
   3.6900E+02   2.3588E-02
   3.7000E+02   2.5130E-02
   3.7100E+02   2.5813E-02
   3.7200E+02   2.3424E-02
   3.7300E+02   1.9826E-02
   3.7400E+02   1.5190E-02
   3.7500E+02   1.2734E-02
   3.7600E+02   1.2347E-02
   3.7700E+02   1.3224E-02
   3.7800E+02   1.5519E-02
   3.7900E+02   1.7110E-02
   3.8000E+02   1.8000E-02
   3.8100E+02   1.7553E-02
   3.8200E+02   1.6853E-02
   3.8300E+02   1.6911E-02
   3.8400E+02   1.7469E-02
   3.8500E+02   1.8949E-02
   3.8600E+02   2.0115E-02
   3.8700E+02   1.8148E-02
   3.8800E+02   1.4636E-02
   3.8900E+02   9.8290E-03
   3.9000E+02   6.6380E-03
   3.9100E+02   5.2749E-03
   3.9200E+02   4.6073E-03
   3.9300E+02   4.6729E-03
   3.9400E+02   4.8781E-03
   3.9500E+02   4.7706E-03
   3.9600E+02   4.4074E-03
   3.9700E+02   3.8177E-03
   3.9800E+02   3.2984E-03
   3.9900E+02   3.0018E-03
   4.0000E+02   2.8763E-03
   4.0100E+02   2.8979E-03
   4.0200E+02   3.3485E-03
   4.0300E+02   4.4831E-03
   4.0400E+02   7.5228E-03
   4.0500E+02   1.3659E-02
   4.0600E+02   2.2681E-02
   4.0700E+02   2.8435E-02
   4.0800E+02   2.7231E-02
   4.0900E+02   2.0915E-02
   4.1000E+02   1.6102E-02
   4.1100E+02   1.3224E-02
   4.1200E+02   1.1438E-02
   4.1300E+02   1.0779E-02
   4.1400E+02   9.4716E-03
   4.1500E+02   8.0604E-03
   4.1600E+02   6.9497E-03
   4.1700E+02   5.7866E-03
   4.1800E+02   5.5630E-03
   4.1900E+02   6.2069E-03
   4.2000E+02   8.5110E-03
   4.2100E+02   1.1364E-02
   4.2200E+02   1.4668E-02
   4.2300E+02   1.6443E-02
   4.2400E+02   1.5778E-02
   4.2500E+02   1.4362E-02
   4.2600E+02   1.3007E-02
   4.2700E+02   1.1805E-02
   4.2800E+02   1.0494E-02
   4.2900E+02   9.7229E-03
   4.3000E+02   8.9096E-03
   4.3100E+02   8.5151E-03
   4.3200E+02   8.3976E-03
   4.3300E+02   8.4244E-03
   4.3400E+02   8.9298E-03
   4.3500E+02   9.7937E-03
   4.3600E+02   1.1162E-02
   4.3700E+02   1.2667E-02
   4.3800E+02   1.3342E-02
   4.3900E+02   1.2999E-02
   4.4000E+02   1.1760E-02
   4.4100E+02   1.0221E-02
   4.4200E+02   8.3919E-03
   4.4300E+02   6.9579E-03
   4.4400E+02   5.6231E-03
   4.4500E+02   4.5562E-03
   4.4600E+02   3.8867E-03
   4.4700E+02   3.6690E-03
   4.4800E+02   3.6666E-03
   4.4900E+02   3.7330E-03
   4.5000E+02   3.7910E-03
   4.5100E+02   3.8697E-03
   4.5200E+02   3.9298E-03
   4.5300E+02   3.9440E-03
   4.5400E+02   3.8390E-03
   4.5500E+02   3.6484E-03
   4.5600E+02   3.5524E-03
   4.5700E+02   3.6667E-03
   4.5800E+02   4.1414E-03
   4.5900E+02   5.1120E-03
   4.6000E+02   6.3538E-03
   4.6100E+02   8.0898E-03
   4.6200E+02   1.0083E-02
   4.6300E+02   1.2735E-02
   4.6400E+02   1.5208E-02
   4.6500E+02   1.6333E-02
   4.6600E+02   1.5580E-02
   4.6700E+02   1.3027E-02
   4.6800E+02   1.0411E-02
   4.6900E+02   9.0674E-03
   4.7000E+02   8.5922E-03
   4.7100E+02   8.9641E-03
   4.7200E+02   9.6689E-03
   4.7300E+02   1.0191E-02
   4.7400E+02   1.0470E-02
   4.7500E+02   1.0513E-02
   4.7600E+02   1.0743E-02
   4.7700E+02   1.1691E-02
   4.7800E+02   1.3570E-02
   4.7900E+02   1.4936E-02
   4.8000E+02   1.7275E-02
   4.8100E+02   1.8850E-02
   4.8200E+02   1.9261E-02
   4.8300E+02   1.8871E-02
   4.8400E+02   1.8902E-02
   4.8500E+02   2.0372E-02
   4.8600E+02   2.2049E-02
   4.8700E+02   2.5736E-02
   4.8800E+02   3.0470E-02
   4.8900E+02   3.4526E-02
   4.9000E+02   3.9137E-02
   4.9100E+02   4.1891E-02
   4.9200E+02   4.2494E-02
   4.9300E+02   4.0575E-02
   4.9400E+02   3.5275E-02
   4.9500E+02   3.1417E-02
   4.9600E+02   2.7819E-02
   4.9700E+02   2.5219E-02
   4.9800E+02   2.3475E-02
   4.9900E+02   2.2178E-02
   5.0000E+02   1.9005E-02
   5.0100E+02   1.3376E-02
   5.0200E+02   9.9110E-03
   5.0300E+02   6.4268E-03
   5.0400E+02   4.8929E-03
   5.0500E+02   4.3246E-03
   5.0600E+02   4.6319E-03
   5.0700E+02   5.3918E-03
   5.0800E+02   6.0162E-03
   5.0900E+02   6.3701E-03
   5.1000E+02   6.3769E-03
   5.1100E+02   6.3447E-03
   5.1200E+02   6.7021E-03
   5.1300E+02   7.5446E-03
   5.1400E+02   8.5620E-03
   5.1500E+02   1.0011E-02
   5.1600E+02   1.1462E-02
   5.1700E+02   1.2137E-02
   5.1800E+02   1.2236E-02
   5.1900E+02   1.2170E-02
   5.2000E+02   1.2112E-02
   5.2100E+02   1.2059E-02
   5.2200E+02   1.1994E-02
   5.2300E+02   1.1623E-02
   5.2400E+02   1.0793E-02
   5.2500E+02   9.7834E-03
   5.2600E+02   8.9963E-03
   5.2700E+02   8.5255E-03
   5.2800E+02   8.9024E-03
   5.2900E+02   1.0096E-02
   5.3000E+02   1.1896E-02
   5.3100E+02   1.2836E-02
   5.3200E+02   1.1671E-02
   5.3300E+02   8.9495E-03
   5.3400E+02   5.9653E-03
   5.3500E+02   4.2744E-03
   5.3600E+02   3.4423E-03
   5.3700E+02   3.2180E-03
   5.3800E+02   3.3355E-03
   5.3900E+02   3.4640E-03
   5.4000E+02   3.6221E-03
   5.4100E+02   3.7548E-03
   5.4200E+02   3.8279E-03
   5.4300E+02   3.8172E-03
   5.4400E+02   3.7039E-03
   5.4500E+02   3.4776E-03
   5.4600E+02   3.3451E-03
   5.4700E+02   3.2381E-03
   5.4800E+02   3.2445E-03
   5.4900E+02   3.3784E-03
   5.5000E+02   3.6118E-03
   5.5100E+02   4.3964E-03
   5.5200E+02   5.5787E-03
   5.5300E+02   7.3236E-03
   5.5400E+02   1.0067E-02
   5.5500E+02   1.3334E-02
   5.5600E+02   1.6602E-02
   5.5700E+02   2.0133E-02
   5.5800E+02   2.1717E-02
   5.5900E+02   2.0642E-02
   5.6000E+02   1.7432E-02
   5.6100E+02   1.3555E-02
   5.6200E+02   1.0082E-02
   5.6300E+02   7.5123E-03
   5.6400E+02   6.4345E-03
   5.6500E+02   5.4916E-03
   5.6600E+02   5.2525E-03
   5.6700E+02   5.4914E-03
   5.6800E+02   6.3818E-03
   5.6900E+02   7.4949E-03
   5.7000E+02   9.0711E-03
   5.7100E+02   1.0200E-02
   5.7200E+02   1.0530E-02
   5.7300E+02   1.0370E-02
   5.7400E+02   1.0263E-02
   5.7500E+02   1.0466E-02
   5.7600E+02   1.0802E-02
   5.7700E+02   1.1390E-02
   5.7800E+02   1.2320E-02
   5.7900E+02   1.2976E-02
   5.8000E+02   1.3321E-02
   5.8100E+02   1.3995E-02
   5.8200E+02   1.4905E-02
   5.8300E+02   1.5315E-02
   5.8400E+02   1.5688E-02
   5.8500E+02   1.6109E-02
   5.8600E+02   1.7002E-02
   5.8700E+02   1.8900E-02
   5.8800E+02   2.1224E-02
   5.8900E+02   2.2818E-02
   5.9000E+02   2.5294E-02
   5.9100E+02   2.7686E-02
   5.9200E+02   3.0698E-02
   5.9300E+02   3.2164E-02
   5.9400E+02   2.9820E-02
   5.9500E+02   2.4718E-02
   5.9600E+02   1.9618E-02
   5.9700E+02   1.5861E-02
   5.9800E+02   1.4202E-02
   5.9900E+02   1.4652E-02
   6.0000E+02   1.6776E-02
   6.0100E+02   1.9241E-02
   6.0200E+02   1.9071E-02
   6.0300E+02   1.5902E-02
   6.0400E+02   1.2895E-02
   6.0500E+02   9.9222E-03
   6.0600E+02   9.0945E-03
   6.0700E+02   9.6360E-03
   6.0800E+02   1.1597E-02
   6.0900E+02   1.3046E-02
   6.1000E+02   1.2480E-02
   6.1100E+02   1.0432E-02
   6.1200E+02   7.3284E-03
   6.1300E+02   5.8209E-03
   6.1400E+02   5.1746E-03
   6.1500E+02   5.3915E-03
   6.1600E+02   6.3754E-03
   6.1700E+02   6.8519E-03
   6.1800E+02   6.6295E-03
   6.1900E+02   5.3461E-03
   6.2000E+02   4.4939E-03
   6.2100E+02   4.0869E-03
   6.2200E+02   4.4337E-03
   6.2300E+02   5.7507E-03
   6.2400E+02   8.7334E-03
   6.2500E+02   1.0989E-02
   6.2600E+02   1.1910E-02
   6.2700E+02   1.0998E-02
   6.2800E+02   9.2008E-03
   6.2900E+02   7.9769E-03
   6.3000E+02   7.1110E-03
   6.3100E+02   6.8352E-03
   6.3200E+02   6.8767E-03
   6.3300E+02   7.4589E-03
   6.3400E+02   8.9761E-03
   6.3500E+02   1.1456E-02
   6.3600E+02   1.3950E-02
   6.3700E+02   1.4521E-02
   6.3800E+02   1.2342E-02
   6.3900E+02   9.1580E-03
   6.4000E+02   6.9394E-03
   6.4100E+02   6.4690E-03
   6.4200E+02   7.6745E-03
   6.4300E+02   1.0515E-02
   6.4400E+02   1.4230E-02
   6.4500E+02   1.5351E-02
   6.4600E+02   1.2707E-02
   6.4700E+02   8.5730E-03
   6.4800E+02   5.9601E-03
   6.4900E+02   4.5589E-03
   6.5000E+02   4.0700E-03
   6.5100E+02   4.2592E-03
   6.5200E+02   4.8772E-03
   6.5300E+02   6.2528E-03
   6.5400E+02   8.6596E-03
   6.5500E+02   1.3505E-02
   6.5600E+02   1.9502E-02
   6.5700E+02   2.4795E-02
   6.5800E+02   2.6932E-02
   6.5900E+02   2.5841E-02
   6.6000E+02   2.4614E-02
   6.6100E+02   2.3078E-02
   6.6200E+02   2.1648E-02
   6.6300E+02   2.1308E-02
   6.6400E+02   2.1690E-02
   6.6500E+02   2.4061E-02
   6.6600E+02   2.6913E-02
   6.6700E+02   3.2227E-02
   6.6800E+02   3.5823E-02
   6.6900E+02   3.6846E-02
   6.7000E+02   3.4713E-02
   6.7100E+02   3.1197E-02
   6.7200E+02   2.7626E-02
   6.7300E+02   2.4528E-02
   6.7400E+02   2.2420E-02
   6.7500E+02   2.0685E-02
   6.7600E+02   1.7116E-02
   6.7700E+02   1.4836E-02
   6.7800E+02   1.2159E-02
   6.7900E+02   1.0264E-02
   6.8000E+02   9.0345E-03
   6.8100E+02   8.0177E-03
   6.8200E+02   7.4875E-03
   6.8300E+02   7.3496E-03
   6.8400E+02   7.7456E-03
   6.8500E+02   8.7350E-03
   6.8600E+02   9.6688E-03
   6.8700E+02   1.0611E-02
   6.8800E+02   9.9179E-03
   6.8900E+02   7.9216E-03
   6.9000E+02   5.5102E-03
   6.9100E+02   4.1603E-03
   6.9200E+02   3.7736E-03
   6.9300E+02   4.0931E-03
   6.9400E+02   5.4219E-03
   6.9500E+02   6.8173E-03
   6.9600E+02   7.6134E-03
   6.9700E+02   7.7101E-03
   6.9800E+02   7.2404E-03
   6.9900E+02   7.4894E-03
   7.0000E+02   8.7173E-03
   7.0100E+02   1.1519E-02
   7.0200E+02   1.6762E-02
   7.0300E+02   2.1674E-02
   7.0400E+02   2.4321E-02
   7.0500E+02   2.3345E-02
   7.0600E+02   2.0797E-02
   7.0700E+02   1.7461E-02
   7.0800E+02   1.3893E-02
   7.0900E+02   1.0500E-02
   7.1000E+02   8.5962E-03
   7.1100E+02   7.1141E-03
   7.1200E+02   6.5160E-03
   7.1300E+02   6.4147E-03
   7.1400E+02   6.9017E-03
   7.1500E+02   8.1454E-03
   7.1600E+02   1.0364E-02
   7.1700E+02   1.4434E-02
   7.1800E+02   1.7983E-02
   7.1900E+02   1.9164E-02
   7.2000E+02   1.6321E-02
   7.2100E+02   1.1156E-02
   7.2200E+02   6.9102E-03
   7.2300E+02   4.8601E-03
   7.2400E+02   3.9217E-03
   7.2500E+02   3.6356E-03
   7.2600E+02   3.5433E-03
   7.2700E+02   3.5328E-03
   7.2800E+02   3.6075E-03
   7.2900E+02   3.7316E-03
   7.3000E+02   4.1782E-03
   7.3100E+02   4.7337E-03
   7.3200E+02   5.7272E-03
   7.3300E+02   7.4450E-03
   7.3400E+02   1.0456E-02
   7.3500E+02   1.4197E-02
   7.3600E+02   1.9915E-02
   7.3700E+02   2.9749E-02
   7.3800E+02   3.9332E-02
   7.3900E+02   4.2070E-02
   7.4000E+02   3.7015E-02
   7.4100E+02   2.7459E-02
   7.4200E+02   2.1957E-02
   7.4300E+02   1.8059E-02
   7.4400E+02   1.6555E-02
   7.4500E+02   1.6020E-02
   7.4600E+02   1.5684E-02
   7.4700E+02   1.5457E-02
   7.4800E+02   1.5312E-02
   7.4900E+02   1.5140E-02
   7.5000E+02   1.4679E-02
   7.5100E+02   1.3950E-02
   7.5200E+02   1.3399E-02
   7.5300E+02   1.2534E-02
   7.5400E+02   1.2524E-02
   7.5500E+02   1.3344E-02
   7.5600E+02   1.4874E-02
   7.5700E+02   1.6172E-02
   7.5800E+02   1.7160E-02
   7.5900E+02   1.6881E-02
   7.6000E+02   1.5848E-02
   7.6100E+02   1.4684E-02
   7.6200E+02   1.4392E-02
   7.6300E+02   1.5318E-02
   7.6400E+02   1.6671E-02
   7.6500E+02   1.8462E-02
   7.6600E+02   2.0267E-02
   7.6700E+02   2.1005E-02
   7.6800E+02   2.1542E-02
   7.6900E+02   2.1468E-02
