   0.0000E+00  -1.3979E+00
   0.0000E+00  -1.7155E+00
   1.0000E+00  -1.7206E+00
   2.0000E+00  -1.9829E+00
   3.0000E+00  -1.8305E+00
   4.0000E+00  -1.6454E+00
   5.0000E+00  -1.7422E+00
   6.0000E+00  -1.8965E+00
   7.0000E+00  -1.7938E+00
   8.0000E+00  -1.5793E+00
   9.0000E+00  -1.3820E+00
   1.0000E+01  -1.2920E+00
   1.1000E+01  -1.4005E+00
   1.2000E+01  -1.6454E+00
   1.3000E+01  -1.8746E+00
   1.4000E+01  -1.9922E+00
   1.5000E+01  -1.8602E+00
   1.6000E+01  -1.6630E+00
   1.7000E+01  -1.7162E+00
   1.8000E+01  -1.8985E+00
   1.9000E+01  -2.1006E+00
   2.0000E+01  -2.2428E+00
   2.1000E+01  -2.3051E+00
   2.2000E+01  -2.2188E+00
   2.3000E+01  -1.8713E+00
   2.4000E+01  -1.5597E+00
   2.5000E+01  -1.6091E+00
   2.6000E+01  -1.7659E+00
   2.7000E+01  -1.7320E+00
   2.8000E+01  -1.6149E+00
   2.9000E+01  -1.4892E+00
   3.0000E+01  -1.2927E+00
   3.1000E+01  -8.4074E-01
   3.2000E+01  -5.6407E-01
   3.3000E+01  -9.8468E-01
   3.4000E+01  -1.6732E+00
   3.5000E+01  -1.8950E+00
   3.6000E+01  -1.6411E+00
   3.7000E+01  -1.0271E+00
   3.8000E+01  -5.1551E-01
   3.9000E+01  -8.9832E-01
   4.0000E+01  -1.6113E+00
   4.1000E+01  -1.9770E+00
   4.2000E+01  -1.9989E+00
   4.3000E+01  -1.8231E+00
   4.4000E+01  -1.5758E+00
   4.5000E+01  -1.3891E+00
   4.6000E+01  -1.3099E+00
   4.7000E+01  -1.3614E+00
   4.8000E+01  -1.4915E+00
   4.9000E+01  -1.6439E+00
   5.0000E+01  -1.7142E+00
   5.1000E+01  -1.5509E+00
   5.2000E+01  -1.3492E+00
   5.3000E+01  -1.4266E+00
   5.4000E+01  -1.6067E+00
   5.5000E+01  -1.7816E+00
   5.6000E+01  -1.8775E+00
   5.7000E+01  -1.9140E+00
   5.8000E+01  -1.8247E+00
   5.9000E+01  -1.5770E+00
   6.0000E+01  -1.3402E+00
   6.1000E+01  -1.3824E+00
   6.2000E+01  -1.4916E+00
   6.3000E+01  -1.4218E+00
   6.4000E+01  -1.3990E+00
   6.5000E+01  -1.6594E+00
   6.6000E+01  -1.8538E+00
   6.7000E+01  -1.6983E+00
   6.8000E+01  -1.4857E+00
   6.9000E+01  -1.5371E+00
   7.0000E+01  -1.7288E+00
   7.1000E+01  -1.8464E+00
   7.2000E+01  -1.8380E+00
   7.3000E+01  -1.6958E+00
   7.4000E+01  -1.6011E+00
   7.5000E+01  -1.7642E+00
   7.6000E+01  -1.9956E+00
   7.7000E+01  -2.0918E+00
   7.8000E+01  -2.0455E+00
   7.9000E+01  -1.8490E+00
   8.0000E+01  -1.7474E+00
   8.1000E+01  -1.9004E+00
   8.2000E+01  -1.9609E+00
   8.3000E+01  -1.6269E+00
   8.4000E+01  -1.2847E+00
   8.5000E+01  -1.4184E+00
   8.6000E+01  -1.5070E+00
   8.7000E+01  -1.0835E+00
   8.8000E+01  -6.4605E-01
   8.9000E+01  -9.3852E-01
   9.0000E+01  -1.5255E+00
   9.1000E+01  -1.8985E+00
   9.2000E+01  -1.9591E+00
   9.3000E+01  -1.6708E+00
   9.4000E+01  -1.4020E+00
   9.5000E+01  -1.6249E+00
   9.6000E+01  -1.7136E+00
   9.7000E+01  -1.0784E+00
   9.8000E+01  -4.9215E-01
   9.9000E+01  -8.7240E-01
   1.0000E+02  -1.6417E+00
   1.0100E+02  -2.0771E+00
   1.0200E+02  -2.0299E+00
   1.0300E+02  -1.3326E+00
   1.0400E+02  -5.7529E-01
   1.0500E+02  -5.1810E-01
   1.0600E+02  -8.9610E-01
   1.0700E+02  -1.3059E+00
   1.0800E+02  -1.4949E+00
   1.0900E+02  -1.1477E+00
   1.1000E+02  -6.3990E-01
   1.1100E+02  -3.8870E-01
   1.1200E+02  -5.0958E-01
   1.1300E+02  -1.1012E+00
   1.1400E+02  -1.7770E+00
   1.1500E+02  -1.8917E+00
   1.1600E+02  -1.8036E+00
   1.1700E+02  -1.7647E+00
   1.1800E+02  -1.7779E+00
   1.1900E+02  -1.8340E+00
   1.2000E+02  -1.8116E+00
   1.2100E+02  -1.5696E+00
   1.2200E+02  -1.4076E+00
   1.2300E+02  -1.7037E+00
   1.2400E+02  -1.8090E+00
   1.2500E+02  -1.2304E+00
   1.2600E+02  -5.7201E-01
   1.2700E+02  -5.8316E-01
   1.2800E+02  -1.0560E+00
   1.2900E+02  -1.6209E+00
   1.3000E+02  -1.8536E+00
   1.3100E+02  -1.3738E+00
   1.3200E+02  -6.9379E-01
   1.3300E+02  -4.8246E-01
   1.3400E+02  -6.7916E-01
   1.3500E+02  -1.1526E+00
   1.3600E+02  -1.5645E+00
   1.3700E+02  -1.6707E+00
   1.3800E+02  -1.6858E+00
   1.3900E+02  -1.8543E+00
   1.4000E+02  -1.9200E+00
   1.4100E+02  -1.7067E+00
   1.4200E+02  -1.4542E+00
   1.4200E+02  -1.3979E+00
   1.4200E+02  -1.4387E+00
   1.4300E+02  -1.4342E+00
   1.4400E+02  -1.5585E+00
   1.4500E+02  -1.7038E+00
   1.4600E+02  -1.8839E+00
   1.4700E+02  -1.9286E+00
   1.4800E+02  -1.7742E+00
   1.4900E+02  -1.2160E+00
   1.5000E+02  -8.4413E-01
   1.5100E+02  -1.1475E+00
   1.5200E+02  -1.3360E+00
   1.5300E+02  -8.8642E-01
   1.5400E+02  -5.4131E-01
   1.5500E+02  -1.1618E+00
   1.5600E+02  -1.9775E+00
   1.5700E+02  -2.3546E+00
   1.5800E+02  -2.3116E+00
   1.5900E+02  -1.9468E+00
   1.6000E+02  -1.5063E+00
   1.6100E+02  -7.6658E-01
   1.6200E+02  -4.9052E-01
   1.6300E+02  -1.3316E+00
   1.6400E+02  -2.0635E+00
   1.6500E+02  -1.8884E+00
   1.6600E+02  -1.5565E+00
   1.6700E+02  -1.8838E+00
   1.6800E+02  -2.0150E+00
   1.6900E+02  -1.5910E+00
   1.7000E+02  -9.6315E-01
   1.7100E+02  -5.9763E-01
   1.7200E+02  -6.2934E-01
   1.7300E+02  -1.1827E+00
   1.7400E+02  -1.4986E+00
   1.7500E+02  -9.5408E-01
   1.7600E+02  -4.9325E-01
   1.7700E+02  -1.3347E+00
   1.7800E+02  -2.0301E+00
   1.7900E+02  -1.8240E+00
   1.8000E+02  -1.4845E+00
   1.8100E+02  -1.5906E+00
   1.8200E+02  -1.8189E+00
   1.8300E+02  -1.8529E+00
   1.8400E+02  -1.6865E+00
   1.8500E+02  -1.1841E+00
   1.8600E+02  -8.3661E-01
   1.8700E+02  -9.4164E-01
   1.8800E+02  -1.1962E+00
   1.8900E+02  -1.3931E+00
   1.9000E+02  -1.5145E+00
   1.9100E+02  -1.4876E+00
   1.9200E+02  -1.5604E+00
   1.9300E+02  -1.8705E+00
   1.9400E+02  -1.9427E+00
   1.9500E+02  -1.6144E+00
   1.9600E+02  -1.4507E+00
   1.9700E+02  -1.8040E+00
   1.9800E+02  -1.8876E+00
   1.9900E+02  -1.2260E+00
   2.0000E+02  -7.4681E-01
   2.0100E+02  -1.4971E+00
   2.0200E+02  -2.1484E+00
   2.0300E+02  -1.7841E+00
   2.0400E+02  -1.2041E+00
   2.0500E+02  -1.3931E+00
   2.0600E+02  -1.6575E+00
   2.0700E+02  -1.7259E+00
   2.0800E+02  -1.7179E+00
   2.0900E+02  -1.7112E+00
   2.1000E+02  -1.7380E+00
   2.1100E+02  -1.8056E+00
   2.1200E+02  -1.8185E+00
   2.1300E+02  -1.7554E+00
   2.1400E+02  -1.6504E+00
   2.1500E+02  -1.5128E+00
   2.1600E+02  -1.4808E+00
   2.1700E+02  -1.6658E+00
   2.1800E+02  -1.8923E+00
   2.1900E+02  -1.9961E+00
   2.2000E+02  -2.0233E+00
   2.2100E+02  -2.0161E+00
   2.2200E+02  -1.9050E+00
   2.2300E+02  -1.5921E+00
   2.2400E+02  -1.3926E+00
   2.2500E+02  -1.4000E+00
   2.2600E+02  -1.5620E+00
   2.2700E+02  -1.7742E+00
   2.2800E+02  -1.6471E+00
   2.2900E+02  -9.5253E-01
   2.3000E+02  -4.0261E-01
   2.3100E+02  -5.1313E-01
   2.3200E+02  -7.7913E-01
   2.3300E+02  -6.5664E-01
   2.3400E+02  -7.1271E-01
   2.3500E+02  -1.2508E+00
   2.3600E+02  -1.7523E+00
   2.3700E+02  -1.7767E+00
   2.3800E+02  -1.8007E+00
   2.3900E+02  -2.2153E+00
   2.4000E+02  -2.3539E+00
   2.4100E+02  -2.0736E+00
   2.4200E+02  -1.7956E+00
   2.4300E+02  -1.6249E+00
   2.4400E+02  -1.6435E+00
   2.4500E+02  -1.8012E+00
   2.4600E+02  -1.7506E+00
   2.4700E+02  -1.5529E+00
   2.4800E+02  -1.5213E+00
   2.4900E+02  -2.0045E+00
   2.5000E+02  -2.0897E+00
   2.5100E+02  -1.3291E+00
   2.5200E+02  -7.2476E-01
   2.5300E+02  -1.2693E+00
   2.5400E+02  -1.7777E+00
   2.5500E+02  -1.2522E+00
   2.5600E+02  -7.5601E-01
   2.5700E+02  -1.1988E+00
   2.5800E+02  -1.6724E+00
   2.5900E+02  -1.7494E+00
   2.6000E+02  -1.6909E+00
   2.6100E+02  -1.8203E+00
   2.6200E+02  -1.8693E+00
   2.6300E+02  -1.7791E+00
   2.6400E+02  -1.6696E+00
   2.6500E+02  -1.7214E+00
   2.6600E+02  -1.8229E+00
   2.6700E+02  -1.9807E+00
   2.6800E+02  -2.0766E+00
   2.6900E+02  -1.9941E+00
   2.7000E+02  -1.8352E+00
   2.7100E+02  -1.6558E+00
   2.7200E+02  -1.5640E+00
   2.7300E+02  -1.6866E+00
   2.7400E+02  -1.7629E+00
   2.7500E+02  -1.7241E+00
   2.7600E+02  -1.6864E+00
   2.7700E+02  -1.6878E+00
   2.7800E+02  -1.6288E+00
   2.7900E+02  -1.4693E+00
   2.8000E+02  -1.3655E+00
   2.8100E+02  -1.4726E+00
   2.8200E+02  -1.6066E+00
   2.8300E+02  -1.9259E+00
   2.8400E+02  -2.0228E+00
   2.8500E+02  -1.9315E+00
   2.8600E+02  -1.8001E+00
   2.8700E+02  -1.6621E+00
   2.8800E+02  -1.4795E+00
   2.8900E+02  -1.1992E+00
   2.9000E+02  -1.1884E+00
   2.9100E+02  -1.6723E+00
   2.9200E+02  -1.9273E+00
   2.9300E+02  -1.6247E+00
   2.9400E+02  -1.3679E+00
   2.9500E+02  -1.7946E+00
   2.9600E+02  -2.1335E+00
   2.9700E+02  -2.1863E+00
   2.9800E+02  -1.9441E+00
   2.9900E+02  -1.6085E+00
   3.0000E+02  -1.3097E+00
   3.0100E+02  -1.3785E+00
   3.0200E+02  -1.6287E+00
   3.0300E+02  -1.7983E+00
   3.0400E+02  -1.8345E+00
   3.0500E+02  -1.7303E+00
   3.0600E+02  -1.7091E+00
   3.0700E+02  -2.0171E+00
   3.0800E+02  -2.1956E+00
   3.0900E+02  -2.2042E+00
   3.1000E+02  -2.1781E+00
   3.1100E+02  -2.1792E+00
   3.1200E+02  -2.0746E+00
   3.1300E+02  -1.7417E+00
   3.1400E+02  -1.4701E+00
   3.1500E+02  -1.3762E+00
   3.1600E+02  -1.4467E+00
   3.1700E+02  -1.6488E+00
   3.1800E+02  -1.8103E+00
   3.1900E+02  -1.8036E+00
   3.2000E+02  -1.7534E+00
   3.2100E+02  -1.6665E+00
   3.2200E+02  -1.7164E+00
   3.2300E+02  -1.9183E+00
   3.2400E+02  -2.0606E+00
   3.2500E+02  -1.9972E+00
   3.2600E+02  -1.6847E+00
   3.2700E+02  -1.2420E+00
   3.2800E+02  -1.1130E+00
   3.2900E+02  -1.8775E+00
   3.3000E+02  -2.2581E+00
   3.3100E+02  -2.1156E+00
   3.3200E+02  -1.9271E+00
   3.3300E+02  -2.0757E+00
   3.3400E+02  -2.1633E+00
   3.3500E+02  -1.9278E+00
   3.3600E+02  -1.4922E+00
   3.3700E+02  -1.0045E+00
   3.3800E+02  -8.5354E-01
   3.3900E+02  -1.3519E+00
   3.4000E+02  -1.7303E+00
   3.4100E+02  -1.7773E+00
   3.4200E+02  -1.7366E+00
   3.4300E+02  -1.7114E+00
   3.4400E+02  -1.7590E+00
   3.4500E+02  -1.8581E+00
   3.4600E+02  -1.8809E+00
   3.4700E+02  -1.8593E+00
   3.4800E+02  -1.8942E+00
   3.4900E+02  -2.0359E+00
   3.5000E+02  -2.0473E+00
   3.5100E+02  -1.8730E+00
   3.5200E+02  -1.7175E+00
   3.5300E+02  -1.7215E+00
   3.5400E+02  -1.7451E+00
   3.5500E+02  -1.7450E+00
   3.5600E+02  -1.6977E+00
   3.5700E+02  -1.5799E+00
   3.5800E+02  -1.6812E+00
   3.5900E+02  -2.2654E+00
   3.6000E+02  -2.1791E+00
   3.6100E+02  -1.2196E+00
   3.6200E+02  -3.6142E-01
   3.6300E+02  -3.2233E-01
   3.6400E+02  -4.8129E-01
   3.6500E+02  -4.1854E-01
   3.6600E+02  -6.2142E-01
   3.6700E+02  -1.4316E+00
   3.6800E+02  -1.9319E+00
   3.6900E+02  -1.8311E+00
   3.7000E+02  -1.7420E+00
   3.7100E+02  -1.8981E+00
   3.7200E+02  -1.8844E+00
   3.7300E+02  -1.4528E+00
   3.7400E+02  -1.3296E+00
   3.7500E+02  -1.8088E+00
   3.7600E+02  -2.2641E+00
   3.7700E+02  -2.0203E+00
   3.7800E+02  -1.6387E+00
   3.7900E+02  -1.2774E+00
   3.8000E+02  -1.1498E+00
   3.8100E+02  -1.2822E+00
   3.8200E+02  -1.2867E+00
   3.8300E+02  -1.0040E+00
   3.8400E+02  -8.2980E-01
   3.8500E+02  -9.2154E-01
   3.8600E+02  -1.1583E+00
   3.8700E+02  -1.5632E+00
   3.8800E+02  -1.8098E+00
   3.8900E+02  -1.8772E+00
   3.9000E+02  -1.9561E+00
   3.9100E+02  -2.0595E+00
   3.9200E+02  -2.2488E+00
   3.9300E+02  -2.3799E+00
   3.9400E+02  -2.1670E+00
   3.9500E+02  -1.5363E+00
   3.9600E+02  -1.0922E+00
   3.9700E+02  -1.3856E+00
   3.9800E+02  -1.8169E+00
   3.9900E+02  -2.2345E+00
   4.0000E+02  -2.3687E+00
   4.0100E+02  -2.0656E+00
   4.0200E+02  -1.9238E+00
   4.0300E+02  -1.9976E+00
   4.0400E+02  -2.1164E+00
   4.0500E+02  -2.1266E+00
   4.0600E+02  -2.0278E+00
   4.0700E+02  -1.8587E+00
   4.0800E+02  -1.7362E+00
   4.0900E+02  -1.8514E+00
   4.1000E+02  -1.9458E+00
   4.1100E+02  -2.0015E+00
   4.1200E+02  -2.1002E+00
   4.1300E+02  -2.2901E+00
   4.1400E+02  -2.3042E+00
   4.1500E+02  -1.9390E+00
   4.1600E+02  -1.6960E+00
   4.1700E+02  -1.7340E+00
   4.1800E+02  -1.7355E+00
   4.1900E+02  -1.5311E+00
   4.2000E+02  -1.4003E+00
   4.2100E+02  -1.4029E+00
   4.2200E+02  -1.4000E+00
   4.2300E+02  -1.3592E+00
   4.2400E+02  -1.3367E+00
   4.2500E+02  -1.3642E+00
   4.2600E+02  -1.4401E+00
   4.2700E+02  -1.5623E+00
   4.2800E+02  -1.5511E+00
   4.2900E+02  -1.3986E+00
   4.3000E+02  -1.3704E+00
   4.3100E+02  -1.5658E+00
   4.3200E+02  -1.6107E+00
   4.3300E+02  -1.4836E+00
   4.3400E+02  -1.3696E+00
   4.3500E+02  -1.4216E+00
   4.3600E+02  -1.5926E+00
   4.3700E+02  -1.8871E+00
   4.3800E+02  -1.8496E+00
   4.3900E+02  -1.5170E+00
   4.4000E+02  -1.1593E+00
   4.4100E+02  -1.0797E+00
   4.4200E+02  -1.2509E+00
   4.4300E+02  -1.6208E+00
   4.4400E+02  -1.7598E+00
   4.4500E+02  -1.6549E+00
   4.4600E+02  -1.3675E+00
   4.4700E+02  -7.8876E-01
   4.4800E+02  -7.1225E-01
   4.4900E+02  -1.4641E+00
   4.5000E+02  -2.0782E+00
   4.5100E+02  -1.8926E+00
   4.5200E+02  -1.5175E+00
   4.5300E+02  -8.9863E-01
   4.5400E+02  -6.0650E-01
   4.5500E+02  -6.5286E-01
   4.5600E+02  -1.0924E+00
   4.5700E+02  -1.6379E+00
   4.5800E+02  -1.8983E+00
   4.5900E+02  -1.7095E+00
   4.6000E+02  -1.5476E+00
   4.6100E+02  -1.4994E+00
   4.6200E+02  -1.5227E+00
   4.6300E+02  -1.5833E+00
   4.6400E+02  -1.6458E+00
   4.6500E+02  -1.6902E+00
   4.6600E+02  -1.7412E+00
   4.6700E+02  -1.7773E+00
   4.6800E+02  -2.0179E+00
   4.6900E+02  -2.3971E+00
   4.7000E+02  -2.1525E+00
   4.7100E+02  -1.1891E+00
   4.7200E+02  -5.7400E-01
   4.7300E+02  -1.2048E+00
   4.7400E+02  -1.7508E+00
   4.7500E+02  -1.8216E+00
   4.7600E+02  -1.6871E+00
   4.7700E+02  -1.4564E+00
   4.7800E+02  -1.4762E+00
   4.7900E+02  -1.7946E+00
   4.8000E+02  -1.9709E+00
   4.8100E+02  -1.9603E+00
   4.8200E+02  -1.6764E+00
   4.8300E+02  -1.1985E+00
   4.8400E+02  -1.0353E+00
   4.8500E+02  -1.4520E+00
   4.8600E+02  -1.7896E+00
   4.8700E+02  -1.6838E+00
   4.8800E+02  -1.6996E+00
   4.8900E+02  -1.9126E+00
   4.9000E+02  -2.0090E+00
   4.9100E+02  -1.7407E+00
   4.9200E+02  -1.6629E+00
   4.9300E+02  -2.0068E+00
   4.9400E+02  -2.2635E+00
   4.9500E+02  -2.0628E+00
   4.9600E+02  -1.9322E+00
   4.9700E+02  -1.8814E+00
   4.9800E+02  -1.8710E+00
   4.9900E+02  -1.8447E+00
   5.0000E+02  -1.7035E+00
   5.0100E+02  -1.4054E+00
   5.0200E+02  -1.2451E+00
   5.0300E+02  -1.3336E+00
   5.0400E+02  -1.3915E+00
   5.0500E+02  -1.3524E+00
   5.0600E+02  -1.3440E+00
   5.0700E+02  -1.3941E+00
   5.0800E+02  -1.5330E+00
   5.0900E+02  -1.7741E+00
   5.1000E+02  -1.8730E+00
   5.1100E+02  -1.8109E+00
   5.1200E+02  -1.7824E+00
   5.1300E+02  -1.7588E+00
   5.1400E+02  -1.6258E+00
   5.1500E+02  -1.4131E+00
   5.1600E+02  -1.4515E+00
   5.1700E+02  -1.8785E+00
   5.1800E+02  -2.2596E+00
   5.1900E+02  -2.3531E+00
   5.2000E+02  -2.2036E+00
   5.2100E+02  -1.7580E+00
   5.2200E+02  -1.3033E+00
   5.2300E+02  -8.6905E-01
   5.2400E+02  -9.1543E-01
   5.2500E+02  -1.7093E+00
   5.2600E+02  -2.1040E+00
   5.2700E+02  -1.7966E+00
   5.2800E+02  -1.3055E+00
   5.2900E+02  -8.3399E-01
   5.3000E+02  -7.7056E-01
   5.3100E+02  -1.2442E+00
   5.3200E+02  -1.8026E+00
   5.3300E+02  -2.0422E+00
   5.3400E+02  -1.8727E+00
   5.3500E+02  -1.3535E+00
   5.3600E+02  -1.1992E+00
   5.3700E+02  -1.7219E+00
   5.3800E+02  -2.0576E+00
   5.3900E+02  -2.0041E+00
   5.4000E+02  -1.9102E+00
   5.4100E+02  -1.9527E+00
   5.4200E+02  -2.0466E+00
   5.4300E+02  -2.1122E+00
   5.4400E+02  -2.1195E+00
   5.4500E+02  -2.0748E+00
   5.4600E+02  -1.6116E+00
   5.4700E+02  -7.2074E-01
   5.4800E+02  -3.1692E-01
   5.4900E+02  -9.7554E-01
   5.5000E+02  -1.7662E+00
   5.5100E+02  -2.0324E+00
