   0.0000E+00   8.1065E-18   1.3677E-14   1.0000E-13
  -1.4641E+01  -1.5710E+01
  -1.4241E+01  -1.5710E+01
  -1.3841E+01  -1.5710E+01
  -1.3441E+01  -1.5710E+01
  -1.3041E+01  -1.5710E+01
  -1.2641E+01  -1.5710E+01
  -1.2241E+01  -1.5710E+01
  -1.1841E+01  -1.5710E+01
  -1.1441E+01  -1.5710E+01
  -1.1041E+01  -1.5710E+01
  -1.0641E+01  -1.5710E+01
  -1.0241E+01  -1.5710E+01
  -9.8414E+00  -1.5710E+01
  -9.4414E+00  -1.5710E+01
  -9.0414E+00  -1.5710E+01
  -8.6414E+00  -1.5710E+01
  -8.2414E+00  -1.5710E+01
  -7.8414E+00  -1.5710E+01
  -7.4414E+00  -1.5710E+01
  -7.0414E+00  -1.5710E+01
  -6.6414E+00  -1.5710E+01
  -6.2414E+00  -1.5710E+01
  -5.8414E+00  -1.5710E+01
  -5.4414E+00  -1.5710E+01
  -5.0414E+00  -1.5710E+01
  -4.6414E+00  -1.5710E+01
  -4.2414E+00  -1.5710E+01
  -3.8414E+00  -1.5710E+01
  -3.4414E+00  -1.5710E+01
  -3.0414E+00  -1.5710E+01
  -2.6414E+00  -1.5710E+01
  -2.2414E+00  -1.5710E+01
  -1.8414E+00  -1.5710E+01
  -1.4414E+00  -1.5710E+01
  -1.0414E+00  -1.5710E+01
  -6.4139E-01  -1.5710E+01
  -2.4139E-01  -1.5710E+01
   1.5861E-01  -1.5710E+01
   5.5861E-01  -1.5710E+01
   9.5861E-01  -1.5710E+01
   1.3586E+00  -1.5710E+01
   1.7586E+00  -1.5710E+01
   2.1586E+00  -1.5710E+01
   2.5586E+00  -1.5710E+01
   2.9586E+00  -1.5710E+01
   3.3586E+00  -1.5710E+01
   3.7586E+00  -1.5710E+01
   4.1586E+00  -1.5710E+01
   4.5586E+00  -1.5710E+01
   4.9586E+00  -1.5710E+01
   5.3586E+00  -1.5710E+01
   5.7586E+00  -1.5710E+01
   6.1586E+00  -1.5710E+01
   6.5586E+00  -1.5710E+01
   6.9586E+00  -1.5710E+01
   7.3586E+00  -1.5710E+01
   7.7586E+00  -1.5710E+01
   8.1586E+00  -1.5710E+01
   8.5586E+00  -1.5710E+01
   8.9586E+00          NAN
   0.0000E+00   8.1065E-18   1.3677E-14   1.0000E-13
  -1.4641E+01  -1.5710E+01
  -1.4241E+01  -1.5710E+01
  -1.3841E+01  -1.5710E+01
  -1.3441E+01  -1.5710E+01
  -1.3041E+01  -1.5710E+01
  -1.2641E+01  -1.5710E+01
  -1.2241E+01  -1.5710E+01
  -1.1841E+01  -1.5710E+01
  -1.1441E+01  -1.5710E+01
  -1.1041E+01  -1.5710E+01
  -1.0641E+01  -1.5710E+01
  -1.0241E+01  -1.5710E+01
  -9.8414E+00  -1.5710E+01
  -9.4414E+00  -1.5710E+01
  -9.0414E+00  -1.5710E+01
  -8.6414E+00  -1.5710E+01
  -8.2414E+00  -1.5710E+01
  -7.8414E+00  -1.5710E+01
  -7.4414E+00  -1.5710E+01
  -7.0414E+00  -1.5710E+01
  -6.6414E+00  -1.5710E+01
  -6.2414E+00  -1.5710E+01
  -5.8414E+00  -1.5710E+01
  -5.4414E+00  -1.5710E+01
  -5.0414E+00  -1.5710E+01
  -4.6414E+00  -1.5710E+01
  -4.2414E+00  -1.5710E+01
  -3.8414E+00  -1.5710E+01
  -3.4414E+00  -1.5710E+01
  -3.0414E+00  -1.5710E+01
  -2.6414E+00  -1.5710E+01
  -2.2414E+00  -1.5710E+01
  -1.8414E+00  -1.5710E+01
  -1.4414E+00  -1.5710E+01
  -1.0414E+00  -1.5710E+01
  -6.4139E-01  -1.5710E+01
  -2.4139E-01  -1.5710E+01
   1.5861E-01  -1.5710E+01
   5.5861E-01  -1.5710E+01
   9.5861E-01  -1.5710E+01
   1.3586E+00  -1.5710E+01
   1.7586E+00  -1.5710E+01
   2.1586E+00  -1.5710E+01
   2.5586E+00  -1.5710E+01
   2.9586E+00  -1.5710E+01
   3.3586E+00  -1.5710E+01
   3.7586E+00  -1.5710E+01
   4.1586E+00  -1.5710E+01
   4.5586E+00  -1.5710E+01
   4.9586E+00  -1.5710E+01
   5.3586E+00  -1.5710E+01
   5.7586E+00  -1.5710E+01
   6.1586E+00  -1.5710E+01
   6.5586E+00  -1.5710E+01
   6.9586E+00  -1.5710E+01
   7.3586E+00  -1.5710E+01
   7.7586E+00  -1.5710E+01
   8.1586E+00  -1.5710E+01
   8.5586E+00  -1.5710E+01
   8.9586E+00          NAN
   1.0000E+00   8.0952E-18   6.0876E-06   4.5613E-12
  -1.4641E+01          NAN
  -1.4241E+01  -1.7008E+01
  -1.3841E+01  -1.5469E+01
  -1.3441E+01  -1.4665E+01
  -1.3041E+01  -1.4122E+01
  -1.2641E+01  -1.3591E+01
  -1.2241E+01  -1.3058E+01
  -1.1841E+01  -1.2525E+01
  -1.1441E+01  -1.1992E+01
  -1.1041E+01  -1.1458E+01
  -1.0641E+01  -1.0926E+01
  -1.0241E+01  -1.0394E+01
  -9.8414E+00  -9.8621E+00
  -9.4414E+00  -9.3263E+00
  -9.0414E+00  -8.8051E+00
  -8.6414E+00  -8.2795E+00
  -8.2414E+00  -7.7662E+00
  -7.8414E+00  -7.2709E+00
  -7.4414E+00  -6.8138E+00
  -7.0414E+00  -6.4372E+00
  -6.6414E+00  -6.2243E+00
  -6.2414E+00  -6.2280E+00
  -5.8414E+00  -6.2990E+00
  -5.4414E+00  -6.3747E+00
  -5.0414E+00  -6.4578E+00
  -4.6414E+00  -6.5544E+00
  -4.2414E+00  -6.6788E+00
  -3.8414E+00  -6.8646E+00
  -3.4414E+00  -7.1938E+00
  -3.0414E+00  -7.9018E+00
  -2.6414E+00  -1.0099E+01
  -2.2414E+00  -1.0972E+01
  -1.8414E+00  -1.0445E+01
  -1.4414E+00  -9.9206E+00
  -1.0414E+00  -9.4027E+00
  -6.4139E-01  -8.8951E+00
  -2.4139E-01  -8.4006E+00
   1.5861E-01  -7.9277E+00
   5.5861E-01  -7.4869E+00
   9.5861E-01  -7.0939E+00
   1.3586E+00  -6.7715E+00
   1.7586E+00  -6.5480E+00
   2.1586E+00  -6.4291E+00
   2.5586E+00  -6.3729E+00
   2.9586E+00  -6.3569E+00
   3.3586E+00  -6.3866E+00
   3.7586E+00  -6.5200E+00
   4.1586E+00  -6.7271E+00
   4.5586E+00  -7.0206E+00
   4.9586E+00  -7.5121E+00
   5.3586E+00  -8.3315E+00
   5.7586E+00  -1.6122E+01
   6.1586E+00  -1.6130E+01
   6.5586E+00  -1.6155E+01
   6.9586E+00  -1.6222E+01
   7.3586E+00  -1.6320E+01
   7.7586E+00  -1.6403E+01
   8.1586E+00  -1.6444E+01
   8.5586E+00  -1.6446E+01
   8.9586E+00          NAN
