8.263926347008749	-29.339115594243417
8.366436397260005	-29.031585500693076
8.46894644751126	-28.724055422468005
8.571456497762517	-28.416525363539698
8.673966548013773	-28.108995329064413
8.77647659826503	-27.80146532553716
8.878986648516285	-27.49393536120231
8.981496698767543	-27.18640544647224
9.0840067490188	-26.878875594596884
9.186516799270056	-26.57134582230156
9.289026849521312	-26.263816150745313
9.391536899772568	-25.956286606761886
9.494046950023824	-25.648757224316235
9.59655700027508	-25.34122804641602
9.699067050526336	-25.033699127511568
9.801577100777592	-24.726170536555543
9.904087151028849	-24.418642360853895
10.006597201280105	-24.11111471096073
10.109107251531361	-23.803587726859227
10.211617301782617	-23.49606158580318
10.314127352033875	-23.18853651223635
10.416637402285131	-22.881012790360586
10.519147452536387	-22.573490780042242
10.621657502787643	-22.265970936964557
10.7241675530389	-21.95845383814011
10.826677603290156	-21.6509402142211
10.929187653541412	-21.34343099041962
11.031697703792668	-21.035927338327163
11.134207754043924	-20.728430741549566
11.23671780429518	-20.420943078837254
11.339227854546436	-20.113466729387916
11.441737904797694	-19.806004706246668
11.544247955048949	-19.498560825322322
11.646758005300207	-19.19113991956496
11.749268055551463	-18.8837481104244
11.851778105802719	-18.576393152000286
11.954288156053975	-18.26908486748892
12.056798206305231	-17.96183570290774
12.159308256556487	-17.654661429973473
12.261818306807744	-17.347582038892334
12.364328357059	-17.040622873303924
12.466838407310256	-16.73381607454398
12.569348457561514	-16.4272024219
12.671858507812768	-16.12083368121747
12.774368558064026	-15.814775608309526
12.87687860831528	-15.50911179931587
12.979388658566538	-15.203948642052234
13.081898708817793	-14.899421707229779
13.18440875906905	-14.595704036186214
13.286918809320307	-14.293016947393705
13.389428859571563	-13.991644220024456
13.491938909822819	-13.691950853432845
13.594448960074075	-13.39440809844623
13.696959010325331	-13.099627188319554
13.799469060576588	-12.808405281248186
13.901979110827845	-12.521788732508783
14.0044891610791	-12.241161175957766
14.106999211330358	-11.968367295264452
14.209509261581612	-11.705887849169345
14.31201931183287	-11.457087398785292
14.414529362084124	-11.226562132247787
14.517039412335382	-11.020617542750033
14.619549462586638	-10.847896336561513
14.722059512837895	-10.720143424289375
14.82456956308915	-10.653031992344106
14.927079613340407	-10.666918420308528
15.029589663591663	-10.787452050682967
15.13209971384292	-11.046228589167713
15.234609764094177	-11.481965522822984
15.337119814345431	-12.142590777030401
15.43962986459669	-13.088206813314153
15.542139914847944	-14.394725036964418
15.644649965099202	-16.15822966581208
15.747160015350456	-18.50038098054342
15.849670065601714	-21.57522779242371
15.95218011585297	-25.577830179416353
16.054690166104226	-30.75517761462903
16.157200216355484	-37.42001374334839
16.25971026660674	-45.96834162771534
16.362220316857993	-56.9015892826179
16.46473036710925	-70.85467617750491
16.56724041736051	-88.63155167443023
16.669750467611763	-111.25014166988883
16.772260517863018	-114.75420623597472
16.87477056811428	-114.34416603496969
16.977280618365533	-113.93412583396467
17.079790668616788	-113.52408563295963
17.182300718868046	-113.11404543195461
17.284810769119304	-112.70400523094959
17.387320819370558	-112.29396502994456
17.489830869621812	-111.88392482893954
17.59234091987307	-111.47388462793451
17.694850970124328	-111.06384442692949
17.797361020375583	-110.65380422592447
17.899871070626837	-110.24376402491943
18.002381120878095	-109.83372382391441
18.104891171129353	-109.42368362290938
18.207401221380607	-109.01364342190436
18.309911271631865	-108.60360322089934
18.412421321883123	-108.19356301989431
18.514931372134377	-107.7835228188893
18.61744142238563	-107.37348261788425
18.71995147263689	-106.96344241687923
18.822461522888148	-106.55340221587421
18.924971573139402	-106.14336201486918
19.027481623390656	-105.73332181386417
19.129991673641914	-105.32328161285913
19.232501723893172	-104.91324141185412
19.335011774144427	-104.5032012108491
19.437521824395684	-104.09316100984405
19.540031874646942	-103.68312080883904
19.642541924898197	-103.273080607834
19.74505197514945	-102.86304040682899
19.84756202540071	-102.45300020582397
19.950072075651967	-102.04296000481894
20.05258212590322	-101.63291980381392
20.155092176154476	-101.22287960280887
20.257602226405734	-100.81283940180386
20.36011227665699	-100.40279920079884
20.462622326908246	-99.99275899979381
20.5651323771595	-99.58271879878879
20.667642427410758	-99.17267859778376
20.770152477662016	-98.76263839677874
20.87266252791327	-98.3525981957737
20.97517257816453	-97.94255799476868
21.077682628415786	-97.53251779376366
21.18019267866704	-97.12247759275863
21.282702728918295	-96.71243739175361
21.385212779169553	-96.3023971907486
21.48772282942081	-95.89235698974356
21.590232879672065	-95.48231678873854
21.69274292992332	-95.0722765877335
21.795252980174578	-94.66223638672848
21.897763030425835	-94.25219618572346
22.00027308067709	-93.84215598471843
22.102783130928348	-93.4321157837134
22.205293181179606	-93.02207558270838
22.30780323143086	-92.61203538170336
22.410313281682114	-92.20199518069832
22.512823331933372	-91.7919549796933
22.61533338218463	-91.38191477868828
22.717843432435885	-90.97187457768325
22.82035348268714	-90.56183437667823
22.922863532938397	-90.15179417567322
23.025373583189655	-89.74175397466819
23.12788363344091	-89.33171377366317
23.230393683692164	-88.92167357265812
23.33290373394342	-88.5116333716531
23.43541378419468	-88.10159317064807
23.537923834445934	-87.69155296964306
23.64043388469719	-87.28151276863802
23.74294393494845	-86.871472567633
23.845453985199704	-86.46143236662799
23.94796403545096	-86.05139216562294
24.050474085702216	-85.64135196461793
24.152984135953474	-85.23131176361291
24.25549418620473	-84.82127156260788
24.358004236455987	-84.41123136160286
24.46051428670724	-84.00119116059784
24.5630243369585	-83.5911509595928
24.665534387209753	-83.18111075858778
24.76804443746101	-82.77107055758275
24.870554487712266	-82.36103035657773
24.973064537963523	-81.9509901555727
25.075574588214778	-81.54094995456768
25.178084638466036	-81.13090975356265
25.28059468871729	-80.72086955255763
25.383104738968548	-80.3108293515526
25.485614789219806	-79.90078915054757
25.58812483947106	-79.49074894954255
25.69063488972232	-79.08070874853752
25.793144939973573	-78.6706685475325
25.89565499022483	-78.26062834652748
25.998165040476085	-77.85058814552247
26.100675090727343	-77.44054794451742
26.203185140978597	-77.0305077435124
26.305695191229855	-76.62046754250737
26.40820524148111	-76.21042734150235
26.510715291732367	-75.80038714049732
26.61322534198362	-75.3903469394923
26.71573539223488	-74.98030673848727
26.818245442486138	-74.57026653748224
26.920755492737392	-74.16022633647724
27.02326554298865	-73.7501861354722
27.125775593239904	-73.34014593446719
27.228285643491162	-72.93010573346216
27.330795693742417	-72.52006553245714
27.433305743993674	-72.11002533145212
27.53581579424493	-71.6999851304471
27.638325844496187	-71.28994492944206
27.74083589474744	-70.87990472843704
27.8433459449987	-70.46986452743201
27.945855995249957	-70.05982432642698
28.04836604550121	-69.64978412542196
28.15087609575247	-69.23974392441693
28.253386146003724	-68.82970372341191
28.35589619625498	-68.41966352240688
28.458406246506236	-68.00962332140186
28.560916296757494	-67.59958312039683
28.66342634700875	-67.18954291939181
