   0.0000E+00   1.1220E-02
   0.0000E+00   5.3636E-03
   1.0000E+00   5.4326E-03
   2.0000E+00   6.6942E-03
   3.0000E+00   9.6158E-03
   4.0000E+00   1.1764E-02
   5.0000E+00   1.2369E-02
   6.0000E+00   1.0953E-02
   7.0000E+00   8.3619E-03
   8.0000E+00   6.4192E-03
   9.0000E+00   4.8893E-03
   1.0000E+01   3.6054E-03
   1.1000E+01   3.1727E-03
   1.2000E+01   2.9244E-03
   1.3000E+01   3.1282E-03
   1.4000E+01   4.0151E-03
   1.5000E+01   4.7826E-03
   1.6000E+01   4.9833E-03
   1.7000E+01   4.4041E-03
   1.8000E+01   3.1915E-03
   1.9000E+01   2.3274E-03
   2.0000E+01   2.1766E-03
   2.1000E+01   2.6182E-03
   2.2000E+01   3.9549E-03
   2.3000E+01   6.1028E-03
   2.4000E+01   7.6170E-03
   2.5000E+01   7.6970E-03
   2.6000E+01   6.1668E-03
   2.7000E+01   5.1710E-03
   2.8000E+01   4.8641E-03
   2.9000E+01   5.3120E-03
   3.0000E+01   6.5746E-03
   3.1000E+01   8.1070E-03
   3.2000E+01   8.9784E-03
   3.3000E+01   8.7924E-03
   3.4000E+01   8.2057E-03
   3.5000E+01   7.6106E-03
   3.6000E+01   7.3687E-03
   3.7000E+01   7.4914E-03
   3.8000E+01   8.0866E-03
   3.9000E+01   9.0033E-03
   4.0000E+01   1.0988E-02
   4.1000E+01   1.2448E-02
   4.2000E+01   1.4898E-02
   4.3000E+01   1.5821E-02
   4.4000E+01   1.4406E-02
   4.5000E+01   1.1644E-02
   4.6000E+01   8.2183E-03
   4.7000E+01   6.5783E-03
   4.8000E+01   5.7949E-03
   4.9000E+01   5.9160E-03
   5.0000E+01   6.5213E-03
   5.1000E+01   7.7762E-03
   5.2000E+01   9.9701E-03
   5.3000E+01   1.3001E-02
   5.4000E+01   1.6300E-02
   5.5000E+01   1.8245E-02
   5.6000E+01   1.7407E-02
   5.7000E+01   1.4494E-02
   5.8000E+01   1.0066E-02
   5.9000E+01   7.4759E-03
   6.0000E+01   4.1260E-03
   6.1000E+01   2.8059E-03
   6.2000E+01   2.0081E-03
   6.3000E+01   1.8451E-03
   6.4000E+01   2.3200E-03
   6.5000E+01   3.8864E-03
   6.6000E+01   6.4319E-03
   6.7000E+01   8.7894E-03
   6.8000E+01   9.5210E-03
   6.9000E+01   8.2955E-03
   7.0000E+01   6.4966E-03
   7.1000E+01   5.0169E-03
   7.2000E+01   3.8076E-03
   7.3000E+01   2.9032E-03
   7.4000E+01   2.4169E-03
   7.5000E+01   2.4325E-03
   7.6000E+01   2.9297E-03
   7.7000E+01   3.7805E-03
   7.8000E+01   4.7056E-03
   7.9000E+01   5.1603E-03
   8.0000E+01   4.8226E-03
   8.1000E+01   4.2571E-03
   8.2000E+01   3.7827E-03
   8.3000E+01   3.5946E-03
   8.4000E+01   3.6459E-03
   8.5000E+01   3.8167E-03
   8.6000E+01   3.7681E-03
   8.7000E+01   3.4243E-03
   8.8000E+01   3.0726E-03
   8.9000E+01   2.6055E-03
   9.0000E+01   2.5234E-03
   9.1000E+01   2.7847E-03
   9.2000E+01   3.6331E-03
   9.3000E+01   4.7608E-03
   9.4000E+01   5.4478E-03
   9.5000E+01   5.1947E-03
   9.6000E+01   4.1796E-03
   9.7000E+01   3.1308E-03
   9.8000E+01   2.6682E-03
   9.9000E+01   2.6088E-03
   1.0000E+02   2.9277E-03
   1.0100E+02   3.3585E-03
   1.0200E+02   3.6150E-03
   1.0300E+02   3.6511E-03
   1.0400E+02   3.4246E-03
   1.0500E+02   3.0481E-03
   1.0600E+02   2.3455E-03
   1.0700E+02   1.5981E-03
   1.0800E+02   1.1624E-03
   1.0900E+02   8.7540E-04
   1.1000E+02   8.9950E-04
   1.1100E+02   1.2428E-03
   1.1200E+02   2.3580E-03
   1.1300E+02   4.4297E-03
   1.1400E+02   6.7716E-03
   1.1500E+02   8.6518E-03
   1.1600E+02   9.4260E-03
   1.1700E+02   9.5378E-03
   1.1800E+02   9.2544E-03
   1.1900E+02   8.4589E-03
   1.2000E+02   7.8344E-03
   1.2100E+02   7.3169E-03
   1.2200E+02   7.2416E-03
   1.2300E+02   7.5969E-03
   1.2400E+02   8.2155E-03
   1.2500E+02   8.9372E-03
   1.2600E+02   9.3814E-03
   1.2700E+02   9.6442E-03
   1.2800E+02   9.7486E-03
   1.2900E+02   9.8951E-03
   1.3000E+02   1.0130E-02
   1.3100E+02   1.0400E-02
   1.3200E+02   1.0831E-02
   1.3300E+02   1.1691E-02
   1.3400E+02   1.2900E-02
   1.3500E+02   1.5069E-02
   1.3600E+02   1.7259E-02
   1.3700E+02   1.7252E-02
   1.3800E+02   1.4854E-02
   1.3900E+02   1.1166E-02
   1.4000E+02   7.7618E-03
   1.4100E+02   5.9841E-03
   1.4200E+02   4.9163E-03
   1.4300E+02   4.4583E-03
   1.4400E+02   4.3303E-03
   1.4500E+02   4.5710E-03
   1.4600E+02   5.1602E-03
   1.4700E+02   6.2573E-03
   1.4800E+02   8.0132E-03
   1.4900E+02   9.2323E-03
   1.5000E+02   1.0414E-02
   1.5100E+02   1.1254E-02
   1.5200E+02   1.2305E-02
   1.5300E+02   1.4137E-02
   1.5400E+02   1.6725E-02
   1.5500E+02   2.0758E-02
   1.5600E+02   2.3048E-02
   1.5700E+02   2.0927E-02
   1.5800E+02   1.5684E-02
   1.5900E+02   1.0139E-02
   1.6000E+02   6.8802E-03
   1.6100E+02   6.1484E-03
   1.6200E+02   6.5605E-03
   1.6300E+02   8.3234E-03
   1.6400E+02   1.0174E-02
   1.6500E+02   1.2050E-02
   1.6600E+02   1.3346E-02
   1.6700E+02   1.4132E-02
   1.6800E+02   1.5340E-02
   1.6900E+02   1.7127E-02
   1.7000E+02   2.0564E-02
   1.7100E+02   2.2406E-02
   1.7200E+02   2.2883E-02
   1.7300E+02   1.9983E-02
   1.7400E+02   1.5852E-02
   1.7500E+02   1.1852E-02
   1.7600E+02   9.3581E-03
   1.7700E+02   8.3573E-03
   1.7800E+02   8.2890E-03
   1.7900E+02   8.6764E-03
   1.8000E+02   8.8799E-03
   1.8100E+02   8.8944E-03
   1.8200E+02   8.6794E-03
   1.8300E+02   8.4529E-03
   1.8400E+02   8.4301E-03
   1.8500E+02   8.5406E-03
   1.8600E+02   8.9075E-03
   1.8700E+02   9.3670E-03
   1.8800E+02   9.6432E-03
   1.8900E+02   1.0445E-02
   1.9000E+02   1.1093E-02
   1.9100E+02   1.1305E-02
   1.9200E+02   1.0766E-02
   1.9300E+02   9.3505E-03
   1.9400E+02   7.6409E-03
   1.9500E+02   6.9031E-03
   1.9600E+02   7.5477E-03
   1.9700E+02   1.0210E-02
   1.9800E+02   1.5831E-02
   1.9900E+02   2.3562E-02
   2.0000E+02   2.8857E-02
   2.0100E+02   2.8978E-02
   2.0200E+02   2.5451E-02
   2.0300E+02   2.1041E-02
   2.0400E+02   1.7892E-02
   2.0500E+02   1.6176E-02
   2.0600E+02   1.3797E-02
   2.0700E+02   1.3046E-02
   2.0800E+02   1.1942E-02
   2.0900E+02   1.1234E-02
   2.1000E+02   1.1080E-02
   2.1100E+02   1.0651E-02
   2.1200E+02   1.0276E-02
   2.1300E+02   9.8434E-03
   2.1400E+02   9.6306E-03
   2.1500E+02   9.3625E-03
   2.1600E+02   8.8269E-03
   2.1700E+02   8.6166E-03
   2.1800E+02   8.4682E-03
   2.1900E+02   8.5535E-03
   2.2000E+02   8.9917E-03
   2.2100E+02   9.9817E-03
   2.2200E+02   1.0528E-02
   2.2300E+02   1.0373E-02
   2.2400E+02   9.4141E-03
   2.2500E+02   8.2115E-03
   2.2600E+02   6.9647E-03
   2.2700E+02   6.7514E-03
   2.2800E+02   7.2474E-03
   2.2900E+02   8.8348E-03
   2.3000E+02   9.8951E-03
   2.3100E+02   9.1900E-03
   2.3200E+02   7.0640E-03
   2.3300E+02   4.3143E-03
   2.3400E+02   2.9987E-03
   2.3500E+02   2.7294E-03
   2.3600E+02   3.3265E-03
   2.3700E+02   5.1508E-03
   2.3800E+02   7.5766E-03
   2.3900E+02   8.7290E-03
   2.4000E+02   8.0944E-03
   2.4100E+02   5.9640E-03
   2.4200E+02   4.8681E-03
   2.4300E+02   4.6647E-03
   2.4400E+02   5.3696E-03
   2.4500E+02   6.8774E-03
   2.4600E+02   8.2682E-03
   2.4700E+02   8.7151E-03
   2.4800E+02   8.1321E-03
   2.4900E+02   6.7642E-03
   2.5000E+02   6.0966E-03
   2.5100E+02   6.1240E-03
   2.5200E+02   6.7491E-03
   2.5300E+02   7.8248E-03
   2.5400E+02   8.6781E-03
   2.5500E+02   9.0610E-03
   2.5600E+02   8.8605E-03
   2.5700E+02   8.6933E-03
   2.5800E+02   9.0749E-03
   2.5900E+02   1.0466E-02
   2.6000E+02   1.2989E-02
   2.6100E+02   1.5478E-02
   2.6200E+02   1.7780E-02
   2.6300E+02   1.8615E-02
   2.6400E+02   1.7586E-02
   2.6500E+02   1.6260E-02
   2.6600E+02   1.5437E-02
   2.6700E+02   1.5063E-02
   2.6800E+02   1.5233E-02
   2.6900E+02   1.5550E-02
   2.7000E+02   1.5877E-02
   2.7100E+02   1.6264E-02
   2.7200E+02   1.6448E-02
   2.7300E+02   1.6946E-02
   2.7400E+02   1.7998E-02
   2.7500E+02   1.9501E-02
   2.7600E+02   2.1512E-02
   2.7700E+02   2.1932E-02
   2.7800E+02   1.8528E-02
   2.7900E+02   1.4049E-02
   2.8000E+02   9.4533E-03
   2.8100E+02   6.9821E-03
   2.8200E+02   6.3704E-03
   2.8300E+02   7.1574E-03
   2.8400E+02   9.5824E-03
   2.8500E+02   1.1851E-02
   2.8600E+02   1.2270E-02
   2.8700E+02   1.0460E-02
   2.8800E+02   8.4361E-03
   2.8900E+02   7.3048E-03
   2.9000E+02   7.6134E-03
   2.9100E+02   9.2597E-03
   2.9200E+02   1.2986E-02
   2.9300E+02   1.6099E-02
   2.9400E+02   1.7030E-02
   2.9500E+02   1.5660E-02
   2.9600E+02   1.2812E-02
   2.9700E+02   1.1002E-02
   2.9800E+02   9.6124E-03
   2.9900E+02   8.8768E-03
   3.0000E+02   8.6337E-03
   3.0100E+02   8.4732E-03
   3.0200E+02   8.5611E-03
   3.0300E+02   9.1611E-03
   3.0400E+02   9.4799E-03
   3.0500E+02   1.0306E-02
   3.0600E+02   1.0996E-02
   3.0700E+02   1.2640E-02
   3.0800E+02   1.3956E-02
   3.0900E+02   1.5150E-02
   3.1000E+02   1.5971E-02
   3.1100E+02   1.6691E-02
   3.1200E+02   1.6388E-02
   3.1300E+02   1.4066E-02
   3.1400E+02   1.0856E-02
   3.1500E+02   8.6737E-03
   3.1600E+02   6.4685E-03
   3.1700E+02   5.6056E-03
   3.1800E+02   5.4968E-03
   3.1900E+02   6.0171E-03
   3.2000E+02   6.9310E-03
   3.2100E+02   7.5795E-03
   3.2200E+02   8.2983E-03
   3.2300E+02   9.2015E-03
   3.2400E+02   9.8050E-03
   3.2500E+02   1.0080E-02
   3.2600E+02   1.0397E-02
   3.2700E+02   1.0407E-02
   3.2800E+02   1.0169E-02
   3.2900E+02   9.5578E-03
   3.3000E+02   8.3903E-03
   3.3100E+02   7.6928E-03
   3.3200E+02   7.2874E-03
   3.3300E+02   7.4676E-03
   3.3400E+02   8.2792E-03
   3.3500E+02   9.2235E-03
   3.3600E+02   9.9775E-03
   3.3700E+02   1.0302E-02
   3.3800E+02   1.0077E-02
   3.3900E+02   9.5877E-03
   3.4000E+02   9.3856E-03
   3.4100E+02   9.4926E-03
   3.4200E+02   1.0065E-02
   3.4300E+02   1.0346E-02
   3.4400E+02   1.0142E-02
   3.4500E+02   9.3992E-03
   3.4600E+02   7.9983E-03
   3.4700E+02   6.8115E-03
   3.4800E+02   5.7216E-03
   3.4900E+02   4.9265E-03
   3.5000E+02   4.4383E-03
   3.5100E+02   4.2014E-03
   3.5200E+02   4.2047E-03
   3.5300E+02   4.5852E-03
   3.5400E+02   5.3367E-03
   3.5500E+02   5.9617E-03
   3.5600E+02   5.8294E-03
   3.5700E+02   4.9381E-03
   3.5800E+02   3.8656E-03
   3.5900E+02   2.7774E-03
   3.6000E+02   2.1530E-03
   3.6100E+02   1.6602E-03
   3.6200E+02   1.3325E-03
   3.6300E+02   1.2472E-03
   3.6400E+02   1.4475E-03
   3.6500E+02   1.9020E-03
   3.6600E+02   3.0608E-03
   3.6700E+02   4.5410E-03
   3.6800E+02   5.3390E-03
   3.6900E+02   5.1612E-03
   3.7000E+02   4.3569E-03
   3.7100E+02   3.7734E-03
   3.7200E+02   3.6608E-03
   3.7300E+02   4.0166E-03
   3.7400E+02   4.4392E-03
   3.7500E+02   4.7879E-03
   3.7600E+02   4.8984E-03
   3.7700E+02   4.6933E-03
   3.7800E+02   4.3716E-03
   3.7900E+02   4.1387E-03
   3.8000E+02   4.0314E-03
   3.8100E+02   4.0200E-03
   3.8200E+02   4.0507E-03
   3.8300E+02   3.9858E-03
   3.8400E+02   3.8679E-03
   3.8500E+02   3.6647E-03
   3.8600E+02   3.5980E-03
   3.8700E+02   3.8610E-03
   3.8800E+02   4.6209E-03
   3.8900E+02   5.9991E-03
   3.9000E+02   7.2367E-03
   3.9100E+02   7.9422E-03
   3.9200E+02   7.5499E-03
   3.9300E+02   6.1731E-03
   3.9400E+02   5.0248E-03
   3.9500E+02   4.6842E-03
   3.9600E+02   4.8850E-03
   3.9700E+02   5.8098E-03
   3.9800E+02   6.9399E-03
   3.9900E+02   8.0553E-03
   4.0000E+02   8.5492E-03
   4.0100E+02   8.6707E-03
   4.0200E+02   8.7016E-03
   4.0300E+02   8.7395E-03
   4.0400E+02   8.7968E-03
   4.0500E+02   8.8225E-03
   4.0600E+02   8.6036E-03
   4.0700E+02   8.0308E-03
   4.0800E+02   7.3177E-03
   4.0900E+02   6.5309E-03
   4.1000E+02   5.9001E-03
   4.1100E+02   5.4931E-03
   4.1200E+02   5.4426E-03
   4.1300E+02   5.5775E-03
   4.1400E+02   6.0421E-03
   4.1500E+02   6.9976E-03
   4.1600E+02   8.7947E-03
   4.1700E+02   9.8342E-03
   4.1800E+02   1.0617E-02
   4.1900E+02   9.8090E-03
   4.2000E+02   7.4406E-03
   4.2100E+02   6.3538E-03
   4.2200E+02   5.5760E-03
   4.2300E+02   5.7938E-03
   4.2400E+02   7.0380E-03
   4.2500E+02   8.7157E-03
   4.2600E+02   9.3389E-03
   4.2700E+02   8.2488E-03
   4.2800E+02   6.4227E-03
   4.2900E+02   4.8266E-03
   4.3000E+02   4.3517E-03
   4.3100E+02   4.6691E-03
   4.3200E+02   6.2293E-03
   4.3300E+02   8.6843E-03
   4.3400E+02   1.1205E-02
   4.3500E+02   1.3566E-02
   4.3600E+02   1.5833E-02
   4.3700E+02   1.7313E-02
   4.3800E+02   1.7397E-02
   4.3900E+02   1.5616E-02
   4.4000E+02   1.3900E-02
   4.4100E+02   1.2106E-02
   4.4200E+02   1.1634E-02
   4.4300E+02   1.2127E-02
   4.4400E+02   1.3636E-02
   4.4500E+02   1.4536E-02
   4.4600E+02   1.3772E-02
   4.4700E+02   1.1797E-02
   4.4800E+02   9.3997E-03
   4.4900E+02   8.6177E-03
   4.5000E+02   9.6550E-03
   4.5100E+02   1.3310E-02
   4.5200E+02   2.2332E-02
   4.5300E+02   3.0363E-02
   4.5400E+02   3.2915E-02
   4.5500E+02   2.7566E-02
   4.5600E+02   1.9031E-02
   4.5700E+02   1.5370E-02
   4.5800E+02   1.4718E-02
   4.5900E+02   1.6711E-02
   4.6000E+02   2.1232E-02
   4.6100E+02   2.3301E-02
   4.6200E+02   2.1071E-02
   4.6300E+02   1.5808E-02
   4.6400E+02   1.1824E-02
   4.6500E+02   9.1020E-03
   4.6600E+02   8.0069E-03
   4.6700E+02   7.9021E-03
   4.6800E+02   8.2886E-03
   4.6900E+02   8.7387E-03
   4.7000E+02   9.1384E-03
   4.7100E+02   9.5298E-03
   4.7200E+02   9.5240E-03
   4.7300E+02   8.9777E-03
   4.7400E+02   7.6696E-03
   4.7500E+02   6.4178E-03
   4.7600E+02   5.3881E-03
   4.7700E+02   4.8393E-03
   4.7800E+02   4.7396E-03
   4.7900E+02   5.0157E-03
   4.8000E+02   5.5097E-03
   4.8100E+02   6.3380E-03
   4.8200E+02   7.4176E-03
   4.8300E+02   8.5253E-03
   4.8400E+02   9.7447E-03
   4.8500E+02   1.1057E-02
   4.8600E+02   1.2047E-02
   4.8700E+02   1.3540E-02
   4.8800E+02   1.3699E-02
   4.8900E+02   1.2033E-02
   4.9000E+02   8.8199E-03
   4.9100E+02   7.2106E-03
   4.9200E+02   5.3001E-03
   4.9300E+02   4.0344E-03
   4.9400E+02   3.2805E-03
   4.9500E+02   2.9469E-03
   4.9600E+02   2.9187E-03
   4.9700E+02   3.4437E-03
   4.9800E+02   4.4936E-03
   4.9900E+02   5.6970E-03
   5.0000E+02   7.2756E-03
   5.0100E+02   8.0335E-03
   5.0200E+02   7.9119E-03
   5.0300E+02   7.1149E-03
   5.0400E+02   6.4112E-03
   5.0500E+02   5.9986E-03
   5.0600E+02   5.6640E-03
   5.0700E+02   5.5772E-03
   5.0800E+02   5.7530E-03
   5.0900E+02   6.2138E-03
   5.1000E+02   6.6691E-03
   5.1100E+02   7.7143E-03
   5.1200E+02   8.4204E-03
   5.1300E+02   9.1110E-03
   5.1400E+02   9.4843E-03
   5.1500E+02   9.7212E-03
   5.1600E+02   9.8641E-03
   5.1700E+02   9.8258E-03
   5.1800E+02   9.5977E-03
   5.1900E+02   9.3214E-03
   5.2000E+02   8.9212E-03
   5.2100E+02   8.6583E-03
   5.2200E+02   8.3588E-03
   5.2300E+02   8.1475E-03
   5.2400E+02   8.3851E-03
   5.2500E+02   8.8452E-03
   5.2600E+02   9.5394E-03
   5.2700E+02   1.0422E-02
   5.2800E+02   1.0870E-02
   5.2900E+02   1.1024E-02
   5.3000E+02   1.0885E-02
   5.3100E+02   1.0689E-02
   5.3200E+02   1.0591E-02
   5.3300E+02   1.0579E-02
   5.3400E+02   1.0551E-02
   5.3500E+02   9.9722E-03
   5.3600E+02   8.6287E-03
   5.3700E+02   7.4727E-03
   5.3800E+02   6.1986E-03
   5.3900E+02   5.3435E-03
   5.4000E+02   5.1714E-03
   5.4100E+02   5.3999E-03
   5.4200E+02   5.9939E-03
   5.4300E+02   6.5152E-03
   5.4400E+02   6.6117E-03
   5.4500E+02   6.4283E-03
   5.4600E+02   6.1617E-03
   5.4700E+02   5.8769E-03
   5.4800E+02   5.6133E-03
   5.4900E+02   5.5417E-03
   5.5000E+02   5.6496E-03
   5.5100E+02   6.4057E-03
   5.5200E+02   7.9092E-03
   5.5300E+02   1.0769E-02
   5.5400E+02   1.4455E-02
   5.5500E+02   1.7463E-02
   5.5600E+02   1.9147E-02
   5.5700E+02   1.8652E-02
   5.5800E+02   1.8212E-02
   5.5900E+02   1.9127E-02
   5.6000E+02   2.1555E-02
   5.6100E+02   2.6511E-02
   5.6200E+02   3.1394E-02
   5.6300E+02   3.2101E-02
   5.6400E+02   2.9342E-02
   5.6500E+02   2.3199E-02
   5.6600E+02   1.8266E-02
   5.6700E+02   1.5238E-02
   5.6800E+02   1.3359E-02
   5.6900E+02   1.2076E-02
   5.7000E+02   1.1542E-02
   5.7100E+02   1.1073E-02
   5.7200E+02   1.0977E-02
   5.7300E+02   1.1036E-02
   5.7400E+02   1.1022E-02
   5.7500E+02   1.0903E-02
   5.7600E+02   1.0648E-02
   5.7700E+02   1.0343E-02
   5.7800E+02   1.0563E-02
   5.7900E+02   1.1594E-02
   5.8000E+02   1.3151E-02
   5.8100E+02   1.6092E-02
   5.8200E+02   1.8531E-02
   5.8300E+02   2.0995E-02
   5.8400E+02   2.3246E-02
   5.8500E+02   2.4025E-02
   5.8600E+02   2.3151E-02
   5.8700E+02   1.9929E-02
   5.8800E+02   1.5875E-02
   5.8900E+02   1.2650E-02
   5.9000E+02   1.0260E-02
   5.9100E+02   8.0240E-03
   5.9200E+02   6.1307E-03
   5.9300E+02   5.2787E-03
   5.9400E+02   4.5122E-03
   5.9500E+02   4.3033E-03
   5.9600E+02   4.2993E-03
   5.9700E+02   4.6671E-03
   5.9800E+02   5.0443E-03
   5.9900E+02   6.3166E-03
   6.0000E+02   7.7352E-03
   6.0100E+02   1.0233E-02
   6.0200E+02   1.1992E-02
   6.0300E+02   1.3538E-02
   6.0400E+02   1.4158E-02
   6.0500E+02   1.4012E-02
   6.0600E+02   1.2896E-02
   6.0700E+02   1.1528E-02
   6.0800E+02   1.0050E-02
   6.0900E+02   9.1510E-03
   6.1000E+02   9.0749E-03
   6.1100E+02   1.0213E-02
   6.1200E+02   1.1813E-02
   6.1300E+02   1.3312E-02
   6.1400E+02   1.3531E-02
   6.1500E+02   1.2710E-02
   6.1600E+02   1.0956E-02
   6.1700E+02   9.0232E-03
   6.1800E+02   7.5857E-03
   6.1900E+02   6.5485E-03
   6.2000E+02   5.8514E-03
   6.2100E+02   5.7280E-03
   6.2200E+02   6.6841E-03
   6.2300E+02   8.6267E-03
   6.2400E+02   1.1231E-02
   6.2500E+02   1.1043E-02
   6.2600E+02   7.4811E-03
   6.2700E+02   3.4562E-03
   6.2800E+02   1.3878E-03
   6.2900E+02   9.6775E-04
   6.3000E+02   1.2036E-03
   6.3100E+02   2.6913E-03
   6.3200E+02   7.9542E-03
   6.3300E+02   1.6061E-02
   6.3400E+02   2.0562E-02
   6.3500E+02   1.7036E-02
   6.3600E+02   1.1313E-02
   6.3700E+02   8.6855E-03
   6.3800E+02   7.9249E-03
   6.3900E+02   8.3672E-03
   6.4000E+02   9.2396E-03
   6.4100E+02   9.3464E-03
   6.4200E+02   8.8802E-03
   6.4300E+02   7.6380E-03
   6.4400E+02   7.0958E-03
   6.4500E+02   7.5856E-03
   6.4600E+02   9.3555E-03
   6.4700E+02   1.3200E-02
   6.4800E+02   1.5579E-02
   6.4900E+02   1.3366E-02
   6.5000E+02   7.9967E-03
   6.5100E+02   3.6017E-03
   6.5200E+02   2.2235E-03
   6.5300E+02   2.2429E-03
   6.5400E+02   3.9113E-03
   6.5500E+02   1.0249E-02
   6.5600E+02   2.0387E-02
   6.5700E+02   2.3996E-02
   6.5800E+02   1.6282E-02
   6.5900E+02   7.1504E-03
   6.6000E+02   3.9539E-03
   6.6100E+02   3.2179E-03
   6.6200E+02   3.7855E-03
   6.6300E+02   6.1013E-03
   6.6400E+02   8.3966E-03
   6.6500E+02   9.7700E-03
   6.6600E+02   9.2973E-03
   6.6700E+02   7.8879E-03
   6.6800E+02   6.6781E-03
   6.6900E+02   5.7784E-03
   6.7000E+02   5.1473E-03
   6.7100E+02   4.8312E-03
   6.7200E+02   4.5531E-03
   6.7300E+02   4.4236E-03
   6.7400E+02   4.4153E-03
   6.7500E+02   4.5625E-03
   6.7600E+02   4.9952E-03
   6.7700E+02   5.8712E-03
   6.7800E+02   7.6377E-03
   6.7900E+02   9.1305E-03
   6.8000E+02   1.0449E-02
   6.8100E+02   1.0810E-02
   6.8200E+02   1.0253E-02
   6.8300E+02   9.2231E-03
   6.8400E+02   8.3228E-03
   6.8500E+02   7.3876E-03
   6.8600E+02   6.7985E-03
   6.8700E+02   6.4685E-03
   6.8800E+02   6.5766E-03
   6.8900E+02   7.3780E-03
   6.9000E+02   8.1975E-03
   6.9100E+02   8.8785E-03
   6.9200E+02   8.6066E-03
   6.9300E+02   7.5632E-03
   6.9400E+02   5.9752E-03
   6.9500E+02   5.1550E-03
   6.9600E+02   5.1832E-03
   6.9700E+02   6.1485E-03
   6.9800E+02   7.6615E-03
   6.9900E+02   8.9126E-03
   7.0000E+02   8.6485E-03
   7.0100E+02   7.3052E-03
   7.0200E+02   5.6133E-03
   7.0300E+02   4.6236E-03
   7.0400E+02   4.6208E-03
   7.0500E+02   5.8674E-03
   7.0600E+02   6.8599E-03
   7.0700E+02   7.8001E-03
   7.0800E+02   7.2074E-03
   7.0900E+02   5.9597E-03
   7.1000E+02   4.5495E-03
   7.1100E+02   3.9598E-03
   7.1200E+02   4.2485E-03
   7.1300E+02   5.4231E-03
   7.1400E+02   7.3756E-03
   7.1500E+02   9.3350E-03
   7.1600E+02   1.0693E-02
   7.1700E+02   1.1258E-02
   7.1800E+02   1.0985E-02
   7.1900E+02   1.0391E-02
   7.2000E+02   8.8382E-03
   7.2100E+02   7.9164E-03
   7.2200E+02   6.8629E-03
   7.2300E+02   6.3546E-03
   7.2400E+02   6.3304E-03
   7.2500E+02   6.8347E-03
   7.2600E+02   7.5507E-03
   7.2700E+02   9.4219E-03
   7.2800E+02   1.2010E-02
   7.2900E+02   1.6554E-02
   7.3000E+02   2.1371E-02
   7.3100E+02   2.3078E-02
   7.3200E+02   2.1266E-02
   7.3300E+02   1.6049E-02
   7.3400E+02   1.2094E-02
   7.3500E+02   8.4203E-03
   7.3600E+02   5.7955E-03
   7.3700E+02   4.0499E-03
   7.3800E+02   3.0637E-03
   7.3900E+02   2.6595E-03
   7.4000E+02   2.8383E-03
   7.4100E+02   3.1840E-03
   7.4200E+02   3.5867E-03
   7.4300E+02   3.7385E-03
   7.4400E+02   3.6481E-03
   7.4500E+02   3.3742E-03
   7.4600E+02   3.1633E-03
   7.4700E+02   2.9962E-03
   7.4800E+02   2.8747E-03
   7.4900E+02   2.8536E-03
   7.5000E+02   2.9294E-03
   7.5100E+02   2.9980E-03
   7.5200E+02   3.2088E-03
   7.5300E+02   3.5624E-03
   7.5400E+02   3.9213E-03
   7.5500E+02   4.4292E-03
   7.5600E+02   4.7095E-03
   7.5700E+02   5.1903E-03
   7.5800E+02   5.3852E-03
   7.5900E+02   5.5532E-03
   7.6000E+02   5.4660E-03
   7.6100E+02   5.3874E-03
   7.6200E+02   5.0003E-03
   7.6300E+02   4.8018E-03
   7.6400E+02   4.3669E-03
   7.6500E+02   4.1178E-03
   7.6600E+02   3.8190E-03
   7.6700E+02   3.5886E-03
   7.6800E+02   3.3801E-03
   7.6900E+02   3.2892E-03
