8.977500000000000000e+03 8.284474999999999478e-03
8.981500000000000000e+03 8.921899999999999969e-03
8.985500000000000000e+03 1.176694999999999824e-02
8.989500000000000000e+03 1.911175000000000027e-02
8.993500000000000000e+03 1.404899999999999899e-02
8.997500000000000000e+03 1.150924999999999865e-02
9.001500000000000000e+03 9.281675000000001383e-03
9.005500000000000000e+03 9.035900000000001223e-03
9.009500000000000000e+03 7.869100000000000400e-03
9.013000000000000000e+03 6.353099999999999546e-03
9.016500000000000000e+03 6.867774999999999574e-03
9.020500000000000000e+03 8.316350000000000131e-03
9.024500000000000000e+03 8.750675000000001161e-03
9.029000000000000000e+03 8.115180000000001351e-03
9.034500000000000000e+03 1.069562500000000027e-02
9.038500000000000000e+03 1.346800000000000080e-02
9.042500000000000000e+03 1.683675000000000102e-02
9.046500000000000000e+03 2.637050000000000158e-02
9.050500000000000000e+03 4.124624999999999819e-02
9.054000000000000000e+03 2.734699999999999978e-02
9.057500000000000000e+03 1.409550000000000039e-02
9.061500000000000000e+03 1.354224999999999873e-02
9.065500000000000000e+03 1.981300000000000075e-02
9.069500000000000000e+03 2.809899999999999898e-02
9.073500000000000000e+03 3.866375000000000367e-02
9.077500000000000000e+03 1.976599999999999885e-02
9.081500000000000000e+03 2.756399999999999822e-02
9.085500000000000000e+03 2.928650000000000003e-02
9.089500000000000000e+03 3.604750000000000315e-02
9.093000000000000000e+03 3.492633333333333007e-02
9.096500000000000000e+03 3.840224999999999889e-02
9.100500000000000000e+03 3.407774999999999693e-02
9.104500000000000000e+03 1.580375000000000182e-02
9.108500000000000000e+03 9.856500000000000677e-03
9.112500000000000000e+03 1.071774999999999811e-02
9.116500000000000000e+03 8.087150000000001282e-03
9.120500000000000000e+03 1.767875000000000002e-02
9.124500000000000000e+03 1.305699999999999916e-02
9.128500000000000000e+03 2.067224999999999965e-02
9.132000000000000000e+03 4.822299999999999504e-02
9.135500000000000000e+03 1.791405000000000081e-02
9.139500000000000000e+03 2.493324999999999708e-02
9.143500000000000000e+03 1.527667500000000171e-02
9.147500000000000000e+03 1.505985000000000136e-02
9.151500000000000000e+03 2.169650000000000051e-02
9.155500000000000000e+03 1.081092499999999901e-02
9.159500000000000000e+03 2.957749999999999962e-02
9.163500000000000000e+03 4.613224999999999965e-02
9.167500000000000000e+03 1.466522500000000048e-02
9.171000000000000000e+03 1.024823333333333385e-02
9.174500000000000000e+03 2.372474999999999931e-02
9.178500000000000000e+03 2.485274999999999984e-02
9.182500000000000000e+03 7.367324999999999222e-03
9.186500000000000000e+03 1.915094999999999992e-02
9.190500000000000000e+03 1.695900000000000185e-02
9.194500000000000000e+03 3.033800000000000385e-02
9.198500000000000000e+03 6.331749999999999878e-02
9.202500000000000000e+03 4.603125000000000272e-02
9.206500000000000000e+03 1.521074999999999858e-02
9.210000000000000000e+03 1.105933333333333247e-02
9.213500000000000000e+03 3.421749999999999792e-02
9.217500000000000000e+03 2.602325000000000471e-02
9.221500000000000000e+03 1.397300000000000104e-02
9.225500000000000000e+03 1.196925000000000072e-02
9.229500000000000000e+03 1.086624999999999917e-02
9.233500000000000000e+03 9.685624999999999790e-03
9.237500000000000000e+03 2.286024999999999863e-02
9.241500000000000000e+03 3.088374999999999801e-02
9.245500000000000000e+03 3.896374999999999839e-02
9.249000000000000000e+03 2.445699999999999610e-02
9.252500000000000000e+03 1.640774999999999872e-02
9.256500000000000000e+03 2.261174999999999990e-02
9.260500000000000000e+03 3.631974999999999787e-02
9.263750000000000000e+03 3.297150000000000081e-02
9.266500000000000000e+03 1.869849999999999984e-02
9.270500000000000000e+03 1.258499999999999897e-02
9.274500000000000000e+03 1.717824999999999908e-02
9.278500000000000000e+03 1.602999999999999911e-02
9.282500000000000000e+03 1.952500000000000069e-02
9.286000000000000000e+03 2.159600000000000061e-02
9.289500000000000000e+03 1.326550000000000125e-02
9.293500000000000000e+03 1.200475000000000153e-02
9.297500000000000000e+03 9.710550000000000084e-03
9.301500000000000000e+03 1.055425000000000113e-02
9.305500000000000000e+03 1.150499999999999960e-02
9.309500000000000000e+03 1.096324999999999904e-02
9.313500000000000000e+03 1.250050000000000119e-02
9.317500000000000000e+03 1.166100000000000123e-02
9.321500000000000000e+03 1.207125000000000038e-02
9.325000000000000000e+03 2.245800000000000227e-02
9.328500000000000000e+03 4.898825000000000401e-02
9.332500000000000000e+03 5.118475000000000108e-02
9.336500000000000000e+03 3.952574999999999839e-02
9.340500000000000000e+03 1.861000000000000154e-02
9.344500000000000000e+03 1.705674999999999900e-02
9.348500000000000000e+03 1.001502500000000032e-02
9.352500000000000000e+03 1.045502499999999974e-02
9.356500000000000000e+03 1.968850000000000114e-02
9.360500000000000000e+03 1.167575000000000036e-02
9.364000000000000000e+03 1.284033333333333381e-02
9.367500000000000000e+03 7.952624999999999625e-03
9.371500000000000000e+03 4.068325000000000413e-02
9.375500000000000000e+03 3.109024999999999983e-02
9.379500000000000000e+03 8.411649999999999683e-03
9.383500000000000000e+03 1.277575000000000065e-02
9.387500000000000000e+03 1.149192500000000006e-02
9.391500000000000000e+03 3.026775000000000299e-02
9.395500000000000000e+03 3.246124999999999705e-02
9.399500000000000000e+03 3.631750000000000256e-02
9.403000000000000000e+03 2.226200000000000401e-02
9.406500000000000000e+03 2.023474999999999926e-02
9.410500000000000000e+03 2.640674999999999967e-02
9.414500000000000000e+03 2.384250000000000258e-02
9.418500000000000000e+03 6.580400000000000138e-02
9.422500000000000000e+03 5.679200000000000220e-02
9.426500000000000000e+03 1.107835000000000070e-02
9.430500000000000000e+03 2.134199999999999986e-02
9.434500000000000000e+03 1.487700000000000133e-02
9.438500000000000000e+03 1.206900000000000160e-02
9.442000000000000000e+03 1.362066666666666807e-02
9.445500000000000000e+03 2.385899999999999826e-02
9.449500000000000000e+03 2.490750000000000255e-02
9.453500000000000000e+03 1.651550000000000240e-02
9.457500000000000000e+03 2.071850000000000080e-02
9.461500000000000000e+03 1.404725000000000071e-02
9.465500000000000000e+03 1.639700000000000185e-02
9.469500000000000000e+03 3.153649999999999509e-02
9.473500000000000000e+03 1.070144999999999777e-02
9.477500000000000000e+03 8.087574999999999625e-03
9.481000000000000000e+03 7.282433333333333640e-03
9.484500000000000000e+03 8.706175000000000025e-03
9.488500000000000000e+03 1.416900000000000104e-02
9.492500000000000000e+03 1.807774999999999660e-02
9.496500000000000000e+03 1.946275000000000088e-02
9.500500000000000000e+03 1.624099999999999849e-02
9.504425000000001091e+03 1.593975000000000253e-02
9.508399999999999636e+03 1.111350000000000011e-02
9.512399999999999636e+03 1.233825000000000026e-02
9.516399999999999636e+03 1.165449999999999993e-02
9.519899999999999636e+03 1.012196666666666765e-02
9.523399999999999636e+03 1.024762499999999979e-02
9.527399999999999636e+03 1.567699999999999649e-02
9.531399999999999636e+03 2.743949999999999861e-02
9.535399999999999636e+03 1.581300000000000067e-02
9.539399999999999636e+03 2.513775000000000037e-02
9.543399999999999636e+03 1.798500000000000099e-02
9.547399999999999636e+03 1.163225000000000023e-02
9.551399999999999636e+03 1.771874999999999839e-02
9.555399999999999636e+03 2.099000000000000171e-02
9.558899999999999636e+03 3.799233333333332935e-02
9.562399999999999636e+03 2.499074999999999908e-02
9.566399999999999636e+03 2.338300000000000101e-02
9.570399999999999636e+03 1.781999999999999904e-02
9.574399999999999636e+03 1.931874999999999912e-02
9.578399999999999636e+03 2.887475000000000111e-02
9.582399999999999636e+03 2.247850000000000195e-02
9.586399999999999636e+03 8.059699999999999503e-03
9.590399999999999636e+03 1.866400000000000003e-02
9.594399999999999636e+03 3.979024999999999923e-02
9.597899999999999636e+03 2.423566666666666924e-02
9.601399999999999636e+03 1.150975000000000088e-02
9.605399999999999636e+03 1.322324999999999889e-02
9.609399999999999636e+03 1.377374999999999954e-02
9.613399999999999636e+03 2.069850000000000162e-02
9.617399999999999636e+03 1.608199999999999907e-02
9.621399999999999636e+03 4.310874999999999430e-02
9.625399999999999636e+03 5.495424999999999616e-02
9.629399999999999636e+03 3.585924999999999530e-02
9.633399999999999636e+03 7.167250000000000010e-02
9.636899999999999636e+03 9.348833333333333995e-02
9.640399999999999636e+03 5.801850000000000063e-02
9.644399999999999636e+03 2.202024999999999816e-02
9.648399999999999636e+03 6.516425000000000689e-02
9.652399999999999636e+03 7.121225000000000471e-02
9.656399999999999636e+03 2.321674999999999781e-02
9.660399999999999636e+03 6.518575000000000064e-02
9.664399999999999636e+03 3.859200000000000130e-02
9.668399999999999636e+03 1.610174999999999801e-02
9.671899999999999636e+03 2.047400000000000261e-02
9.675399999999999636e+03 5.982075000000000586e-02
9.679399999999999636e+03 3.662975000000000259e-02
9.683399999999999636e+03 2.317924999999999847e-02
9.687399999999999636e+03 3.105125000000000246e-02
9.691399999999999636e+03 5.647499999999999742e-02
9.695399999999999636e+03 7.298650000000000970e-02
9.699399999999999636e+03 4.622525000000000245e-02
9.703399999999999636e+03 2.697025000000000117e-02
9.707399999999999636e+03 2.912000000000000005e-02
9.710899999999999636e+03 3.357433333333333103e-02
9.714399999999999636e+03 1.408774999999999958e-02
9.718399999999999636e+03 1.519024999999999889e-02
9.722399999999999636e+03 1.181074999999999833e-02
9.726399999999999636e+03 2.591949999999999810e-02
9.730399999999999636e+03 4.631450000000000150e-02
9.734399999999999636e+03 3.699324999999999836e-02
9.738399999999999636e+03 2.752849999999999742e-02
9.742399999999999636e+03 1.131870000000000098e-02
9.746399999999999636e+03 1.591974999999999987e-02
9.749899999999999636e+03 1.285799999999999964e-02
9.753399999999999636e+03 1.545824999999999977e-02
9.757399999999999636e+03 1.746474999999999764e-02
9.761399999999999636e+03 1.542099999999999894e-02
9.765399999999999636e+03 1.256799999999999931e-02
9.769399999999999636e+03 9.100674999999999043e-03
9.773399999999999636e+03 1.060805000000000081e-02
9.777399999999999636e+03 1.563824999999999937e-02
9.781399999999999636e+03 1.241874999999999923e-02
9.785399999999999636e+03 1.294399999999999891e-02
9.788899999999999636e+03 1.122566666666666678e-02
9.792399999999999636e+03 1.600999999999999993e-02
9.796399999999999636e+03 1.164292499999999841e-02
9.800399999999999636e+03 9.035024999999998613e-03
9.804399999999999636e+03 1.393149999999999944e-02
9.808399999999999636e+03 1.185024999999999967e-02
9.812399999999999636e+03 7.607850000000000203e-03
9.816399999999999636e+03 7.745975000000000429e-03
9.820399999999999636e+03 1.402404999999999971e-02
9.824399999999999636e+03 2.551375000000000171e-02
9.827899999999999636e+03 1.551233333333333457e-02
9.831399999999999636e+03 2.202675000000000119e-02
9.835399999999999636e+03 1.066254999999999981e-02
9.839399999999999636e+03 2.005749999999999894e-02
9.843399999999999636e+03 1.830725000000000061e-02
9.847399999999999636e+03 1.675050000000000150e-02
9.851399999999999636e+03 3.961924999999999475e-02
9.855399999999999636e+03 2.692249999999999852e-02
9.859399999999999636e+03 1.633825000000000208e-02
9.863399999999999636e+03 2.045450000000000046e-02
9.866899999999999636e+03 1.869366666666666746e-02
9.870399999999999636e+03 1.185707499999999817e-02
9.874399999999999636e+03 1.077700000000000012e-02
9.878399999999999636e+03 3.985450000000000104e-02
9.882399999999999636e+03 2.660175000000000040e-02
9.886399999999999636e+03 2.254699999999999760e-02
9.890399999999999636e+03 1.847249999999999934e-02
9.894399999999999636e+03 1.249250000000000013e-02
9.898399999999999636e+03 1.245500000000000079e-02
9.902399999999999636e+03 8.322124999999999662e-03
9.905899999999999636e+03 2.026666666666666547e-02
9.909399999999999636e+03 4.910724999999999812e-02
9.913399999999999636e+03 3.677874999999999894e-02
9.917399999999999636e+03 2.069124999999999784e-02
9.921399999999999636e+03 1.364974999999999869e-02
9.925399999999999636e+03 2.230075000000000113e-02
9.929399999999999636e+03 1.437574999999999964e-02
9.933399999999999636e+03 2.047749999999999918e-02
9.937399999999999636e+03 1.459424999999999958e-02
9.941399999999999636e+03 1.312375000000000000e-02
9.944899999999999636e+03 1.418200000000000016e-02
9.948399999999999636e+03 2.511225000000000263e-02
9.952399999999999636e+03 2.966500000000000040e-02
9.956399999999999636e+03 2.137950000000000267e-02
9.960399999999999636e+03 1.371299999999999950e-02
9.964399999999999636e+03 1.420175000000000083e-02
9.968399999999999636e+03 1.712050000000000030e-02
9.972399999999999636e+03 2.925799999999999929e-02
9.976399999999999636e+03 3.027099999999999930e-02
9.980399999999999636e+03 1.810925000000000035e-02
9.983833333333332121e+03 2.357033333333333203e-02
9.987299999999999272e+03 3.093949999999999825e-02
9.991299999999999272e+03 2.543624999999999706e-02
9.995299999999999272e+03 1.462899999999999964e-02
9.999299999999999272e+03 1.303075000000000067e-02
1.000329999999999927e+04 2.779375000000000595e-02
1.000729999999999927e+04 2.021974999999999814e-02
1.001129999999999927e+04 1.068834999999999924e-02
1.001529999999999927e+04 9.147999999999999882e-03
1.001929999999999927e+04 1.425349999999999881e-02
1.002279999999999927e+04 1.934766666666666579e-02
1.002629999999999927e+04 1.914674999999999710e-02
1.003029999999999927e+04 2.289675000000000044e-02
1.003429999999999927e+04 1.516550000000000016e-02
1.003829999999999927e+04 1.264650000000000149e-02
1.004229999999999927e+04 1.010904999999999963e-02
1.004629999999999927e+04 1.328025000000000039e-02
1.005029999999999927e+04 8.047999999999999599e-03
1.005429999999999927e+04 7.620474999999999818e-03
1.005829999999999927e+04 3.821425000000000516e-02
1.006179999999999927e+04 2.572366666666666205e-02
1.006529999999999927e+04 1.710499999999999868e-02
1.006929999999999927e+04 2.250774999999999998e-02
1.007329999999999927e+04 2.105974999999999861e-02
1.007729999999999927e+04 1.947075000000000194e-02
1.008129999999999927e+04 1.576175000000000145e-02
1.008529999999999927e+04 2.716924999999999896e-02
1.008929999999999927e+04 2.825599999999999640e-02
1.009329999999999927e+04 1.291349999999999963e-02
1.009729999999999927e+04 1.733149999999999968e-02
1.010079999999999927e+04 1.881433333333333222e-02
1.010429999999999927e+04 2.161474999999999855e-02
1.010829999999999927e+04 2.971500000000000183e-02
1.011229999999999927e+04 1.213622500000000048e-02
1.011629999999999927e+04 1.885074999999999945e-02
1.012029999999999927e+04 2.262899999999999634e-02
1.012429999999999927e+04 4.663849999999999940e-02
1.012829999999999927e+04 2.163525000000000170e-02
1.013229999999999927e+04 2.131249999999999811e-02
1.013629999999999927e+04 5.054249999999999715e-02
1.013979999999999927e+04 3.792833333333333473e-02
1.014329999999999927e+04 1.833774999999999988e-02
1.014729999999999927e+04 2.085599999999999954e-02
1.015129999999999927e+04 3.642200000000000298e-02
1.015529999999999927e+04 5.212825000000000097e-02
1.015929999999999927e+04 8.446649999999999991e-02
1.016329999999999927e+04 8.682525000000000659e-02
1.016729999999999927e+04 7.693500000000000338e-02
1.017129999999999927e+04 8.178850000000000009e-02
1.017529999999999927e+04 4.555474999999999802e-02
1.017879999999999927e+04 1.645900000000000141e-02
1.018229999999999927e+04 1.898199999999999887e-02
1.018629999999999927e+04 2.086099999999999760e-02
1.019029999999999927e+04 4.184600000000000125e-02
1.019429999999999927e+04 2.950750000000000248e-02
1.019829999999999927e+04 1.710474999999999843e-02
1.020229999999999927e+04 1.598924999999999999e-02
1.020629999999999927e+04 3.388499999999999845e-02
1.021029999999999927e+04 2.552050000000000152e-02
1.021429999999999927e+04 2.569574999999999984e-02
1.021779999999999927e+04 1.742233333333333134e-02
1.022129999999999927e+04 2.767775000000000096e-02
1.022529999999999927e+04 4.515575000000000144e-02
1.022929999999999927e+04 3.113399999999999501e-02
1.023329999999999927e+04 5.420549999999999674e-02
1.023729999999999927e+04 5.095424999999999954e-02
1.024129999999999927e+04 7.698149999999999438e-02
1.024529999999999927e+04 4.152749999999999497e-02
1.024929999999999927e+04 1.378099999999999985e-02
1.025329999999999927e+04 4.878299999999999303e-02
1.025679999999999927e+04 7.660499999999999254e-02
1.026029999999999927e+04 8.080724999999999714e-02
1.026429999999999927e+04 2.159499999999999961e-02
1.026829999999999927e+04 2.581525000000000139e-02
1.027229999999999927e+04 5.647475000000000411e-02
1.027629999999999927e+04 7.176649999999999696e-02
1.028029999999999927e+04 2.042200000000000126e-01
1.028429999999999927e+04 6.754949999999999566e-01
1.028829999999999927e+04 2.949950000000000072e-01
1.029229999999999927e+04 4.675374999999999670e-02
1.029579999999999927e+04 1.859866666666666959e-02
1.029929999999999927e+04 2.129324999999999968e-02
1.030329999999999927e+04 1.335625000000000007e-02
1.030729999999999927e+04 2.214225000000000221e-02
1.031129999999999927e+04 6.000474999999999559e-02
1.031529999999999927e+04 6.986400000000000943e-02
1.031929999999999927e+04 3.574600000000000000e-02
1.032329999999999927e+04 1.071549999999999864e-01
1.032729999999999927e+04 1.167227500000000001e-01
1.033129999999999927e+04 7.016075000000000783e-02
1.033479999999999927e+04 7.120566666666666711e-02
1.033829999999999927e+04 9.739275000000000015e-02
1.034229999999999927e+04 4.343624999999999570e-02
1.034629999999999927e+04 1.152304999999999996e-02
1.035029999999999927e+04 4.110025000000000484e-02
1.035429999999999927e+04 5.954349999999999227e-02
1.035829999999999927e+04 4.539525000000000504e-02
1.036229999999999927e+04 7.057874999999999566e-02
1.036629999999999927e+04 6.913924999999999932e-02
1.037029999999999927e+04 5.763725000000000098e-02
