6.404999999999999583e-01 4.018947247807735646e-11
1.665499999999999980e+00 4.167126099750380889e-11
2.690500000000000114e+00 4.784698489566995118e-11
3.715500000000000025e+00 7.257451797052090995e-11
4.740249999999999631e+00 6.601452336288138845e-11
5.765249999999999986e+00 5.490445800542755907e-11
6.790250000000000341e+00 4.606257572622679948e-11
7.815249999999999808e+00 4.286408666217172346e-11
8.839999999999999858e+00 3.975268058498249210e-11
9.737000000000000099e+00 3.374242534358872076e-11
1.063375000000000092e+01 3.317338660064464222e-11
1.165874999999999950e+01 3.799282236112619822e-11
1.268374999999999808e+01 4.060942204737155930e-11
1.378540000000000099e+01 4.002076901607604755e-11
1.473350000000000115e+01 4.375806883438390370e-11
1.575850000000000151e+01 5.599029771064286050e-11
1.678325000000000244e+01 6.675284752853437841e-11
1.780825000000000102e+01 8.844956921054755999e-11
1.883324999999999960e+01 1.290566259459900389e-10
1.973000000000000043e+01 1.222759533300501050e-10
2.062699999999999889e+01 7.663368512275641960e-11
2.165174999999999983e+01 5.869710948432751577e-11
2.267674999999999841e+01 7.252586057668079833e-11
2.370175000000000054e+01 9.840415271554489550e-11
2.472675000000000267e+01 1.314970974969230494e-10
2.575150000000000006e+01 1.010959826880321468e-10
2.677649999999999864e+01 9.458159371787918299e-11
2.780150000000000432e+01 1.121443244702765170e-10
2.882649999999999935e+01 1.241558251598165947e-10
2.972299999999999898e+01 1.318814979277843794e-10
3.062000000000000099e+01 1.349479212287682935e-10
3.164500000000000313e+01 1.314569998922273918e-10
3.267000000000000171e+01 8.612380874944762957e-11
3.369500000000000028e+01 5.142480381917415255e-11
3.471974999999999767e+01 4.810481450446999785e-11
3.574474999999999625e+01 4.203470075043528788e-11
3.676975000000000193e+01 6.211750685380333903e-11
3.779475000000000051e+01 6.524080076259840429e-11
3.881950000000000500e+01 6.892995110495284950e-11
3.971633333333333127e+01 1.368666033906076860e-10
4.061325000000000074e+01 1.070495020668832698e-10
4.163824999999999932e+01 7.965941841012852907e-11
4.266299999999999670e+01 8.388747007587030532e-11
4.368800000000000239e+01 5.719126657682454410e-11
4.471300000000000097e+01 8.456760739923283550e-11
4.573799999999999955e+01 6.113966804254232278e-11
4.676274999999999693e+01 8.717706040427223191e-11
4.778774999999999551e+01 1.554772126187246702e-10
4.881275000000000119e+01 9.429310158611582378e-11
4.970966666666667066e+01 5.106901211411030489e-11
5.060625000000000284e+01 7.692774432413240588e-11
5.163125000000000142e+01 1.036952836282918445e-10
5.265625000000000000e+01 5.329238126236025684e-11
5.368124999999999858e+01 6.085129238812797899e-11
5.470600000000000307e+01 8.179068444624599139e-11
5.573100000000000165e+01 9.302507710444981086e-11
5.675600000000000023e+01 1.778603886770802745e-10
5.778099999999999881e+01 1.734562600879973612e-10
5.880599999999999739e+01 9.130289226001654795e-11
5.970266666666666566e+01 5.412896531517937679e-11
6.059950000000000614e+01 9.610521533396362764e-11
6.162449999999999761e+01 1.207097968632819808e-10
6.264949999999999619e+01 6.847384423382413880e-11
6.367425000000000068e+01 5.710877380811400223e-11
6.469925000000000637e+01 5.042171730854682894e-11
6.572424999999999784e+01 4.659631487729954169e-11
6.674925000000000352e+01 7.413701102180069597e-11
6.777400000000000091e+01 1.132439796506807596e-10
6.879900000000000659e+01 1.325254774461559675e-10
6.969599999999999795e+01 1.128825400919803852e-10
7.059274999999999523e+01 7.768500277384702035e-11
7.161775000000000091e+01 8.325456460375085216e-11
7.264249999999999829e+01 1.202727694073023160e-10
7.366750000000000398e+01 1.297555474994200347e-10
7.469249999999999545e+01 9.549811462804412112e-11
7.571725000000000705e+01 6.113121964602346926e-11
7.674224999999999852e+01 6.777748361823224226e-11
7.776724999999999000e+01 6.941686432478413454e-11
7.879225000000000989e+01 7.578958471954538622e-11
7.968900000000000716e+01 8.775072246890215229e-11
8.058574999999999022e+01 6.821028071183093169e-11
8.161074999999999591e+01 5.585167797729736148e-11
8.263575000000000159e+01 4.788996559067467762e-11
8.366075000000000728e+01 4.664119775438232688e-11
8.468549999999999045e+01 5.125998080264075584e-11
8.571049999999999613e+01 5.003767536203840520e-11
8.673550000000000182e+01 5.400836193995634293e-11
8.776049999999999329e+01 5.356086734608334366e-11
8.878525000000000489e+01 5.263931824582854525e-11
8.968200000000000216e+01 7.096291459379414412e-11
9.057899999999997931e+01 1.407858104683075645e-10
9.160399999999999920e+01 1.743962912916911790e-10
9.262900000000001910e+01 1.526452585010577804e-10
9.365375000000000227e+01 9.532629758835710054e-11
9.467874999999999375e+01 7.446417413671254680e-11
9.570374999999998522e+01 5.584112140644027220e-11
9.672875000000000512e+01 4.324579924122829500e-11
9.775350000000000250e+01 7.640191074515517929e-11
9.877850000000000819e+01 5.805956859868423430e-11
9.967533333333334156e+01 5.721912309605358432e-11
1.005722499999999968e+02 4.253038462780350797e-11
1.015969999999999942e+02 1.107494421702391013e-10
1.026219999999999857e+02 1.394953834110554761e-10
1.036470000000000056e+02 5.660673509583529867e-11
1.046719999999999970e+02 5.254956723140464646e-11
1.056967500000000086e+02 5.157669786517011410e-11
1.067217499999999859e+02 9.789398094057753051e-11
1.077467499999999916e+02 1.192246066737508479e-10
1.087717500000000115e+02 1.312399623841746987e-10
1.096683333333333366e+02 1.026734269817093049e-10
1.105652499999999918e+02 8.440504833836446589e-11
1.115902499999999975e+02 9.876681149575128669e-11
1.126152500000000032e+02 9.347418092043943378e-11
1.136400000000000006e+02 1.659055672324513285e-10
1.146649999999999920e+02 2.081691193757664700e-10
1.156899999999999977e+02 8.075952672759457945e-11
1.167150000000000034e+02 7.726747808864730472e-11
1.177400000000000091e+02 7.271627429304990567e-11
1.187647499999999923e+02 5.740272848155027771e-11
1.196616666666666760e+02 5.716921255789246704e-11
1.205584999999999951e+02 8.157264060022070374e-11
1.215835000000000008e+02 1.005447172046444302e-10
1.226082499999999982e+02 7.636109209442720880e-11
1.236332500000000039e+02 7.954973863221265899e-11
1.246582500000000095e+02 6.890089695505702525e-11
1.256832500000000010e+02 6.295767886314899643e-11
1.267079999999999984e+02 1.104898034095603798e-10
1.277330000000000041e+02 6.597659010946533136e-11
1.287579999999999814e+02 4.107243347230712331e-11
1.296550000000000011e+02 3.686909428049646574e-11
1.305517499999999984e+02 3.915565100900612324e-11
1.315765000000000100e+02 5.532050817230839576e-11
1.326015000000000157e+02 7.152706792004948932e-11
1.336264999999999930e+02 7.922811096269844126e-11
1.346512500000000045e+02 7.208761530155181331e-11
1.356762500000000102e+02 6.961818102780415551e-11
1.367012500000000159e+02 5.544356671444294055e-11
1.377262500000000216e+02 5.347752131071168486e-11
1.387510000000000048e+02 5.369683950725973827e-11
1.396479999999999961e+02 4.867597498111079747e-11
1.405447499999999934e+02 4.701215142522576677e-11
1.415697499999999991e+02 5.861332462484468467e-11
1.425947500000000048e+02 9.489246988201120205e-11
1.436194999999999879e+02 7.721250824638307152e-11
1.446444999999999936e+02 8.852487685858857523e-11
1.456694999999999993e+02 8.320817008584378904e-11
1.466945000000000050e+02 5.662677008819966343e-11
1.477192500000000166e+02 6.787654244560317485e-11
1.487442499999999939e+02 8.015246553813281368e-11
1.496409999999999911e+02 1.224068959640881204e-10
1.505379999999999825e+02 1.100768469654771697e-10
1.515630000000000166e+02 9.346426030620399677e-11
1.525877499999999998e+02 8.070507107326300206e-11
1.536127500000000055e+02 7.761703042750851564e-11
1.546377499999999827e+02 1.013350002823087603e-10
1.556627499999999884e+02 1.004219083030332911e-10
1.566875000000000000e+02 5.142422203011422380e-11
1.577125000000000057e+02 6.076815660541667864e-11
1.587375000000000114e+02 1.249494500977545485e-10
1.596343333333333021e+02 1.133211958460984022e-10
1.605309999999999775e+02 6.548684481459845748e-11
1.615559999999999832e+02 5.578951298283307359e-11
1.625809999999999889e+02 5.961937411909346816e-11
1.636060000000000230e+02 7.849501657244671653e-11
1.646307500000000061e+02 7.057408172675959886e-11
1.656557499999999834e+02 1.212291843166503722e-10
1.666807499999999891e+02 1.766169175834907780e-10
1.677057499999999948e+02 1.416696102672672078e-10
1.687305000000000064e+02 1.855753801134340587e-10
1.696273333333333539e+02 2.475267507420774487e-10
1.705242499999999950e+02 2.147915410460724802e-10
1.715492500000000007e+02 1.114654444283755110e-10
1.725739999999999839e+02 1.596492780344845354e-10
1.735989999999999895e+02 2.243033131555021065e-10
1.746240000000000236e+02 1.211351587746144392e-10
1.756489999999999725e+02 1.719480899504641410e-10
1.766740000000000066e+02 1.709546768817808399e-10
1.776987499999999898e+02 8.862591262017187950e-11
1.785956666666666877e+02 7.535202582908203210e-11
1.794925000000000068e+02 1.579563032042156242e-10
1.805174999999999841e+02 1.564443511391225404e-10
1.815422499999999957e+02 1.000814873714248947e-10
1.825672500000000014e+02 1.029406209394950455e-10
1.835922500000000070e+02 1.582864184653044915e-10
1.846172500000000127e+02 2.137962067789652837e-10
1.856419999999999959e+02 1.811073178717629116e-10
1.866669999999999732e+02 1.195931682040599939e-10
1.876920000000000073e+02 1.069297311694496343e-10
1.885890000000000271e+02 1.222308200844869183e-10
1.894857499999999959e+02 7.913878335707533590e-11
1.905105000000000075e+02 6.159369995350317688e-11
1.915354999999999848e+02 5.759149199946677884e-11
1.925604999999999905e+02 8.265777650024574496e-11
1.935852500000000020e+02 1.431816005921429119e-10
1.946102499999999793e+02 1.440929314195103432e-10
1.956352500000000134e+02 1.168512626980640591e-10
1.966602499999999907e+02 6.333574143718851693e-11
1.976849999999999739e+02 6.277488778443361526e-11
1.985819999999999936e+02 6.125354914328203687e-11
1.994787499999999909e+02 6.178020330253423898e-11
2.005037499999999966e+02 7.094734060626586167e-11
2.015287500000000023e+02 6.822740021349243860e-11
2.025535000000000139e+02 5.897767761793831934e-11
2.035784999999999911e+02 4.616855188558758133e-11
2.046034999999999968e+02 4.530799385044526883e-11
2.056285000000000025e+02 6.207433798252033785e-11
2.066532500000000141e+02 5.945017367411647722e-11
2.076782500000000198e+02 5.659339547436605469e-11
2.085750000000000171e+02 5.266619594225375768e-11
2.094720000000000084e+02 6.246751595285440729e-11
2.104969999999999857e+02 5.948920495267891593e-11
2.115217499999999973e+02 4.477465376236810529e-11
2.125467500000000314e+02 5.510659462818284115e-11
2.135717499999999802e+02 5.828029842491043657e-11
2.145967499999999859e+02 4.254315016508140271e-11
2.156214999999999975e+02 3.756197872305682504e-11
2.166465000000000032e+02 5.210314242541996890e-11
2.176715000000000373e+02 9.124070606316674940e-11
2.185683333333332996e+02 7.877973236735478617e-11
2.194649999999999750e+02 8.119081767782279327e-11
2.204900000000000091e+02 6.082500960290225336e-11
2.215150000000000148e+02 6.852311474388777781e-11
2.225399999999999920e+02 8.083795093103530464e-11
2.235647500000000036e+02 6.947767447283810340e-11
2.245897499999999809e+02 1.218323071110339026e-10
2.256147500000000150e+02 1.208957447697499435e-10
2.266397499999999923e+02 7.789062346164698569e-11
2.276645000000000039e+02 7.831036103418051869e-11
2.285613333333333230e+02 7.927400907664122616e-11
2.294582499999999925e+02 6.020800103890586587e-11
2.304832499999999982e+02 4.787754377586076719e-11
2.315079999999999814e+02 1.128274183529623961e-10
2.325329999999999870e+02 1.250055128432842008e-10
2.335580000000000211e+02 9.227199628191031015e-11
2.345829999999999984e+02 8.392366733138564940e-11
2.356079999999999757e+02 6.300963115437295436e-11
2.366327499999999873e+02 5.601959591721348009e-11
2.376577499999999930e+02 4.340576644820150812e-11
2.385546666666666624e+02 6.545562989580628497e-11
2.394515000000000100e+02 1.394488055105400574e-10
2.404762500000000216e+02 1.501096981599398491e-10
2.415012499999999989e+02 9.975169396133557496e-11
2.425262500000000045e+02 6.727306626485183573e-11
2.435512500000000102e+02 8.240615401928561833e-11
2.445760000000000218e+02 7.335291585165889663e-11
2.456010000000000275e+02 7.644716698675624827e-11
2.466260000000000048e+02 7.035917220597741091e-11
2.476509999999999820e+02 5.831207855801044576e-11
2.485480000000000018e+02 6.024423055317041969e-11
2.494445000000000050e+02 8.476082766103892347e-11
2.504695000000000391e+02 1.112933856853796963e-10
2.514944999999999879e+02 9.894423020704584900e-11
2.525192499999999995e+02 6.888079553258150303e-11
2.535442500000000052e+02 6.012778835418528961e-11
2.545692500000000109e+02 6.840136122451640707e-11
2.555942500000000166e+02 9.787566911882703120e-11
2.566189999999999714e+02 1.160861235084490018e-10
2.576440000000000055e+02 8.721105821367453503e-11
2.585409999999999968e+02 8.683545383252264798e-11
2.594377500000000509e+02 1.091856072813156513e-10
2.604627500000000282e+02 1.087529210849747251e-10
2.614875000000000114e+02 7.706081700392726280e-11
2.625124999999999886e+02 5.783656958158992697e-11
2.635375000000000227e+02 9.100197482267123554e-11
2.645625000000000000e+02 9.258869132433547681e-11
2.655872499999999832e+02 5.774570285830332970e-11
2.666122500000000173e+02 4.410386071094819166e-11
2.676372499999999945e+02 5.431222438762630447e-11
2.685340000000000487e+02 7.291376476829697061e-11
2.694310000000000400e+02 7.916005948072938003e-11
2.704557499999999663e+02 8.749777139843630015e-11
2.714807500000000005e+02 7.479357904220240497e-11
2.725057500000000346e+02 5.829762705272346003e-11
2.735307500000000118e+02 4.976163458436008712e-11
2.745554999999999950e+02 5.424873139034040252e-11
2.755804999999999723e+02 4.494175207122640811e-11
2.766055000000000064e+02 3.592892099862582977e-11
2.776304999999999836e+02 1.064137680842753852e-10
2.785269999999999868e+02 1.205819872196698594e-10
2.794239999999999782e+02 7.979224193678615161e-11
2.804490000000000123e+02 8.364589886696850459e-11
2.814739999999999895e+02 8.802894830609534759e-11
2.824987499999999727e+02 8.245757119371037620e-11
2.835237500000000637e+02 7.152724052596257971e-11
2.845487500000000409e+02 8.966092560386104161e-11
2.855737500000000182e+02 1.086608367205129008e-10
2.865985000000000014e+02 7.048037234191632763e-11
2.876234999999999786e+02 6.690737968731156743e-11
2.885203333333333262e+02 7.799607209844799559e-11
2.894172499999999673e+02 8.408037581013041556e-11
2.904420000000000073e+02 1.059556329781062816e-10
2.914669999999999845e+02 7.145605806053005650e-11
2.924919999999999618e+02 6.623343273891941123e-11
2.935169999999999959e+02 9.114226058956094288e-11
2.945419999999999732e+02 1.376584580418633470e-10
2.955667500000000132e+02 1.159410098564427051e-10
2.965917500000000473e+02 8.277175500460992990e-11
2.976167500000000246e+02 1.446600181753763441e-10
2.985136666666666656e+02 1.550733277470676034e-10
2.994102500000000191e+02 9.614804394232087099e-11
3.004352499999999964e+02 7.935835416266870343e-11
3.014602500000000305e+02 1.172781655192689643e-10
3.024852500000000646e+02 1.589570836666303510e-10
3.035099999999999909e+02 2.199026828528034320e-10
3.045349999999999682e+02 2.483600828752278036e-10
3.055600000000000023e+02 2.333028500026661990e-10
3.065850000000000364e+02 2.357033458547703265e-10
3.076100000000000136e+02 1.869743064208458880e-10
3.085066666666666606e+02 9.843254160365451934e-11
3.094035000000000082e+02 7.525459874203727401e-11
3.104284999999999854e+02 8.388284151964300722e-11
3.114532500000000255e+02 1.226720795565417658e-10
3.124782500000000027e+02 1.308616445075037596e-10
3.135032499999999800e+02 8.103974478451192849e-11
3.145282500000000141e+02 6.837518139134048312e-11
3.155529999999999973e+02 1.071948608774638439e-10
3.165779999999999745e+02 1.126658039671366748e-10
3.176030000000000086e+02 9.923362178080805878e-11
3.185000000000000000e+02 8.330145500305320674e-11
3.193967499999999973e+02 9.129979824727771850e-11
3.204214999999999804e+02 1.458941940364977975e-10
3.214465000000000146e+02 1.322853360220621077e-10
3.224714999999999918e+02 1.554851605366308070e-10
3.234964999999999691e+02 1.810664600724113649e-10
3.245212500000000091e+02 2.077993495279127170e-10
3.255462499999999864e+02 1.808119631200892245e-10
3.265712499999999636e+02 8.123591190026320259e-11
3.275962499999999977e+02 1.261331118861767115e-10
3.284929999999999950e+02 2.132222174238315730e-10
3.293897500000000491e+02 2.326273742754020027e-10
3.304147500000000264e+02 1.340563002328589262e-10
3.314397500000000036e+02 8.627960098828798262e-11
3.324647499999999809e+02 1.650964465682361750e-10
3.334895000000000209e+02 2.035666749455530086e-10
3.345144999999999982e+02 3.261404149269900000e-10
3.355394999999999754e+02 5.247843713506693581e-10
3.365645000000000095e+02 4.974371151216170167e-10
3.375892499999999927e+02 2.442015388360162359e-10
3.384860000000000468e+02 1.003598714590516094e-10
3.393830000000000382e+02 8.374582181032580557e-11
3.404079999999999586e+02 6.981542734174580660e-11
3.414327499999999986e+02 7.563872196236531997e-11
3.424577500000000327e+02 1.620244243750953831e-10
3.434827499999999532e+02 2.137291240738114779e-10
3.445077499999999873e+02 1.606562435602109393e-10
3.455324999999999704e+02 2.243533083133857788e-10
3.465575000000000045e+02 3.074638996305368776e-10
3.475824999999999818e+02 2.362011669391540716e-10
3.484793333333333862e+02 2.118672305855758427e-10
3.493760000000000332e+02 2.472058938615060160e-10
3.504010000000000105e+02 1.954562272811912501e-10
3.514259999999999309e+02 7.606462898230378610e-11
3.524510000000000218e+02 1.064651504866626146e-10
3.534759999999999991e+02 1.899516758145754057e-10
3.545007499999999823e+02 1.624153748628621064e-10
3.555257500000000164e+02 1.957553808960000748e-10
3.565507499999999936e+02 2.195951236420219503e-10
3.575757499999999709e+02 1.941514456070704593e-10
