6.404999999999999583e-01 2.589188854187221012e-10
1.665499999999999980e+00 2.590164216344529805e-10
2.690500000000000114e+00 2.596697682312193298e-10
3.715500000000000025e+00 2.587702618217918320e-10
4.740249999999999631e+00 2.562563735501685746e-10
5.765249999999999986e+00 2.572821925643580231e-10
6.790250000000000341e+00 2.580538783790220984e-10
7.815249999999999808e+00 2.570632267858825638e-10
8.839999999999999858e+00 2.579084403942572039e-10
9.737000000000000099e+00 2.580662990583798063e-10
1.063375000000000092e+01 2.592657222789976025e-10
1.165874999999999950e+01 2.577268108759578039e-10
1.268374999999999808e+01 2.579478441282189866e-10
1.378540000000000099e+01 2.581990667527765061e-10
1.473350000000000115e+01 2.576971497819499904e-10
1.575850000000000151e+01 2.596399798068403079e-10
1.678325000000000244e+01 2.588872639787825535e-10
1.780825000000000102e+01 2.605882146297191505e-10
1.883324999999999960e+01 2.622205878693444477e-10
1.973000000000000043e+01 2.563168824055112298e-10
2.062699999999999889e+01 2.563192245559368366e-10
2.165174999999999983e+01 2.577477572540893915e-10
2.267674999999999841e+01 2.578156488194209504e-10
2.370175000000000054e+01 2.609114557734725511e-10
2.472675000000000267e+01 2.610668119214545523e-10
2.575150000000000006e+01 2.570153895031433114e-10
2.677649999999999864e+01 2.593359922071604239e-10
2.780150000000000432e+01 2.574249069418630035e-10
2.882649999999999935e+01 2.601102682355386133e-10
2.972299999999999898e+01 2.588590125447225218e-10
3.062000000000000099e+01 2.614090641127143779e-10
3.164500000000000313e+01 2.586206000256946775e-10
3.267000000000000171e+01 2.567670742704223898e-10
3.369500000000000028e+01 2.588763717143484668e-10
3.471974999999999767e+01 2.577158766233120119e-10
3.574474999999999625e+01 2.582676192793205712e-10
3.676975000000000193e+01 2.587481703708251996e-10
3.779475000000000051e+01 2.579737915207367297e-10
3.881950000000000500e+01 2.593774297485093992e-10
3.971633333333333127e+01 2.657797491638272200e-10
4.061325000000000074e+01 2.533635874768457132e-10
4.163824999999999932e+01 2.601829368436225480e-10
4.266299999999999670e+01 2.560648303872752631e-10
4.368800000000000239e+01 2.592044230428234194e-10
4.471300000000000097e+01 2.585639933616008752e-10
4.573799999999999955e+01 2.585361084110516069e-10
4.676274999999999693e+01 2.598906773381521228e-10
4.778774999999999551e+01 2.608711165005461149e-10
4.881275000000000119e+01 2.549446531155942172e-10
4.970966666666667066e+01 2.593150212571915755e-10
5.060625000000000284e+01 2.598239091785917471e-10
5.163125000000000142e+01 2.582066232283163780e-10
5.265625000000000000e+01 2.558602863557253577e-10
5.368124999999999858e+01 2.614468961456559375e-10
5.470600000000000307e+01 2.556488904127984452e-10
5.573100000000000165e+01 2.617623156012403719e-10
5.675600000000000023e+01 2.629738375549176643e-10
5.778099999999999881e+01 2.603529888750868591e-10
5.880599999999999739e+01 2.564753264077262476e-10
5.970266666666666566e+01 2.577150349980288540e-10
6.059950000000000614e+01 2.645040313356735874e-10
6.162449999999999761e+01 2.574611727124981081e-10
6.264949999999999619e+01 2.570632472202700375e-10
6.367425000000000068e+01 2.586106269005396797e-10
6.469925000000000637e+01 2.592519312157164703e-10
6.572424999999999784e+01 2.563500932663977241e-10
6.674925000000000352e+01 2.612168069151726046e-10
6.777400000000000091e+01 2.583983734802788143e-10
6.879900000000000659e+01 2.629554505001017010e-10
6.969599999999999795e+01 2.559169312399282336e-10
7.059274999999999523e+01 2.580258016211671830e-10
7.161775000000000091e+01 2.576455838974421866e-10
7.264249999999999829e+01 2.602833304248585756e-10
7.366750000000000398e+01 2.594792272312173165e-10
7.469249999999999545e+01 2.547186962418981623e-10
7.571725000000000705e+01 2.575358743891038533e-10
7.674224999999999852e+01 2.580694908767546033e-10
7.776724999999999000e+01 2.594047130949911764e-10
7.879225000000000989e+01 2.601381738260455573e-10
7.968900000000000716e+01 2.579077294884682644e-10
8.058574999999999022e+01 2.583118800728842382e-10
8.161074999999999591e+01 2.568259843024337643e-10
8.263575000000000159e+01 2.582739828573831626e-10
8.366075000000000728e+01 2.604429880278167661e-10
8.468549999999999045e+01 2.573921125052026855e-10
8.571049999999999613e+01 2.613131036090662051e-10
8.673550000000000182e+01 2.577199706440042432e-10
8.776049999999999329e+01 2.582761396051048352e-10
8.878525000000000489e+01 2.579341568250621026e-10
8.968200000000000216e+01 2.607137371421825787e-10
9.057899999999997931e+01 2.644853199891229067e-10
9.160399999999999920e+01 2.608346138819171824e-10
9.262900000000001910e+01 2.583587445093250615e-10
9.365375000000000227e+01 2.551072817075653192e-10
9.467874999999999375e+01 2.583034971321693724e-10
9.570374999999998522e+01 2.559798109980243358e-10
9.672875000000000512e+01 2.596250701867375970e-10
9.775350000000000250e+01 2.580923370162897542e-10
9.877850000000000819e+01 2.567383037329623558e-10
9.967533333333334156e+01 2.582616904136946618e-10
1.005722499999999968e+02 2.588564538296666645e-10
1.015969999999999942e+02 2.644198811354767059e-10
1.026219999999999857e+02 2.565273905311560884e-10
1.036470000000000056e+02 2.570391318987808697e-10
1.046719999999999970e+02 2.592264446900092856e-10
1.056967500000000086e+02 2.593188247932541961e-10
1.067217499999999859e+02 2.607757601441627803e-10
1.077467499999999916e+02 2.587432430406821070e-10
1.087717500000000115e+02 2.610760628343756425e-10
1.096683333333333366e+02 2.557810736293891266e-10
1.105652499999999918e+02 2.579402462100197000e-10
1.115902499999999975e+02 2.592901219945527537e-10
1.126152500000000032e+02 2.592686904633348093e-10
1.136400000000000006e+02 2.682068777764832530e-10
1.146649999999999920e+02 2.622744206693113395e-10
1.156899999999999977e+02 2.570177254472861354e-10
1.167150000000000034e+02 2.601889843961744743e-10
1.177400000000000091e+02 2.583083373135923651e-10
1.187647499999999923e+02 2.571836646545758127e-10
1.196616666666666760e+02 2.588854391269079958e-10
1.205584999999999951e+02 2.602500893028491746e-10
1.215835000000000008e+02 2.584226410331898374e-10
1.226082499999999982e+02 2.568463430073273848e-10
1.236332500000000039e+02 2.587698669765233567e-10
1.246582500000000095e+02 2.566342255083573641e-10
1.256832500000000010e+02 2.582930468035418663e-10
1.267079999999999984e+02 2.607046208284067462e-10
1.277330000000000041e+02 2.559291255148375695e-10
1.287579999999999814e+02 2.587459623567588043e-10
1.296550000000000011e+02 2.583074431038487664e-10
1.305517499999999984e+02 2.587932250280590903e-10
1.315765000000000100e+02 2.609865443305631027e-10
1.326015000000000157e+02 2.587368271446984850e-10
1.336264999999999930e+02 2.581323435899927047e-10
1.346512500000000045e+02 2.568918797000620131e-10
1.356762500000000102e+02 2.582875829225901648e-10
1.367012500000000159e+02 2.579137315708220440e-10
1.377262500000000216e+02 2.592849882819990725e-10
1.387510000000000048e+02 2.577439251023369152e-10
1.396479999999999961e+02 2.575932419391991584e-10
1.405447499999999934e+02 2.573643686866743355e-10
1.415697499999999991e+02 2.571142423387769485e-10
1.425947500000000048e+02 2.608688059459187203e-10
1.436194999999999879e+02 2.566020861013458586e-10
1.446444999999999936e+02 2.608048555919130608e-10
1.456694999999999993e+02 2.585710500135684929e-10
1.466945000000000050e+02 2.588449707704318554e-10
1.477192500000000166e+02 2.586046736783687204e-10
1.487442499999999939e+02 2.587386068822186898e-10
1.496409999999999911e+02 2.605837741743855583e-10
1.505379999999999825e+02 2.579458706227950678e-10
1.515630000000000166e+02 2.594564659067619239e-10
1.525877499999999998e+02 2.562587757735817123e-10
1.536127500000000055e+02 2.584150037196622438e-10
1.546377499999999827e+02 2.609289677886797774e-10
1.556627499999999884e+02 2.578704376974336344e-10
1.566875000000000000e+02 2.569521745810489403e-10
1.577125000000000057e+02 2.608709107045327547e-10
1.587375000000000114e+02 2.616595962150417339e-10
1.596343333333333021e+02 2.590106543887699720e-10
1.605309999999999775e+02 2.576425197421515784e-10
1.615559999999999832e+02 2.563700836093602196e-10
1.625809999999999889e+02 2.580079536277210235e-10
1.636060000000000230e+02 2.594936486479541867e-10
1.646307500000000061e+02 2.559586826372924778e-10
1.656557499999999834e+02 2.636784629168823707e-10
1.666807499999999891e+02 2.626642631494908586e-10
1.677057499999999948e+02 2.589199044244274762e-10
1.687305000000000064e+02 2.700390704184970625e-10
1.696273333333333539e+02 2.714812823288615039e-10
1.705242499999999950e+02 2.593230763519525110e-10
1.715492500000000007e+02 2.556305622011134320e-10
1.725739999999999839e+02 2.676736438221101321e-10
1.735989999999999895e+02 2.631611387728658883e-10
1.746240000000000236e+02 2.543221114856232014e-10
1.756489999999999725e+02 2.684570863965720547e-10
1.766740000000000066e+02 2.567768674757265614e-10
1.776987499999999898e+02 2.539067891112874125e-10
1.785956666666666877e+02 2.601694767613735088e-10
1.794925000000000068e+02 2.664165652905959392e-10
1.805174999999999841e+02 2.583359859680911519e-10
1.815422499999999957e+02 2.562279643669669344e-10
1.825672500000000014e+02 2.598808577169555992e-10
1.835922500000000070e+02 2.642155707747314761e-10
1.846172500000000127e+02 2.668018612172716093e-10
1.856419999999999959e+02 2.580218228174995843e-10
1.866669999999999732e+02 2.559361863855326040e-10
1.876920000000000073e+02 2.583729005149075775e-10
1.885890000000000271e+02 2.593690159668269094e-10
1.894857499999999959e+02 2.583578347240124270e-10
1.905105000000000075e+02 2.595284616841906995e-10
1.915354999999999848e+02 2.567331463738235937e-10
1.925604999999999905e+02 2.615851862418291712e-10
1.935852500000000020e+02 2.628996648005921371e-10
1.946102499999999793e+02 2.585205804325847527e-10
1.956352500000000134e+02 2.565900786010500569e-10
1.966602499999999907e+02 2.576716736000087731e-10
1.976849999999999739e+02 2.589197026960593203e-10
1.985819999999999936e+02 2.586041294881912083e-10
1.994787499999999909e+02 2.591708778426568556e-10
2.005037499999999966e+02 2.588717167203992360e-10
2.015287500000000023e+02 2.579276125761063772e-10
2.025535000000000139e+02 2.570852220445625805e-10
2.035784999999999911e+02 2.584108802335897369e-10
2.046034999999999968e+02 2.573817712292345618e-10
2.056285000000000025e+02 2.592743238981543323e-10
2.066532500000000141e+02 2.577958902433272457e-10
2.076782500000000198e+02 2.579928183945206045e-10
2.085750000000000171e+02 2.593734676953838800e-10
2.094720000000000084e+02 2.583128048153572039e-10
2.104969999999999857e+02 2.567804622490492830e-10
2.115217499999999973e+02 2.571249252081296081e-10
2.125467500000000314e+02 2.602484152091001717e-10
2.135717499999999802e+02 2.574973693692778427e-10
2.145967499999999859e+02 2.588464212162936796e-10
2.156214999999999975e+02 2.579448595333579263e-10
2.166465000000000032e+02 2.588401635217413070e-10
2.176715000000000373e+02 2.600095620748701930e-10
2.185683333333332996e+02 2.554583105092794217e-10
2.194649999999999750e+02 2.594634505906156067e-10
2.204900000000000091e+02 2.566646222987464254e-10
2.215150000000000148e+02 2.609772432461584083e-10
2.225399999999999920e+02 2.578864895910240211e-10
2.235647500000000036e+02 2.575798967555918484e-10
2.245897499999999809e+02 2.620921043002048819e-10
2.256147500000000150e+02 2.563779687285424919e-10
2.266397499999999923e+02 2.561918156131790009e-10
2.276645000000000039e+02 2.594421503682602900e-10
2.285613333333333230e+02 2.603581561625053843e-10
2.294582499999999925e+02 2.562180262224116569e-10
2.304832499999999982e+02 2.580179404261798703e-10
2.315079999999999814e+02 2.635980879296721553e-10
2.325329999999999870e+02 2.565464076781638272e-10
2.335580000000000211e+02 2.592228968397944211e-10
2.345829999999999984e+02 2.572179556877580345e-10
2.356079999999999757e+02 2.554464234788067675e-10
2.366327499999999873e+02 2.578378159195508347e-10
2.376577499999999930e+02 2.575808783713590720e-10
2.385546666666666624e+02 2.602800628264059081e-10
2.394515000000000100e+02 2.634301405785397285e-10
2.404762500000000216e+02 2.561080964870108519e-10
2.415012499999999989e+02 2.581854870559073296e-10
2.425262500000000045e+02 2.571969041011460142e-10
2.435512500000000102e+02 2.590716854930321897e-10
2.445760000000000218e+02 2.567321673204215600e-10
2.456010000000000275e+02 2.597506181491760678e-10
2.466260000000000048e+02 2.577474027782466250e-10
2.476509999999999820e+02 2.578282789858720895e-10
2.485480000000000018e+02 2.564136091075360183e-10
2.494445000000000050e+02 2.602191864394031907e-10
2.504695000000000391e+02 2.598006218422287730e-10
2.514944999999999879e+02 2.560602915309869185e-10
2.525192499999999995e+02 2.567865128980815220e-10
2.535442500000000052e+02 2.581471101561942733e-10
2.545692500000000109e+02 2.583544193269940506e-10
2.555942500000000166e+02 2.602364544260672977e-10
2.566189999999999714e+02 2.594634177229954080e-10
2.576440000000000055e+02 2.568559059057741317e-10
2.585409999999999968e+02 2.580679826342174237e-10
2.594377500000000509e+02 2.587581658935413717e-10
2.604627500000000282e+02 2.582100028787432978e-10
2.614875000000000114e+02 2.584371842996941189e-10
2.625124999999999886e+02 2.576467659922471892e-10
2.635375000000000227e+02 2.605461641993390280e-10
2.645625000000000000e+02 2.567170997723583699e-10
2.655872499999999832e+02 2.570945040749252475e-10
2.666122500000000173e+02 2.585555077853985900e-10
2.676372499999999945e+02 2.605571367373897733e-10
2.685340000000000487e+02 2.605869443973862729e-10
2.694310000000000400e+02 2.596528647450796557e-10
2.704557499999999663e+02 2.570484139447125750e-10
2.714807500000000005e+02 2.563251194951096940e-10
2.725057500000000346e+02 2.580078868197522758e-10
2.735307500000000118e+02 2.580734428147466696e-10
2.745554999999999950e+02 2.585100892652968951e-10
2.755804999999999723e+02 2.563239602856446052e-10
2.766055000000000064e+02 2.575991497065758836e-10
2.776304999999999836e+02 2.633062265126021962e-10
2.785269999999999868e+02 2.558216734406325770e-10
2.794239999999999782e+02 2.567172510710430946e-10
2.804490000000000123e+02 2.579534246348901078e-10
2.814739999999999895e+02 2.579894168558833965e-10
2.824987499999999727e+02 2.567848615962540667e-10
2.835237500000000637e+02 2.567177908699300793e-10
2.845487500000000409e+02 2.619050795165516352e-10
2.855737500000000182e+02 2.598234817957251315e-10
2.865985000000000014e+02 2.570279771988373188e-10
2.876234999999999786e+02 2.593978931408179827e-10
2.885203333333333262e+02 2.577869713824294678e-10
2.894172499999999673e+02 2.586917395301788444e-10
2.904420000000000073e+02 2.600362504224389751e-10
2.914669999999999845e+02 2.566214097243521562e-10
2.924919999999999618e+02 2.579735431612511818e-10
2.935169999999999959e+02 2.583985596311358179e-10
2.945419999999999732e+02 2.629467723300101984e-10
2.955667500000000132e+02 2.531543376052646646e-10
2.965917500000000473e+02 2.594035006832671947e-10
2.976167500000000246e+02 2.642212408465913216e-10
2.985136666666666656e+02 2.582448293534058798e-10
2.994102500000000191e+02 2.545375428752855307e-10
3.004352499999999964e+02 2.603112749950010340e-10
3.014602500000000305e+02 2.611194905461228143e-10
3.024852500000000646e+02 2.647911735338392025e-10
3.035099999999999909e+02 2.682409859147115103e-10
3.045349999999999682e+02 2.680421809892757824e-10
3.055600000000000023e+02 2.655068442083123154e-10
3.065850000000000364e+02 2.669690068553958642e-10
3.076100000000000136e+02 2.561843414605670624e-10
3.085066666666666606e+02 2.549860235304262604e-10
3.094035000000000082e+02 2.589500437705959015e-10
3.104284999999999854e+02 2.579910560790967627e-10
3.114532500000000255e+02 2.642349886756497439e-10
3.124782500000000027e+02 2.583449394983661839e-10
3.135032499999999800e+02 2.571001116200616074e-10
3.145282500000000141e+02 2.582273717768176797e-10
3.155529999999999973e+02 2.615950126626529376e-10
3.165779999999999745e+02 2.558985381646166829e-10
3.176030000000000086e+02 2.588754424757226154e-10
3.185000000000000000e+02 2.574064074779425732e-10
3.193967499999999973e+02 2.599547545366684312e-10
3.204214999999999804e+02 2.632804835494360024e-10
3.214465000000000146e+02 2.587869449974953290e-10
3.224714999999999918e+02 2.643946500899867946e-10
3.234964999999999691e+02 2.601273458577027724e-10
3.245212500000000091e+02 2.684302301904497679e-10
3.255462499999999864e+02 2.556399750007803937e-10
3.265712499999999636e+02 2.554299743026417225e-10
3.275962499999999977e+02 2.644143366732452378e-10
3.284929999999999950e+02 2.686283292225702553e-10
3.293897500000000491e+02 2.677482951278365090e-10
3.304147500000000264e+02 2.527027042461716135e-10
3.314397500000000036e+02 2.610936874193025465e-10
3.324647499999999809e+02 2.643742060915709088e-10
3.334895000000000209e+02 2.666769061111266111e-10
3.345144999999999982e+02 3.086933530168919709e-10
3.355394999999999754e+02 4.903631474085686877e-10
3.365645000000000095e+02 3.285056143140573172e-10
3.375892499999999927e+02 2.513341195510173234e-10
3.384860000000000468e+02 2.557229501404268145e-10
3.393830000000000382e+02 2.585070275036790545e-10
3.404079999999999586e+02 2.562371182304834239e-10
3.414327499999999986e+02 2.614639881777304524e-10
3.424577500000000327e+02 2.664981215168971563e-10
3.434827499999999532e+02 2.647275423251069668e-10
3.445077499999999873e+02 2.549106529578726581e-10
3.455324999999999704e+02 2.817554541544576175e-10
3.465575000000000045e+02 2.741724551004598159e-10
3.475824999999999818e+02 2.619135975638859271e-10
3.484793333333333862e+02 2.660069520563999586e-10
3.493760000000000332e+02 2.740872007690879956e-10
3.504010000000000105e+02 2.549549003008274365e-10
3.514259999999999309e+02 2.561211238621628549e-10
3.524510000000000218e+02 2.642028999222934866e-10
3.534759999999999991e+02 2.631833468562703013e-10
3.545007499999999823e+02 2.598737006487457539e-10
3.555257500000000164e+02 2.656897955345748867e-10
3.565507499999999936e+02 2.634407605004642227e-10
3.575757499999999709e+02 2.608852480122836452e-10
