   0.0000E+00   8.1065E-18   3.3207E-02   1.0000E-13
   2.0000E-01  -1.2600E+01
   4.0000E-01  -1.2700E+01
   6.0000E-01  -1.2800E+01
   8.0000E-01  -1.2900E+01
   1.0000E+00  -1.3000E+01
   1.2000E+00  -1.3100E+01
   1.4000E+00  -1.3200E+01
   1.6000E+00  -1.3300E+01
   1.8000E+00  -1.3400E+01
   2.0000E+00  -1.3500E+01
   2.2000E+00  -1.3600E+01
   2.4000E+00  -1.3700E+01
   2.6000E+00  -1.3800E+01
   2.8000E+00  -1.3900E+01
   3.0000E+00  -1.4000E+01
   3.2000E+00  -1.4100E+01
   3.4000E+00  -1.4200E+01
   3.6000E+00  -1.4300E+01
   3.8000E+00  -1.4400E+01
   4.0000E+00  -1.4500E+01
   4.2000E+00  -1.4600E+01
   4.4000E+00  -1.4700E+01
   4.6000E+00  -1.4800E+01
   4.8000E+00  -1.4900E+01
   5.0000E+00  -1.5000E+01
   5.2000E+00  -1.5100E+01
   5.4000E+00  -1.5200E+01
   5.6000E+00  -1.5300E+01
   5.8000E+00  -1.5400E+01
   6.0000E+00  -1.5500E+01
   6.2000E+00  -1.5600E+01
   6.4000E+00  -1.5700E+01
   6.6000E+00  -1.5800E+01
   6.8000E+00  -1.5900E+01
   7.0000E+00  -1.6000E+01
   7.2000E+00  -1.6100E+01
   7.4000E+00  -1.6200E+01
   7.6000E+00  -1.6300E+01
   7.8000E+00  -1.6400E+01
   8.0000E+00  -1.6500E+01
   8.2000E+00  -1.6600E+01
   8.4000E+00  -1.6700E+01
   8.6000E+00  -1.6800E+01
   8.8000E+00  -1.6900E+01
   9.0000E+00  -1.7000E+01
   0.0000E+00   8.1065E-18   3.3207E-02   1.0000E-13
   2.0000E-01  -1.2600E+01
   4.0000E-01  -1.2700E+01
   6.0000E-01  -1.2800E+01
   8.0000E-01  -1.2900E+01
   1.0000E+00  -1.3000E+01
   1.2000E+00  -1.3100E+01
   1.4000E+00  -1.3200E+01
   1.6000E+00  -1.3300E+01
   1.8000E+00  -1.3400E+01
   2.0000E+00  -1.3500E+01
   2.2000E+00  -1.3600E+01
   2.4000E+00  -1.3700E+01
   2.6000E+00  -1.3800E+01
   2.8000E+00  -1.3900E+01
   3.0000E+00  -1.4000E+01
   3.2000E+00  -1.4100E+01
   3.4000E+00  -1.4200E+01
   3.6000E+00  -1.4300E+01
   3.8000E+00  -1.4400E+01
   4.0000E+00  -1.4500E+01
   4.2000E+00  -1.4600E+01
   4.4000E+00  -1.4700E+01
   4.6000E+00  -1.4800E+01
   4.8000E+00  -1.4900E+01
   5.0000E+00  -1.5000E+01
   5.2000E+00  -1.5100E+01
   5.4000E+00  -1.5200E+01
   5.6000E+00  -1.5300E+01
   5.8000E+00  -1.5400E+01
   6.0000E+00  -1.5500E+01
   6.2000E+00  -1.5600E+01
   6.4000E+00  -1.5700E+01
   6.6000E+00  -1.5800E+01
   6.8000E+00  -1.5900E+01
   7.0000E+00  -1.6000E+01
   7.2000E+00  -1.6100E+01
   7.4000E+00  -1.6200E+01
   7.6000E+00  -1.6300E+01
   7.8000E+00  -1.6400E+01
   8.0000E+00  -1.6500E+01
   8.2000E+00  -1.6600E+01
   8.4000E+00  -1.6700E+01
   8.6000E+00  -1.6800E+01
   8.8000E+00  -1.6900E+01
   9.0000E+00  -1.7000E+01
   5.0000E+00   8.0595E-18   4.9024E-02   5.7551E-04
   2.0000E-01  -2.1523E+00
   4.0000E-01  -2.2561E+00
   6.0000E-01  -2.3745E+00
   8.0000E-01  -2.5146E+00
   1.0000E+00  -2.6771E+00
   1.2000E+00  -2.8591E+00
   1.4000E+00  -3.0562E+00
   1.6000E+00  -3.2643E+00
   1.8000E+00  -3.4803E+00
   2.0000E+00  -3.7019E+00
   2.2000E+00  -3.9278E+00
   2.4000E+00  -4.1575E+00
   2.6000E+00  -4.3915E+00
   2.8000E+00  -4.6316E+00
   3.0000E+00  -4.8909E+00
   3.2000E+00  -5.1884E+00
   3.4000E+00  -5.6065E+00
   3.6000E+00  -1.2730E+01
   3.8000E+00  -1.2831E+01
   4.0000E+00  -1.2954E+01
   4.2000E+00  -1.3096E+01
   4.4000E+00  -1.3234E+01
   4.6000E+00  -1.3394E+01
   4.8000E+00  -1.3569E+01
   5.0000E+00  -1.3755E+01
   5.2000E+00  -1.3992E+01
   5.4000E+00  -1.4200E+01
   5.6000E+00  -1.4543E+01
   5.8000E+00  -1.4842E+01
   6.0000E+00  -1.5421E+01
   6.2000E+00  -1.5931E+01
   6.4000E+00  -1.6896E+01
   6.6000E+00  -1.7161E+01
   6.8000E+00  -1.7194E+01
   7.0000E+00  -1.7207E+01
   7.2000E+00  -1.7214E+01
   7.4000E+00  -1.7218E+01
   7.6000E+00  -1.7221E+01
   7.8000E+00  -1.7222E+01
   8.0000E+00  -1.7222E+01
   8.2000E+00  -1.7222E+01
   8.4000E+00  -1.7221E+01
   8.6000E+00  -1.7219E+01
   8.8000E+00  -1.7218E+01
   9.0000E+00  -1.7217E+01
