4793 2621.
 -43.0258512
 -43.9468853
 -44.8679193
 -45.7889534
 -46.7099874
 -47.6310216
 -48.5520556
 -49.4730896
 -50.3941236
 -51.315158
 -52.236192
 -53.157226
 -54.07826
 -54.999294
 -55.9203279
 -56.8413619
 -57.7623959
 -58.6834299
 -59.6044648
 -60.5254978
 -61.4465328
 -62.3675658
 -63.2886007
 -64.2096338
 -65.1306687
 -66.0517017
 -66.9727367
 -67.8937697
 -68.8148046
 -69.7358377
 -70.6568726
 -71.5779056
 -72.4989405
 -73.4199736
 -74.3410085
 -5.85077188
 -7.02297027
 -8.22574707
 -9.47679147
 -10.778106
 -12.123248
 -13.502697
 -14.9074018
 -16.3299608
 -17.7654162
 -19.2105
 -20.6642664
 -22.1273909
 -23.6036706
 -25.1237369
 -26.7307648
 -28.615952
 -150.175679
 -151.427983
 -152.804383
 -154.3034
 -155.903538
 -157.670251
 -159.829569
 -162.082419
 -165.44554
 -167.45317
 -168.610568
 -169.657452
 -170.692239
 -171.683909
 -172.675771
 -173.637745
 -174.595773
 -175.536345
 -176.473551
 -177.402191
 -178.329007
 -179.251194
 -180.171893
 -181.089805
 -182.007635
 -199.082004
 -200.000279
 -342.690483
 -23.3497302
 -21.575179
 -20.1291671
 -18.7487296
 -17.3598134
 -15.9670585
 -14.5751728
 -13.2092402
 -12.32366
 -13.3768945
 -15.2229533
 -17.1229361
 -19.0332083
 -20.9583561
 -22.914706
 -24.9358105
 -27.0791618
 -29.3978145
 -31.1265548
 -31.0078091
 -31.0214593
 -32.844074
 -38.3992461
 -40.110593
 -41.8266966
 -43.5724696
 -45.3552321
 -47.1749729
 -49.025727
 -50.9029807
 -52.8086022
 -54.7377588
 -56.6909734
 -58.6736822
 -60.7140717
 -62.9567874
 -65.5660316
 -68.3524746
 -75.7104833
 -191.550745
 -194.423904
 -196.586244
 -198.596272
 -201.612081
 -207.893538
 -210.853389
 -213.524025
 -216.236299
 -218.980378
 -221.709765
 -224.706935
 -243.440965
 -200.
 -7.40281803
 -2657.82294
 -200.
 -200.04696
 -200.18664
 -200.101901
 -200.177193
 -200.
 -200.041343
 -200.000002
 -200.023303
 -200.000002
 -200.
 -200.000002
 -200.000002
 -200.085554
 -200.095098
 -200.114514
 -200.000003
 -200.268718
 -200.000001
 -200.324263
 -200.
 -200.051223
 -200.
 -200.100021
 -200.
 -200.082609
 -200.068127
 -200.
 -200.
 -200.296685
 -200.014986
 -200.
 -200.169536
 -200.207028
 -200.000001
 -200.
 -200.044967
 -200.468109
 -200.006202
 -200.000002
 -200.117775
 -200.001386
 -200.025287
 -2701.59048
 -63.0258512
 -2684.94688
 -2685.86792
 -2686.78895
 -2687.70999
 -2688.63102
 -2689.55206
 -2690.47309
 -2691.39412
 -2692.31516
 -2693.23619
 -2694.15723
 -2695.07826
 -2695.99929
 -2696.92033
 -2697.84136
 -2698.7624
 -2699.68343
 -2700.60447
 -2701.5255
 -2702.44653
 -2703.36757
 -2704.2886
 -2705.20963
 -2706.13067
 -2707.0517
 -2707.97274
 -2708.89377
 -2709.8148
 -2710.73584
 -2711.65687
 -2712.57791
 -2713.49894
 -2714.41997
 -94.3410085
 -48.1046247
 -47.1835907
 -46.2625567
 -45.3415228
 -44.420489
 -43.4994557
 -42.5784235
 -41.6573939
 -40.7363711
 -39.8153654
 -38.8944025
 -37.973547
 -37.0529616
 -36.1330548
 -35.214854
 -34.3009485
 -33.397895
 -32.5224947
 -31.7190392
 -31.111769
 -31.0876168
 -32.9132606
 -40.0448358
 -200.000001
 -200.138345
 -200.032031
 -200.090078
 -200.026253
 -200.317048
 -200.027906
 -200.000001
 -200.294854
 -200.167038
 -200.095899
 -200.000001
 -200.359363
 -200.152174
 -200.141361
 -200.204568
 -200.013165
 -200.000001
 -200.000746
 -200.
 -200.000002
 -200.000001
 -200.226838
 -200.432236
 -200.000001
 -200.008599
 -200.000003
 -200.216538
 -200.14718
 -122.037012
