6.404999999999999583e-01 8.714752219068979977e-11
1.665499999999999980e+00 8.867217837979801973e-11
2.690500000000000114e+00 9.493384486704321974e-11
3.715500000000000025e+00 1.196855058341779003e-10
4.740249999999999631e+00 1.121110183981601509e-10
5.765249999999999986e+00 1.011814568989017795e-10
6.790250000000000341e+00 9.265384112910166996e-11
7.815249999999999808e+00 8.971487491263853074e-11
8.839999999999999858e+00 8.670261449395036494e-11
9.737000000000000099e+00 8.097983823067973287e-11
1.063375000000000092e+01 8.062056453989375905e-11
1.165874999999999950e+01 8.525496354956509090e-11
1.268374999999999808e+01 8.767309252167596201e-11
1.378540000000000099e+01 8.700656311325205558e-11
1.473350000000000115e+01 9.092284728959871444e-11
1.575850000000000151e+01 1.027677354172439522e-10
1.678325000000000244e+01 1.135467161113907416e-10
1.780825000000000102e+01 1.362980014458891113e-10
1.883324999999999960e+01 1.811884926253291612e-10
1.973000000000000043e+01 1.709647207508465319e-10
2.062699999999999889e+01 1.221312287297237507e-10
2.165174999999999983e+01 1.050418585169539359e-10
2.267674999999999841e+01 1.195542762849349796e-10
2.370175000000000054e+01 1.469434266668947869e-10
2.472675000000000267e+01 1.832380063847475826e-10
2.575150000000000006e+01 1.476951972725567656e-10
2.677649999999999864e+01 1.427233275927737963e-10
2.780150000000000432e+01 1.609055481589437422e-10
2.882649999999999935e+01 1.746972540401261499e-10
2.972299999999999898e+01 1.826013368313478358e-10
3.062000000000000099e+01 1.864033734137090577e-10
3.164500000000000313e+01 1.817242832921548586e-10
3.267000000000000171e+01 1.318726667392233511e-10
3.369500000000000028e+01 9.749462223405868683e-11
3.471974999999999767e+01 9.479624912495041156e-11
3.574474999999999625e+01 8.881043080772266616e-11
3.676975000000000193e+01 1.096909555674152171e-10
3.779475000000000051e+01 1.113551584253789228e-10
3.881950000000000500e+01 1.165322588879321254e-10
3.971633333333333127e+01 1.921741020204041643e-10
4.061325000000000074e+01 1.543719439998258172e-10
4.163824999999999932e+01 1.276377198422579370e-10
4.266299999999999670e+01 1.302828023034498281e-10
4.368800000000000239e+01 1.039172722100724850e-10
4.471300000000000097e+01 1.319340552335090787e-10
4.573799999999999955e+01 1.069764504397296864e-10
4.676274999999999693e+01 1.372668723218723247e-10
4.778774999999999551e+01 2.116296589250093185e-10
4.881275000000000119e+01 1.401086549820126220e-10
4.970966666666667066e+01 9.707678979475503259e-11
5.060625000000000284e+01 1.253021393369516834e-10
5.163125000000000142e+01 1.516449445056558350e-10
5.265625000000000000e+01 9.895899407626414050e-11
5.368124999999999858e+01 1.089001505648875108e-10
5.470600000000000307e+01 1.284530022217825486e-10
5.573100000000000165e+01 1.425137503397170683e-10
5.675600000000000023e+01 2.411996491068530742e-10
5.778099999999999881e+01 2.305572390470138366e-10
5.880599999999999739e+01 1.368142983186700935e-10
5.970266666666666566e+01 1.001494350134126058e-10
6.059950000000000614e+01 1.469932158930580544e-10
6.162449999999999761e+01 1.699798721457205775e-10
6.264949999999999619e+01 1.141451471683045503e-10
6.367425000000000068e+01 1.033639358695661960e-10
6.469925000000000637e+01 9.693216241048278498e-11
6.572424999999999784e+01 9.329419509668246618e-11
6.674925000000000352e+01 1.223635997218908551e-10
6.777400000000000091e+01 1.627106321391985505e-10
6.879900000000000659e+01 1.841359356791906947e-10
6.969599999999999795e+01 1.603472183612726099e-10
7.059274999999999523e+01 1.235085358098411842e-10
7.161775000000000091e+01 1.307841425938761945e-10
7.264249999999999829e+01 1.712703742352019988e-10
7.366750000000000398e+01 1.802598914037284795e-10
7.469249999999999545e+01 1.417600959789187987e-10
7.571725000000000705e+01 1.070889454460696374e-10
7.674224999999999852e+01 1.145060467422779730e-10
7.776724999999999000e+01 1.158147146303347548e-10
7.879225000000000989e+01 1.226754182419912629e-10
7.968900000000000716e+01 1.348318265098779766e-10
8.058574999999999022e+01 1.140795652759256317e-10
8.161074999999999591e+01 1.021508142678160041e-10
8.263575000000000159e+01 9.442321815291753727e-11
8.366075000000000728e+01 9.344547874515679962e-11
8.468549999999999045e+01 9.796307531273854746e-11
8.571049999999999613e+01 9.666048201528855879e-11
8.673550000000000182e+01 1.006699527640338364e-10
8.776049999999999329e+01 1.000745087227122647e-10
8.878525000000000489e+01 9.925167018485271489e-11
8.968200000000000216e+01 1.186210697979161416e-10
9.057899999999997931e+01 1.970309418625127123e-10
9.160399999999999920e+01 2.330553449101126243e-10
9.262900000000001910e+01 2.055946999886906930e-10
9.365375000000000227e+01 1.413206220461522774e-10
9.467874999999999375e+01 1.206079179040493602e-10
9.570374999999998522e+01 1.019277571835270098e-10
9.672875000000000512e+01 9.027491470569094989e-11
9.775350000000000250e+01 1.238055555766008862e-10
9.877850000000000819e+01 1.040757657430602302e-10
9.967533333333334156e+01 1.037086289889633814e-10
1.005722499999999968e+02 8.933235959669944132e-11
1.015969999999999942e+02 1.643924169015656944e-10
1.026219999999999857e+02 1.911157900448186306e-10
1.036470000000000056e+02 1.019655168757191904e-10
1.046719999999999970e+02 9.935591972560899480e-11
1.056967500000000086e+02 9.833871779570915202e-11
1.067217499999999859e+02 1.473740264884487445e-10
1.077467499999999916e+02 1.689047112700610721e-10
1.087717500000000115e+02 1.820411004293975346e-10
1.096683333333333366e+02 1.493130342200352704e-10
1.105652499999999918e+02 1.308777809122161521e-10
1.115902499999999975e+02 1.467314024297579279e-10
1.126152500000000032e+02 1.407077581432822186e-10
1.136400000000000006e+02 2.293640282241166210e-10
1.146649999999999920e+02 2.759319274258624918e-10
1.156899999999999977e+02 1.258673992657048675e-10
1.167150000000000034e+02 1.245605112106007770e-10
1.177400000000000091e+02 1.187507723293115976e-10
1.187647499999999923e+02 1.035904845059690965e-10
1.196616666666666760e+02 1.037942260060076135e-10
1.205584999999999951e+02 1.293746376398294735e-10
1.215835000000000008e+02 1.483136788161767773e-10
1.226082499999999982e+02 1.223232250005676183e-10
1.236332500000000039e+02 1.264230829807326798e-10
1.246582500000000095e+02 1.149068716945031078e-10
1.256832500000000010e+02 1.098902895696286878e-10
1.267079999999999984e+02 1.603869691436172981e-10
1.277330000000000041e+02 1.113274180034976047e-10
1.287579999999999814e+02 8.772331422293390776e-11
1.296550000000000011e+02 8.397841220625220414e-11
1.305517499999999984e+02 8.636339849335010772e-11
1.315765000000000100e+02 1.023931030176251728e-10
1.326015000000000157e+02 1.183521425603808142e-10
1.336264999999999930e+02 1.259306681777315123e-10
1.346512500000000045e+02 1.183388119415412214e-10
1.356762500000000102e+02 1.159353573236089441e-10
1.367012500000000159e+02 1.016248725190792685e-10
1.377262500000000216e+02 1.000837263014403549e-10
1.387510000000000048e+02 1.002059377031246486e-10
1.396479999999999961e+02 9.521172726562918376e-11
1.405447499999999934e+02 9.374170168634107763e-11
1.415697499999999991e+02 1.057004057003562748e-10
1.425947500000000048e+02 1.432684621022113131e-10
1.436194999999999879e+02 1.231571417771990143e-10
1.446444999999999936e+02 1.362816566251833586e-10
1.456694999999999993e+02 1.294734660198568751e-10
1.466945000000000050e+02 1.027057269355727716e-10
1.477192500000000166e+02 1.147846679794075421e-10
1.487442499999999939e+02 1.274863115250106434e-10
1.496409999999999911e+02 1.739691885485389468e-10
1.505379999999999825e+02 1.577016420475257009e-10
1.515630000000000166e+02 1.403902274261265140e-10
1.525877499999999998e+02 1.269234562541031546e-10
1.536127500000000055e+02 1.243349342651682714e-10
1.546377499999999827e+02 1.499631000363988141e-10
1.556627499999999884e+02 1.476367070509615240e-10
1.566875000000000000e+02 9.724836552571596298e-11
1.577125000000000057e+02 1.085065909484865246e-10
1.587375000000000114e+02 1.772402690728471795e-10
1.596343333333333021e+02 1.609076225349453799e-10
1.605309999999999775e+02 1.109297688631517314e-10
1.615559999999999832e+02 1.023182927715867194e-10
1.625809999999999889e+02 1.062254367306600539e-10
1.636060000000000230e+02 1.256522794561307359e-10
1.646307500000000061e+02 1.168149738168025751e-10
1.656557499999999834e+02 1.747258567529570881e-10
1.666807499999999891e+02 2.367283395831885662e-10
1.677057499999999948e+02 1.928215178004049082e-10
1.687305000000000064e+02 2.516147488648181560e-10
1.696273333333333539e+02 3.320694518914104082e-10
1.705242499999999950e+02 2.820599864547670839e-10
1.715492500000000007e+02 1.581096341091269843e-10
1.725739999999999839e+02 2.223610707261164921e-10
1.735989999999999895e+02 2.976921497098709968e-10
1.746240000000000236e+02 1.686495795948476828e-10
1.756489999999999725e+02 2.360073437833667866e-10
1.766740000000000066e+02 2.271669459397007148e-10
1.776987499999999898e+02 1.341234047033997273e-10
1.785956666666666877e+02 1.223304092979411018e-10
1.794925000000000068e+02 2.192443304834172382e-10
1.805174999999999841e+02 2.098161370499055045e-10
1.815422499999999957e+02 1.466323748892343343e-10
1.825672500000000014e+02 1.514228941382574321e-10
1.835922500000000070e+02 2.171262190871809066e-10
1.846172500000000127e+02 2.849066388595507097e-10
1.856419999999999959e+02 2.391974916320177298e-10
1.866669999999999732e+02 1.674274923094420474e-10
1.876920000000000073e+02 1.552334791478570757e-10
1.885890000000000271e+02 1.721189271021018533e-10
1.894857499999999959e+02 1.247565962750555613e-10
1.905105000000000075e+02 1.080487456455818174e-10
1.915354999999999848e+02 1.038963257394477714e-10
1.925604999999999905e+02 1.312411397982052727e-10
1.935852500000000020e+02 1.978548181273600907e-10
1.946102499999999793e+02 1.960237734966774830e-10
1.956352500000000134e+02 1.649488796305553240e-10
1.966602499999999907e+02 1.087539446560726302e-10
1.976849999999999739e+02 1.095491044129963895e-10
1.985819999999999936e+02 1.074611366613021871e-10
1.994787499999999909e+02 1.083803570898229328e-10
2.005037499999999966e+02 1.175982585160656046e-10
2.015287500000000023e+02 1.145226293726243623e-10
2.025535000000000139e+02 1.052019310657726129e-10
2.035784999999999911e+02 9.266751345220267776e-11
2.046034999999999968e+02 9.225859376198158589e-11
2.056285000000000025e+02 1.089744075848136984e-10
2.066532500000000141e+02 1.057231280804111520e-10
2.076782500000000198e+02 1.030648606579521690e-10
2.085750000000000171e+02 9.913615765172559224e-11
2.094720000000000084e+02 1.093097199713564173e-10
2.104969999999999857e+02 1.056597709294959750e-10
2.115217499999999973e+02 9.138567131631872196e-11
2.125467500000000314e+02 1.020895286295384120e-10
2.135717499999999802e+02 1.046180261718552193e-10
2.145967499999999859e+02 8.913039524509856111e-11
2.156214999999999975e+02 8.468511616344939488e-11
2.166465000000000032e+02 9.942503976849655383e-11
2.176715000000000373e+02 1.394686925395478692e-10
2.185683333333332996e+02 1.247093123276659042e-10
2.194649999999999750e+02 1.281976972798494596e-10
2.204900000000000091e+02 1.066687317636848742e-10
2.215150000000000148e+02 1.160645047063853856e-10
2.225399999999999920e+02 1.273829137003901601e-10
2.235647500000000036e+02 1.159557099563075426e-10
2.245897499999999809e+02 1.743567726963571426e-10
2.256147500000000150e+02 1.695079995816297533e-10
2.266397499999999923e+02 1.236610120577482755e-10
2.276645000000000039e+02 1.251513162848624294e-10
2.285613333333333230e+02 1.257304389546788677e-10
2.294582499999999925e+02 1.061486704515051098e-10
2.304832499999999982e+02 9.461127798007618968e-11
2.315079999999999814e+02 1.659536962384749756e-10
2.325329999999999870e+02 1.742092901005196108e-10
2.335580000000000211e+02 1.389091150142871424e-10
2.345829999999999984e+02 1.303635797360725173e-10
2.356079999999999757e+02 1.089479384913179687e-10
2.366327499999999873e+02 1.024009560893400161e-10
2.376577499999999930e+02 9.004811298906036010e-11
2.385546666666666624e+02 1.135765609492154101e-10
2.394515000000000100e+02 1.954982299246573875e-10
2.404762500000000216e+02 2.029278939700389526e-10
2.415012499999999989e+02 1.461316028359345852e-10
2.425262500000000045e+02 1.131026340673179076e-10
2.435512500000000102e+02 1.299671870416950497e-10
2.445760000000000218e+02 1.193595162722799860e-10
2.456010000000000275e+02 1.234744220195270924e-10
2.466260000000000048e+02 1.164001946891032583e-10
2.476509999999999820e+02 1.045952316951202449e-10
2.485480000000000018e+02 1.068227070380519670e-10
2.494445000000000050e+02 1.328206957189685157e-10
2.504695000000000391e+02 1.602278495090382809e-10
2.514944999999999879e+02 1.458843987993544736e-10
2.525192499999999995e+02 1.146202434626119815e-10
2.535442500000000052e+02 1.065556526602354176e-10
2.545692500000000109e+02 1.151515298571088424e-10
2.555942500000000166e+02 1.466578359527033170e-10
2.566189999999999714e+02 1.650949240685761883e-10
2.576440000000000055e+02 1.333294771730112569e-10
2.585409999999999968e+02 1.341932672757042706e-10
2.594377500000000509e+02 1.582730844324071755e-10
2.604627500000000282e+02 1.566766115353566018e-10
2.614875000000000114e+02 1.228233996437010181e-10
2.625124999999999886e+02 1.041266965081661041e-10
2.635375000000000227e+02 1.398275102992622558e-10
2.645625000000000000e+02 1.392447119319987564e-10
2.655872499999999832e+02 1.035607873084036521e-10
2.666122500000000173e+02 9.077770446629170360e-11
2.676372499999999945e+02 1.013600564482699111e-10
2.685340000000000487e+02 1.199871184706554492e-10
2.694310000000000400e+02 1.258741915595037738e-10
2.704557499999999663e+02 1.346838068515954755e-10
2.714807500000000005e+02 1.207659784165549264e-10
2.725057500000000346e+02 1.045013282895414082e-10
2.735307500000000118e+02 9.621782151251646175e-11
2.745554999999999950e+02 1.010226939582261333e-10
2.755804999999999723e+02 9.141216305453508623e-11
2.766055000000000064e+02 8.331604661330216472e-11
2.776304999999999836e+02 1.590460162476547834e-10
2.785269999999999868e+02 1.692782567441650351e-10
2.794239999999999782e+02 1.255619417291808093e-10
2.804490000000000123e+02 1.308337124983901996e-10
2.814739999999999895e+02 1.348643906996724541e-10
2.824987499999999727e+02 1.290045442221918857e-10
2.835237500000000637e+02 1.176862788973539561e-10
2.845487500000000409e+02 1.378900653065183743e-10
2.855737500000000182e+02 1.570311492743282047e-10
2.865985000000000014e+02 1.160388384107205150e-10
2.876234999999999786e+02 1.137102958679725945e-10
2.885203333333333262e+02 1.247385136010748391e-10
2.894172499999999673e+02 1.311580432827371872e-10
2.904420000000000073e+02 1.546227959342113952e-10
2.914669999999999845e+02 1.170317657780723599e-10
2.924919999999999618e+02 1.136211879205560021e-10
2.935169999999999959e+02 1.385902128893965655e-10
2.945419999999999732e+02 1.923501007307236691e-10
2.955667500000000132e+02 1.637156214671602838e-10
2.965917500000000473e+02 1.296209424804522473e-10
2.976167500000000246e+02 2.009749080575695682e-10
2.985136666666666656e+02 2.087000067212852647e-10
2.994102500000000191e+02 1.420761184940686051e-10
3.004352499999999964e+02 1.263446807547185185e-10
3.014602500000000305e+02 1.679294797565941616e-10
3.024852500000000646e+02 2.162854127508327190e-10
3.035099999999999909e+02 2.953031608131260571e-10
3.045349999999999682e+02 3.303452818668166372e-10
3.055600000000000023e+02 3.083734927128714026e-10
3.065850000000000364e+02 3.126316120181912111e-10
3.076100000000000136e+02 2.462868013801494023e-10
3.085066666666666606e+02 1.438450759072437665e-10
3.094035000000000082e+02 1.217054212064210853e-10
3.104284999999999854e+02 1.307450556234397037e-10
3.114532500000000255e+02 1.753214954746552466e-10
3.124782500000000027e+02 1.808256567879712794e-10
3.135032499999999800e+02 1.267427918074599114e-10
3.145282500000000141e+02 1.147081634726112230e-10
3.155529999999999973e+02 1.576114006953664023e-10
3.165779999999999745e+02 1.607539858098269906e-10
3.176030000000000086e+02 1.466571796022939539e-10
3.185000000000000000e+02 1.293663659329806869e-10
3.193967499999999973e+02 1.397244146838747625e-10
3.204214999999999804e+02 2.006116565234615716e-10
3.214465000000000146e+02 1.821792528263347614e-10
3.224714999999999918e+02 2.134467205114004752e-10
3.234964999999999691e+02 2.407958767429519731e-10
3.245212500000000091e+02 2.787280291043147094e-10
3.255462499999999864e+02 2.390667380484298211e-10
3.265712499999999636e+02 1.264396340579884503e-10
3.275962499999999977e+02 1.824194226527148227e-10
3.284929999999999950e+02 2.860308665709721864e-10
3.293897500000000491e+02 3.086926505939171409e-10
3.304147500000000264e+02 1.835135464009550576e-10
3.314397500000000036e+02 1.345944142847093623e-10
3.324647499999999809e+02 2.250968317427418246e-10
3.334895000000000209e+02 2.720006423530170979e-10
3.345144999999999982e+02 4.738583653193514920e-10
3.355394999999999754e+02 8.714401315313117001e-10
3.365645000000000095e+02 7.605310573810465321e-10
3.375892499999999927e+02 3.201935869262256652e-10
3.384860000000000468e+02 1.457230893813804698e-10
3.393830000000000382e+02 1.303696256149579603e-10
3.404079999999999586e+02 1.157586341799958674e-10
3.414327499999999986e+02 1.237659314060232965e-10
3.424577500000000327e+02 2.229237703555541087e-10
3.434827499999999532e+02 2.842119246623575787e-10
3.445077499999999873e+02 2.141578549445739064e-10
3.455324999999999704e+02 3.117125987507438144e-10
3.465575000000000045e+02 4.180566111811428254e-10
3.475824999999999818e+02 3.099029626541556003e-10
3.484793333333333862e+02 2.804173872849203167e-10
3.493760000000000332e+02 3.313641477165324131e-10
3.504010000000000105e+02 2.571078838308920206e-10
3.514259999999999309e+02 1.209818847722863809e-10
3.524510000000000218e+02 1.603595841312097102e-10
3.534759999999999991e+02 2.537693190624711816e-10
3.545007499999999823e+02 2.174969046330153649e-10
3.555257500000000164e+02 2.628521653843665370e-10
3.565507499999999936e+02 2.903955335298278197e-10
3.575757499999999709e+02 2.563364451266863813e-10
