6.404999999999999583e-01 6.134867378343440640e-11
1.665499999999999980e+00 6.194213705427605763e-11
2.690500000000000114e+00 6.364784539848722704e-11
3.715500000000000025e+00 7.287852562182783582e-11
4.740249999999999631e+00 7.045028084454092973e-11
5.765249999999999986e+00 6.641751858821848987e-11
6.790250000000000341e+00 6.342174427196060761e-11
7.815249999999999808e+00 6.226713259942649337e-11
8.839999999999999858e+00 6.138680145178190955e-11
9.737000000000000099e+00 5.935261933201964815e-11
1.063375000000000092e+01 5.909292189016175581e-11
1.165874999999999950e+01 6.072439228288869994e-11
1.268374999999999808e+01 6.151097388719694958e-11
1.378540000000000099e+01 6.144724078686971165e-11
1.473350000000000115e+01 6.222609504724457813e-11
1.575850000000000151e+01 6.679228202393803356e-11
1.678325000000000244e+01 7.030103344558666120e-11
1.780825000000000102e+01 7.680871945848200046e-11
1.883324999999999960e+01 9.506267624227967581e-11
1.973000000000000043e+01 9.389607283340912841e-11
2.062699999999999889e+01 7.440241759269247581e-11
2.165174999999999983e+01 6.731469985084414614e-11
2.267674999999999841e+01 7.225633566088859257e-11
2.370175000000000054e+01 8.246766034609925111e-11
2.472675000000000267e+01 9.740885006581512757e-11
2.575150000000000006e+01 8.454882387753826371e-11
2.677649999999999864e+01 7.994332713476130432e-11
2.780150000000000432e+01 8.882201292193643438e-11
2.882649999999999935e+01 9.346528030794916119e-11
2.972299999999999898e+01 9.777309284028406152e-11
3.062000000000000099e+01 9.821520110168519633e-11
3.164500000000000313e+01 9.772193101064365240e-11
3.267000000000000171e+01 7.827067905440253403e-11
3.369500000000000028e+01 6.500614608123318335e-11
3.471974999999999767e+01 6.394548985996124690e-11
3.574474999999999625e+01 6.205547900456133025e-11
3.676975000000000193e+01 6.865133524382818922e-11
3.779475000000000051e+01 7.026995117949171528e-11
3.881950000000000500e+01 7.024168642996828719e-11
3.971633333333333127e+01 9.860599093066103115e-11
4.061325000000000074e+01 8.762655606801795135e-11
4.163824999999999932e+01 7.170137226968167452e-11
4.266299999999999670e+01 7.770886940784615295e-11
4.368800000000000239e+01 6.607553368519032288e-11
4.471300000000000097e+01 7.749852900964609037e-11
4.573799999999999955e+01 6.863686156767029778e-11
4.676274999999999693e+01 7.687660568559837100e-11
4.778774999999999551e+01 1.102541260776342199e-10
4.881275000000000119e+01 8.185553538593400388e-11
4.970966666666667066e+01 6.446664133814139618e-11
5.060625000000000284e+01 7.340304249997547705e-11
5.163125000000000142e+01 8.561642019635748971e-11
5.265625000000000000e+01 6.584246760868183414e-11
5.368124999999999858e+01 6.691594608359842614e-11
5.470600000000000307e+01 7.684723628929485702e-11
5.573100000000000165e+01 7.884738053804692302e-11
5.675600000000000023e+01 1.216006475046498547e-10
5.778099999999999881e+01 1.196851022656426743e-10
5.880599999999999739e+01 8.024545401439873961e-11
5.970266666666666566e+01 6.557180534967070094e-11
6.059950000000000614e+01 8.039197330472805279e-11
6.162449999999999761e+01 9.364795385734877680e-11
6.264949999999999619e+01 7.090095657875828469e-11
6.367425000000000068e+01 6.727496111716933739e-11
6.469925000000000637e+01 6.471246604453751467e-11
6.572424999999999784e+01 6.351590961416218016e-11
6.674925000000000352e+01 7.246195124636739246e-11
6.777400000000000091e+01 8.937816617617372207e-11
6.879900000000000659e+01 9.746274313004890181e-11
6.969599999999999795e+01 8.942842478802545262e-11
7.059274999999999523e+01 7.438094241771915918e-11
7.161775000000000091e+01 7.593256026840216376e-11
7.264249999999999829e+01 9.164766504661248472e-11
7.366750000000000398e+01 9.723626594330459627e-11
7.469249999999999545e+01 8.207265136321811479e-11
7.571725000000000705e+01 6.824388900537886245e-11
7.674224999999999852e+01 7.064682144624562925e-11
7.776724999999999000e+01 7.153754477235195057e-11
7.879225000000000989e+01 7.360944677821262702e-11
7.968900000000000716e+01 7.877376217903721110e-11
8.058574999999999022e+01 7.132204613209582994e-11
8.161074999999999591e+01 6.672452862740843596e-11
8.263575000000000159e+01 6.400604771992627383e-11
8.366075000000000728e+01 6.333071865837745482e-11
8.468549999999999045e+01 6.522235183755197315e-11
8.571049999999999613e+01 6.462787867275814497e-11
8.673550000000000182e+01 6.607405312794115431e-11
8.776049999999999329e+01 6.603979402788219973e-11
8.878525000000000489e+01 6.530541601419522907e-11
8.968200000000000216e+01 6.942288795168584506e-11
9.057899999999997931e+01 1.023611454241461304e-10
9.160399999999999920e+01 1.193819296491049904e-10
9.262900000000001910e+01 1.080975920776003590e-10
9.365375000000000227e+01 8.167178442457716137e-11
9.467874999999999375e+01 7.340554710928329283e-11
9.570374999999998522e+01 6.715593537080244054e-11
9.672875000000000512e+01 6.147489085115870523e-11
9.775350000000000250e+01 7.428099285616078683e-11
9.877850000000000819e+01 6.717147059746885467e-11
9.967533333333334156e+01 6.717968994830526652e-11
1.005722499999999968e+02 6.172686777052710023e-11
1.015969999999999942e+02 8.772258593480763595e-11
1.026219999999999857e+02 1.027464655011856462e-10
1.036470000000000056e+02 6.648627067352200392e-11
1.046719999999999970e+02 6.507854826750344893e-11
1.056967500000000086e+02 6.491748408789066927e-11
1.067217499999999859e+02 8.242208334642311638e-11
1.077467499999999916e+02 9.143622167979608415e-11
1.087717500000000115e+02 9.742892091259142137e-11
1.096683333333333366e+02 8.459521249689782350e-11
1.105652499999999918e+02 7.677379352567905246e-11
1.115902499999999975e+02 8.300251518155353839e-11
1.126152500000000032e+02 7.998572674574000374e-11
1.136400000000000006e+02 1.132720912285396235e-10
1.146649999999999920e+02 1.411076767452697185e-10
1.156899999999999977e+02 7.563604726973882459e-11
1.167150000000000034e+02 7.413673411998031549e-11
1.177400000000000091e+02 7.307525220674249186e-11
1.187647499999999923e+02 6.727015858663588766e-11
1.196616666666666760e+02 6.675087599528463483e-11
1.205584999999999951e+02 7.537465256237050503e-11
1.215835000000000008e+02 8.477966953485914563e-11
1.226082499999999982e+02 7.392943696638055097e-11
1.236332500000000039e+02 7.512518112090243101e-11
1.246582500000000095e+02 7.167727779036849357e-11
1.256832500000000010e+02 6.817472762436664470e-11
1.267079999999999984e+02 8.790285234662263625e-11
1.277330000000000041e+02 7.022654850855597561e-11
1.287579999999999814e+02 6.156137960856139702e-11
1.296550000000000011e+02 6.033835510784200076e-11
1.305517499999999984e+02 6.091259988127388899e-11
1.315765000000000100e+02 6.645383724917441955e-11
1.326015000000000157e+02 7.228417668190864759e-11
1.336264999999999930e+02 7.526391396371725201e-11
1.346512500000000045e+02 7.248373157942311999e-11
1.356762500000000102e+02 7.168525480661533905e-11
1.367012500000000159e+02 6.656968634546515432e-11
1.377262500000000216e+02 6.574337570283364053e-11
1.387510000000000048e+02 6.620376974582692045e-11
1.396479999999999961e+02 6.414183543500387047e-11
1.405447499999999934e+02 6.360714256798292649e-11
1.415697499999999991e+02 6.714331095493583875e-11
1.425947500000000048e+02 8.126398330775676455e-11
1.436194999999999879e+02 7.437317141350283113e-11
1.446444999999999936e+02 7.837348737623131408e-11
1.456694999999999993e+02 7.711121402728933024e-11
1.466945000000000050e+02 6.661929935976252404e-11
1.477192500000000166e+02 7.084764715084320734e-11
1.487442499999999939e+02 7.517002491631297954e-11
1.496409999999999911e+02 9.254198195449754877e-11
1.505379999999999825e+02 8.812974817643848438e-11
1.515630000000000166e+02 8.053842823316335535e-11
1.525877499999999998e+02 7.598135694810546108e-11
1.536127500000000055e+02 7.421681939662517667e-11
1.546377499999999827e+02 8.365350507585010079e-11
1.556627499999999884e+02 8.440781335769930859e-11
1.566875000000000000e+02 6.501370433183933167e-11
1.577125000000000057e+02 6.726098557060924778e-11
1.587375000000000114e+02 9.414483880701282336e-11
1.596343333333333021e+02 8.971279100754251236e-11
1.605309999999999775e+02 7.000844426481738097e-11
1.615559999999999832e+02 6.635846421522237495e-11
1.625809999999999889e+02 6.794767562423662238e-11
1.636060000000000230e+02 7.471211951845423653e-11
1.646307500000000061e+02 7.154698132822320872e-11
1.656557499999999834e+02 9.149029257204567010e-11
1.666807499999999891e+02 1.211676841471961058e-10
1.677057499999999948e+02 1.016987972935858045e-10
1.687305000000000064e+02 1.226398278850978987e-10
1.696273333333333539e+02 1.661902092666630297e-10
1.705242499999999950e+02 1.448107709809494112e-10
1.715492500000000007e+02 8.786089943926025674e-11
1.725739999999999839e+02 1.092310960613982627e-10
1.735989999999999895e+02 1.509898955610227759e-10
1.746240000000000236e+02 9.189548058070589192e-11
1.756489999999999725e+02 1.174621657291827451e-10
1.766740000000000066e+02 1.194926258915407207e-10
1.776987499999999898e+02 7.896157167373523571e-11
1.785956666666666877e+02 7.247894291784515368e-11
1.794925000000000068e+02 1.090425019281208763e-10
1.805174999999999841e+02 1.107571130012481716e-10
1.815422499999999957e+02 8.305717929659156887e-11
1.825672500000000014e+02 8.252449459272590912e-11
1.835922500000000070e+02 1.103227972096850434e-10
1.846172500000000127e+02 1.429159836938958861e-10
1.856419999999999959e+02 1.238468909995245644e-10
1.866669999999999732e+02 9.178993311032750889e-11
1.876920000000000073e+02 8.560400880821488030e-11
1.885890000000000271e+02 9.330864096932212917e-11
1.894857499999999959e+02 7.541737772229380167e-11
1.905105000000000075e+02 6.833217464761692970e-11
1.915354999999999848e+02 6.738319022678596039e-11
1.925604999999999905e+02 7.573510086240880371e-11
1.935852500000000020e+02 1.024038896726384256e-10
1.946102499999999793e+02 1.038197232116671677e-10
1.956352500000000134e+02 9.094735837478177719e-11
1.966602499999999907e+02 6.905674660155175954e-11
1.976849999999999739e+02 6.856402233506062442e-11
1.985819999999999936e+02 6.877147369674134107e-11
1.994787499999999909e+02 6.832704500261549834e-11
2.005037499999999966e+02 7.218502926070722276e-11
2.015287500000000023e+02 7.126689081042320428e-11
2.025535000000000139e+02 6.789661395198823006e-11
2.035784999999999911e+02 6.337035073505863711e-11
2.046034999999999968e+02 6.286108591789987820e-11
2.056285000000000025e+02 6.900970377875521624e-11
2.066532500000000141e+02 6.816359586359435804e-11
2.076782500000000198e+02 6.684073831157825547e-11
2.085750000000000171e+02 6.555605981115021164e-11
2.094720000000000084e+02 6.887387183126777235e-11
2.104969999999999857e+02 6.830499696115856641e-11
2.115217499999999973e+02 6.275587105516167594e-11
2.125467500000000314e+02 6.623624609198301395e-11
2.135717499999999802e+02 6.787458382756360674e-11
2.145967499999999859e+02 6.223822559363825058e-11
2.156214999999999975e+02 6.038432355470549341e-11
2.166465000000000032e+02 6.490281267906231562e-11
2.176715000000000373e+02 8.037605082895629044e-11
2.185683333333332996e+02 7.516053700058425632e-11
2.194649999999999750e+02 7.540964544680545602e-11
2.204900000000000091e+02 6.862297114767847462e-11
2.215150000000000148e+02 7.053104541608476311e-11
2.225399999999999920e+02 7.626091676427191367e-11
2.235647500000000036e+02 7.097819721370451172e-11
2.245897499999999809e+02 9.281360000647568466e-11
2.256147500000000150e+02 9.335272652088822312e-11
2.266397499999999923e+02 7.451798733162413878e-11
2.276645000000000039e+02 7.453078665236328108e-11
2.285613333333333230e+02 7.559185688048624389e-11
2.294582499999999925e+02 6.828620674218819054e-11
2.304832499999999982e+02 6.341319632108781046e-11
2.315079999999999814e+02 8.863298036138478893e-11
2.325329999999999870e+02 9.534435590306518352e-11
2.335580000000000211e+02 7.995641170227339682e-11
2.345829999999999984e+02 7.760806008879247057e-11
2.356079999999999757e+02 6.924913625975103505e-11
2.366327499999999873e+02 6.676374780894507549e-11
2.376577499999999930e+02 6.226651729624497280e-11
2.385546666666666624e+02 6.924707076976261522e-11
2.394515000000000100e+02 1.012063208313436321e-10
2.404762500000000216e+02 1.074056297184876301e-10
2.415012499999999989e+02 8.355696692799327562e-11
2.425262500000000045e+02 7.057145744117623945e-11
2.435512500000000102e+02 7.600007662861959119e-11
2.445760000000000218e+02 7.320733627932117175e-11
2.456010000000000275e+02 7.384557654573631338e-11
2.466260000000000048e+02 7.212308890603367669e-11
2.476509999999999820e+02 6.739335290140108185e-11
2.485480000000000018e+02 6.806230542593468581e-11
2.494445000000000050e+02 7.651531378315834465e-11
2.504695000000000391e+02 8.883560346680074305e-11
2.514944999999999879e+02 8.379629407259621769e-11
2.525192499999999995e+02 7.152406220551922181e-11
2.535442500000000052e+02 6.777422911407472771e-11
2.545692500000000109e+02 7.101586021943026458e-11
2.555942500000000166e+02 8.184908619627241678e-11
2.566189999999999714e+02 9.096777288033163613e-11
2.576440000000000055e+02 7.836467940299455671e-11
2.585409999999999968e+02 7.753072793981764374e-11
2.594377500000000509e+02 8.716267765773845456e-11
2.604627500000000282e+02 8.808280703824786809e-11
2.614875000000000114e+02 7.449168778391304755e-11
2.625124999999999886e+02 6.700414221158747696e-11
2.635375000000000227e+02 7.964365300755764344e-11
2.645625000000000000e+02 8.097929690151779152e-11
2.655872499999999832e+02 6.736855130982413625e-11
2.666122500000000173e+02 6.257311313185379552e-11
2.676372499999999945e+02 6.576806569886329957e-11
2.685340000000000487e+02 7.281905645088612055e-11
2.694310000000000400e+02 7.528305898017973061e-11
2.704557499999999663e+02 7.828414342602873161e-11
2.714807500000000005e+02 7.379382015448264156e-11
2.725057500000000346e+02 6.739360910392524860e-11
2.735307500000000118e+02 6.470947678427142926e-11
2.745554999999999950e+02 6.574046947239231734e-11
2.755804999999999723e+02 6.309223041505346604e-11
2.766055000000000064e+02 5.960424421144186645e-11
2.776304999999999836e+02 8.521593834156854191e-11
2.785269999999999868e+02 9.367614698350627580e-11
2.794239999999999782e+02 7.512200570432269003e-11
2.804490000000000123e+02 7.653100843054469763e-11
2.814739999999999895e+02 7.893221452947906382e-11
2.824987499999999727e+02 7.638604764256525410e-11
2.835237500000000637e+02 7.226763281942159646e-11
2.845487500000000409e+02 7.811851723921488258e-11
2.855737500000000182e+02 8.763632329696057756e-11
2.865985000000000014e+02 7.193449064725512710e-11
2.876234999999999786e+02 7.015010757998091943e-11
2.885203333333333262e+02 7.499123925651129499e-11
2.894172499999999673e+02 7.674806296659280498e-11
2.904420000000000073e+02 8.586960101275644875e-11
2.914669999999999845e+02 7.245860373877672095e-11
2.924919999999999618e+02 6.968080543229697460e-11
2.935169999999999959e+02 7.989384884588504650e-11
2.945419999999999732e+02 9.940749184493010057e-11
2.955667500000000132e+02 9.130414189553080841e-11
2.965917500000000473e+02 7.572280375901561210e-11
2.976167500000000246e+02 1.031122875190773041e-10
2.985136666666666656e+02 1.100998453524043323e-10
2.994102500000000191e+02 8.217581129019601278e-11
3.004352499999999964e+02 7.472701031290163259e-11
3.014602500000000305e+02 9.033743577380713974e-11
3.024852500000000646e+02 1.099647407184485194e-10
3.035099999999999909e+02 1.453423654601400252e-10
3.045349999999999682e+02 1.660841999100080786e-10
3.055600000000000023e+02 1.542242839761055208e-10
3.065850000000000364e+02 1.559955162437509469e-10
3.076100000000000136e+02 1.282784788080151566e-10
3.085066666666666606e+02 8.282621070132947305e-11
3.094035000000000082e+02 7.286192202363666554e-11
3.104284999999999854e+02 7.713568429840329384e-11
3.114532500000000255e+02 9.165174869028370991e-11
3.124782500000000027e+02 9.815104778533360532e-11
3.135032499999999800e+02 7.568490555177034778e-11
3.145282500000000141e+02 7.076010109599736995e-11
3.155529999999999973e+02 8.622418574468762794e-11
3.165779999999999745e+02 8.946562153646912484e-11
3.176030000000000086e+02 8.277836142960341269e-11
3.185000000000000000e+02 7.695795878425695266e-11
3.193967499999999973e+02 7.866140170094992102e-11
3.204214999999999804e+02 1.046724301828017642e-10
3.214465000000000146e+02 9.807781544880705330e-11
3.224714999999999918e+02 1.076586275244972954e-10
3.234964999999999691e+02 1.232154808844511250e-10
3.245212500000000091e+02 1.376763643469764478e-10
3.255462499999999864e+02 1.248725374907939050e-10
3.265712499999999636e+02 7.563683868058146731e-11
3.275962499999999977e+02 9.355876467839665215e-11
3.284929999999999950e+02 1.426344269597397552e-10
3.293897500000000491e+02 1.542776148818044037e-10
3.304147500000000264e+02 1.004417569832652095e-10
3.314397500000000036e+02 7.622784990610002496e-11
3.324647499999999809e+02 1.144962531099294542e-10
3.334895000000000209e+02 1.343587456031838843e-10
3.345144999999999982e+02 2.253752892321955587e-10
3.355394999999999754e+02 5.044693564241323940e-10
3.365645000000000095e+02 4.720292296299721837e-10
3.375892499999999927e+02 1.706811187972576234e-10
3.384860000000000468e+02 8.325368774204745445e-11
3.393830000000000382e+02 7.649100871063455999e-11
3.404079999999999586e+02 7.200212666519815933e-11
3.414327499999999986e+02 7.308177100596096327e-11
3.424577500000000327e+02 1.114974006446002811e-10
3.434827499999999532e+02 1.431186853232577917e-10
3.445077499999999873e+02 1.124839460414132486e-10
3.455324999999999704e+02 1.475699585881635198e-10
3.465575000000000045e+02 2.158809194041312657e-10
3.475824999999999818e+02 1.573116430035605174e-10
3.484793333333333862e+02 1.384521056952928332e-10
3.493760000000000332e+02 1.628165627297644879e-10
3.504010000000000105e+02 1.343338064414487182e-10
3.514259999999999309e+02 7.370327813281023882e-11
3.524510000000000218e+02 8.403634486593333686e-11
3.534759999999999991e+02 1.296586522190248814e-10
3.545007499999999823e+02 1.118612653805795333e-10
3.555257500000000164e+02 1.299900689001845706e-10
3.565507499999999936e+02 1.469296553515297283e-10
3.575757499999999709e+02 1.301773300592273789e-10
