-5.000000000000000000e+01 5.484337803866591934e-03
-4.900000000000000000e+01 -2.179447433501156134e-02
-4.800000000000000000e+01 -8.767820539512014011e-03
-4.700000000000000000e+01 2.047706055353719704e-02
-4.600000000000000000e+01 3.596580261488602215e-02
-4.500000000000000000e+01 4.884424745367198922e-02
-4.400000000000000000e+01 4.948954955517757826e-02
-4.300000000000000000e+01 3.480215814359560733e-02
-4.200000000000000000e+01 3.275168781788329042e-02
-4.100000000000000000e+01 3.727273875316244184e-02
-4.000000000000000000e+01 4.344906605724808968e-02
-3.900000000000000000e+01 5.074650814473769672e-02
-3.800000000000000000e+01 4.057105334606775360e-02
-3.700000000000000000e+01 4.026931994970710943e-02
-3.600000000000000000e+01 5.229379043793293963e-02
-3.500000000000000000e+01 6.249500520386862962e-02
-3.400000000000000000e+01 5.802377834367525300e-02
-3.300000000000000000e+01 4.612046362340600780e-02
-3.200000000000000000e+01 4.275809668377081318e-02
-3.100000000000000000e+01 3.824504513396655841e-02
-3.000000000000000000e+01 4.891751526653780741e-02
-2.900000000000000000e+01 5.128687569645309918e-02
-2.800000000000000000e+01 5.194251034869223210e-02
-2.700000000000000000e+01 6.660995160550173266e-02
-2.600000000000000000e+01 7.875855437203742315e-02
-2.500000000000000000e+01 8.406818713806041288e-02
-2.400000000000000000e+01 9.901782802261274719e-02
-2.300000000000000000e+01 1.126263970092381550e-01
-2.200000000000000000e+01 1.269077533411935577e-01
-2.100000000000000000e+01 1.448627664269805659e-01
-2.000000000000000000e+01 1.543089229655784933e-01
-1.900000000000000000e+01 1.595807889095091636e-01
-1.800000000000000000e+01 1.656338953011984028e-01
-1.700000000000000000e+01 1.644105890811891624e-01
-1.600000000000000000e+01 1.660363549365754532e-01
-1.500000000000000000e+01 1.760413735545288683e-01
-1.400000000000000000e+01 1.793056483759315201e-01
-1.300000000000000000e+01 1.848209609640943940e-01
-1.200000000000000000e+01 1.951054341095122269e-01
-1.100000000000000000e+01 2.048689082409162476e-01
-1.000000000000000000e+01 2.021554767414048548e-01
-9.000000000000000000e+00 2.058987165852735057e-01
-8.000000000000000000e+00 2.120639145360276867e-01
-7.000000000000000000e+00 2.198811409070997036e-01
-6.000000000000000000e+00 2.245924871821579349e-01
-5.000000000000000000e+00 2.317058360585415311e-01
-4.000000000000000000e+00 2.379828646926621938e-01
-3.000000000000000000e+00 2.497729325930219957e-01
-2.000000000000000000e+00 2.492356551404700526e-01
-1.000000000000000000e+00 2.391699967064718768e-01
0.000000000000000000e+00 3.190274069526937706e-01
1.000000000000000000e+00 3.526046422254830448e-01
2.000000000000000000e+00 2.945405379465460549e-01
3.000000000000000000e+00 2.711663501135548326e-01
4.000000000000000000e+00 2.559681853954715591e-01
5.000000000000000000e+00 2.433158866589547886e-01
6.000000000000000000e+00 2.386074827690961853e-01
7.000000000000000000e+00 2.313641403143607833e-01
8.000000000000000000e+00 2.234530207737529806e-01
9.000000000000000000e+00 2.184339017563391439e-01
1.000000000000000000e+01 2.066638370781256062e-01
1.100000000000000000e+01 2.023665125086984984e-01
1.200000000000000000e+01 2.089262534033745622e-01
1.300000000000000000e+01 2.066009089514114494e-01
1.400000000000000000e+01 1.993454555741708822e-01
1.500000000000000000e+01 1.994441963041639621e-01
1.600000000000000000e+01 2.028670295704872450e-01
1.700000000000000000e+01 1.942541934245780033e-01
1.800000000000000000e+01 1.917133310565218574e-01
1.900000000000000000e+01 1.899106166086150516e-01
2.000000000000000000e+01 1.857316909516595893e-01
2.100000000000000000e+01 1.807360126038614068e-01
2.200000000000000000e+01 1.680566453971955587e-01
2.300000000000000000e+01 1.499727128978913804e-01
2.400000000000000000e+01 1.493163180121257483e-01
2.500000000000000000e+01 1.434942790001933755e-01
2.600000000000000000e+01 1.335687323181314612e-01
2.700000000000000000e+01 1.263135712465534299e-01
2.800000000000000000e+01 1.111598600254528613e-01
2.900000000000000000e+01 8.525811395466571796e-02
3.000000000000000000e+01 8.276816743801269916e-02
3.100000000000000000e+01 8.776853847444987533e-02
3.200000000000000000e+01 8.203507073188540111e-02
3.300000000000000000e+01 7.968629457018634732e-02
3.400000000000000000e+01 8.276495822620973108e-02
3.500000000000000000e+01 8.916724123443073302e-02
3.600000000000000000e+01 8.853520790923162520e-02
3.700000000000000000e+01 8.333686701051871981e-02
3.800000000000000000e+01 8.110533897508993839e-02
3.900000000000000000e+01 8.169452419557375611e-02
4.000000000000000000e+01 9.031667662039170874e-02
4.100000000000000000e+01 9.094106224730458266e-02
4.200000000000000000e+01 8.856861142277092092e-02
4.300000000000000000e+01 8.565261520633564440e-02
4.400000000000000000e+01 8.477467575343231032e-02
4.500000000000000000e+01 9.527507919076970422e-02
4.600000000000000000e+01 1.061636866460722584e-01
4.700000000000000000e+01 1.038443941746374916e-01
4.800000000000000000e+01 8.765211459998623056e-02
4.900000000000000000e+01 5.966346903062565848e-02
5.000000000000000000e+01 5.486789638440833783e-02
-5.000000000000000000e+01 1.140633813885576393e-02
-4.900000000000000000e+01 4.200574628639195708e-03
-4.800000000000000000e+01 3.124173939804392175e-02
-4.700000000000000000e+01 5.789181702956960884e-02
-4.600000000000000000e+01 7.125435217749180594e-02
-4.500000000000000000e+01 7.410891549659684441e-02
-4.400000000000000000e+01 5.907118393994201244e-02
-4.300000000000000000e+01 4.719946482574748081e-02
-4.200000000000000000e+01 5.512514366729433929e-02
-4.100000000000000000e+01 6.054904760888562415e-02
-4.000000000000000000e+01 6.970596697478770309e-02
-3.900000000000000000e+01 7.595850020304434347e-02
-3.800000000000000000e+01 7.735761526470573413e-02
-3.700000000000000000e+01 8.220867734880590860e-02
-3.600000000000000000e+01 8.529659381999890599e-02
-3.500000000000000000e+01 8.588599568579774468e-02
-3.400000000000000000e+01 7.876609413966052797e-02
-3.300000000000000000e+01 7.285397040622935971e-02
-3.200000000000000000e+01 7.518308202349170688e-02
-3.100000000000000000e+01 7.917533356361544650e-02
-3.000000000000000000e+01 9.003075041852166838e-02
-2.900000000000000000e+01 8.614761569913773065e-02
-2.800000000000000000e+01 9.424563229120642982e-02
-2.700000000000000000e+01 1.101036479932447493e-01
-2.600000000000000000e+01 1.198297798384655444e-01
-2.500000000000000000e+01 1.430232305279859339e-01
-2.400000000000000000e+01 1.715981090497701866e-01
-2.300000000000000000e+01 1.839579362994188116e-01
-2.200000000000000000e+01 1.966299700893839042e-01
-2.100000000000000000e+01 2.173654017671538263e-01
-2.000000000000000000e+01 2.249909464134972337e-01
-1.900000000000000000e+01 2.334949516245269918e-01
-1.800000000000000000e+01 2.414418464826801336e-01
-1.700000000000000000e+01 2.410067174049933536e-01
-1.600000000000000000e+01 2.467255019102025382e-01
-1.500000000000000000e+01 2.600486968148851274e-01
-1.400000000000000000e+01 2.658206368820257848e-01
-1.300000000000000000e+01 2.786104697900875782e-01
-1.200000000000000000e+01 3.031051496110999666e-01
-1.100000000000000000e+01 3.120397608162073233e-01
-1.000000000000000000e+01 3.069297851004963995e-01
-9.000000000000000000e+00 3.189028771453581435e-01
-8.000000000000000000e+00 3.383288123682808846e-01
-7.000000000000000000e+00 3.526105589891534997e-01
-6.000000000000000000e+00 3.702874447359509325e-01
-5.000000000000000000e+00 3.913307272259176073e-01
-4.000000000000000000e+00 4.190809670674099929e-01
-3.000000000000000000e+00 4.442434625269470749e-01
-2.000000000000000000e+00 4.733613162817357778e-01
-1.000000000000000000e+00 5.651095148211052743e-01
0.000000000000000000e+00 6.934218279503369109e-01
1.000000000000000000e+00 6.161296230096708904e-01
2.000000000000000000e+00 5.001368841398183829e-01
3.000000000000000000e+00 4.559289250926825132e-01
4.000000000000000000e+00 4.303035319949386484e-01
5.000000000000000000e+00 4.050860951485648065e-01
6.000000000000000000e+00 3.833809988623759213e-01
7.000000000000000000e+00 3.630156679895182870e-01
8.000000000000000000e+00 3.476383171190258192e-01
9.000000000000000000e+00 3.264319894658509469e-01
1.000000000000000000e+01 3.082150991599130196e-01
1.100000000000000000e+01 3.083430665204106025e-01
1.200000000000000000e+01 3.045567838942481176e-01
1.300000000000000000e+01 2.869451693134333348e-01
1.400000000000000000e+01 2.694133322719928780e-01
1.500000000000000000e+01 2.655658395217803114e-01
1.600000000000000000e+01 2.591599244555597981e-01
1.700000000000000000e+01 2.498690372709733709e-01
1.800000000000000000e+01 2.481413816670945960e-01
1.900000000000000000e+01 2.451518704117999492e-01
2.000000000000000000e+01 2.318363109429876501e-01
2.100000000000000000e+01 2.204068229318359440e-01
2.200000000000000000e+01 2.038488390788442406e-01
2.300000000000000000e+01 1.892301493221772990e-01
2.400000000000000000e+01 1.815192862202947011e-01
2.500000000000000000e+01 1.602425972328503645e-01
2.600000000000000000e+01 1.343379138640201365e-01
2.700000000000000000e+01 1.205898888608563091e-01
2.800000000000000000e+01 1.007645601596322965e-01
2.900000000000000000e+01 8.200774902289667545e-02
3.000000000000000000e+01 8.354026504701664302e-02
3.100000000000000000e+01 7.705590303588388812e-02
3.200000000000000000e+01 6.883642516305620018e-02
3.300000000000000000e+01 6.240604446236498737e-02
3.400000000000000000e+01 6.413899615377804952e-02
3.500000000000000000e+01 6.927836320857813646e-02
3.600000000000000000e+01 7.267709710293124292e-02
3.700000000000000000e+01 7.614362026928961358e-02
3.800000000000000000e+01 7.242094217737855832e-02
3.900000000000000000e+01 6.979816277500203170e-02
4.000000000000000000e+01 7.183402825956812510e-02
4.100000000000000000e+01 6.794456005299949475e-02
4.200000000000000000e+01 7.082971307322881438e-02
4.300000000000000000e+01 7.225398849395188450e-02
4.400000000000000000e+01 8.247346818546298641e-02
4.500000000000000000e+01 9.645576311548116621e-02
4.600000000000000000e+01 1.005859872251818193e-01
4.700000000000000000e+01 8.723226129460247280e-02
4.800000000000000000e+01 6.062451802008751028e-02
4.900000000000000000e+01 3.251018857536584067e-02
5.000000000000000000e+01 2.962123481397183414e-02
-5.000000000000000000e+01 5.523892888151200886e-02
-4.900000000000000000e+01 5.063884868669980832e-02
-4.800000000000000000e+01 6.486963527064364132e-02
-4.700000000000000000e+01 7.807093773493146982e-02
-4.600000000000000000e+01 8.917155015346989178e-02
-4.500000000000000000e+01 9.716208951181647124e-02
-4.400000000000000000e+01 1.007545136188587181e-01
-4.300000000000000000e+01 9.309867329502914679e-02
-4.200000000000000000e+01 9.396226146589856110e-02
-4.100000000000000000e+01 1.013314915858122278e-01
-4.000000000000000000e+01 1.114078039853300117e-01
-3.900000000000000000e+01 1.164748089129171438e-01
-3.800000000000000000e+01 1.128407147392139348e-01
-3.700000000000000000e+01 1.224368162139755356e-01
-3.600000000000000000e+01 1.354123997127688050e-01
-3.500000000000000000e+01 1.439926443562165315e-01
-3.400000000000000000e+01 1.385143056605285805e-01
-3.300000000000000000e+01 1.350726723147607500e-01
-3.200000000000000000e+01 1.358062441338304394e-01
-3.100000000000000000e+01 1.400087436267581642e-01
-3.000000000000000000e+01 1.499059162296689784e-01
-2.900000000000000000e+01 1.461432465129777203e-01
-2.800000000000000000e+01 1.458417809990710801e-01
-2.700000000000000000e+01 1.549914752687560626e-01
-2.600000000000000000e+01 1.626112207357265360e-01
-2.500000000000000000e+01 1.749294503926119293e-01
-2.400000000000000000e+01 1.944810776437870536e-01
-2.300000000000000000e+01 2.027028748583538098e-01
-2.200000000000000000e+01 2.170882173678708171e-01
-2.100000000000000000e+01 2.469905224414704337e-01
-2.000000000000000000e+01 2.570324605810083707e-01
-1.900000000000000000e+01 2.620177746668724272e-01
-1.800000000000000000e+01 2.732985257778295374e-01
-1.700000000000000000e+01 2.726548097679841742e-01
-1.600000000000000000e+01 2.828648886418436703e-01
-1.500000000000000000e+01 3.074505986037997518e-01
-1.400000000000000000e+01 3.242654092110489050e-01
-1.300000000000000000e+01 3.406802646636136189e-01
-1.200000000000000000e+01 3.566677137725768887e-01
-1.100000000000000000e+01 3.738316236129700099e-01
-1.000000000000000000e+01 3.824131070863431292e-01
-9.000000000000000000e+00 3.891358455805025152e-01
-8.000000000000000000e+00 4.050224613329836965e-01
-7.000000000000000000e+00 4.242386171394872951e-01
-6.000000000000000000e+00 4.427038720216668888e-01
-5.000000000000000000e+00 4.604662954488172311e-01
-4.000000000000000000e+00 4.781038317470416299e-01
-3.000000000000000000e+00 5.097175049324950136e-01
-2.000000000000000000e+00 5.313858166168066166e-01
-1.000000000000000000e+00 5.832088297409937505e-01
0.000000000000000000e+00 7.488164143794295846e-01
1.000000000000000000e+00 7.257461422059849898e-01
2.000000000000000000e+00 5.877303343934343616e-01
3.000000000000000000e+00 5.342035861861481605e-01
4.000000000000000000e+00 4.941354091047773234e-01
5.000000000000000000e+00 4.681239991622576646e-01
6.000000000000000000e+00 4.593344333002274960e-01
7.000000000000000000e+00 4.456424640633173673e-01
8.000000000000000000e+00 4.252340014675138335e-01
9.000000000000000000e+00 4.076348242833740532e-01
1.000000000000000000e+01 3.914262542435373304e-01
1.100000000000000000e+01 3.892942247067177064e-01
1.200000000000000000e+01 3.952139479008303646e-01
1.300000000000000000e+01 3.785170862485576215e-01
1.400000000000000000e+01 3.613324618766384222e-01
1.500000000000000000e+01 3.590666818492789791e-01
1.600000000000000000e+01 3.509980986380938361e-01
1.700000000000000000e+01 3.344820046459121565e-01
1.800000000000000000e+01 3.317407484446843191e-01
1.900000000000000000e+01 3.305478645212229227e-01
2.000000000000000000e+01 3.182793811168999065e-01
2.100000000000000000e+01 3.045487909472210375e-01
2.200000000000000000e+01 2.837750898218147078e-01
2.300000000000000000e+01 2.665572669060958244e-01
2.400000000000000000e+01 2.677290440379450631e-01
2.500000000000000000e+01 2.590079461003391148e-01
2.600000000000000000e+01 2.476465683253028238e-01
2.700000000000000000e+01 2.428307238430197634e-01
2.800000000000000000e+01 2.356122174507864486e-01
2.900000000000000000e+01 2.239178358066601093e-01
3.000000000000000000e+01 2.263799214919952618e-01
3.100000000000000000e+01 2.314350881433320795e-01
3.200000000000000000e+01 2.226412783110326976e-01
3.300000000000000000e+01 2.188205258016455157e-01
3.400000000000000000e+01 2.141178060620096135e-01
3.500000000000000000e+01 2.150137016294703662e-01
3.600000000000000000e+01 2.130380681395805109e-01
3.700000000000000000e+01 2.082500685350439917e-01
3.800000000000000000e+01 1.947925608754429438e-01
3.900000000000000000e+01 1.888905995770722157e-01
4.000000000000000000e+01 1.847272311557307256e-01
4.100000000000000000e+01 1.757362543482054174e-01
4.200000000000000000e+01 1.691428698203998049e-01
4.300000000000000000e+01 1.568951955915081631e-01
4.400000000000000000e+01 1.512746674989298989e-01
4.500000000000000000e+01 1.569119580032684313e-01
4.600000000000000000e+01 1.519628012067080203e-01
4.700000000000000000e+01 1.483651870204341638e-01
4.800000000000000000e+01 1.523472723123945882e-01
4.900000000000000000e+01 1.416782269193072319e-01
5.000000000000000000e+01 1.261100349430236134e-01
