-5.000000000000000000e+01 1.705447131463249943e-01
-4.897959183673469141e+01 1.649719910155351132e-01
-4.795918367346938993e+01 1.663299098351179173e-01
-4.693877551020408134e+01 1.808069473733951438e-01
-4.591836734693877276e+01 1.994410577369275517e-01
-4.489795918367347127e+01 2.018684200290623010e-01
-4.387755102040816269e+01 1.944856846584428200e-01
-4.285714285714285410e+01 1.936277419986497939e-01
-4.183673469387755262e+01 1.851406756028653733e-01
-4.081632653061224403e+01 1.768997363205553897e-01
-3.979591836734694255e+01 1.752256221409655146e-01
-3.877551020408163396e+01 1.833711758789701995e-01
-3.775510204081632537e+01 1.829775936015277660e-01
-3.673469387755102389e+01 1.789641694772828584e-01
-3.571428571428571530e+01 1.835969567391427248e-01
-3.469387755102040671e+01 1.851979491225484165e-01
-3.367346938775510523e+01 1.951740715671198279e-01
-3.265306122448979664e+01 2.098061741598481467e-01
-3.163265306122448806e+01 2.094798504636015135e-01
-3.061224489795918302e+01 2.164001569075180154e-01
-2.959183673469387799e+01 2.150176072262809379e-01
-2.857142857142856940e+01 2.186452285012591423e-01
-2.755102040816326436e+01 2.254112710214453419e-01
-2.653061224489795933e+01 2.212814903175061576e-01
-2.551020408163265074e+01 2.389777872468925868e-01
-2.448979591836734571e+01 2.579310723072625877e-01
-2.346938775510204067e+01 2.665664185804134112e-01
-2.244897959183673564e+01 2.765685503463075068e-01
-2.142857142857142705e+01 2.775425296556270349e-01
-2.040816326530612201e+01 2.758918712104774240e-01
-1.938775510204081698e+01 2.670799006201646231e-01
-1.836734693877550839e+01 2.767493390365837191e-01
-1.734693877551020336e+01 2.910056753048750888e-01
-1.632653061224489477e+01 2.949223326377743426e-01
-1.530612244897959329e+01 3.002837548596263839e-01
-1.428571428571428470e+01 3.092256337238642461e-01
-1.326530612244897611e+01 3.136589242364474228e-01
-1.224489795918367463e+01 3.269579260808725407e-01
-1.122448979591836604e+01 3.322924592081543116e-01
-1.020408163265305745e+01 3.399931943407215607e-01
-9.183673469387755972e+00 3.594814228780887078e-01
-8.163265306122447384e+00 3.904852459314993030e-01
-7.142857142857138797e+00 4.127479407152838120e-01
-6.122448979591837315e+00 4.042501577078732033e-01
-5.102040816326528727e+00 4.284204377059057101e-01
-4.081632653061220140e+00 4.620866290632797413e-01
-3.061224489795918657e+00 5.077345076564330206e-01
-2.040816326530610070e+00 5.543281626336813428e-01
-1.020408163265301482e+00 7.057625097924798974e-01
0.000000000000000000e+00 9.986565685676869197e-01
1.020408163265308588e+00 7.060051255148481752e-01
2.040816326530610070e+00 5.546573636595150125e-01
3.061224489795918657e+00 5.076152826843997046e-01
4.081632653061227245e+00 4.610418920527492581e-01
5.102040816326528727e+00 4.273450431957044326e-01
6.122448979591837315e+00 4.035913328012762369e-01
7.142857142857145902e+00 4.117260465779054579e-01
8.163265306122447384e+00 3.892225504108485779e-01
9.183673469387755972e+00 3.590452431874283090e-01
1.020408163265306456e+01 3.390079015212220659e-01
1.122448979591836604e+01 3.316465164589468273e-01
1.224489795918367463e+01 3.262083647397970854e-01
1.326530612244898322e+01 3.136237537977983325e-01
1.428571428571429180e+01 3.083813841559749358e-01
1.530612244897959329e+01 2.997183703755919582e-01
1.632653061224489477e+01 2.943815028220150287e-01
1.734693877551021046e+01 2.904380059342613896e-01
1.836734693877551194e+01 2.766295586981196153e-01
1.938775510204081343e+01 2.672805200199076525e-01
2.040816326530612912e+01 2.759846562853238150e-01
2.142857142857143060e+01 2.771734941483021686e-01
2.244897959183673208e+01 2.760943423013738074e-01
2.346938775510204778e+01 2.654870076248370125e-01
2.448979591836734926e+01 2.569268213430627168e-01
2.551020408163265074e+01 2.376993443605379952e-01
2.653061224489796643e+01 2.209124480145163161e-01
2.755102040816326792e+01 2.246018027724382138e-01
2.857142857142856940e+01 2.180662961916997045e-01
2.959183673469388509e+01 2.150409189493421303e-01
3.061224489795918657e+01 2.162530580139645497e-01
3.163265306122448806e+01 2.095458595119744361e-01
3.265306122448980375e+01 2.096379717438058010e-01
3.367346938775510523e+01 1.948799047182731836e-01
3.469387755102040671e+01 1.847303729573971376e-01
3.571428571428572241e+01 1.822208522237013517e-01
3.673469387755102389e+01 1.785646865660960314e-01
3.775510204081632537e+01 1.829950148467788251e-01
3.877551020408164106e+01 1.830747814741860990e-01
3.979591836734694255e+01 1.739614268995160196e-01
4.081632653061224403e+01 1.764986760781599995e-01
4.183673469387755972e+01 1.839877980644594457e-01
4.285714285714286120e+01 1.928333943914274373e-01
4.387755102040816269e+01 1.943330189756693194e-01
4.489795918367347838e+01 2.011472298443993112e-01
4.591836734693877986e+01 1.984146743253840384e-01
4.693877551020408134e+01 1.803890485005911204e-01
4.795918367346939704e+01 1.657585462024946388e-01
4.897959183673469852e+01 1.642985451896768756e-01
5.000000000000000000e+01 1.707468806217986579e-01
-5.000000000000000000e+01 1.664881015131935982e-01
-4.897959183673469141e+01 1.604176687522184952e-01
-4.795918367346938993e+01 1.613411304378643552e-01
-4.693877551020408134e+01 1.756821094846208742e-01
-4.591836734693877276e+01 1.938261049505766442e-01
-4.489795918367347127e+01 1.967303191136635376e-01
-4.387755102040816269e+01 1.903318408990312960e-01
-4.285714285714285410e+01 1.882214321043668148e-01
-4.183673469387755262e+01 1.789599029870750646e-01
-4.081632653061224403e+01 1.708162312674295913e-01
-3.979591836734694255e+01 1.689023833794363050e-01
-3.877551020408163396e+01 1.776531644898296514e-01
-3.775510204081632537e+01 1.776485468042371674e-01
-3.673469387755102389e+01 1.738057259885844030e-01
-3.571428571428571530e+01 1.781295587552154114e-01
-3.469387755102040671e+01 1.800573250199795361e-01
-3.367346938775510523e+01 1.891413619859093898e-01
-3.265306122448979664e+01 2.031673953755872009e-01
-3.163265306122448806e+01 2.028127597788631775e-01
-3.061224489795918302e+01 2.093481335014264200e-01
-2.959183673469387799e+01 2.082147381908557859e-01
-2.857142857142856940e+01 2.113715902008592440e-01
-2.755102040816326436e+01 2.185590528055572912e-01
-2.653061224489795933e+01 2.140169940909264767e-01
-2.551020408163265074e+01 2.315257742903588656e-01
-2.448979591836734571e+01 2.502623029949517242e-01
-2.346938775510204067e+01 2.585432528446094946e-01
-2.244897959183673564e+01 2.687065097159982985e-01
-2.142857142857142705e+01 2.694283968939163443e-01
-2.040816326530612201e+01 2.684311667162539439e-01
-1.938775510204081698e+01 2.605598529409560715e-01
-1.836734693877550839e+01 2.696049921180019848e-01
-1.734693877551020336e+01 2.837948937796911930e-01
-1.632653061224489477e+01 2.876136594729009066e-01
-1.530612244897959329e+01 2.934058381932138082e-01
-1.428571428571428470e+01 3.022988766485339984e-01
-1.326530612244897611e+01 3.074078044506281526e-01
-1.224489795918367463e+01 3.202875341749678029e-01
-1.122448979591836604e+01 3.254178816814335962e-01
-1.020408163265305745e+01 3.325268204293634899e-01
-9.183673469387755972e+00 3.519739426959715423e-01
-8.163265306122447384e+00 3.823046407750437803e-01
-7.142857142857138797e+00 4.050232227204726421e-01
-6.122448979591837315e+00 3.965583551101335424e-01
-5.102040816326528727e+00 4.213912051846316342e-01
-4.081632653061220140e+00 4.538811253200799589e-01
-3.061224489795918657e+00 4.998731603218315445e-01
-2.040816326530610070e+00 5.471887798024557270e-01
-1.020408163265301482e+00 7.000902840992688780e-01
0.000000000000000000e+00 1.000142106331928904e+00
1.020408163265308588e+00 7.001142410536626004e-01
2.040816326530610070e+00 5.472661921872157276e-01
3.061224489795918657e+00 4.999629211506517179e-01
4.081632653061227245e+00 4.540354210499035204e-01
5.102040816326528727e+00 4.216073473749014644e-01
6.122448979591837315e+00 3.966736656894437330e-01
7.142857142857145902e+00 4.051164608379747012e-01
8.163265306122447384e+00 3.824505025949180848e-01
9.183673469387755972e+00 3.521390686036630080e-01
1.020408163265306456e+01 3.326841817980188964e-01
1.122448979591836604e+01 3.255740072912614580e-01
1.224489795918367463e+01 3.204810672999267029e-01
1.326530612244898322e+01 3.074409990483863431e-01
1.428571428571429180e+01 3.022526733391015519e-01
1.530612244897959329e+01 2.933671179325808009e-01
1.632653061224489477e+01 2.875776731134704889e-01
1.734693877551021046e+01 2.837727656788032182e-01
1.836734693877551194e+01 2.695071132176969364e-01
1.938775510204081343e+01 2.605174298830040813e-01
2.040816326530612912e+01 2.683873324264489657e-01
2.142857142857143060e+01 2.694673442951113773e-01
2.244897959183673208e+01 2.687964001557271998e-01
2.346938775510204778e+01 2.586819182953500329e-01
2.448979591836734926e+01 2.503163115298667196e-01
2.551020408163265074e+01 2.315971604504509784e-01
2.653061224489796643e+01 2.140843578592406815e-01
2.755102040816326792e+01 2.185482333117509945e-01
2.857142857142856940e+01 2.113494288903177976e-01
2.959183673469388509e+01 2.082402538234490730e-01
3.061224489795918657e+01 2.093421351521642659e-01
3.163265306122448806e+01 2.027785377465596561e-01
3.265306122448980375e+01 2.031314418019491974e-01
3.367346938775510523e+01 1.891703304810548047e-01
3.469387755102040671e+01 1.800833731040115127e-01
3.571428571428572241e+01 1.781869786395255673e-01
3.673469387755102389e+01 1.738135673103208823e-01
3.775510204081632537e+01 1.776499515557428965e-01
3.877551020408164106e+01 1.777587724361066324e-01
3.979591836734694255e+01 1.689777732479940675e-01
4.081632653061224403e+01 1.708222448732271692e-01
4.183673469387755972e+01 1.790024642865748750e-01
4.285714285714286120e+01 1.882911953834000007e-01
4.387755102040816269e+01 1.904337094695796040e-01
4.489795918367347838e+01 1.967811115564496172e-01
4.591836734693877986e+01 1.939172062422620524e-01
4.693877551020408134e+01 1.758188933285550759e-01
4.795918367346939704e+01 1.613912536518805896e-01
4.897959183673469852e+01 1.604608229404912711e-01
5.000000000000000000e+01 1.665003938208456102e-01
-5.000000000000000000e+01 1.699556959018512781e-01
-4.897959183673469141e+01 1.644013228831937845e-01
-4.795918367346938993e+01 1.657482832415311802e-01
-4.693877551020408134e+01 1.802413068937847029e-01
-4.591836734693877276e+01 1.987954271095098424e-01
-4.489795918367347127e+01 2.011936388381451168e-01
-4.387755102040816269e+01 1.939707985040559080e-01
-4.285714285714285410e+01 1.929718466305412328e-01
-4.183673469387755262e+01 1.843393061904896602e-01
-4.081632653061224403e+01 1.760682913552023554e-01
-3.979591836734694255e+01 1.744605216223717170e-01
-3.877551020408163396e+01 1.826429838387615689e-01
-3.775510204081632537e+01 1.822045480294121611e-01
-3.673469387755102389e+01 1.782659585559753790e-01
-3.571428571428571530e+01 1.829819590707459087e-01
-3.469387755102040671e+01 1.845099296423268476e-01
-3.367346938775510523e+01 1.943373902104571505e-01
-3.265306122448979664e+01 2.088582039517557498e-01
-3.163265306122448806e+01 2.085248290765871204e-01
-3.061224489795918302e+01 2.154270616533511262e-01
-2.959183673469387799e+01 2.140861677002353636e-01
-2.857142857142856940e+01 2.176588920091737933e-01
-2.755102040816326436e+01 2.245221978677366115e-01
-2.653061224489795933e+01 2.203847731829570999e-01
-2.551020408163265074e+01 2.380562604032600005e-01
-2.448979591836734571e+01 2.569828156211523273e-01
-2.346938775510204067e+01 2.656328768524121031e-01
-2.244897959183673564e+01 2.756185147606092789e-01
-2.142857142857142705e+01 2.765293543411135868e-01
-2.040816326530612201e+01 2.748239805530667268e-01
-1.938775510204081698e+01 2.661553348368290162e-01
-1.836734693877550839e+01 2.757725437898476128e-01
-1.734693877551020336e+01 2.900745130502520586e-01
-1.632653061224489477e+01 2.940223306490523103e-01
-1.530612244897959329e+01 2.994012531215478612e-01
-1.428571428571428470e+01 3.083481058376661976e-01
-1.326530612244897611e+01 3.128414897339716894e-01
-1.224489795918367463e+01 3.261836873498300537e-01
-1.122448979591836604e+01 3.315042579842694126e-01
-1.020408163265305745e+01 3.391785037958716109e-01
-9.183673469387755972e+00 3.586298023357808451e-01
-8.163265306122447384e+00 3.895897579553666557e-01
-7.142857142857138797e+00 4.118854495447457076e-01
-6.122448979591837315e+00 4.034059775484873933e-01
-5.102040816326528727e+00 4.277105195813086236e-01
-4.081632653061220140e+00 4.611687955798812744e-01
-3.061224489795918657e+00 5.067881064043300299e-01
-2.040816326530610070e+00 5.534641324136090335e-01
-1.020408163265301482e+00 7.049473642554727748e-01
0.000000000000000000e+00 9.982323811224732557e-01
1.020408163265308588e+00 7.051694297543409373e-01
2.040816326530610070e+00 5.537181234191393964e-01
3.061224489795918657e+00 5.065756013423642345e-01
4.081632653061227245e+00 4.599709585632196784e-01
5.102040816326528727e+00 4.264207322215235463e-01
6.122448979591837315e+00 4.026241689965195381e-01
7.142857142857145902e+00 4.107644749542279095e-01
8.163265306122447384e+00 3.881817279322745118e-01
9.183673469387755972e+00 3.580314500767903252e-01
1.020408163265306456e+01 3.380307101729436159e-01
1.122448979591836604e+01 3.306960029980360871e-01
1.224489795918367463e+01 3.252382268520503938e-01
1.326530612244898322e+01 3.127651506773737600e-01
1.428571428571429180e+01 3.075496464699845611e-01
1.530612244897959329e+01 2.988691010715341378e-01
1.632653061224489477e+01 2.935175499362497886e-01
1.734693877551021046e+01 2.895288080290772670e-01
1.836734693877551194e+01 2.757478755769044998e-01
1.938775510204081343e+01 2.664007666736535329e-01
2.040816326530612912e+01 2.749654923942423390e-01
2.142857142857143060e+01 2.761212698393571974e-01
2.244897959183673208e+01 2.750549525396245865e-01
2.346938775510204778e+01 2.644121543590007284e-01
2.448979591836734926e+01 2.559239762463750845e-01
2.551020408163265074e+01 2.367064183631883700e-01
2.653061224489796643e+01 2.199489287476487642e-01
2.755102040816326792e+01 2.237155892023273418e-01
2.857142857142856940e+01 2.170957546888503398e-01
2.959183673469388509e+01 2.140816995960837799e-01
3.061224489795918657e+01 2.152873407521604665e-01
3.163265306122448806e+01 2.086195061548983543e-01
3.265306122448980375e+01 2.087181860732991723e-01
3.367346938775510523e+01 1.940137783614882261e-01
3.469387755102040671e+01 1.840062202551623338e-01
3.571428571428572241e+01 1.815367877925209983e-01
3.673469387755102389e+01 1.778510621861003893e-01
3.775510204081632537e+01 1.822186724950747017e-01
3.877551020408164106e+01 1.822408446260321002e-01
3.979591836734694255e+01 1.731205561796745340e-01
4.081632653061224403e+01 1.756558074248204815e-01
4.183673469387755972e+01 1.831496684637019534e-01
4.285714285714286120e+01 1.921070590236619857e-01
4.387755102040816269e+01 1.937240754021405664e-01
4.489795918367347838e+01 2.004216737954069294e-01
4.591836734693877986e+01 1.976782537118225436e-01
4.693877551020408134e+01 1.796938522801840576e-01
4.795918367346939704e+01 1.651312417880761441e-01
4.897959183673469852e+01 1.636875093985570295e-01
5.000000000000000000e+01 1.701499861523953494e-01
