9.455000000000000071e-01 1.685916434279782905e+01 1.647320676535098016e+01 3.859575774468488873e-01
2.206500000000000128e+00 1.489591417610630231e+01 1.466313124228760856e+01 2.327829338186946373e-01
3.152000000000000135e+00 1.233286401599359472e+01 1.259129855758538241e+01 -2.584345415917876920e-01
4.097999999999999865e+00 1.407487770991198062e+01 1.413949953853220975e+01 -6.462182862023002627e-02
5.043999999999999595e+00 1.258393698205179057e+01 1.279300340261440994e+01 -2.090664205626193706e-01
5.989499999999999602e+00 1.344155393921425201e+01 1.353696796190137874e+01 -9.541402268712673163e-02
7.250499999999999723e+00 1.466799008434126961e+01 1.447682884781586310e+01 1.911612365254047319e-01
8.195999999999999730e+00 1.479661497746809218e+01 1.450756555768904654e+01 2.890494197790456354e-01
9.141999999999999460e+00 1.591084377648082260e+01 1.553719264813406120e+01 3.736511283467613964e-01
1.008799999999999919e+01 1.562710121711163147e+01 1.523042166328023583e+01 3.966795538313956371e-01
1.103350000000000009e+01 1.575558488624813158e+01 1.535309049414294336e+01 4.024943921051891138e-01
1.197899999999999920e+01 1.671380832899771463e+01 1.626987425121768638e+01 4.439340777800282467e-01
1.292500000000000071e+01 1.549362592538161820e+01 1.513087432384642739e+01 3.627516015351917034e-01
1.418599999999999994e+01 1.495226559522474297e+01 1.463086495436945889e+01 3.214006408552840810e-01
1.513199999999999967e+01 1.492649927666789544e+01 1.458224457839977362e+01 3.442546982681218282e-01
1.607750000000000057e+01 1.382764104008258066e+01 1.368390280451605712e+01 1.437382355665235423e-01
1.702299999999999969e+01 1.382635449159761976e+01 1.368494657750094667e+01 1.414079140966730819e-01
1.796900000000000119e+01 1.389380810127309296e+01 1.372362508671689696e+01 1.701830145561951113e-01
1.923000000000000043e+01 1.480985409108416206e+01 1.452711053397582752e+01 2.827435571083345422e-01
2.017599999999999838e+01 1.516824927666789513e+01 1.480910976351169950e+01 3.591395131561956333e-01
2.112150000000000105e+01 1.453238225635182346e+01 1.424770286257663443e+01 2.846793937751890269e-01
2.206700000000000017e+01 1.370397126357114814e+01 1.358514156746920065e+01 1.188296961019474907e-01
2.301299999999999812e+01 1.468504773982829192e+01 1.445425379984498804e+01 2.307939399833029981e-01
2.395899999999999963e+01 1.535033167043610902e+01 1.500067887848228487e+01 3.496527919538241491e-01
2.490449999999999875e+01 1.475122941140889665e+01 1.444265839546369001e+01 3.085710159452075274e-01
2.616550000000000153e+01 1.416601109177173790e+01 1.398766106705675405e+01 1.783500247149838458e-01
2.711100000000000065e+01 1.578387667599811550e+01 1.552812737351881900e+01 2.557493024792965031e-01
2.805700000000000216e+01 1.584631786326047376e+01 1.553892809344408832e+01 3.073897698163854386e-01
2.900300000000000011e+01 1.228260609925156643e+01 1.257920418597728585e+01 -2.965980867257194120e-01
2.994849999999999923e+01 1.405637141166120330e+01 1.421480972292272327e+01 -1.584383112615199707e-01
3.120949999999999847e+01 1.558410909476360828e+01 1.549245994708158491e+01 9.164914768202425677e-02
3.215500000000000114e+01 1.604086105620835667e+01 1.568703773434043036e+01 3.538233218679263103e-01
3.310049999999999670e+01 1.634575627131712849e+01 1.594567239331335706e+01 4.000838780037732079e-01
3.404599999999999937e+01 1.205692833966094568e+01 1.241374494849576848e+01 -3.568166088348228016e-01
3.499200000000000443e+01 1.244449261288965403e+01 1.266223149592094366e+01 -2.177388830312905199e-01
3.593800000000000239e+01 1.373449117469370151e+01 1.372675702963015887e+01 7.734145063542641196e-03
3.688349999999999795e+01 1.284934163320673051e+01 1.293505626440870060e+01 -8.571463120197009289e-02
3.814450000000000074e+01 1.324016490785641764e+01 1.328310786280617251e+01 -4.294295494975486349e-02
3.909000000000000341e+01 1.361510121757409664e+01 1.351252480192434646e+01 1.025764156497501745e-01
4.003600000000000136e+01 1.343976677010588361e+01 1.338408683023468981e+01 5.567993987119201904e-02
4.098199999999999932e+01 1.462365310874919544e+01 1.445176093371944681e+01 1.718921750297486284e-01
4.192750000000000199e+01 1.570142487240883433e+01 1.540559488740489513e+01 2.958299850039383116e-01
4.318849999999999767e+01 1.407632283169725795e+01 1.392782985033650434e+01 1.484929813607553939e-01
4.413400000000000034e+01 1.476066934110335893e+01 1.454643690822905455e+01 2.142324328743043793e-01
4.507999999999999829e+01 1.516181168301078408e+01 1.483491449370641746e+01 3.268971893043666199e-01
4.602600000000000335e+01 1.506231997181908611e+01 1.471654031404535701e+01 3.457796577737290988e-01
4.697149999999999892e+01 1.540568614754006305e+01 1.502837367213072994e+01 3.773124754093322153e-01
4.791700000000000159e+01 1.181088996491326881e+01 1.219034308794004318e+01 -3.794531230267743638e-01
4.886299999999999955e+01 1.320075270469946460e+01 1.343461594642328727e+01 -2.338632417238217798e-01
5.012399999999999523e+01 1.490412381648892293e+01 1.487195057020267974e+01 3.217324628624407268e-02
5.107000000000000028e+01 1.584759818585767022e+01 1.555948442048582514e+01 2.881137653718450764e-01
5.201550000000000296e+01 1.704271312867378896e+01 1.666818435978156998e+01 3.745287688922189773e-01
5.296099999999999852e+01 1.691005485363364613e+01 1.646125077161718409e+01 4.488040820164620470e-01
5.390699999999999648e+01 1.601700945764623185e+01 1.558759308550595613e+01 4.294163721402748379e-01
5.516799999999999926e+01 1.443270284360471045e+01 1.422234621165195811e+01 2.103566319527523376e-01
5.611399999999999721e+01 1.572795015665676210e+01 1.546068036323325856e+01 2.672697934235035433e-01
5.705949999999999989e+01 1.557054962460528102e+01 1.521921533481066646e+01 3.513342897946136745e-01
5.800500000000000256e+01 1.597576949936262203e+01 1.557582263330966832e+01 3.999468660529537090e-01
5.895100000000000051e+01 1.253306335356333712e+01 1.271453402377144215e+01 -1.814706702081041456e-01
5.989699999999999847e+01 1.253607418332888912e+01 1.275998350963283912e+01 -2.239093263039499959e-01
6.084250000000000114e+01 1.379460082803288046e+01 1.380271088917016442e+01 -8.110061137285740074e-03
6.210349999999999682e+01 1.307829712774975839e+01 1.312084917847132814e+01 -4.255205072157064450e-02
6.304899999999999949e+01 1.391159120568453211e+01 1.384908727429268538e+01 6.250393139184673430e-02
6.399500000000000455e+01 1.450834890413652012e+01 1.428276672853209917e+01 2.255821756044200654e-01
6.493999999999999773e+01 1.528247627575123602e+01 1.495182915301460724e+01 3.306471227366287735e-01
6.588599999999999568e+01 1.487001695603017737e+01 1.455901776125015168e+01 3.109991947800256895e-01
6.714699999999999136e+01 1.409872115751499777e+01 1.388771997174049488e+01 2.110011857745028863e-01
6.809300000000000352e+01 1.334780279430820471e+01 1.330771160797168839e+01 4.009118633651631569e-02
6.903849999999999909e+01 1.456636527663530956e+01 1.440329160156766442e+01 1.630736750676451408e-01
6.998399999999999466e+01 1.552329307665526947e+01 1.521269231352829721e+01 3.106007631269722680e-01
7.093000000000000682e+01 1.480626731208263536e+01 1.450425786351736157e+01 3.020094485652728977e-01
7.187600000000000477e+01 1.388384318885665181e+01 1.372012890559529552e+01 1.637142832613562859e-01
7.282150000000000034e+01 1.313705511830834638e+01 1.312640590651186656e+01 1.064921179647981830e-02
7.408249999999999602e+01 1.195417170390255635e+01 1.219294344928867702e+01 -2.387717453861215589e-01
7.502800000000000580e+01 1.195096528529565916e+01 1.218520963146364089e+01 -2.342443461679817318e-01
7.597400000000000375e+01 1.344543288896542066e+01 1.350585308802317641e+01 -6.042019905775575239e-02
7.692000000000000171e+01 1.434279831112174364e+01 1.418913361054923783e+01 1.536647005725058079e-01
7.786549999999999727e+01 1.579757936637397009e+01 1.552435047172938809e+01 2.732288946445811106e-01
7.912649999999999295e+01 1.364473586164311314e+01 1.365279218953707741e+01 -8.056327893963377562e-03
8.007200000000000273e+01 1.178781349402734158e+01 1.208733036826898655e+01 -2.995168742416449703e-01
8.101800000000000068e+01 1.332557230034671747e+01 1.342510917689135397e+01 -9.953687654463561074e-02
8.196399999999999864e+01 1.129693336045694885e+01 1.168348428113117343e+01 -3.865509206742245851e-01
8.290949999999999420e+01 1.128189774652119937e+01 1.147313966789302242e+01 -1.912419213718212774e-01
8.385500000000000398e+01 1.294676099846283535e+01 1.310118689878907006e+01 -1.544259003262347107e-01
8.480100000000000193e+01 1.393532098030116728e+01 1.389745866633563232e+01 3.786231396553496609e-02
8.606199999999999761e+01 1.177641708035360502e+01 1.203967784607171154e+01 -2.632607657181074146e-01
8.700799999999999557e+01 1.106135588073416898e+01 1.125548104495161894e+01 -1.941251642174499636e-01
8.795350000000000534e+01 1.305182299540426172e+01 1.319001420003229619e+01 -1.381912046280335815e-01
8.889900000000000091e+01 1.268095030565130799e+01 1.284159921459075271e+01 -1.606489089394447234e-01
8.984499999999999886e+01 1.148013245622202305e+01 1.177688968091978516e+01 -2.967572246977621120e-01
9.110599999999999454e+01 1.225122568846741622e+01 1.244852649441798320e+01 -1.973008059505660938e-01
9.205200000000000671e+01 1.421980918979393849e+01 1.429381367068364383e+01 -7.400448088970534855e-02
9.299750000000000227e+01 1.417353830001111703e+01 1.412106359453344062e+01 5.247470547767729698e-02
9.394299999999999784e+01 1.282909829081818565e+01 1.294263494532211567e+01 -1.135366545039300235e-01
9.488899999999999579e+01 1.439652401083877464e+01 1.435811174850106475e+01 3.841226233770989040e-02
9.583499999999999375e+01 1.226544028586098456e+01 1.258359060685142872e+01 -3.181503209904441576e-01
9.678000000000000114e+01 1.246579492757389396e+01 1.271597192061880754e+01 -2.501769930449135870e-01
9.804099999999999682e+01 1.451311174130437998e+01 1.454224562786205510e+01 -2.913388655767423785e-02
9.898699999999999477e+01 1.228065001790305288e+01 1.255823499390558950e+01 -2.775849760025366209e-01
9.993250000000000455e+01 1.174273162564818485e+01 1.202040929478450337e+01 -2.776776691363176397e-01
1.008780000000000001e+02 1.150634318811741252e+01 1.178035201873903937e+01 -2.740088306216268421e-01
1.018239999999999981e+02 1.270890363534991963e+01 1.287178574186414082e+01 -1.628821065142194158e-01
1.027699999999999960e+02 1.442225171555832119e+01 1.441885540897147067e+01 3.396306586850528220e-03
1.037155000000000058e+02 1.541688881132300182e+01 1.520059812720655046e+01 2.162906841164513594e-01
1.049765000000000015e+02 1.641992588763606520e+01 1.602028723849493019e+01 3.996386491411350050e-01
1.059219999999999970e+02 1.731896663427307814e+01 1.687180160457426226e+01 4.471650296988158857e-01
1.068679999999999950e+02 1.611134001481267930e+01 1.570367552291908453e+01 4.076644918935947715e-01
1.078139999999999930e+02 1.598934125767122794e+01 1.560191782399092553e+01 3.874234336803024092e-01
1.087595000000000027e+02 1.627473569526121722e+01 1.585698384763265523e+01 4.177518476285619897e-01
1.100204999999999984e+02 1.431562381201054990e+01 1.409406895794007575e+01 2.215548540704750380e-01
1.109659999999999940e+02 1.383262594426408931e+01 1.368807013847355947e+01 1.445558057905298455e-01
1.119120000000000061e+02 1.427704450899802779e+01 1.404608697484195012e+01 2.309575341560776707e-01
1.128580000000000041e+02 1.210384444780731883e+01 1.238013184762399987e+01 -2.762873998166810452e-01
1.138034999999999997e+02 1.197647632031766918e+01 1.222219846183234182e+01 -2.457221415146726429e-01
1.147489999999999952e+02 1.333475989572017184e+01 1.339096715236192026e+01 -5.620725664174841540e-02
1.156949999999999932e+02 1.442268920552681521e+01 1.427185590228771339e+01 1.508333032391018236e-01
1.169560000000000031e+02 1.345457991148030885e+01 1.341377399893173283e+01 4.080591254857601768e-02
1.179020000000000010e+02 1.304904389060903114e+01 1.311446778966184290e+01 -6.542389905281176254e-02
1.188474999999999966e+02 1.451184998800938430e+01 1.439157387849455993e+01 1.202761095148234816e-01
1.197930000000000064e+02 1.573076666241220423e+01 1.546223243522271673e+01 2.685342271894874955e-01
1.207390000000000043e+02 1.359983560856638007e+01 1.359106118977083355e+01 8.774418795546523597e-03
1.220000000000000000e+02 1.314137773990417379e+01 1.327449874790430329e+01 -1.331210080001294926e-01
1.229459999999999980e+02 1.430334709073527932e+01 1.419728543692263401e+01 1.060616538126453179e-01
1.238914999999999935e+02 1.519409386774482229e+01 1.491291696746757012e+01 2.811769002772512849e-01
1.248370000000000033e+02 1.547218626015528464e+01 1.509615155679261811e+01 3.760347033626665336e-01
1.257830000000000013e+02 1.520032901412935544e+01 1.483875201620078244e+01 3.615769979285738955e-01
1.267289999999999992e+02 1.584539038908893716e+01 1.543862986748936450e+01 4.067605215995726553e-01
1.276744999999999948e+02 1.557072754757654209e+01 1.518439029500159876e+01 3.863372525749442232e-01
1.289350000000000023e+02 1.512177776139156826e+01 1.479109251820298709e+01 3.306852431885802801e-01
1.298810000000000002e+02 1.528169712040831918e+01 1.490462277273931058e+01 3.770743476690086027e-01
1.308265000000000100e+02 1.456020323427514285e+01 1.427339034797526551e+01 2.868128862998773343e-01
1.317719999999999914e+02 1.250494015047387286e+01 1.268271748064583093e+01 -1.777773301719580701e-01
1.327179999999999893e+02 1.257117051369523786e+01 1.277286316386869913e+01 -2.016926501734612742e-01
1.339789999999999850e+02 1.449224771536175993e+01 1.442116654935272102e+01 7.108116600903890969e-02
1.349250000000000114e+02 1.386489031617718126e+01 1.374348349358484356e+01 1.214068225923377042e-01
1.358704999999999927e+02 1.403639249167316905e+01 1.391105882478299804e+01 1.253336668901710027e-01
1.368160000000000025e+02 1.497383560252123935e+01 1.469311004758570860e+01 2.807255549355307522e-01
1.377620000000000005e+02 1.517788661271282891e+01 1.482341829345093132e+01 3.544683192618984791e-01
1.387079999999999984e+02 1.445843452822821185e+01 1.418723648667162784e+01 2.711980415565840019e-01
1.396535000000000082e+02 1.289976716257519840e+01 1.296129675351928867e+01 -6.152959094409027330e-02
1.409144999999999754e+02 1.121352095357185163e+01 1.148848376937521465e+01 -2.749628158033630143e-01
1.418600000000000136e+02 1.309168698205179382e+01 1.326314894691723367e+01 -1.714619648654398532e-01
1.428060000000000116e+02 1.413967048976390473e+01 1.418194621105547526e+01 -4.227572129156875747e-02
1.437520000000000095e+02 1.252358973640822626e+01 1.271835614291840777e+01 -1.947664065101815112e-01
1.446974999999999909e+02 1.209614477534638155e+01 1.233464980970547309e+01 -2.385050343590915389e-01
1.459585000000000150e+02 1.324956827067314791e+01 1.327724015363870791e+01 -2.767188296556089000e-02
1.469039999999999964e+02 1.402572598744295007e+01 1.387450789681821561e+01 1.512180906247344581e-01
1.478499999999999943e+02 1.542200048293504722e+01 1.515230082714345983e+01 2.696996557915891657e-01
1.487959999999999923e+02 1.512188618890739633e+01 1.481181961058812391e+01 3.100665783192724234e-01
1.497414999999999736e+02 1.380798446989134121e+01 1.372945862899903346e+01 7.852584089230774111e-02
1.506870000000000118e+02 1.479539564501387261e+01 1.456191595126054672e+01 2.334796937533258898e-01
1.516330000000000098e+02 1.545899122544965287e+01 1.510707225896448591e+01 3.519189664851669619e-01
1.528940000000000055e+02 1.499359049566502833e+01 1.465506912598439371e+01 3.385213696806355088e-01
1.538400000000000034e+02 1.544706997181908470e+01 1.509322600875201204e+01 3.538439630670726643e-01
1.547855000000000132e+02 1.384130262495423125e+01 1.377793517683064728e+01 6.336744812358308110e-02
1.557309999999999945e+02 1.324218140817886358e+01 1.338476228641675192e+01 -1.425808782378883421e-01
1.566769999999999925e+02 1.490330000796113907e+01 1.489798123150665887e+01 5.318776454481977112e-03
1.579379999999999882e+02 1.375712517943696866e+01 1.368891113758372491e+01 6.821404185324464464e-02
1.588839999999999861e+02 1.197055749065527763e+01 1.224669231348734044e+01 -2.761348228320628095e-01
1.598290000000000077e+02 1.330519937390918095e+01 1.344363137163044897e+01 -1.384319977212689068e-01
1.607750000000000057e+02 1.489482334995016544e+01 1.488351485938863128e+01 1.130849056153415688e-02
1.617205000000000155e+02 1.431816373986968927e+01 1.416600327907274881e+01 1.521604607969404555e-01
1.626659999999999968e+02 1.448835449159762234e+01 1.432736070316346044e+01 1.609937884341618997e-01
1.636119999999999948e+02 1.562071126250790165e+01 1.534797858298626849e+01 2.727326795216331590e-01
1.648729999999999905e+02 1.544237676067954368e+01 1.507744584966575729e+01 3.649309110137872736e-01
1.658189999999999884e+02 1.609271029208385073e+01 1.566727107050512302e+01 4.254392215787277109e-01
1.667644999999999982e+02 1.485252712405704223e+01 1.457553243790374253e+01 2.769946861532988081e-01
1.677100000000000080e+02 1.241936537814088837e+01 1.262390438702930595e+01 -2.045390088884175839e-01
1.686560000000000059e+02 1.286054983595367318e+01 1.301062048334728516e+01 -1.500706473936102014e-01
1.699170000000000016e+02 1.256465253283390915e+01 1.270955318794016975e+01 -1.449006551062597126e-01
1.708629999999999995e+02 1.221712108534148911e+01 1.244705083819075675e+01 -2.299297528492676435e-01
1.718084999999999809e+02 1.396218406446848448e+01 1.400019186654309422e+01 -3.800780207460885407e-02
1.727539999999999907e+02 1.524146846645665576e+01 1.509313346862596994e+01 1.483349978306858219e-01
1.736999999999999886e+02 1.501645291314551400e+01 1.472195721277082825e+01 2.944957003746866420e-01
1.746459999999999866e+02 1.463397606286275732e+01 1.434940508919981816e+01 2.845709736629391529e-01
1.755914999999999964e+02 1.584372599287181593e+01 1.548622269409438346e+01 3.575032987774315885e-01
1.768525000000000205e+02 1.462478297060844667e+01 1.447793047785416576e+01 1.468524927542800285e-01
1.777980000000000018e+02 1.313531861569053483e+01 1.323799630010456951e+01 -1.026776844140346867e-01
1.787439999999999998e+02 1.450557642038326023e+01 1.438889313633207578e+01 1.166832840511853320e-01
1.796899999999999977e+02 1.560126556726520164e+01 1.530830481254741215e+01 2.929607547177894844e-01
1.806354999999999791e+02 1.523718991652806665e+01 1.492055362793079887e+01 3.166362885972677788e-01
1.818965000000000032e+02 1.371996008053126914e+01 1.361350086075598043e+01 1.064592197752887159e-01
1.828420000000000130e+02 1.379084318885665361e+01 1.363413949100563904e+01 1.567036978510145673e-01
1.837880000000000109e+02 1.246030615628070848e+01 1.259554701509389574e+01 -1.352408588131890355e-01
1.847340000000000089e+02 1.126257013672524820e+01 1.155449887558854627e+01 -2.919287388632980651e-01
1.856795000000000186e+02 1.113960865122714239e+01 1.135867571568409318e+01 -2.190670644569507886e-01
1.866250000000000000e+02 1.129197824424276675e+01 1.149350349646834424e+01 -2.015252522255774892e-01
1.875709999999999980e+02 1.264175111542214580e+01 1.280910198158314195e+01 -1.673508661609961479e-01
1.888319999999999936e+02 1.446346615395876256e+01 1.440807104608694189e+01 5.539510787182067020e-02
1.897779999999999916e+02 1.394921658742350701e+01 1.380564320709750881e+01 1.435733803259982011e-01
1.907235000000000014e+02 1.486718462032097499e+01 1.464387785039714274e+01 2.233067699238313608e-01
1.916690000000000111e+02 1.416401213896070033e+01 1.401558769586466902e+01 1.484244430960313110e-01
1.926145000000000209e+02 1.199364779434663753e+01 1.229878504888627688e+01 -3.051372545396402458e-01
1.935600000000000023e+02 1.383624635689236015e+01 1.395637717201958061e+01 -1.201308151272204583e-01
1.945060000000000002e+02 1.509262410372972241e+01 1.502910440717211671e+01 6.351969655760569822e-02
1.957669999999999959e+02 1.474589409618056024e+01 1.446879164382319871e+01 2.771024523573624165e-01
1.967129999999999939e+02 1.292799379670098503e+01 1.300225938724193497e+01 -7.426559054094994394e-02
1.976585000000000036e+02 1.237357158355317033e+01 1.259303448420941152e+01 -2.194629006562411888e-01
1.986040000000000134e+02 1.372612725131512690e+01 1.373241409133584412e+01 -6.286840020717221478e-03
1.995500000000000114e+02 1.335569092629672561e+01 1.334950684349635175e+01 6.184082800373857935e-03
2.008110000000000070e+02 1.276297241157736018e+01 1.291234579013194583e+01 -1.493733785545856563e-01
2.017570000000000050e+02 1.366648832475932807e+01 1.359841729003653654e+01 6.807103472279152356e-02
2.027024999999999864e+02 1.427256157153028227e+01 1.409212218953524243e+01 1.804393819950407263e-01
2.036479999999999961e+02 1.373037101733468823e+01 1.361471635937169289e+01 1.156546579629953442e-01
2.045939999999999941e+02 1.218725152492485009e+01 1.245658405184171968e+01 -2.693325269168687086e-01
2.055399999999999920e+02 1.349209705316623342e+01 1.354521475042429302e+01 -5.311769725805959297e-02
2.064855000000000018e+02 1.382698889453414104e+01 1.371196145157298396e+01 1.150274429611570781e-01
2.077465000000000259e+02 1.210489453051028619e+01 1.227276795237802531e+01 -1.678734218677400136e-01
2.086920000000000073e+02 1.172605223144772424e+01 1.195540115453579411e+01 -2.293489230880698670e-01
2.096380000000000052e+02 1.230100334680811791e+01 1.250247084864690450e+01 -2.014675018387865890e-01
2.105840000000000032e+02 1.101678950518465250e+01 1.130254921669500767e+01 -2.857597115103551744e-01
2.116346666666666749e+02 1.238666671670725172e+01 1.255879890246131048e+01 -1.721321857540581701e-01
2.127905000000000086e+02 1.276260177044938438e+01 1.295598696035056818e+01 -1.933851899011838071e-01
2.137359999999999900e+02 1.257846695563554817e+01 1.281866044958086093e+01 -2.401934939453127527e-01
2.146820000000000164e+02 1.265533017540467853e+01 1.286516647752869247e+01 -2.098363021240157167e-01
2.156279999999999859e+02 1.225046660192212578e+01 1.250583197059490281e+01 -2.553653686727770378e-01
2.165735000000000241e+02 1.378993301808082350e+01 1.386897237175929476e+01 -7.903935367847125804e-02
2.175190000000000055e+02 1.332036031969859913e+01 1.333387148346248807e+01 -1.351116376388894480e-02
2.184650000000000034e+02 1.298510235603392182e+01 1.303800023637014505e+01 -5.289788033622233598e-02
2.197259999999999991e+02 1.180049706305083390e+01 1.205990670577131496e+01 -2.594096427204810595e-01
2.206719999999999970e+02 1.329687192747691249e+01 1.338618971791328782e+01 -8.931779043637533277e-02
2.216175000000000068e+02 1.398534409632524067e+01 1.389287484821772622e+01 9.246924810751355750e-02
2.225629999999999882e+02 1.203379815368706041e+01 1.229877908920344431e+01 -2.649809355163839086e-01
2.235090000000000146e+02 1.181886973893883308e+01 1.206159570527132097e+01 -2.427259663324887740e-01
2.247694999999999936e+02 1.374998542041028315e+01 1.378199323956093636e+01 -3.200781915065320504e-02
2.257150000000000034e+02 1.388907988366373125e+01 1.377979935184362503e+01 1.092805318201062192e-01
2.266610000000000014e+02 1.466895216370383359e+01 1.441729722979571804e+01 2.516549339081155523e-01
2.276069999999999993e+02 1.374438238587407213e+01 1.362348561806963509e+01 1.208967678044370331e-01
2.285525000000000091e+02 1.147277560390306661e+01 1.178922461542922306e+01 -3.164490115261573422e-01
2.294979999999999905e+02 1.224250898120725850e+01 1.245405814538463574e+01 -2.115491641773772358e-01
2.304439999999999884e+02 1.347992127219240643e+01 1.349842888841710220e+01 -1.850761622469399015e-02
2.317049999999999841e+02 1.263578269332244375e+01 1.275397404501464038e+01 -1.181913516921975216e-01
2.326510000000000105e+02 1.117586538433064192e+01 1.148437074355540588e+01 -3.085053592247639642e-01
2.335964999999999918e+02 1.142258004291635665e+01 1.164295927424190324e+01 -2.203792313255457103e-01
2.345420000000000016e+02 1.155231608326402259e+01 1.181157976885901562e+01 -2.592636855949930208e-01
2.354879999999999995e+02 1.180532598411184608e+01 1.203109945972665962e+01 -2.257734756148126465e-01
2.367489999999999952e+02 1.375983744076863857e+01 1.376925253310115416e+01 -9.415092332514696238e-03
2.376949999999999932e+02 1.187025723101724139e+01 1.218416358941614064e+01 -3.139063583988992434e-01
2.386404999999999745e+02 1.204826280952731921e+01 1.226351443961795340e+01 -2.152516300906333058e-01
2.395860000000000127e+02 1.414867407175321823e+01 1.428291408777838178e+01 -1.342400160251635555e-01
2.405320000000000107e+02 1.359531674624144415e+01 1.366035593459847064e+01 -6.503918835702737766e-02
2.414780000000000086e+02 1.203153603963968088e+01 1.231924275533810409e+01 -2.877067156984232099e-01
2.424234999999999900e+02 1.274369675012942515e+01 1.287106589618058727e+01 -1.273691460511621187e-01
2.436845000000000141e+02 1.273157324540915702e+01 1.293350961914800834e+01 -2.019363737388522040e-01
2.446299999999999955e+02 1.457268121758797541e+01 1.463850817817892214e+01 -6.582696059094672592e-02
2.455759999999999934e+02 1.492792481283936823e+01 1.474270015573250348e+01 1.852246571068638659e-01
2.465219999999999914e+02 1.459925217145268839e+01 1.432873648667162669e+01 2.705156847810616938e-01
2.474674999999999727e+02 1.465656502862270827e+01 1.435573064395404153e+01 3.008343846686667433e-01
2.487284999999999968e+02 1.427306653151444671e+01 1.403095628717278487e+01 2.421102443416609518e-01
2.496740000000000066e+02 1.465681519985919223e+01 1.437048648667162709e+01 2.863287131875651426e-01
2.506200000000000045e+02 1.548652243940566819e+01 1.511696324796768209e+01 3.695591914379861009e-01
2.515660000000000025e+02 1.539679221261373065e+01 1.500336693921737208e+01 3.934252733963585769e-01
2.525115000000000123e+02 1.484184040424218765e+01 1.456671146627627422e+01 2.751289379659143108e-01
2.534569999999999936e+02 1.598529004438281476e+01 1.563589809812125431e+01 3.493919462615604488e-01
2.544029999999999916e+02 1.519584745045008489e+01 1.485293153839003644e+01 3.429159120600493438e-01
2.556639999999999873e+02 1.419815549439726432e+01 1.398633987177986882e+01 2.118156226173963930e-01
2.566089999999999804e+02 1.406521718914991226e+01 1.394775380271761023e+01 1.174633864323020305e-01
2.575550000000000068e+02 1.530685600547986702e+01 1.505823405580204266e+01 2.486219496778234728e-01
2.585009999999999764e+02 1.461989894480799279e+01 1.435111567373325059e+01 2.687832710747422027e-01
2.594465000000000146e+02 1.379103472468467473e+01 1.364302081058104932e+01 1.480139141036245221e-01
2.607074999999999818e+02 1.332466226645557228e+01 1.331332867043398593e+01 1.133359602158634516e-02
2.616530000000000200e+02 1.482672188968705562e+01 1.467009035522825044e+01 1.566315344588051772e-01
2.625989999999999895e+02 1.585453850763364692e+01 1.559125871129232266e+01 2.632797963413233688e-01
2.635450000000000159e+02 1.551088575025293004e+01 1.514988581417558677e+01 3.609999360773432642e-01
2.644904999999999973e+02 1.625167988467153179e+01 1.583007719724847462e+01 4.216026874230545118e-01
2.654359999999999786e+02 1.648961976792968898e+01 1.603378203443014272e+01 4.558377334995462604e-01
2.663820000000000050e+02 1.606332875695743212e+01 1.563299397206781549e+01 4.303347848896175165e-01
2.676430000000000291e+02 1.691116928742911796e+01 1.645084987496208129e+01 4.603194124670366705e-01
2.685889999999999986e+02 1.609377427011411399e+01 1.565964848974489065e+01 4.341257803692233352e-01
2.695344999999999800e+02 1.590431686818034329e+01 1.550734661891761945e+01 3.969702492627229518e-01
2.704800000000000182e+02 1.630896029208385301e+01 1.587345402928319515e+01 4.355062628006578507e-01
2.714259999999999877e+02 1.192431531903575248e+01 1.222877624902547922e+01 -3.044609299897258481e-01
2.726870000000000118e+02 1.259385248927388901e+01 1.278122035059533523e+01 -1.873678613214453392e-01
2.736329999999999814e+02 1.418842087650134864e+01 1.420473692881444272e+01 -1.631605231309407600e-02
2.745784999999999627e+02 1.374690262389567508e+01 1.369692875247423203e+01 4.997387142144393835e-02
2.755240000000000009e+02 1.225747002125669560e+01 1.248884981643790759e+01 -2.313797951812119891e-01
2.764700000000000273e+02 1.219813548683041482e+01 1.239328657031098047e+01 -1.951510834805665340e-01
2.774159999999999968e+02 1.202200060453124486e+01 1.226776665873592620e+01 -2.457660542046813390e-01
2.783614999999999782e+02 1.329022627382912880e+01 1.335525265471299505e+01 -6.502638088386714088e-02
2.796225000000000023e+02 1.263400324371609607e+01 1.285082183556774638e+01 -2.168185918516511990e-01
2.805679999999999836e+02 1.381168074307431226e+01 1.381924359777995370e+01 -7.562854705641441910e-03
2.815140000000000100e+02 1.255722172352563959e+01 1.276323995065845907e+01 -2.060182271328203640e-01
2.824599999999999795e+02 1.390374674894463602e+01 1.394164418233411951e+01 -3.789743338948348139e-02
2.834054999999999609e+02 1.448566639385346377e+01 1.431207666148376845e+01 1.735897323696971029e-01
2.843509999999999991e+02 1.352158778636747449e+01 1.344230278104634912e+01 7.928500532112536803e-02
2.852970000000000255e+02 1.196438918920928884e+01 1.225505436350829314e+01 -2.906651742990034037e-01
2.865579999999999927e+02 1.422680126105826304e+01 1.433922515666590591e+01 -1.124238956076419882e-01
2.875040000000000191e+02 1.398390218412875363e+01 1.391159309171374048e+01 7.230909241501315421e-02
2.884490000000000123e+02 1.196412430371892199e+01 1.227520830594113654e+01 -3.110840022222154388e-01
2.893949999999999818e+02 1.370707712211620866e+01 1.385338089194231159e+01 -1.463037698261029362e-01
2.903405000000000200e+02 1.457931520316143548e+01 1.447868829041394534e+01 1.006269127474883618e-01
2.916014999999999873e+02 1.610527838907747977e+01 1.577985574299421678e+01 3.254226460832638779e-01
2.925470000000000255e+02 1.728400217145269124e+01 1.690126367271631480e+01 3.827384987363764424e-01
2.934929999999999950e+02 1.488403922451344386e+01 1.474160882625214164e+01 1.424303982613031039e-01
2.944390000000000214e+02 1.167692336768215355e+01 1.202015388631885351e+01 -3.432305186366999550e-01
2.953845000000000027e+02 1.354445245808937592e+01 1.368922996947123139e+01 -1.447775113818545734e-01
2.963299999999999841e+02 1.505717233755376583e+01 1.504037871995457465e+01 1.679361759919117958e-02
2.972760000000000105e+02 1.514305953102612534e+01 1.488301504296951450e+01 2.600444880566099570e-01
2.985369999999999777e+02 1.447242720489245826e+01 1.421697862849395122e+01 2.554485763985070435e-01
2.994830000000000041e+02 1.310225881545376225e+01 1.313680927058024572e+01 -3.455045512648347028e-02
3.004284999999999854e+02 1.386840855111964288e+01 1.377552403089681476e+01 9.288452022282722709e-02
3.013740000000000236e+02 1.506458030929488245e+01 1.481173244726202753e+01 2.528478620328549198e-01
3.023199999999999932e+02 1.557282102967829651e+01 1.521780002581292024e+01 3.550210038653753841e-01
3.035810000000000173e+02 1.436697895280863690e+01 1.414156081850702762e+01 2.254181343016092853e-01
3.045269999999999868e+02 1.516063638545994152e+01 1.485860390124726216e+01 3.020324842126793641e-01
3.054724999999999682e+02 1.509436279885301246e+01 1.479588884209069377e+01 2.984739567623195811e-01
3.064180000000000064e+02 1.267045640254742800e+01 1.284584186400685013e+01 -1.753854614594221317e-01
3.073639999999999759e+02 1.325959675598161880e+01 1.328012708791215957e+01 -2.053033193054165650e-02
3.083100000000000023e+02 1.325289022032659503e+01 1.320605619163298527e+01 4.683402869360975274e-02
3.092554999999999836e+02 1.316443884574936973e+01 1.320461767145459930e+01 -4.017882570522868235e-02
3.105165000000000077e+02 1.533705332480005623e+01 1.523416042348011956e+01 1.028929013199375575e-01
3.114619999999999891e+02 1.596572654833450855e+01 1.566513158121865423e+01 3.005949671158543168e-01
3.124080000000000155e+02 1.575562135048063261e+01 1.536394062297662089e+01 3.916807275040108394e-01
3.133539999999999850e+02 1.535293292219541428e+01 1.497099020251335943e+01 3.819427196820548431e-01
3.142994999999999663e+02 1.570292518833765527e+01 1.530459187842740931e+01 3.983333099102468466e-01
3.155604999999999905e+02 1.670280817032993070e+01 1.625365149510035678e+01 4.491566752295721443e-01
3.165059999999999718e+02 1.572093292219541283e+01 1.531453259812971091e+01 4.064003240657019234e-01
3.174519999999999982e+02 1.451620667438523782e+01 1.425472552099888190e+01 2.614811533863559134e-01
3.183980000000000246e+02 1.408567476441183963e+01 1.386754587493112645e+01 2.181288894807131840e-01
3.193435000000000059e+02 1.264250605601668020e+01 1.278015097380599840e+01 -1.376449177893173115e-01
3.202889999999999873e+02 1.330715946941379180e+01 1.333982929178995747e+01 -3.266982237616566920e-02
3.212345000000000255e+02 1.404327280949654977e+01 1.389713939750649985e+01 1.461334119900481454e-01
3.224954999999999927e+02 1.560277670043821985e+01 1.529628095138783195e+01 3.064957490503870119e-01
3.234409999999999741e+02 1.684791229011126390e+01 1.646955980284785426e+01 3.783524872634096425e-01
3.243870000000000005e+02 1.650530757768644463e+01 1.608375784377446038e+01 4.215497339119824716e-01
3.253330000000000268e+02 1.455250693222985348e+01 1.430336789068450898e+01 2.491390415453444973e-01
3.262785000000000082e+02 1.437547223361767834e+01 1.414575624420196931e+01 2.297159894157081439e-01
3.275394999999999754e+02 1.516442561006410727e+01 1.481821822334469374e+01 3.462073867194153109e-01
3.284850000000000136e+02 1.485744075167745493e+01 1.452465509400906640e+01 3.327856576683885237e-01
3.294309999999999832e+02 1.398699733599327999e+01 1.381282777905587622e+01 1.741695569374037689e-01
3.303770000000000095e+02 1.437806321014879174e+01 1.415275161425267392e+01 2.253115958961178222e-01
3.313224999999999909e+02 1.492029233544879041e+01 1.460049810270814064e+01 3.197942327406497753e-01
3.322679999999999723e+02 1.427524651844313297e+01 1.402624504303208752e+01 2.490014754110454476e-01
3.332139999999999986e+02 1.314004629836405158e+01 1.315725952807441956e+01 -1.721322971036620686e-02
3.344750000000000227e+02 1.340668976606031748e+01 1.335530274727363675e+01 5.138701878668250345e-02
3.354209999999999923e+02 1.287308105198111363e+01 1.298180280386205254e+01 -1.087217518809389105e-01
3.363664999999999736e+02 1.418105214067915654e+01 1.411187041528605590e+01 6.918172539310063485e-02
3.373120000000000118e+02 1.150889686819074598e+01 1.189166681525633429e+01 -3.827699470655883118e-01
3.382579999999999814e+02 1.131999339321053100e+01 1.152452354230894116e+01 -2.045301490984101633e-01
3.395190000000000055e+02 1.367445550486865358e+01 1.375267937386894523e+01 -7.822386900029076884e-02
3.404649999999999750e+02 1.412437355454055954e+01 1.400430018856282111e+01 1.200733659777384332e-01
3.414105000000000132e+02 1.184919796545880288e+01 1.211565923720487525e+01 -2.664612717460732583e-01
3.423559999999999945e+02 1.161604226738704426e+01 1.185750223037160112e+01 -2.414599629845568529e-01
3.433020000000000209e+02 1.393662232706271986e+01 1.408623231700143386e+01 -1.496099899387139942e-01
3.442479999999999905e+02 1.530637343952280638e+01 1.533970767260358414e+01 -3.333423308077776426e-02
3.451934999999999718e+02 1.521728214541061419e+01 1.496352970521620307e+01 2.537524401944111219e-01
3.464544999999999959e+02 1.608627844111907024e+01 1.569735271193265369e+01 3.889257291864165467e-01
3.473999999999999773e+02 1.625709125767123098e+01 1.581632225147282611e+01 4.407690061984048668e-01
3.483460000000000036e+02 1.612716289178004558e+01 1.568327628760338044e+01 4.438866041766660331e-01
3.492919999999999732e+02 1.501673822443694739e+01 1.468273243522271621e+01 3.340057892142311857e-01
3.502375000000000114e+02 1.528886841798809293e+01 1.493231027926038657e+01 3.565581387277063641e-01
3.514985000000000355e+02 1.541280716675157336e+01 1.503490993892337357e+01 3.778972278281980124e-01
3.524440000000000168e+02 1.424350915058684386e+01 1.403968184953095211e+01 2.038273010558917520e-01
3.533894999999999982e+02 1.538460281665804175e+01 1.507440610203086706e+01 3.101967146271755738e-01
3.543349999999999795e+02 1.584404686479697233e+01 1.544598988334948331e+01 3.980569814474890222e-01
3.552810000000000059e+02 1.475648041721340498e+01 1.445515458391603048e+01 3.013258332973753895e-01
3.562269999999999754e+02 1.403551339693099820e+01 1.384472987136481237e+01 1.907835255661858298e-01
3.571725000000000136e+02 1.421643155039371820e+01 1.399341647668780020e+01 2.230150737059171107e-01
3.584334999999999809e+02 1.483379758649396862e+01 1.452113703596698535e+01 3.126605505269832719e-01
3.593790000000000191e+02 1.545413649321210237e+01 1.507383378409403996e+01 3.803027091180624097e-01
3.603249999999999886e+02 1.567660854653689917e+01 1.526552463033113938e+01 4.110839162057589036e-01
3.612710000000000150e+02 1.583922996168856123e+01 1.540922090261661026e+01 4.300090590719509720e-01
3.622164999999999964e+02 1.363415299710461781e+01 1.357346552026465858e+01 6.068747683996100761e-02
3.634774999999999636e+02 1.315442814635965973e+01 1.318418289807965671e+01 -2.975475171999608648e-02
3.644230000000000018e+02 1.409709438904873657e+01 1.395470035383679530e+01 1.423940352119412722e-01
3.653690000000000282e+02 1.436969548742152725e+01 1.415117055690761205e+01 2.185249305139134179e-01
3.663149999999999977e+02 1.276464573693472992e+01 1.291086693138020003e+01 -1.462211944454701040e-01
3.672604999999999791e+02 1.458809486841111891e+01 1.458836997099703581e+01 -2.751025859160094456e-04
3.682060000000000173e+02 1.325291234176635591e+01 1.332382843443897613e+01 -7.091609267262022342e-02
3.691519999999999868e+02 1.363297108183056494e+01 1.369167894622873405e+01 -5.870786439816733093e-02
3.704130000000000109e+02 1.493645857882020778e+01 1.480428062440622483e+01 1.321779544139838336e-01
3.713589999999999804e+02 1.191355858162000558e+01 1.226156569099677540e+01 -3.480071093767698187e-01
3.723044999999999618e+02 1.333883639952391498e+01 1.349491136217219989e+01 -1.560749626482849095e-01
3.732500000000000000e+02 1.511797699200295497e+01 1.512129164073147614e+01 -3.314648728521163434e-03
3.741960000000000264e+02 1.599933277904550089e+01 1.581773920800310762e+01 1.815935710423941529e-01
3.754569999999999936e+02 1.188011582224508267e+01 1.218863324782583746e+01 -3.085174255807556776e-01
