           0    0.5000E+01           1    0.1000E+01
     0.0000E+00  7.0000E+00  0.0000E+00  1.0000E-05
   0.0000E+00   3.2112E-06   1.0227E-15
  -1.0000E+01  -3.5000E+01  -5.3000E+01   4.9000E+16
           1         0         1         1         1         1         1         0         0         0         0         0         0
   0.0000E+00   8.1065E-18   5.0457E-13   1.0072E-12   3.3242E-19   1.4632E-13
  7.7492E-17
   0.0000E+00   8.1065E-18   5.0457E-13   6.5610E-13   3.3242E-19   1.4632E-13
  7.7492E-17
   1.0000E+00   8.1065E-18   2.8195E-05   1.0059E-07   3.3242E-19   2.7993E-09
  7.3274E-17
