-5.000000000000000000e+01 -2.389021246111367250e-02
-4.900000000000000000e+01 -3.450120785841874482e-02
-4.800000000000000000e+01 -1.627818412662833392e-02
-4.700000000000000000e+01 -1.677146227134860635e-03
-4.600000000000000000e+01 5.497919255246717408e-03
-4.500000000000000000e+01 -1.661035629357572596e-02
-4.400000000000000000e+01 -2.223490913017163104e-02
-4.300000000000000000e+01 -6.998653011427576412e-03
-4.200000000000000000e+01 1.425918331795792381e-02
-4.100000000000000000e+01 1.964711530758234473e-02
-4.000000000000000000e+01 2.590621697377156959e-02
-3.900000000000000000e+01 2.715667067707400878e-02
-3.800000000000000000e+01 3.574100885461180960e-02
-3.700000000000000000e+01 4.570380476307783768e-02
-3.600000000000000000e+01 3.985124169566606200e-02
-3.500000000000000000e+01 3.386939088922049507e-02
-3.400000000000000000e+01 3.982317569819904951e-02
-3.300000000000000000e+01 4.538149506951422163e-02
-3.200000000000000000e+01 5.497392619128432800e-02
-3.100000000000000000e+01 6.092975033126116907e-02
-3.000000000000000000e+01 5.902248273145056789e-02
-2.900000000000000000e+01 5.536007921175224722e-02
-2.800000000000000000e+01 5.136902005809096394e-02
-2.700000000000000000e+01 5.234215381909575193e-02
-2.600000000000000000e+01 4.413658766170799885e-02
-2.500000000000000000e+01 1.273529087474635849e-02
-2.400000000000000000e+01 -1.685104331707606984e-02
-2.300000000000000000e+01 -2.440687956830927055e-02
-2.200000000000000000e+01 -2.536170117806781782e-02
-2.100000000000000000e+01 -1.945852366721169402e-02
-2.000000000000000000e+01 -7.026495711428242495e-03
-1.900000000000000000e+01 -2.356750262963677647e-03
-1.800000000000000000e+01 -1.508189901797417874e-02
-1.700000000000000000e+01 -4.530880209958051963e-02
-1.600000000000000000e+01 -5.951946272538700261e-02
-1.500000000000000000e+01 -3.629397495048057587e-02
-1.400000000000000000e+01 7.247454649790180392e-03
-1.300000000000000000e+01 3.647172204650449973e-02
-1.200000000000000000e+01 4.696528531585500432e-02
-1.100000000000000000e+01 5.182184413590038008e-02
-1.000000000000000000e+01 5.960652241470663915e-02
-9.000000000000000000e+00 6.077564479911748418e-02
-8.000000000000000000e+00 4.609382854681943337e-02
-7.000000000000000000e+00 3.291182489937376915e-02
-6.000000000000000000e+00 3.532312821439279049e-02
-5.000000000000000000e+00 5.633196007176280440e-02
-4.000000000000000000e+00 9.287766414235758272e-02
-3.000000000000000000e+00 1.458047435659907687e-01
-2.000000000000000000e+00 2.405498406325749794e-01
-1.000000000000000000e+00 5.591681059095346962e-01
0.000000000000000000e+00 9.408171120183912439e-01
1.000000000000000000e+00 7.601529120995581534e-01
2.000000000000000000e+00 4.559044112012076155e-01
3.000000000000000000e+00 2.594570311068427060e-01
4.000000000000000000e+00 1.558739445522931422e-01
5.000000000000000000e+00 9.882526947498120051e-02
6.000000000000000000e+00 5.960107073119605414e-02
7.000000000000000000e+00 3.782826341059851438e-02
8.000000000000000000e+00 4.112908686912169348e-02
9.000000000000000000e+00 5.728276988545934895e-02
1.000000000000000000e+01 6.184210849779708113e-02
1.100000000000000000e+01 5.123017493934355765e-02
1.200000000000000000e+01 4.903924831994953965e-02
1.300000000000000000e+01 4.816791360262721172e-02
1.400000000000000000e+01 3.601014430380795189e-02
1.500000000000000000e+01 -3.837939678037602040e-04
1.600000000000000000e+01 -3.845861356857811081e-02
1.700000000000000000e+01 -5.070294127616737506e-02
1.800000000000000000e+01 -3.612635985835707664e-02
1.900000000000000000e+01 -1.719846215424536071e-02
2.000000000000000000e+01 -1.133740770351174439e-02
2.100000000000000000e+01 -1.718709650169936848e-02
2.200000000000000000e+01 -2.582863304659453393e-02
2.300000000000000000e+01 -3.168571704035402087e-02
2.400000000000000000e+01 -3.468948031173707536e-02
2.500000000000000000e+01 -1.591221705400121950e-02
2.600000000000000000e+01 1.373130764912168164e-02
2.700000000000000000e+01 3.671220836427632750e-02
2.800000000000000000e+01 4.391042336958515813e-02
2.900000000000000000e+01 4.701244831589135309e-02
3.000000000000000000e+01 5.029460895192600089e-02
3.100000000000000000e+01 5.189752423067420239e-02
3.200000000000000000e+01 4.765343886389489941e-02
3.300000000000000000e+01 4.692500642337345956e-02
3.400000000000000000e+01 4.323265366882129979e-02
3.500000000000000000e+01 3.493639312843412753e-02
3.600000000000000000e+01 3.431766055491066586e-02
3.700000000000000000e+01 4.155164619793160624e-02
3.800000000000000000e+01 4.113597848280801245e-02
3.900000000000000000e+01 3.268645134084921522e-02
4.000000000000000000e+01 2.617044680790876418e-02
4.100000000000000000e+01 1.716493625333763429e-02
4.200000000000000000e+01 1.201899222040997590e-02
4.300000000000000000e+01 -4.209483959154259464e-03
4.400000000000000000e+01 -2.204537266092284481e-02
4.500000000000000000e+01 -2.926377838768786863e-02
4.600000000000000000e+01 -9.619865021949678199e-03
4.700000000000000000e+01 -4.468850217880421943e-03
4.800000000000000000e+01 -1.015044829505737552e-02
4.900000000000000000e+01 -3.684850813186923285e-02
5.000000000000000000e+01 -4.311581557986264579e-02
-5.000000000000000000e+01 -1.813030586348425219e-02
-4.900000000000000000e+01 -3.238163554777567094e-02
-4.800000000000000000e+01 -1.761014232758249115e-02
-4.700000000000000000e+01 -4.076142595664845186e-03
-4.600000000000000000e+01 9.520683150390082602e-03
-4.500000000000000000e+01 -1.251943140357717442e-02
-4.400000000000000000e+01 -2.113485512976277444e-02
-4.300000000000000000e+01 -1.195129138831848258e-02
-4.200000000000000000e+01 8.939961230436050191e-03
-4.100000000000000000e+01 1.610617550683426935e-02
-4.000000000000000000e+01 2.109464666647511630e-02
-3.900000000000000000e+01 2.250814578852112016e-02
-3.800000000000000000e+01 3.116959766491126521e-02
-3.700000000000000000e+01 4.633435078792419448e-02
-3.600000000000000000e+01 4.342931542313979709e-02
-3.500000000000000000e+01 3.897233753036045967e-02
-3.400000000000000000e+01 4.322373220243552056e-02
-3.300000000000000000e+01 4.577280716561898249e-02
-3.200000000000000000e+01 5.703386663088420849e-02
-3.100000000000000000e+01 6.021952768119114008e-02
-3.000000000000000000e+01 5.443645928460097427e-02
-2.900000000000000000e+01 4.507409247169393007e-02
-2.800000000000000000e+01 4.060426649525050724e-02
-2.700000000000000000e+01 4.284701245567759664e-02
-2.600000000000000000e+01 3.627616615304064818e-02
-2.500000000000000000e+01 7.981040118293116631e-03
-2.400000000000000000e+01 -2.078907996977491859e-02
-2.300000000000000000e+01 -2.722856846945161113e-02
-2.200000000000000000e+01 -2.621914012819861681e-02
-2.100000000000000000e+01 -2.113192616996384041e-02
-2.000000000000000000e+01 -8.091000348092049210e-03
-1.900000000000000000e+01 -4.106634773751810519e-03
-1.800000000000000000e+01 -1.338849104927989329e-02
-1.700000000000000000e+01 -4.032956314533401448e-02
-1.600000000000000000e+01 -5.754242825208869677e-02
-1.500000000000000000e+01 -3.938971413560838492e-02
-1.400000000000000000e+01 3.821843967897358297e-03
-1.300000000000000000e+01 3.260755740684926490e-02
-1.200000000000000000e+01 4.248585632342058438e-02
-1.100000000000000000e+01 4.461076016818905227e-02
-1.000000000000000000e+01 5.449326366870773514e-02
-9.000000000000000000e+00 5.819431990982947001e-02
-8.000000000000000000e+00 4.292828873658870170e-02
-7.000000000000000000e+00 2.756091956309971239e-02
-6.000000000000000000e+00 3.110499123405906924e-02
-5.000000000000000000e+00 5.281417336962623832e-02
-4.000000000000000000e+00 8.423687799894007122e-02
-3.000000000000000000e+00 1.287523217929524844e-01
-2.000000000000000000e+00 2.034179235982785661e-01
-1.000000000000000000e+00 4.969291538060663926e-01
0.000000000000000000e+00 9.206659577307060305e-01
1.000000000000000000e+00 7.818918239171063211e-01
2.000000000000000000e+00 4.668964206802792560e-01
3.000000000000000000e+00 2.652320483723953903e-01
4.000000000000000000e+00 1.567987978485474443e-01
5.000000000000000000e+00 9.946344129110701315e-02
6.000000000000000000e+00 5.809115133095033023e-02
7.000000000000000000e+00 3.300735034338200813e-02
8.000000000000000000e+00 3.250214356314227310e-02
9.000000000000000000e+00 5.017321773568789167e-02
1.000000000000000000e+01 6.152131599880975021e-02
1.100000000000000000e+01 5.433094883653834944e-02
1.200000000000000000e+01 5.110481517792209161e-02
1.300000000000000000e+01 4.997376510004540584e-02
1.400000000000000000e+01 3.964733692577155494e-02
1.500000000000000000e+01 2.875099977064068859e-03
1.600000000000000000e+01 -3.613896339993780127e-02
1.700000000000000000e+01 -5.149503740477010677e-02
1.800000000000000000e+01 -3.697519982546762507e-02
1.900000000000000000e+01 -1.271288738715579611e-02
2.000000000000000000e+01 -4.820643012492264491e-03
2.100000000000000000e+01 -1.111785375309161557e-02
2.200000000000000000e+01 -1.799648511512952700e-02
2.300000000000000000e+01 -2.633419957229383643e-02
2.400000000000000000e+01 -3.206210642753096196e-02
2.500000000000000000e+01 -1.465152232264100955e-02
2.600000000000000000e+01 1.490427528241638350e-02
2.700000000000000000e+01 3.579432715388403130e-02
2.800000000000000000e+01 4.074934551394994442e-02
2.900000000000000000e+01 4.519020856122285545e-02
3.000000000000000000e+01 5.010193276218612851e-02
3.100000000000000000e+01 5.366505466129829760e-02
3.200000000000000000e+01 4.862224283755739451e-02
3.300000000000000000e+01 4.967038424487178055e-02
3.400000000000000000e+01 4.466738128034936778e-02
3.500000000000000000e+01 3.215835803139129034e-02
3.600000000000000000e+01 3.415997222924888749e-02
3.700000000000000000e+01 4.311326365246193754e-02
3.800000000000000000e+01 4.179090715766467512e-02
3.900000000000000000e+01 3.029632331872699619e-02
4.000000000000000000e+01 2.209739969934953335e-02
4.100000000000000000e+01 1.477880501531031628e-02
4.200000000000000000e+01 9.840186380168926619e-03
4.300000000000000000e+01 -6.134329064826645785e-03
4.400000000000000000e+01 -2.129427390919359786e-02
4.500000000000000000e+01 -3.031977801983520154e-02
4.600000000000000000e+01 -8.915467634573886330e-03
4.700000000000000000e+01 -3.964732465359213404e-04
4.800000000000000000e+01 -7.309276549999270921e-03
4.900000000000000000e+01 -3.399388382935560754e-02
5.000000000000000000e+01 -4.138962690247063869e-02
-5.000000000000000000e+01 -3.944308299895150222e-02
-4.900000000000000000e+01 -3.782175053615052795e-02
-4.800000000000000000e+01 -1.299203297499735427e-03
-4.700000000000000000e+01 6.823234445060995940e-03
-4.600000000000000000e+01 6.171374632901003177e-04
-4.500000000000000000e+01 -2.807990779533271405e-02
-4.400000000000000000e+01 -2.008456064969879606e-02
-4.300000000000000000e+01 -2.951658921181001070e-03
-4.200000000000000000e+01 1.456279883231091643e-02
-4.100000000000000000e+01 1.231608099054254390e-02
-4.000000000000000000e+01 1.789644331930797042e-02
-3.900000000000000000e+01 2.227877070081554084e-02
-3.800000000000000000e+01 3.295311643129442136e-02
-3.700000000000000000e+01 4.306855296882971390e-02
-3.600000000000000000e+01 2.665733603988403727e-02
-3.500000000000000000e+01 1.944615985194429741e-02
-3.400000000000000000e+01 3.781656492419354504e-02
-3.300000000000000000e+01 4.620488090143951010e-02
-3.200000000000000000e+01 4.682125581235579287e-02
-3.100000000000000000e+01 5.233252171885403176e-02
-3.000000000000000000e+01 5.078198602691479102e-02
-2.900000000000000000e+01 4.799229121063482845e-02
-2.800000000000000000e+01 4.386934990528606332e-02
-2.700000000000000000e+01 4.397279317219960487e-02
-2.600000000000000000e+01 3.184410128677563762e-02
-2.500000000000000000e+01 -4.486781166818865595e-03
-2.400000000000000000e+01 -2.685108268384643962e-02
-2.300000000000000000e+01 -2.354101564920350539e-02
-2.200000000000000000e+01 -1.692001576763360257e-02
-2.100000000000000000e+01 -1.122156170360315286e-02
-2.000000000000000000e+01 5.203804591672651653e-04
-1.900000000000000000e+01 -2.148030036904234868e-03
-1.800000000000000000e+01 -2.632929260073101768e-02
-1.700000000000000000e+01 -5.523701496578871384e-02
-1.600000000000000000e+01 -5.131362954066084198e-02
-1.500000000000000000e+01 -1.446190485599254706e-02
-1.400000000000000000e+01 2.762033240946688145e-02
-1.300000000000000000e+01 4.273935165798642410e-02
-1.200000000000000000e+01 4.192080594760115575e-02
-1.100000000000000000e+01 4.467009322419194378e-02
-1.000000000000000000e+01 5.699651078554365119e-02
-9.000000000000000000e+00 5.170350435161369385e-02
-8.000000000000000000e+00 3.155866134882949481e-02
-7.000000000000000000e+00 2.276126870170436939e-02
-6.000000000000000000e+00 3.148795505876395701e-02
-5.000000000000000000e+00 6.163826572513853019e-02
-4.000000000000000000e+00 1.010407003798112630e-01
-3.000000000000000000e+00 1.525433109857736169e-01
-2.000000000000000000e+00 2.579168607906727195e-01
-1.000000000000000000e+00 6.306590252151573761e-01
0.000000000000000000e+00 9.780466543393898649e-01
1.000000000000000000e+00 5.435201482180413990e-01
2.000000000000000000e+00 2.154729820101778659e-01
3.000000000000000000e+00 1.341639689721306206e-01
4.000000000000000000e+00 9.397652343485260462e-02
5.000000000000000000e+00 6.032167434943437601e-02
6.000000000000000000e+00 3.089183080977704957e-02
7.000000000000000000e+00 2.493497593924334094e-02
8.000000000000000000e+00 3.755464495373993933e-02
9.000000000000000000e+00 5.471785073695388524e-02
1.000000000000000000e+01 4.898823065706477825e-02
1.100000000000000000e+01 3.338885114916580188e-02
1.200000000000000000e+01 3.820190967093071988e-02
1.300000000000000000e+01 3.768995567879607905e-02
1.400000000000000000e+01 2.109421136149310441e-02
1.500000000000000000e+01 -2.154925225628356866e-02
1.600000000000000000e+01 -5.275661176694172033e-02
1.700000000000000000e+01 -4.693474815682394108e-02
1.800000000000000000e+01 -2.379305111867147798e-02
1.900000000000000000e+01 -8.010505686347389742e-03
2.000000000000000000e+01 -6.042602646639884216e-03
2.100000000000000000e+01 -1.754779196666410995e-02
2.200000000000000000e+01 -2.526493612382585754e-02
2.300000000000000000e+01 -2.946519362701573511e-02
2.400000000000000000e+01 -3.035321435019939021e-02
2.500000000000000000e+01 -6.750131309142076014e-03
2.600000000000000000e+01 2.544844406800862366e-02
2.700000000000000000e+01 3.938427835682999090e-02
2.800000000000000000e+01 3.933266345935983177e-02
2.900000000000000000e+01 3.781786242436242090e-02
3.000000000000000000e+01 4.256426166927809035e-02
3.100000000000000000e+01 4.756455170970404212e-02
3.200000000000000000e+01 4.708073168460259750e-02
3.300000000000000000e+01 4.158634335242530899e-02
3.400000000000000000e+01 3.893753627119727473e-02
3.500000000000000000e+01 2.856921555992614215e-02
3.600000000000000000e+01 3.256187647300191196e-02
3.700000000000000000e+01 4.320233672959068044e-02
3.800000000000000000e+01 3.058748453881780099e-02
3.900000000000000000e+01 2.214900910240810705e-02
4.000000000000000000e+01 1.729444444997379690e-02
4.100000000000000000e+01 1.468939392086376916e-02
4.200000000000000000e+01 1.342306476499396418e-02
4.300000000000000000e+01 -6.872643211824003978e-03
4.400000000000000000e+01 -2.379501394446279644e-02
4.500000000000000000e+01 -2.399899264706132490e-02
4.600000000000000000e+01 8.261720103962907902e-03
4.700000000000000000e+01 1.696680959155035884e-03
4.800000000000000000e+01 -6.940382689090333554e-03
4.900000000000000000e+01 -3.905743911900533272e-02
5.000000000000000000e+01 -3.473580250769753991e-02
