5.000000000000000000e-01 3.018835423301279713e-02
2.500000000000000000e+00 1.793211779355933719e-02
4.000000000000000000e+00 9.963226419544175816e-02
5.500000000000000000e+00 6.577532321057079356e-02
7.000000000000000000e+00 2.890014355349470807e-02
8.500000000000000000e+00 9.992221342100401915e-02
1.050000000000000000e+01 2.245993454475285825e-02
1.200000000000000000e+01 3.244143079048849437e-02
1.350000000000000000e+01 1.681940617714701783e-02
1.500000000000000000e+01 1.414816121971318279e-02
1.650000000000000000e+01 2.175047213904204857e-02
1.800000000000000000e+01 1.148418024077519327e-02
1.950000000000000000e+01 1.565513396094266041e-02
2.150000000000000000e+01 3.140636914667577217e-02
2.300000000000000000e+01 2.355049283896010204e-02
2.450000000000000000e+01 4.395622023865350392e-02
2.600000000000000000e+01 5.427502097963167460e-02
2.750000000000000000e+01 4.519346429327940340e-02
2.950000000000000000e+01 3.052017801714519696e-02
3.100000000000000000e+01 2.077303725572562931e-02
3.250000000000000000e+01 2.953030686877783362e-02
3.400000000000000000e+01 5.093308710571954612e-02
3.550000000000000000e+01 3.824282574525772471e-02
3.700000000000000000e+01 1.671090614310707934e-02
3.850000000000000000e+01 2.600310670549968103e-02
4.050000000000000000e+01 4.678871941837510484e-02
4.200000000000000000e+01 1.908973941123505436e-02
4.350000000000000000e+01 7.959349373828373750e-03
4.500000000000000000e+01 4.527933083871694270e-02
4.650000000000000000e+01 9.485700785465533968e-02
4.850000000000000000e+01 9.259109656235598590e-03
5.000000000000000000e+01 1.782378767448089193e-02
5.150000000000000000e+01 9.996307470620358071e-03
5.300000000000000000e+01 3.155731173680023649e-02
5.450000000000000000e+01 1.863036349702538730e-01
5.600000000000000000e+01 4.337105635004414456e-02
5.750000000000000000e+01 6.093049331679777081e-02
5.950000000000000000e+01 9.313905715836864885e-02
6.100000000000000000e+01 4.165815197379615226e-02
6.250000000000000000e+01 6.388641028837539759e-02
6.400000000000000000e+01 3.692325673185323925e-02
6.550000000000000000e+01 1.294142456495325777e-02
6.750000000000000000e+01 3.963282783375361717e-02
6.900000000000000000e+01 3.962780342554395041e-02
7.050000000000000000e+01 1.942585792893232119e-02
7.200000000000000000e+01 2.695255866504099596e-02
7.350000000000000000e+01 1.868726628211852397e-02
7.500000000000000000e+01 3.706807217825759670e-02
7.650000000000000000e+01 1.767423157478132667e-01
7.850000000000000000e+01 1.357443386897974613e-02
8.000000000000000000e+01 2.091702907102851658e-02
8.150000000000000000e+01 8.616020376225348026e-03
8.300000000000000000e+01 7.373946799576516255e-03
8.450000000000000000e+01 1.489495861218117535e-02
8.650000000000000000e+01 3.786568859669528497e-02
8.800000000000000000e+01 1.830206106311055986e-02
8.950000000000000000e+01 1.476133959695243372e-02
9.100000000000000000e+01 2.112515966240852486e-02
9.250000000000000000e+01 6.778660766055066844e-02
9.400000000000000000e+01 3.158420864903738190e-01
9.550000000000000000e+01 4.001404389983724552e-02
9.750000000000000000e+01 6.755228266842436269e-02
9.900000000000000000e+01 6.490826491318409108e-02
1.005000000000000000e+02 2.910584089417610557e-02
1.020000000000000000e+02 2.680402411565465867e-02
1.035000000000000000e+02 2.158994820722569610e-02
1.055000000000000000e+02 4.061658301984749642e-02
1.070000000000000000e+02 5.592422830409001649e-02
1.085000000000000000e+02 4.370985537459833037e-02
1.100000000000000000e+02 1.348962882591653312e-02
1.115000000000000000e+02 2.409579896831496454e-02
1.130000000000000000e+02 4.353113592296379425e-02
1.145000000000000000e+02 6.131724335779793755e-02
1.165000000000000000e+02 1.328681364850785029e-01
1.180000000000000000e+02 1.990856695221138450e-01
1.195000000000000000e+02 8.748676752364759057e-02
1.210000000000000000e+02 2.447372073067254766e-02
1.225000000000000000e+02 2.115992348474920667e-02
1.245000000000000000e+02 2.897470023637913755e-02
1.260000000000000000e+02 1.947780438889248067e-01
1.275000000000000000e+02 1.006764278108846222e-01
1.290000000000000000e+02 4.597269885308722520e-02
1.305000000000000000e+02 6.730981585812982892e-01
1.320000000000000000e+02 2.596151306398065683e-01
1.335000000000000000e+02 3.205172482662591721e-02
1.355000000000000000e+02 1.150640944647852160e-01
1.370000000000000000e+02 4.801312792523802497e-01
1.385000000000000000e+02 2.930068053250417526e-01
1.400000000000000000e+02 2.405470304988095373e-02
1.415000000000000000e+02 2.374706090878859477e-01
1.435000000000000000e+02 2.116157928654640585e-01
1.450000000000000000e+02 4.701105526734306039e-02
1.465000000000000000e+02 1.884914719555784435e-02
1.480000000000000000e+02 7.816278045883297276e-02
1.495000000000000000e+02 5.211501603997897164e-02
1.510000000000000000e+02 1.499339560060561349e-02
1.525000000000000000e+02 2.326682298482017630e-01
1.545000000000000000e+02 1.487327485649238973e-02
1.560000000000000000e+02 3.835305824568593230e-02
1.575000000000000000e+02 2.073506663881514722e-01
1.590000000000000000e+02 1.807049295156391844e-01
1.605000000000000000e+02 1.858991561725608366e-01
1.620000000000000000e+02 2.520577179639107296e-02
1.635000000000000000e+02 1.615603650014509063e-02
1.655000000000000000e+02 1.391023198379234480e-02
1.670000000000000000e+02 8.105876824647370929e-03
1.685000000000000000e+02 1.170255052292844961e-02
1.700000000000000000e+02 2.648500138606700929e-02
1.715000000000000000e+02 9.580706662766532225e-03
1.735000000000000000e+02 3.296206062826156913e-02
1.750000000000000000e+02 5.154659707832390247e-02
1.765000000000000000e+02 3.651121798389263262e-02
1.780000000000000000e+02 4.450409766495372343e-02
1.795000000000000000e+02 2.380253695072997444e-01
1.810000000000000000e+02 6.940647689943374443e-02
1.825000000000000000e+02 3.231075892957768758e-02
1.845000000000000000e+02 4.354617851848813226e-02
1.860000000000000000e+02 1.021574397059131778e-01
1.875000000000000000e+02 3.872528729955913851e-02
1.890000000000000000e+02 1.283807770472475580e-02
1.905000000000000000e+02 3.038998958967635555e-02
1.925000000000000000e+02 1.188047329006712283e-01
1.940000000000000000e+02 2.565665297034868189e-02
1.955000000000000000e+02 2.416547209537096841e-02
1.970000000000000000e+02 1.588546748597778960e-02
1.985000000000000000e+02 2.524907747365491562e-02
2.000000000000000000e+02 2.017437085611924197e-02
2.015000000000000000e+02 1.457654003805226688e-02
2.035000000000000000e+02 2.923218396856979567e-02
2.050000000000000000e+02 1.757518883685962527e-02
2.065000000000000000e+02 2.956360997203096377e-02
2.080000000000000000e+02 4.898916080940639295e-02
2.095000000000000000e+02 1.526990139460771279e-01
2.115000000000000000e+02 2.534741060446885769e-02
2.130000000000000000e+02 2.727721331426506690e-02
2.145000000000000000e+02 5.455066055624542554e-02
2.160000000000000000e+02 2.144371368886461085e-02
2.175000000000000000e+02 2.242401156860324499e-02
2.190000000000000000e+02 2.590001406947933099e-02
2.205000000000000000e+02 6.527602631348233819e-02
2.225000000000000000e+02 3.035404523778956754e-01
2.240000000000000000e+02 3.641078145974967484e-01
2.255000000000000000e+02 1.508472548711766587e-02
2.270000000000000000e+02 6.045051428653461928e-02
2.285000000000000000e+02 1.558768320366129556e-01
2.305000000000000000e+02 7.859509695981986566e-02
2.320000000000000000e+02 3.874360247280019681e-02
2.335000000000000000e+02 2.407633747914696143e-02
2.350000000000000000e+02 9.229963848404534876e-03
2.365000000000000000e+02 5.271062313322009973e-02
2.380000000000000000e+02 2.789972997408265293e-02
2.395000000000000000e+02 1.883478041892924781e-02
2.415000000000000000e+02 2.472728099959929648e-02
2.430000000000000000e+02 2.901349182123399983e-02
2.445000000000000000e+02 2.523508144681172599e-02
2.460000000000000000e+02 1.474891252999270819e-01
2.475000000000000000e+02 1.887311016633846233e-02
2.495000000000000000e+02 3.390439501755813934e-02
2.510000000000000000e+02 1.115424039179506999e-01
2.525000000000000000e+02 1.167695157377375836e-01
2.540000000000000000e+02 1.306471679722015847e-02
2.555000000000000000e+02 2.534253392172380881e-02
2.570000000000000000e+02 5.940185399703674235e-02
2.585000000000000000e+02 1.199592108384310574e-02
2.605000000000000000e+02 2.358104471079081055e-02
2.620000000000000000e+02 1.475366778406605149e-02
2.635000000000000000e+02 1.925918779950008472e-02
2.650000000000000000e+02 7.159785310819617721e-02
2.665000000000000000e+02 1.223835907403676287e-01
2.685000000000000000e+02 5.730956665415325169e-02
2.700000000000000000e+02 2.431868010882617392e-01
2.715000000000000000e+02 5.725374867596712269e-02
2.730000000000000000e+02 1.430539980820065733e-02
2.745000000000000000e+02 2.170155818280081195e-02
2.760000000000000000e+02 3.515604405282981432e-02
2.775000000000000000e+02 2.106568957085293986e-02
2.795000000000000000e+02 1.504716373539308552e-02
2.810000000000000000e+02 1.133861476036931298e-01
2.825000000000000000e+02 3.421733478883554058e-02
2.840000000000000000e+02 1.810506131721812545e-02
2.855000000000000000e+02 1.609899953027287001e-02
2.875000000000000000e+02 5.303514634577854298e-02
2.890000000000000000e+02 4.537326169379413826e-02
2.905000000000000000e+02 7.529452207091867633e-02
2.920000000000000000e+02 2.412403778354204886e-01
2.935000000000000000e+02 4.021618315269328559e-01
2.950000000000000000e+02 4.987581438228866904e-01
2.965000000000000000e+02 2.753075527019285262e-01
2.985000000000000000e+02 1.939606952269824769e-02
3.000000000000000000e+02 3.728206849429565456e-02
3.015000000000000000e+02 3.726368097110539790e-02
3.030000000000000000e+02 1.081682989337933234e-02
3.045000000000000000e+02 1.944760622636300118e-01
3.060000000000000000e+02 5.735879248421340421e-02
3.075000000000000000e+02 1.374315318522182847e-02
3.095000000000000000e+02 2.657366708751180903e-02
3.110000000000000000e+02 4.221822790511332163e-02
3.125000000000000000e+02 1.462312390343487589e-01
3.140000000000000000e+02 5.054753713597984199e-02
3.155000000000000000e+02 3.907085576374523528e-02
3.175000000000000000e+02 1.201351280495236568e-01
3.190000000000000000e+02 3.940941607322856477e-02
3.205000000000000000e+02 4.281602756809051169e-02
3.220000000000000000e+02 2.119336901264005577e-02
3.235000000000000000e+02 1.591589992555365041e-01
3.250000000000000000e+02 5.189195108067298084e-02
3.265000000000000000e+02 4.313378933048326452e-02
3.285000000000000000e+02 7.613413077972175369e-02
3.300000000000000000e+02 5.199840233210628604e-01
3.315000000000000000e+02 1.133171147317721117e-01
3.330000000000000000e+02 2.484162491152193120e-01
3.350000000000000000e+02 2.934989531102020210e-01
3.365000000000000000e+02 3.404587100150531509e-02
3.380000000000000000e+02 2.670238171964079976e-01
3.395000000000000000e+02 4.332585632904313588e-02
3.410000000000000000e+02 2.814880743096060400e-01
3.425000000000000000e+02 4.201887922525494867e-02
3.440000000000000000e+02 5.476461009618940196e-02
3.455000000000000000e+02 5.535134603700208461e-02
3.475000000000000000e+02 2.693935445403498052e-01
3.490000000000000000e+02 7.239357102423038537e-02
3.505000000000000000e+02 3.129520561614498875e-02
3.520000000000000000e+02 6.024208575746259342e-02
3.535000000000000000e+02 3.464391205372304161e-01
3.555000000000000000e+02 3.304520174054016712e-02
3.570000000000000000e+02 5.024582714960764557e-02
3.585000000000000000e+02 3.147758449116362656e-02
3.600000000000000000e+02 2.592387985291353183e-02
3.615000000000000000e+02 2.137931311059991790e-01
3.630000000000000000e+02 2.666121886035150990e-01
3.645000000000000000e+02 5.536365148402684622e-02
3.665000000000000000e+02 6.646737206096281492e-02
3.680000000000000000e+02 2.171900873599117432e-01
3.695000000000000000e+02 4.151937453682374990e-01
3.710000000000000000e+02 2.058638070763882388e-01
3.725000000000000000e+02 3.337137984782440614e-01
3.745000000000000000e+02 4.721897637657372637e-02
3.760000000000000000e+02 4.885398559319366341e-02
3.775000000000000000e+02 3.877269746467899569e-01
3.790000000000000000e+02 2.297735319360636255e-02
3.805000000000000000e+02 2.472064512542428844e-02
3.820000000000000000e+02 1.596651009818293165e-01
3.835000000000000000e+02 9.267675783911917542e-02
3.855000000000000000e+02 1.436903398392184172e-01
3.870000000000000000e+02 1.717908387157588562e-02
3.885000000000000000e+02 1.750542955292571853e-02
3.900000000000000000e+02 3.382205566696539628e-02
3.915000000000000000e+02 2.995686373518211335e-02
3.935000000000000000e+02 3.835394576824157492e-02
3.950000000000000000e+02 3.517223773787033630e-02
3.965000000000000000e+02 2.014956196646630615e-02
3.980000000000000000e+02 1.563507612128391469e-02
3.995000000000000000e+02 3.480368468250979314e-02
4.010000000000000000e+02 1.205035940371797405e-02
4.025000000000000000e+02 2.034352721845715528e-02
4.045000000000000000e+02 3.141175604328394488e-02
4.060000000000000000e+02 6.606934480075961347e-02
4.075000000000000000e+02 1.617294506231671536e-02
4.090000000000000000e+02 2.359391443044048936e-02
4.105000000000000000e+02 4.541179708915440982e-02
4.125000000000000000e+02 7.349990048955988564e-02
4.140000000000000000e+02 3.308262788556978751e-02
4.155000000000000000e+02 8.170703208934638334e-03
4.170000000000000000e+02 1.954339455775394238e-02
4.185000000000000000e+02 1.576849166100532940e-02
4.200000000000000000e+02 1.122793784950934168e-02
4.215000000000000000e+02 1.730526962316842471e-02
4.235000000000000000e+02 9.424616331169304029e-03
4.250000000000000000e+02 1.304667968639895009e-02
4.265000000000000000e+02 2.068482912371799598e-02
4.280000000000000000e+02 7.426770437146975809e-03
4.295000000000000000e+02 1.179091767300742277e-01
4.315000000000000000e+02 2.179809396818180589e-01
4.330000000000000000e+02 2.401596267885697245e-02
4.345000000000000000e+02 2.911060475511645720e-02
4.360000000000000000e+02 1.230297099123842663e-01
4.375000000000000000e+02 1.156592230328697124e-01
4.390000000000000000e+02 2.127159227362983296e-01
4.405000000000000000e+02 6.606194159116132725e-02
4.425000000000000000e+02 1.303276019707404199e-01
4.440000000000000000e+02 2.553289151533889856e-02
4.455000000000000000e+02 1.048896396149411048e-01
4.470000000000000000e+02 4.484355146389660401e-02
4.485000000000000000e+02 2.464531217187682782e-02
4.500000000000000000e+02 4.367169015041559577e-02
4.515000000000000000e+02 1.833650431944631176e-01
4.535000000000000000e+02 3.873174103645252858e-02
4.550000000000000000e+02 1.554533194060785453e-02
4.565000000000000000e+02 1.939095556371899787e-01
4.580000000000000000e+02 5.613064076752015408e-02
4.595000000000000000e+02 2.204590624950467787e-02
4.615000000000000000e+02 1.675255864608037742e-02
4.630000000000000000e+02 5.002648624210057071e-03
4.645000000000000000e+02 1.362748985405813282e-02
4.660000000000000000e+02 1.699221521517687572e-01
4.675000000000000000e+02 1.250443900340807990e-01
4.690000000000000000e+02 1.305268928808646194e-02
4.705000000000000000e+02 2.078384804426684079e-02
4.725000000000000000e+02 2.788752995794244877e-02
4.740000000000000000e+02 6.843842399195380899e-02
4.755000000000000000e+02 6.082603275398081044e-02
4.770000000000000000e+02 2.180218397185945678e-02
4.785000000000000000e+02 1.525768108534096210e-02
4.805000000000000000e+02 3.670839710165519493e-02
4.820000000000000000e+02 2.800270595010635397e-02
4.835000000000000000e+02 1.552870386398527702e-02
4.850000000000000000e+02 6.151768727098680389e-02
4.865000000000000000e+02 8.300418576720983155e-02
4.880000000000000000e+02 5.468900223137942301e-02
4.895000000000000000e+02 8.563396286512792166e-02
4.915000000000000000e+02 1.733729860522202973e-02
4.930000000000000000e+02 1.056087737624035808e-02
4.945000000000000000e+02 1.747601242607033437e-02
4.960000000000000000e+02 2.253720214145981532e-02
4.975000000000000000e+02 2.071447352759622426e-02
4.995000000000000000e+02 9.421828785701266348e-03
5.010000000000000000e+02 1.338751591108699839e-02
5.025000000000000000e+02 3.435951980866967098e-02
5.040000000000000000e+02 3.531831697919569912e-02
5.055000000000000000e+02 8.983589835671980384e-02
5.070000000000000000e+02 8.332973486343167591e-02
5.085000000000000000e+02 4.071093377930570800e-02
5.105000000000000000e+02 1.868754663073396785e-02
5.120000000000000000e+02 7.459333079257135860e-03
5.135000000000000000e+02 8.972116394314314305e-03
5.150000000000000000e+02 2.538048985963780452e-02
5.165000000000000000e+02 4.091850567172400366e-02
5.185000000000000000e+02 2.214076999015270053e-02
5.200000000000000000e+02 2.314195261511253418e-02
5.215000000000000000e+02 4.390173872900724611e-02
5.230000000000000000e+02 3.991167918200921177e-02
5.245000000000000000e+02 2.393873200492155698e-02
5.260000000000000000e+02 2.836612419312516120e-02
5.275000000000000000e+02 7.055937917702603812e-02
5.295000000000000000e+02 5.323263669830151368e-02
5.310000000000000000e+02 9.514807363517584216e-02
5.325000000000000000e+02 3.705648103374896418e-02
5.340000000000000000e+02 5.470159628939715718e-02
5.355000000000000000e+02 5.902924725675399165e-01
5.375000000000000000e+02 9.798907301545092818e-02
5.390000000000000000e+02 2.297206307158353514e-02
5.405000000000000000e+02 1.189078360359225595e-01
5.420000000000000000e+02 4.053591680991469604e-01
5.435000000000000000e+02 9.128558320175515772e-02
5.450000000000000000e+02 7.636599241361576550e-03
5.465000000000000000e+02 1.993778700563902592e-02
5.485000000000000000e+02 1.610566265753194878e-02
5.500000000000000000e+02 1.327700136790080365e-02
5.515000000000000000e+02 1.439141409863344684e-02
5.530000000000000000e+02 2.214623989405673996e-02
5.545000000000000000e+02 2.656046771041833260e-02
5.565000000000000000e+02 1.684630084682864348e-02
5.580000000000000000e+02 3.743691039890449657e-02
5.595000000000000000e+02 2.638249227625395765e-02
5.610000000000000000e+02 1.350205895662239322e-02
5.625000000000000000e+02 2.723079876074994965e-02
5.640000000000000000e+02 4.461696245809643191e-02
5.655000000000000000e+02 4.121965187456123891e-02
5.675000000000000000e+02 2.975979286918766648e-02
5.690000000000000000e+02 1.972422736114853511e-02
5.705000000000000000e+02 1.864550985464392616e-02
5.720000000000000000e+02 1.650061001320227844e-02
5.735000000000000000e+02 4.122663569015674184e-02
5.755000000000000000e+02 8.417135735617661818e-02
5.770000000000000000e+02 4.538371047630818111e-02
5.785000000000000000e+02 2.506800378058432477e-02
5.800000000000000000e+02 7.469645650780071255e-02
5.815000000000000000e+02 4.859989502492955554e-02
5.830000000000000000e+02 1.896705921211146520e-02
5.845000000000000000e+02 7.952714445096938090e-02
5.865000000000000000e+02 1.232296449779365574e-02
5.880000000000000000e+02 6.103795855585308211e-02
5.895000000000000000e+02 1.302796611082240319e-01
5.910000000000000000e+02 1.514258429669394605e-02
5.925000000000000000e+02 8.027231546672432272e-03
5.945000000000000000e+02 1.212659217744936901e-01
