9.455000000000000071e-01 1.229120691034233040e-11
2.206500000000000128e+00 1.043020844940056313e-10
3.152000000000000135e+00 5.072698270290742420e-10
4.097999999999999865e+00 3.179026860226008701e-10
5.043999999999999595e+00 5.517884132594630837e-10
5.989499999999999602e+00 4.205458170631699934e-10
7.250499999999999723e+00 2.474659728112270910e-10
8.195999999999999730e+00 1.824670550375654549e-10
9.141999999999999460e+00 1.048150909278791527e-10
1.008799999999999919e+01 9.044702252546650513e-11
1.103350000000000009e+01 8.676153890976610716e-11
1.197899999999999920e+01 5.553539997744558635e-11
1.292500000000000071e+01 8.535246663120110102e-11
1.418599999999999994e+01 1.473260284943960856e-10
1.513199999999999967e+01 1.565086029864657087e-10
1.607750000000000057e+01 2.717547061909302759e-10
1.702299999999999969e+01 3.299187810440508028e-10
1.796900000000000119e+01 3.246953534382624414e-10
1.923000000000000043e+01 2.109936693452423156e-10
2.017599999999999838e+01 1.552901817416940121e-10
2.112150000000000105e+01 1.893273715103425673e-10
2.206700000000000017e+01 2.972107118429877276e-10
2.301299999999999812e+01 2.187236305219209395e-10
2.395899999999999963e+01 1.496630500857715659e-10
2.490449999999999875e+01 1.650982587275661140e-10
2.616550000000000153e+01 2.415555942597583582e-10
2.711100000000000065e+01 1.176686773876530998e-10
2.805700000000000216e+01 9.425503743202833389e-11
2.900300000000000011e+01 4.628500459952194103e-10
2.994849999999999923e+01 2.794097910739595725e-10
3.120949999999999847e+01 1.521895213302833907e-10
3.215500000000000114e+01 8.512182402419982028e-11
3.310049999999999670e+01 6.055945896545317649e-11
3.404599999999999937e+01 4.680418042901444577e-10
3.499200000000000443e+01 5.517676011577815509e-10
3.593800000000000239e+01 4.297779823207504231e-10
3.688349999999999795e+01 5.698576059386683427e-10
3.814450000000000074e+01 4.952140479539905073e-10
3.909000000000000341e+01 4.287669929289766430e-10
4.003600000000000136e+01 4.147646902747494143e-10
4.098199999999999932e+01 2.412567859953337660e-10
4.192750000000000199e+01 1.347428152937467453e-10
4.318849999999999767e+01 2.139373443926863196e-10
4.413400000000000034e+01 2.000011330742712634e-10
4.507999999999999829e+01 1.577836856595026477e-10
4.602600000000000335e+01 1.408107679765699866e-10
4.697149999999999892e+01 1.200544712940245711e-10
4.791700000000000159e+01 5.730165610170629535e-10
4.886299999999999955e+01 3.748957565745875434e-10
5.012399999999999523e+01 2.384905341677088851e-10
5.107000000000000028e+01 1.149681701230776849e-10
5.201550000000000296e+01 5.256644344603962028e-11
5.296099999999999852e+01 3.678081894588563976e-11
5.390699999999999648e+01 5.536962855770900563e-11
5.516799999999999926e+01 1.612413944581858044e-10
5.611399999999999721e+01 1.139215683804603330e-10
5.705949999999999989e+01 1.077744911317289594e-10
5.800500000000000256e+01 8.612950819791362873e-11
5.895100000000000051e+01 4.328656539497288339e-10
5.989699999999999847e+01 4.840226182083291064e-10
6.084250000000000114e+01 4.086937369985593018e-10
6.210349999999999682e+01 4.831587068032307140e-10
6.304899999999999949e+01 3.523859694870255434e-10
6.399500000000000455e+01 2.610337795690424811e-10
6.493999999999999773e+01 1.555491517088097514e-10
6.588599999999999568e+01 1.617845801199750161e-10
6.714699999999999136e+01 2.545188918310048009e-10
6.809300000000000352e+01 3.748491557564755015e-10
6.903849999999999909e+01 2.431544213097934289e-10
6.998399999999999466e+01 1.463985913909940074e-10
7.093000000000000682e+01 1.592378576932628709e-10
7.187600000000000477e+01 2.637488143372522317e-10
7.282150000000000034e+01 4.446588734716939618e-10
7.408249999999999602e+01 7.972372201147742592e-10
7.502800000000000580e+01 7.608043944327125401e-10
7.597400000000000375e+01 4.560289363149970277e-10
7.692000000000000171e+01 3.098986668059929785e-10
7.786549999999999727e+01 1.286224658457778934e-10
7.912649999999999295e+01 3.076763273549508751e-10
8.007200000000000273e+01 6.960380945726747733e-10
8.101800000000000068e+01 4.684955019013479448e-10
8.196399999999999864e+01 1.014432602061406447e-09
8.290949999999999420e+01 5.175853454739730571e-10
8.385500000000000398e+01 3.743155032685420677e-10
8.480100000000000193e+01 3.722504711332180591e-10
8.606199999999999761e+01 7.847220396202067882e-10
8.700799999999999557e+01 6.314085570401123220e-10
8.795350000000000534e+01 3.733037379826916259e-10
8.889900000000000091e+01 6.610650387000029535e-10
8.984499999999999886e+01 8.196850795593221060e-10
9.110599999999999454e+01 6.281190629904608305e-10
9.205200000000000671e+01 2.982170577292283460e-10
9.299750000000000227e+01 3.109363642535949214e-10
9.394299999999999784e+01 4.879736374583158282e-10
9.488899999999999579e+01 2.720626954803790405e-10
9.583499999999999375e+01 5.734867512478490513e-10
9.678000000000000114e+01 4.734053921758895651e-10
9.804099999999999682e+01 2.938235764091614481e-10
9.898699999999999477e+01 5.969206807138966478e-10
9.993250000000000455e+01 7.752964078442072993e-10
1.008780000000000001e+02 8.971548502067813433e-10
1.018239999999999981e+02 5.384302026861127357e-10
1.027699999999999960e+02 3.017309828632222802e-10
1.037155000000000058e+02 1.694506641559913637e-10
1.049765000000000015e+02 7.192358079265755192e-11
1.059219999999999970e+02 3.696873305531195990e-11
1.068679999999999950e+02 5.302304659854059085e-11
1.078139999999999930e+02 6.819103152782946111e-11
1.087595000000000027e+02 6.164936490471450960e-11
1.100204999999999984e+02 1.759969050566402908e-10
1.109659999999999940e+02 2.906524705990144891e-10
1.119120000000000061e+02 2.666660126170247992e-10
1.128580000000000041e+02 6.296280307267904981e-10
1.138034999999999997e+02 6.541998655187092390e-10
1.147489999999999952e+02 4.842553698989060111e-10
1.156949999999999932e+02 3.026392640994438501e-10
1.169560000000000031e+02 3.736851551076105163e-10
1.179020000000000010e+02 4.794916011208127303e-10
1.188474999999999966e+02 2.704443316527739728e-10
1.197930000000000064e+02 1.378520595601357178e-10
1.207390000000000043e+02 3.237980242119464777e-10
1.220000000000000000e+02 4.639225562518296457e-10
1.229459999999999980e+02 3.226954334400228899e-10
1.238914999999999935e+02 1.792104857956069311e-10
1.248370000000000033e+02 1.254999311694435009e-10
1.257830000000000013e+02 1.249727079008039018e-10
1.267289999999999992e+02 9.476814089734765409e-11
1.276744999999999948e+02 9.574090848991981042e-11
1.289350000000000023e+02 1.313098966381681380e-10
1.298810000000000002e+02 1.278383654337847587e-10
1.308265000000000100e+02 1.770939225668295811e-10
1.317719999999999914e+02 5.015201025087660803e-10
1.327179999999999893e+02 5.763796757563010866e-10
1.339789999999999850e+02 2.943459530017851656e-10
1.349250000000000114e+02 3.006219837109221408e-10
1.358704999999999927e+02 2.920056287219106009e-10
1.368160000000000025e+02 1.985232850366852076e-10
1.377620000000000005e+02 1.503419067664455704e-10
1.387079999999999984e+02 1.845822802057302827e-10
1.396535000000000082e+02 4.663207802058335134e-10
1.409144999999999754e+02 8.142862412106082826e-10
1.418600000000000136e+02 3.206414697764547748e-10
1.428060000000000116e+02 3.388545650152064652e-10
1.437520000000000095e+02 5.862342607670551332e-10
1.446974999999999909e+02 7.376815856818520192e-10
1.459585000000000150e+02 5.076863817127723105e-10
1.469039999999999964e+02 3.531874794836397823e-10
1.478499999999999943e+02 1.616263775279718955e-10
1.487959999999999923e+02 1.384872357843562749e-10
1.497414999999999736e+02 2.680961344490712764e-10
1.506870000000000118e+02 2.116302627453210934e-10
1.516330000000000098e+02 1.380461323854743023e-10
1.528940000000000055e+02 1.369470406713875290e-10
1.538400000000000034e+02 1.194285441071734826e-10
1.547855000000000132e+02 2.863360142241597968e-10
1.557309999999999945e+02 3.865443685772390773e-10
1.566769999999999925e+02 2.221654357181370130e-10
1.579379999999999882e+02 3.058444015458350327e-10
1.588839999999999861e+02 7.145049156617355348e-10
1.598290000000000077e+02 4.402802127518044481e-10
1.607750000000000057e+02 2.441387050422830610e-10
1.617205000000000155e+02 2.479541453693277319e-10
1.626659999999999968e+02 2.091549707201150935e-10
1.636119999999999948e+02 1.302577854667973861e-10
1.648729999999999905e+02 1.094279548276099309e-10
1.658189999999999884e+02 8.117959044188390950e-11
1.667644999999999982e+02 1.357792692644359222e-10
1.677100000000000080e+02 5.183438385918189280e-10
1.686560000000000059e+02 5.307378332122843789e-10
1.699170000000000016e+02 6.742147338722657842e-10
1.708629999999999995e+02 6.394331193098267344e-10
1.718084999999999809e+02 3.630660948903298555e-10
1.727539999999999907e+02 1.993059637490608843e-10
1.736999999999999886e+02 1.615769163556444717e-10
1.746459999999999866e+02 1.784439548777063564e-10
1.755914999999999964e+02 1.053247633920300320e-10
1.768525000000000205e+02 1.778420952837189734e-10
1.777980000000000018e+02 3.959503282565549223e-10
1.787439999999999998e+02 2.651725599292751835e-10
1.796899999999999977e+02 1.393864252638832240e-10
1.806354999999999791e+02 1.281738682908818803e-10
1.818965000000000032e+02 2.934414771216853150e-10
1.828420000000000130e+02 3.449631446210317679e-10
1.837880000000000109e+02 6.356901491772069087e-10
1.847340000000000089e+02 8.933936928520972980e-10
1.856795000000000186e+02 7.147265341589173183e-10
1.866250000000000000e+02 5.348923898334458368e-10
1.875709999999999980e+02 4.215002406362082626e-10
1.888319999999999936e+02 2.927027876023091018e-10
1.897779999999999916e+02 2.945305731886483656e-10
1.907235000000000014e+02 1.961323391149303469e-10
1.916690000000000111e+02 2.327567028007571829e-10
1.926145000000000209e+02 5.989107707145166177e-10
1.935600000000000023e+02 3.497290972503702840e-10
1.945060000000000002e+02 2.154559299024486399e-10
1.957669999999999959e+02 1.778176667436406404e-10
1.967129999999999939e+02 4.045451993966137578e-10
1.976585000000000036e+02 6.170728760719937171e-10
1.986040000000000134e+02 4.181202271550485513e-10
1.995500000000000114e+02 4.663044256227397156e-10
2.008110000000000070e+02 5.645643097423421637e-10
2.017570000000000050e+02 4.465499719627532285e-10
2.027024999999999864e+02 2.980755693028876273e-10
2.036479999999999961e+02 3.296319132449300301e-10
2.045939999999999941e+02 6.195884771445232866e-10
2.055399999999999920e+02 4.707593269915517111e-10
2.064855000000000018e+02 3.873264587801202969e-10
2.077465000000000259e+02 6.912131885142668612e-10
2.086920000000000073e+02 5.306475475671343990e-10
2.096380000000000052e+02 7.330631987301496877e-10
2.105840000000000032e+02 9.503369197759597633e-10
2.116346666666666749e+02 4.515126288631062218e-10
2.127905000000000086e+02 6.316243967560170400e-10
2.137359999999999900e+02 4.921090261111538560e-10
2.146820000000000164e+02 6.861431181231236874e-10
2.156279999999999859e+02 5.567258022925087388e-10
2.165735000000000241e+02 3.998180862458618746e-10
2.175190000000000055e+02 4.367271603297338014e-10
2.184650000000000034e+02 5.429180697290596867e-10
2.197259999999999991e+02 6.770766469510466624e-10
2.206719999999999970e+02 4.659644008590529862e-10
2.216175000000000068e+02 3.725336379072399645e-10
2.225629999999999882e+02 7.273155685387833191e-10
2.235090000000000146e+02 5.907405900571742183e-10
2.247694999999999936e+02 4.067168928199039124e-10
2.257150000000000034e+02 3.480444255364433609e-10
2.266610000000000014e+02 2.342838727941185171e-10
2.276069999999999993e+02 2.975067689976343454e-10
2.285525000000000091e+02 7.359112288328945754e-10
2.294979999999999905e+02 5.482792326291124880e-10
2.304439999999999884e+02 4.609968422174908412e-10
2.317049999999999841e+02 6.238970191547426451e-10
2.326510000000000105e+02 9.274567829104548870e-10
2.335964999999999918e+02 6.504735664347914954e-10
2.345420000000000016e+02 8.246698254586572286e-10
2.354879999999999995e+02 6.272008516698852621e-10
2.367489999999999952e+02 4.070394681034280794e-10
2.376949999999999932e+02 8.184658170253376029e-10
2.386404999999999745e+02 4.857228414810954135e-10
2.395860000000000127e+02 3.078229779174144718e-10
2.405320000000000107e+02 4.251836603445995579e-10
2.414780000000000086e+02 6.780146261754131499e-10
2.424234999999999900e+02 6.428489469284881178e-10
2.436845000000000141e+02 5.691152872798929697e-10
2.446299999999999955e+02 2.743301226477303738e-10
2.455759999999999934e+02 2.084403209269320385e-10
2.465219999999999914e+02 1.891421827183918719e-10
2.474674999999999727e+02 1.925348163546447900e-10
2.487284999999999968e+02 2.321423397318812105e-10
2.496740000000000066e+02 2.058216898079904414e-10
2.506200000000000045e+02 1.332127504333374297e-10
2.515660000000000025e+02 1.195557126302827320e-10
2.525115000000000123e+02 1.463674870944780212e-10
2.534569999999999936e+02 1.012370192026083096e-10
2.544029999999999916e+02 1.176907639796523242e-10
2.556639999999999873e+02 2.199959377469977985e-10
2.566089999999999804e+02 2.512702970776007719e-10
2.575550000000000068e+02 1.608466776398395907e-10
2.585009999999999764e+02 1.713260935291270988e-10
2.594465000000000146e+02 2.905028507494060499e-10
2.607074999999999818e+02 4.135491359496708692e-10
2.616530000000000200e+02 2.026206779189903100e-10
2.625989999999999895e+02 1.226815494458795784e-10
2.635450000000000159e+02 9.890438921414866865e-11
2.644904999999999973e+02 7.067842723305913123e-11
2.654359999999999786e+02 5.455590434082584271e-11
2.663820000000000050e+02 6.038723893969790014e-11
2.676430000000000291e+02 4.292817235041910974e-11
2.685889999999999986e+02 5.071845981718818289e-11
2.695344999999999800e+02 6.804665735006507389e-11
2.704800000000000182e+02 6.557531917591752228e-11
2.714259999999999877e+02 5.234291863103988568e-10
2.726870000000000118e+02 4.980329570162552419e-10
2.736329999999999814e+02 3.442768486212788294e-10
2.745784999999999627e+02 3.784478400850508813e-10
2.755240000000000009e+02 6.451148218991311281e-10
2.764700000000000273e+02 7.810720004370302153e-10
2.774159999999999968e+02 6.937897040722918887e-10
2.783614999999999782e+02 5.171365998903257632e-10
2.796225000000000023e+02 5.863979635687449931e-10
2.805679999999999836e+02 4.392765318579483207e-10
2.815140000000000100e+02 5.973358848034400679e-10
2.824599999999999795e+02 3.703680486152868156e-10
2.834054999999999609e+02 2.842352008267001373e-10
2.843509999999999991e+02 3.439973216786995204e-10
2.852970000000000255e+02 6.477302376512191304e-10
2.865579999999999927e+02 3.052967939590663656e-10
2.875040000000000191e+02 3.391619752193432805e-10
2.884490000000000123e+02 6.265162216077311289e-10
2.893949999999999818e+02 3.733780645971504483e-10
2.903405000000000200e+02 2.810320372337454900e-10
2.916014999999999873e+02 9.892128180359392141e-11
2.925470000000000255e+02 4.763213412234841890e-11
2.934929999999999950e+02 1.372810768604375034e-10
2.944390000000000214e+02 6.316830840105457061e-10
2.953845000000000027e+02 3.828483726527927854e-10
2.963299999999999841e+02 2.259917231912103781e-10
2.972760000000000105e+02 1.657278296147919216e-10
2.985369999999999777e+02 1.958659503766587270e-10
2.994830000000000041e+02 3.960182075054940517e-10
3.004284999999999854e+02 3.412633666356013020e-10
3.013740000000000236e+02 1.949876179667124152e-10
3.023199999999999932e+02 1.265404810323953879e-10
3.035810000000000173e+02 1.888601547510559880e-10
3.045269999999999868e+02 1.534581703328414222e-10
3.054724999999999682e+02 1.463570144432840426e-10
3.064180000000000064e+02 4.348793923277698650e-10
3.073639999999999759e+02 4.660804554583155150e-10
3.083100000000000023e+02 4.921381762711657281e-10
3.092554999999999836e+02 4.682679708756170328e-10
3.105165000000000077e+02 1.733538832890893621e-10
3.114619999999999891e+02 1.056263868186786264e-10
3.124080000000000155e+02 8.827116457088859599e-11
3.133539999999999850e+02 1.017925152135493697e-10
3.142994999999999663e+02 9.204120468306822065e-11
3.155604999999999905e+02 5.430337846462892128e-11
3.165059999999999718e+02 6.650904684705518110e-11
3.174519999999999982e+02 1.571619243899815917e-10
3.183980000000000246e+02 2.529909781401148373e-10
3.193435000000000059e+02 5.270601087133523123e-10
3.202889999999999873e+02 4.711873780940335063e-10
3.212345000000000255e+02 3.446218877167190736e-10
3.224954999999999927e+02 1.405076666611459454e-10
3.234409999999999741e+02 6.244599633055170324e-11
3.243870000000000005e+02 5.090877280435937529e-11
3.253330000000000268e+02 1.252026410505147672e-10
3.262785000000000082e+02 2.032014451758684281e-10
3.275394999999999754e+02 1.574791841833078275e-10
3.284850000000000136e+02 1.579124751486279041e-10
3.294309999999999832e+02 2.504268814444213802e-10
3.303770000000000095e+02 2.434202319506415668e-10
3.313224999999999909e+02 1.878803438231756101e-10
3.322679999999999723e+02 2.212701552001685263e-10
3.332139999999999986e+02 4.092360522762723235e-10
3.344750000000000227e+02 4.499816219434372855e-10
3.354209999999999923e+02 4.959110731595151012e-10
3.363664999999999736e+02 3.224418345198080895e-10
3.373120000000000118e+02 8.285374302190077951e-10
3.382579999999999814e+02 5.307343772428074164e-10
3.395190000000000055e+02 3.461994567602377645e-10
3.404649999999999750e+02 3.474575763018179957e-10
3.414105000000000132e+02 7.517381044477361388e-10
3.423559999999999945e+02 5.958120466669425839e-10
3.433020000000000209e+02 2.969586275590737374e-10
3.442479999999999905e+02 2.027765933375956604e-10
3.451934999999999718e+02 1.545739763305164380e-10
3.464544999999999959e+02 8.681738520142253735e-11
3.473999999999999773e+02 6.429592070243984771e-11
3.483460000000000036e+02 6.248690561498084133e-11
3.492919999999999732e+02 1.055890291570363965e-10
3.502375000000000114e+02 1.199718509626009570e-10
3.514985000000000355e+02 1.103521407783985988e-10
3.524440000000000168e+02 1.899561699813552278e-10
3.533894999999999982e+02 1.371360795873292244e-10
3.543349999999999795e+02 1.001368139560314072e-10
3.552810000000000059e+02 1.464249143507545681e-10
3.562269999999999754e+02 2.434333188294501593e-10
3.571725000000000136e+02 2.584400449612023163e-10
3.584334999999999809e+02 1.930382887221640176e-10
3.593790000000000191e+02 1.317087345588374924e-10
3.603249999999999886e+02 1.031402264156168018e-10
3.612710000000000150e+02 8.718760722940253545e-11
3.622164999999999964e+02 2.733397618861967640e-10
3.634774999999999636e+02 4.716322974118274086e-10
3.644230000000000018e+02 3.263118726707141040e-10
3.653690000000000282e+02 2.671464210799327615e-10
3.663149999999999977e+02 4.626465812149330178e-10
3.672604999999999791e+02 2.413308562859697390e-10
3.682060000000000173e+02 3.714040527031768987e-10
3.691519999999999868e+02 3.549029955842412732e-10
3.704130000000000109e+02 1.982212431286325970e-10
3.713589999999999804e+02 6.158658389452870662e-10
3.723044999999999618e+02 4.085247275606464207e-10
3.732500000000000000e+02 2.033172262959899773e-10
3.741960000000000264e+02 1.142363299975064243e-10
3.754569999999999936e+02 5.595106947616578933e-10
