6.300000000000000044e-01 1.968415279434808580e+45 6.587678464427923386e+41
1.260999999999999899e+00 2.679224322498943328e+45 8.995414706510090399e+41
1.891000000000000014e+00 5.323277027892767653e+45 9.846819678515720395e+41
2.521999999999999797e+00 3.661171988024342731e+46 9.512729306350728237e+41
3.152000000000000135e+00 1.062191268350673190e+47 7.545228198280833005e+41
3.782999999999999918e+00 3.618333407448765383e+46 8.744933962773610153e+41
4.413000000000000256e+00 2.703999596178412425e+46 9.631159212305004091e+41
5.043999999999999595e+00 9.578855814552854007e+46 8.284672740167660479e+41
5.674000000000000377e+00 7.130662238723009686e+46 8.076665753222799567e+41
6.304999999999999716e+00 3.265386481573368677e+46 9.221663934582591493e+41
6.934999999999999609e+00 2.264828951080201223e+46 9.784194236700371080e+41
7.565999999999999837e+00 2.103112185477458259e+46 9.938862126948125650e+41
8.195999999999999730e+00 1.828266343951927437e+46 9.965997985043597161e+41
8.826999999999999957e+00 1.003570185976305343e+46 1.015263064514395504e+42
9.457000000000000739e+00 7.317124442336419393e+45 1.029097361864549512e+42
1.008799999999999919e+01 9.386945720640704306e+45 1.027048020032157801e+42
1.071799999999999997e+01 1.029478294786769467e+46 1.022179754631576228e+42
1.134900000000000020e+01 7.177395796034836835e+45 1.028025762066894429e+42
1.197899999999999920e+01 4.556049639531023842e+45 1.035835338516257573e+42
1.260999999999999943e+01 5.991821219287241487e+45 1.036144467431439897e+42
1.324000000000000021e+01 1.606593518527021270e+46 1.011200517111147128e+42
1.387100000000000044e+01 1.693627905115903340e+46 1.002651675855199975e+42
1.450099999999999945e+01 1.463633685752110477e+46 1.010342001952418507e+42
1.513199999999999967e+01 1.646563169457113737e+46 1.009698093851401695e+42
1.576200000000000045e+01 2.976834206732840560e+46 9.802287422509778576e+41
1.639300000000000068e+01 4.232574599815686704e+46 9.390024815729879425e+41
1.702299999999999969e+01 3.676840100061835529e+46 9.478738766898212091e+41
1.765399999999999991e+01 3.674993014560097079e+46 9.551300185011727943e+41
1.828399999999999892e+01 3.424369248223906812e+46 9.539352716146379344e+41
1.891499999999999915e+01 2.257591359148016668e+46 9.800403863391190216e+41
1.954500000000000171e+01 1.586754210609734789e+46 1.003766606756079016e+42
2.017599999999999838e+01 1.444131100594583754e+46 1.012317426100148720e+42
2.080600000000000094e+01 1.727564361030264114e+46 1.007944470751154362e+42
2.143700000000000117e+01 2.710024068795982592e+46 9.862299778481540044e+41
2.206700000000000017e+01 3.891783919139739102e+46 9.493973923746930079e+41
2.269800000000000040e+01 2.624029206276903997e+46 9.663760951514444575e+41
2.332799999999999940e+01 1.565267278853873298e+46 9.998429520854683970e+41
2.395899999999999963e+01 1.301270270036920271e+46 1.014963400927550906e+42
2.458899999999999864e+01 1.490374948175932412e+46 1.013108056870865874e+42
2.521999999999999886e+01 2.265268963784419785e+46 9.955207970021427828e+41
2.585000000000000142e+01 3.474114411598932643e+46 9.615718659734801264e+41
2.648100000000000165e+01 2.241541420427831550e+46 9.745674374964944996e+41
2.711100000000000065e+01 9.264670987647531270e+45 1.011044574530674713e+42
2.774200000000000088e+01 6.014672692680273374e+45 1.030091283872773716e+42
2.837199999999999989e+01 1.245747653658790281e+46 1.023771005560891687e+42
2.900300000000000011e+01 1.153614539149953854e+47 7.698269584537991216e+41
2.963299999999999912e+01 4.888634772244548743e+46 8.225531651215173593e+41
3.026399999999999935e+01 1.781691889824247354e+46 9.478577767871292825e+41
3.089399999999999835e+01 1.298545082486049181e+46 1.002236573685810071e+42
3.152499999999999858e+01 1.021610146887050382e+46 1.019892901076957747e+42
3.215500000000000114e+01 7.393578148661626152e+45 1.027140962125522466e+42
3.278499999999999659e+01 4.345530575277954663e+45 1.035366673546055434e+42
3.341599999999999682e+01 7.276378927627666320e+45 1.034416504170540793e+42
3.404599999999999937e+01 1.434813122802500754e+47 7.210919047516825655e+41
3.467699999999999960e+01 1.430111779117256183e+47 6.041571397326432667e+41
3.530700000000000216e+01 6.840986803345321766e+46 7.876793427954419857e+41
3.593800000000000239e+01 4.212878133984770100e+46 9.045495363525962346e+41
3.656799999999999784e+01 5.489189138728762326e+46 9.180458543904377146e+41
3.719899999999999807e+01 1.126241519729933287e+47 7.679360895651861361e+41
3.782900000000000063e+01 7.018904074576415393e+46 8.200103750761880779e+41
3.846000000000000085e+01 4.572986630053387129e+46 9.081962417277523039e+41
3.909000000000000341e+01 4.531903319631601550e+46 9.317226223858855199e+41
3.972099999999999653e+01 5.518884546447635864e+46 9.099982892821906347e+41
4.035099999999999909e+01 4.289011783701874492e+46 9.173032061296472901e+41
4.098199999999999932e+01 2.124642823595903582e+46 9.717111722835314203e+41
4.161200000000000188e+01 1.130814382520269745e+46 1.009281576782620853e+42
4.224300000000000210e+01 9.587894433011482729e+45 1.024837437174043387e+42
4.287299999999999756e+01 2.452563610155665768e+46 9.945142526368067621e+41
4.350399999999999778e+01 3.379043770493247394e+46 9.537785156208642922e+41
4.413400000000000034e+01 1.887306461028960729e+46 9.868585726527799930e+41
4.476500000000000057e+01 1.441273298716302320e+46 1.009098578512759571e+42
4.539500000000000313e+01 1.467403042713077034e+46 1.012286459294015858e+42
4.602600000000000335e+01 1.464759578798570124e+46 1.010168238909540031e+42
4.665599999999999881e+01 1.022724353683192786e+46 1.018734971808609430e+42
4.728699999999999903e+01 1.332800687122497614e+46 1.020504621340067635e+42
4.791700000000000159e+01 1.791175559551492307e+47 6.441114328612455340e+41
4.854800000000000182e+01 1.005154673311153417e+47 6.337508709947183982e+41
4.917799999999999727e+01 3.057561079317043992e+46 8.631663304419478865e+41
4.980899999999999750e+01 2.226531555713429405e+46 9.632022143645690078e+41
5.043900000000000006e+01 1.660938940059647507e+46 9.966784618206636735e+41
5.107000000000000028e+01 9.220075500780063968e+45 1.017501855643171678e+42
5.170000000000000284e+01 4.731460953733743178e+45 1.032075737817881121e+42
5.233100000000000307e+01 3.059698867854654211e+45 1.039698725707555640e+42
5.296099999999999852e+01 3.431572101405790359e+45 1.040745954431922566e+42
5.359199999999999875e+01 5.020715396275178101e+45 1.036910422841739970e+42
5.422200000000000131e+01 7.981117274272931376e+45 1.030925368268690181e+42
5.485300000000000153e+01 2.335531424852714666e+46 9.949565691112902366e+41
5.548299999999999699e+01 1.999734355840402941e+46 9.823646230836278748e+41
5.611399999999999721e+01 9.462050937761787091e+45 1.013162832955288370e+42
5.674399999999999977e+01 9.281948707133767465e+45 1.026318615559549941e+42
5.737500000000000000e+01 1.147139737389277994e+46 1.018978455292583586e+42
5.800500000000000256e+01 7.712282478598405793e+45 1.027631573226949401e+42
5.863600000000000279e+01 4.047233626506001067e+46 9.669173352087743593e+41
5.926599999999999824e+01 2.306087095257676038e+47 4.784735814151828450e+41
5.989699999999999847e+01 9.046892225070614212e+46 6.748727625160465310e+41
6.052700000000000102e+01 4.494857156059018421e+46 8.634195537724882794e+41
6.115800000000000125e+01 3.721247551435566147e+46 9.377630320374993930e+41
6.178799999999999670e+01 6.153267696538133801e+46 9.013212501970137626e+41
6.241899999999999693e+01 6.662737300796100677e+46 8.602393706366890875e+41
6.304899999999999949e+01 3.492226517560858352e+46 9.298106787844509710e+41
6.367999999999999972e+01 2.635575542697283865e+46 9.746593686391792311e+41
6.431000000000000227e+01 2.159739179308251490e+46 9.878374432500528042e+41
6.493999999999999773e+01 1.347699556742659579e+46 1.007787660954464940e+42
6.557099999999999795e+01 1.297432555538126824e+46 1.017757295750778667e+42
6.620099999999999341e+01 2.292560068847148104e+46 9.947734569890299460e+41
6.683199999999999363e+01 2.636760439140129038e+46 9.799811909966324024e+41
6.746200000000000330e+01 3.367774639002825025e+46 9.696523794323768207e+41
6.809300000000000352e+01 5.083705686020635321e+46 9.188960622335846228e+41
6.872299999999999898e+01 3.058896244184965179e+46 9.460479299850602216e+41
6.935399999999999920e+01 1.582776851138274916e+46 9.934693887359489488e+41
6.998399999999999466e+01 1.180977376413488330e+46 1.015822283149363318e+42
7.061499999999999488e+01 1.373332372028241320e+46 1.016448417189162020e+42
7.124500000000000455e+01 2.265853439992426853e+46 9.954604522112676847e+41
7.187600000000000477e+01 3.420694119422252034e+46 9.653439077486908690e+41
7.250600000000000023e+01 4.889833353563292001e+46 9.298489478365518828e+41
7.313700000000000045e+01 7.413179265368008403e+46 8.713293881256708740e+41
7.376699999999999591e+01 1.269188520728294367e+47 7.502908904579444052e+41
7.439799999999999613e+01 1.696322044200382832e+47 6.283555099241246111e+41
7.502800000000000580e+01 1.430248608791719920e+47 6.391472732969033727e+41
7.565900000000000603e+01 6.819020401604701135e+46 7.912288745387810023e+41
7.628900000000000148e+01 3.501388635634284572e+46 9.169175265444571424e+41
7.692000000000000171e+01 2.773271911216710845e+46 9.661059779171359415e+41
7.754999999999999716e+01 1.364969994847527546e+46 9.969562831129901009e+41
7.818099999999999739e+01 6.714778755549250630e+45 1.024029735996147202e+42
7.881100000000000705e+01 1.453521876876903294e+46 1.019473007112748428e+42
7.944199999999999307e+01 1.199910282220792045e+47 7.738045059254117301e+41
8.007200000000000273e+01 1.629078627485624163e+47 6.017140354815369561e+41
8.070300000000000296e+01 6.406230579902048782e+46 7.763470490575451019e+41
8.133299999999999841e+01 4.517836916664398151e+46 9.075923892346658280e+41
8.196399999999999864e+01 2.831287948466495977e+47 4.601813150722759412e+41
8.259399999999999409e+01 3.739660596085508966e+47 1.586338818861573235e+41
8.322499999999999432e+01 2.104586102472512345e+47 3.393117243304444302e+41
8.385500000000000398e+01 7.078046744602514318e+46 6.770121949066908546e+41
8.448600000000000421e+01 3.814949484590318146e+46 8.731237011638065203e+41
8.511599999999999966e+01 3.876956105757279646e+46 9.353169517311795419e+41
8.574699999999999989e+01 1.085035408874727041e+47 8.028022989296397088e+41
8.637699999999999534e+01 2.932871308187519240e+47 4.028116204870793782e+41
8.700799999999999557e+01 3.168139057046943234e+47 2.417583375266019953e+41
8.763800000000000523e+01 9.894752527558173364e+46 5.528755195336446122e+41
8.826900000000000546e+01 4.383126039465839419e+46 8.246444286004053599e+41
8.889900000000000091e+01 9.659734623627371940e+46 8.195649326959220834e+41
8.953000000000000114e+01 2.302755073131381132e+47 4.915769731216221416e+41
9.015999999999999659e+01 2.066867088614263085e+47 4.911935950448207220e+41
9.079099999999999682e+01 1.702030522355581814e+47 5.577500990881663357e+41
9.142100000000000648e+01 7.874811154897597276e+46 7.355864645974025608e+41
9.205200000000000671e+01 2.782426816537186142e+46 9.026541477601438118e+41
9.268200000000000216e+01 2.224907126016760406e+46 9.769714572729859323e+41
9.331300000000000239e+01 4.403756063399687834e+46 9.462144014525828292e+41
9.394299999999999784e+01 7.443887444426083958e+46 8.545992571408167771e+41
9.457399999999999807e+01 3.359196804880164583e+46 9.137559065535345691e+41
9.520399999999999352e+01 1.821040695485311835e+46 9.838415952805772219e+41
9.583499999999999375e+01 1.332386732103153423e+47 7.684500535108783300e+41
9.646500000000000341e+01 1.963204558999009206e+47 4.517260462124073321e+41
9.709499999999999886e+01 4.964848779261968633e+46 7.586124348763862867e+41
9.772599999999999909e+01 2.602338076028915850e+46 9.199640412191140202e+41
9.835599999999999454e+01 2.491686865792132248e+46 9.770905289878785222e+41
9.898699999999999477e+01 1.230612626756588782e+47 7.750681944691586250e+41
9.961700000000000443e+01 1.846659782547866214e+47 5.611109452506546981e+41
1.002480000000000047e+02 1.613336721312561558e+47 6.167894145461600256e+41
1.008780000000000001e+02 2.116668963045574950e+47 5.236387832359565764e+41
1.015090000000000003e+02 1.308968924381843888e+47 6.089939299011972091e+41
1.021389999999999958e+02 5.056377634172728651e+46 8.209684473366908755e+41
1.027699999999999960e+02 2.581171638500567595e+46 9.385858455891834420e+41
1.034000000000000057e+02 1.567149878920259809e+46 9.926356125062112399e+41
1.040310000000000059e+02 1.090660799163762067e+46 1.015486668814571868e+42
1.046610000000000014e+02 7.247933490200578686e+45 1.026665555465577318e+42
1.052920000000000016e+02 4.541789344388156030e+45 1.034802783614110238e+42
1.059219999999999970e+02 2.888212164192741324e+45 1.040277812769797419e+42
1.065529999999999973e+02 3.588690469873230110e+45 1.041030526220489467e+42
1.071830000000000069e+02 9.784535399291164222e+45 1.025651601583087675e+42
1.078139999999999930e+02 6.878219988337438502e+45 1.026702260727329354e+42
1.084440000000000026e+02 4.772640439625078923e+45 1.035457089382716806e+42
1.090750000000000028e+02 7.241242626444443832e+45 1.033117808442841536e+42
1.097049999999999983e+02 1.771504467188781271e+46 1.007984137290219230e+42
1.103359999999999985e+02 3.156735439922565565e+46 9.713778927674587307e+41
1.109659999999999940e+02 3.561363495287332846e+46 9.537523918998384506e+41
1.115969999999999942e+02 2.727945488865721191e+46 9.687126819210459999e+41
1.122270000000000039e+02 2.717430757682034353e+46 9.835544489156485815e+41
1.128580000000000041e+02 1.411791057181957001e+47 7.425109517459428060e+41
1.134879999999999995e+02 2.067498536552484086e+47 4.929746262358715882e+41
1.141189999999999998e+02 9.886936391994201738e+46 6.909002214357794752e+41
1.147489999999999952e+02 5.409054572926241139e+46 8.483166698906025477e+41
1.153799999999999955e+02 3.202242405452089966e+46 9.354606902271500309e+41
1.160100000000000051e+02 2.159881323822247636e+46 9.820417162722575140e+41
1.166410000000000053e+02 3.174670995775226346e+46 9.767483330903549036e+41
1.172710000000000008e+02 7.545539788665943622e+46 8.641887327808691948e+41
1.179020000000000010e+02 6.257354287524826993e+46 8.620839697845174092e+41
1.185319999999999965e+02 3.262872768171743786e+46 9.325465140759057559e+41
1.191629999999999967e+02 1.655935712238217026e+46 9.879594775529733563e+41
1.197930000000000064e+02 1.039077220005883632e+46 1.016273894700413364e+42
1.204240000000000066e+02 1.697701892068832895e+46 1.012743646921750511e+42
1.210540000000000020e+02 1.131219911076066427e+47 7.845302126353313424e+41
1.216850000000000023e+02 8.694142950630198324e+46 7.600771326892055620e+41
1.223149999999999977e+02 4.060080898819393503e+46 8.934643769281390085e+41
1.229459999999999980e+02 2.858835103013458745e+46 9.591505656239115344e+41
1.235759999999999934e+02 1.845850544655140742e+46 9.899960079914750149e+41
1.242069999999999936e+02 1.189151350749986670e+46 1.013041864849849287e+42
1.248370000000000033e+02 1.151329740425742527e+46 1.020514215554308592e+42
1.254680000000000035e+02 1.374325227892131250e+46 1.014772443466629920e+42
1.260979999999999990e+02 1.250510815171140402e+46 1.015274873150661246e+42
1.267289999999999992e+02 8.514167954957955951e+45 1.024071093420945152e+42
1.273589999999999947e+02 7.199298579440678485e+45 1.030847311864810153e+42
1.279899999999999949e+02 1.375785570188194771e+46 1.018085808326478296e+42
1.286200000000000045e+02 1.605853868470846248e+46 1.004070055178715799e+42
1.292500000000000000e+02 1.191084938883956440e+46 1.015399320160794072e+42
1.298810000000000002e+02 1.276200419118989350e+46 1.018458500943219427e+42
1.305109999999999957e+02 1.695507475434081287e+46 1.007832092509906518e+42
1.311419999999999959e+02 2.555228632306245556e+46 9.898420494970312975e+41
1.317719999999999914e+02 9.896824526252999879e+46 8.295981653037584778e+41
1.324029999999999916e+02 1.392722048388180557e+47 6.650459615790653398e+41
1.330329999999999870e+02 5.792989319515171273e+46 8.203422040209563257e+41
1.336639999999999873e+02 2.879736580267562149e+46 9.347664953253079033e+41
1.342940000000000111e+02 2.155135353764618928e+46 9.847073460316739459e+41
1.349250000000000114e+02 3.648942691136881968e+46 9.634794786567501804e+41
1.355550000000000068e+02 4.139864226584090047e+46 9.322118815296271169e+41
1.361860000000000070e+02 2.395527406421410328e+46 9.714657010685075850e+41
1.368160000000000025e+02 1.723617720374430947e+46 9.996012563617696898e+41
1.374470000000000027e+02 1.443065543218933481e+46 1.010418804841833258e+42
1.380769999999999982e+02 1.393990899559184460e+46 1.014317742100036331e+42
1.387079999999999984e+02 2.253636981717219745e+46 9.978745721482394338e+41
1.393379999999999939e+02 5.193345379139401720e+46 9.270480917722255672e+41
1.399689999999999941e+02 9.768657869533503232e+46 8.228253900398260540e+41
1.405989999999999895e+02 2.779122015601732914e+47 4.609274756418056833e+41
1.412299999999999898e+02 2.710358171321128162e+47 2.885192604946720393e+41
1.418600000000000136e+02 5.833425318550120998e+46 6.654645200521275948e+41
1.424910000000000139e+02 2.828420242595944764e+46 8.852490651155673071e+41
1.431210000000000093e+02 3.768502194466379502e+46 9.454702479587755753e+41
1.437520000000000095e+02 9.909592417675282677e+46 8.158910823843919637e+41
1.443820000000000050e+02 1.456140704481431836e+47 6.798856325291531536e+41
1.450130000000000052e+02 1.153124418035592891e+47 7.152922167276405271e+41
1.456430000000000007e+02 7.012548550249029243e+46 8.171118337162202038e+41
1.462740000000000009e+02 4.539565488882366195e+46 9.039457916430810357e+41
1.469039999999999964e+02 3.371330589283556066e+46 9.483179169576724791e+41
1.475349999999999966e+02 1.738379157390865103e+46 9.855720036875609149e+41
1.481649999999999920e+02 8.959203510007188475e+45 1.017046942945218680e+42
1.487959999999999923e+02 1.431184556637123648e+46 1.018321192086860806e+42
1.494259999999999877e+02 4.211612939464874889e+46 9.428288032572389102e+41
1.500569999999999879e+02 3.004924918865267025e+46 9.545088473832527974e+41
1.506870000000000118e+02 1.904717076154082753e+46 9.895898357194416763e+41
1.513180000000000121e+02 1.311101093793880152e+46 1.010732283495392007e+42
1.519480000000000075e+02 1.077124012479837466e+46 1.020583203195620581e+42
1.525790000000000077e+02 1.319317153451566387e+46 1.018279974338101688e+42
1.532090000000000032e+02 1.736368452736154384e+46 1.004297860957030266e+42
1.538400000000000034e+02 1.122511508598988823e+46 1.014173812384299963e+42
1.544699999999999989e+02 1.407645085098744776e+46 1.018453457572069975e+42
1.551009999999999991e+02 9.611230446286131782e+46 8.207214554527586845e+41
1.557309999999999945e+02 5.242235833329632673e+46 8.412003472133907508e+41
1.563619999999999948e+02 2.081942891573400817e+46 9.506804634736841073e+41
1.569919999999999902e+02 1.585826148675611070e+46 9.994815567227720064e+41
1.576229999999999905e+02 2.269811674775257400e+46 9.968738324983848706e+41
1.582529999999999859e+02 6.706146652818772431e+46 8.952113078433972530e+41
1.588839999999999861e+02 1.450021545861177897e+47 6.968153460647960609e+41
1.595140000000000100e+02 8.524520279043278463e+46 7.456256986225288965e+41
1.601440000000000055e+02 3.133665920553733662e+46 8.995825799101766199e+41
1.607750000000000057e+02 1.890652507408953770e+46 9.777247008926639373e+41
1.614050000000000011e+02 1.914028881837641354e+46 1.000532050549933971e+42
1.620360000000000014e+02 3.727249588470658258e+46 9.578536354664501241e+41
1.626659999999999968e+02 2.180066433966490939e+46 9.689081553679151847e+41
1.632969999999999970e+02 1.071025620573836517e+46 1.008568974969785879e+42
1.639269999999999925e+02 1.060868823824833690e+46 1.022698280177048245e+42
1.645579999999999927e+02 1.275323513435610614e+46 1.016427330473835241e+42
1.651879999999999882e+02 9.454191190245067521e+45 1.022066749325588267e+42
1.658189999999999884e+02 7.144931705592477985e+45 1.029723438256797490e+42
1.664490000000000123e+02 8.669006866391435815e+45 1.029495192272061110e+42
1.670800000000000125e+02 3.085112663699885698e+46 9.810686602084638511e+41
1.677100000000000080e+02 1.026515692459105644e+47 8.090460866031051945e+41
1.683410000000000082e+02 1.070596063753316449e+47 7.355894598349488580e+41
1.689710000000000036e+02 4.877570198977077466e+46 8.651536901763058469e+41
1.696020000000000039e+02 5.561091838792022597e+46 9.160547047559355279e+41
1.702319999999999993e+02 1.806592273727319901e+47 6.235866214661738961e+41
1.708629999999999995e+02 1.158796038952334487e+47 6.678244785292784370e+41
1.714929999999999950e+02 4.966112623275744769e+46 8.420355588568364858e+41
1.721239999999999952e+02 2.378799169772589124e+46 9.473949809585163397e+41
1.727539999999999907e+02 1.520496086807373240e+46 9.971062430810510689e+41
1.733849999999999909e+02 1.382898140543231491e+46 1.012748094174901251e+42
1.740149999999999864e+02 1.836065423608658190e+46 1.004158879420188767e+42
1.746459999999999866e+02 1.987540042900747359e+46 9.961523848176999424e+41
1.752760000000000105e+02 1.224491545963918586e+46 1.008881891551468280e+42
1.759070000000000107e+02 6.186267150788215228e+45 1.027032329169352759e+42
1.765370000000000061e+02 6.945551919875320771e+45 1.033753418890910376e+42
1.771680000000000064e+02 5.969868570849593528e+46 9.106342015052120744e+41
1.777980000000000018e+02 5.707432076253143427e+46 8.651061518076935637e+41
1.784290000000000020e+02 3.012220554878143057e+46 9.422832223805946995e+41
1.790589999999999975e+02 1.845178205036930856e+46 9.881673339642841108e+41
1.796899999999999977e+02 1.110011143882291052e+46 1.013319910945605768e+42
1.803199999999999932e+02 8.953671664940666391e+45 1.025806424689840562e+42
1.809509999999999934e+02 1.956958125009644320e+46 1.006152081566784660e+42
1.815809999999999889e+02 3.876748922738964636e+46 9.505399074315493714e+41
1.822119999999999891e+02 3.787584120054825629e+46 9.467318574333549614e+41
1.828420000000000130e+02 3.842422029661126850e+46 9.517710956290591443e+41
1.834730000000000132e+02 6.294193902565368532e+46 9.061166087719339421e+41
1.841030000000000086e+02 1.691258867098786984e+47 6.665945358518393777e+41
1.847340000000000089e+02 2.554356941898391378e+47 4.426957970575771240e+41
1.853640000000000043e+02 2.882052135464391171e+47 3.488668879221685193e+41
1.859950000000000045e+02 3.002696758903035369e+47 2.923343252081847632e+41
1.866250000000000000e+02 2.687214275424777961e+47 3.148313207207509727e+41
1.872560000000000002e+02 1.548723853115179013e+47 4.944620673359800756e+41
1.878859999999999957e+02 5.075345102289421246e+46 7.702925344840082962e+41
1.885169999999999959e+02 2.706765102417179817e+46 9.221957657640984601e+41
1.891469999999999914e+02 2.568009948591815543e+46 9.725301739878241672e+41
1.897779999999999916e+02 3.443210668508978517e+46 9.601030341570191485e+41
1.904079999999999870e+02 2.539671920843610983e+46 9.671719479766902786e+41
1.910389999999999873e+02 1.237315157136189102e+46 1.004452526976945077e+42
1.916690000000000111e+02 2.940164436406042140e+46 9.912229061681098069e+41
1.922990000000000066e+02 2.131062145545287414e+47 5.382146956024551629e+41
1.929300000000000068e+02 9.607469505245443770e+46 6.713589855069880449e+41
1.935600000000000023e+02 3.654315334479054670e+46 8.662332040651475149e+41
1.941910000000000025e+02 1.905233438010820067e+46 9.638759684742322687e+41
1.948209999999999980e+02 1.485797104820752018e+46 1.003696926831826022e+42
1.954519999999999982e+02 1.635764703581565992e+46 1.007137119734963561e+42
1.960819999999999936e+02 2.197431805116323301e+46 9.968238131076575237e+41
1.967129999999999939e+02 7.105932371494697734e+46 8.930863934972437342e+41
1.973429999999999893e+02 1.441293511802727553e+47 6.777579641360987230e+41
1.979739999999999895e+02 7.561220940881945859e+46 7.844044307304303809e+41
1.986040000000000134e+02 4.105453385090560592e+46 9.032354977371657991e+41
1.992350000000000136e+02 3.594324820498566071e+46 9.531762916087412113e+41
1.998650000000000091e+02 8.633440765488092314e+46 8.547260306248278298e+41
2.004960000000000093e+02 1.095345972806003574e+47 7.402970917064523904e+41
2.011260000000000048e+02 5.638515927173824662e+46 8.544843139026052495e+41
2.017570000000000050e+02 4.425809654770058884e+46 9.235502025052833357e+41
2.023870000000000005e+02 3.648453832592078868e+46 9.418867427045515384e+41
2.030180000000000007e+02 2.135736724120844816e+46 9.814313838464359797e+41
2.036479999999999961e+02 4.114050794790300080e+46 9.628180819014684484e+41
2.042789999999999964e+02 1.742811077236328066e+47 6.244660745908274779e+41
2.049089999999999918e+02 8.535235560720673538e+46 7.285415357489670181e+41
2.055399999999999920e+02 4.911129574206117346e+46 8.770226299634529709e+41
2.061699999999999875e+02 4.269875009726821251e+46 9.272330020443241153e+41
2.068009999999999877e+02 3.592778193765286423e+46 9.480654667186174031e+41
2.074310000000000116e+02 6.422126356796184569e+46 9.076161477349359539e+41
2.080620000000000118e+02 3.072622079119707735e+47 3.728558182785974652e+41
2.086920000000000073e+02 1.756920339849071090e+47 4.481720406539254361e+41
2.093230000000000075e+02 8.793374522914692573e+46 7.244016017695478705e+41
2.099530000000000030e+02 1.633232588097895100e+47 6.702520421905793986e+41
2.105840000000000032e+02 3.221648491553813648e+47 3.222048552887340329e+41
2.112139999999999986e+02 2.413375878371822115e+47 3.342228572905443755e+41
2.118449999999999989e+02 6.493088429039261875e+46 6.764974073989171348e+41
2.118449999999999989e+02 7.812241467449372471e+46 6.764974073989171348e+41
2.124749999999999943e+02 4.642251488798035463e+46 8.674612756247060632e+41
2.131059999999999945e+02 1.767392611449808592e+47 6.331186542862140182e+41
2.137359999999999900e+02 8.671906758188421355e+46 6.809425874226675711e+41
2.143669999999999902e+02 5.248122617815236446e+46 8.643126295351243896e+41
2.149970000000000141e+02 1.759648768500892016e+47 6.502935661111371565e+41
2.156279999999999859e+02 1.123283449247263758e+47 6.179958326794632773e+41
2.162580000000000098e+02 3.930248468682028919e+46 8.469198593924632549e+41
2.168890000000000100e+02 4.119556724705660158e+46 9.324724768471536302e+41
2.175190000000000055e+02 5.431080366510001054e+46 9.024274947540024945e+41
2.181500000000000057e+02 4.210667324120326653e+46 9.326787031040813435e+41
2.187800000000000011e+02 1.232588349460941360e+47 7.837408729750018552e+41
2.194110000000000014e+02 2.443512077547036083e+47 4.343555187759378884e+41
2.200409999999999968e+02 1.111136395304640099e+47 6.246254393788894820e+41
2.206719999999999970e+02 5.475755953183868949e+46 8.261188962649193374e+41
2.213019999999999925e+02 3.383063658227792380e+46 9.285587756268001351e+41
2.219329999999999927e+02 3.843744312153283259e+46 9.526117777564056488e+41
2.225629999999999882e+02 1.487475743815533184e+47 7.225873567177035845e+41
2.231939999999999884e+02 2.886260448302829923e+47 3.341963301274156902e+41
2.238240000000000123e+02 9.147095712061276839e+46 6.066964376274635989e+41
2.244540000000000077e+02 4.265710427049393248e+46 8.453169658326166715e+41
2.250850000000000080e+02 4.178616575584873238e+46 9.220992737442923900e+41
2.257150000000000034e+02 3.683981135391938682e+46 9.375875994494831679e+41
2.263460000000000036e+02 2.453788971973531467e+46 9.708399638197717431e+41
2.269759999999999991e+02 1.849840849381084406e+46 9.973783726591803213e+41
2.276069999999999993e+02 3.969414839511115664e+46 9.644693087027486625e+41
2.282369999999999948e+02 2.162978055151359992e+47 5.603835752817544499e+41
2.288679999999999950e+02 2.245393193847350816e+47 4.429842758177620874e+41
2.294979999999999905e+02 1.138087309003072664e+47 6.202235814292378831e+41
2.301289999999999907e+02 5.749356071851435501e+46 8.127867049667792097e+41
2.307589999999999861e+02 4.345509410405472077e+46 9.143124295207291089e+41
2.313899999999999864e+02 5.756306858431718363e+46 9.079983049643103006e+41
2.320200000000000102e+02 1.495923564178926413e+47 7.028733946031617976e+41
2.326510000000000105e+02 2.770117473751865110e+47 4.143355179598983346e+41
2.332810000000000059e+02 2.823579531251982414e+47 3.282299730384400997e+41
2.339120000000000061e+02 1.880228593505818423e+47 4.678689190342481039e+41
2.345420000000000016e+02 2.120911473522294030e+47 5.219129129110754778e+41
2.351730000000000018e+02 2.558381467640650962e+47 3.834323802948492345e+41
2.358029999999999973e+02 1.078399117844691599e+47 6.089858067278528662e+41
2.364339999999999975e+02 4.536305026383676900e+46 8.346737644392624289e+41
2.370639999999999930e+02 3.866744462124979340e+46 9.302679647978618996e+41
2.376949999999999932e+02 1.800278303129046308e+47 6.672770285844014443e+41
2.383249999999999886e+02 2.873725263551876476e+47 2.745177659978856639e+41
2.389559999999999889e+02 6.683323989883303570e+46 6.375009192924492927e+41
2.395860000000000127e+02 3.093830787921906298e+46 8.679780460063722956e+41
2.402170000000000130e+02 2.796464384387803269e+46 9.586128204054631455e+41
2.408470000000000084e+02 8.796905261496665101e+46 8.479767552334185448e+41
2.414780000000000086e+02 1.364008821299599665e+47 6.719037101536701073e+41
2.421080000000000041e+02 7.028359789620633201e+46 8.090729603476900132e+41
2.427390000000000043e+02 9.947406144705432206e+46 8.170426395716110531e+41
2.433689999999999998e+02 1.416077090291500763e+47 6.577259783006169824e+41
2.440000000000000000e+02 4.494609093039757028e+46 8.319793257672659571e+41
2.446299999999999955e+02 2.273177145897949417e+46 9.462937810714189884e+41
2.452609999999999957e+02 1.752666350118501621e+46 9.951606179168520035e+41
2.458909999999999911e+02 1.876367479801581542e+46 1.002157413566249476e+42
2.465219999999999914e+02 2.071881528149158466e+46 9.949634616200368369e+41
2.471519999999999868e+02 1.924074701078929975e+46 9.980226928841139022e+41
2.477829999999999870e+02 2.124317200703252775e+46 9.968911568656588985e+41
2.484130000000000109e+02 2.623904954301879149e+46 9.829971306865394742e+41
2.490440000000000111e+02 2.632403925910466631e+46 9.790103366124658418e+41
2.496740000000000066e+02 2.038945931746881129e+46 9.905633646678928563e+41
2.503050000000000068e+02 1.339844513309975914e+46 1.007915305345263830e+42
2.509350000000000023e+02 9.895231863609523077e+45 1.021138271847520106e+42
2.515660000000000025e+02 1.179708964056107194e+46 1.022800818843445708e+42
2.521959999999999980e+02 2.119841183389805168e+46 9.969577677455180729e+41
2.528269999999999982e+02 1.298054327645861306e+46 1.003916693922373951e+42
2.534569999999999936e+02 8.184780770981322525e+45 1.024262368196146188e+42
2.540879999999999939e+02 1.082956824870850276e+46 1.024539771174303994e+42
2.547179999999999893e+02 1.538725155950758613e+46 1.009996468614810795e+42
2.553489999999999895e+02 1.893150672175466411e+46 1.003208172709804940e+42
2.559790000000000134e+02 3.887174145242954617e+46 9.557592871530411640e+41
2.566089999999999804e+02 2.908223664649186078e+46 9.477998420055720469e+41
2.572400000000000091e+02 1.418199898646739351e+46 9.959938685295984122e+41
2.578700000000000045e+02 1.265550709818833464e+46 1.016473255363371828e+42
2.585009999999999764e+02 2.001214019026250866e+46 1.001932598431332625e+42
2.591309999999999718e+02 2.934205364226813059e+46 9.787272643729605024e+41
2.597620000000000005e+02 4.660692010492127055e+46 9.397175775842639758e+41
2.603919999999999959e+02 6.208963307148068911e+46 8.893266165458014302e+41
2.610230000000000246e+02 4.279701523360515679e+46 9.092083090483039935e+41
2.616530000000000200e+02 1.762237265815733587e+46 9.703354025464947775e+41
2.622839999999999918e+02 9.767758351324487416e+45 1.012215843536346775e+42
2.629139999999999873e+02 8.790587442767119254e+45 1.026608508864998779e+42
2.635450000000000159e+02 1.017321271118401905e+46 1.022359873867383004e+42
2.641750000000000114e+02 7.302808148933343561e+45 1.027668074263840500e+42
2.648059999999999832e+02 5.269854038013886041e+45 1.034659012169375561e+42
2.654359999999999786e+02 5.011372975045251369e+45 1.036866146109842572e+42
2.660670000000000073e+02 6.925422448143711573e+45 1.032559799265824339e+42
2.666970000000000027e+02 5.932584906962714420e+45 1.031888063352629004e+42
2.673279999999999745e+02 3.810017538944593971e+45 1.037790753843800160e+42
2.679580000000000268e+02 3.604840048400084921e+45 1.040473439264591914e+42
2.685889999999999986e+02 5.937219644140810055e+45 1.035835060836242154e+42
2.692189999999999941e+02 9.308333222862709198e+45 1.024979396921247428e+42
2.698500000000000227e+02 5.656334819535489884e+45 1.030089037425095586e+42
2.704800000000000182e+02 5.933109509788406558e+45 1.035265603777512327e+42
2.711109999999999900e+02 1.002812647934577828e+47 8.295353979676741839e+41
2.717409999999999854e+02 2.410958944054133360e+47 4.474692667307181903e+41
2.723720000000000141e+02 1.449267919238869773e+47 5.595311745205066382e+41
2.730020000000000095e+02 5.401044066915804757e+46 7.892261722164335121e+41
2.736329999999999814e+02 3.090769914568832336e+46 9.240685041618324581e+41
2.742629999999999768e+02 2.705167227988516565e+46 9.734904054847728473e+41
2.748940000000000055e+02 6.630967718370485926e+46 8.999967550140461454e+41
2.755240000000000009e+02 1.154883024184694281e+47 7.571897481030926027e+41
2.761549999999999727e+02 9.823108211172991415e+46 7.800968338291005469e+41
2.767850000000000250e+02 1.530807227437405953e+47 6.933885483461640507e+41
2.774159999999999968e+02 1.336262458632167583e+47 6.267108823159936465e+41
2.780459999999999923e+02 5.281818405195968709e+46 8.227304325583556084e+41
2.786770000000000209e+02 6.050396660016828329e+46 9.014949269526869093e+41
2.793070000000000164e+02 1.400123542962686036e+47 6.955419924519368754e+41
2.799379999999999882e+02 5.452276937689122305e+46 8.136786155643960465e+41
2.805679999999999836e+02 4.104580843291247115e+46 9.249934278993467648e+41
2.811990000000000123e+02 1.180099220643110132e+47 7.734156585683251394e+41
2.818290000000000077e+02 7.403223131938900546e+46 7.803587128497565553e+41
2.824599999999999795e+02 3.563124616652953027e+46 9.098255445026990340e+41
2.830899999999999750e+02 2.540587490721125509e+46 9.719236414153254361e+41
2.837210000000000036e+02 2.513045837547832849e+46 9.887775622797857982e+41
2.843509999999999991e+02 4.642267095026424929e+46 9.452815228093504171e+41
2.849820000000000277e+02 1.893315406111711296e+47 6.131674321625904654e+41
2.856120000000000232e+02 1.106759306639845218e+47 6.238659457665101882e+41
2.862429999999999950e+02 3.652164361188930463e+46 8.483549324648888123e+41
2.868729999999999905e+02 2.209093172759553257e+46 9.541202724789620144e+41
2.875040000000000191e+02 3.593626376932164672e+46 9.658874226124266903e+41
2.881340000000000146e+02 2.106888309044852579e+47 5.582418604801016805e+41
2.887640000000000100e+02 1.021603707627625532e+47 6.349367923046423603e+41
2.893949999999999818e+02 4.014578558445815165e+46 8.521690120898443793e+41
2.900249999999999773e+02 2.802387590851676518e+46 9.477529210521623078e+41
2.906560000000000059e+02 2.045496401786580801e+46 9.844393261841521987e+41
2.912860000000000014e+02 1.060375787882576628e+46 1.008582129827937536e+42
2.919169999999999732e+02 5.267475410130605027e+45 1.027730735699847100e+42
2.925470000000000255e+02 3.344204107319429035e+45 1.038379063131666719e+42
2.931779999999999973e+02 4.126468064356991228e+45 1.040108061237157103e+42
2.938079999999999927e+02 6.286156383350998524e+46 9.144716612819270762e+41
2.944390000000000214e+02 1.820670465546782108e+47 5.673559537548348341e+41
2.950690000000000168e+02 6.881130232074744006e+46 7.544120636145176993e+41
2.956999999999999886e+02 2.886499051134526223e+46 9.103260317994864793e+41
2.963299999999999841e+02 1.735912122684568742e+46 9.808808131376060693e+41
2.969610000000000127e+02 1.483242209146944557e+46 1.007602434539858176e+42
2.975910000000000082e+02 1.528317701117949996e+46 1.008520456233816260e+42
2.982219999999999800e+02 1.594962659195591678e+46 1.009204179639373635e+42
2.988519999999999754e+02 3.224105466821119536e+46 9.773927774856124128e+41
2.994830000000000041e+02 6.019668769709159991e+46 8.975499519243717151e+41
3.001129999999999995e+02 4.685278268597704422e+46 9.090352968136950331e+41
3.007440000000000282e+02 2.707387133736576642e+46 9.586545256068187400e+41
3.013740000000000236e+02 1.613948355249761503e+46 9.961510858906616070e+41
3.020049999999999955e+02 1.043770369946608301e+46 1.017811084740352457e+42
3.026349999999999909e+02 1.144567256340117558e+46 1.022243791052967336e+42
3.032660000000000196e+02 2.357110663881909469e+46 9.929308539476683365e+41
3.038960000000000150e+02 2.343810088741419250e+46 9.817308195392190158e+41
3.045269999999999868e+02 1.410077966023183673e+46 1.002849477619256044e+42
3.051569999999999823e+02 1.022542157277875511e+46 1.021372587672065820e+42
3.057880000000000109e+02 2.189530588167461400e+46 1.003031370828454211e+42
3.064180000000000064e+02 8.333758259331770334e+46 8.440183374920564087e+41
3.070489999999999782e+02 6.206558644204671378e+46 8.563718120333265644e+41
3.076789999999999736e+02 4.959445564577653879e+46 9.131424460904549492e+41
3.083100000000000023e+02 5.796435963087892691e+46 9.097138854730250340e+41
3.089399999999999977e+02 7.613216995241450794e+46 8.542688297719647996e+41
3.095710000000000264e+02 4.419958312044365583e+46 8.870639348498790862e+41
3.102010000000000218e+02 1.658613059109992190e+46 9.717501652918996626e+41
3.108319999999999936e+02 1.035713481645034106e+46 1.012099970610994275e+42
3.114619999999999891e+02 8.340833109719914965e+45 1.026304718832786027e+42
3.120930000000000177e+02 8.055302521424001924e+45 1.028672443190237160e+42
3.127230000000000132e+02 9.335750733170544021e+45 1.026591280278581601e+42
3.133539999999999850e+02 1.129037998661640576e+46 1.021184318366909473e+42
3.139839999999999804e+02 1.080443581707254479e+46 1.019494955550312926e+42
3.146150000000000091e+02 7.483843762561244151e+45 1.025736169955115871e+42
3.152450000000000045e+02 4.769107388718477519e+45 1.034615982103736669e+42
3.158759999999999764e+02 4.295372479543862011e+45 1.038426396754452200e+42
3.165059999999999718e+02 8.024195246801035376e+45 1.031760853940040207e+42
3.171370000000000005e+02 1.788171699722993300e+46 1.007090450313627348e+42
3.177669999999999959e+02 2.340298018522564393e+46 9.881641912693548273e+41
3.183980000000000246e+02 3.018154018183786572e+46 9.770930195300265370e+41
3.190280000000000200e+02 8.096418212467990911e+46 8.630646135948991893e+41
3.196589999999999918e+02 9.088346182428880541e+46 7.895646701678339123e+41
3.202889999999999873e+02 5.306596429566870147e+46 8.743284407043957933e+41
3.209189999999999827e+02 3.978645576431955083e+46 9.326644604935598925e+41
3.215500000000000114e+02 2.705777387915285844e+46 9.631358413715481149e+41
3.221800000000000068e+02 1.511276971639508676e+46 9.956939155831611355e+41
3.228109999999999786e+02 7.763838093472114867e+45 1.020529394209111422e+42
3.234409999999999741e+02 4.500409026728651201e+45 1.033841568719104332e+42
3.240720000000000027e+02 3.621133913798368745e+45 1.039510972512563522e+42
3.247019999999999982e+02 6.480958483831419767e+45 1.034868278485087610e+42
3.253330000000000268e+02 1.909336863653504559e+46 1.003962521253204669e+42
3.259630000000000223e+02 2.627436014176781169e+46 9.788224215261959260e+41
3.265939999999999941e+02 2.134210495935579778e+46 9.860889636842310820e+41
3.272239999999999895e+02 1.555119024422697861e+46 1.004390691702449050e+42
3.278550000000000182e+02 1.341676227479518097e+46 1.014747532639643584e+42
3.284850000000000136e+02 1.715523676351059906e+46 1.008549437561914724e+42
3.291159999999999854e+02 2.990197426631327190e+46 9.774389973548283697e+41
3.297459999999999809e+02 3.330992236234742286e+46 9.577125354432761963e+41
3.303770000000000095e+02 2.472100446963812736e+46 9.745155690305397447e+41
3.310070000000000050e+02 1.814337651273921808e+46 9.970868115534090963e+41
3.316379999999999768e+02 1.668910148427025617e+46 1.006840068156214950e+42
3.322679999999999723e+02 2.635596618227023981e+46 9.896269768317154682e+41
3.328990000000000009e+02 5.435001847195739570e+46 9.203638697456088213e+41
3.335289999999999964e+02 6.363836569832835854e+46 8.727284798163482754e+41
3.341600000000000250e+02 4.305211936069764970e+46 9.204901238888990003e+41
3.347900000000000205e+02 6.079064757722321811e+46 9.100414666646571108e+41
3.354209999999999923e+02 7.083138019987115065e+46 8.369742831909910507e+41
3.360509999999999877e+02 2.876805562332045354e+46 9.290667780695422875e+41
3.366820000000000164e+02 3.103090716326802782e+46 9.748339625204958459e+41
3.373120000000000118e+02 2.321710576901145930e+47 5.556670599995528544e+41
3.379429999999999836e+02 3.695958278323812926e+47 1.966948757409221315e+41
3.385729999999999791e+02 1.816787737563045873e+47 3.652656411547237857e+41
3.392040000000000077e+02 5.875241617114650957e+46 7.181183773755238735e+41
3.398340000000000032e+02 3.273095239807309898e+46 8.900995161297303305e+41
3.404649999999999750e+02 3.410292267857626876e+46 9.498749426943754395e+41
3.410950000000000273e+02 1.068737845252192944e+47 8.031216086967867425e+41
3.417259999999999991e+02 2.635177777014964789e+47 4.550670283137131500e+41
3.423559999999999945e+02 1.885593504503577719e+47 4.405011364355369692e+41
3.429870000000000232e+02 5.041469940570542061e+46 7.287338746992039795e+41
3.436170000000000186e+02 2.186751378687964426e+46 9.538668135104177877e+41
3.442479999999999905e+02 1.484400234902858095e+46 1.001851732567883051e+42
3.448779999999999859e+02 1.426886918335027322e+46 1.015463292198021944e+42
3.455090000000000146e+02 1.388029690446751766e+46 1.012042556742118624e+42
3.461390000000000100e+02 8.465483792093741980e+45 1.022367285834197135e+42
3.467699999999999818e+02 6.318741772328373242e+45 1.031814049049984188e+42
3.473999999999999773e+02 5.986634357517411935e+45 1.034070832249083715e+42
3.480310000000000059e+02 5.537907247333654621e+45 1.034914408143999095e+42
3.486610000000000014e+02 7.211896651402380881e+45 1.032794053656174603e+42
3.492919999999999732e+02 1.379978946849979289e+46 1.016334429171002153e+42
3.499220000000000255e+02 1.421779449771505608e+46 1.009487854523357149e+42
3.505529999999999973e+02 1.060570205054264623e+46 1.018832485928347536e+42
3.511829999999999927e+02 8.856014553615132233e+45 1.026333510686353636e+42
3.518140000000000214e+02 1.454823470421440188e+46 1.016438840675430772e+42
3.524440000000000168e+02 2.526866665585497403e+46 9.827367367081456057e+41
3.530740000000000123e+02 1.513299190788563180e+46 9.985372031692392861e+41
3.537049999999999841e+02 9.759246030145572261e+45 1.019854942695953875e+42
3.543349999999999795e+02 8.789153249992670599e+45 1.027571782432051662e+42
3.549660000000000082e+02 1.334182574551054600e+46 1.019165973279775532e+42
3.555960000000000036e+02 2.324047032520063052e+46 9.936493795633137422e+41
3.562269999999999754e+02 3.051408677990946273e+46 9.715869946055609527e+41
3.568570000000000277e+02 2.994770445887715499e+46 9.681850030787726090e+41
3.574879999999999995e+02 2.578769838460690129e+46 9.781140224456110782e+41
3.581179999999999950e+02 2.129251423017688649e+46 9.903242187974541984e+41
3.587490000000000236e+02 1.558605460510309854e+46 1.003872064012388055e+42
3.593790000000000191e+02 1.172253997516090657e+46 1.015980475408061377e+42
3.600099999999999909e+02 1.038583447763331734e+46 1.022095077971838672e+42
3.606399999999999864e+02 8.855071491229133307e+45 1.025457152766774944e+42
3.612710000000000150e+02 8.336464216925868563e+45 1.028425708958358218e+42
3.619010000000000105e+02 2.316264524192680325e+46 9.995623378618131108e+41
3.625319999999999823e+02 6.897138116042930855e+46 8.807081179679781437e+41
3.631619999999999777e+02 6.924633350856687062e+46 8.565336264440272835e+41
3.637930000000000064e+02 4.997184608726564803e+46 9.003189271304376040e+41
3.644230000000000018e+02 3.112518988859326168e+46 9.498290988407480299e+41
3.650539999999999736e+02 2.077397247594780583e+46 9.862295319088438391e+41
3.656840000000000259e+02 3.332354973204089270e+46 9.781305850723960402e+41
3.663149999999999977e+02 7.743359471245381774e+46 8.420414454547011183e+41
3.669449999999999932e+02 2.564951739565889864e+46 9.227968574626346580e+41
3.675760000000000218e+02 1.828722446305133287e+46 9.898276470112074990e+41
3.682060000000000173e+02 5.707052847017097326e+46 9.219134727313414543e+41
3.688369999999999891e+02 6.263161243185225190e+46 8.484115974698772303e+41
3.694669999999999845e+02 2.692882766170226573e+46 9.380441703588432142e+41
3.700980000000000132e+02 1.353309953819945132e+46 9.933052087051324385e+41
3.707280000000000086e+02 2.279327304370538628e+46 9.995103430466776353e+41
3.713589999999999804e+02 1.570364793944045841e+47 6.720889351679840132e+41
3.719889999999999759e+02 7.814095182170393799e+46 7.368978400766266665e+41
3.726200000000000045e+02 3.316606170029662305e+46 8.961078367215546278e+41
3.732500000000000000e+02 1.576394968509629593e+46 9.754521811199583536e+41
3.738809999999999718e+02 8.121137385314897516e+45 1.016326521374048969e+42
3.745110000000000241e+02 9.001876180998893706e+45 1.028627972646205658e+42
3.751419999999999959e+02 1.054315696901075082e+47 8.121482282686523529e+41
3.757719999999999914e+02 2.473646631823817422e+47 4.426435230838432582e+41
