9.455000000000000071e-01 1.982246065732300846e-12
2.206500000000000128e+00 1.771859823934137860e-11
3.152000000000000135e+00 8.976195418770869632e-11
4.097999999999999865e+00 2.097034893328936754e-11
5.043999999999999595e+00 7.355162953296751051e-11
5.989499999999999602e+00 4.042224622521125537e-11
7.250499999999999723e+00 1.364417532094630433e-11
8.195999999999999730e+00 1.305847009870479213e-11
9.141999999999999460e+00 4.881538638519413913e-12
1.008799999999999919e+01 6.225758912160741745e-12
1.103350000000000009e+01 5.726156564739025995e-12
1.197899999999999920e+01 2.298223700150694285e-12
1.292500000000000071e+01 8.443415819523497674e-12
1.418599999999999994e+01 1.157635239716760577e-11
1.513199999999999967e+01 1.184928919232344548e-11
1.607750000000000057e+01 3.048177924053420285e-11
1.702299999999999969e+01 3.008792923246105822e-11
1.796900000000000119e+01 2.879784095387476213e-11
1.923000000000000043e+01 1.327517194195549869e-11
2.017599999999999838e+01 9.484016457752975850e-12
2.112150000000000105e+01 1.735212548225076486e-11
2.206700000000000017e+01 3.318121609704071251e-11
2.301299999999999812e+01 1.503721412997032863e-11
2.395899999999999963e+01 7.926697756545719752e-12
2.490449999999999875e+01 1.425276144810604274e-11
2.616550000000000153e+01 2.319845731631299622e-11
2.711100000000000065e+01 5.166450811616354746e-12
2.805700000000000216e+01 5.846189014196685153e-12
2.900300000000000011e+01 9.119946674168040146e-11
2.994849999999999923e+01 2.414489659367184485e-11
3.120949999999999847e+01 5.375628214252318680e-12
3.215500000000000114e+01 4.055013448986007914e-12
3.310049999999999670e+01 3.418929058779340512e-12
3.404599999999999937e+01 1.070760394262649117e-10
3.499200000000000443e+01 8.963402796521743365e-11
3.593800000000000239e+01 2.914689516760860422e-11
3.688349999999999795e+01 6.807393880613434835e-11
3.814450000000000074e+01 4.681348265249762994e-11
3.909000000000000341e+01 3.544804586515290740e-11
4.003600000000000136e+01 4.106852639016810785e-11
4.098199999999999932e+01 1.445081359358792728e-11
4.192750000000000199e+01 5.578681917706673530e-12
4.318849999999999767e+01 2.415373846602537708e-11
4.413400000000000034e+01 1.300146523194095532e-11
4.507999999999999829e+01 9.387811001684445813e-12
4.602600000000000335e+01 1.044461170292911565e-11
4.697149999999999892e+01 7.744300937246899460e-12
4.791700000000000159e+01 1.316413413763889592e-10
4.886299999999999955e+01 5.210524424706818217e-11
5.012399999999999523e+01 9.748843405389482187e-12
5.107000000000000028e+01 4.691290200075069478e-12
5.201550000000000296e+01 1.668897126917606047e-12
5.296099999999999852e+01 1.891003353160662609e-12
5.390699999999999648e+01 4.500445905847904731e-12
5.516799999999999926e+01 1.778942676249493575e-11
5.611399999999999721e+01 5.452457623715965895e-12
5.705949999999999989e+01 6.641298411390083840e-12
5.800500000000000256e+01 4.516398962277890119e-12
5.895100000000000051e+01 1.114088573471041255e-10
5.989699999999999847e+01 7.509176268124615697e-11
6.084250000000000114e+01 2.723512019062390946e-11
6.210349999999999682e+01 5.295913959011354845e-11
6.304899999999999949e+01 2.609710295824445628e-11
6.399500000000000455e+01 1.650669267450443576e-11
6.493999999999999773e+01 8.427374600766780369e-12
6.588599999999999568e+01 1.327735815242684293e-11
6.714699999999999136e+01 2.448170603049098083e-11
6.809300000000000352e+01 4.384219596602108292e-11
6.903849999999999909e+01 1.673468619004011927e-11
6.998399999999999466e+01 6.585553753257566185e-12
7.093000000000000682e+01 1.371664875902314281e-11
7.187600000000000477e+01 2.882652546690860706e-11
7.282150000000000034e+01 5.342159775951822635e-11
7.408249999999999602e+01 1.307879059421190588e-10
7.502800000000000580e+01 1.290601896471372727e-10
7.597400000000000375e+01 4.004769607556911525e-11
7.692000000000000171e+01 1.816737994524930631e-11
7.786549999999999727e+01 5.639762803680010822e-12
7.912649999999999295e+01 5.240508796562883414e-11
8.007200000000000273e+01 1.432822190555052569e-10
8.101800000000000068e+01 4.101722351064001209e-11
8.196399999999999864e+01 2.099869467841671412e-10
8.290949999999999420e+01 2.517407488474509256e-10
8.385500000000000398e+01 5.316089683216229558e-11
8.480100000000000193e+01 2.442371233430251323e-11
8.606199999999999761e+01 1.713295703160366204e-10
8.700799999999999557e+01 2.943013802727202615e-10
8.795350000000000534e+01 5.584387973687855349e-11
8.889900000000000091e+01 6.892746381741090243e-11
8.984499999999999886e+01 1.891545580127979528e-10
9.110599999999999454e+01 1.080748687101608322e-10
9.205200000000000671e+01 1.747399869511269071e-11
9.299750000000000227e+01 2.279427956249888306e-11
9.394299999999999784e+01 6.341504412028120635e-11
9.488899999999999579e+01 1.803500890913961318e-11
9.583499999999999375e+01 9.042578735653204278e-11
9.678000000000000114e+01 1.030679590290618830e-10
9.804099999999999682e+01 1.349646214413665307e-11
9.898699999999999477e+01 9.231925665763833426e-11
9.993250000000000455e+01 1.514074512237965638e-10
1.008780000000000001e+02 1.877985777641655665e-10
1.018239999999999981e+02 7.759456975976602074e-11
1.027699999999999960e+02 1.510748942579864364e-11
1.037155000000000058e+02 6.815540479038272858e-12
1.049765000000000015e+02 3.024803153386143805e-12
1.059219999999999970e+02 1.297156269169415876e-12
1.068679999999999950e+02 4.889292529891039701e-12
1.078139999999999930e+02 4.455457434304993291e-12
1.087595000000000027e+02 3.623553301955713594e-12
1.100204999999999984e+02 2.076261636983446727e-11
1.109659999999999940e+02 2.997728514382316551e-11
1.119120000000000061e+02 2.077763892534423446e-11
1.128580000000000041e+02 1.086656542034841138e-10
1.138034999999999997e+02 1.338846143372931780e-10
1.147489999999999952e+02 4.056881281741288363e-11
1.156949999999999932e+02 1.727587904937173204e-11
1.169560000000000031e+02 4.390472055700989471e-11
1.179020000000000010e+02 5.357871566713068838e-11
1.188474999999999966e+02 1.700769707512875325e-11
1.197930000000000064e+02 5.280709767627938880e-12
1.207390000000000043e+02 5.088111496509019321e-11
1.220000000000000000e+02 5.139760720906931158e-11
1.229459999999999980e+02 1.821345340111182854e-11
1.238914999999999935e+02 9.109336855469626622e-12
1.248370000000000033e+02 7.094018209905425099e-12
1.257830000000000013e+02 9.225456402745494134e-12
1.267289999999999992e+02 5.113194333336626327e-12
1.276744999999999948e+02 7.278257026658864702e-12
1.289350000000000023e+02 1.010309014986440014e-11
1.298810000000000002e+02 8.568253340423186285e-12
1.308265000000000100e+02 1.676673638111864331e-11
1.317719999999999914e+02 8.100135781202006525e-11
1.327179999999999893e+02 8.360643107474165937e-11
1.339789999999999850e+02 1.506488106779595655e-11
1.349250000000000114e+02 2.825480399647987496e-11
1.358704999999999927e+02 2.581865832391583886e-11
1.368160000000000025e+02 1.093936968042405459e-11
1.377620000000000005e+02 9.352819049927273520e-12
1.387079999999999984e+02 1.775792833313255290e-11
1.396535000000000082e+02 6.468518728246620955e-11
1.409144999999999754e+02 2.449819765423155008e-10
1.418600000000000136e+02 4.607785979369839875e-11
1.428060000000000116e+02 1.949474163260513886e-11
1.437520000000000095e+02 7.883014019724220336e-11
1.446974999999999909e+02 1.136966274354311350e-10
1.459585000000000150e+02 4.685086357333256888e-11
1.469039999999999964e+02 2.485949482146303092e-11
1.478499999999999943e+02 7.954900893387089321e-12
1.487959999999999923e+02 9.687066897981114726e-12
1.497414999999999736e+02 2.988912282071160469e-11
1.506870000000000118e+02 1.266462395318289898e-11
1.516330000000000098e+02 7.178753587606482876e-12
1.528940000000000055e+02 1.128320512316324217e-11
1.538400000000000034e+02 7.328115385633867859e-12
1.547855000000000132e+02 4.313363110844947192e-11
1.557309999999999945e+02 4.200415950115324884e-11
1.566769999999999925e+02 9.962033795354283760e-12
1.579379999999999882e+02 3.604591447132903262e-11
1.588839999999999861e+02 1.237634191645887377e-10
1.598290000000000077e+02 4.756398038415307303e-11
1.607750000000000057e+02 9.806009258228666423e-12
1.617205000000000155e+02 2.092589581099507688e-11
1.626659999999999968e+02 1.635280654141734855e-11
1.636119999999999948e+02 5.965524819550124339e-12
1.648729999999999905e+02 7.499767234281761820e-12
1.658189999999999884e+02 4.065297181903292792e-12
1.667644999999999982e+02 1.585866919516452979e-11
1.677100000000000080e+02 8.631619727861242227e-11
1.686560000000000059e+02 6.577907290250826607e-11
1.699170000000000016e+02 9.411818848103312821e-11
1.708629999999999995e+02 1.011095782705959063e-10
1.718084999999999809e+02 2.559514592227413223e-11
1.727539999999999907e+02 7.647021283636548542e-12
1.736999999999999886e+02 1.082887363905973080e-11
1.746459999999999866e+02 1.524727730436024116e-11
1.755914999999999964e+02 5.651919488793563985e-12
1.768525000000000205e+02 2.644872159921163723e-11
1.777980000000000018e+02 4.809415502564009792e-11
1.787439999999999998e+02 1.609078794298496917e-11
1.796899999999999977e+02 6.008862952714268771e-12
1.806354999999999791e+02 1.010113353603086727e-11
1.818965000000000032e+02 3.244597564726597114e-11
1.828420000000000130e+02 3.140453005815092033e-11
1.837880000000000109e+02 9.789064813520386986e-11
1.847340000000000089e+02 2.328049975534986487e-10
1.856795000000000186e+02 2.699393098165792936e-10
1.866250000000000000e+02 2.349591156739436675e-10
1.875709999999999980e+02 8.422704775375221381e-11
1.888319999999999936e+02 1.495158622586624344e-11
1.897779999999999916e+02 2.658840582832913560e-11
1.907235000000000014e+02 1.333779350416029061e-11
1.916690000000000111e+02 2.161186763342132379e-11
1.926145000000000209e+02 1.256223032109588375e-10
1.935600000000000023e+02 2.412638750491742751e-11
1.945060000000000002e+02 8.380082678243949828e-12
1.957669999999999959e+02 1.382209436547395080e-11
1.967129999999999939e+02 5.908704879679553023e-11
1.976585000000000036e+02 9.357648992937731419e-11
1.986040000000000134e+02 2.921408570020160418e-11
1.995500000000000114e+02 4.728108986436612184e-11
2.008110000000000070e+02 6.971061475750681782e-11
2.017570000000000050e+02 3.273348904151667712e-11
2.027024999999999864e+02 2.127206056529154520e-11
2.036479999999999961e+02 3.180477290538054660e-11
2.045939999999999941e+02 1.070618136209266903e-10
2.055399999999999920e+02 3.501807745187344686e-11
2.064855000000000018e+02 2.923984566021595236e-11
2.077465000000000259e+02 1.573645977086250781e-10
2.086920000000000073e+02 1.563839933730645358e-10
2.096380000000000052e+02 9.936359563186292076e-11
2.105840000000000032e+02 2.917375281664240735e-10
2.116346666666666749e+02 1.097977154860055914e-10
2.127905000000000086e+02 7.985063913059088208e-11
2.137359999999999900e+02 7.167905960317835577e-11
2.146820000000000164e+02 8.282614915892801395e-11
2.156279999999999859e+02 9.589419084840043812e-11
2.165735000000000241e+02 2.588785271707139079e-11
2.175190000000000055e+02 4.307172832907390463e-11
2.184650000000000034e+02 6.547638260415279769e-11
2.197259999999999991e+02 1.565683847476024833e-10
2.206719999999999970e+02 4.087825033782162504e-11
2.216175000000000068e+02 2.461175688479623532e-11
2.225629999999999882e+02 1.171365150055635975e-10
2.235090000000000146e+02 1.704886264622237886e-10
2.247694999999999936e+02 2.769474534435754037e-11
2.257150000000000034e+02 2.749744227074656268e-11
2.266610000000000014e+02 1.464433968445401766e-11
2.276069999999999993e+02 3.148417364098333835e-11
2.285525000000000091e+02 1.885893820016776098e-10
2.294979999999999905e+02 9.903581934494602339e-11
2.304439999999999884e+02 3.688584914587540393e-11
2.317049999999999841e+02 8.440911435989027231e-11
2.326510000000000105e+02 2.492253984176149741e-10
2.335964999999999918e+02 2.134410785339607021e-10
2.345420000000000016e+02 1.801740741047342190e-10
2.354879999999999995e+02 1.614372187338755412e-10
2.367489999999999952e+02 2.801541376223206035e-11
2.376949999999999932e+02 1.306448513132826269e-10
2.386404999999999745e+02 1.557025459746864368e-10
2.395860000000000127e+02 1.766819968331057456e-11
2.405320000000000107e+02 4.051586174621333193e-11
2.414780000000000086e+02 1.156091741803316195e-10
2.424234999999999900e+02 6.817620096320598693e-11
2.436845000000000141e+02 7.780147183319476637e-11
2.446299999999999955e+02 1.264713920940329965e-11
2.455759999999999934e+02 1.070394302696989656e-11
2.465219999999999914e+02 1.558806826173172414e-11
2.474674999999999727e+02 1.506770984967889291e-11
2.487284999999999968e+02 2.100119937058869452e-11
2.496740000000000066e+02 1.500003591652677261e-11
2.506200000000000045e+02 7.234824778307038598e-12
2.515660000000000025e+02 7.716001420852092977e-12
2.525115000000000123e+02 1.314507801250089628e-11
2.534569999999999936e+02 4.427843871076372625e-12
2.544029999999999916e+02 9.493512622119424605e-12
2.556639999999999873e+02 2.377724465434573393e-11
2.566089999999999804e+02 2.368603130545576762e-11
2.575550000000000068e+02 7.928080244671947540e-12
2.585009999999999764e+02 1.528242590858653138e-11
2.594465000000000146e+02 3.206124936831440173e-11
2.607074999999999818e+02 4.490081348682238196e-11
2.616530000000000200e+02 1.186840339006849408e-11
2.625989999999999895e+02 4.755562316660322769e-12
2.635450000000000159e+02 6.859497449302269261e-12
2.644904999999999973e+02 3.590148353590091350e-12
2.654359999999999786e+02 2.818332955194896452e-12
2.663820000000000050e+02 4.200334528772273903e-12
2.676430000000000291e+02 1.913187950023741737e-12
2.685889999999999986e+02 4.053146476201472101e-12
2.695344999999999800e+02 5.146063318452890783e-12
2.704800000000000182e+02 3.331135501344852402e-12
2.714259999999999877e+02 1.425308473557203909e-10
2.726870000000000118e+02 8.481071743222284302e-11
2.736329999999999814e+02 1.852218846795138255e-11
2.745784999999999627e+02 3.476676782359901217e-11
2.755240000000000009e+02 9.821827422255970017e-11
2.764700000000000273e+02 1.089481307230412769e-10
2.774159999999999968e+02 1.200306889729083631e-10
2.783614999999999782e+02 4.203443431627610970e-11
2.796225000000000023e+02 7.812231841756526246e-11
2.805679999999999836e+02 2.670498257600088879e-11
2.815140000000000100e+02 7.705982480562902127e-11
2.824599999999999795e+02 2.416530600324737241e-11
2.834054999999999609e+02 1.604104548805873951e-11
2.843509999999999991e+02 3.792209299928545463e-11
2.852970000000000255e+02 1.253979004204129476e-10
2.865579999999999927e+02 1.814487805062845190e-11
2.875040000000000191e+02 2.415418003061974915e-11
2.884490000000000123e+02 1.261461732480129487e-10
2.893949999999999818e+02 2.668039770157671164e-11
2.903405000000000200e+02 1.392887874728365640e-11
2.916014999999999873e+02 4.224007147258169973e-12
2.925470000000000255e+02 1.314898708914020629e-12
2.934929999999999950e+02 2.587022708670198806e-11
2.944390000000000214e+02 1.535296638152567310e-10
2.953845000000000027e+02 3.645677891660234314e-11
2.963299999999999841e+02 8.359730923741237592e-12
2.972760000000000105e+02 9.115027012444446096e-12
2.985369999999999777e+02 1.887563650477621369e-11
2.994830000000000041e+02 5.214255392397054186e-11
3.004284999999999854e+02 2.950750066469978789e-11
3.013740000000000236e+02 9.910425449927862024e-12
3.023199999999999932e+02 6.464861843419661742e-12
3.035810000000000173e+02 1.899278798548479370e-11
3.045269999999999868e+02 9.384092909007819066e-12
3.054724999999999682e+02 1.129944749928586046e-11
3.064180000000000064e+02 6.995073770415081570e-11
3.073639999999999759e+02 4.579792929859187012e-11
3.083100000000000023e+02 4.800564386492193921e-11
3.092554999999999836e+02 5.119209606724840213e-11
3.105165000000000077e+02 7.532785369890503752e-12
3.114619999999999891e+02 4.282449979374670058e-12
3.124080000000000155e+02 5.505024199582638009e-12
3.133539999999999850e+02 8.012947530376670231e-12
3.142994999999999663e+02 6.010240653798089061e-12
3.155604999999999905e+02 2.322938234083350662e-12
3.165059999999999718e+02 5.709424034830750797e-12
3.174519999999999982e+02 1.697225719897323765e-11
3.183980000000000246e+02 2.465995608984318420e-11
3.193435000000000059e+02 7.400156777279292785e-11
3.202889999999999873e+02 4.291333816236587187e-11
3.212345000000000255e+02 2.490164056535413099e-11
3.224954999999999927e+02 6.791465226147443307e-12
3.234409999999999741e+02 1.995226934621115029e-12
3.243870000000000005e+02 3.083469203596274675e-12
3.253330000000000268e+02 1.612843762429584850e-11
3.262785000000000082e+02 1.916998766321227910e-11
3.275394999999999754e+02 9.537049871936001002e-12
3.284850000000000136e+02 1.256875610657503172e-11
3.294309999999999832e+02 2.637593533306646068e-11
3.303770000000000095e+02 1.887088634330987114e-11
3.313224999999999909e+02 1.182838509594976935e-11
3.322679999999999723e+02 2.087335690244918532e-11
3.332139999999999986e+02 5.114470693323889290e-11
3.344750000000000227e+02 4.240756360859842085e-11
3.354209999999999923e+02 6.110718798746343311e-11
3.363664999999999736e+02 2.021151788964891495e-11
3.373120000000000118e+02 1.736969925330239428e-10
3.382579999999999814e+02 2.482018334090055008e-10
3.395190000000000055e+02 3.081697495313474001e-11
3.404649999999999750e+02 2.167665666703309671e-11
3.414105000000000132e+02 1.559576987994312874e-10
3.423559999999999945e+02 1.723821523373765003e-10
3.433020000000000209e+02 2.523272427635303442e-11
3.442479999999999905e+02 6.413458648847650211e-12
3.451934999999999718e+02 8.440869980616339209e-12
3.464544999999999959e+02 4.101784959037090714e-12
3.473999999999999773e+02 3.481707627699006688e-12
3.483460000000000036e+02 3.999125861872204428e-12
3.492919999999999732e+02 1.082660516857203004e-11
3.502375000000000114e+02 8.695354234306242855e-12
3.514985000000000355e+02 8.049147035499360084e-12
3.524440000000000168e+02 2.107134699430552727e-11
3.533894999999999982e+02 8.019445620714694732e-12
3.543349999999999795e+02 5.074488807468956087e-12
3.552810000000000059e+02 1.440137308941353676e-11
3.562269999999999754e+02 2.546785091736084457e-11
3.571725000000000136e+02 2.205603828152858842e-11
3.584334999999999809e+02 1.307521804527002513e-11
3.593790000000000191e+02 7.328115385633867859e-12
3.603249999999999886e+02 6.000726903704101703e-12
3.612710000000000150e+02 5.146266813996725379e-12
3.622164999999999964e+02 3.905823772493846722e-11
3.634774999999999636e+02 5.075389508810538397e-11
3.644230000000000018e+02 2.322160850313567649e-11
3.653690000000000282e+02 1.958347960694026571e-11
3.663149999999999977e+02 6.549261011208283645e-11
3.672604999999999791e+02 1.392507929280599110e-11
3.682060000000000173e+02 4.387249154460131352e-11
3.691519999999999868e+02 3.540854665870710659e-11
3.704130000000000109e+02 1.112545350269551708e-11
3.713589999999999804e+02 1.231947779063797971e-10
3.723044999999999618e+02 4.341415542767652932e-11
3.732500000000000000e+02 7.872130753007772424e-12
3.741960000000000264e+02 3.876185179814110696e-12
3.754569999999999936e+02 1.473905351725389670e-10
