   0.0000E+00   8.1065E-18   3.6496E-15   1.0000E-13
   2.0000E-01  -1.2600E+01
   4.0000E-01  -1.2700E+01
   6.0000E-01  -1.2800E+01
   8.0000E-01  -1.2900E+01
   1.0000E+00  -1.3000E+01
   1.2000E+00  -1.3100E+01
   1.4000E+00  -1.3200E+01
   1.6000E+00  -1.3300E+01
   1.8000E+00  -1.3400E+01
   2.0000E+00  -1.3500E+01
   2.2000E+00  -1.3600E+01
   2.4000E+00  -1.3700E+01
   2.6000E+00  -1.3800E+01
   2.8000E+00  -1.3900E+01
   3.0000E+00  -1.4000E+01
   3.2000E+00  -1.4100E+01
   3.4000E+00  -1.4200E+01
   3.6000E+00  -1.4300E+01
   3.8000E+00  -1.4400E+01
   4.0000E+00  -1.4500E+01
   4.2000E+00  -1.4600E+01
   4.4000E+00  -1.4700E+01
   4.6000E+00  -1.4800E+01
   4.8000E+00  -1.4900E+01
   5.0000E+00  -1.5000E+01
   5.2000E+00  -1.5100E+01
   5.4000E+00  -1.5200E+01
   5.6000E+00  -1.5300E+01
   5.8000E+00  -1.5400E+01
   6.0000E+00  -1.5500E+01
   6.2000E+00  -1.5600E+01
   6.4000E+00  -1.5700E+01
   6.6000E+00  -1.5800E+01
   6.8000E+00  -1.5900E+01
   7.0000E+00  -1.6000E+01
   7.2000E+00  -1.6100E+01
   7.4000E+00  -1.6200E+01
   7.6000E+00  -1.6300E+01
   7.8000E+00  -1.6400E+01
   8.0000E+00  -1.6500E+01
   8.2000E+00  -1.6600E+01
   8.4000E+00  -1.6700E+01
   8.6000E+00  -1.6800E+01
   8.8000E+00  -1.6900E+01
   9.0000E+00  -1.7000E+01
   0.0000E+00   8.1065E-18   3.6496E-15   1.0000E-13
   2.0000E-01  -1.2600E+01
   4.0000E-01  -1.2700E+01
   6.0000E-01  -1.2800E+01
   8.0000E-01  -1.2900E+01
   1.0000E+00  -1.3000E+01
   1.2000E+00  -1.3100E+01
   1.4000E+00  -1.3200E+01
   1.6000E+00  -1.3300E+01
   1.8000E+00  -1.3400E+01
   2.0000E+00  -1.3500E+01
   2.2000E+00  -1.3600E+01
   2.4000E+00  -1.3700E+01
   2.6000E+00  -1.3800E+01
   2.8000E+00  -1.3900E+01
   3.0000E+00  -1.4000E+01
   3.2000E+00  -1.4100E+01
   3.4000E+00  -1.4200E+01
   3.6000E+00  -1.4300E+01
   3.8000E+00  -1.4400E+01
   4.0000E+00  -1.4500E+01
   4.2000E+00  -1.4600E+01
   4.4000E+00  -1.4700E+01
   4.6000E+00  -1.4800E+01
   4.8000E+00  -1.4900E+01
   5.0000E+00  -1.5000E+01
   5.2000E+00  -1.5100E+01
   5.4000E+00  -1.5200E+01
   5.6000E+00  -1.5300E+01
   5.8000E+00  -1.5400E+01
   6.0000E+00  -1.5500E+01
   6.2000E+00  -1.5600E+01
   6.4000E+00  -1.5700E+01
   6.6000E+00  -1.5800E+01
   6.8000E+00  -1.5900E+01
   7.0000E+00  -1.6000E+01
   7.2000E+00  -1.6100E+01
   7.4000E+00  -1.6200E+01
   7.6000E+00  -1.6300E+01
   7.8000E+00  -1.6400E+01
   8.0000E+00  -1.6500E+01
   8.2000E+00  -1.6600E+01
   8.4000E+00  -1.6700E+01
   8.6000E+00  -1.6800E+01
   8.8000E+00  -1.6900E+01
   9.0000E+00  -1.7000E+01
   5.0000E+00   8.0596E-18   4.7510E-06   2.8560E-12
   2.0000E-01  -1.4681E+01
   4.0000E-01  -1.4721E+01
   6.0000E-01  -1.4735E+01
   8.0000E-01  -1.4746E+01
   1.0000E+00  -1.4743E+01
   1.2000E+00  -1.4752E+01
   1.4000E+00  -1.4754E+01
   1.6000E+00  -1.4773E+01
   1.8000E+00  -1.4787E+01
   2.0000E+00  -1.4821E+01
   2.2000E+00  -1.4851E+01
   2.4000E+00  -1.4840E+01
   2.6000E+00  -1.4570E+01
   2.8000E+00  -1.2666E+01
   3.0000E+00  -1.0688E+01
   3.2000E+00  -8.7747E+00
   3.4000E+00  -7.1023E+00
   3.6000E+00  -5.6682E+00
   3.8000E+00  -4.4548E+00
   4.0000E+00  -4.6686E+00
   4.2000E+00  -4.8883E+00
   4.4000E+00  -5.1173E+00
   4.6000E+00  -5.3607E+00
   4.8000E+00  -5.6240E+00
   5.0000E+00  -5.9129E+00
   5.2000E+00  -6.2328E+00
   5.4000E+00  -6.6015E+00
   5.6000E+00  -7.0832E+00
   5.8000E+00  -1.7420E+01
   6.0000E+00  -1.7372E+01
   6.2000E+00  -1.7339E+01
   6.4000E+00  -1.7316E+01
   6.6000E+00  -1.7299E+01
   6.8000E+00  -1.7286E+01
   7.0000E+00  -1.7274E+01
   7.2000E+00  -1.7263E+01
   7.4000E+00  -1.7253E+01
   7.6000E+00  -1.7243E+01
   7.8000E+00  -1.7236E+01
   8.0000E+00  -1.7230E+01
   8.2000E+00  -1.7225E+01
   8.4000E+00  -1.7221E+01
   8.6000E+00  -1.7219E+01
   8.8000E+00  -1.7218E+01
   9.0000E+00  -1.7217E+01
