0 1.
 -43.0258512
 -43.9468853
 -44.8679193
 -45.7889534
 -46.7099874
 -47.6310216
 -48.5520556
 -49.4730896
 -50.3941236
 -51.315158
 -52.236192
 -53.157226
 -54.07826
 -54.999294
 -55.9203279
 -56.8413619
 -57.7623959
 -58.6834299
 -59.6044648
 -60.5254978
 -61.4465328
 -62.3675658
 -63.2886007
 -64.2096338
 -65.1306687
 -66.0517017
 -66.9727367
 -67.8937697
 -68.8148046
 -69.7358377
 -70.6568726
 -71.5779056
 -72.4989405
 -73.4199736
 -74.3410085
 -30.9336072
 -32.0848999
 -33.2361927
 -34.3874856
 -35.5387786
 -36.690072
 -37.8413658
 -38.9926605
 -40.1439566
 -41.2952549
 -42.4465566
 -43.5978642
 -44.7491806
 -45.9005112
 -47.0515863
 -47.0346528
 -40.24378
 -33.803634
 -28.1707346
 -29.5619839
 -30.9535171
 -32.3454873
 -33.7381613
 -35.1319234
 -36.5274324
 -37.9257149
 -39.3309911
 -40.8152443
 -63.2831423
 -64.5169222
 -65.8357827
 -67.3364289
 -69.0963574
 -70.7694537
 -71.805355
 -72.6330011
 -73.4803562
 -74.3517802
 -75.238814
 -76.1362997
 -77.0383629
 -77.9460621
 -78.8581798
 -79.7732576
 -80.6904794
  2.22365158
  0.382022927
 -1.45328688
 -3.1951458
 -4.12857128
 -3.66707237
 -2.90045259
 -2.30293013
 -2.30159441
 -4.19810476
 -11.4995911
 -16.4461138
 -17.215892
 -17.8804075
 -18.509624
 -19.1281107
 -19.7434367
 -20.3578517
 -20.9776371
 -21.5896592
 -22.2078643
 -22.8230544
 -23.4591526
 -24.1049808
 -24.772727
 -25.4940904
 -26.3270149
 -27.3914747
 -28.8760591
 -30.699534
 -32.5520602
 -34.4057231
 -36.2620685
 -38.1256859
 -40.0103972
 -41.9568581
 -44.0804027
 -46.7105967
 -51.0201338
 -60.0331123
 -61.3906073
 -62.0442807
 -62.7228466
 -63.4359862
 -64.2013958
 -65.0458844
 -66.0069807
 -67.134741
 -68.4728557
 -69.9813605
 -71.5794731
 -73.2319395
 -74.9237986
 -76.651874
 -78.4288675
 -80.3350487
 -82.3613282
 -84.5175929
 -86.8789281
 -89.6637615
 -93.0599107
 -110.088887
 -111.949991
 -113.799598
 -115.639984
 -117.481265
 -119.335093
 -121.205244
 -200.
 -30.5480609
 -20.3969779
 -21.7877393
 -23.1785007
 -24.5692621
 -25.9600235
 -27.3507849
 -28.7415463
 -30.1323077
 -31.5230691
 -32.9138305
 -34.3045919
 -35.6953533
 -37.0861147
 -38.4768761
 -39.8676375
 -41.2583989
 -42.6491603
 -44.0399217
 -45.4306831
 -46.8214445
 -48.2122059
 -49.6029673
 -50.9937287
 -52.3844901
 -53.7752515
 -55.1660128
 -56.5567742
 -57.9475356
 -59.338297
 -60.7290584
 -62.1198198
 -63.5105812
 -64.9013426
 -66.292104
 -67.6828654
 -69.0736268
 -70.4643882
 -71.8551496
 -73.245911
 -74.6366724
 -76.0274338
 -77.4181952
 -78.8089566
 -80.199718
 -81.5904794
 -63.0258512
 -64.9468853
 -65.8679193
 -66.7889534
 -67.7099874
 -68.6310216
 -69.5520556
 -70.4730896
 -71.3941236
 -72.315158
 -73.236192
 -74.157226
 -75.07826
 -75.999294
 -76.9203279
 -77.8413619
 -78.7623959
 -79.6834299
 -80.6044648
 -81.5254978
 -82.4465328
 -83.3675658
 -84.2886007
 -85.2096338
 -86.1306687
 -87.0517017
 -87.9727367
 -88.8937697
 -89.8148046
 -90.7358377
 -91.6568726
 -92.5779056
 -93.4989405
 -94.4199736
 -94.3410085
