9.455000000000000071e-01 1.628652045706574268e-12
2.206500000000000128e+00 1.741259946121802397e-11
3.152000000000000135e+00 5.523375632370927090e-11
4.097999999999999865e+00 1.105462492670578377e-11
5.043999999999999595e+00 5.339209615924391062e-11
5.989499999999999602e+00 2.162398926784878633e-11
7.250499999999999723e+00 7.346308211748648791e-12
8.195999999999999730e+00 7.660321262158897998e-12
9.141999999999999460e+00 2.297454576969318610e-12
1.008799999999999919e+01 3.779472656585376066e-12
1.103350000000000009e+01 3.272035511953535422e-12
1.197899999999999920e+01 8.996838502914880278e-13
1.292500000000000071e+01 6.327474737361863065e-12
1.418599999999999994e+01 7.213891152439277198e-12
1.513199999999999967e+01 7.299692029413624840e-12
1.607750000000000057e+01 2.033390403369254048e-11
1.702299999999999969e+01 1.703462041279426406e-11
1.796900000000000119e+01 1.655683902909955458e-11
1.923000000000000043e+01 6.810841261478646825e-12
2.017599999999999838e+01 5.152205207272187003e-12
2.112150000000000105e+01 1.154066141348009415e-11
2.206700000000000017e+01 2.123919374647591074e-11
2.301299999999999812e+01 8.028151470370843968e-12
2.395899999999999963e+01 4.015213014055431489e-12
2.490449999999999875e+01 9.440955931647520935e-12
2.616550000000000153e+01 1.453029778236131809e-11
2.711100000000000065e+01 2.596519212167590399e-12
2.805700000000000216e+01 4.469453474191773144e-12
2.900300000000000011e+01 6.630899002973499769e-11
2.994849999999999923e+01 1.337601396399320554e-11
3.120949999999999847e+01 2.648077931523119426e-12
3.215500000000000114e+01 1.951171937819833708e-12
3.310049999999999670e+01 1.947664912917450157e-12
3.404599999999999937e+01 8.209243346798156738e-11
3.499200000000000443e+01 4.849506418125748436e-11
3.593800000000000239e+01 1.500120367716839343e-11
3.688349999999999795e+01 4.040990498530129391e-11
3.814450000000000074e+01 2.392793593597492089e-11
3.909000000000000341e+01 2.012463739304359106e-11
4.003600000000000136e+01 2.325869113634221530e-11
4.098199999999999932e+01 7.068963037467496748e-12
4.192750000000000199e+01 2.420399393569814697e-12
4.318849999999999767e+01 1.823342486587277447e-11
4.413400000000000034e+01 7.324738429330606806e-12
4.507999999999999829e+01 5.256331673011420081e-12
4.602600000000000335e+01 6.301114087889525261e-12
4.697149999999999892e+01 4.588326017062157774e-12
4.791700000000000159e+01 8.995063128803896464e-11
4.886299999999999955e+01 2.782966551051490338e-11
5.012399999999999523e+01 4.943464024595741246e-12
5.107000000000000028e+01 2.185111155182524860e-12
5.201550000000000296e+01 5.627258859346988388e-13
5.296099999999999852e+01 6.407945404603434334e-13
5.390699999999999648e+01 2.580025744303473525e-12
5.516799999999999926e+01 1.333569055620452467e-11
5.611399999999999721e+01 3.050047526951281603e-12
5.705949999999999989e+01 4.085184378395867491e-12
5.800500000000000256e+01 2.380427487046723149e-12
5.895100000000000051e+01 7.150768113749603530e-11
5.989699999999999847e+01 4.094258917871949099e-11
6.084250000000000114e+01 1.457808133160118520e-11
6.210349999999999682e+01 3.188711871823508028e-11
6.304899999999999949e+01 1.317456399170127278e-11
6.399500000000000455e+01 8.776049067234047759e-12
6.493999999999999773e+01 4.212411766898501432e-12
6.588599999999999568e+01 8.910310920202571314e-12
6.714699999999999136e+01 1.554435083780116824e-11
6.809300000000000352e+01 2.707096690438215645e-11
6.903849999999999909e+01 8.659435400550014802e-12
6.998399999999999466e+01 3.032123727170928993e-12
7.093000000000000682e+01 9.302689402222515836e-12
7.187600000000000477e+01 1.918498918158138878e-11
7.282150000000000034e+01 3.205792732400481304e-11
7.408249999999999602e+01 6.821445459686019914e-11
7.502800000000000580e+01 6.578648942966428244e-11
7.597400000000000375e+01 1.994497478062027010e-11
7.692000000000000171e+01 9.619961366789777756e-12
7.786549999999999727e+01 2.704004849421653493e-12
7.912649999999999295e+01 3.906365620744275406e-11
8.007200000000000273e+01 7.553449743043232513e-11
8.101800000000000068e+01 2.096105423829292315e-11
8.196399999999999864e+01 1.133867456757980920e-10
8.290949999999999420e+01 1.613651488050023475e-10
8.385500000000000398e+01 3.845017030990778046e-11
8.480100000000000193e+01 1.616463485787930320e-11
8.606199999999999761e+01 9.011325752587906545e-11
8.700799999999999557e+01 1.614521277764146922e-10
8.795350000000000534e+01 3.542033370995939120e-11
8.889900000000000091e+01 5.146672593546488208e-11
8.984499999999999886e+01 9.929141035153772421e-11
9.110599999999999454e+01 5.980297220355423317e-11
9.205200000000000671e+01 8.987668411110348389e-12
9.299750000000000227e+01 1.606676151701579399e-11
9.394299999999999784e+01 3.841162513062111230e-11
9.488899999999999579e+01 9.227016621065304650e-12
9.583499999999999375e+01 7.912638490029538703e-11
9.678000000000000114e+01 5.528142680917454292e-11
9.804099999999999682e+01 7.344239978560653676e-12
9.898699999999999477e+01 6.574831666661913285e-11
9.993250000000000455e+01 7.965516262100398208e-11
1.008780000000000001e+02 9.756891945647262399e-11
1.018239999999999981e+02 4.098834059457485573e-11
1.027699999999999960e+02 7.296355396666010971e-12
1.037155000000000058e+02 3.061933462066739556e-12
1.049765000000000015e+02 1.192373301106155538e-12
1.059219999999999970e+02 3.362898896567598104e-13
1.068679999999999950e+02 3.389412653912305106e-12
1.078139999999999930e+02 2.734890826898857259e-12
1.087595000000000027e+02 2.039694619378551653e-12
1.100204999999999984e+02 1.537847747582833442e-11
1.109659999999999940e+02 1.846174017032088540e-11
1.119120000000000061e+02 1.183099814950131724e-11
1.128580000000000041e+02 7.146938073647158970e-11
1.138034999999999997e+02 6.876660827322929041e-11
1.147489999999999952e+02 2.121804285298855343e-11
1.156949999999999932e+02 8.663789586398904209e-12
1.169560000000000031e+02 2.890959106904941537e-11
1.179020000000000010e+02 2.896643439950865907e-11
1.188474999999999966e+02 8.300353155670706063e-12
1.197930000000000064e+02 2.170547018975244321e-12
1.207390000000000043e+02 3.619998142073625858e-11
1.220000000000000000e+02 2.724040180404606062e-11
1.229459999999999980e+02 9.258069773192676825e-12
1.238914999999999935e+02 4.482923687674317161e-12
1.248370000000000033e+02 3.783582001022968228e-12
1.257830000000000013e+02 5.606991730398481892e-12
1.267289999999999992e+02 2.532485387199155874e-12
1.276744999999999948e+02 4.808402646405378711e-12
1.289350000000000023e+02 6.298905829910760745e-12
1.298810000000000002e+02 5.026178692236432094e-12
1.308265000000000100e+02 1.135370882943720302e-11
1.317719999999999914e+02 5.522281393637581358e-11
1.327179999999999893e+02 4.309748820970581675e-11
1.339789999999999850e+02 7.192936007223222178e-12
1.349250000000000114e+02 2.067823453411958327e-11
1.358704999999999927e+02 1.507253521379247009e-11
1.368160000000000025e+02 5.582519342033633905e-12
1.377620000000000005e+02 5.165178744793997143e-12
1.387079999999999984e+02 1.261069477200833510e-11
1.396535000000000082e+02 4.041313040492446802e-11
1.409144999999999754e+02 1.256051152892489276e-10
1.418600000000000136e+02 2.703954553012243840e-11
1.428060000000000116e+02 1.268504845563367660e-11
1.437520000000000095e+02 5.193325026461599306e-11
1.446974999999999909e+02 5.982268345927767358e-11
1.459585000000000150e+02 2.391193724446736049e-11
1.469039999999999964e+02 1.298870186385428050e-11
1.478499999999999943e+02 3.758623141619125783e-12
1.487959999999999923e+02 7.305353696364369837e-12
1.497414999999999736e+02 2.088239481464119962e-11
1.506870000000000118e+02 6.760221834156827877e-12
1.516330000000000098e+02 3.582094308315225631e-12
1.528940000000000055e+02 7.286326877849590284e-12
1.538400000000000034e+02 4.062833650072525375e-12
1.547855000000000132e+02 3.147292306348156541e-11
1.557309999999999945e+02 2.336352069438346686e-11
1.566769999999999925e+02 5.030315253884453486e-12
1.579379999999999882e+02 2.609452785837059146e-11
1.588839999999999861e+02 6.793633098441597718e-11
1.598290000000000077e+02 2.379762924380411128e-11
1.607750000000000057e+02 4.357133493437442689e-12
1.617205000000000155e+02 1.448752340404085968e-11
1.626659999999999968e+02 9.605335954683828257e-12
1.636119999999999948e+02 3.157782669630618203e-12
1.648729999999999905e+02 4.614250087109685966e-12
1.658189999999999884e+02 1.871997209807135030e-12
1.667644999999999982e+02 1.306526332430486446e-11
1.677100000000000080e+02 5.559416152554374477e-11
1.686560000000000059e+02 3.417034781358502352e-11
1.699170000000000016e+02 5.222886733116484286e-11
1.708629999999999995e+02 5.174761216422418680e-11
1.718084999999999809e+02 1.252318722154891493e-11
1.727539999999999907e+02 3.324783153013410183e-12
1.736999999999999886e+02 6.753120801218651374e-12
1.746459999999999866e+02 9.568333629731153981e-12
1.755914999999999964e+02 2.932930251233030890e-12
1.768525000000000205e+02 2.352495259553394780e-11
1.777980000000000018e+02 2.902357556645430064e-11
1.787439999999999998e+02 8.439267431741591436e-12
1.796899999999999977e+02 2.733536693109472200e-12
1.806354999999999791e+02 7.409823536237979715e-12
1.818965000000000032e+02 2.117748168144625012e-11
1.828420000000000130e+02 1.833846788995548676e-11
1.837880000000000109e+02 5.515857363567965758e-11
1.847340000000000089e+02 1.130923971696255352e-10
1.856795000000000186e+02 1.485779577373608138e-10
1.866250000000000000e+02 1.502505220980221456e-10
1.875709999999999980e+02 5.575024364420450589e-11
1.888319999999999936e+02 9.041691037920342866e-12
1.897779999999999916e+02 1.814992699449620503e-11
1.907235000000000014e+02 7.500123140595995212e-12
1.916690000000000111e+02 2.130710886908743681e-11
1.926145000000000209e+02 7.054077215114995327e-11
1.935600000000000023e+02 1.232174446366844362e-11
1.945060000000000002e+02 3.942970043241919187e-12
1.957669999999999959e+02 9.165998114523575029e-12
1.967129999999999939e+02 4.351634180021542579e-11
1.976585000000000036e+02 4.936523875105637374e-11
1.986040000000000134e+02 1.431392917418042972e-11
1.995500000000000114e+02 2.995942757898320011e-11
2.008110000000000070e+02 3.650063875527164016e-11
2.017570000000000050e+02 1.725145897458320265e-11
2.027024999999999864e+02 1.138515579900002015e-11
2.036479999999999961e+02 2.533847913937386256e-11
2.045939999999999941e+02 5.826698371307437466e-11
2.055399999999999920e+02 1.762044174655756933e-11
2.064855000000000018e+02 1.627195674510238578e-11
2.077465000000000259e+02 8.018721971403379513e-11
2.086920000000000073e+02 8.741115738830437802e-11
2.096380000000000052e+02 5.857876266848034035e-11
2.105840000000000032e+02 1.417575630934994612e-10
2.116346666666666749e+02 6.580696855683773326e-11
2.127905000000000086e+02 4.901560123729131460e-11
2.137359999999999900e+02 3.787051044435175533e-11
2.146820000000000164e+02 4.876843685457532090e-11
2.156279999999999859e+02 4.972631934277522574e-11
2.165735000000000241e+02 1.411365040374746500e-11
2.175190000000000055e+02 2.696683223790070660e-11
2.184650000000000034e+02 4.083706583657467349e-11
2.197259999999999991e+02 7.969895117008057561e-11
2.206719999999999970e+02 2.171599818319054665e-11
2.216175000000000068e+02 1.421902319281225321e-11
2.225629999999999882e+02 7.280885101661823387e-11
2.235090000000000146e+02 8.601826621676596046e-11
2.247694999999999936e+02 1.557225975622875886e-11
2.257150000000000034e+02 1.626262437734225655e-11
2.266610000000000014e+02 7.771086185721225621e-12
2.276069999999999993e+02 2.502620538661025942e-11
2.285525000000000091e+02 1.004674560132705828e-10
2.294979999999999905e+02 5.571724011212318071e-11
2.304439999999999884e+02 2.015592025081308638e-11
2.317049999999999841e+02 4.942360581622232657e-11
2.326510000000000105e+02 1.204428015155958230e-10
2.335964999999999918e+02 1.202861055815477781e-10
2.345420000000000016e+02 1.088877719816679374e-10
2.354879999999999995e+02 9.040956446026625498e-11
2.367489999999999952e+02 1.578294380519105510e-11
2.376949999999999932e+02 8.481610962346129861e-11
2.386404999999999745e+02 8.317070860186584555e-11
2.395860000000000127e+02 9.914768545921992452e-12
2.405320000000000107e+02 2.950492107137673533e-11
2.414780000000000086e+02 6.232793173422798203e-11
2.424234999999999900e+02 3.826344264133972988e-11
2.436845000000000141e+02 3.967870095754223312e-11
2.446299999999999955e+02 5.844222133958317896e-12
2.455759999999999934e+02 5.988654045424717265e-12
2.465219999999999914e+02 1.002023733590801962e-11
2.474674999999999727e+02 9.083040739664796751e-12
2.487284999999999968e+02 1.293646142607129381e-11
2.496740000000000066e+02 8.283773034314522704e-12
2.506200000000000045e+02 3.535047434084542274e-12
2.515660000000000025e+02 4.393081807979574612e-12
2.525115000000000123e+02 9.087252925955389720e-12
2.534569999999999936e+02 2.202152007263940071e-12
2.544029999999999916e+02 6.442651962116690380e-12
2.556639999999999873e+02 1.648381996668219803e-11
2.566089999999999804e+02 1.375538842142289048e-11
2.575550000000000068e+02 4.087085902440956837e-12
2.585009999999999764e+02 1.109478402793770812e-11
2.594465000000000146e+02 2.118211113180716122e-11
2.607074999999999818e+02 2.510109684998890490e-11
2.616530000000000200e+02 5.672581780912413038e-12
2.625989999999999895e+02 2.113836615187066201e-12
2.635450000000000159e+02 4.287224632644538494e-12
2.644904999999999973e+02 1.695679243775698809e-12
2.654359999999999786e+02 1.103093088434192725e-12
2.663820000000000050e+02 2.277409825213536177e-12
2.676430000000000291e+02 6.670229670241298757e-13
2.685889999999999986e+02 2.259356853240157717e-12
2.695344999999999800e+02 3.241200167827198701e-12
2.704800000000000182e+02 1.577481686667711935e-12
2.714259999999999877e+02 9.097200010780223710e-11
2.726870000000000118e+02 4.689277425681246844e-11
2.736329999999999814e+02 9.383494929958336728e-12
2.745784999999999627e+02 2.383303085316615654e-11
2.755240000000000009e+02 5.525258928972019531e-11
2.764700000000000273e+02 5.791810610371020317e-11
2.774159999999999968e+02 6.047214592421317942e-11
2.783614999999999782e+02 2.274527446715386133e-11
2.796225000000000023e+02 4.259290860809551700e-11
2.805679999999999836e+02 1.369329026703348518e-11
2.815140000000000100e+02 4.520780354364813028e-11
2.824599999999999795e+02 1.182840013055333282e-11
2.834054999999999609e+02 8.580652072096408825e-12
2.843509999999999991e+02 2.718532860639935683e-11
2.852970000000000255e+02 6.697435821480944542e-11
2.865579999999999927e+02 8.742328630767957455e-12
2.875040000000000191e+02 1.842540693027102931e-11
2.884490000000000123e+02 6.943562861986782965e-11
2.893949999999999818e+02 1.346811362934170193e-11
2.903405000000000200e+02 7.139003705894006680e-12
2.916014999999999873e+02 1.962310504091380947e-12
2.925470000000000255e+02 4.207400281092283845e-13
2.934929999999999950e+02 2.867656861906405223e-11
2.944390000000000214e+02 8.676035506178876085e-11
2.953845000000000027e+02 1.918267028651707119e-11
2.963299999999999841e+02 3.833295673473210948e-12
2.972760000000000105e+02 5.338424563852434642e-12
2.985369999999999777e+02 1.335139773562145076e-11
2.994830000000000041e+02 3.321614665081217471e-11
3.004284999999999854e+02 1.575390403062958249e-11
3.013740000000000236e+02 4.675883671861758914e-12
3.023199999999999932e+02 3.239423326982815587e-12
3.035810000000000173e+02 1.335465785285347578e-11
3.045269999999999868e+02 5.108376866338268590e-12
3.054724999999999682e+02 8.665515478732191496e-12
3.064180000000000064e+02 4.816095452728020663e-11
3.073639999999999759e+02 2.503939446663687943e-11
3.083100000000000023e+02 2.810858546441614540e-11
3.092554999999999836e+02 2.804708241150385145e-11
3.105165000000000077e+02 3.445285882206088309e-12
3.114619999999999891e+02 1.869455525890128971e-12
3.124080000000000155e+02 2.994106007466246275e-12
3.133539999999999850e+02 4.974840823645417739e-12
3.142994999999999663e+02 3.343425061952620499e-12
3.155604999999999905e+02 8.641805515286261103e-13
3.165059999999999718e+02 3.700540959984093869e-12
3.174519999999999982e+02 1.219472570039890424e-11
3.183980000000000246e+02 1.586573859856989338e-11
3.193435000000000059e+02 4.385463581454519218e-11
3.202889999999999873e+02 2.168652252113814879e-11
3.212345000000000255e+02 1.293233742668412552e-11
3.224954999999999927e+02 3.192138562350640328e-12
3.234409999999999741e+02 6.811911330505647876e-13
3.243870000000000005e+02 1.598643741961498274e-12
3.253330000000000268e+02 1.346084094084135162e-11
3.262785000000000082e+02 1.224438724628362667e-11
3.275394999999999754e+02 5.088418593745330587e-12
3.284850000000000136e+02 8.032390652623966182e-12
3.294309999999999832e+02 1.731213254219904172e-11
3.303770000000000095e+02 1.041412442177764339e-11
3.313224999999999909e+02 6.354057298212789595e-12
3.322679999999999723e+02 1.430439401007545738e-11
3.332139999999999986e+02 3.158206924832129482e-11
3.344750000000000227e+02 2.451111489469844613e-11
3.354209999999999923e+02 3.358146123339181322e-11
3.363664999999999736e+02 1.083484064055190818e-11
3.373120000000000118e+02 1.024582646076836943e-10
3.382579999999999814e+02 1.426936224913115608e-10
3.395190000000000055e+02 2.043465167317741266e-11
3.404649999999999750e+02 1.436751003821852315e-11
3.414105000000000132e+02 8.560873058879316281e-11
3.423559999999999945e+02 9.171182354244688469e-11
3.433020000000000209e+02 1.429117309133981496e-11
3.442479999999999905e+02 3.269193939594420885e-12
3.451934999999999718e+02 5.161914856579947261e-12
3.464544999999999959e+02 1.919549917696920308e-12
3.473999999999999773e+02 1.533884191514658213e-12
3.483460000000000036e+02 1.953219137569152722e-12
3.492919999999999732e+02 7.909572906633336471e-12
3.502375000000000114e+02 5.189844978014976874e-12
3.514985000000000355e+02 5.127812987439753792e-12
3.524440000000000168e+02 1.484702437434178191e-11
3.533894999999999982e+02 4.383359562986654189e-12
3.543349999999999795e+02 2.481193947245456764e-12
3.552810000000000059e+02 1.025190656156574324e-11
3.562269999999999754e+02 1.669624298845314719e-11
3.571725000000000136e+02 1.279181993669505257e-11
3.584334999999999809e+02 7.066816468110573790e-12
3.593790000000000191e+02 3.632937795382117222e-12
3.603249999999999886e+02 3.050390271216366470e-12
3.612710000000000150e+02 2.550646450842659363e-12
3.622164999999999964e+02 2.854417507402335782e-11
3.634774999999999636e+02 2.772621198859197897e-11
3.644230000000000018e+02 1.176867404176656618e-11
3.653690000000000282e+02 1.237573772726407354e-11
3.663149999999999977e+02 4.070714333287269033e-11
3.672604999999999791e+02 7.347482373671687551e-12
3.682060000000000173e+02 3.907344689992369572e-11
3.691519999999999868e+02 2.045965673806695377e-11
3.704130000000000109e+02 7.975923814636515419e-12
3.713589999999999804e+02 7.771464449867552704e-11
3.723044999999999618e+02 2.275305257254999860e-11
3.732500000000000000e+02 3.618425455025343315e-12
3.741960000000000264e+02 1.740445733378213214e-12
3.754569999999999936e+02 9.150674712939975871e-11
