6.404999999999999583e-01 1.466394612268018349e+01 1.402956644397752939e+01 6.343796787026545481e-01
1.665499999999999980e+00 1.420921780672645340e+01 1.357774026285584945e+01 6.314775438706035082e-01
2.690500000000000114e+00 1.390909190458545552e+01 1.328305977824689421e+01 6.260321263385595358e-01
3.715500000000000025e+00 1.420585159775953521e+01 1.357676666306817381e+01 6.290849346913636175e-01
4.740249999999999631e+00 1.443891580279402476e+01 1.380719797771291013e+01 6.317178250811155138e-01
5.765249999999999986e+00 1.462667056808213850e+01 1.399278630599216555e+01 6.338842620899733937e-01
6.790250000000000341e+00 1.466472852456366915e+01 1.403037894397753149e+01 6.343495805861389947e-01
7.815249999999999808e+00 1.487394911678969223e+01 1.423851673577886601e+01 6.354323810108248871e-01
8.839999999999999858e+00 1.502493712704588269e+01 1.438828449036124368e+01 6.366526366846398943e-01
9.737000000000000099e+00 1.487217448467399628e+01 1.423604105485453708e+01 6.361334298194597503e-01
1.063375000000000092e+01 1.474003405315790793e+01 1.410487166575916440e+01 6.351623873987422009e-01
1.165874999999999950e+01 1.468569380534006896e+01 1.405108150765271979e+01 6.346122976873482813e-01
1.268374999999999808e+01 1.479374392944854577e+01 1.415873662649840270e+01 6.350073029501448474e-01
1.370850000000000080e+01 1.464604633792767707e+01 1.401139399383001560e+01 6.346523440976596930e-01
1.473350000000000115e+01 1.428389569727541542e+01 1.365237037891091632e+01 6.315253183644973234e-01
1.575850000000000151e+01 1.407296454638758121e+01 1.344371425026813682e+01 6.292502961194426092e-01
1.678325000000000244e+01 1.371596171008757636e+01 1.309109880186652930e+01 6.248629082210479524e-01
1.780825000000000102e+01 1.315661502859613208e+01 1.254195550945755855e+01 6.146595191385730850e-01
1.870499999999999829e+01 1.321314368549044360e+01 1.260385072743406276e+01 6.092929580563796188e-01
1.960200000000000031e+01 1.391393011523243395e+01 1.329278278044370687e+01 6.211473347887270791e-01
2.062699999999999889e+01 1.427417625921572508e+01 1.364385233064212422e+01 6.303239285736008668e-01
2.165174999999999983e+01 1.396410732872844385e+01 1.333595109625498587e+01 6.281562324734575320e-01
2.267674999999999841e+01 1.356461144300440402e+01 1.294212432480304287e+01 6.224871182013620441e-01
2.370175000000000054e+01 1.313311067091304274e+01 1.251991625838960331e+01 6.131944125234389809e-01
2.472675000000000267e+01 1.353157574426382581e+01 1.291759712137021410e+01 6.139786228936108259e-01
2.575150000000000006e+01 1.364283641976514438e+01 1.301966990011766434e+01 6.231665196474804880e-01
2.677649999999999864e+01 1.334799638597930738e+01 1.273187024081063967e+01 6.161261451686690371e-01
2.780150000000000432e+01 1.324248927838685574e+01 1.262730398963829970e+01 6.151852887485542709e-01
2.869833333333333414e+01 1.314190346111332452e+01 1.253111967715093478e+01 6.107837839623867504e-01
2.959499999999999886e+01 1.313133548646210258e+01 1.251979913939536537e+01 6.115363470667385393e-01
3.062000000000000099e+01 1.311771696498033535e+01 1.250845324510881085e+01 6.092637198715231683e-01
3.164500000000000313e+01 1.373593505316656760e+01 1.311799696291590323e+01 6.179380902506625972e-01
3.267000000000000171e+01 1.444978059115885749e+01 1.381936230800228138e+01 6.304182831565761091e-01
3.369500000000000028e+01 1.449529001032897213e+01 1.386216853528837412e+01 6.331214750405966818e-01
3.471974999999999767e+01 1.468414038459185633e+01 1.405034376774784022e+01 6.337966168440152259e-01
3.574474999999999625e+01 1.420776763900871487e+01 1.357624016800338573e+01 6.315274710053300211e-01
3.676975000000000193e+01 1.408714043232502888e+01 1.346053762169558965e+01 6.266028106294396771e-01
3.766666666666666430e+01 1.424231324642795471e+01 1.361142924987765035e+01 6.308839965503043601e-01
3.856325000000000358e+01 1.324895903389870710e+01 1.263052661731624760e+01 6.184324165824612862e-01
3.958825000000000216e+01 1.345021925920685923e+01 1.284299687457573036e+01 6.072223846311293194e-01
4.061325000000000074e+01 1.396422436462026262e+01 1.333817955929397847e+01 6.260448053262850365e-01
4.163824999999999932e+01 1.374723588622357084e+01 1.312878278327651671e+01 6.184531029470532459e-01
4.266299999999999670e+01 1.436418401552812796e+01 1.373367484958848728e+01 6.305091659396402370e-01
4.368800000000000239e+01 1.370849534026545768e+01 1.308395353550665519e+01 6.245418047588033872e-01
4.471300000000000097e+01 1.421876479399261228e+01 1.359216249664628684e+01 6.266022973463241108e-01
4.573799999999999955e+01 1.385375219242270184e+01 1.322604032075914482e+01 6.277118716635561313e-01
4.676274999999999693e+01 1.285909782767217635e+01 1.225362389063628932e+01 6.054739370358879214e-01
4.765966666666665930e+01 1.347171422758651715e+01 1.286367825928769548e+01 6.080359682988228931e-01
4.855649999999999977e+01 1.441003825835379715e+01 1.378265022204072210e+01 6.273880363130763804e-01
4.958150000000000546e+01 1.394478785626534645e+01 1.331593376230094883e+01 6.288540939643980643e-01
5.060625000000000284e+01 1.342506536342692058e+01 1.280794140945616633e+01 6.171239539707538135e-01
5.163125000000000142e+01 1.443818271096357719e+01 1.381189203142136535e+01 6.262906795422100714e-01
5.265625000000000000e+01 1.432838827221898903e+01 1.369628040698423099e+01 6.321078652347571492e-01
5.368124999999999858e+01 1.376938353197549780e+01 1.314682199874709667e+01 6.225615332284002434e-01
5.470600000000000307e+01 1.372775991450682298e+01 1.310255637126675055e+01 6.252035432400711024e-01
5.573100000000000165e+01 1.269853549562299833e+01 1.209533897117709245e+01 6.031965244459058795e-01
5.662800000000000722e+01 1.262101695091499742e+01 1.202958806117189816e+01 5.914288897430974856e-01
5.752474999999999739e+01 1.340264523636922256e+01 1.279607512215546983e+01 6.065701142137522872e-01
5.854974999999999596e+01 1.434334964618043529e+01 1.371578544716339287e+01 6.275641990170428564e-01
5.957450000000000045e+01 1.368576408089754182e+01 1.306002870975235197e+01 6.257353711451885125e-01
6.059950000000000614e+01 1.323078997241243826e+01 1.262186504711522517e+01 6.089249252972113169e-01
6.162449999999999761e+01 1.409215964775046359e+01 1.346729103175573528e+01 6.248686159947287599e-01
6.264949999999999619e+01 1.426359565048059252e+01 1.363363965211851436e+01 6.299559983620781622e-01
6.367425000000000068e+01 1.444458899782061856e+01 1.381235819866154735e+01 6.322307991590694343e-01
6.469925000000000637e+01 1.455579000838821813e+01 1.392261105651138209e+01 6.331789518768351499e-01
6.572424999999999784e+01 1.399901175183519442e+01 1.336947911639485653e+01 6.295326354403396607e-01
6.662099999999999511e+01 1.335493222306856609e+01 1.273672595994335133e+01 6.182062631252159823e-01
6.751800000000000068e+01 1.320463800091507878e+01 1.259019056676456572e+01 6.144474341505130610e-01
6.854275000000001228e+01 1.325183849845849338e+01 1.264140993473529306e+01 6.104285637231998685e-01
6.956774999999998954e+01 1.391260754899945162e+01 1.328953967758450716e+01 6.230678714149444630e-01
7.059274999999999523e+01 1.380028932233308936e+01 1.317436213224094033e+01 6.259271900921499210e-01
7.161775000000000091e+01 1.325926334363460413e+01 1.264242084732632243e+01 6.168424963082821399e-01
7.264249999999999829e+01 1.325881473066689864e+01 1.264724170857709673e+01 6.115730220898036862e-01
7.366750000000000398e+01 1.398050562125279228e+01 1.335782674757799171e+01 6.226788736748005704e-01
7.469249999999999545e+01 1.419856340016798768e+01 1.356851969251493095e+01 6.300437076530545077e-01
7.558899999999999864e+01 1.396539347836369949e+01 1.333779081134552769e+01 6.276026670181712452e-01
7.648600000000000421e+01 1.402695600241704810e+01 1.339935331241317584e+01 6.276026900038735867e-01
7.751099999999999568e+01 1.384184827753807667e+01 1.321539749621813620e+01 6.264507813199409192e-01
7.853600000000000136e+01 1.378427586288132289e+01 1.316116997513978681e+01 6.231058877415351915e-01
7.956100000000000705e+01 1.423683128190285885e+01 1.360782409384831126e+01 6.290071880545498040e-01
8.058574999999999022e+01 1.438696033989942791e+01 1.375549538530301241e+01 6.314649545964146071e-01
8.161074999999999591e+01 1.457408019418836531e+01 1.394074611066400138e+01 6.333340835243657096e-01
8.263575000000000159e+01 1.445650986952162853e+01 1.382353347794248677e+01 6.329763915791417617e-01
8.366075000000000728e+01 1.441304877900672210e+01 1.378091567105344062e+01 6.321331079532828134e-01
8.468549999999999045e+01 1.441514933381523988e+01 1.378274325494321850e+01 6.324060788720222703e-01
8.558233333333332382e+01 1.430236695964325833e+01 1.367104615031398929e+01 6.313208093292684842e-01
8.647925000000000750e+01 1.436567805260568065e+01 1.373412542249813306e+01 6.315526301075466975e-01
8.750425000000001319e+01 1.435491371652923576e+01 1.372302054890617384e+01 6.318931676230614691e-01
8.852899999999999636e+01 1.363672824365746017e+01 1.301155607371987344e+01 6.251721699375858421e-01
8.955400000000000205e+01 1.277088184724034114e+01 1.216724557000816453e+01 6.036362772321774983e-01
9.057899999999997931e+01 1.278623162975340399e+01 1.218670307390632779e+01 5.995285558470770937e-01
9.160399999999999920e+01 1.323577251453114911e+01 1.262885146051833729e+01 6.069210540128140430e-01
9.262900000000001910e+01 1.385610947219807798e+01 1.323327454794255331e+01 6.228349242555264453e-01
9.365375000000000227e+01 1.403743943627051394e+01 1.341049536874346870e+01 6.269440675270461227e-01
9.455066666666665753e+01 1.456418666893863900e+01 1.393295606378015350e+01 6.312306051584849476e-01
9.544749999999999091e+01 1.455280315017371251e+01 1.391907866895263624e+01 6.337244812210767186e-01
9.647249999999999659e+01 1.384360699510035175e+01 1.321843657654569171e+01 6.251704185546596015e-01
9.749724999999999397e+01 1.433352077391165480e+01 1.370345714131268267e+01 6.300636325989739106e-01
9.852224999999999966e+01 1.443801686823321795e+01 1.380691273652150208e+01 6.311041317117171978e-01
9.954725000000000534e+01 1.438719658647203481e+01 1.375462308225735875e+01 6.325735042146769516e-01
1.005722499999999968e+02 1.292171129587135958e+01 1.231239456422530587e+01 6.093167316460537108e-01
1.015969999999999942e+02 1.367549280434625913e+01 1.306579543174945712e+01 6.096973725968020119e-01
1.026219999999999857e+02 1.460231423416323970e+01 1.397127245427738096e+01 6.310417798858605209e-01
1.035190000000000055e+02 1.430061974389991697e+01 1.366953272773651840e+01 6.310870161633985731e-01
1.044157500000000027e+02 1.434004866627461894e+01 1.370814552653414786e+01 6.319031397404688555e-01
1.054405000000000001e+02 1.340334149488092308e+01 1.278332666968673514e+01 6.200148251941866029e-01
1.064654999999999916e+02 1.326474973776429955e+01 1.264949665581006144e+01 6.152530819542385565e-01
1.074904999999999973e+02 1.316445353657893236e+01 1.255397763022409841e+01 6.104759063548352849e-01
1.085155000000000030e+02 1.368160646482417420e+01 1.306239597171778044e+01 6.192104931063924234e-01
1.095402500000000003e+02 1.368677096387779812e+01 1.306302296187316614e+01 6.237480020046328733e-01
1.105652499999999918e+02 1.355553343952653478e+01 1.293604151844796490e+01 6.194919210785707619e-01
1.115902499999999975e+02 1.341714292926226548e+01 1.279690453400363026e+01 6.202383952586361104e-01
1.126152500000000032e+02 1.239959437120946184e+01 1.180719429097161033e+01 5.924000802378519559e-01
1.135120000000000005e+02 1.282931684569795827e+01 1.224685266652264026e+01 5.824641791753180087e-01
1.144087499999999977e+02 1.420831015506571404e+01 1.359089117630583488e+01 6.174189787598804990e-01
1.154337500000000034e+02 1.377087525364656884e+01 1.314550914661841929e+01 6.253661070281499867e-01
1.164587500000000091e+02 1.405877552191365787e+01 1.343233496308710784e+01 6.264405588265522518e-01
1.174837500000000006e+02 1.431473671189954189e+01 1.368412247836950613e+01 6.306142335300362056e-01
1.185084999999999980e+02 1.413443623799407334e+01 1.350421723171518451e+01 6.302190062788892710e-01
1.195335000000000036e+02 1.354940336641551468e+01 1.292705162730003110e+01 6.223517391154818057e-01
1.205584999999999951e+02 1.364812628227573477e+01 1.302837426766563844e+01 6.197520146100945482e-01
1.215835000000000008e+02 1.394640077180956617e+01 1.331996002722321926e+01 6.264407445863464652e-01
1.224800000000000040e+02 1.377194173403268529e+01 1.314756851681902283e+01 6.243732172136630121e-01
1.233769999999999811e+02 1.413618731651018123e+01 1.350895299398999683e+01 6.272343225201848504e-01
1.244020000000000010e+02 1.403199437516377301e+01 1.340271415205042160e+01 6.292802231133536317e-01
1.254270000000000209e+02 1.335739459104541638e+01 1.274194927747395312e+01 6.154453135714628154e-01
1.264519999999999982e+02 1.439478505357951299e+01 1.376851187647188013e+01 6.262731771076328613e-01
1.274767499999999956e+02 1.475988358001422185e+01 1.412527402143483535e+01 6.346095585793860572e-01
1.285017499999999870e+02 1.486985183553472645e+01 1.423409930898587739e+01 6.357525265488486177e-01
1.295267499999999927e+02 1.459234109047954853e+01 1.395794141951758327e+01 6.343996709619657004e-01
1.305517499999999984e+02 1.409853301811359572e+01 1.346869204039502677e+01 6.298409777185693947e-01
1.315765000000000100e+02 1.386853590056869301e+01 1.324208503043132445e+01 6.264508701373703303e-01
1.324733333333333576e+02 1.383804987826451871e+01 1.321318556821982249e+01 6.248643100446985565e-01
1.333702499999999986e+02 1.399632456108888157e+01 1.336931292943725147e+01 6.270116316516296529e-01
1.343950000000000102e+02 1.404042567671332797e+01 1.341296821773856252e+01 6.274574589747659026e-01
1.354199999999999875e+02 1.439139981914874511e+01 1.376028270464540881e+01 6.311171145033380725e-01
1.364449999999999932e+02 1.432533323226086353e+01 1.369363548516983897e+01 6.316977470910232206e-01
1.374699999999999989e+02 1.435557528714391573e+01 1.372423532689311543e+01 6.313399602508016351e-01
1.384949999999999761e+02 1.452711476594134332e+01 1.389421595459166170e+01 6.328988113496820667e-01
1.395197499999999877e+02 1.446914492422366294e+01 1.383610100342236571e+01 6.330439208012963448e-01
1.405447499999999934e+02 1.389487677109053365e+01 1.326664345615994023e+01 6.282333149305920905e-01
1.414416666666666913e+02 1.350980314302110763e+01 1.289070362122597402e+01 6.190995217951341667e-01
1.423385000000000105e+02 1.397455413482001418e+01 1.334954632373278294e+01 6.250078110872321346e-01
1.433632499999999936e+02 1.358172610491319432e+01 1.295924928839142609e+01 6.224768165217700044e-01
1.443882499999999993e+02 1.390202538327983994e+01 1.327891985945214159e+01 6.231055238276992370e-01
1.454132500000000050e+02 1.433476683315215183e+01 1.370417992624096826e+01 6.305869069111840197e-01
1.464382500000000107e+02 1.395677652908828392e+01 1.332904582184081654e+01 6.277307072474682670e-01
1.474629999999999939e+02 1.371688720708779918e+01 1.309185887938456716e+01 6.250283277032324669e-01
1.484879999999999995e+02 1.319140405181395259e+01 1.257869316722359621e+01 6.127108845903563861e-01
1.495129999999999768e+02 1.359425492914366806e+01 1.297543315641627970e+01 6.188217727273888080e-01
1.505379999999999825e+02 1.366867895965241786e+01 1.304700618275853330e+01 6.216727768938858922e-01
1.514350000000000307e+02 1.391638083787825941e+01 1.329112917538881966e+01 6.252516624894409736e-01
1.523315000000000055e+02 1.382341448253572125e+01 1.319748716539569955e+01 6.259273171400203672e-01
1.533565000000000111e+02 1.341909554098044488e+01 1.279954648250052429e+01 6.195490584799219214e-01
1.543814999999999884e+02 1.367738399905363522e+01 1.305920505607250703e+01 6.181789429811281877e-01
1.554064999999999941e+02 1.465555604586080385e+01 1.402458491274819963e+01 6.309711331126042211e-01
1.564312500000000057e+02 1.397155376252806391e+01 1.334209901300754098e+01 6.294547495205238263e-01
1.574562500000000114e+02 1.310248885922348805e+01 1.249045951914770392e+01 6.120293400757859104e-01
1.584812500000000171e+02 1.369566015179115581e+01 1.307920766107025479e+01 6.164524907209014692e-01
1.595062499999999943e+02 1.437623028256183488e+01 1.374632202423535432e+01 6.299082583264805635e-01
1.604029999999999916e+02 1.423761973871203246e+01 1.360691583014330597e+01 6.307039085687259350e-01
1.612997499999999889e+02 1.416533355818768669e+01 1.353526968931486962e+01 6.300638688728161796e-01
1.623247499999999945e+02 1.379064932354834561e+01 1.316561398507836067e+01 6.250353384699853798e-01
1.633497500000000002e+02 1.400253033729241281e+01 1.337520810596725873e+01 6.273222313251527460e-01
1.643744999999999834e+02 1.303856190041116569e+01 1.242476846910237143e+01 6.137934313087951566e-01
1.653994999999999891e+02 1.272188827765025110e+01 1.212536665092405208e+01 5.965216267261972405e-01
1.664244999999999948e+02 1.310709301360741463e+01 1.249876146200885785e+01 6.083315515985567856e-01
1.674495000000000005e+02 1.248380864075681629e+01 1.188788620317521350e+01 5.959224375816032371e-01
1.684742500000000121e+02 1.216857628165872995e+01 1.159421192078899310e+01 5.743643608697368563e-01
1.694992499999999893e+02 1.292206243702225699e+01 1.233243031524889588e+01 5.896321217733602182e-01
1.703959999999999866e+02 1.364369433484125160e+01 1.302578186996013265e+01 6.179124648811201714e-01
1.712929999999999779e+02 1.261782929437979028e+01 1.201534794998129918e+01 6.024813443984919914e-01
1.723180000000000121e+02 1.246508556907936160e+01 1.188586985254751838e+01 5.792157165318432277e-01
1.733427499999999952e+02 1.348563055736508787e+01 1.287527245352847238e+01 6.103581038366145961e-01
1.743677500000000009e+02 1.257180506955212174e+01 1.197331583431380153e+01 5.984892352383202052e-01
1.753927499999999782e+02 1.300759197592680394e+01 1.241081835290528268e+01 5.967736230215212601e-01
1.764177499999999839e+02 1.393336666682359137e+01 1.331227754254672746e+01 6.210891242768652454e-01
1.774424999999999955e+02 1.357000703380100859e+01 1.294615254353489142e+01 6.238544902661158353e-01
1.784675000000000011e+02 1.261520770856749962e+01 1.201937663345038665e+01 5.958310751171134179e-01
1.793643333333333203e+02 1.325263634492980991e+01 1.264817508398604495e+01 6.044612609437637341e-01
1.802612499999999898e+02 1.360289788465587435e+01 1.298335901467891063e+01 6.195388699769637242e-01
1.812859999999999729e+02 1.340075257052129487e+01 1.278152113176055593e+01 6.192314387607389392e-01
1.823109999999999786e+02 1.272404656744993545e+01 1.212019804858937100e+01 6.038485188605640097e-01
1.833360000000000127e+02 1.239108340116948526e+01 1.180528721053313390e+01 5.857961906363540194e-01
1.843610000000000184e+02 1.285318685600944733e+01 1.225807504516054180e+01 5.951118108489064085e-01
1.853859999999999957e+02 1.342032641152672667e+01 1.280651940690970747e+01 6.138070046170200911e-01
1.864107499999999789e+02 1.338539330280863027e+01 1.276708523813302598e+01 6.183080646756047294e-01
1.874357499999999845e+02 1.339984920797330759e+01 1.278602481796735901e+01 6.138243900059494607e-01
1.883326666666666824e+02 1.424254389063945858e+01 1.361690589054964029e+01 6.256380000898182914e-01
1.892295000000000300e+02 1.412325487608146624e+01 1.349373441293038844e+01 6.295204631510777915e-01
1.902542499999999848e+02 1.430146651300475114e+01 1.367092993903874643e+01 6.305365739660016011e-01
1.912792500000000189e+02 1.357042263486214040e+01 1.294641268241949561e+01 6.240099524426452327e-01
1.923042499999999961e+02 1.292738671835623521e+01 1.231989262353650005e+01 6.074940948197333768e-01
1.933289999999999793e+02 1.309055375018384737e+01 1.248301781172724390e+01 6.075359384566056953e-01
1.943539999999999850e+02 1.346913974664783353e+01 1.285521730962095788e+01 6.139224370268729913e-01
1.953789999999999907e+02 1.434084780769316936e+01 1.371293569622761588e+01 6.279121114655552560e-01
1.964040000000000248e+02 1.406553899651074424e+01 1.343639669920484536e+01 6.291422973059002111e-01
1.974290000000000020e+02 1.424105530521120855e+01 1.361119710851976805e+01 6.298581966914427177e-01
1.983256666666666490e+02 1.406461712957754884e+01 1.343547500814145934e+01 6.291421214360889413e-01
1.992224999999999966e+02 1.394784482441780327e+01 1.332075548158393019e+01 6.270893428338739639e-01
2.002475000000000023e+02 1.406653867599553109e+01 1.343868598787938495e+01 6.278526881161461404e-01
2.012725000000000080e+02 1.429236580266923440e+01 1.366221725198287018e+01 6.301485506863646613e-01
2.022972500000000196e+02 1.462844507930748961e+01 1.399506362443871410e+01 6.333814548687732859e-01
2.033222499999999684e+02 1.449407789622212483e+01 1.386062612550231421e+01 6.334517707198092928e-01
2.043472500000000025e+02 1.408418422660057168e+01 1.345479186826680795e+01 6.293923583337637240e-01
2.053722500000000082e+02 1.427925083787327765e+01 1.364909225411439131e+01 6.301585837588872252e-01
2.063969999999999914e+02 1.428290204934155128e+01 1.365207509315987089e+01 6.308269561816803872e-01
2.072940000000000111e+02 1.438223770936985879e+01 1.375048965361171049e+01 6.317480557581470757e-01
2.081907499999999800e+02 1.406026682620310986e+01 1.343108419173267443e+01 6.291826344704372076e-01
2.092157499999999857e+02 1.434065996807220067e+01 1.371076460732936653e+01 6.298953607428341428e-01
2.102407499999999914e+02 1.463494062896189440e+01 1.400109378157588758e+01 6.338468473860072727e-01
2.112655000000000030e+02 1.420364972001738479e+01 1.357264761853148372e+01 6.310021014859010791e-01
2.122905000000000086e+02 1.432587583789513808e+01 1.369554486251286818e+01 6.303309753822712302e-01
2.133154999999999859e+02 1.478563580812059008e+01 1.415131641951758290e+01 6.343193886030080719e-01
2.143404999999999916e+02 1.481785183553472862e+01 1.418227175487734470e+01 6.355800806573843609e-01
2.153652500000000032e+02 1.420859059808495317e+01 1.357693779250531918e+01 6.316528055796339913e-01
2.163902500000000089e+02 1.356458696063344327e+01 1.294329323770716300e+01 6.212937229262789351e-01
2.172870000000000061e+02 1.398561918778988478e+01 1.336084540166214651e+01 6.247737861277377069e-01
2.181839999999999975e+02 1.374364239948843114e+01 1.311925594297470354e+01 6.243864565137262623e-01
2.192089999999999748e+02 1.440156206417760743e+01 1.377286625503660744e+01 6.286958091409982075e-01
2.202337499999999864e+02 1.384495473071087623e+01 1.321752541241843559e+01 6.274293182924415291e-01
2.212587500000000205e+02 1.388945665231919868e+01 1.326530328545662663e+01 6.241533668625711684e-01
2.222837499999999977e+02 1.395982902704340489e+01 1.333205088358747226e+01 6.277781434559357443e-01
2.233085000000000093e+02 1.308825371079739952e+01 1.247509813951326052e+01 6.131555712841381123e-01
2.243334999999999866e+02 1.344903800517015391e+01 1.283626043659153027e+01 6.127775685786245319e-01
2.253584999999999923e+02 1.395883486136878737e+01 1.333368148904500750e+01 6.251533723237812090e-01
2.262553333333333683e+02 1.380366903391574596e+01 1.317798946349264355e+01 6.256795704231024047e-01
2.271519999999999868e+02 1.383926776509935230e+01 1.321482356789420010e+01 6.244441972051526513e-01
2.281769999999999925e+02 1.435721419385395947e+01 1.372761941052506884e+01 6.295947833288888518e-01
2.292020000000000266e+02 1.442988479183686934e+01 1.379713834514420157e+01 6.327464466926673303e-01
2.302270000000000039e+02 1.310905618495945824e+01 1.249421446144462067e+01 6.148417235148389004e-01
2.312519999999999811e+02 1.341825981925530975e+01 1.280679330921437753e+01 6.114665100409326648e-01
2.322767499999999927e+02 1.365664696920654109e+01 1.303477139167488374e+01 6.218755775316582302e-01
2.333017499999999984e+02 1.383669994729195274e+01 1.321302295010267969e+01 6.236769971892717201e-01
2.343267500000000041e+02 1.424122646527348479e+01 1.361208417998612497e+01 6.291422852873589378e-01
2.353517500000000098e+02 1.433247461376191367e+01 1.370152265689600135e+01 6.309519568659132105e-01
2.362483333333333348e+02 1.473699971983027091e+01 1.410313711311918716e+01 6.338626067110825213e-01
2.371452500000000043e+02 1.396073097597188628e+01 1.333128645646807264e+01 6.294445195038140817e-01
2.381702500000000100e+02 1.287177824822341421e+01 1.226386007735243666e+01 6.079181708709766596e-01
2.391952500000000157e+02 1.311150553118957696e+01 1.250676018877316764e+01 6.047453424164079827e-01
2.402200000000000273e+02 1.370058620174265940e+01 1.308139597171777879e+01 6.191902300248797175e-01
2.412449999999999761e+02 1.412967165576920792e+01 1.350174844194749824e+01 6.279232138217101244e-01
2.422700000000000102e+02 1.368474847636398373e+01 1.306073058590478908e+01 6.240178904591955344e-01
2.432949999999999875e+02 1.407429722364078728e+01 1.344795485211668051e+01 6.263423715241076550e-01
2.443199999999999932e+02 1.379228081176740517e+01 1.316665439585600694e+01 6.256264159113973378e-01
2.452166666666666970e+02 1.406247286119472051e+01 1.343620325504043223e+01 6.262696061542882831e-01
2.461134999999999877e+02 1.424492833380383416e+01 1.361483722864624824e+01 6.300911051575863731e-01
2.471384999999999934e+02 1.416758356792180074e+01 1.353751969358120633e+01 6.300638743405939657e-01
2.481634999999999991e+02 1.358929186485762841e+01 1.296581502195639501e+01 6.234768429012329527e-01
2.491882500000000107e+02 1.336965089604961676e+01 1.275297344548169498e+01 6.166774505679226692e-01
2.502132500000000164e+02 1.365114660818982273e+01 1.303143167367982613e+01 6.197149345099948192e-01
2.512382499999999936e+02 1.416561269286448699e+01 1.353809817480284039e+01 6.275145180616465979e-01
2.522629999999999768e+02 1.416999083575308838e+01 1.354001465638361523e+01 6.299761793694709233e-01
2.532880000000000109e+02 1.395533913432335993e+01 1.332737851972972720e+01 6.279606145936322825e-01
2.543130000000000166e+02 1.342188299204956259e+01 1.280171198740562843e+01 6.201710046439328217e-01
2.552100000000000080e+02 1.330683606697195387e+01 1.269230160591284395e+01 6.145344610591122470e-01
2.561067500000000337e+02 1.375630878837032611e+01 1.313568497029376836e+01 6.206238180765604184e-01
2.571315000000000168e+02 1.367594647258781038e+01 1.305197561401775452e+01 6.239708585700545207e-01
2.581564999999999941e+02 1.333595051944125132e+01 1.271887381868153355e+01 6.170767007597190990e-01
2.591815000000000282e+02 1.348835738808883988e+01 1.287142615326506245e+01 6.169312348237760979e-01
2.602065000000000055e+02 1.405757438289010963e+01 1.343231652487975580e+01 6.252578580103551609e-01
2.612312499999999886e+02 1.422993430161282369e+01 1.359942490930446723e+01 6.305093923083551211e-01
2.622562500000000227e+02 1.346841845574544649e+01 1.284716289385755061e+01 6.212555618878972119e-01
2.632812500000000000e+02 1.379604856181385841e+01 1.317549240211798889e+01 6.205561596958695247e-01
2.641780000000000541e+02 1.437088034103904910e+01 1.374134189434568043e+01 6.295384466933686696e-01
2.650749999999999886e+02 1.463769286287020677e+01 1.400413617965534385e+01 6.335566832148638028e-01
2.660997499999999718e+02 1.433321166092887466e+01 1.370080572193107216e+01 6.324059389978029522e-01
2.671247500000000059e+02 1.389163504865480547e+01 1.326450543564070017e+01 6.271296130141039704e-01
2.681497500000000400e+02 1.383105492474090781e+01 1.320593158749919205e+01 6.251233372417157597e-01
2.691747500000000173e+02 1.366608831980890670e+01 1.304315477372967713e+01 6.229335460792269075e-01
2.701995000000000005e+02 1.406901867034096654e+01 1.344316949667833150e+01 6.258491736626359270e-01
2.712244999999999777e+02 1.428525896200872047e+01 1.365468498583220125e+01 6.305739761765210005e-01
2.722495000000000118e+02 1.450710688106300239e+01 1.387462327722756328e+01 6.324836038354391121e-01
2.731463333333333594e+02 1.426475389731590759e+01 1.363314959975805607e+01 6.316042975578527452e-01
2.740430000000000064e+02 1.460648605556609603e+01 1.397423817835619886e+01 6.322478772098967248e-01
2.750679999999999836e+02 1.496233699311816778e+01 1.432635933549657814e+01 6.359776576215909749e-01
2.760929999999999609e+02 1.344619646337618590e+01 1.282397244821774684e+01 6.222240151584386147e-01
2.771179999999999950e+02 1.337407594847286063e+01 1.276342491119285860e+01 6.106510372800033615e-01
2.781430000000000291e+02 1.392429606391650232e+01 1.329953122187186132e+01 6.247648420446405559e-01
2.791677500000000691e+02 1.368548875430126621e+01 1.306159554902956899e+01 6.238932052716972265e-01
2.801927500000000464e+02 1.372630946741140079e+01 1.310363959588595861e+01 6.226698715254408434e-01
2.812177500000000236e+02 1.380969514808742815e+01 1.318531852002995031e+01 6.243766280574778449e-01
2.822425000000000068e+02 1.401855243356820502e+01 1.339144296662370692e+01 6.271094669444980951e-01
2.831393333333332976e+02 1.358515278416866856e+01 1.296143782311240322e+01 6.237149610562641167e-01
2.840362499999999955e+02 1.336747472052835306e+01 1.275113549161578064e+01 6.163392289125706469e-01
2.850612499999999727e+02 1.405963583654716231e+01 1.343607498598223771e+01 6.235608505649246069e-01
2.860860000000000127e+02 1.407484951922766925e+01 1.344553176932256200e+01 6.293177499051050283e-01
2.871109999999999900e+02 1.384983356978084501e+01 1.322415952071851208e+01 6.256740490623315942e-01
2.881359999999999673e+02 1.369960209754434466e+01 1.307548575364157983e+01 6.241163439027630488e-01
2.891610000000000014e+02 1.341938549966598160e+01 1.280166956467334671e+01 6.177159349926335530e-01
2.901859999999999786e+02 1.430693579336093535e+01 1.368139887300212720e+01 6.255369203588090343e-01
2.912107500000000186e+02 1.388005568087999109e+01 1.325223812831342229e+01 6.278175525665674606e-01
2.921076666666667165e+02 1.366424519286425188e+01 1.304200336700268359e+01 6.222418258615723952e-01
2.930045000000000073e+02 1.305945980818715668e+01 1.244622779082796882e+01 6.132320173591878643e-01
2.940294999999999845e+02 1.336295719661109338e+01 1.275551193240533010e+01 6.074452642057641683e-01
2.950542500000000246e+02 1.383436042049800108e+01 1.320994346863830415e+01 6.244169518596969226e-01
2.960792500000000018e+02 1.298757922799038411e+01 1.237575585611098994e+01 6.118233718793963938e-01
2.971042500000000359e+02 1.299774955511785279e+01 1.239569540774839496e+01 6.020541473694600576e-01
2.981292499999999563e+02 1.383821815256048993e+01 1.321872841262576870e+01 6.194897399347221167e-01
2.991539999999999964e+02 1.372454432482205533e+01 1.309943146977964368e+01 6.251128550424129848e-01
3.001789999999999736e+02 1.318534322377766266e+01 1.257029365838876345e+01 6.150495653889000991e-01
3.012040000000000077e+02 1.276684104669597630e+01 1.216312596082296515e+01 6.037150858730120362e-01
3.021010000000000559e+02 1.230292408937933146e+01 1.171585946559480362e+01 5.870646237845272841e-01
3.029977499999999964e+02 1.217319368327963502e+01 1.159831123853635937e+01 5.748824447432765439e-01
3.040224999999999795e+02 1.231301535443984463e+01 1.173305250160448310e+01 5.799628528353615309e-01
3.050475000000000136e+02 1.226550585493437140e+01 1.168520364322763250e+01 5.803022117067380137e-01
3.060724999999999909e+02 1.266027968407551541e+01 1.207400507359914243e+01 5.862746104763743027e-01
3.070975000000000250e+02 1.376165417084948217e+01 1.314783071444898432e+01 6.138234564004974025e-01
3.081222500000000082e+02 1.384907984126082425e+01 1.322293979296608768e+01 6.261400482947365731e-01
3.091472499999999854e+02 1.374340621005006469e+01 1.311959054614510123e+01 6.238156639049634578e-01
3.101722500000000196e+02 1.305303527171213140e+01 1.244014509618001441e+01 6.128901755321183309e-01
3.110690000000000168e+02 1.326334144943837678e+01 1.265596404457131463e+01 6.073774048670621539e-01
3.119657500000000709e+02 1.385706144892077063e+01 1.323508869713181646e+01 6.219727517889537260e-01
3.129907500000000482e+02 1.406340167723033296e+01 1.343549848574188488e+01 6.279031914884471988e-01
3.140157500000000255e+02 1.341109617463812853e+01 1.279025720422652057e+01 6.208389704116075158e-01
3.150407500000000027e+02 1.337473490517416508e+01 1.276130660410408169e+01 6.134283010700793959e-01
3.160654999999999859e+02 1.353534320145839231e+01 1.291538447277625323e+01 6.199587286821408583e-01
3.170905000000000200e+02 1.384184947903275464e+01 1.321913946302517928e+01 6.227100160075753621e-01
3.181154999999999973e+02 1.346735289151877701e+01 1.284563074185513898e+01 6.217221496636380351e-01
3.191404999999999745e+02 1.293153470447956011e+01 1.232483643521588945e+01 6.066982692636702090e-01
3.201652500000000146e+02 1.325451304753682535e+01 1.264362784199766132e+01 6.108852055391631453e-01
3.210619999999999550e+02 1.280814499121706262e+01 1.220072039466116998e+01 6.074245965558890958e-01
3.219590000000000032e+02 1.269453329628285054e+01 1.209939344408067896e+01 5.951398522021724702e-01
3.229839999999999804e+02 1.246691288753328308e+01 1.187340345153219978e+01 5.935094360010837455e-01
3.240090000000000146e+02 1.271446455234185535e+01 1.212883303345241792e+01 5.856315188894374302e-01
3.250337500000000546e+02 1.394171420054847488e+01 1.332462228204506438e+01 6.170919185034118293e-01
3.260587500000000318e+02 1.325509032212358917e+01 1.263635882505685615e+01 6.187314970667321390e-01
3.270837500000000091e+02 1.237722290552204996e+01 1.178861449458771560e+01 5.886084109343339144e-01
3.281087499999999864e+02 1.233211716219501142e+01 1.175276072862396148e+01 5.793564335710481572e-01
3.291335000000000264e+02 1.368696245814969004e+01 1.308487374323601315e+01 6.020887149136777694e-01
3.300303333333333171e+02 1.370157382369353627e+01 1.307667868929252819e+01 6.248951344010098552e-01
3.309272499999999582e+02 1.278625281737670072e+01 1.218081104821759908e+01 6.054417691591007511e-01
3.319522499999999923e+02 1.251383454817152519e+01 1.192062889832474681e+01 5.932056498467774830e-01
3.329769999999999754e+02 1.167943095401629527e+01 1.111829849925060643e+01 5.611324547656888484e-01
3.340020000000000095e+02 1.035269838773940165e+01 9.900895932481002859e+00 4.518024552583983500e-01
3.350269999999999868e+02 1.069396952648371446e+01 1.025903215212333741e+01 4.349373743603774933e-01
3.360519999999999641e+02 1.243316915402480483e+01 1.189627590486540498e+01 5.368932491593980671e-01
3.370769999999999982e+02 1.372034366020838192e+01 1.310861907459201170e+01 6.117245856163715523e-01
3.381017500000000382e+02 1.373879130553262939e+01 1.311490809614498509e+01 6.238832093876451879e-01
3.391267500000000155e+02 1.419639639561767375e+01 1.356926037025812093e+01 6.271360253595523737e-01
3.400236666666666565e+02 1.382215354858399614e+01 1.319438069711990558e+01 6.277728514640905644e-01
3.409202500000000100e+02 1.282397459157914632e+01 1.221610456533146660e+01 6.078700262476823823e-01
3.419452499999999873e+02 1.239061641598574326e+01 1.180385465371566411e+01 5.867617622700800339e-01
3.429702500000000214e+02 1.292496513519586188e+01 1.232918329538513724e+01 5.957818398107250779e-01
3.439952500000000555e+02 1.237049579650994602e+01 1.177690311193598305e+01 5.935926845739607494e-01
3.450199999999999818e+02 1.177642379570015763e+01 1.122688019858993158e+01 5.495435971102251571e-01
3.460449999999999591e+02 1.231978544888530180e+01 1.174638674434077856e+01 5.733987045445236852e-01
3.470699999999999932e+02 1.243818272471057540e+01 1.184984422126101578e+01 5.883385034495600685e-01
3.480950000000000273e+02 1.213027486519432863e+01 1.155543024871745317e+01 5.748446164768741262e-01
3.489920000000000186e+02 1.277421267019470008e+01 1.219293496828303169e+01 5.812777019116701638e-01
3.498885000000000218e+02 1.407330075061392805e+01 1.345735783440126809e+01 6.159429162126599522e-01
3.509134999999999991e+02 1.352986049421273940e+01 1.290672598035252427e+01 6.231345138602151223e-01
3.519384999999999764e+02 1.257574009143532656e+01 1.198238901226083541e+01 5.933510791744924795e-01
3.529634999999999536e+02 1.288628146588298407e+01 1.228477931151901892e+01 6.015021543639633705e-01
3.539882499999999936e+02 1.255858310687421664e+01 1.196158949538645899e+01 5.969936114877585354e-01
3.550132499999999709e+02 1.238547462821673406e+01 1.180170406758789703e+01 5.837705606288352556e-01
3.560382500000000050e+02 1.259895774162942317e+01 1.200750464286308450e+01 5.914530987663360051e-01
3.570632500000000391e+02 1.281068991090625886e+01 1.221225069514883543e+01 5.984392157574203175e-01
3.580880000000000223e+02 1.314896662947255024e+01 1.253999503830583251e+01 6.089715911667177295e-01
