-5.000000000000000000e+01 2.206887843480744293e-01
-4.900000000000000000e+01 2.169482448778958239e-01
-4.800000000000000000e+01 2.192501920416911609e-01
-4.700000000000000000e+01 2.339902903407178603e-01
-4.600000000000000000e+01 2.554605111501677683e-01
-4.500000000000000000e+01 2.588041102915744629e-01
-4.400000000000000000e+01 2.524535076987967086e-01
-4.300000000000000000e+01 2.519619608875166006e-01
-4.200000000000000000e+01 2.512615147962508066e-01
-4.100000000000000000e+01 2.464128145995984620e-01
-4.000000000000000000e+01 2.466142270358772370e-01
-3.900000000000000000e+01 2.514834977553132012e-01
-3.800000000000000000e+01 2.509654931630626029e-01
-3.700000000000000000e+01 2.457479439783444297e-01
-3.600000000000000000e+01 2.436548660670664057e-01
-3.500000000000000000e+01 2.517374139127422916e-01
-3.400000000000000000e+01 2.693748634515586438e-01
-3.300000000000000000e+01 2.814628632955967213e-01
-3.200000000000000000e+01 2.858478530146316143e-01
-3.100000000000000000e+01 2.907236930280174825e-01
-3.000000000000000000e+01 2.921324219954047341e-01
-2.900000000000000000e+01 2.953481564407496873e-01
-2.800000000000000000e+01 2.948594269725302031e-01
-2.700000000000000000e+01 2.988821941747825117e-01
-2.600000000000000000e+01 3.098875341930028560e-01
-2.500000000000000000e+01 3.208936151530341063e-01
-2.400000000000000000e+01 3.364446992325953456e-01
-2.300000000000000000e+01 3.465202786110321842e-01
-2.200000000000000000e+01 3.524455873087845581e-01
-2.100000000000000000e+01 3.528851735097096598e-01
-2.000000000000000000e+01 3.455875025327037053e-01
-1.900000000000000000e+01 3.344885160496387511e-01
-1.800000000000000000e+01 3.418628713692005161e-01
-1.700000000000000000e+01 3.583190368840480367e-01
-1.600000000000000000e+01 3.644089213945225780e-01
-1.500000000000000000e+01 3.693831649415911245e-01
-1.400000000000000000e+01 3.717993284136847376e-01
-1.300000000000000000e+01 3.745885799842014752e-01
-1.200000000000000000e+01 3.858142399857792948e-01
-1.100000000000000000e+01 3.944091758949715421e-01
-1.000000000000000000e+01 4.079135752055766950e-01
-9.000000000000000000e+00 4.321889721506584903e-01
-8.000000000000000000e+00 4.618636248217947160e-01
-7.000000000000000000e+00 4.766747944103020829e-01
-6.000000000000000000e+00 4.757656665205337032e-01
-5.000000000000000000e+00 4.981638939721333981e-01
-4.000000000000000000e+00 5.428439452981804747e-01
-3.000000000000000000e+00 5.852004923370299760e-01
-2.000000000000000000e+00 6.433173283797172237e-01
-1.000000000000000000e+00 8.160562596760493337e-01
0.000000000000000000e+00 9.711306374146655429e-01
1.000000000000000000e+00 8.214742810838643328e-01
2.000000000000000000e+00 6.484435986982129974e-01
3.000000000000000000e+00 5.892566836153123599e-01
4.000000000000000000e+00 5.465416812424392923e-01
5.000000000000000000e+00 5.022956041887682854e-01
6.000000000000000000e+00 4.794065337666968407e-01
7.000000000000000000e+00 4.788554124676405177e-01
8.000000000000000000e+00 4.654980415612181566e-01
9.000000000000000000e+00 4.355509122416160173e-01
1.000000000000000000e+01 4.103602912392164126e-01
1.100000000000000000e+01 3.989674766944377726e-01
1.200000000000000000e+01 3.934336587474772662e-01
1.300000000000000000e+01 3.833534476033162441e-01
1.400000000000000000e+01 3.770425286645388563e-01
1.500000000000000000e+01 3.717194654903258622e-01
1.600000000000000000e+01 3.669175755444973874e-01
1.700000000000000000e+01 3.607265991355348977e-01
1.800000000000000000e+01 3.457795864007378595e-01
1.900000000000000000e+01 3.391873886678720140e-01
2.000000000000000000e+01 3.512035557498658922e-01
2.100000000000000000e+01 3.570492880864258867e-01
2.200000000000000000e+01 3.527366951614148149e-01
2.300000000000000000e+01 3.437478772276151839e-01
2.400000000000000000e+01 3.339457613702220828e-01
2.500000000000000000e+01 3.181937779661028198e-01
2.600000000000000000e+01 3.052199242207594976e-01
2.700000000000000000e+01 2.952269268325138363e-01
2.800000000000000000e+01 2.946702879006832809e-01
2.900000000000000000e+01 2.963996108021740850e-01
3.000000000000000000e+01 2.933205698917619175e-01
3.100000000000000000e+01 2.907403657771975847e-01
3.200000000000000000e+01 2.831944591189131666e-01
3.300000000000000000e+01 2.757378594008774164e-01
3.400000000000000000e+01 2.621485286757900823e-01
3.500000000000000000e+01 2.433361509441098469e-01
3.600000000000000000e+01 2.350954459379830108e-01
3.700000000000000000e+01 2.411985681988626784e-01
3.800000000000000000e+01 2.496464908944837080e-01
3.900000000000000000e+01 2.500439803973062425e-01
4.000000000000000000e+01 2.443253125297740747e-01
4.100000000000000000e+01 2.430612747831524534e-01
4.200000000000000000e+01 2.453088835941879264e-01
4.300000000000000000e+01 2.448576876904910438e-01
4.400000000000000000e+01 2.448467363758230209e-01
4.500000000000000000e+01 2.484610694854386126e-01
4.600000000000000000e+01 2.432153994069941039e-01
4.700000000000000000e+01 2.219587711280481823e-01
4.800000000000000000e+01 2.067081956777226670e-01
4.900000000000000000e+01 2.044774237087602087e-01
5.000000000000000000e+01 2.084761206606354778e-01
-5.000000000000000000e+01 2.151885578991000192e-01
-4.900000000000000000e+01 2.102599670948987198e-01
-4.800000000000000000e+01 2.131750648497175438e-01
-4.700000000000000000e+01 2.311034547978219056e-01
-4.600000000000000000e+01 2.541208135062298923e-01
-4.500000000000000000e+01 2.581145037667099129e-01
-4.400000000000000000e+01 2.533425262027975133e-01
-4.300000000000000000e+01 2.518239207698975135e-01
-4.200000000000000000e+01 2.496875753355632666e-01
-4.100000000000000000e+01 2.474817604633011703e-01
-4.000000000000000000e+01 2.514977254902277526e-01
-3.900000000000000000e+01 2.570939096027201609e-01
-3.800000000000000000e+01 2.554201806121971785e-01
-3.700000000000000000e+01 2.468956893127487451e-01
-3.600000000000000000e+01 2.411377061684988332e-01
-3.500000000000000000e+01 2.524662047060307613e-01
-3.400000000000000000e+01 2.716881459044384051e-01
-3.300000000000000000e+01 2.807868545531337356e-01
-3.200000000000000000e+01 2.854096422710486469e-01
-3.100000000000000000e+01 2.912621372539749287e-01
-3.000000000000000000e+01 2.936920927676725523e-01
-2.900000000000000000e+01 2.958251821579798158e-01
-2.800000000000000000e+01 2.940858362178226937e-01
-2.700000000000000000e+01 2.996742750862710913e-01
-2.600000000000000000e+01 3.109861179318573754e-01
-2.500000000000000000e+01 3.237447447290491831e-01
-2.400000000000000000e+01 3.394030089904093717e-01
-2.300000000000000000e+01 3.484573663433451762e-01
-2.200000000000000000e+01 3.532500138273825807e-01
-2.100000000000000000e+01 3.508634238480739520e-01
-2.000000000000000000e+01 3.399099081449143966e-01
-1.900000000000000000e+01 3.293483475119057813e-01
-1.800000000000000000e+01 3.414171496282726315e-01
-1.700000000000000000e+01 3.590438129503114584e-01
-1.600000000000000000e+01 3.660464804024176622e-01
-1.500000000000000000e+01 3.710656155900255437e-01
-1.400000000000000000e+01 3.737535302548123384e-01
-1.300000000000000000e+01 3.788818465040698635e-01
-1.200000000000000000e+01 3.899787633717026747e-01
-1.100000000000000000e+01 3.959282460456154396e-01
-1.000000000000000000e+01 4.108101193311017307e-01
-9.000000000000000000e+00 4.373337978265774417e-01
-8.000000000000000000e+00 4.662691483196788611e-01
-7.000000000000000000e+00 4.765250711015324714e-01
-6.000000000000000000e+00 4.776280921182733397e-01
-5.000000000000000000e+00 5.076098834979728691e-01
-4.000000000000000000e+00 5.539230900135545532e-01
-3.000000000000000000e+00 5.962008221225699733e-01
-2.000000000000000000e+00 6.732400911515662445e-01
-1.000000000000000000e+00 8.754927825019273024e-01
0.000000000000000000e+00 9.939947571602965048e-01
1.000000000000000000e+00 7.997736790946350371e-01
2.000000000000000000e+00 6.383698447083872018e-01
3.000000000000000000e+00 5.837748862936312788e-01
4.000000000000000000e+00 5.399493151731841190e-01
5.000000000000000000e+00 4.957150224679798267e-01
6.000000000000000000e+00 4.759624207992816380e-01
7.000000000000000000e+00 4.765398916399247176e-01
8.000000000000000000e+00 4.588531544337296486e-01
9.000000000000000000e+00 4.282229531029898006e-01
1.000000000000000000e+01 4.043081262515751395e-01
1.100000000000000000e+01 3.945973533821857671e-01
1.200000000000000000e+01 3.886070763443388310e-01
1.300000000000000000e+01 3.778732358582361783e-01
1.400000000000000000e+01 3.748328301766489790e-01
1.500000000000000000e+01 3.707309758251940424e-01
1.600000000000000000e+01 3.653359760663789646e-01
1.700000000000000000e+01 3.555235654344769403e-01
1.800000000000000000e+01 3.368478176302563409e-01
1.900000000000000000e+01 3.325803136371185409e-01
2.000000000000000000e+01 3.463629947659672692e-01
2.100000000000000000e+01 3.537483399431377018e-01
2.200000000000000000e+01 3.524025526889331128e-01
2.300000000000000000e+01 3.451607474665306374e-01
2.400000000000000000e+01 3.345612753345618695e-01
2.500000000000000000e+01 3.188928776489886596e-01
2.600000000000000000e+01 3.071740600181172010e-01
2.700000000000000000e+01 2.963547999630168905e-01
2.800000000000000000e+01 2.952007350990381029e-01
2.900000000000000000e+01 2.962912157457518458e-01
3.000000000000000000e+01 2.925942903247162330e-01
3.100000000000000000e+01 2.899737864554989830e-01
3.200000000000000000e+01 2.831717084430750986e-01
3.300000000000000000e+01 2.784576106921513583e-01
3.400000000000000000e+01 2.647439462786264630e-01
3.500000000000000000e+01 2.446425832338153250e-01
3.600000000000000000e+01 2.398803041844642381e-01
3.700000000000000000e+01 2.493249738657763726e-01
3.800000000000000000e+01 2.560329411747472861e-01
3.900000000000000000e+01 2.549002091026866257e-01
4.000000000000000000e+01 2.483446927648318980e-01
4.100000000000000000e+01 2.462201496196302075e-01
4.200000000000000000e+01 2.485467938299993074e-01
4.300000000000000000e+01 2.495247816550074660e-01
4.400000000000000000e+01 2.517024225411629845e-01
4.500000000000000000e+01 2.550698560422681171e-01
4.600000000000000000e+01 2.447230629414741954e-01
4.700000000000000000e+01 2.207889911412887207e-01
4.800000000000000000e+01 2.089632700511245000e-01
4.900000000000000000e+01 2.098688923210480506e-01
5.000000000000000000e+01 2.151712020185098106e-01
-5.000000000000000000e+01 2.233768353471859147e-01
-4.900000000000000000e+01 2.202465956493379062e-01
-4.800000000000000000e+01 2.213639770041802846e-01
-4.700000000000000000e+01 2.337719978432230006e-01
-4.600000000000000000e+01 2.552355072714322382e-01
-4.500000000000000000e+01 2.614331662416337632e-01
-4.400000000000000000e+01 2.554493241694243411e-01
-4.300000000000000000e+01 2.540858610310462451e-01
-4.200000000000000000e+01 2.543372480988234652e-01
-4.100000000000000000e+01 2.497289586565540898e-01
-4.000000000000000000e+01 2.487549776945545410e-01
-3.900000000000000000e+01 2.533076872104905730e-01
-3.800000000000000000e+01 2.535628288304200284e-01
-3.700000000000000000e+01 2.489665768808306257e-01
-3.600000000000000000e+01 2.458935116836486467e-01
-3.500000000000000000e+01 2.523182509489070857e-01
-3.400000000000000000e+01 2.692592787621685968e-01
-3.300000000000000000e+01 2.836684814224905149e-01
-3.200000000000000000e+01 2.892512044339327626e-01
-3.100000000000000000e+01 2.947749573928005185e-01
-3.000000000000000000e+01 2.960078643224830497e-01
-2.900000000000000000e+01 2.995915121856740360e-01
-2.800000000000000000e+01 2.999457616199263099e-01
-2.700000000000000000e+01 3.022716817033520020e-01
-2.600000000000000000e+01 3.129632224785566241e-01
-2.500000000000000000e+01 3.237664018592049664e-01
-2.400000000000000000e+01 3.390478201077182230e-01
-2.300000000000000000e+01 3.502795102278525863e-01
-2.200000000000000000e+01 3.572880889383818204e-01
-2.100000000000000000e+01 3.596550502805726524e-01
-2.000000000000000000e+01 3.543068306592810912e-01
-1.900000000000000000e+01 3.424109792831550592e-01
-1.800000000000000000e+01 3.461353105442685485e-01
-1.700000000000000000e+01 3.624168016710831997e-01
-1.600000000000000000e+01 3.700233549145291456e-01
-1.500000000000000000e+01 3.746681642734540629e-01
-1.400000000000000000e+01 3.778660500328097083e-01
-1.300000000000000000e+01 3.800838858288334010e-01
-1.200000000000000000e+01 3.900961308526477711e-01
-1.100000000000000000e+01 3.993176006903738084e-01
-1.000000000000000000e+01 4.115114536930539746e-01
-9.000000000000000000e+00 4.352147666249596702e-01
-8.000000000000000000e+00 4.648420436238678288e-01
-7.000000000000000000e+00 4.833177983180943493e-01
-6.000000000000000000e+00 4.835419803617323486e-01
-5.000000000000000000e+00 5.009492160725247389e-01
-4.000000000000000000e+00 5.436358140110464365e-01
-3.000000000000000000e+00 5.882156991252937006e-01
-2.000000000000000000e+00 6.414456231743120851e-01
-1.000000000000000000e+00 7.939566575507234214e-01
0.000000000000000000e+00 9.725993552569698331e-01
1.000000000000000000e+00 8.661881169480629694e-01
2.000000000000000000e+00 6.788059612454975245e-01
3.000000000000000000e+00 6.041612617683742581e-01
4.000000000000000000e+00 5.613988869953248084e-01
5.000000000000000000e+00 5.158448490069253989e-01
6.000000000000000000e+00 4.885452646497716600e-01
7.000000000000000000e+00 4.858962901194970319e-01
8.000000000000000000e+00 4.753829847086926685e-01
9.000000000000000000e+00 4.472920158632434084e-01
1.000000000000000000e+01 4.205079355343217529e-01
1.100000000000000000e+01 4.061584387158335141e-01
1.200000000000000000e+01 3.992258888066894107e-01
1.300000000000000000e+01 3.893905593108916707e-01
1.400000000000000000e+01 3.825262008470363129e-01
1.500000000000000000e+01 3.772480942149847305e-01
1.600000000000000000e+01 3.728695071684312579e-01
1.700000000000000000e+01 3.672358382932844334e-01
1.800000000000000000e+01 3.535269386394954694e-01
1.900000000000000000e+01 3.438604318606187649e-01
2.000000000000000000e+01 3.541649074950226073e-01
2.100000000000000000e+01 3.622805824460388346e-01
2.200000000000000000e+01 3.592883755785173383e-01
2.300000000000000000e+01 3.508860821971161448e-01
2.400000000000000000e+01 3.413669356256757714e-01
2.500000000000000000e+01 3.258324300419127018e-01
2.600000000000000000e+01 3.119544000726389710e-01
2.700000000000000000e+01 3.014062278886849855e-01
2.800000000000000000e+01 2.985781438944634103e-01
2.900000000000000000e+01 3.003563410618335650e-01
3.000000000000000000e+01 2.979740507381845593e-01
3.100000000000000000e+01 2.957229562106064580e-01
3.200000000000000000e+01 2.887933454803200961e-01
3.300000000000000000e+01 2.810114394100310942e-01
3.400000000000000000e+01 2.684890519814005505e-01
3.500000000000000000e+01 2.506555777373493665e-01
3.600000000000000000e+01 2.396678675792265623e-01
3.700000000000000000e+01 2.429211877006142994e-01
3.800000000000000000e+01 2.512962597648449314e-01
3.900000000000000000e+01 2.536170746359386330e-01
4.000000000000000000e+01 2.488437843572348651e-01
4.100000000000000000e+01 2.465217437714672666e-01
4.200000000000000000e+01 2.494590746706872031e-01
4.300000000000000000e+01 2.499388555619546648e-01
4.400000000000000000e+01 2.492211742645315253e-01
4.500000000000000000e+01 2.530594633237306934e-01
4.600000000000000000e+01 2.510063049948756952e-01
4.700000000000000000e+01 2.311891042965261434e-01
4.800000000000000000e+01 2.130768135930510288e-01
4.900000000000000000e+01 2.082939302806215975e-01
5.000000000000000000e+01 2.115031402788558335e-01
