6.404999999999999583e-01 3.412573192400742217e-11
1.665499999999999980e+00 5.292061042843023001e-11
2.690500000000000114e+00 6.769360477485669600e-11
3.715500000000000025e+00 5.165297572849264276e-11
4.740249999999999631e+00 4.187910338796150527e-11
5.765249999999999986e+00 3.528161548199529466e-11
6.790250000000000341e+00 3.409398049251098702e-11
7.815249999999999808e+00 2.825264103276928224e-11
8.839999999999999858e+00 2.457454599425336893e-11
9.737000000000000099e+00 2.830085574478028011e-11
1.063375000000000092e+01 3.185914263788880417e-11
1.165874999999999950e+01 3.346843511830129988e-11
1.268374999999999808e+01 3.035452567285555348e-11
1.370850000000000080e+01 3.505501790814334373e-11
1.473350000000000115e+01 4.824702221011312450e-11
1.575850000000000151e+01 5.853735684347362563e-11
1.678325000000000244e+01 8.118356938343800564e-11
1.780825000000000102e+01 1.349364090651743776e-10
1.870499999999999829e+01 1.269949270492530994e-10
1.960200000000000031e+01 6.817937839813339639e-11
2.062699999999999889e+01 4.861938376152288818e-11
2.165174999999999983e+01 6.472392828879762855e-11
2.267674999999999841e+01 9.306937880694293877e-11
2.370175000000000054e+01 1.369532441562882946e-10
2.472675000000000267e+01 9.696970050563813472e-11
2.575150000000000006e+01 8.777177549830809744e-11
2.677649999999999864e+01 1.121306297957939545e-10
2.780150000000000432e+01 1.241441175211841077e-10
2.869833333333333414e+01 1.350730365325640297e-10
2.959499999999999886e+01 1.368204922473709717e-10
3.062000000000000099e+01 1.382758722124662854e-10
3.164500000000000313e+01 8.055394731554344400e-11
3.267000000000000171e+01 4.148414660473766843e-11
3.369500000000000028e+01 3.981593624452305252e-11
3.471974999999999767e+01 3.364032485512873766e-11
3.574474999999999625e+01 5.414299079320385921e-11
3.676975000000000193e+01 5.843739709309659024e-11
3.766666666666666430e+01 5.063441234951038003e-11
3.856325000000000358e+01 1.292122062016832086e-10
3.958825000000000216e+01 1.097857525171983679e-10
4.061325000000000074e+01 6.867513165036279762e-11
4.163824999999999932e+01 8.207001213547440110e-11
4.266299999999999670e+01 4.567759095658258496e-11
4.368800000000000239e+01 8.124310921135496059e-11
4.471300000000000097e+01 5.212041426193260549e-11
4.573799999999999955e+01 7.799373923940154040e-11
4.676274999999999693e+01 1.751148246532945262e-10
4.765966666666665930e+01 1.025270744050755396e-10
4.855649999999999977e+01 4.301972660916279693e-11
4.958150000000000546e+01 6.891939315456007852e-11
5.060625000000000284e+01 1.050615408545438707e-10
5.163125000000000142e+01 4.379198290896324735e-11
5.265625000000000000e+01 5.091391308792626707e-11
5.368124999999999858e+01 7.771483925314783829e-11
5.470600000000000307e+01 8.372852464306767496e-11
5.573100000000000165e+01 2.058618349736766119e-10
5.662800000000000722e+01 2.181603281368599870e-10
5.752474999999999739e+01 1.108885087300546379e-10
5.854974999999999596e+01 4.568455637891121538e-11
5.957450000000000045e+01 9.023930219510750563e-11
6.059950000000000614e+01 1.275796446111878460e-10
6.162449999999999761e+01 5.714920155876523608e-11
6.264949999999999619e+01 4.911154491608801241e-11
6.367425000000000068e+01 4.161134761907839236e-11
6.469925000000000637e+01 3.764412689239328555e-11
6.572424999999999784e+01 6.557185751947096791e-11
6.662099999999999511e+01 1.116072086561385128e-10
6.751800000000000068e+01 1.285680155012326767e-10
6.854275000000001228e+01 1.235979798279213995e-10
6.956774999999998954e+01 6.736301714087409661e-11
7.059274999999999523e+01 7.537416350551537860e-11
7.161775000000000091e+01 1.227813132550743155e-10
7.264249999999999829e+01 1.221661669839057219e-10
7.366750000000000398e+01 6.415263689631983448e-11
7.469249999999999545e+01 5.232891345085409609e-11
7.558899999999999864e+01 6.425719559040393220e-11
7.648600000000000421e+01 6.071900439346960797e-11
7.751099999999999568e+01 7.239726893339766312e-11
7.853600000000000136e+01 7.602049484345868733e-11
7.956100000000000705e+01 5.018749553549608611e-11
8.058574999999999022e+01 4.390987171130392749e-11
8.161074999999999591e+01 3.700265914694135114e-11
8.263575000000000159e+01 4.128210911779148970e-11
8.366075000000000728e+01 4.284802171915200150e-11
8.468549999999999045e+01 4.282924883909416003e-11
8.558233333333332382e+01 4.736893842181995321e-11
8.647925000000000750e+01 4.470907885384966920e-11
8.750425000000001319e+01 4.527065667694668009e-11
8.852899999999999636e+01 9.150011675444350300e-11
8.955400000000000205e+01 1.902527508108088082e-10
9.057899999999997931e+01 1.871345701443294387e-10
9.160399999999999920e+01 1.264635503611266500e-10
9.262900000000001910e+01 7.079814497608247238e-11
9.365375000000000227e+01 6.031340682426335140e-11
9.455066666666665753e+01 3.759635902747400573e-11
9.544749999999999091e+01 3.952560132952002938e-11
9.647249999999999659e+01 7.222306907581653613e-11
9.749724999999999397e+01 4.605420703746053223e-11
9.852224999999999966e+01 4.274930300719661928e-11
9.954725000000000534e+01 4.905927513518235157e-11
1.005722499999999968e+02 1.668961900221187299e-10
1.015969999999999942e+02 9.021992658850193353e-11
1.026219999999999857e+02 3.639351666086306157e-11
1.035190000000000055e+02 4.754524677845279419e-11
1.044157500000000027e+02 4.706273660676437923e-11
1.054405000000000001e+02 1.075987463910465022e-10
1.064654999999999916e+02 1.214840350353281987e-10
1.074904999999999973e+02 1.327527049500145722e-10
1.085155000000000030e+02 8.313334418386643635e-11
1.095402500000000003e+02 8.329239292561553380e-11
1.105652499999999918e+02 9.318117412708522542e-11
1.115902499999999975e+02 1.095943825795206717e-10
1.126152500000000032e+02 2.723700847464221248e-10
1.135120000000000005e+02 1.887742440996532711e-10
1.144087499999999977e+02 5.175748875693824588e-11
1.154337500000000034e+02 7.693024615418097258e-11
1.164587500000000091e+02 5.911999698713706037e-11
1.174837500000000006e+02 4.680514066858991067e-11
1.185084999999999980e+02 5.591019105208179013e-11
1.195335000000000036e+02 9.420977880981261599e-11
1.205584999999999951e+02 8.611741821234671570e-11
1.215835000000000008e+02 6.553869235158472644e-11
1.224800000000000040e+02 7.649559602127519989e-11
1.233769999999999811e+02 5.528299851062776287e-11
1.244020000000000010e+02 6.329481866078157219e-11
1.254270000000000209e+02 1.122749584197465815e-10
1.264519999999999982e+02 4.414171622615876381e-11
1.274767499999999956e+02 3.127498747373130200e-11
1.285017499999999870e+02 2.829731564866201753e-11
1.295267499999999927e+02 3.684816085390279692e-11
1.305517499999999984e+02 5.724342463427448100e-11
1.315765000000000100e+02 7.026320159278248550e-11
1.324733333333333576e+02 7.202220036748408996e-11
1.333702499999999986e+02 6.241838813177708621e-11
1.343950000000000102e+02 6.012032505107573559e-11
1.354199999999999875e+02 4.364968786169252587e-11
1.364449999999999932e+02 4.642917491705603788e-11
1.374699999999999989e+02 4.513666983171220036e-11
1.384949999999999761e+02 3.861342613666016003e-11
1.395197499999999877e+02 4.082229281869337038e-11
1.405447499999999934e+02 7.074911333427197001e-11
1.414416666666666913e+02 9.704174091622233191e-11
1.423385000000000105e+02 6.365117654638553438e-11
1.433632499999999936e+02 9.121140525898530381e-11
1.443882499999999993e+02 6.874407514863117933e-11
1.454132500000000050e+02 4.607893206984002373e-11
1.464382500000000107e+02 6.486348979554037306e-11
1.474629999999999939e+02 8.241624818585669515e-11
1.484879999999999995e+02 1.294422050113340748e-10
1.495129999999999768e+02 8.967092261946862149e-11
1.505379999999999825e+02 8.402240783436533323e-11
1.514350000000000307e+02 6.703744227808866621e-11
1.523315000000000055e+02 7.345327022458264116e-11
1.533565000000000111e+02 1.057140800119413528e-10
1.543814999999999884e+02 8.532825205448162096e-11
1.554064999999999941e+02 3.439033226867479768e-11
1.564312500000000057e+02 6.800306830263477864e-11
1.574562500000000114e+02 1.403528181260127949e-10
1.584812500000000171e+02 8.387883700653276829e-11
1.595062499999999943e+02 4.422702675074425228e-11
1.604029999999999916e+02 5.025906957320223884e-11
1.612997499999999889e+02 5.394456458316103413e-11
1.623247499999999945e+02 7.533996967434958192e-11
1.633497500000000002e+02 6.261219140356549337e-11
1.643744999999999834e+02 1.539967100799112424e-10
1.653994999999999891e+02 1.989574321074660332e-10
1.664244999999999948e+02 1.401405022565444439e-10
1.674495000000000005e+02 2.531291309583695814e-10
1.684742500000000121e+02 3.354258147448961741e-10
1.694992499999999893e+02 1.744638560670797342e-10
1.703959999999999866e+02 8.635859114920270990e-11
1.712929999999999779e+02 2.296952380872340246e-10
1.723180000000000121e+02 2.594436325317119183e-10
1.733427499999999952e+02 9.995553798734151864e-11
1.743677500000000009e+02 2.312795217070422217e-10
1.753927499999999782e+02 1.572744156100966891e-10
1.764177499999999839e+02 6.643681917984481822e-11
1.774424999999999955e+02 9.864500798707811122e-11
1.784675000000000011e+02 2.191602577554616322e-10
1.793643333333333203e+02 1.228884798831252245e-10
1.802612499999999898e+02 8.909764003868433162e-11
1.812859999999999729e+02 1.082757583646723509e-10
1.823109999999999786e+02 2.017934474096102117e-10
1.833360000000000127e+02 2.703370286914796012e-10
1.843610000000000184e+02 1.786241103151541141e-10
1.853859999999999957e+02 1.052919745953222694e-10
1.864107499999999789e+02 1.092493233964491216e-10
1.874357499999999845e+02 1.087204135353314657e-10
1.883326666666666824e+02 4.985539837410550763e-11
1.892295000000000300e+02 5.583339366827428284e-11
1.902542499999999848e+02 4.742483197328987306e-11
1.912792500000000189e+02 9.537205979107873686e-11
1.923042499999999961e+02 1.646138795269070038e-10
1.933289999999999793e+02 1.416605344507529623e-10
1.943539999999999850e+02 1.023154385271096317e-10
1.953789999999999907e+02 4.571563975030297098e-11
1.964040000000000248e+02 5.881528646370463294e-11
1.974290000000000020e+02 5.002150473771551162e-11
1.983256666666666490e+02 5.889444026200150430e-11
1.992224999999999966e+02 6.526317976624223867e-11
2.002475000000000023e+02 5.860142181070887080e-11
2.012725000000000080e+02 4.785506797660176136e-11
2.022972500000000196e+02 3.523556602470975776e-11
2.033222499999999684e+02 4.016837692529720460e-11
2.043472500000000025e+02 5.778896873343391409e-11
2.053722500000000082e+02 4.832308949490225789e-11
2.063969999999999914e+02 4.821311267399537810e-11
2.072940000000000111e+02 4.406846361287078278e-11
2.081907499999999800e+02 5.917946026404837639e-11
2.092157499999999857e+02 4.603594674004250772e-11
2.102407499999999914e+02 3.506654277901001664e-11
2.112655000000000030e+02 5.209578491677635332e-11
2.122905000000000086e+02 4.654787997262771563e-11
2.133154999999999859e+02 3.059925259569113661e-11
2.143404999999999916e+02 2.976679168713138036e-11
2.153652500000000032e+02 5.336815565386424428e-11
2.163902500000000089e+02 9.246018969241726065e-11
2.172870000000000061e+02 6.287021435180306091e-11
2.181839999999999975e+02 7.873346426479193176e-11
2.192089999999999748e+02 4.355227575107783356e-11
2.202337499999999864e+02 7.326667549703262486e-11
2.212587500000000205e+02 6.901022891821818997e-11
2.222837499999999977e+02 6.565834277058176974e-11
2.233085000000000093e+02 1.433593044752870670e-10
2.243334999999999866e+02 1.035642371352193558e-10
2.253584999999999923e+02 6.453534074238680854e-11
2.262553333333333683e+02 7.452612201733138289e-11
2.271519999999999868e+02 7.205622257346792819e-11
2.281769999999999925e+02 4.535866493174942194e-11
2.292020000000000266e+02 4.333896893631674283e-11
2.302270000000000039e+02 1.433604497693058132e-10
2.312519999999999811e+02 1.063221072198483563e-10
2.322767499999999927e+02 8.490159264845373997e-11
2.333017499999999984e+02 7.231671991998469531e-11
2.343267500000000041e+02 5.001378983493748594e-11
2.353517500000000098e+02 4.623813904714974581e-11
2.362483333333333348e+02 3.188131863691889565e-11
2.371452500000000043e+02 6.909805582088470267e-11
2.381702500000000100e+02 1.748953184025257155e-10
2.391952500000000157e+02 1.402679398349127900e-10
2.402200000000000273e+02 8.206576670939208950e-11
2.412449999999999761e+02 5.537888670155890651e-11
2.422700000000000102e+02 8.310659788947359853e-11
2.432949999999999875e+02 5.820353230887729284e-11
2.443199999999999932e+02 7.536776078547751997e-11
2.452166666666666970e+02 5.883601040779965206e-11
2.461134999999999877e+02 4.985652451435077247e-11
2.471384999999999934e+02 5.371432098238583615e-11
2.481634999999999991e+02 9.165819797043305283e-11
2.491882500000000107e+02 1.099333569213918320e-10
2.502132500000000164e+02 8.557783758067990011e-11
2.512382499999999936e+02 5.364681652428340978e-11
2.522629999999999768e+02 5.348938448285124475e-11
2.532880000000000109e+02 6.527257675574646964e-11
2.543130000000000166e+02 1.059712438947792311e-10
2.552100000000000080e+02 1.163221974094805373e-10
2.561067500000000337e+02 7.784088625269841077e-11
2.571315000000000168e+02 8.428030427444765731e-11
2.581564999999999941e+02 1.135662989201158639e-10
2.591815000000000282e+02 9.904765683999581216e-11
2.602065000000000055e+02 5.943443285162771055e-11
2.612312499999999886e+02 5.099892623143545357e-11
2.622562500000000227e+02 1.017785813362338727e-10
2.632812500000000000e+02 7.572992946550793314e-11
2.641780000000000541e+02 4.451965582774322431e-11
2.650749999999999886e+02 3.492305446708446362e-11
2.660997499999999718e+02 4.662714704830725001e-11
2.671247500000000059e+02 6.891568259293434127e-11
2.681497500000000400e+02 7.251664084598543718e-11
2.691747500000000173e+02 8.424330183923705158e-11
2.701995000000000005e+02 5.877156352105122520e-11
2.712244999999999777e+02 4.809106151681147106e-11
2.722495000000000118e+02 3.932516525250816734e-11
2.731463333333333594e+02 4.914234632861740382e-11
2.740430000000000064e+02 3.651637150302723173e-11
2.750679999999999836e+02 2.629260015327072763e-11
2.760929999999999609e+02 1.122746441385017608e-10
2.771179999999999950e+02 1.117860137328073970e-10
2.781430000000000291e+02 6.657827820704619496e-11
2.791677500000000691e+02 8.304506257183186335e-11
2.801927500000000464e+02 7.965838675324223170e-11
2.812177500000000236e+02 7.390916856281011294e-11
2.822425000000000068e+02 6.120746339144671067e-11
2.831393333333332976e+02 9.173696203130566048e-11
2.840362499999999955e+02 1.102715585503446184e-10
2.850612499999999727e+02 5.989020188531029629e-11
2.860860000000000127e+02 5.892408068793287787e-11
2.871109999999999900e+02 7.128935087948155577e-11
2.881359999999999673e+02 8.215514697709959567e-11
2.891610000000000014e+02 1.053667629655055532e-10
2.901859999999999786e+02 4.801437970819337488e-11
2.912107500000000186e+02 7.159125768639933553e-11
2.921076666666667165e+02 8.422690600982649242e-11
2.930045000000000073e+02 1.504666168123976637e-10
2.940294999999999845e+02 1.146401012059824655e-10
2.950542500000000246e+02 7.293908017922958646e-11
2.960792500000000018e+02 1.599022344129766372e-10
2.971042500000000359e+02 1.559097836935036165e-10
2.981292499999999563e+02 7.262837520006333547e-11
2.991539999999999964e+02 8.123443148215408486e-11
3.001789999999999736e+02 1.310952646295324465e-10
3.012040000000000077e+02 1.924430527405305619e-10
3.021010000000000559e+02 2.956201280190184644e-10
3.029977499999999964e+02 3.343256612794913202e-10
3.040224999999999795e+02 2.936548925575006255e-10
3.050475000000000136e+02 3.064352689231543069e-10
3.060724999999999909e+02 2.160163135954128042e-10
3.070975000000000250e+02 7.927251724903076282e-11
3.081222500000000082e+02 7.207357945517548777e-11
3.091472499999999854e+02 7.858839189654188341e-11
3.101722500000000196e+02 1.495125499361293988e-10
3.110690000000000168e+02 1.218722073246524438e-10
3.119657500000000709e+02 7.085759597115277066e-11
3.129907500000000482e+02 5.879984917010465551e-11
3.140157500000000255e+02 1.095165497903466009e-10
3.150407500000000027e+02 1.102333382124497127e-10
3.160654999999999859e+02 9.484966357224285637e-11
3.170905000000000200e+02 7.205893037690119872e-11
3.181154999999999973e+02 1.042878330778322726e-10
3.191404999999999745e+02 1.637213463383406191e-10
3.201652500000000146e+02 1.221792811387119624e-10
3.210619999999999550e+02 1.871853684620183354e-10
3.219590000000000032e+02 2.040453040220473740e-10
3.229839999999999804e+02 2.571961741802542127e-10
3.240090000000000146e+02 2.083723721101334627e-10
3.250337500000000546e+02 6.680874669211836802e-11
3.260587500000000318e+02 1.350877410870760400e-10
3.270837500000000091e+02 2.738613404656190843e-10
3.281087499999999864e+02 2.884524361843392226e-10
3.291335000000000264e+02 8.943223521570087623e-11
3.300303333333333171e+02 8.585137673874867093e-11
3.309272499999999582e+02 1.888521287132748564e-10
3.319522499999999923e+02 2.421172871071817510e-10
3.329769999999999754e+02 5.976455092080352111e-10
3.340020000000000095e+02 2.844070893882767718e-09
3.350269999999999868e+02 2.240742970097834429e-09
3.360519999999999641e+02 3.578307890277015582e-10
3.370769999999999982e+02 8.276787777667495274e-11
3.381017500000000382e+02 7.902122266530327625e-11
3.391267500000000155e+02 5.252887011159117425e-11
3.400236666666666565e+02 7.607415157855590590e-11
3.409202500000000100e+02 1.856006755847637982e-10
3.419452499999999873e+02 2.703011617281040509e-10
3.429702500000000214e+02 1.681387215529214670e-10
3.439952500000000555e+02 3.053251109684156034e-10
3.450199999999999818e+02 5.009070894365853055e-10
3.460449999999999591e+02 2.981677888004700254e-10
3.470699999999999932e+02 2.612680208765194938e-10
3.480950000000000273e+02 3.483867013705416563e-10
3.489920000000000186e+02 1.969922432911421839e-10
3.498885000000000218e+02 6.040866609656348167e-11
3.509134999999999991e+02 1.099516989550833923e-10
3.519384999999999764e+02 2.270021611773163925e-10
3.529634999999999536e+02 1.710510533605356660e-10
3.539882499999999936e+02 2.345770335783479006e-10
3.550132499999999709e+02 2.724435010786570340e-10
3.560382500000000050e+02 2.235314045299170894e-10
3.570632500000000391e+02 1.835868378724720461e-10
3.580880000000000223e+02 1.345663724586991338e-10
