   0.0000E+00   1.1220E-02
   0.0000E+00   4.9787E-03
   1.0000E+00   5.0281E-03
   2.0000E+00   7.8108E-03
   3.0000E+00   1.3666E-02
   4.0000E+00   1.9653E-02
   5.0000E+00   2.1392E-02
   6.0000E+00   1.7312E-02
   7.0000E+00   1.1634E-02
   8.0000E+00   8.7326E-03
   9.0000E+00   7.5992E-03
   1.0000E+01   7.7513E-03
   1.1000E+01   8.4049E-03
   1.2000E+01   9.1055E-03
   1.3000E+01   9.9160E-03
   1.4000E+01   1.0302E-02
   1.5000E+01   1.0291E-02
   1.6000E+01   9.1153E-03
   1.7000E+01   6.9175E-03
   1.8000E+01   4.6359E-03
   1.9000E+01   3.3315E-03
   2.0000E+01   2.7445E-03
   2.1000E+01   2.7017E-03
   2.2000E+01   3.1008E-03
   2.3000E+01   3.9428E-03
   2.4000E+01   5.0021E-03
   2.5000E+01   5.9279E-03
   2.6000E+01   6.7761E-03
   2.7000E+01   7.3001E-03
   2.8000E+01   7.1385E-03
   2.9000E+01   6.2525E-03
   3.0000E+01   4.9831E-03
   3.1000E+01   4.2500E-03
   3.2000E+01   4.3021E-03
   3.3000E+01   5.2048E-03
   3.4000E+01   7.1251E-03
   3.5000E+01   9.1909E-03
   3.6000E+01   1.0654E-02
   3.7000E+01   1.0804E-02
   3.8000E+01   9.8631E-03
   3.9000E+01   9.5276E-03
   4.0000E+01   1.0276E-02
   4.1000E+01   1.2487E-02
   4.2000E+01   1.4867E-02
   4.3000E+01   1.6377E-02
   4.4000E+01   1.4909E-02
   4.5000E+01   1.0651E-02
   4.6000E+01   8.4317E-03
   4.7000E+01   7.1066E-03
   4.8000E+01   7.5056E-03
   4.9000E+01   9.7404E-03
   5.0000E+01   1.4073E-02
   5.1000E+01   1.5654E-02
   5.2000E+01   1.3131E-02
   5.3000E+01   7.7088E-03
   5.4000E+01   4.4845E-03
   5.5000E+01   3.1551E-03
   5.6000E+01   2.6296E-03
   5.7000E+01   2.8175E-03
   5.8000E+01   3.2887E-03
   5.9000E+01   3.7425E-03
   6.0000E+01   4.2129E-03
   6.1000E+01   4.4320E-03
   6.2000E+01   4.7672E-03
   6.3000E+01   5.0701E-03
   6.4000E+01   5.5150E-03
   6.5000E+01   6.1184E-03
   6.6000E+01   6.4438E-03
   6.7000E+01   6.4218E-03
   6.8000E+01   5.9938E-03
   6.9000E+01   5.3612E-03
   7.0000E+01   4.9415E-03
   7.1000E+01   5.1404E-03
   7.2000E+01   5.8866E-03
   7.3000E+01   7.1290E-03
   7.4000E+01   8.7001E-03
   7.5000E+01   1.0000E-02
   7.6000E+01   1.0759E-02
   7.7000E+01   1.0748E-02
   7.8000E+01   1.0079E-02
   7.9000E+01   8.4534E-03
   8.0000E+01   7.2013E-03
   8.1000E+01   5.6615E-03
   8.2000E+01   4.7559E-03
   8.3000E+01   4.5486E-03
   8.4000E+01   4.9724E-03
   8.5000E+01   5.6305E-03
   8.6000E+01   6.3666E-03
   8.7000E+01   6.9443E-03
   8.8000E+01   7.1715E-03
   8.9000E+01   7.1894E-03
   9.0000E+01   7.2675E-03
   9.1000E+01   7.4203E-03
   9.2000E+01   7.5820E-03
   9.3000E+01   7.8518E-03
   9.4000E+01   8.4675E-03
   9.5000E+01   9.1899E-03
   9.6000E+01   1.0735E-02
   9.7000E+01   1.1912E-02
   9.8000E+01   1.3172E-02
   9.9000E+01   1.4612E-02
   1.0000E+02   1.5609E-02
   1.0100E+02   1.5482E-02
   1.0200E+02   1.3213E-02
   1.0300E+02   9.7022E-03
   1.0400E+02   6.1233E-03
   1.0500E+02   4.3077E-03
   1.0600E+02   3.6823E-03
   1.0700E+02   3.9189E-03
   1.0800E+02   5.1542E-03
   1.0900E+02   6.5681E-03
   1.1000E+02   7.5049E-03
   1.1100E+02   7.3884E-03
   1.1200E+02   6.2494E-03
   1.1300E+02   5.0541E-03
   1.1400E+02   3.8397E-03
   1.1500E+02   2.7795E-03
   1.1600E+02   2.3456E-03
   1.1700E+02   2.0502E-03
   1.1800E+02   2.2526E-03
   1.1900E+02   2.9966E-03
   1.2000E+02   4.6466E-03
   1.2100E+02   6.6416E-03
   1.2200E+02   7.5978E-03
   1.2300E+02   7.1835E-03
   1.2400E+02   5.7825E-03
   1.2500E+02   5.3575E-03
   1.2600E+02   5.9059E-03
   1.2700E+02   7.7051E-03
   1.2800E+02   1.1586E-02
   1.2900E+02   1.5776E-02
   1.3000E+02   1.9543E-02
   1.3100E+02   2.2305E-02
   1.3200E+02   2.3547E-02
   1.3300E+02   2.3993E-02
   1.3400E+02   2.3813E-02
   1.3500E+02   2.3056E-02
   1.3600E+02   2.1922E-02
   1.3700E+02   2.0861E-02
   1.3800E+02   2.0082E-02
   1.3900E+02   1.9221E-02
   1.4000E+02   1.8912E-02
   1.4100E+02   1.9172E-02
   1.4200E+02   2.0041E-02
   1.4300E+02   2.1612E-02
   1.4400E+02   2.3282E-02
   1.4500E+02   2.3890E-02
   1.4600E+02   2.3461E-02
   1.4700E+02   2.1725E-02
   1.4800E+02   2.0343E-02
   1.4900E+02   1.9266E-02
   1.5000E+02   1.8479E-02
   1.5100E+02   1.8178E-02
   1.5200E+02   1.7626E-02
   1.5300E+02   1.6349E-02
   1.5400E+02   1.4470E-02
   1.5500E+02   1.2473E-02
   1.5600E+02   1.0901E-02
   1.5700E+02   9.6157E-03
   1.5800E+02   8.7544E-03
   1.5900E+02   8.2154E-03
   1.6000E+02   8.4011E-03
   1.6100E+02   9.5266E-03
   1.6200E+02   1.1867E-02
   1.6300E+02   1.5933E-02
   1.6400E+02   1.8774E-02
   1.6500E+02   1.8892E-02
   1.6600E+02   1.5862E-02
   1.6700E+02   1.2014E-02
   1.6800E+02   8.8686E-03
   1.6900E+02   7.4707E-03
   1.7000E+02   6.2275E-03
   1.7100E+02   5.6087E-03
   1.7200E+02   5.2795E-03
   1.7300E+02   5.3446E-03
   1.7400E+02   5.8745E-03
   1.7500E+02   6.1636E-03
   1.7600E+02   6.7312E-03
   1.7700E+02   7.2546E-03
   1.7800E+02   7.6154E-03
   1.7900E+02   7.9505E-03
   1.8000E+02   8.5307E-03
   1.8100E+02   8.9720E-03
   1.8200E+02   9.3754E-03
   1.8300E+02   9.5430E-03
   1.8400E+02   8.8339E-03
   1.8500E+02   7.5755E-03
   1.8600E+02   6.0975E-03
   1.8700E+02   4.9911E-03
   1.8800E+02   4.3478E-03
   1.8900E+02   4.2803E-03
   1.9000E+02   4.6012E-03
   1.9100E+02   5.2272E-03
   1.9200E+02   5.8783E-03
   1.9300E+02   6.7727E-03
   1.9400E+02   7.5155E-03
   1.9500E+02   8.7640E-03
   1.9600E+02   1.0191E-02
   1.9700E+02   1.1228E-02
   1.9800E+02   1.2342E-02
   1.9900E+02   1.3924E-02
   2.0000E+02   1.4960E-02
   2.0100E+02   1.6249E-02
   2.0200E+02   1.6828E-02
   2.0300E+02   1.5885E-02
   2.0400E+02   1.2955E-02
   2.0500E+02   9.6800E-03
   2.0600E+02   6.7037E-03
   2.0700E+02   5.4667E-03
   2.0800E+02   5.8404E-03
   2.0900E+02   7.8910E-03
   2.1000E+02   1.2287E-02
   2.1100E+02   1.7124E-02
   2.1200E+02   2.0538E-02
   2.1300E+02   2.0848E-02
   2.1400E+02   1.8488E-02
   2.1500E+02   1.5518E-02
   2.1600E+02   1.2072E-02
   2.1700E+02   1.0177E-02
   2.1800E+02   8.4378E-03
   2.1900E+02   7.6994E-03
   2.2000E+02   8.0762E-03
   2.2100E+02   9.4369E-03
   2.2200E+02   1.1796E-02
   2.2300E+02   1.4040E-02
   2.2400E+02   1.5327E-02
   2.2500E+02   1.5581E-02
   2.2600E+02   1.5322E-02
   2.2700E+02   1.5035E-02
   2.2800E+02   1.4722E-02
   2.2900E+02   1.4334E-02
   2.3000E+02   1.4537E-02
   2.3100E+02   1.5916E-02
   2.3200E+02   1.8760E-02
   2.3300E+02   2.2495E-02
   2.3400E+02   2.7069E-02
   2.3500E+02   2.9544E-02
   2.3600E+02   2.8623E-02
   2.3700E+02   2.6387E-02
   2.3800E+02   2.3496E-02
   2.3900E+02   2.1739E-02
   2.4000E+02   2.0618E-02
   2.4100E+02   2.0354E-02
   2.4200E+02   1.9643E-02
   2.4300E+02   1.8566E-02
   2.4400E+02   1.7554E-02
   2.4500E+02   1.5757E-02
   2.4600E+02   1.3879E-02
   2.4700E+02   1.1094E-02
   2.4800E+02   8.6895E-03
   2.4900E+02   6.7756E-03
   2.5000E+02   5.5849E-03
   2.5100E+02   5.1792E-03
   2.5200E+02   5.4176E-03
   2.5300E+02   6.1877E-03
   2.5400E+02   7.5455E-03
   2.5500E+02   8.9951E-03
   2.5600E+02   1.0341E-02
   2.5700E+02   1.1528E-02
   2.5800E+02   1.1278E-02
   2.5900E+02   9.5417E-03
   2.6000E+02   6.7717E-03
   2.6100E+02   4.6254E-03
   2.6200E+02   3.7083E-03
   2.6300E+02   3.6923E-03
   2.6400E+02   4.5662E-03
   2.6500E+02   5.5716E-03
   2.6600E+02   6.6658E-03
   2.6700E+02   7.4487E-03
   2.6800E+02   7.6726E-03
   2.6900E+02   7.2878E-03
   2.7000E+02   6.7148E-03
   2.7100E+02   5.7753E-03
   2.7200E+02   4.8303E-03
   2.7300E+02   4.0871E-03
   2.7400E+02   3.6685E-03
   2.7500E+02   3.5731E-03
   2.7600E+02   3.8060E-03
   2.7700E+02   4.2401E-03
   2.7800E+02   5.0233E-03
   2.7900E+02   6.6899E-03
   2.8000E+02   8.2996E-03
   2.8100E+02   1.0366E-02
   2.8200E+02   1.1126E-02
   2.8300E+02   1.0312E-02
   2.8400E+02   8.8175E-03
   2.8500E+02   7.1289E-03
   2.8600E+02   6.0466E-03
   2.8700E+02   5.1480E-03
   2.8800E+02   4.6614E-03
   2.8900E+02   4.4360E-03
   2.9000E+02   4.6101E-03
   2.9100E+02   5.3119E-03
   2.9200E+02   6.1903E-03
   2.9300E+02   7.2449E-03
   2.9400E+02   8.3352E-03
   2.9500E+02   9.2915E-03
   2.9600E+02   9.8387E-03
   2.9700E+02   1.0110E-02
   2.9800E+02   9.8045E-03
   2.9900E+02   9.3415E-03
   3.0000E+02   8.4529E-03
   3.0100E+02   7.7392E-03
   3.0200E+02   7.2260E-03
   3.0300E+02   6.9707E-03
   3.0400E+02   6.9630E-03
   3.0500E+02   7.4097E-03
   3.0600E+02   8.7370E-03
   3.0700E+02   1.0333E-02
   3.0800E+02   1.2744E-02
   3.0900E+02   1.5236E-02
   3.1000E+02   1.8498E-02
   3.1100E+02   2.0032E-02
   3.1200E+02   2.0063E-02
   3.1300E+02   1.7370E-02
   3.1400E+02   1.2957E-02
   3.1500E+02   8.8205E-03
   3.1600E+02   5.8555E-03
   3.1700E+02   4.6155E-03
   3.1800E+02   4.2058E-03
   3.1900E+02   4.4354E-03
   3.2000E+02   4.9660E-03
   3.2100E+02   5.9194E-03
   3.2200E+02   7.3497E-03
   3.2300E+02   8.6165E-03
   3.2400E+02   1.0348E-02
   3.2500E+02   1.2038E-02
   3.2600E+02   1.3181E-02
   3.2700E+02   1.3420E-02
   3.2800E+02   1.2873E-02
   3.2900E+02   1.1055E-02
   3.3000E+02   9.2021E-03
   3.3100E+02   7.5636E-03
   3.3200E+02   7.1630E-03
   3.3300E+02   8.2357E-03
   3.3400E+02   1.1630E-02
   3.3500E+02   1.8675E-02
   3.3600E+02   2.8002E-02
   3.3700E+02   3.5071E-02
   3.3800E+02   3.9303E-02
   3.3900E+02   4.0101E-02
   3.4000E+02   3.7415E-02
   3.4100E+02   3.4336E-02
   3.4200E+02   2.8300E-02
   3.4300E+02   2.3146E-02
   3.4400E+02   2.0448E-02
   3.4500E+02   1.9651E-02
   3.4600E+02   2.0465E-02
   3.4700E+02   2.2044E-02
   3.4800E+02   2.3787E-02
   3.4900E+02   2.6419E-02
   3.5000E+02   2.9039E-02
   3.5100E+02   3.1900E-02
   3.5200E+02   3.3991E-02
   3.5300E+02   3.5016E-02
   3.5400E+02   3.5430E-02
   3.5500E+02   3.6213E-02
   3.5600E+02   3.8044E-02
   3.5700E+02   4.1658E-02
   3.5800E+02   4.5141E-02
   3.5900E+02   4.7809E-02
   3.6000E+02   4.6229E-02
   3.6100E+02   3.8890E-02
   3.6200E+02   3.2820E-02
   3.6300E+02   2.6784E-02
   3.6400E+02   2.2367E-02
   3.6500E+02   2.0885E-02
   3.6600E+02   1.9975E-02
   3.6700E+02   2.0009E-02
   3.6800E+02   2.1888E-02
   3.6900E+02   2.3679E-02
   3.7000E+02   2.5227E-02
   3.7100E+02   2.5700E-02
   3.7200E+02   2.3419E-02
   3.7300E+02   1.9050E-02
   3.7400E+02   1.5186E-02
   3.7500E+02   1.2936E-02
   3.7600E+02   1.2301E-02
   3.7700E+02   1.3464E-02
   3.7800E+02   1.5553E-02
   3.7900E+02   1.7287E-02
   3.8000E+02   1.7984E-02
   3.8100E+02   1.7644E-02
   3.8200E+02   1.6933E-02
   3.8300E+02   1.6847E-02
   3.8400E+02   1.7496E-02
   3.8500E+02   1.9244E-02
   3.8600E+02   2.0125E-02
   3.8700E+02   1.8478E-02
   3.8800E+02   1.3870E-02
   3.8900E+02   9.8270E-03
   3.9000E+02   6.7427E-03
   3.9100E+02   5.2316E-03
   3.9200E+02   4.5940E-03
   3.9300E+02   4.6702E-03
   3.9400E+02   4.8789E-03
   3.9500E+02   4.7625E-03
   3.9600E+02   4.3615E-03
   3.9700E+02   3.8165E-03
   3.9800E+02   3.2992E-03
   3.9900E+02   2.9706E-03
   4.0000E+02   2.8820E-03
   4.0100E+02   2.9034E-03
   4.0200E+02   3.3308E-03
   4.0300E+02   4.6322E-03
   4.0400E+02   7.6762E-03
   4.0500E+02   1.3775E-02
   4.0600E+02   2.2402E-02
   4.0700E+02   2.8375E-02
   4.0800E+02   2.7306E-02
   4.0900E+02   2.0701E-02
   4.1000E+02   1.5906E-02
   4.1100E+02   1.3327E-02
   4.1200E+02   1.1435E-02
   4.1300E+02   1.0600E-02
   4.1400E+02   9.5847E-03
   4.1500E+02   8.3968E-03
   4.1600E+02   6.8624E-03
   4.1700E+02   5.8086E-03
   4.1800E+02   5.5537E-03
   4.1900E+02   6.1881E-03
   4.2000E+02   8.3192E-03
   4.2100E+02   1.1519E-02
   4.2200E+02   1.4537E-02
   4.2300E+02   1.6299E-02
   4.2400E+02   1.5980E-02
   4.2500E+02   1.4465E-02
   4.2600E+02   1.2922E-02
   4.2700E+02   1.1625E-02
   4.2800E+02   1.0210E-02
   4.2900E+02   9.7407E-03
   4.3000E+02   8.9818E-03
   4.3100E+02   8.5626E-03
   4.3200E+02   8.3810E-03
   4.3300E+02   8.4814E-03
   4.3400E+02   8.8177E-03
   4.3500E+02   1.0066E-02
   4.3600E+02   1.1187E-02
   4.3700E+02   1.2675E-02
   4.3800E+02   1.3336E-02
   4.3900E+02   1.3010E-02
   4.4000E+02   1.1585E-02
   4.4100E+02   1.0235E-02
   4.4200E+02   8.3783E-03
   4.4300E+02   6.9184E-03
   4.4400E+02   5.4749E-03
   4.4500E+02   4.5383E-03
   4.4600E+02   3.8889E-03
   4.4700E+02   3.6718E-03
   4.4800E+02   3.6681E-03
   4.4900E+02   3.7097E-03
   4.5000E+02   3.7998E-03
   4.5100E+02   3.8755E-03
   4.5200E+02   3.9290E-03
   4.5300E+02   3.9449E-03
   4.5400E+02   3.8355E-03
   4.5500E+02   3.7259E-03
   4.5600E+02   3.5505E-03
   4.5700E+02   3.6418E-03
   4.5800E+02   4.1979E-03
   4.5900E+02   4.9103E-03
   4.6000E+02   6.3998E-03
   4.6100E+02   8.1478E-03
   4.6200E+02   1.0192E-02
   4.6300E+02   1.3149E-02
   4.6400E+02   1.5298E-02
   4.6500E+02   1.6358E-02
   4.6600E+02   1.5498E-02
   4.6700E+02   1.2360E-02
   4.6800E+02   1.0470E-02
   4.6900E+02   9.0765E-03
   4.7000E+02   8.5969E-03
   4.7100E+02   8.8661E-03
   4.7200E+02   9.5621E-03
   4.7300E+02   1.0089E-02
   4.7400E+02   1.0409E-02
   4.7500E+02   1.0521E-02
   4.7600E+02   1.0727E-02
   4.7700E+02   1.1567E-02
   4.7800E+02   1.2797E-02
   4.7900E+02   1.4922E-02
   4.8000E+02   1.7345E-02
   4.8100E+02   1.8737E-02
   4.8200E+02   1.9246E-02
   4.8300E+02   1.8890E-02
   4.8400E+02   1.8907E-02
   4.8500E+02   2.0246E-02
   4.8600E+02   2.2014E-02
   4.8700E+02   2.5899E-02
   4.8800E+02   3.0060E-02
   4.8900E+02   3.5403E-02
   4.9000E+02   3.8445E-02
   4.9100E+02   4.1347E-02
   4.9200E+02   4.2472E-02
   4.9300E+02   3.9844E-02
   4.9400E+02   3.5959E-02
   4.9500E+02   3.1808E-02
   4.9600E+02   2.7226E-02
   4.9700E+02   2.4637E-02
   4.9800E+02   2.3508E-02
   4.9900E+02   2.2165E-02
   5.0000E+02   1.8801E-02
   5.0100E+02   1.4615E-02
   5.0200E+02   9.6954E-03
   5.0300E+02   6.4168E-03
   5.0400E+02   4.8913E-03
   5.0500E+02   4.3268E-03
   5.0600E+02   4.6750E-03
   5.0700E+02   5.4207E-03
   5.0800E+02   6.0282E-03
   5.0900E+02   6.3854E-03
   5.1000E+02   6.3492E-03
   5.1100E+02   6.3411E-03
   5.1200E+02   6.6408E-03
   5.1300E+02   7.5385E-03
   5.1400E+02   8.8824E-03
   5.1500E+02   1.0011E-02
   5.1600E+02   1.1308E-02
   5.1700E+02   1.2084E-02
   5.1800E+02   1.2218E-02
   5.1900E+02   1.2178E-02
   5.2000E+02   1.2087E-02
   5.2100E+02   1.2058E-02
   5.2200E+02   1.1994E-02
   5.2300E+02   1.1670E-02
   5.2400E+02   1.0960E-02
   5.2500E+02   1.0162E-02
   5.2600E+02   9.0104E-03
   5.2700E+02   8.5255E-03
   5.2800E+02   8.8819E-03
   5.2900E+02   1.0139E-02
   5.3000E+02   1.1918E-02
   5.3100E+02   1.2834E-02
   5.3200E+02   1.1530E-02
   5.3300E+02   8.8683E-03
   5.3400E+02   5.9550E-03
   5.3500E+02   4.1519E-03
   5.3600E+02   3.4585E-03
   5.3700E+02   3.2195E-03
   5.3800E+02   3.3352E-03
   5.3900E+02   3.4989E-03
   5.4000E+02   3.6191E-03
   5.4100E+02   3.7513E-03
   5.4200E+02   3.8275E-03
   5.4300E+02   3.8192E-03
   5.4400E+02   3.7122E-03
   5.4500E+02   3.4917E-03
   5.4600E+02   3.3434E-03
   5.4700E+02   3.2364E-03
   5.4800E+02   3.2507E-03
   5.4900E+02   3.3559E-03
   5.5000E+02   3.6833E-03
   5.5100E+02   4.2790E-03
   5.5200E+02   5.6288E-03
   5.5300E+02   7.5071E-03
   5.5400E+02   1.0346E-02
   5.5500E+02   1.3321E-02
   5.5600E+02   1.6822E-02
   5.5700E+02   2.0196E-02
   5.5800E+02   2.1708E-02
   5.5900E+02   2.0691E-02
   5.6000E+02   1.7015E-02
   5.6100E+02   1.3359E-02
   5.6200E+02   9.8156E-03
   5.6300E+02   7.7130E-03
   5.6400E+02   6.4449E-03
   5.6500E+02   5.5290E-03
   5.6600E+02   5.2633E-03
   5.6700E+02   5.4411E-03
   5.6800E+02   6.4594E-03
   5.6900E+02   7.5640E-03
   5.7000E+02   9.0537E-03
   5.7100E+02   1.0050E-02
   5.7200E+02   1.0517E-02
   5.7300E+02   1.0371E-02
   5.7400E+02   1.0263E-02
   5.7500E+02   1.0470E-02
   5.7600E+02   1.0809E-02
   5.7700E+02   1.1543E-02
   5.7800E+02   1.2281E-02
   5.7900E+02   1.2820E-02
   5.8000E+02   1.3475E-02
   5.8100E+02   1.4224E-02
   5.8200E+02   1.4576E-02
   5.8300E+02   1.5137E-02
   5.8400E+02   1.5641E-02
   5.8500E+02   1.6234E-02
   5.8600E+02   1.7120E-02
   5.8700E+02   1.8349E-02
   5.8800E+02   2.0376E-02
   5.8900E+02   2.2434E-02
   5.9000E+02   2.5560E-02
   5.9100E+02   2.8350E-02
   5.9200E+02   3.1216E-02
   5.9300E+02   3.2164E-02
   5.9400E+02   3.0267E-02
   5.9500E+02   2.5818E-02
   5.9600E+02   1.9614E-02
   5.9700E+02   1.5801E-02
   5.9800E+02   1.4111E-02
   5.9900E+02   1.4531E-02
   6.0000E+02   1.6742E-02
   6.0100E+02   1.9356E-02
   6.0200E+02   1.9202E-02
   6.0300E+02   1.6489E-02
   6.0400E+02   1.2810E-02
   6.0500E+02   1.0083E-02
   6.0600E+02   9.1050E-03
   6.0700E+02   9.5519E-03
   6.0800E+02   1.1506E-02
   6.0900E+02   1.3046E-02
   6.1000E+02   1.2443E-02
   6.1100E+02   1.0451E-02
   6.1200E+02   7.3347E-03
   6.1300E+02   5.6884E-03
   6.1400E+02   5.1761E-03
   6.1500E+02   5.3924E-03
   6.1600E+02   6.3329E-03
   6.1700E+02   6.8703E-03
   6.1800E+02   6.4948E-03
   6.1900E+02   5.4017E-03
   6.2000E+02   4.5096E-03
   6.2100E+02   4.0896E-03
   6.2200E+02   4.4441E-03
   6.2300E+02   5.7610E-03
   6.2400E+02   8.4484E-03
   6.2500E+02   1.0855E-02
   6.2600E+02   1.1913E-02
   6.2700E+02   1.0846E-02
   6.2800E+02   9.1385E-03
   6.2900E+02   7.8886E-03
   6.3000E+02   7.0659E-03
   6.3100E+02   6.8437E-03
   6.3200E+02   6.8942E-03
   6.3300E+02   7.5423E-03
   6.3400E+02   8.9665E-03
   6.3500E+02   1.1232E-02
   6.3600E+02   1.3990E-02
   6.3700E+02   1.4398E-02
   6.3800E+02   1.2796E-02
   6.3900E+02   9.1208E-03
   6.4000E+02   7.0171E-03
   6.4100E+02   6.4684E-03
   6.4200E+02   7.5771E-03
   6.4300E+02   1.0418E-02
   6.4400E+02   1.4387E-02
   6.4500E+02   1.5344E-02
   6.4600E+02   1.2994E-02
   6.4700E+02   8.5425E-03
   6.4800E+02   5.8883E-03
   6.4900E+02   4.4937E-03
   6.5000E+02   4.0687E-03
   6.5100E+02   4.2515E-03
   6.5200E+02   4.8234E-03
   6.5300E+02   6.3138E-03
   6.5400E+02   8.8838E-03
   6.5500E+02   1.3744E-02
   6.5600E+02   1.9897E-02
   6.5700E+02   2.4764E-02
   6.5800E+02   2.6942E-02
   6.5900E+02   2.6073E-02
   6.6000E+02   2.4487E-02
   6.6100E+02   2.3436E-02
   6.6200E+02   2.2196E-02
   6.6300E+02   2.1308E-02
   6.6400E+02   2.1949E-02
   6.6500E+02   2.3334E-02
   6.6600E+02   2.7891E-02
   6.6700E+02   3.2317E-02
   6.6800E+02   3.5949E-02
   6.6900E+02   3.6727E-02
   6.7000E+02   3.3913E-02
   6.7100E+02   3.1370E-02
   6.7200E+02   2.8116E-02
   6.7300E+02   2.5486E-02
   6.7400E+02   2.2279E-02
   6.7500E+02   2.0825E-02
   6.7600E+02   1.7983E-02
   6.7700E+02   1.5509E-02
   6.7800E+02   1.2461E-02
   6.7900E+02   1.0212E-02
   6.8000E+02   8.8561E-03
   6.8100E+02   8.0460E-03
   6.8200E+02   7.4734E-03
   6.8300E+02   7.2983E-03
   6.8400E+02   7.6588E-03
   6.8500E+02   8.6910E-03
   6.8600E+02   9.6696E-03
   6.8700E+02   1.0619E-02
   6.8800E+02   9.6500E-03
   6.8900E+02   7.7201E-03
   6.9000E+02   5.5430E-03
   6.9100E+02   4.1786E-03
   6.9200E+02   3.7761E-03
   6.9300E+02   4.2705E-03
   6.9400E+02   5.4335E-03
   6.9500E+02   6.6647E-03
   6.9600E+02   7.6570E-03
   6.9700E+02   7.7058E-03
   6.9800E+02   7.2606E-03
   6.9900E+02   7.4574E-03
   7.0000E+02   8.6297E-03
   7.0100E+02   1.2148E-02
   7.0200E+02   1.6564E-02
   7.0300E+02   2.1587E-02
   7.0400E+02   2.4253E-02
   7.0500E+02   2.3439E-02
   7.0600E+02   2.0680E-02
   7.0700E+02   1.7052E-02
   7.0800E+02   1.3383E-02
   7.0900E+02   1.1103E-02
   7.1000E+02   8.6147E-03
   7.1100E+02   7.0108E-03
   7.1200E+02   6.4591E-03
   7.1300E+02   6.4011E-03
   7.1400E+02   7.0974E-03
   7.1500E+02   8.0959E-03
   7.1600E+02   1.0902E-02
   7.1700E+02   1.3777E-02
   7.1800E+02   1.8074E-02
   7.1900E+02   1.9175E-02
   7.2000E+02   1.6400E-02
   7.2100E+02   1.1035E-02
   7.2200E+02   6.9933E-03
   7.2300E+02   4.9483E-03
   7.2400E+02   3.9835E-03
   7.2500E+02   3.6187E-03
   7.2600E+02   3.5463E-03
   7.2700E+02   3.5314E-03
   7.2800E+02   3.5896E-03
   7.2900E+02   3.7364E-03
   7.3000E+02   4.0262E-03
   7.3100E+02   4.8835E-03
   7.3200E+02   6.1503E-03
   7.3300E+02   7.2212E-03
   7.3400E+02   1.0474E-02
   7.3500E+02   1.4115E-02
   7.3600E+02   2.1563E-02
   7.3700E+02   2.9800E-02
   7.3800E+02   3.9299E-02
   7.3900E+02   4.2072E-02
   7.4000E+02   3.7263E-02
   7.4100E+02   2.8324E-02
   7.4200E+02   2.1742E-02
   7.4300E+02   1.8075E-02
   7.4400E+02   1.6567E-02
   7.4500E+02   1.6027E-02
   7.4600E+02   1.5616E-02
   7.4700E+02   1.5409E-02
   7.4800E+02   1.5302E-02
   7.4900E+02   1.5214E-02
   7.5000E+02   1.4656E-02
   7.5100E+02   1.4043E-02
   7.5200E+02   1.2981E-02
   7.5300E+02   1.2524E-02
   7.5400E+02   1.2460E-02
   7.5500E+02   1.3010E-02
   7.5600E+02   1.4598E-02
   7.5700E+02   1.6272E-02
   7.5800E+02   1.7081E-02
   7.5900E+02   1.6795E-02
   7.6000E+02   1.5624E-02
   7.6100E+02   1.4604E-02
   7.6200E+02   1.4429E-02
   7.6300E+02   1.5007E-02
   7.6400E+02   1.6746E-02
   7.6500E+02   1.8334E-02
   7.6600E+02   2.0067E-02
   7.6700E+02   2.1201E-02
   7.6800E+02   2.1539E-02
   7.6900E+02   2.1468E-02
