6.404999999999999583e-01 1.153710352826349954e-10
1.665499999999999980e+00 1.248232222492231859e-10
2.690500000000000114e+00 1.311854546562159647e-10
3.715500000000000025e+00 1.242333284714316883e-10
4.740249999999999631e+00 1.183072448706583259e-10
5.765249999999999986e+00 1.154166629145471568e-10
6.790250000000000341e+00 1.142655845773331709e-10
7.815249999999999808e+00 1.110489515831189976e-10
8.839999999999999858e+00 1.098360989356825544e-10
9.737000000000000099e+00 1.114078875398568367e-10
1.063375000000000092e+01 1.131448686448963998e-10
1.165874999999999950e+01 1.139130786586042963e-10
1.268374999999999808e+01 1.127671177224390728e-10
1.370850000000000080e+01 1.141521353315212711e-10
1.473350000000000115e+01 1.228676904513959587e-10
1.575850000000000151e+01 1.267650480285178301e-10
1.678325000000000244e+01 1.391443225899713701e-10
1.780825000000000102e+01 1.671239679930829122e-10
1.870499999999999829e+01 1.627734790053707761e-10
1.960200000000000031e+01 1.323789880337198594e-10
2.062699999999999889e+01 1.223328840498576296e-10
2.165174999999999983e+01 1.304618494401494300e-10
2.267674999999999841e+01 1.452331808371959596e-10
2.370175000000000054e+01 1.678722989564024895e-10
2.472675000000000267e+01 1.478847199111151473e-10
2.575150000000000006e+01 1.426986232015509789e-10
2.677649999999999864e+01 1.548228370689729991e-10
2.780150000000000432e+01 1.620558750921712726e-10
2.869833333333333414e+01 1.673557953924207254e-10
2.959499999999999886e+01 1.685652049395963866e-10
3.062000000000000099e+01 1.686721655045682572e-10
3.164500000000000313e+01 1.390727330717531216e-10
3.267000000000000171e+01 1.187303128167984481e-10
3.369500000000000028e+01 1.171271024223543700e-10
3.471974999999999767e+01 1.144468472753285648e-10
3.574474999999999625e+01 1.244585029972210328e-10
3.676975000000000193e+01 1.271302032210839217e-10
3.766666666666666430e+01 1.223791728992609068e-10
3.856325000000000358e+01 1.645519186601095663e-10
3.958825000000000216e+01 1.540471521120462777e-10
4.061325000000000074e+01 1.320914042971321834e-10
4.163824999999999932e+01 1.391891456043745293e-10
4.266299999999999670e+01 1.207613360542210694e-10
4.368800000000000239e+01 1.383010447117089246e-10
4.471300000000000097e+01 1.238379012778098033e-10
4.573799999999999955e+01 1.360218512848802806e-10
4.676274999999999693e+01 1.875195630509357421e-10
4.765966666666665930e+01 1.504781728571354187e-10
4.855649999999999977e+01 1.189799354137654686e-10
4.958150000000000546e+01 1.333249357465130516e-10
5.060625000000000284e+01 1.518759632958905693e-10
5.163125000000000142e+01 1.204730704319817885e-10
5.265625000000000000e+01 1.234557135830943283e-10
5.368124999999999858e+01 1.384011187024047541e-10
5.470600000000000307e+01 1.396376176121706605e-10
5.573100000000000165e+01 2.030324774976219795e-10
5.662800000000000722e+01 2.085312752236775947e-10
5.752474999999999739e+01 1.552413007144318619e-10
5.854974999999999596e+01 1.200272322675679605e-10
5.957450000000000045e+01 1.433208225786007397e-10
6.059950000000000614e+01 1.622497948469956524e-10
6.162449999999999761e+01 1.264896626948186537e-10
6.264949999999999619e+01 1.230334781276533735e-10
6.367425000000000068e+01 1.185379346364130611e-10
6.469925000000000637e+01 1.162449803439639127e-10
6.572424999999999784e+01 1.304553389195279785e-10
6.662099999999999511e+01 1.549675471663478257e-10
6.751800000000000068e+01 1.635747829300649411e-10
6.854275000000001228e+01 1.614852012197820874e-10
6.956774999999998954e+01 1.319074806639711884e-10
7.059274999999999523e+01 1.361410577290182013e-10
7.161775000000000091e+01 1.608471252978345029e-10
7.264249999999999829e+01 1.609573589820502709e-10
7.366750000000000398e+01 1.293342107690692565e-10
7.469249999999999545e+01 1.239328005112196095e-10
7.558899999999999864e+01 1.295611032594687607e-10
7.648600000000000421e+01 1.287102387320035657e-10
7.751099999999999568e+01 1.350779759387883068e-10
7.853600000000000136e+01 1.366728413759647651e-10
7.956100000000000705e+01 1.230732537022073272e-10
8.058574999999999022e+01 1.196527161814937783e-10
8.161074999999999591e+01 1.165012254546135673e-10
8.263575000000000159e+01 1.181632805219626655e-10
8.366075000000000728e+01 1.192938778209332192e-10
8.468549999999999045e+01 1.184619931585064209e-10
8.558233333333332382e+01 1.225815637742233294e-10
8.647925000000000750e+01 1.185661598198856001e-10
8.750425000000001319e+01 1.204253053624815452e-10
8.852899999999999636e+01 1.445120528002429031e-10
8.955400000000000205e+01 1.958134221783686954e-10
9.057899999999997931e+01 1.929372594376369208e-10
9.160399999999999920e+01 1.623223341850058762e-10
9.262900000000001910e+01 1.339395178334212806e-10
9.365375000000000227e+01 1.285584228141810558e-10
9.455066666666665753e+01 1.160649376661782406e-10
9.544749999999999091e+01 1.170455209994249722e-10
9.647249999999999659e+01 1.338878640225739371e-10
9.749724999999999397e+01 1.205711716154632057e-10
9.852224999999999966e+01 1.194587956163649765e-10
9.954725000000000534e+01 1.221294969534166611e-10
1.005722499999999968e+02 1.830463209258375644e-10
1.015969999999999942e+02 1.437176633637096067e-10
1.026219999999999857e+02 1.149165242175170285e-10
1.035190000000000055e+02 1.207219116717932569e-10
1.044157500000000027e+02 1.208877721439710590e-10
1.054405000000000001e+02 1.527161515416612829e-10
1.064654999999999916e+02 1.604062218783138949e-10
1.074904999999999973e+02 1.651757858605877831e-10
1.085155000000000030e+02 1.400209764363013444e-10
1.095402500000000003e+02 1.398241015042234234e-10
1.105652499999999918e+02 1.461649796543835658e-10
1.115902499999999975e+02 1.537918236782940656e-10
1.126152500000000032e+02 2.353284489472199635e-10
1.135120000000000005e+02 1.945092126597069306e-10
1.144087499999999977e+02 1.230559043591043332e-10
1.154337500000000034e+02 1.368816908064491688e-10
1.164587500000000091e+02 1.267522896863589794e-10
1.174837500000000006e+02 1.202559750618562203e-10
1.185084999999999980e+02 1.254417200748182210e-10
1.195335000000000036e+02 1.459560743650986535e-10
1.205584999999999951e+02 1.413850832842259027e-10
1.215835000000000008e+02 1.307519519378930598e-10
1.224800000000000040e+02 1.369715328042414971e-10
1.233769999999999811e+02 1.251472765047604538e-10
1.244020000000000010e+02 1.297020315899285317e-10
1.254270000000000209e+02 1.547395670691624474e-10
1.264519999999999982e+02 1.200897621106850900e-10
1.274767499999999956e+02 1.125605936255947295e-10
1.285017499999999870e+02 1.115800845128499643e-10
1.295267499999999927e+02 1.158898247369648329e-10
1.305517499999999984e+02 1.259323167990364037e-10
1.315765000000000100e+02 1.331076676450056603e-10
1.324733333333333576e+02 1.339656780111178018e-10
1.333702499999999986e+02 1.289982641261696262e-10
1.343950000000000102e+02 1.278276378050427122e-10
1.354199999999999875e+02 1.194532682506681775e-10
1.364449999999999932e+02 1.205943902433179769e-10
1.374699999999999989e+02 1.201427967545891515e-10
1.384949999999999761e+02 1.163326429637785440e-10
1.395197499999999877e+02 1.177764986607707051e-10
1.405447499999999934e+02 1.336742137220936596e-10
1.414416666666666913e+02 1.476413394540577631e-10
1.423385000000000105e+02 1.302146259913154083e-10
1.433632499999999936e+02 1.438724909268306661e-10
1.443882499999999993e+02 1.330568489315342226e-10
1.454132500000000050e+02 1.200030682429319724e-10
1.464382500000000107e+02 1.316020609953577951e-10
1.474629999999999939e+02 1.390526432230205929e-10
1.484879999999999995e+02 1.648343872150279463e-10
1.495129999999999768e+02 1.439504390132808299e-10
1.505379999999999825e+02 1.413472335597618389e-10
1.514350000000000307e+02 1.318385203378866647e-10
1.523315000000000055e+02 1.343591124935084061e-10
1.533565000000000111e+02 1.516912768407627970e-10
1.543814999999999884e+02 1.417726537953569762e-10
1.554064999999999941e+02 1.144628243517748275e-10
1.564312500000000057e+02 1.316873948077432845e-10
1.574562500000000114e+02 1.693907603930729655e-10
1.584812500000000171e+02 1.418562974567297818e-10
1.595062499999999943e+02 1.187892886203261741e-10
1.604029999999999916e+02 1.224268609949311162e-10
1.612997499999999889e+02 1.241838434320020863e-10
1.623247499999999945e+02 1.368332358655936594e-10
1.633497500000000002e+02 1.301975680716162039e-10
1.643744999999999834e+02 1.768935700630155257e-10
1.653994999999999891e+02 1.996497116852269308e-10
1.664244999999999948e+02 1.694384983955705748e-10
1.674495000000000005e+02 2.256273088166232780e-10
1.684742500000000121e+02 2.627320969377594628e-10
1.694992499999999893e+02 1.859579976195808685e-10
1.703959999999999866e+02 1.417170314482168895e-10
1.712929999999999779e+02 2.138343764249107051e-10
1.723180000000000121e+02 2.276720123914600702e-10
1.733427499999999952e+02 1.485163232456606720e-10
1.743677500000000009e+02 2.165998425210294676e-10
1.753927499999999782e+02 1.780076473325043045e-10
1.764177499999999839e+02 1.303433470897599393e-10
1.774424999999999955e+02 1.479404844226138419e-10
1.784675000000000011e+02 2.097955053303450193e-10
1.793643333333333203e+02 1.613771607424774258e-10
1.802612499999999898e+02 1.427200553133226377e-10
1.812859999999999729e+02 1.528338169624083928e-10
1.823109999999999786e+02 2.010221501208907482e-10
1.833360000000000127e+02 2.329910716093279086e-10
1.843610000000000184e+02 1.882848326554578583e-10
1.853859999999999957e+02 1.513371307668200301e-10
1.864107499999999789e+02 1.536152726230748752e-10
1.874357499999999845e+02 1.532028628683307374e-10
1.883326666666666824e+02 1.221565881934691340e-10
1.892295000000000300e+02 1.253838252496102176e-10
1.902542499999999848e+02 1.220227800586250668e-10
1.912792500000000189e+02 1.462354165704018243e-10
1.923042499999999961e+02 1.818352938967131362e-10
1.933289999999999793e+02 1.708779987179388272e-10
1.943539999999999850e+02 1.499627284858433077e-10
1.953789999999999907e+02 1.200913311897976723e-10
1.964040000000000248e+02 1.273973159752564647e-10
1.974290000000000020e+02 1.234910972883460220e-10
1.983256666666666490e+02 1.262062381828285861e-10
1.992224999999999966e+02 1.306636799128511418e-10
2.002475000000000023e+02 1.274631868053317829e-10
2.012725000000000080e+02 1.214161930600263245e-10
2.022972500000000196e+02 1.138827403711440278e-10
2.033222499999999684e+02 1.170714262842543864e-10
2.043472500000000025e+02 1.257443833389511116e-10
2.053722500000000082e+02 1.216383745080452958e-10
2.063969999999999914e+02 1.207502005650629566e-10
2.072940000000000111e+02 1.208604665202686694e-10
2.081907499999999800e+02 1.280544229607957882e-10
2.092157499999999857e+02 1.207818469446722494e-10
2.102407499999999914e+02 1.155433530490344130e-10
2.112655000000000030e+02 1.232065425005977782e-10
2.122905000000000086e+02 1.205332770566864235e-10
2.133154999999999859e+02 1.125957318908523380e-10
2.143404999999999916e+02 1.120329123244399470e-10
2.153652500000000032e+02 1.241765608472956895e-10
2.163902500000000089e+02 1.444496639187645721e-10
2.172870000000000061e+02 1.290712740145529749e-10
2.181839999999999975e+02 1.379675628394251258e-10
2.192089999999999748e+02 1.201862653217305386e-10
2.202337499999999864e+02 1.347747160658958430e-10
2.212587500000000205e+02 1.330695708376210629e-10
2.222837499999999977e+02 1.308110052950824053e-10
2.233085000000000093e+02 1.716500199263482600e-10
2.243334999999999866e+02 1.508167728592320261e-10
2.253584999999999923e+02 1.298326053217028223e-10
2.262553333333333683e+02 1.355489341842200032e-10
2.271519999999999868e+02 1.334277975178252090e-10
2.281769999999999925e+02 1.197420536709039716e-10
2.292020000000000266e+02 1.200031349577272768e-10
2.302270000000000039e+02 1.712302248227227420e-10
2.312519999999999811e+02 1.527275346113446438e-10
2.322767499999999927e+02 1.412445877350546255e-10
2.333017499999999984e+02 1.342344376671443319e-10
2.343267500000000041e+02 1.230672778559483966e-10
2.353517500000000098e+02 1.205477732701228216e-10
2.362483333333333348e+02 1.134475519581221094e-10
2.371452500000000043e+02 1.334112528754328561e-10
2.381702500000000100e+02 1.872415371982342148e-10
2.391952500000000157e+02 1.702096240590022395e-10
2.402200000000000273e+02 1.395113191518767036e-10
2.412449999999999761e+02 1.263951785795083062e-10
2.422700000000000102e+02 1.398379136601302301e-10
2.432949999999999875e+02 1.270713829676442978e-10
2.443199999999999932e+02 1.365436787433392317e-10
2.452166666666666970e+02 1.272119475336354731e-10
2.461134999999999877e+02 1.234202846196800371e-10
2.471384999999999934e+02 1.251118337594672584e-10
2.481634999999999991e+02 1.441084113270963473e-10
2.491882500000000107e+02 1.546027940775106088e-10
2.502132500000000164e+02 1.411384769618599780e-10
2.512382499999999936e+02 1.244324077438745329e-10
2.522629999999999768e+02 1.250099827845896959e-10
2.532880000000000109e+02 1.312772794100097750e-10
2.543130000000000166e+02 1.516571848028902722e-10
2.552100000000000080e+02 1.571525751099484738e-10
2.561067500000000337e+02 1.373382801918962376e-10
2.571315000000000168e+02 1.408343123670827753e-10
2.581564999999999941e+02 1.559622239788032267e-10
2.591815000000000282e+02 1.483666423226717452e-10
2.602065000000000055e+02 1.285188369100951415e-10
2.612312499999999886e+02 1.232934197713020137e-10
2.622562500000000227e+02 1.497219379846819545e-10
2.632812500000000000e+02 1.371222192020799736e-10
2.641780000000000541e+02 1.195128022400839881e-10
2.650749999999999886e+02 1.147134960278853304e-10
2.660997499999999718e+02 1.211760242052244866e-10
2.671247500000000059e+02 1.325294353975551229e-10
2.681497500000000400e+02 1.340114951662496819e-10
2.691747500000000173e+02 1.409502472431965630e-10
2.701995000000000005e+02 1.277294405470141201e-10
2.712244999999999777e+02 1.212466178058795228e-10
2.722495000000000118e+02 1.164879092680136315e-10
2.731463333333333594e+02 1.215226732467162556e-10
2.740430000000000064e+02 1.156576788727504401e-10
2.750679999999999836e+02 1.099051105840138557e-10
2.760929999999999609e+02 1.546962635053711788e-10
2.771179999999999950e+02 1.547898997447396722e-10
2.781430000000000291e+02 1.316372196843962117e-10
2.791677500000000691e+02 1.393635467222948241e-10
2.801927500000000464e+02 1.377425380932877611e-10
2.812177500000000236e+02 1.348430550022679571e-10
2.822425000000000068e+02 1.288788725383198822e-10
2.831393333333332976e+02 1.451730716280028591e-10
2.840362499999999955e+02 1.544936219561755169e-10
2.850612499999999727e+02 1.280572409564194970e-10
2.860860000000000127e+02 1.273662893616389617e-10
2.871109999999999900e+02 1.342295771432913274e-10
2.881359999999999673e+02 1.401480745264647507e-10
2.891610000000000014e+02 1.520509825913642598e-10
2.901859999999999786e+02 1.213526554713247091e-10
2.912107500000000186e+02 1.338280885326651522e-10
2.921076666666667165e+02 1.420010562317397568e-10
2.930045000000000073e+02 1.743583282228509069e-10
2.940294999999999845e+02 1.564736023039757714e-10
2.950542500000000246e+02 1.350448764355830517e-10
2.960792500000000018e+02 1.791509661982758892e-10
2.971042500000000359e+02 1.778476327431296934e-10
2.981292499999999563e+02 1.338381573110574590e-10
2.991539999999999964e+02 1.386397032771072779e-10
3.001789999999999736e+02 1.644315075861434054e-10
3.012040000000000077e+02 1.958779656565143381e-10
3.021010000000000559e+02 2.467815394468336511e-10
3.029977499999999964e+02 2.621996143971491417e-10
3.040224999999999795e+02 2.435007379078952341e-10
3.050475000000000136e+02 2.507612258029874906e-10
3.060724999999999909e+02 2.061908666806641883e-10
3.070975000000000250e+02 1.381921792726163063e-10
3.081222500000000082e+02 1.348933907537532026e-10
3.091472499999999854e+02 1.377792947213710106e-10
3.101722500000000196e+02 1.744422305620061298e-10
3.110690000000000168e+02 1.602375035821604290e-10
3.119657500000000709e+02 1.334736390914598540e-10
3.129907500000000482e+02 1.278188837494919767e-10
3.140157500000000255e+02 1.533008849612640530e-10
3.150407500000000027e+02 1.536151115444528741e-10
3.160654999999999859e+02 1.459636236800911590e-10
3.170905000000000200e+02 1.342540125452229864e-10
3.181154999999999973e+02 1.507059322114311060e-10
3.191404999999999745e+02 1.826530138545499365e-10
3.201652500000000146e+02 1.604546863759385728e-10
3.210619999999999550e+02 1.922662997573518749e-10
3.219590000000000032e+02 2.020569226241204303e-10
3.229839999999999804e+02 2.276744064622051305e-10
3.240090000000000146e+02 2.035823898892926862e-10
3.250337500000000546e+02 1.318518292659981803e-10
3.260587500000000318e+02 1.670023732276609763e-10
3.270837500000000091e+02 2.359713681741598553e-10
3.281087499999999864e+02 2.415016938553933210e-10
3.291335000000000264e+02 1.432501068921130170e-10
3.300303333333333171e+02 1.417531039334351575e-10
3.309272499999999582e+02 1.943440264425640217e-10
3.319522499999999923e+02 2.202453485493014786e-10
3.329769999999999754e+02 3.688190241719625045e-10
3.340020000000000095e+02 8.982922591011993434e-10
3.350269999999999868e+02 6.927494725422721230e-10
3.360519999999999641e+02 2.360137255370147456e-10
3.370769999999999982e+02 1.378327776608981011e-10
3.381017500000000382e+02 1.379977345127941666e-10
3.391267500000000155e+02 1.245506819214908584e-10
3.400236666666666565e+02 1.357336307167336423e-10
3.409202500000000100e+02 1.927190978398151470e-10
3.419452499999999873e+02 2.334466765602652741e-10
3.429702500000000214e+02 1.828624072719647869e-10
3.439952500000000555e+02 2.486304363354617709e-10
3.450199999999999818e+02 3.304750298834784979e-10
3.460449999999999591e+02 2.419512182078979343e-10
3.470699999999999932e+02 2.290145177352715497e-10
3.480950000000000273e+02 2.687214492544529380e-10
3.489920000000000186e+02 1.959605315029266047e-10
3.498885000000000218e+02 1.280684132308121210e-10
3.509134999999999991e+02 1.535108642146739995e-10
3.519384999999999764e+02 2.144939455736876468e-10
3.529634999999999536e+02 1.842612904993088363e-10
3.539882499999999936e+02 2.171268067467369704e-10
3.550132499999999709e+02 2.350162578212969649e-10
3.560382500000000050e+02 2.102622564453138618e-10
3.570632500000000391e+02 1.918724059767011769e-10
3.580880000000000223e+02 1.659630950505733035e-10
