   0.0000E+00   8.1065E-18   3.3207E-02   1.0000E-13
  -1.1901E+01  -1.5683E+01
  -1.1501E+01  -1.5683E+01
  -1.1101E+01  -1.5683E+01
  -1.0701E+01  -1.5683E+01
  -1.0301E+01  -1.5683E+01
  -9.9010E+00  -1.5683E+01
  -9.5010E+00  -1.5681E+01
  -9.1010E+00  -1.5649E+01
  -8.7010E+00  -1.5324E+01
  -8.3010E+00  -1.4353E+01
  -7.9010E+00  -1.3173E+01
  -7.5010E+00  -1.1974E+01
  -7.1010E+00  -1.0774E+01
  -6.7010E+00  -9.5748E+00
  -6.3010E+00  -8.3761E+00
  -5.9010E+00  -7.1792E+00
  -5.5010E+00  -5.9870E+00
  -5.1010E+00  -4.8068E+00
  -4.7010E+00  -3.6579E+00
  -4.3010E+00  -2.5941E+00
  -3.9010E+00  -1.7836E+00
  -3.5010E+00  -1.7765E+00
  -3.1010E+00  -4.0737E+00
  -2.7010E+00  -1.5683E+01
  -2.3010E+00  -1.5683E+01
  -1.9010E+00  -1.5683E+01
  -1.5010E+00  -1.5683E+01
  -1.1010E+00  -1.5683E+01
  -7.0103E-01  -1.5683E+01
  -3.0103E-01  -1.5683E+01
   9.8970E-02  -1.5683E+01
   4.9897E-01  -1.5683E+01
   8.9897E-01  -1.5683E+01
   1.2990E+00  -1.5683E+01
   1.6990E+00  -1.5683E+01
   2.0990E+00  -1.5683E+01
   2.4990E+00  -1.5683E+01
   2.8990E+00  -1.5683E+01
   3.2990E+00  -1.5683E+01
   3.6990E+00  -1.5683E+01
   4.0990E+00  -1.5683E+01
   4.4990E+00  -1.5683E+01
   4.8990E+00  -1.5683E+01
   5.2990E+00  -1.5683E+01
   5.6990E+00  -1.5683E+01
   6.0990E+00  -1.5683E+01
   6.4990E+00  -1.5683E+01
   6.8990E+00  -1.5683E+01
   7.2990E+00  -1.5683E+01
   7.6990E+00  -1.5683E+01
   8.0990E+00  -1.5683E+01
   8.4990E+00  -1.5683E+01
   8.8990E+00  -4.9542E+01
   0.0000E+00   8.1065E-18   3.3207E-02   1.0000E-13
  -1.1901E+01  -1.5683E+01
  -1.1501E+01  -1.5683E+01
  -1.1101E+01  -1.5683E+01
  -1.0701E+01  -1.5683E+01
  -1.0301E+01  -1.5683E+01
  -9.9010E+00  -1.5683E+01
  -9.5010E+00  -1.5681E+01
  -9.1010E+00  -1.5649E+01
  -8.7010E+00  -1.5324E+01
  -8.3010E+00  -1.4353E+01
  -7.9010E+00  -1.3173E+01
  -7.5010E+00  -1.1974E+01
  -7.1010E+00  -1.0774E+01
  -6.7010E+00  -9.5748E+00
  -6.3010E+00  -8.3761E+00
  -5.9010E+00  -7.1792E+00
  -5.5010E+00  -5.9870E+00
  -5.1010E+00  -4.8068E+00
  -4.7010E+00  -3.6579E+00
  -4.3010E+00  -2.5941E+00
  -3.9010E+00  -1.7836E+00
  -3.5010E+00  -1.7765E+00
  -3.1010E+00  -4.0737E+00
  -2.7010E+00  -1.5683E+01
  -2.3010E+00  -1.5683E+01
  -1.9010E+00  -1.5683E+01
  -1.5010E+00  -1.5683E+01
  -1.1010E+00  -1.5683E+01
  -7.0103E-01  -1.5683E+01
  -3.0103E-01  -1.5683E+01
   9.8970E-02  -1.5683E+01
   4.9897E-01  -1.5683E+01
   8.9897E-01  -1.5683E+01
   1.2990E+00  -1.5683E+01
   1.6990E+00  -1.5683E+01
   2.0990E+00  -1.5683E+01
   2.4990E+00  -1.5683E+01
   2.8990E+00  -1.5683E+01
   3.2990E+00  -1.5683E+01
   3.6990E+00  -1.5683E+01
   4.0990E+00  -1.5683E+01
   4.4990E+00  -1.5683E+01
   4.8990E+00  -1.5683E+01
   5.2990E+00  -1.5683E+01
   5.6990E+00  -1.5683E+01
   6.0990E+00  -1.5683E+01
   6.4990E+00  -1.5683E+01
   6.8990E+00  -1.5683E+01
   7.2990E+00  -1.5683E+01
   7.6990E+00  -1.5683E+01
   8.0990E+00  -1.5683E+01
   8.4990E+00  -1.5683E+01
   8.8990E+00  -4.9542E+01
   5.0000E+00   8.0595E-18   4.9024E-02   5.7551E-04
  -1.1901E+01  -1.4420E+01
  -1.1501E+01  -1.2853E+01
  -1.1101E+01  -1.1426E+01
  -1.0701E+01  -1.0026E+01
  -1.0301E+01  -8.6231E+00
  -9.9010E+00  -7.2182E+00
  -9.5010E+00  -5.8137E+00
  -9.1010E+00  -4.4203E+00
  -8.7010E+00  -3.2303E+00
  -8.3010E+00  -2.8801E+00
  -7.9010E+00  -2.8800E+00
  -7.5010E+00  -2.9039E+00
  -7.1010E+00  -2.9325E+00
  -6.7010E+00  -2.9679E+00
  -6.3010E+00  -3.0172E+00
  -5.9010E+00  -3.0951E+00
  -5.5010E+00  -3.2268E+00
  -5.1010E+00  -3.4376E+00
  -4.7010E+00  -3.4116E+00
  -4.3010E+00  -2.5729E+00
  -3.9010E+00  -1.7801E+00
  -3.5010E+00  -1.7717E+00
  -3.1010E+00  -3.3889E+00
  -2.7010E+00  -3.3378E+00
  -2.3010E+00  -3.2804E+00
  -1.9010E+00  -3.2363E+00
  -1.5010E+00  -3.2087E+00
  -1.1010E+00  -3.1976E+00
  -7.0103E-01  -3.2002E+00
  -3.0103E-01  -3.2142E+00
   9.8970E-02  -3.2403E+00
   4.9897E-01  -3.2767E+00
   8.9897E-01  -3.3235E+00
   1.2990E+00  -3.3831E+00
   1.6990E+00  -3.4680E+00
   2.0990E+00  -3.6408E+00
   2.4990E+00  -3.9728E+00
   2.8990E+00  -4.3812E+00
   3.2990E+00  -6.7903E+00
   3.6990E+00  -1.1089E+01
   4.0990E+00  -1.1520E+01
   4.4990E+00  -1.1559E+01
   4.8990E+00  -1.1354E+01
   5.2990E+00  -1.1134E+01
   5.6990E+00  -1.1236E+01
   6.0990E+00  -1.1796E+01
   6.4990E+00  -1.2887E+01
   6.8990E+00  -1.5268E+01
   7.2990E+00  -1.5961E+01
   7.6990E+00  -1.6325E+01
   8.0990E+00  -1.6712E+01
   8.4990E+00  -1.7124E+01
   8.8990E+00  -4.9542E+01
