   0.0000E+00   8.1065E-18   3.3207E-02   1.0000E-13
  -1.1901E+01  -1.5683E+01
  -1.1501E+01  -1.5683E+01
  -1.1101E+01  -1.5683E+01
  -1.0701E+01  -1.5683E+01
  -1.0301E+01  -1.5683E+01
  -9.9010E+00  -1.5683E+01
  -9.5010E+00  -1.5683E+01
  -9.1010E+00  -1.5683E+01
  -8.7010E+00  -1.5683E+01
  -8.3010E+00  -1.5683E+01
  -7.9010E+00  -1.5683E+01
  -7.5010E+00  -1.5683E+01
  -7.1010E+00  -1.5683E+01
  -6.7010E+00  -1.5683E+01
  -6.3010E+00  -1.5683E+01
  -5.9010E+00  -1.5683E+01
  -5.5010E+00  -1.5683E+01
  -5.1010E+00  -1.5683E+01
  -4.7010E+00  -1.5684E+01
  -4.3010E+00  -1.5681E+01
  -3.9010E+00  -1.5632E+01
  -3.5010E+00  -1.5627E+01
  -3.1010E+00  -1.5683E+01
  -2.7010E+00  -1.5683E+01
  -2.3010E+00  -1.5683E+01
  -1.9010E+00  -1.5683E+01
  -1.5010E+00  -1.5683E+01
  -1.1010E+00  -1.5683E+01
  -7.0103E-01  -1.5683E+01
  -3.0103E-01  -1.5683E+01
   9.8970E-02  -1.5683E+01
   4.9897E-01  -1.5683E+01
   8.9897E-01  -1.5683E+01
   1.2990E+00  -1.5683E+01
   1.6990E+00  -1.5683E+01
   2.0990E+00  -1.5683E+01
   2.4990E+00  -1.5683E+01
   2.8990E+00  -1.5683E+01
   3.2990E+00  -1.5683E+01
   3.6990E+00  -1.5683E+01
   4.0990E+00  -1.5683E+01
   4.4990E+00  -1.5683E+01
   4.8990E+00  -1.5683E+01
   5.2990E+00  -1.5683E+01
   5.6990E+00  -1.5683E+01
   6.0990E+00  -1.5683E+01
   6.4990E+00  -1.5683E+01
   6.8990E+00  -1.5683E+01
   7.2990E+00  -1.5683E+01
   7.6990E+00  -1.5683E+01
   8.0990E+00  -1.5683E+01
   8.4990E+00  -1.5683E+01
   8.8990E+00          NAN
   0.0000E+00   8.1065E-18   3.3207E-02   1.0000E-13
  -1.1901E+01  -1.5683E+01
  -1.1501E+01  -1.5683E+01
  -1.1101E+01  -1.5683E+01
  -1.0701E+01  -1.5683E+01
  -1.0301E+01  -1.5683E+01
  -9.9010E+00  -1.5683E+01
  -9.5010E+00  -1.5683E+01
  -9.1010E+00  -1.5683E+01
  -8.7010E+00  -1.5683E+01
  -8.3010E+00  -1.5683E+01
  -7.9010E+00  -1.5683E+01
  -7.5010E+00  -1.5683E+01
  -7.1010E+00  -1.5683E+01
  -6.7010E+00  -1.5683E+01
  -6.3010E+00  -1.5683E+01
  -5.9010E+00  -1.5683E+01
  -5.5010E+00  -1.5683E+01
  -5.1010E+00  -1.5685E+01
  -4.7010E+00  -1.5699E+01
  -4.3010E+00  -1.5898E+01
  -3.9010E+00          NAN
  -3.5010E+00          NAN
  -3.1010E+00  -1.5689E+01
  -2.7010E+00  -1.5683E+01
  -2.3010E+00  -1.5683E+01
  -1.9010E+00  -1.5683E+01
  -1.5010E+00  -1.5683E+01
  -1.1010E+00  -1.5683E+01
  -7.0103E-01  -1.5683E+01
  -3.0103E-01  -1.5683E+01
   9.8970E-02  -1.5683E+01
   4.9897E-01  -1.5683E+01
   8.9897E-01  -1.5683E+01
   1.2990E+00  -1.5683E+01
   1.6990E+00  -1.5683E+01
   2.0990E+00  -1.5683E+01
   2.4990E+00  -1.5683E+01
   2.8990E+00  -1.5683E+01
   3.2990E+00  -1.5683E+01
   3.6990E+00  -1.5683E+01
   4.0990E+00  -1.5683E+01
   4.4990E+00  -1.5683E+01
   4.8990E+00  -1.5683E+01
   5.2990E+00  -1.5683E+01
   5.6990E+00  -1.5683E+01
   6.0990E+00  -1.5683E+01
   6.4990E+00  -1.5683E+01
   6.8990E+00  -1.5683E+01
   7.2990E+00  -1.5683E+01
   7.6990E+00  -1.5683E+01
   8.0990E+00  -1.5683E+01
   8.4990E+00  -1.5683E+01
   8.8990E+00          NAN
   5.0000E+00   8.0595E-18   4.9024E-02   5.7551E-04
  -1.1901E+01  -1.4420E+01
  -1.1501E+01  -1.2853E+01
  -1.1101E+01  -1.1426E+01
  -1.0701E+01  -1.0026E+01
  -1.0301E+01  -8.6231E+00
  -9.9010E+00  -7.2182E+00
  -9.5010E+00  -5.8137E+00
  -9.1010E+00  -4.4203E+00
  -8.7010E+00  -3.2303E+00
  -8.3010E+00  -2.8801E+00
  -7.9010E+00  -2.8800E+00
  -7.5010E+00  -2.9039E+00
  -7.1010E+00  -2.9325E+00
  -6.7010E+00  -2.9679E+00
  -6.3010E+00  -3.0172E+00
  -5.9010E+00  -3.0952E+00
  -5.5010E+00  -3.2276E+00
  -5.1010E+00  -3.4565E+00
  -4.7010E+00  -3.7752E+00
  -4.3010E+00  -3.8946E+00
  -3.9010E+00  -3.8650E+00
  -3.5010E+00  -3.7297E+00
  -3.1010E+00  -3.4895E+00
  -2.7010E+00  -3.3378E+00
  -2.3010E+00  -3.2804E+00
  -1.9010E+00  -3.2363E+00
  -1.5010E+00  -3.2087E+00
  -1.1010E+00  -3.1976E+00
  -7.0103E-01  -3.2002E+00
  -3.0103E-01  -3.2142E+00
   9.8970E-02  -3.2403E+00
   4.9897E-01  -3.2767E+00
   8.9897E-01  -3.3235E+00
   1.2990E+00  -3.3831E+00
   1.6990E+00  -3.4680E+00
   2.0990E+00  -3.6408E+00
   2.4990E+00  -3.9728E+00
   2.8990E+00  -4.3812E+00
   3.2990E+00  -6.7903E+00
   3.6990E+00  -1.1089E+01
   4.0990E+00  -1.1520E+01
   4.4990E+00  -1.1559E+01
   4.8990E+00  -1.1354E+01
   5.2990E+00  -1.1134E+01
   5.6990E+00  -1.1236E+01
   6.0990E+00  -1.1796E+01
   6.4990E+00  -1.2887E+01
   6.8990E+00  -1.5268E+01
   7.2990E+00  -1.5961E+01
   7.6990E+00  -1.6325E+01
   8.0990E+00  -1.6712E+01
   8.4990E+00  -1.7124E+01
   8.8990E+00          NAN
