6.404999999999999583e-01 1.808405417338612121e-11
1.665499999999999980e+00 2.690227167805851242e-11
2.690500000000000114e+00 4.149786297441464405e-11
3.715500000000000025e+00 3.109831852930389733e-11
4.740249999999999631e+00 2.424228966291776973e-11
5.765249999999999986e+00 1.939205352216281166e-11
6.790250000000000341e+00 1.828944150721446546e-11
7.815249999999999808e+00 1.553432828105148728e-11
8.839999999999999858e+00 1.266928102576240455e-11
9.737000000000000099e+00 1.408298055541703756e-11
1.063375000000000092e+01 1.652255887023810174e-11
1.165874999999999950e+01 1.758671621225594602e-11
1.268374999999999808e+01 1.652015156679672965e-11
1.370850000000000080e+01 1.747648511448714833e-11
1.473350000000000115e+01 2.603597898848196246e-11
1.575850000000000151e+01 3.265403363964562334e-11
1.678325000000000244e+01 4.772038017747126183e-11
1.780825000000000102e+01 9.150184131663426016e-11
1.870499999999999829e+01 1.005215606610295617e-10
1.960200000000000031e+01 4.991199789025148763e-11
2.062699999999999889e+01 2.791614376928750684e-11
2.165174999999999983e+01 3.628454650517660019e-11
2.267674999999999841e+01 5.674267724488860738e-11
2.370175000000000054e+01 9.597605311032078475e-11
2.472675000000000267e+01 7.618944024352476138e-11
2.575150000000000006e+01 5.295270885085714672e-11
2.677649999999999864e+01 7.788210626052562075e-11
2.780150000000000432e+01 8.528103121182921515e-11
2.869833333333333414e+01 1.007513748941284812e-10
2.959499999999999886e+01 9.993074778209351360e-11
3.062000000000000099e+01 1.062382509082041661e-10
3.164500000000000313e+01 6.101348121699419075e-11
3.267000000000000171e+01 2.580325167954467376e-11
3.369500000000000028e+01 2.135625843786704527e-11
3.471974999999999767e+01 1.913896087282859593e-11
3.574474999999999625e+01 2.683815263670969174e-11
3.676975000000000193e+01 3.752604078190188351e-11
3.766666666666666430e+01 2.707237151842336297e-11
3.856325000000000358e+01 8.027661170104698947e-11
3.958825000000000216e+01 9.538679448797897260e-11
4.061325000000000074e+01 3.877207169147048448e-11
4.163824999999999932e+01 5.970949774133832270e-11
4.266299999999999670e+01 2.535507297711737903e-11
4.368800000000000239e+01 4.829958298924821813e-11
4.471300000000000097e+01 3.539888511854021424e-11
4.573799999999999955e+01 4.072794555465819916e-11
4.676274999999999693e+01 1.343132992056155135e-10
4.765966666666665930e+01 8.993292625056285847e-11
4.855649999999999977e+01 2.931802164325314219e-11
4.958150000000000546e+01 3.585248144169559814e-11
5.060625000000000284e+01 7.245242432252313250e-11
5.163125000000000142e+01 3.241088328895029238e-11
5.265625000000000000e+01 2.436824191370563500e-11
5.368124999999999858e+01 5.097798587853575384e-11
5.470600000000000307e+01 4.735944731374451643e-11
5.573100000000000165e+01 1.597335328075685712e-10
5.662800000000000722e+01 2.037322403456132282e-10
5.752474999999999739e+01 9.858548623706714347e-11
5.854974999999999596e+01 3.022244421929506923e-11
5.957450000000000045e+01 4.889301640156526639e-11
6.059950000000000614e+01 1.004601561539796783e-10
6.162449999999999761e+01 3.879418319551628731e-11
6.264949999999999619e+01 2.896245623080531631e-11
6.367425000000000068e+01 2.331613945355724754e-11
6.469925000000000637e+01 2.090297295379004365e-11
6.572424999999999784e+01 3.362068168699070942e-11
6.662099999999999511e+01 7.286464977586945810e-11
6.751800000000000068e+01 8.916126495119978723e-11
6.854275000000001228e+01 9.629965797832129181e-11
6.956774999999998954e+01 4.604555364933866497e-11
7.059274999999999523e+01 4.378647799999912829e-11
7.161775000000000091e+01 8.083140087423765167e-11
7.264249999999999829e+01 9.307329449305583825e-11
7.366750000000000398e+01 4.585527693254805895e-11
7.469249999999999545e+01 2.926071292711821699e-11
7.558899999999999864e+01 3.751912480830684712e-11
7.648600000000000421e+01 3.628626223227882890e-11
7.751099999999999568e+01 4.190227601128686731e-11
7.853600000000000136e+01 4.966741306088174761e-11
7.956100000000000705e+01 3.062842068765611101e-11
8.058574999999999022e+01 2.530728392263164239e-11
8.161074999999999591e+01 2.037110898452148967e-11
8.263575000000000159e+01 2.190077127521402018e-11
8.366075000000000728e+01 2.393218147168251295e-11
8.468549999999999045e+01 2.318329436919017778e-11
8.558233333333332382e+01 2.626777619751723921e-11
8.647925000000000750e+01 2.534269587787655884e-11
8.750425000000001319e+01 2.459284389181899581e-11
8.852899999999999636e+01 5.071205570056761982e-11
8.955400000000000205e+01 1.486694319947022156e-10
9.057899999999997931e+01 1.593670355972142844e-10
9.160399999999999920e+01 1.063176339508306964e-10
9.262900000000001910e+01 4.755980164714328844e-11
9.365375000000000227e+01 3.752698928484324230e-11
9.455066666666665753e+01 2.370388188138275062e-11
9.544749999999999091e+01 1.927322322115415338e-11
9.647249999999999659e+01 4.384429257033302865e-11
9.749724999999999397e+01 2.722751089281203018e-11
9.852224999999999966e+01 2.574015710075089581e-11
9.954725000000000534e+01 2.312483173223182352e-11
1.005722499999999968e+02 1.195649243179573425e-10
1.015969999999999942e+02 8.048248252428653777e-11
1.026219999999999857e+02 2.105981479194165741e-11
1.035190000000000055e+02 2.669480803547415461e-11
1.044157500000000027e+02 2.449725722912402060e-11
1.054405000000000001e+02 6.680404675024919747e-11
1.064654999999999916e+02 8.398799228733061091e-11
1.074904999999999973e+02 1.005677561617101183e-10
1.085155000000000030e+02 5.935049647197548879e-11
1.095402500000000003e+02 5.063188503835207379e-11
1.105652499999999918e+02 6.293850441240032330e-11
1.115902499999999975e+02 6.781280997398779639e-11
1.126152500000000032e+02 2.386834766626490767e-10
1.135120000000000005e+02 2.079595979078105776e-10
1.144087499999999977e+02 4.261087902873850228e-11
1.154337500000000034e+02 4.484051714993862711e-11
1.164587500000000091e+02 3.788775317559399707e-11
1.174837500000000006e+02 2.722287384775836690e-11
1.185084999999999980e+02 2.999089204614203692e-11
1.195335000000000036e+02 5.730287533885516218e-11
1.205584999999999951e+02 6.001200657464149527e-11
1.215835000000000008e+02 3.952081622238584255e-11
1.224800000000000040e+02 4.736962363397033302e-11
1.233769999999999811e+02 3.539088155493673672e-11
1.244020000000000010e+02 3.336727752596502387e-11
1.254270000000000209e+02 7.836798341376464951e-11
1.264519999999999982e+02 3.193286831282496168e-11
1.274767499999999956e+02 1.720529674876283058e-11
1.285017499999999870e+02 1.484484850065475672e-11
1.295267499999999927e+02 1.829980082738522508e-11
1.305517499999999984e+02 3.110298944901245602e-11
1.315765000000000100e+02 4.132782667654176865e-11
1.324733333333333576e+02 4.504351889609467280e-11
1.333702499999999986e+02 3.793521952350582678e-11
1.343950000000000102e+02 3.656259711419125687e-11
1.354199999999999875e+02 2.558629746475004142e-11
1.364449999999999932e+02 2.544159403925250284e-11
1.374699999999999989e+02 2.570707545198438463e-11
1.384949999999999761e+02 2.154764955064130521e-11
1.395197499999999877e+02 2.167229397815402817e-11
1.405447499999999934e+02 3.784396653635743857e-11
1.414416666666666913e+02 6.509654634847889730e-11
1.423385000000000105e+02 4.109584484003312902e-11
1.433632499999999936e+02 5.594967452230398253e-11
1.443882499999999993e+02 4.721379301097738771e-11
1.454132500000000050e+02 2.647776904781040933e-11
1.464382500000000107e+02 3.701061320220887131e-11
1.474629999999999939e+02 4.762723428355439983e-11
1.484879999999999995e+02 9.278428787773632905e-11
1.495129999999999768e+02 6.275062748477420939e-11
1.505379999999999825e+02 5.527366738509134658e-11
1.514350000000000307e+02 4.258669057603087231e-11
1.523315000000000055e+02 4.331340096693952535e-11
1.533565000000000111e+02 6.780651655229482215e-11
1.543814999999999884e+02 6.273885259594932045e-11
1.554064999999999941e+02 2.198967046899502198e-11
1.564312500000000057e+02 3.429628482663921076e-11
1.574562500000000114e+02 9.940244587252356143e-11
1.584812500000000171e+02 6.536518482608643502e-11
1.595062499999999943e+02 2.679698539356046221e-11
1.604029999999999916e+02 2.771596421686216299e-11
1.612997499999999889e+02 2.981095451976175528e-11
1.623247499999999945e+02 4.561958411315296875e-11
1.633497500000000002e+02 3.698343048482319784e-11
1.643744999999999834e+02 1.029932525166130290e-10
1.653994999999999891e+02 1.749633929228304303e-10
1.664244999999999948e+02 1.087778002479634617e-10
1.674495000000000005e+02 2.140323083589418413e-10
1.684742500000000121e+02 3.552490993145656374e-10
1.694992499999999893e+02 1.810099077693269882e-10
1.703959999999999866e+02 6.049844281338553083e-11
1.712929999999999779e+02 1.790794087386029697e-10
1.723180000000000121e+02 2.744762699946278211e-10
1.733427499999999952e+02 8.035979185952069566e-11
1.743677500000000009e+02 1.893138460161427920e-10
1.753927499999999782e+02 1.496237192698606220e-10
1.764177499999999839e+02 4.838654200525845286e-11
1.774424999999999955e+02 5.595619232314607966e-11
1.784675000000000011e+02 1.878011599494104200e-10
1.793643333333333203e+02 1.087495985046174871e-10
1.802612499999999898e+02 6.096376767181430120e-11
1.812859999999999729e+02 6.928172038823708132e-11
1.823109999999999786e+02 1.559300527480146223e-10
1.833360000000000127e+02 2.594741878253503237e-10
1.843610000000000184e+02 1.676293012708185941e-10
1.853859999999999957e+02 7.973614651713838992e-11
1.864107499999999789e+02 7.199974745009908536e-11
1.874357499999999845e+02 8.153735738922539409e-11
1.883326666666666824e+02 3.479149368726889846e-11
1.892295000000000300e+02 3.134638967845076921e-11
1.902542499999999848e+02 2.740608491363589861e-11
1.912792500000000189e+02 5.421707525527799829e-11
1.923042499999999961e+02 1.239298885573776052e-10
1.933289999999999793e+02 1.122642782102030302e-10
1.943539999999999850e+02 7.849048748076147742e-11
1.953789999999999907e+02 2.988777441158894993e-11
1.964040000000000248e+02 3.295085037955918418e-11
1.974290000000000020e+02 2.934083003202160897e-11
1.983256666666666490e+02 3.276938333121007679e-11
1.992224999999999966e+02 3.872028000128845970e-11
2.002475000000000023e+02 3.551003712239792564e-11
2.012725000000000080e+02 2.846019325238289528e-11
2.022972500000000196e+02 2.000815631494590252e-11
2.033222499999999684e+02 2.057021430212650436e-11
2.043472500000000025e+02 3.241836486886463660e-11
2.053722500000000082e+02 2.844361654739130131e-11
2.063969999999999914e+02 2.733252629752973046e-11
2.072940000000000111e+02 2.453300140456122796e-11
2.081907499999999800e+02 3.287007103236640857e-11
2.092157499999999857e+02 2.847183887110743560e-11
2.102407499999999914e+02 1.900780416231656243e-11
2.112655000000000030e+02 2.769218957915629977e-11
2.122905000000000086e+02 2.792143846257122007e-11
2.133154999999999859e+02 1.751478506732361197e-11
2.143404999999999916e+02 1.511903198579926576e-11
2.153652500000000032e+02 2.658071771175171714e-11
2.163902500000000089e+02 5.875264469160916614e-11
2.172870000000000061e+02 4.151450295398464912e-11
2.181839999999999975e+02 4.782374501293513336e-11
2.192089999999999748e+02 2.871928101856137451e-11
2.202337499999999864e+02 3.985100345549095991e-11
2.212587500000000205e+02 4.529858069933949571e-11
2.222837499999999977e+02 3.707973634206925805e-11
2.233085000000000093e+02 9.825256795815591125e-11
2.243334999999999866e+02 8.172238737005162059e-11
2.253584999999999923e+02 4.127024820266815300e-11
2.262553333333333683e+02 4.400557181454725193e-11
2.271519999999999868e+02 4.589090875034582499e-11
2.281769999999999925e+02 2.866762066823091626e-11
2.292020000000000266e+02 2.205969478063649756e-11
2.302270000000000039e+02 9.434461754049533825e-11
2.312519999999999811e+02 8.557739167343040953e-11
2.322767499999999927e+02 5.495101467228119950e-11
2.333017499999999984e+02 4.741369354051922631e-11
2.343267500000000041e+02 3.037031657359248133e-11
2.353517500000000098e+02 2.681807313200165660e-11
2.362483333333333348e+02 1.814296431465417353e-11
2.371452500000000043e+02 3.476070806464785455e-11
2.381702500000000100e+02 1.283145938050998558e-10
2.391952500000000157e+02 1.189284701217307477e-10
2.402200000000000273e+02 5.912864699419056311e-11
2.412449999999999761e+02 3.359471445201964839e-11
2.422700000000000102e+02 4.989671982364448944e-11
2.432949999999999875e+02 3.752337616705867011e-11
2.443199999999999932e+02 4.436951655434828631e-11
2.452166666666666970e+02 3.831420707092618809e-11
2.461134999999999877e+02 2.885305753297116720e-11
2.471384999999999934e+02 2.981947678871570089e-11
2.481634999999999991e+02 5.395757522381245829e-11
2.491882500000000107e+02 7.603933839808557699e-11
2.502132500000000164e+02 5.966035379723909862e-11
2.512382499999999936e+02 3.419024664837066637e-11
2.522629999999999768e+02 2.997481484210626061e-11
2.532880000000000109e+02 3.699340209303048218e-11
2.543130000000000166e+02 6.634732105134713983e-11
2.552100000000000080e+02 8.351834823152651162e-11
2.561067500000000337e+02 5.484381694355737083e-11
2.571315000000000168e+02 5.050404305287995157e-11
2.581564999999999941e+02 7.637687507473767911e-11
2.591815000000000282e+02 7.088567329084932123e-11
2.602065000000000055e+02 3.991676058286200717e-11
2.612312499999999886e+02 2.811594281329196471e-11
2.622562500000000227e+02 6.213384451892893204e-11
2.632812500000000000e+02 5.437728279522107297e-11
2.641780000000000541e+02 2.805023492267330425e-11
2.650749999999999886e+02 1.943020400486526233e-11
2.660997499999999718e+02 2.395505913885034834e-11
2.671247500000000059e+02 3.948333285989728588e-11
2.681497500000000400e+02 4.446889539202644887e-11
2.691747500000000173e+02 5.270783522613896124e-11
2.701995000000000005e+02 3.875269965337541516e-11
2.712244999999999777e+02 2.773946544482062731e-11
2.722495000000000118e+02 2.214769531188662735e-11
2.731463333333333594e+02 2.615780283099502773e-11
2.740430000000000064e+02 2.223058756562125608e-11
2.750679999999999836e+02 1.332424065509480507e-11
2.760929999999999609e+02 6.437229261772017816e-11
2.771179999999999950e+02 8.985151631419339008e-11
2.781430000000000291e+02 4.262208471430603251e-11
2.791677500000000691e+02 5.023382516008423989e-11
2.801927500000000464e+02 5.182923882526209945e-11
2.812177500000000236e+02 4.647447093419066536e-11
2.822425000000000068e+02 3.715878235763920750e-11
2.831393333333332976e+02 5.332697251313919407e-11
2.840362499999999955e+02 7.665379034858388019e-11
2.850612499999999727e+02 4.274970769796008566e-11
2.860860000000000127e+02 3.232092985353631668e-11
2.871109999999999900e+02 4.322017662319336140e-11
2.881359999999999673e+02 4.954929269996101421e-11
2.891610000000000014e+02 7.145882129220764136e-11
2.901859999999999786e+02 3.476388223260027034e-11
2.912107500000000186e+02 3.846659311195869082e-11
2.921076666666667165e+02 5.406496116117605153e-11
2.930045000000000073e+02 1.027410997237160278e-10
2.940294999999999845e+02 9.862688892940991250e-11
2.950542500000000246e+02 4.475494973803811199e-11
2.960792500000000018e+02 1.107949131473661151e-10
2.971042500000000359e+02 1.343284656753838992e-10
2.981292499999999563e+02 5.417394282762266913e-11
2.991539999999999964e+02 4.721608864827782474e-11
3.001789999999999736e+02 8.869541902481554758e-11
3.012040000000000077e+02 1.506103229791310309e-10
3.021010000000000559e+02 2.737008229761868781e-10
3.029977499999999964e+02 3.525279792297156812e-10
3.040224999999999795e+02 2.996354166615880516e-10
3.050475000000000136e+02 3.080124232014457899e-10
3.060724999999999909e+02 2.200784875981165068e-10
3.070975000000000250e+02 6.666410547846286702e-11
3.081222500000000082e+02 4.198753516215388981e-11
3.091472499999999854e+02 4.893613269404437205e-11
3.101722500000000196e+02 1.027933966237749712e-10
3.110690000000000168e+02 1.021292672532503892e-10
3.119657500000000709e+02 4.907121120105314912e-11
3.129907500000000482e+02 3.499401747174226560e-11
3.140157500000000255e+02 6.635366736986478888e-11
3.150407500000000027e+02 8.314554998417265676e-11
3.160654999999999859e+02 6.231436585489851269e-11
3.170905000000000200e+02 4.882979420944064311e-11
3.181154999999999973e+02 6.242873996638328379e-11
3.191404999999999745e+02 1.256282937460945530e-10
3.201652500000000146e+02 9.433416449227115612e-11
3.210619999999999550e+02 1.366757161156570610e-10
3.219590000000000032e+02 1.827507093183270990e-10
3.229839999999999804e+02 2.251398689393106432e-10
3.240090000000000146e+02 2.163578628092874906e-10
3.250337500000000546e+02 5.422253316897545034e-11
3.260587500000000318e+02 8.326126234924768441e-11
3.270837500000000091e+02 2.515043072966950507e-10
3.281087499999999864e+02 2.970368569858760761e-10
3.291335000000000264e+02 9.233702346401134123e-11
3.300303333333333171e+02 4.687585704730202286e-11
3.309272499999999582e+02 1.427623008448006352e-10
3.319522499999999923e+02 2.141353950464109919e-10
3.329769999999999754e+02 6.848391333443068674e-10
3.340020000000000095e+02 4.673513771625991791e-09
3.350269999999999868e+02 4.163265693715782443e-09
3.360519999999999641e+02 5.567792590700589740e-10
3.370769999999999982e+02 6.927940026159508822e-11
3.381017500000000382e+02 4.884039376756616804e-11
3.391267500000000155e+02 3.452641887724664594e-11
3.400236666666666565e+02 3.961005405617058314e-11
3.409202500000000100e+02 1.350113259886837917e-10
3.419452499999999873e+02 2.557988186496046977e-10
3.429702500000000214e+02 1.592276201016196537e-10
3.439952500000000555e+02 2.688839714435455709e-10
3.450199999999999818e+02 6.278637660537057416e-10
3.460449999999999591e+02 3.304737994155616064e-10
3.470699999999999932e+02 2.442517855127052582e-10
3.480950000000000273e+02 3.637342560069604357e-10
3.489920000000000186e+02 2.197629602526150929e-10
3.498885000000000218e+02 5.228031884169341439e-11
3.509134999999999991e+02 6.221997088240302373e-11
3.519384999999999764e+02 2.014822931719369970e-10
3.529634999999999536e+02 1.440944614906934915e-10
3.539882499999999936e+02 1.976955329768999211e-10
3.550132499999999709e+02 2.687992598631831936e-10
3.560382500000000050e+02 2.076265959656844745e-10
3.570632500000000391e+02 1.604411990194028053e-10
3.580880000000000223e+02 1.051444823643353075e-10
