-5.000000000000000000e+01 7.514053293586991922e-02
-4.897959183673469141e+01 9.791361044388764701e-02
-4.795918367346938993e+01 9.285116991511839502e-02
-4.693877551020408134e+01 9.765233306650271394e-02
-4.591836734693877276e+01 1.125851099830954827e-01
-4.489795918367347127e+01 1.169156895050033479e-01
-4.387755102040816269e+01 1.128391631581955601e-01
-4.285714285714285410e+01 1.016875492741351611e-01
-4.183673469387755262e+01 1.113912942215861124e-01
-4.081632653061224403e+01 1.168878648615048060e-01
-3.979591836734694255e+01 1.242034894535816864e-01
-3.877551020408163396e+01 1.364692324654847022e-01
-3.775510204081632537e+01 1.281734501678609417e-01
-3.673469387755102389e+01 1.445898470751720011e-01
-3.571428571428571530e+01 1.432658010772319135e-01
-3.469387755102040671e+01 1.495028429408530868e-01
-3.367346938775510523e+01 1.349882908349385457e-01
-3.265306122448979664e+01 1.420702580757242095e-01
-3.163265306122448806e+01 1.447483009488298722e-01
-3.061224489795918302e+01 1.432582375022181109e-01
-2.959183673469387799e+01 1.519950475359631015e-01
-2.857142857142856940e+01 1.410093941024932185e-01
-2.755102040816326436e+01 1.558943375779355822e-01
-2.653061224489795933e+01 1.632383614587425147e-01
-2.551020408163265074e+01 1.883234761814062130e-01
-2.448979591836734571e+01 1.999498729523255525e-01
-2.346938775510204067e+01 2.053300135665942217e-01
-2.244897959183673564e+01 2.208090469393926836e-01
-2.142857142857142705e+01 2.561372559119296510e-01
-2.040816326530612201e+01 2.552889737707910722e-01
-1.938775510204081698e+01 2.667748189046482699e-01
-1.836734693877550839e+01 2.743477561435216927e-01
-1.734693877551020336e+01 2.697728507330366399e-01
-1.632653061224489477e+01 2.906589557530073753e-01
-1.530612244897959329e+01 3.054863327393603778e-01
-1.428571428571428470e+01 3.083616303907980583e-01
-1.326530612244897611e+01 3.261042743674096855e-01
-1.224489795918367463e+01 3.549695912413800003e-01
-1.122448979591836604e+01 3.615415140051674858e-01
-1.020408163265305745e+01 3.619904373361675920e-01
-9.183673469387755972e+00 3.755610732441382327e-01
-8.163265306122447384e+00 3.982265485643323166e-01
-7.142857142857138797e+00 4.117945428052189882e-01
-6.122448979591837315e+00 4.347012326976820717e-01
-5.102040816326528727e+00 4.470286517866974285e-01
-4.081632653061220140e+00 4.722346707859199633e-01
-3.061224489795918657e+00 5.100807091749497424e-01
-2.040816326530610070e+00 5.465239148295222282e-01
-1.020408163265301482e+00 6.335590208130369438e-01
0.000000000000000000e+00 9.972463818170438365e-01
1.020408163265308588e+00 6.340997485773224307e-01
2.040816326530610070e+00 5.479779565559943499e-01
3.061224489795918657e+00 5.121510276348413271e-01
4.081632653061227245e+00 4.724307713323255276e-01
5.102040816326528727e+00 4.476220406761536874e-01
6.122448979591837315e+00 4.349203283116457874e-01
7.142857142857145902e+00 4.123791694123926654e-01
8.163265306122447384e+00 3.977575797078490294e-01
9.183673469387755972e+00 3.750945691322848941e-01
1.020408163265306456e+01 3.616045672061034000e-01
1.122448979591836604e+01 3.612793299317275664e-01
1.224489795918367463e+01 3.548604061790023856e-01
1.326530612244898322e+01 3.262487867536031372e-01
1.428571428571429180e+01 3.086210659668258138e-01
1.530612244897959329e+01 3.035794441448381731e-01
1.632653061224489477e+01 2.891181509343362377e-01
1.734693877551021046e+01 2.686539601940079458e-01
1.836734693877551194e+01 2.712110599398850908e-01
1.938775510204081343e+01 2.635036442206307172e-01
2.040816326530612912e+01 2.519473681861086889e-01
2.142857142857143060e+01 2.545189453628334264e-01
2.244897959183673208e+01 2.189571522577424545e-01
2.346938775510204778e+01 2.022203276459243748e-01
2.448979591836734926e+01 1.967100807441361510e-01
2.551020408163265074e+01 1.836872201133586957e-01
2.653061224489796643e+01 1.591323689404852137e-01
2.755102040816326792e+01 1.515643518661298761e-01
2.857142857142856940e+01 1.360808997315074431e-01
2.959183673469388509e+01 1.461550568368603364e-01
3.061224489795918657e+01 1.385384512985571581e-01
3.163265306122448806e+01 1.392156247867683549e-01
3.265306122448980375e+01 1.363079399004951675e-01
3.367346938775510523e+01 1.283543951245618986e-01
3.469387755102040671e+01 1.430860965407781960e-01
3.571428571428572241e+01 1.377741042544230743e-01
3.673469387755102389e+01 1.391379155807155599e-01
3.775510204081632537e+01 1.229532387977918667e-01
3.877551020408164106e+01 1.318216800259673915e-01
3.979591836734694255e+01 1.213125936979826125e-01
4.081632653061224403e+01 1.128158527885006618e-01
4.183673469387755972e+01 1.066091745413948466e-01
4.285714285714286120e+01 9.739660287226865887e-02
4.387755102040816269e+01 1.097827397710975511e-01
4.489795918367347838e+01 1.123101111670999908e-01
4.591836734693877986e+01 1.103136827114928747e-01
4.693877551020408134e+01 9.361478370915175817e-02
4.795918367346939704e+01 8.753608829729474239e-02
4.897959183673469852e+01 9.111743645220768406e-02
5.000000000000000000e+01 6.966291175772382216e-02
-5.000000000000000000e+01 7.470972683850635176e-02
-4.897959183673469141e+01 9.095026372060101283e-02
-4.795918367346938993e+01 9.423063489314283114e-02
-4.693877551020408134e+01 1.018609923014217183e-01
-4.591836734693877276e+01 1.162807850503425888e-01
-4.489795918367347127e+01 1.210815083731595632e-01
-4.387755102040816269e+01 1.156112826246176450e-01
-4.285714285714285410e+01 1.034850307006344033e-01
-4.183673469387755262e+01 1.135983345801363370e-01
-4.081632653061224403e+01 1.183585870383478816e-01
-3.979591836734694255e+01 1.260479190998075594e-01
-3.877551020408163396e+01 1.372641817828478272e-01
-3.775510204081632537e+01 1.293321224021342641e-01
-3.673469387755102389e+01 1.465918254470623405e-01
-3.571428571428571530e+01 1.452291158493768108e-01
-3.469387755102040671e+01 1.510183298518946449e-01
-3.367346938775510523e+01 1.361526037393314681e-01
-3.265306122448979664e+01 1.428863955518231144e-01
-3.163265306122448806e+01 1.471782395320111181e-01
-3.061224489795918302e+01 1.453268507309970481e-01
-2.959183673469387799e+01 1.559249443554131531e-01
-2.857142857142856940e+01 1.431937349245611668e-01
-2.755102040816326436e+01 1.595845204575071508e-01
-2.653061224489795933e+01 1.692969726371151284e-01
-2.551020408163265074e+01 1.947073459048077604e-01
-2.448979591836734571e+01 2.080019848919130443e-01
-2.346938775510204067e+01 2.139538551898438612e-01
-2.244897959183673564e+01 2.304452336544384472e-01
-2.142857142857142705e+01 2.657712327532500418e-01
-2.040816326530612201e+01 2.653263938271967493e-01
-1.938775510204081698e+01 2.769838723042212791e-01
-1.836734693877550839e+01 2.846004040982779149e-01
-1.734693877551020336e+01 2.805816674368419306e-01
-1.632653061224489477e+01 3.014519683822809437e-01
-1.530612244897959329e+01 3.166298902197255405e-01
-1.428571428571428470e+01 3.180948233240780687e-01
-1.326530612244897611e+01 3.348868038643716960e-01
-1.224489795918367463e+01 3.638972140771277175e-01
-1.122448979591836604e+01 3.692830453569480587e-01
-1.020408163265305745e+01 3.684223652435571483e-01
-9.183673469387755972e+00 3.830298037125600130e-01
-8.163265306122447384e+00 4.062194390821338708e-01
-7.142857142857138797e+00 4.195137642886651030e-01
-6.122448979591837315e+00 4.425812952134784983e-01
-5.102040816326528727e+00 4.557441048111622872e-01
-4.081632653061220140e+00 4.813656496090696901e-01
-3.061224489795918657e+00 5.178916762317941069e-01
-2.040816326530610070e+00 5.565646572476778964e-01
-1.020408163265301482e+00 6.427615071046346440e-01
0.000000000000000000e+00 9.832402887716371609e-01
1.020408163265308588e+00 6.418421631945367967e-01
2.040816326530610070e+00 5.577128953879799678e-01
3.061224489795918657e+00 5.218454428101430009e-01
4.081632653061227245e+00 4.828791826190802494e-01
5.102040816326528727e+00 4.567025278132502697e-01
6.122448979591837315e+00 4.434733517430149430e-01
7.142857142857145902e+00 4.204397285083745772e-01
8.163265306122447384e+00 4.056404631039663977e-01
9.183673469387755972e+00 3.832811004094314744e-01
1.020408163265306456e+01 3.678755609143614658e-01
1.122448979591836604e+01 3.681258521664759198e-01
1.224489795918367463e+01 3.611509466430133375e-01
1.326530612244898322e+01 3.335849097335472080e-01
1.428571428571429180e+01 3.151567205594201226e-01
1.530612244897959329e+01 3.116597441066567553e-01
1.632653061224489477e+01 2.953754809924045155e-01
1.734693877551021046e+01 2.746546127899558432e-01
1.836734693877551194e+01 2.786013985130673665e-01
1.938775510204081343e+01 2.696960768768592587e-01
2.040816326530612912e+01 2.565075705854884536e-01
2.142857142857143060e+01 2.584631964586004971e-01
2.244897959183673208e+01 2.244380954162774333e-01
2.346938775510204778e+01 2.053366335352797833e-01
2.448979591836734926e+01 1.994006785518022407e-01
2.551020408163265074e+01 1.853733534984813025e-01
2.653061224489796643e+01 1.592446665278231255e-01
2.755102040816326792e+01 1.494791739233970462e-01
2.857142857142856940e+01 1.324416756244240767e-01
2.959183673469388509e+01 1.439809158175514026e-01
3.061224489795918657e+01 1.332387529641998747e-01
3.163265306122448806e+01 1.351490015120700994e-01
3.265306122448980375e+01 1.320053939449360170e-01
3.367346938775510523e+01 1.254847731577195535e-01
3.469387755102040671e+01 1.405136728993980622e-01
3.571428571428572241e+01 1.336546444479989326e-01
3.673469387755102389e+01 1.341393322337613436e-01
3.775510204081632537e+01 1.172971514876868654e-01
3.877551020408164106e+01 1.273214622331860502e-01
3.979591836734694255e+01 1.165195574421093866e-01
4.081632653061224403e+01 1.071468521362701903e-01
4.183673469387755972e+01 1.027974211882642097e-01
4.285714285714286120e+01 9.296763542812871983e-02
4.387755102040816269e+01 1.059942525365158844e-01
4.489795918367347838e+01 1.098674112313459128e-01
4.591836734693877986e+01 1.077452546768769698e-01
4.693877551020408134e+01 9.170341800973873247e-02
4.795918367346939704e+01 8.276025452634083734e-02
4.897959183673469852e+01 7.424545323715360523e-02
5.000000000000000000e+01 6.423575644842105525e-02
-5.000000000000000000e+01 6.649506135275963514e-02
-4.897959183673469141e+01 7.417690317379262155e-02
-4.795918367346938993e+01 8.554694190302743195e-02
-4.693877551020408134e+01 9.590673794827905829e-02
-4.591836734693877276e+01 1.114540598118239217e-01
-4.489795918367347127e+01 1.145164858282859688e-01
-4.387755102040816269e+01 1.096369687641693541e-01
-4.285714285714285410e+01 9.678244409385902691e-02
-4.183673469387755262e+01 1.068763199290999749e-01
-4.081632653061224403e+01 1.104106177040331260e-01
-3.979591836734694255e+01 1.199715222804659531e-01
-3.877551020408163396e+01 1.307283916001250601e-01
-3.775510204081632537e+01 1.218514138745520892e-01
-3.673469387755102389e+01 1.380354810448473080e-01
-3.571428571428571530e+01 1.374363357356050974e-01
-3.469387755102040671e+01 1.450934440066367070e-01
-3.367346938775510523e+01 1.296155085626981840e-01
-3.265306122448979664e+01 1.351091829346423023e-01
-3.163265306122448806e+01 1.384718106969129170e-01
-3.061224489795918302e+01 1.368180571072131757e-01
-2.959183673469387799e+01 1.483988905472952979e-01
-2.857142857142856940e+01 1.362371062969454372e-01
-2.755102040816326436e+01 1.533219273418987283e-01
-2.653061224489795933e+01 1.639385074367346595e-01
-2.551020408163265074e+01 1.914117244230689185e-01
-2.448979591836734571e+01 2.059020254243971726e-01
-2.346938775510204067e+01 2.128387786677662652e-01
-2.244897959183673564e+01 2.308007985160485109e-01
-2.142857142857142705e+01 2.648787685275013626e-01
-2.040816326530612201e+01 2.644394839305821976e-01
-1.938775510204081698e+01 2.781776769398953686e-01
-1.836734693877550839e+01 2.864828822798316521e-01
-1.734693877551020336e+01 2.819190086771773407e-01
-1.632653061224489477e+01 3.030810763644763983e-01
-1.530612244897959329e+01 3.187226631976496916e-01
-1.428571428571428470e+01 3.215467373356531988e-01
-1.326530612244897611e+01 3.406415245524767599e-01
-1.224489795918367463e+01 3.692665545834175056e-01
-1.122448979591836604e+01 3.763421713524793266e-01
-1.020408163265305745e+01 3.760861680288525855e-01
-9.183673469387755972e+00 3.917480096501626541e-01
-8.163265306122447384e+00 4.147313798279237962e-01
-7.142857142857138797e+00 4.288359853830938651e-01
-6.122448979591837315e+00 4.533545787478361899e-01
-5.102040816326528727e+00 4.669021993804049475e-01
-4.081632653061220140e+00 4.938643135277624996e-01
-3.061224489795918657e+00 5.322469881653306700e-01
-2.040816326530610070e+00 5.696306392901793192e-01
-1.020408163265301482e+00 6.548002081087970216e-01
0.000000000000000000e+00 9.924277996304879945e-01
1.020408163265308588e+00 6.561251243511492248e-01
2.040816326530610070e+00 5.700096501900154822e-01
3.061224489795918657e+00 5.302056337220405480e-01
4.081632653061227245e+00 4.924099185092635222e-01
5.102040816326528727e+00 4.662209035480976427e-01
6.122448979591837315e+00 4.524766921026748268e-01
7.142857142857145902e+00 4.282639821567381100e-01
8.163265306122447384e+00 4.148796860613054305e-01
9.183673469387755972e+00 3.909728969100170204e-01
1.020408163265306456e+01 3.762488187727860978e-01
1.122448979591836604e+01 3.770880922157370252e-01
1.224489795918367463e+01 3.718587277043716721e-01
1.326530612244898322e+01 3.417235145849598643e-01
1.428571428571429180e+01 3.248878049128843259e-01
1.530612244897959329e+01 3.218759626893640258e-01
1.632653061224489477e+01 3.074304175854609689e-01
1.734693877551021046e+01 2.864938093753882642e-01
1.836734693877551194e+01 2.898673074772046832e-01
1.938775510204081343e+01 2.822116796781906634e-01
2.040816326530612912e+01 2.699877504844068188e-01
2.142857142857143060e+01 2.706847834502985051e-01
2.244897959183673208e+01 2.350301889911683983e-01
2.346938775510204778e+01 2.182137785639869654e-01
2.448979591836734926e+01 2.111342384907033687e-01
2.551020408163265074e+01 1.962584128679878137e-01
2.653061224489796643e+01 1.699498820241845398e-01
2.755102040816326792e+01 1.593685728376345867e-01
2.857142857142856940e+01 1.417842909990653100e-01
2.959183673469388509e+01 1.543925971976979061e-01
3.061224489795918657e+01 1.441756500098017590e-01
3.163265306122448806e+01 1.449234472970565568e-01
3.265306122448980375e+01 1.402675501447194217e-01
3.367346938775510523e+01 1.335517466305123913e-01
3.469387755102040671e+01 1.491767738121270725e-01
3.571428571428572241e+01 1.433584255753909409e-01
3.673469387755102389e+01 1.452675501972966188e-01
3.775510204081632537e+01 1.287440538789470512e-01
3.877551020408164106e+01 1.359773618271575835e-01
3.979591836734694255e+01 1.265216238760888123e-01
4.081632653061224403e+01 1.175245096586684107e-01
4.183673469387755972e+01 1.130573709200888982e-01
4.285714285714286120e+01 1.029565098379956190e-01
4.387755102040816269e+01 1.161517633689892609e-01
4.489795918367347838e+01 1.213273258868169807e-01
4.591836734693877986e+01 1.178447428416123377e-01
4.693877551020408134e+01 1.020469601117455771e-01
4.795918367346939704e+01 9.200132807116688516e-02
4.897959183673469852e+01 8.413240468855419374e-02
5.000000000000000000e+01 7.157117248099360840e-02
