-5.000000000000000000e+01 8.529636828576728225e-03
-4.897959183673469141e+01 -1.362611124584756257e-02
-4.795918367346938993e+01 1.940752089511738401e-02
-4.693877551020408134e+01 3.105214870833018434e-02
-4.591836734693877276e+01 1.788997184174190985e-02
-4.489795918367347127e+01 -1.487383785345691364e-03
-4.387755102040816269e+01 9.229530916734958457e-03
-4.285714285714285410e+01 2.007172520642976077e-02
-4.183673469387755262e+01 -2.438008312347459544e-02
-4.081632653061224403e+01 5.206888125719923849e-03
-3.979591836734694255e+01 1.795422850236690071e-02
-3.877551020408163396e+01 -8.768209547623211433e-03
-3.775510204081632537e+01 3.971301502183203873e-03
-3.673469387755102389e+01 -5.649069798828903685e-03
-3.571428571428571530e+01 2.341629205901744892e-02
-3.469387755102040671e+01 9.086137651699245990e-03
-3.367346938775510523e+01 -2.377711169704716659e-02
-3.265306122448979664e+01 -8.462310208227781169e-03
-3.163265306122448806e+01 1.842907354782226999e-03
-3.061224489795918302e+01 7.426997898174944428e-03
-2.959183673469387799e+01 5.020476618971010142e-03
-2.857142857142856940e+01 5.525258132667790071e-04
-2.755102040816326436e+01 2.575657134948925939e-02
-2.653061224489795933e+01 2.652916575713540163e-03
-2.551020408163265074e+01 -4.156019648962933251e-03
-2.448979591836734571e+01 1.319328938987666261e-02
-2.346938775510204067e+01 3.692602043709607997e-04
-2.244897959183673564e+01 -1.013962892602533750e-02
-2.142857142857142705e+01 6.725155559395814414e-03
-2.040816326530612201e+01 8.066769999720949796e-03
-1.938775510204081698e+01 2.423998963705442308e-02
-1.836734693877550839e+01 -1.920451559392558852e-03
-1.734693877551020336e+01 -7.132128828905031151e-03
-1.632653061224489477e+01 2.682880947542890318e-02
-1.530612244897959329e+01 1.882534863811671441e-02
-1.428571428571428470e+01 1.645025997434942586e-02
-1.326530612244897611e+01 1.303737556338385381e-02
-1.224489795918367463e+01 1.285463554267814168e-02
-1.122448979591836604e+01 1.282282718196633628e-02
-1.020408163265305745e+01 4.939123061527146696e-02
-9.183673469387755972e+00 2.512405987787482559e-02
-8.163265306122447384e+00 5.529179144209858676e-02
-7.142857142857138797e+00 1.942496757946238217e-02
-6.122448979591837315e+00 3.109395909478570447e-02
-5.102040816326528727e+00 5.411471411177079527e-02
-4.081632653061220140e+00 6.546175681467894525e-02
-3.061224489795918657e+00 8.751391881392239780e-02
-2.040816326530610070e+00 7.083524614424116517e-02
-1.020408163265301482e+00 1.591798159370149679e-01
0.000000000000000000e+00 9.998313993031264779e-01
1.020408163265308588e+00 1.598690198300857235e-01
2.040816326530610070e+00 7.062376720016988463e-02
3.061224489795918657e+00 8.803030299100048084e-02
4.081632653061227245e+00 6.580358937772751160e-02
5.102040816326528727e+00 5.441778546156247204e-02
6.122448979591837315e+00 3.101557601774683134e-02
7.142857142857145902e+00 1.902121555678426904e-02
8.163265306122447384e+00 5.536708703704307927e-02
9.183673469387755972e+00 2.509445236493031139e-02
1.020408163265306456e+01 4.955627636017771037e-02
1.122448979591836604e+01 1.307149698305712371e-02
1.224489795918367463e+01 1.341573529148281513e-02
1.326530612244898322e+01 1.366452654669886302e-02
1.428571428571429180e+01 1.648989326311464318e-02
1.530612244897959329e+01 1.907374047270046086e-02
1.632653061224489477e+01 2.692725533003577018e-02
1.734693877551021046e+01 -6.248013873040772666e-03
1.836734693877551194e+01 -1.118497838848692095e-03
1.938775510204081343e+01 2.405238120969018997e-02
2.040816326530612912e+01 8.607162715574564679e-03
2.142857142857143060e+01 6.813631114793670777e-03
2.244897959183673208e+01 -1.064146097667223977e-02
2.346938775510204778e+01 2.131478750994983558e-04
2.448979591836734926e+01 1.336103272805349435e-02
2.551020408163265074e+01 -4.609458236959376037e-03
2.653061224489796643e+01 2.283464396224108451e-03
2.755102040816326792e+01 2.554801738844916445e-02
2.857142857142856940e+01 7.679801490282587304e-04
2.959183673469388509e+01 5.175640088087387659e-03
3.061224489795918657e+01 7.317814283548823920e-03
3.163265306122448806e+01 1.975605902040221233e-03
3.265306122448980375e+01 -8.780735118685262589e-03
3.367346938775510523e+01 -2.336733532612621581e-02
3.469387755102040671e+01 8.624152241133341973e-03
3.571428571428572241e+01 2.295055269147898772e-02
3.673469387755102389e+01 -5.697152717323253346e-03
3.775510204081632537e+01 3.988003194622660383e-03
3.877551020408164106e+01 -8.513756802847773433e-03
3.979591836734694255e+01 1.823318333379992870e-02
4.081632653061224403e+01 5.229417284311249983e-03
4.183673469387755972e+01 -2.411700108804490719e-02
4.285714285714286120e+01 1.995029212153804146e-02
4.387755102040816269e+01 9.175160820631994563e-03
4.489795918367347838e+01 -1.185892237918124677e-03
4.591836734693877986e+01 1.769293779190646634e-02
4.693877551020408134e+01 3.062370829884917059e-02
4.795918367346939704e+01 1.985454919956802441e-02
4.897959183673469852e+01 -1.322555970978922177e-02
5.000000000000000000e+01 8.337516141561628416e-03
-5.000000000000000000e+01 8.753690393134925390e-03
-4.897959183673469141e+01 -1.295789107063521559e-02
-4.795918367346938993e+01 1.955559022626846694e-02
-4.693877551020408134e+01 3.057838799214726566e-02
-4.591836734693877276e+01 1.707745731538240150e-02
-4.489795918367347127e+01 -1.633943158410738851e-03
-4.387755102040816269e+01 8.947553709635357871e-03
-4.285714285714285410e+01 1.932133884921002215e-02
-4.183673469387755262e+01 -2.436595807518654802e-02
-4.081632653061224403e+01 4.959751877092843757e-03
-3.979591836734694255e+01 1.740476600386802603e-02
-3.877551020408163396e+01 -9.040467932366808707e-03
-3.775510204081632537e+01 3.603581871061529995e-03
-3.673469387755102389e+01 -5.731603007926566566e-03
-3.571428571428571530e+01 2.245150121144568259e-02
-3.469387755102040671e+01 8.762850763574071139e-03
-3.367346938775510523e+01 -2.329298864964120253e-02
-3.265306122448979664e+01 -8.325734487350308979e-03
-3.163265306122448806e+01 1.339399869369667850e-03
-3.061224489795918302e+01 7.212981306420127373e-03
-2.959183673469387799e+01 5.158690122099220121e-03
-2.857142857142856940e+01 8.095901643216934108e-04
-2.755102040816326436e+01 2.525271585951517975e-02
-2.653061224489795933e+01 2.763692129820959423e-03
-2.551020408163265074e+01 -3.603902807969871103e-03
-2.448979591836734571e+01 1.306065969988646179e-02
-2.346938775510204067e+01 4.189856787267078400e-04
-2.244897959183673564e+01 -1.058195930167656756e-02
-2.142857142857142705e+01 6.600045039513426082e-03
-2.040816326530612201e+01 8.027515066513736183e-03
-1.938775510204081698e+01 2.394234253749855448e-02
-1.836734693877550839e+01 -1.511411806564439200e-03
-1.734693877551020336e+01 -7.012229066667066864e-03
-1.632653061224489477e+01 2.659398685297130471e-02
-1.530612244897959329e+01 1.894199293878373255e-02
-1.428571428571428470e+01 1.651777346871469154e-02
-1.326530612244897611e+01 1.336778135077379588e-02
-1.224489795918367463e+01 1.269366952338968346e-02
-1.122448979591836604e+01 1.267999821413478417e-02
-1.020408163265305745e+01 4.923156994769641026e-02
-9.183673469387755972e+00 2.542364490723752340e-02
-8.163265306122447384e+00 5.484260022192271461e-02
-7.142857142857138797e+00 1.912802951283691655e-02
-6.122448979591837315e+00 3.051310564735467204e-02
-5.102040816326528727e+00 5.412922844741030470e-02
-4.081632653061220140e+00 6.485350415570698135e-02
-3.061224489795918657e+00 8.745283002803959371e-02
-2.040816326530610070e+00 7.040696093525886101e-02
-1.020408163265301482e+00 1.580125152861679427e-01
0.000000000000000000e+00 1.000166507275937366e+00
1.020408163265308588e+00 1.582142840905600145e-01
2.040816326530610070e+00 7.033246770036613582e-02
3.061224489795918657e+00 8.759909199525160728e-02
4.081632653061227245e+00 6.494632990915583104e-02
5.102040816326528727e+00 5.421951103603547817e-02
6.122448979591837315e+00 3.049807457712561121e-02
7.142857142857145902e+00 1.898965100809584319e-02
8.163265306122447384e+00 5.485462900510123391e-02
9.183673469387755972e+00 2.538841434183494034e-02
1.020408163265306456e+01 4.928343360977362891e-02
1.122448979591836604e+01 1.276436406333885873e-02
1.224489795918367463e+01 1.285475868250177817e-02
1.326530612244898322e+01 1.354932091869767881e-02
1.428571428571429180e+01 1.654017199686380959e-02
1.530612244897959329e+01 1.903586291905956171e-02
1.632653061224489477e+01 2.662035031436976729e-02
1.734693877551021046e+01 -6.733639429102980176e-03
1.836734693877551194e+01 -1.250388998991641427e-03
1.938775510204081343e+01 2.389177901201177193e-02
2.040816326530612912e+01 8.206339705979445037e-03
2.142857142857143060e+01 6.618983149982798041e-03
2.244897959183673208e+01 -1.072127082305566331e-02
2.346938775510204778e+01 3.711270251536510391e-04
2.448979591836734926e+01 1.311635570120118707e-02
2.551020408163265074e+01 -3.741693971090769791e-03
2.653061224489796643e+01 2.650439478605551118e-03
2.755102040816326792e+01 2.520133240108456130e-02
2.857142857142856940e+01 8.683603371282483732e-04
2.959183673469388509e+01 5.197121339464966412e-03
3.061224489795918657e+01 7.176835543286076181e-03
3.163265306122448806e+01 1.399677429194083481e-03
3.265306122448980375e+01 -8.423433756415542317e-03
3.367346938775510523e+01 -2.315779966572944007e-02
3.469387755102040671e+01 8.617418421816387328e-03
3.571428571428572241e+01 2.232009210171928201e-02
3.673469387755102389e+01 -5.741781708971662249e-03
3.775510204081632537e+01 3.623112181984097444e-03
3.877551020408164106e+01 -8.969711049042167900e-03
3.979591836734694255e+01 1.750304804801329842e-02
4.081632653061224403e+01 4.960368852817228016e-03
4.183673469387755972e+01 -2.427042916527246894e-02
4.285714285714286120e+01 1.930690876758845570e-02
4.387755102040816269e+01 8.929647187037001096e-03
4.489795918367347838e+01 -1.547254610718162534e-03
4.591836734693877986e+01 1.703473625075239972e-02
4.693877551020408134e+01 3.043337629211059422e-02
4.795918367346939704e+01 1.970664505743570383e-02
4.897959183673469852e+01 -1.284881204827172801e-02
5.000000000000000000e+01 8.699726670483333424e-03
-5.000000000000000000e+01 8.404691335159744300e-03
-4.897959183673469141e+01 -1.377181085838801583e-02
-4.795918367346938993e+01 1.947812969396741506e-02
-4.693877551020408134e+01 3.109636692195260482e-02
-4.591836734693877276e+01 1.813645547515418260e-02
-4.489795918367347127e+01 -1.341684103563444167e-03
-4.387755102040816269e+01 9.318344787574836183e-03
-4.285714285714285410e+01 2.032909440471691864e-02
-4.183673469387755262e+01 -2.431168463734002458e-02
-4.081632653061224403e+01 5.307526641047417316e-03
-3.979591836734694255e+01 1.820624505785571265e-02
-3.877551020408163396e+01 -8.636344341240054234e-03
-3.775510204081632537e+01 4.089114330281375630e-03
-3.673469387755102389e+01 -5.642562480147488881e-03
-3.571428571428571530e+01 2.361192731993985716e-02
-3.469387755102040671e+01 9.062561140612048274e-03
-3.367346938775510523e+01 -2.383625025954826809e-02
-3.265306122448979664e+01 -8.589541615186964754e-03
-3.163265306122448806e+01 2.058134912865727546e-03
-3.061224489795918302e+01 7.464956190682078656e-03
-2.959183673469387799e+01 4.985555973906467646e-03
-2.857142857142856940e+01 5.101520058532247421e-04
-2.755102040816326436e+01 2.589408542905899391e-02
-2.653061224489795933e+01 2.522220377784043996e-03
-2.551020408163265074e+01 -4.484720460851999123e-03
-2.448979591836734571e+01 1.328408601027771321e-02
-2.346938775510204067e+01 3.011283715737730058e-04
-2.244897959183673564e+01 -1.014994774174076200e-02
-2.142857142857142705e+01 6.778065222640370334e-03
-2.040816326530612201e+01 8.221281918594943589e-03
-1.938775510204081698e+01 2.427452062765858912e-02
-1.836734693877550839e+01 -1.837728465632702162e-03
-1.734693877551020336e+01 -6.932067493863639310e-03
-1.632653061224489477e+01 2.694344919210808070e-02
-1.530612244897959329e+01 1.887386770174453304e-02
-1.428571428571428470e+01 1.645625130632703131e-02
-1.326530612244897611e+01 1.308902578310527053e-02
-1.224489795918367463e+01 1.305237496810025821e-02
-1.122448979591836604e+01 1.292586007043035681e-02
-1.020408163265305745e+01 4.949333612290471307e-02
-9.183673469387755972e+00 2.499900846232026505e-02
-8.163265306122447384e+00 5.545038795811402937e-02
-7.142857142857138797e+00 1.939676506062688877e-02
-6.122448979591837315e+00 3.128186312083581361e-02
-5.102040816326528727e+00 5.420932140369623398e-02
-4.081632653061220140e+00 6.581800022239862880e-02
-3.061224489795918657e+00 8.768905816708195966e-02
-2.040816326530610070e+00 7.095276408266751322e-02
-1.020408163265301482e+00 1.598211337733076443e-01
0.000000000000000000e+00 9.999967707623795832e-01
1.020408163265308588e+00 1.603081147389172068e-01
2.040816326530610070e+00 7.081521623636988227e-02
3.061224489795918657e+00 8.805971403420954913e-02
4.081632653061227245e+00 6.606682547843790998e-02
5.102040816326528727e+00 5.442159202921375422e-02
6.122448979591837315e+00 3.121877795416256804e-02
7.142857142857145902e+00 1.913075442172943938e-02
8.163265306122447384e+00 5.551489190575358001e-02
9.183673469387755972e+00 2.500441992595226273e-02
1.020408163265306456e+01 4.960624038102755262e-02
1.122448979591836604e+01 1.308970299014108711e-02
1.224489795918367463e+01 1.345265246030194484e-02
1.326530612244898322e+01 1.353372138994203902e-02
1.428571428571429180e+01 1.647358026230543240e-02
1.530612244897959329e+01 1.902884032474839310e-02
1.632653061224489477e+01 2.701534989994863398e-02
1.734693877551021046e+01 -6.326621189864008350e-03
1.836734693877551194e+01 -1.296871512718930251e-03
1.938775510204081343e+01 2.413782566055350937e-02
2.040816326530612912e+01 8.583025591704904894e-03
2.142857142857143060e+01 6.847475780230043337e-03
2.244897959183673208e+01 -1.051192045294294282e-02
2.346938775510204778e+01 1.931133282285698043e-04
2.448979591836734926e+01 1.339627133705711091e-02
2.551020408163265074e+01 -4.799625132658359196e-03
2.653061224489796643e+01 2.266412823104707857e-03
2.755102040816326792e+01 2.573744317316431843e-02
2.857142857142856940e+01 6.670076274513665315e-04
2.959183673469388509e+01 5.102314731756264245e-03
3.061224489795918657e+01 7.392824229182733652e-03
3.163265306122448806e+01 2.130291680986134539e-03
3.265306122448980375e+01 -8.809336983467976404e-03
3.367346938775510523e+01 -2.356085105454555628e-02
3.469387755102040671e+01 8.746480793318682501e-03
3.571428571428572241e+01 2.327764849721776497e-02
3.673469387755102389e+01 -5.680585772227647427e-03
3.775510204081632537e+01 4.086442882220813790e-03
3.877551020408164106e+01 -8.451597866631691686e-03
3.979591836734694255e+01 1.838667098878775386e-02
4.081632653061224403e+01 5.329425628922087634e-03
4.183673469387755972e+01 -2.414350695400745844e-02
4.285714285714286120e+01 2.022227408442346663e-02
4.387755102040816269e+01 9.282206090438145998e-03
4.489795918367347838e+01 -1.126362854815433391e-03
4.591836734693877986e+01 1.798178334708254097e-02
4.693877551020408134e+01 3.081348312211125776e-02
4.795918367346939704e+01 1.977492809364662235e-02
4.897959183673469852e+01 -1.347978755540059879e-02
5.000000000000000000e+01 8.265814766853393086e-03
