   3.0000E+00   8.1065E-18   9.3793E-03   4.0277E-02   3.3242E-19   3.8045E-03
  2.1854E-14
   3.0000E+00   8.1065E-18   9.3793E-03   4.0268E-02   3.3242E-19   3.8045E-03
  2.1849E-14
   4.0000E+00   8.1065E-18   9.1349E-03   5.6069E-02   3.3242E-19   3.8031E-03
  2.1485E-14
   5.0000E+00   8.1065E-18   8.8505E-03   6.8703E-02   3.3242E-19   3.7454E-03
  2.0732E-14
   6.0000E+00   8.1065E-18   8.7278E-03   7.1087E-02   3.3242E-19   3.7072E-03
  2.0262E-14
   7.0000E+00   8.1065E-18   8.8081E-03   6.2613E-02   3.3242E-19   3.7101E-03
  2.0294E-14
   8.0000E+00   8.1065E-18   9.0248E-03   5.1208E-02   3.3242E-19   3.7499E-03
  2.0794E-14
   9.0000E+00   8.1065E-18   9.2229E-03   4.3144E-02   3.3242E-19   3.7950E-03
  2.1384E-14
   1.0000E+01   8.1065E-18   9.3382E-03   3.9317E-02   3.3242E-19   3.8255E-03
  2.1799E-14
   1.1000E+01   8.1065E-18   9.3802E-03   3.8675E-02   3.3242E-19   3.8403E-03
  2.2004E-14
   1.2000E+01   8.1065E-18   9.3739E-03   3.9687E-02   3.3242E-19   3.8432E-03
  2.2044E-14
   1.3000E+01   8.1065E-18   9.3473E-03   4.1242E-02   3.3242E-19   3.8403E-03
  2.2003E-14
   1.4000E+01   8.1065E-18   9.3099E-03   4.2987E-02   3.3242E-19   3.8332E-03
  2.1907E-14
   1.5000E+01   8.1065E-18   9.2791E-03   4.4105E-02   3.3242E-19   3.8260E-03
  2.1807E-14
   1.6000E+01   8.1065E-18   9.2834E-03   4.3179E-02   3.3242E-19   3.8246E-03
  2.1789E-14
   1.7000E+01   8.1065E-18   9.3330E-03   3.9886E-02   3.3242E-19   3.8318E-03
  2.1891E-14
   1.8000E+01   8.1065E-18   9.4354E-03   3.4501E-02   3.3242E-19   3.8496E-03
  2.2151E-14
   1.9000E+01   8.1065E-18   9.5682E-03   2.8695E-02   3.3242E-19   3.8756E-03
  2.2537E-14
   2.0000E+01   8.1065E-18   9.6810E-03   2.4583E-02   3.3242E-19   3.9003E-03
  2.2910E-14
   2.1000E+01   8.1065E-18   9.7468E-03   2.2541E-02   3.3242E-19   3.9167E-03
  2.3162E-14
   2.2000E+01   8.1065E-18   9.7784E-03   2.1934E-02   3.3242E-19   3.9263E-03
  2.3310E-14
   2.3000E+01   8.1065E-18   9.7698E-03   2.2885E-02   3.3242E-19   3.9277E-03
  2.3330E-14
   2.4000E+01   8.1065E-18   9.7314E-03   2.4854E-02   3.3242E-19   3.9223E-03
  2.3242E-14
   2.5000E+01   8.1065E-18   9.6758E-03   2.7376E-02   3.3242E-19   3.9124E-03
  2.3087E-14
   2.6000E+01   8.1065E-18   9.6108E-03   3.0226E-02   3.3242E-19   3.8997E-03
  2.2892E-14
   2.7000E+01   8.1065E-18   9.5469E-03   3.2878E-02   3.3242E-19   3.8864E-03
  2.2691E-14
   2.8000E+01   8.1065E-18   9.5054E-03   3.4165E-02   3.3242E-19   3.8762E-03
  2.2538E-14
   2.9000E+01   8.1065E-18   9.5036E-03   3.3558E-02   3.3242E-19   3.8731E-03
  2.2494E-14
   3.0000E+01   8.1065E-18   9.5360E-03   3.1422E-02   3.3242E-19   3.8769E-03
  2.2550E-14
   3.1000E+01   8.1065E-18   9.5958E-03   2.8656E-02   3.3242E-19   3.8873E-03
  2.2709E-14
   3.2000E+01   8.1065E-18   9.6457E-03   2.6984E-02   3.3242E-19   3.8980E-03
  2.2872E-14
   3.3000E+01   8.1065E-18   9.6592E-03   2.7163E-02   3.3242E-19   3.9034E-03
  2.2951E-14
   3.4000E+01   8.1065E-18   9.6197E-03   2.9864E-02   3.3242E-19   3.8992E-03
  2.2884E-14
   3.5000E+01   8.1065E-18   9.5202E-03   3.5065E-02   3.3242E-19   3.8829E-03
  2.2634E-14
   3.6000E+01   8.1065E-18   9.3952E-03   4.0595E-02   3.3242E-19   3.8583E-03
  2.2273E-14
   3.7000E+01   8.1065E-18   9.3039E-03   4.3873E-02   3.3242E-19   3.8366E-03
  2.1964E-14
   3.8000E+01   8.1065E-18   9.2748E-03   4.4135E-02   3.3242E-19   3.8262E-03
  2.1818E-14
   3.9000E+01   8.1065E-18   9.2811E-03   4.3381E-02   3.3242E-19   3.8246E-03
  2.1794E-14
   4.0000E+01   8.1065E-18   9.2857E-03   4.3394E-02   3.3242E-19   3.8249E-03
  2.1796E-14
   4.1000E+01   8.1065E-18   9.2563E-03   4.5641E-02   3.3242E-19   3.8207E-03
  2.1735E-14
   4.2000E+01   8.1065E-18   9.1631E-03   5.1252E-02   3.3242E-19   3.8047E-03
  2.1515E-14
   4.3000E+01   8.1065E-18   9.0277E-03   5.7962E-02   3.3242E-19   3.7774E-03
  2.1149E-14
   4.4000E+01   8.1065E-18   8.9434E-03   6.0395E-02   3.3242E-19   3.7546E-03
  2.0852E-14
   4.5000E+01   8.1065E-18   8.9639E-03   5.6981E-02   3.3242E-19   3.7511E-03
  2.0805E-14
   4.6000E+01   8.1065E-18   9.1042E-03   4.8574E-02   3.3242E-19   3.7745E-03
  2.1111E-14
   4.7000E+01   8.1065E-18   9.2682E-03   4.1333E-02   3.3242E-19   3.8085E-03
  2.1572E-14
   4.8000E+01   8.1065E-18   9.3733E-03   3.8005E-02   3.3242E-19   3.8349E-03
  2.1936E-14
   4.9000E+01   8.1065E-18   9.3900E-03   3.9120E-02   3.3242E-19   3.8452E-03
  2.2077E-14
   5.0000E+01   8.1065E-18   9.2920E-03   4.5841E-02   3.3242E-19   3.8333E-03
  2.1906E-14
   5.1000E+01   8.1065E-18   9.1144E-03   5.4555E-02   3.3242E-19   3.7998E-03
  2.1446E-14
   5.2000E+01   8.1065E-18   9.0215E-03   5.6334E-02   3.3242E-19   3.7733E-03
  2.1096E-14
   5.3000E+01   8.1065E-18   9.0856E-03   4.9898E-02   3.3242E-19   3.7758E-03
  2.1131E-14
   5.4000E+01   8.1065E-18   9.2926E-03   3.8768E-02   3.3242E-19   3.8111E-03
  2.1616E-14
   5.5000E+01   8.1065E-18   9.5130E-03   2.9921E-02   3.3242E-19   3.8569E-03
  2.2270E-14
   5.6000E+01   8.1065E-18   9.6673E-03   2.4741E-02   3.3242E-19   3.8935E-03
  2.2810E-14
   5.7000E+01   8.1065E-18   9.7452E-03   2.2554E-02   3.3242E-19   3.9148E-03
  2.3131E-14
   5.8000E+01   8.1065E-18   9.7692E-03   2.2341E-02   3.3242E-19   3.9241E-03
  2.3273E-14
   5.9000E+01   8.1065E-18   9.7627E-03   2.3050E-02   3.3242E-19   3.9259E-03
  2.3298E-14
   6.0000E+01   8.1065E-18   9.7399E-03   2.4153E-02   3.3242E-19   3.9229E-03
  2.3251E-14
   6.1000E+01   8.1065E-18   9.7126E-03   2.5276E-02   3.3242E-19   3.9178E-03
  2.3173E-14
   6.2000E+01   8.1065E-18   9.6873E-03   2.6278E-02   3.3242E-19   3.9126E-03
  2.3093E-14
   6.3000E+01   8.1065E-18   9.6632E-03   2.7283E-02   3.3242E-19   3.9076E-03
  2.3015E-14
   6.4000E+01   8.1065E-18   9.6372E-03   2.8430E-02   3.3242E-19   3.9023E-03
  2.2934E-14
   6.5000E+01   8.1065E-18   9.6068E-03   2.9808E-02   3.3242E-19   3.8962E-03
  2.2841E-14
   6.6000E+01   8.1065E-18   9.5735E-03   3.1236E-02   3.3242E-19   3.8895E-03
  2.2737E-14
   6.7000E+01   8.1065E-18   9.5482E-03   3.2114E-02   3.3242E-19   3.8836E-03
  2.2649E-14
   6.8000E+01   8.1065E-18   9.5451E-03   3.1909E-02   3.3242E-19   3.8817E-03
  2.2621E-14
   6.9000E+01   8.1065E-18   9.5606E-03   3.0863E-02   3.3242E-19   3.8834E-03
  2.2646E-14
   7.0000E+01   8.1065E-18   9.5892E-03   2.9518E-02   3.3242E-19   3.8883E-03
  2.2722E-14
   7.1000E+01   8.1065E-18   9.6104E-03   2.8838E-02   3.3242E-19   3.8929E-03
  2.2792E-14
   7.2000E+01   8.1065E-18   9.6090E-03   2.9360E-02   3.3242E-19   3.8941E-03
  2.2808E-14
   7.3000E+01   8.1065E-18   9.5732E-03   3.1565E-02   3.3242E-19   3.8891E-03
  2.2731E-14
   7.4000E+01   8.1065E-18   9.5016E-03   3.5260E-02   3.3242E-19   3.8770E-03
  2.2547E-14
   7.5000E+01   8.1065E-18   9.4088E-03   3.9495E-02   3.3242E-19   3.8589E-03
  2.2281E-14
   7.6000E+01   8.1065E-18   9.3233E-03   4.3024E-02   3.3242E-19   3.8400E-03
  2.2011E-14
   7.7000E+01   8.1065E-18   9.2654E-03   4.5059E-02   3.3242E-19   3.8254E-03
  2.1805E-14
   7.8000E+01   8.1065E-18   9.2528E-03   4.4961E-02   3.3242E-19   3.8198E-03
  2.1726E-14
   7.9000E+01   8.1065E-18   9.2711E-03   4.3344E-02   3.3242E-19   3.8206E-03
  2.1736E-14
   8.0000E+01   8.1065E-18   9.3301E-03   3.9959E-02   3.3242E-19   3.8302E-03
  2.1871E-14
   8.1000E+01   8.1065E-18   9.4217E-03   3.5465E-02   3.3242E-19   3.8474E-03
  2.2118E-14
   8.2000E+01   8.1065E-18   9.5210E-03   3.1368E-02   3.3242E-19   3.8680E-03
  2.2419E-14
   8.3000E+01   8.1065E-18   9.5918E-03   2.8887E-02   3.3242E-19   3.8846E-03
  2.2666E-14
   8.4000E+01   8.1065E-18   9.6310E-03   2.7875E-02   3.3242E-19   3.8954E-03
  2.2826E-14
   8.5000E+01   8.1065E-18   9.6320E-03   2.8499E-02   3.3242E-19   3.8987E-03
  2.2874E-14
   8.6000E+01   8.1065E-18   9.6000E-03   3.0266E-02   3.3242E-19   3.8945E-03
  2.2810E-14
   8.7000E+01   8.1065E-18   9.5561E-03   3.2179E-02   3.3242E-19   3.8864E-03
  2.2688E-14
   8.8000E+01   8.1065E-18   9.5175E-03   3.3679E-02   3.3242E-19   3.8782E-03
  2.2565E-14
   8.9000E+01   8.1065E-18   9.4918E-03   3.4530E-02   3.3242E-19   3.8718E-03
  2.2472E-14
   9.0000E+01   8.1065E-18   9.4792E-03   3.4942E-02   3.3242E-19   3.8682E-03
  2.2420E-14
   9.1000E+01   8.1065E-18   9.4693E-03   3.5320E-02   3.3242E-19   3.8656E-03
  2.2381E-14
   9.2000E+01   8.1065E-18   9.4605E-03   3.5716E-02   3.3242E-19   3.8636E-03
  2.2351E-14
   9.3000E+01   8.1065E-18   9.4496E-03   3.6262E-02   3.3242E-19   3.8614E-03
  2.2318E-14
   9.4000E+01   8.1065E-18   9.4308E-03   3.7252E-02   3.3242E-19   3.8579E-03
  2.2266E-14
   9.5000E+01   8.1065E-18   9.4010E-03   3.8830E-02   3.3242E-19   3.8524E-03
  2.2186E-14
   9.6000E+01   8.1065E-18   9.3535E-03   4.1299E-02   3.3242E-19   3.8435E-03
  2.2057E-14
   9.7000E+01   8.1065E-18   9.2846E-03   4.4802E-02   3.3242E-19   3.8300E-03
  2.1867E-14
   9.8000E+01   8.1065E-18   9.2001E-03   4.8881E-02   3.3242E-19   3.8126E-03
  2.1625E-14
   9.9000E+01   8.1065E-18   9.1120E-03   5.3024E-02   3.3242E-19   3.7933E-03
  2.1362E-14
   1.0000E+02   8.1065E-18   9.0278E-03   5.6920E-02   3.3242E-19   3.7739E-03
  2.1104E-14
   1.0100E+02   8.1065E-18   8.9604E-03   5.9648E-02   3.3242E-19   3.7570E-03
  2.0882E-14
   1.0200E+02   8.1065E-18   8.9521E-03   5.8525E-02   3.3242E-19   3.7505E-03
  2.0795E-14
   1.0300E+02   8.1065E-18   9.0336E-03   5.2725E-02   3.3242E-19   3.7621E-03
  2.0944E-14
   1.0400E+02   8.1065E-18   9.2028E-03   4.3625E-02   3.3242E-19   3.7935E-03
  2.1363E-14
   1.0500E+02   8.1065E-18   9.4037E-03   3.4630E-02   3.3242E-19   3.8350E-03
  2.1945E-14
   1.0600E+02   8.1065E-18   9.5669E-03   2.8731E-02   3.3242E-19   3.8722E-03
  2.2485E-14
   1.0700E+02   8.1065E-18   9.6594E-03   2.6042E-02   3.3242E-19   3.8966E-03
  2.2847E-14
   1.0800E+02   8.1065E-18   9.6826E-03   2.6248E-02   3.3242E-19   3.9069E-03
  2.3001E-14
   1.0900E+02   8.1065E-18   9.6389E-03   2.9081E-02   3.3242E-19   3.9032E-03
  2.2941E-14
   1.1000E+02   8.1065E-18   9.5599E-03   3.2657E-02   3.3242E-19   3.8897E-03
  2.2734E-14
   1.1100E+02   8.1065E-18   9.5033E-03   3.4490E-02   3.3242E-19   3.8767E-03
  2.2542E-14
   1.1200E+02   8.1065E-18   9.4865E-03   3.4279E-02   3.3242E-19   3.8701E-03
  2.2447E-14
   1.1300E+02   8.1065E-18   9.5233E-03   3.1872E-02   3.3242E-19   3.8739E-03
  2.2507E-14
   1.1400E+02   8.1065E-18   9.5891E-03   2.8730E-02   3.3242E-19   3.8851E-03
  2.2677E-14
   1.1500E+02   8.1065E-18   9.6652E-03   2.5529E-02   3.3242E-19   3.9002E-03
  2.2906E-14
   1.1600E+02   8.1065E-18   9.7374E-03   2.2697E-02   3.3242E-19   3.9152E-03
  2.3139E-14
   1.1700E+02   8.1065E-18   9.7951E-03   2.0639E-02   3.3242E-19   3.9279E-03
  2.3340E-14
   1.1800E+02   8.1065E-18   9.8267E-03   1.9797E-02   3.3242E-19   3.9361E-03
  2.3469E-14
   1.1900E+02   8.1065E-18   9.8286E-03   2.0302E-02   3.3242E-19   3.9389E-03
  2.3512E-14
   1.2000E+02   8.1065E-18   9.7877E-03   2.2803E-02   3.3242E-19   3.9340E-03
  2.3431E-14
   1.2100E+02   8.1065E-18   9.6939E-03   2.7481E-02   3.3242E-19   3.9188E-03
  2.3187E-14
   1.2200E+02   8.1065E-18   9.5799E-03   3.2210E-02   3.3242E-19   3.8967E-03
  2.2846E-14
   1.2300E+02   8.1065E-18   9.5088E-03   3.4274E-02   3.3242E-19   3.8792E-03
  2.2583E-14
   1.2400E+02   8.1065E-18   9.5055E-03   3.3209E-02   3.3242E-19   3.8737E-03
  2.2504E-14
   1.2500E+02   8.1065E-18   9.5451E-03   3.1147E-02   3.3242E-19   3.8785E-03
  2.2579E-14
   1.2600E+02   8.1065E-18   9.5712E-03   3.0558E-02   3.3242E-19   3.8845E-03
  2.2666E-14
   1.2700E+02   8.1065E-18   9.5479E-03   3.2591E-02   3.3242E-19   3.8828E-03
  2.2636E-14
   1.2800E+02   8.1065E-18   9.4503E-03   3.8529E-02   3.3242E-19   3.8681E-03
  2.2415E-14
   1.2900E+02   8.1065E-18   9.2589E-03   4.8642E-02   3.3242E-19   3.8335E-03
  2.1921E-14
   1.3000E+02   8.1065E-18   9.0166E-03   6.0652E-02   3.3242E-19   3.7834E-03
  2.1244E-14
   1.3100E+02   8.1065E-18   8.7838E-03   7.1703E-02   3.3242E-19   3.7288E-03
  2.0550E-14
   1.3200E+02   8.1065E-18   8.6099E-03   7.9359E-02   3.3242E-19   3.6827E-03
  1.9986E-14
   1.3300E+02   8.1065E-18   8.5079E-03   8.3640E-02   3.3242E-19   3.6525E-03
  1.9621E-14
   1.3400E+02   8.1065E-18   8.4563E-03   8.5536E-02   3.3242E-19   3.6354E-03
  1.9412E-14
   1.3500E+02   8.1065E-18   8.4443E-03   8.5405E-02   3.3242E-19   3.6288E-03
  1.9325E-14
   1.3600E+02   8.1065E-18   8.4659E-03   8.3573E-02   3.3242E-19   3.6313E-03
  1.9343E-14
   1.3700E+02   8.1065E-18   8.5068E-03   8.1003E-02   3.3242E-19   3.6394E-03
  1.9429E-14
   1.3800E+02   8.1065E-18   8.5559E-03   7.8282E-02   3.3242E-19   3.6506E-03
  1.9554E-14
   1.3900E+02   8.1065E-18   8.6051E-03   7.5718E-02   3.3242E-19   3.6626E-03
  1.9692E-14
   1.4000E+02   8.1065E-18   8.6482E-03   7.3625E-02   3.3242E-19   3.6735E-03
  1.9822E-14
   1.4100E+02   8.1065E-18   8.6757E-03   7.2641E-02   3.3242E-19   3.6815E-03
  1.9918E-14
   1.4200E+02   8.1065E-18   8.6758E-03   7.3275E-02   3.3242E-19   3.6837E-03
  1.9947E-14
   1.4300E+02   8.1065E-18   8.6421E-03   7.5813E-02   3.3242E-19   3.6784E-03
  1.9887E-14
   1.4400E+02   8.1065E-18   8.5721E-03   8.0136E-02   3.3242E-19   3.6643E-03
  1.9725E-14
   1.4500E+02   8.1065E-18   8.4995E-03   8.3747E-02   3.3242E-19   3.6466E-03
  1.9523E-14
   1.4600E+02   8.1065E-18   8.4557E-03   8.5322E-02   3.3242E-19   3.6335E-03
  1.9373E-14
   1.4700E+02   8.1065E-18   8.4568E-03   8.4151E-02   3.3242E-19   3.6301E-03
  1.9329E-14
   1.4800E+02   8.1065E-18   8.5032E-03   8.0761E-02   3.3242E-19   3.6378E-03
  1.9412E-14
   1.4900E+02   8.1065E-18   8.5764E-03   7.6706E-02   3.3242E-19   3.6538E-03
  1.9592E-14
   1.5000E+02   8.1065E-18   8.6432E-03   7.3485E-02   3.3242E-19   3.6705E-03
  1.9784E-14
   1.5100E+02   8.1065E-18   8.6907E-03   7.1393E-02   3.3242E-19   3.6833E-03
  1.9937E-14
   1.5200E+02   8.1065E-18   8.7265E-03   6.9683E-02   3.3242E-19   3.6929E-03
  2.0054E-14
   1.5300E+02   8.1065E-18   8.7692E-03   6.7198E-02   3.3242E-19   3.7027E-03
  2.0176E-14
   1.5400E+02   8.1065E-18   8.8351E-03   6.3331E-02   3.3242E-19   3.7166E-03
  2.0349E-14
   1.5500E+02   8.1065E-18   8.9323E-03   5.8039E-02   3.3242E-19   3.7372E-03
  2.0609E-14
   1.5600E+02   8.1065E-18   9.0442E-03   5.2487E-02   3.3242E-19   3.7617E-03
  2.0927E-14
   1.5700E+02   8.1065E-18   9.1524E-03   4.7640E-02   3.3242E-19   3.7864E-03
  2.1255E-14
   1.5800E+02   8.1065E-18   9.2439E-03   4.3796E-02   3.3242E-19   3.8080E-03
  2.1551E-14
   1.5900E+02   8.1065E-18   9.3151E-03   4.0952E-02   3.3242E-19   3.8254E-03
  2.1792E-14
   1.6000E+02   8.1065E-18   9.3574E-03   3.9605E-02   3.3242E-19   3.8367E-03
  2.1954E-14
   1.6100E+02   8.1065E-18   9.3617E-03   4.0211E-02   3.3242E-19   3.8407E-03
  2.2012E-14
   1.6200E+02   8.1065E-18   9.3134E-03   4.3548E-02   3.3242E-19   3.8346E-03
  2.1925E-14
   1.6300E+02   8.1065E-18   9.1833E-03   5.1042E-02   3.3242E-19   3.8118E-03
  2.1612E-14
   1.6400E+02   8.1065E-18   8.9922E-03   6.0946E-02   3.3242E-19   3.7736E-03
  2.1104E-14
   1.6500E+02   8.1065E-18   8.8395E-03   6.7039E-02   3.3242E-19   3.7357E-03
  2.0621E-14
   1.6600E+02   8.1065E-18   8.7978E-03   6.6789E-02   3.3242E-19   3.7183E-03
  2.0398E-14
   1.6700E+02   8.1065E-18   8.8704E-03   6.0460E-02   3.3242E-19   3.7252E-03
  2.0477E-14
   1.6800E+02   8.1065E-18   9.0374E-03   5.1398E-02   3.3242E-19   3.7561E-03
  2.0868E-14
   1.6900E+02   8.1065E-18   9.2148E-03   4.3569E-02   3.3242E-19   3.7948E-03
  2.1379E-14
   1.7000E+02   8.1065E-18   9.3603E-03   3.7767E-02   3.3242E-19   3.8290E-03
  2.1849E-14
   1.7100E+02   8.1065E-18   9.4669E-03   3.3760E-02   3.3242E-19   3.8551E-03
  2.2221E-14
   1.7200E+02   8.1065E-18   9.5382E-03   3.1252E-02   3.3242E-19   3.8732E-03
  2.2487E-14
   1.7300E+02   8.1065E-18   9.5785E-03   2.9995E-02   3.3242E-19   3.8842E-03
  2.2652E-14
   1.7400E+02   8.1065E-18   9.5908E-03   2.9866E-02   3.3242E-19   3.8888E-03
  2.2723E-14
   1.7500E+02   8.1065E-18   9.5838E-03   3.0554E-02   3.3242E-19   3.8893E-03
  2.2731E-14
   1.7600E+02   8.1065E-18   9.5576E-03   3.1894E-02   3.3242E-19   3.8853E-03
  2.2671E-14
   1.7700E+02   8.1065E-18   9.5237E-03   3.3396E-02   3.3242E-19   3.8788E-03
  2.2574E-14
   1.7800E+02   8.1065E-18   9.4906E-03   3.4805E-02   3.3242E-19   3.8719E-03
  2.2472E-14
   1.7900E+02   8.1065E-18   9.4595E-03   3.6129E-02   3.3242E-19   3.8652E-03
  2.2373E-14
   1.8000E+02   8.1065E-18   9.4295E-03   3.7430E-02   3.3242E-19   3.8586E-03
  2.2278E-14
   1.8100E+02   8.1065E-18   9.4001E-03   3.8741E-02   3.3242E-19   3.8523E-03
  2.2185E-14
   1.8200E+02   8.1065E-18   9.3688E-03   4.0177E-02   3.3242E-19   3.8456E-03
  2.2088E-14
   1.8300E+02   8.1065E-18   9.3402E-03   4.1358E-02   3.3242E-19   3.8392E-03
  2.1997E-14
   1.8400E+02   8.1065E-18   9.3302E-03   4.1375E-02   3.3242E-19   3.8358E-03
  2.1947E-14
   1.8500E+02   8.1065E-18   9.3543E-03   3.9648E-02   3.3242E-19   3.8386E-03
  2.1988E-14
   1.8600E+02   8.1065E-18   9.4123E-03   3.6408E-02   3.3242E-19   3.8483E-03
  2.2128E-14
   1.8700E+02   8.1065E-18   9.4987E-03   3.2349E-02   3.3242E-19   3.8645E-03
  2.2367E-14
   1.8800E+02   8.1065E-18   9.5810E-03   2.9136E-02   3.3242E-19   3.8820E-03
  2.2627E-14
   1.8900E+02   8.1065E-18   9.6359E-03   2.7324E-02   3.3242E-19   3.8952E-03
  2.2826E-14
   1.9000E+02   8.1065E-18   9.6582E-03   2.6881E-02   3.3242E-19   3.9021E-03
  2.2929E-14
   1.9100E+02   8.1065E-18   9.6559E-03   2.7463E-02   3.3242E-19   3.9040E-03
  2.2956E-14
   1.9200E+02   8.1065E-18   9.6295E-03   2.8885E-02   3.3242E-19   3.9004E-03
  2.2901E-14
   1.9300E+02   8.1065E-18   9.5888E-03   3.0803E-02   3.3242E-19   3.8931E-03
  2.2790E-14
   1.9400E+02   8.1065E-18   9.5381E-03   3.3131E-02   3.3242E-19   3.8833E-03
  2.2643E-14
   1.9500E+02   8.1065E-18   9.4780E-03   3.5863E-02   3.3242E-19   3.8713E-03
  2.2464E-14
   1.9600E+02   8.1065E-18   9.4112E-03   3.8959E-02   3.3242E-19   3.8576E-03
  2.2264E-14
   1.9700E+02   8.1065E-18   9.3363E-03   4.2436E-02   3.3242E-19   3.8420E-03
  2.2039E-14
   1.9800E+02   8.1065E-18   9.2545E-03   4.6287E-02   3.3242E-19   3.8246E-03
  2.1793E-14
   1.9900E+02   8.1065E-18   9.1670E-03   5.0443E-02   3.3242E-19   3.8056E-03
  2.1531E-14
   2.0000E+02   8.1065E-18   9.0790E-03   5.4536E-02   3.3242E-19   3.7858E-03
  2.1264E-14
   2.0100E+02   8.1065E-18   8.9949E-03   5.8531E-02   3.3242E-19   3.7663E-03
  2.1006E-14
   2.0200E+02   8.1065E-18   8.9231E-03   6.1768E-02   3.3242E-19   3.7489E-03
  2.0779E-14
   2.0300E+02   8.1065E-18   8.8874E-03   6.2631E-02   3.3242E-19   3.7379E-03
  2.0635E-14
   2.0400E+02   8.1065E-18   8.9188E-03   5.9598E-02   3.3242E-19   3.7400E-03
  2.0658E-14
   2.0500E+02   8.1065E-18   9.0294E-03   5.2614E-02   3.3242E-19   3.7590E-03
  2.0900E-14
   2.0600E+02   8.1065E-18   9.2049E-03   4.3491E-02   3.3242E-19   3.7933E-03
  2.1359E-14
   2.0700E+02   8.1065E-18   9.3807E-03   3.6188E-02   3.3242E-19   3.8316E-03
  2.1893E-14
   2.0800E+02   8.1065E-18   9.4920E-03   3.2729E-02   3.3242E-19   3.8597E-03
  2.2294E-14
   2.0900E+02   8.1065E-18   9.5232E-03   3.3125E-02   3.3242E-19   3.8730E-03
  2.2484E-14
   2.1000E+02   8.1065E-18   9.4312E-03   3.9605E-02   3.3242E-19   3.8629E-03
  2.2333E-14
   2.1100E+02   8.1065E-18   9.2115E-03   5.1566E-02   3.3242E-19   3.8249E-03
  2.1796E-14
   2.1200E+02   8.1065E-18   8.9454E-03   6.4355E-02   3.3242E-19   3.7687E-03
  2.1052E-14
   2.1300E+02   8.1065E-18   8.7497E-03   7.2205E-02   3.3242E-19   3.7183E-03
  2.0417E-14
   2.1400E+02   8.1065E-18   8.6849E-03   7.2857E-02   3.3242E-19   3.6933E-03
  2.0102E-14
   2.1500E+02   8.1065E-18   8.7230E-03   6.8712E-02   3.3242E-19   3.6929E-03
  2.0085E-14
   2.1600E+02   8.1065E-18   8.8403E-03   6.1686E-02   3.3242E-19   3.7139E-03
  2.0330E-14
   2.1700E+02   8.1065E-18   8.9970E-03   5.3753E-02   3.3242E-19   3.7471E-03
  2.0743E-14
   2.1800E+02   8.1065E-18   9.1597E-03   4.6274E-02   3.3242E-19   3.7835E-03
  2.1219E-14
   2.1900E+02   8.1065E-18   9.2875E-03   4.1235E-02   3.3242E-19   3.8142E-03
  2.1639E-14
   2.2000E+02   8.1065E-18   9.3676E-03   3.8773E-02   3.3242E-19   3.8358E-03
  2.1940E-14
   2.2100E+02   8.1065E-18   9.3799E-03   3.9487E-02   3.3242E-19   3.8438E-03
  2.2053E-14
   2.2200E+02   8.1065E-18   9.3189E-03   4.3523E-02   3.3242E-19   3.8364E-03
  2.1949E-14
   2.2300E+02   8.1065E-18   9.2051E-03   4.9362E-02   3.3242E-19   3.8156E-03
  2.1661E-14
   2.2400E+02   8.1065E-18   9.0851E-03   5.4821E-02   3.3242E-19   3.7897E-03
  2.1313E-14
   2.2500E+02   8.1065E-18   8.9951E-03   5.8421E-02   3.3242E-19   3.7673E-03
  2.1019E-14
   2.2600E+02   8.1065E-18   8.9517E-03   5.9721E-02   3.3242E-19   3.7540E-03
  2.0845E-14
   2.2700E+02   8.1065E-18   8.9398E-03   5.9838E-02   3.3242E-19   3.7488E-03
  2.0774E-14
   2.2800E+02   8.1065E-18   8.9431E-03   5.9395E-02   3.3242E-19   3.7478E-03
  2.0758E-14
   2.2900E+02   8.1065E-18   8.9566E-03   5.8566E-02   3.3242E-19   3.7498E-03
  2.0782E-14
   2.3000E+02   8.1065E-18   8.9657E-03   5.8251E-02   3.3242E-19   3.7519E-03
  2.0807E-14
   2.3100E+02   8.1065E-18   8.9533E-03   5.9425E-02   3.3242E-19   3.7505E-03
  2.0788E-14
   2.3200E+02   8.1065E-18   8.8987E-03   6.3156E-02   3.3242E-19   3.7411E-03
  2.0669E-14
   2.3300E+02   8.1065E-18   8.7760E-03   7.1020E-02   3.3242E-19   3.7179E-03
  2.0383E-14
   2.3400E+02   8.1065E-18   8.5760E-03   8.2896E-02   3.3242E-19   3.6757E-03
  1.9883E-14
   2.3500E+02   8.1065E-18   8.3646E-03   9.4029E-02   3.3242E-19   3.6242E-03
  1.9299E-14
   2.3600E+02   8.1065E-18   8.2259E-03   9.9908E-02   3.3242E-19   3.5834E-03
  1.8847E-14
   2.3700E+02   8.1065E-18   8.2046E-03   9.8628E-02   3.3242E-19   3.5692E-03
  1.8676E-14
   2.3800E+02   8.1065E-18   8.2756E-03   9.2971E-02   3.3242E-19   3.5801E-03
  1.8775E-14
   2.3900E+02   8.1065E-18   8.3743E-03   8.6990E-02   3.3242E-19   3.6013E-03
  1.8994E-14
   2.4000E+02   8.1065E-18   8.4703E-03   8.2090E-02   3.3242E-19   3.6254E-03
  1.9255E-14
   2.4100E+02   8.1065E-18   8.5370E-03   7.9019E-02   3.3242E-19   3.6436E-03
  1.9464E-14
   2.4200E+02   8.1065E-18   8.5867E-03   7.6684E-02   3.3242E-19   3.6573E-03
  1.9624E-14
   2.4300E+02   8.1065E-18   8.6348E-03   7.4199E-02   3.3242E-19   3.6697E-03
  1.9772E-14
   2.4400E+02   8.1065E-18   8.6916E-03   7.1014E-02   3.3242E-19   3.6831E-03
  1.9934E-14
   2.4500E+02   8.1065E-18   8.7602E-03   6.7197E-02   3.3242E-19   3.6987E-03
  2.0124E-14
   2.4600E+02   8.1065E-18   8.8505E-03   6.2201E-02   3.3242E-19   3.7184E-03
  2.0369E-14
   2.4700E+02   8.1065E-18   8.9652E-03   5.6027E-02   3.3242E-19   3.7431E-03
  2.0683E-14
   2.4800E+02   8.1065E-18   9.1067E-03   4.8825E-02   3.3242E-19   3.7733E-03
  2.1080E-14
   2.4900E+02   8.1065E-18   9.2653E-03   4.1412E-02   3.3242E-19   3.8075E-03
  2.1547E-14
   2.5000E+02   8.1065E-18   9.4117E-03   3.5434E-02   3.3242E-19   3.8404E-03
  2.2012E-14
   2.5100E+02   8.1065E-18   9.5169E-03   3.1715E-02   3.3242E-19   3.8660E-03
  2.2383E-14
   2.5200E+02   8.1065E-18   9.5721E-03   3.0172E-02   3.3242E-19   3.8815E-03
  2.2612E-14
   2.5300E+02   8.1065E-18   9.5822E-03   3.0524E-02   3.3242E-19   3.8874E-03
  2.2700E-14
   2.5400E+02   8.1065E-18   9.5491E-03   3.2521E-02   3.3242E-19   3.8837E-03
  2.2644E-14
   2.5500E+02   8.1065E-18   9.4901E-03   3.5481E-02   3.3242E-19   3.8736E-03
  2.2494E-14
   2.5600E+02   8.1065E-18   9.4096E-03   3.9359E-02   3.3242E-19   3.8582E-03
  2.2270E-14
   2.5700E+02   8.1065E-18   9.3161E-03   4.3720E-02   3.3242E-19   3.8390E-03
  2.1996E-14
   2.5800E+02   8.1065E-18   9.2412E-03   4.6448E-02   3.3242E-19   3.8212E-03
  2.1746E-14
   2.5900E+02   8.1065E-18   9.2372E-03   4.5186E-02   3.3242E-19   3.8156E-03
  2.1667E-14
   2.6000E+02   8.1065E-18   9.3027E-03   4.0681E-02   3.3242E-19   3.8239E-03
  2.1784E-14
   2.6100E+02   8.1065E-18   9.4378E-03   3.3989E-02   3.3242E-19   3.8480E-03
  2.2131E-14
   2.6200E+02   8.1065E-18   9.5726E-03   2.8724E-02   3.3242E-19   3.8761E-03
  2.2545E-14
   2.6300E+02   8.1065E-18   9.6618E-03   2.5885E-02   3.3242E-19   3.8978E-03
  2.2868E-14
   2.6400E+02   8.1065E-18   9.6957E-03   2.5380E-02   3.3242E-19   3.9089E-03
  2.3035E-14
   2.6500E+02   8.1065E-18   9.6764E-03   2.7054E-02   3.3242E-19   3.9093E-03
  2.3037E-14
   2.6600E+02   8.1065E-18   9.6172E-03   3.0017E-02   3.3242E-19   3.9002E-03
  2.2895E-14
   2.6700E+02   8.1065E-18   9.5476E-03   3.2965E-02   3.3242E-19   3.8867E-03
  2.2692E-14
   2.6800E+02   8.1065E-18   9.4952E-03   3.4849E-02   3.3242E-19   3.8748E-03
  2.2515E-14
   2.6900E+02   8.1065E-18   9.4647E-03   3.5701E-02   3.3242E-19   3.8665E-03
  2.2395E-14
   2.7000E+02   8.1065E-18   9.4624E-03   3.5273E-02   3.3242E-19   3.8638E-03
  2.2355E-14
   2.7100E+02   8.1065E-18   9.4892E-03   3.3612E-02   3.3242E-19   3.8671E-03
  2.2405E-14
   2.7200E+02   8.1065E-18   9.5409E-03   3.1032E-02   3.3242E-19   3.8761E-03
  2.2539E-14
   2.7300E+02   8.1065E-18   9.6051E-03   2.8251E-02   3.3242E-19   3.8885E-03
  2.2727E-14
   2.7400E+02   8.1065E-18   9.6630E-03   2.6051E-02   3.3242E-19   3.9009E-03
  2.2916E-14
   2.7500E+02   8.1065E-18   9.6990E-03   2.4872E-02   3.3242E-19   3.9096E-03
  2.3049E-14
   2.7600E+02   8.1065E-18   9.7194E-03   2.4353E-02   3.3242E-19   3.9153E-03
  2.3136E-14
   2.7700E+02   8.1065E-18   9.7200E-03   2.4685E-02   3.3242E-19   3.9171E-03
  2.3162E-14
   2.7800E+02   8.1065E-18   9.6980E-03   2.5982E-02   3.3242E-19   3.9143E-03
  2.3119E-14
   2.7900E+02   8.1065E-18   9.6493E-03   2.8501E-02   3.3242E-19   3.9063E-03
  2.2994E-14
   2.8000E+02   8.1065E-18   9.5640E-03   3.2807E-02   3.3242E-19   3.8912E-03
  2.2763E-14
   2.8100E+02   8.1065E-18   9.4457E-03   3.8474E-02   3.3242E-19   3.8688E-03
  2.2429E-14
   2.8200E+02   8.1065E-18   9.3313E-03   4.3099E-02   3.3242E-19   3.8439E-03
  2.2069E-14
   2.8300E+02   8.1065E-18   9.2688E-03   4.4901E-02   3.3242E-19   3.8270E-03
  2.1829E-14
   2.8400E+02   8.1065E-18   9.2772E-03   4.3275E-02   3.3242E-19   3.8239E-03
  2.1784E-14
   2.8500E+02   8.1065E-18   9.3342E-03   3.9822E-02   3.3242E-19   3.8318E-03
  2.1895E-14
   2.8600E+02   8.1065E-18   9.4163E-03   3.6003E-02   3.3242E-19   3.8471E-03
  2.2114E-14
   2.8700E+02   8.1065E-18   9.4978E-03   3.2613E-02   3.3242E-19   3.8643E-03
  2.2363E-14
   2.8800E+02   8.1065E-18   9.5677E-03   2.9866E-02   3.3242E-19   3.8799E-03
  2.2593E-14
   2.8900E+02   8.1065E-18   9.6172E-03   2.8101E-02   3.3242E-19   3.8916E-03
  2.2770E-14
   2.9000E+02   8.1065E-18   9.6466E-03   2.7258E-02   3.3242E-19   3.8994E-03
  2.2888E-14
   2.9100E+02   8.1065E-18   9.6513E-03   2.7540E-02   3.3242E-19   3.9025E-03
  2.2934E-14
   2.9200E+02   8.1065E-18   9.6246E-03   2.9183E-02   3.3242E-19   3.8993E-03
  2.2885E-14
   2.9300E+02   8.1065E-18   9.5716E-03   3.1834E-02   3.3242E-19   3.8904E-03
  2.2748E-14
   2.9400E+02   8.1065E-18   9.5036E-03   3.4911E-02   3.3242E-19   3.8773E-03
  2.2552E-14
   2.9500E+02   8.1065E-18   9.4330E-03   3.7978E-02   3.3242E-19   3.8626E-03
  2.2336E-14
   2.9600E+02   8.1065E-18   9.3689E-03   4.0683E-02   3.3242E-19   3.8484E-03
  2.2131E-14
   2.9700E+02   8.1065E-18   9.3189E-03   4.2662E-02   3.3242E-19   3.8365E-03
  2.1961E-14
   2.9800E+02   8.1065E-18   9.2924E-03   4.3394E-02   3.3242E-19   3.8290E-03
  2.1855E-14
   2.9900E+02   8.1065E-18   9.2932E-03   4.2862E-02   3.3242E-19   3.8271E-03
  2.1827E-14
   3.0000E+02   8.1065E-18   9.3202E-03   4.1237E-02   3.3242E-19   3.8310E-03
  2.1881E-14
   3.0100E+02   8.1065E-18   9.3587E-03   3.9333E-02   3.3242E-19   3.8381E-03
  2.1981E-14
   3.0200E+02   8.1065E-18   9.3993E-03   3.7559E-02   3.3242E-19   3.8464E-03
  2.2100E-14
   3.0300E+02   8.1065E-18   9.4345E-03   3.6127E-02   3.3242E-19   3.8543E-03
  2.2213E-14
   3.0400E+02   8.1065E-18   9.4579E-03   3.5299E-02   3.3242E-19   3.8601E-03
  2.2297E-14
   3.0500E+02   8.1065E-18   9.4651E-03   3.5321E-02   3.3242E-19   3.8629E-03
  2.2337E-14
   3.0600E+02   8.1065E-18   9.4448E-03   3.6743E-02   3.3242E-19   3.8605E-03
  2.2302E-14
   3.0700E+02   8.1065E-18   9.3919E-03   3.9837E-02   3.3242E-19   3.8520E-03
  2.2178E-14
   3.0800E+02   8.1065E-18   9.2928E-03   4.5179E-02   3.3242E-19   3.8340E-03
  2.1923E-14
   3.0900E+02   8.1065E-18   9.1549E-03   5.2145E-02   3.3242E-19   3.8066E-03
  2.1545E-14
   3.1000E+02   8.1065E-18   9.0017E-03   5.9629E-02   3.3242E-19   3.7734E-03
  2.1104E-14
   3.1100E+02   8.1065E-18   8.8518E-03   6.6813E-02   3.3242E-19   3.7384E-03
  2.0655E-14
   3.1200E+02   8.1065E-18   8.7380E-03   7.1658E-02   3.3242E-19   3.7088E-03
  2.0284E-14
   3.1300E+02   8.1065E-18   8.7098E-03   7.1072E-02   3.3242E-19   3.6956E-03
  2.0115E-14
   3.1400E+02   8.1065E-18   8.7963E-03   6.4270E-02   3.3242E-19   3.7071E-03
  2.0246E-14
   3.1500E+02   8.1065E-18   8.9795E-03   5.3429E-02   3.3242E-19   3.7412E-03
  2.0671E-14
   3.1600E+02   8.1065E-18   9.2190E-03   4.2071E-02   3.3242E-19   3.7911E-03
  2.1331E-14
   3.1700E+02   8.1065E-18   9.4268E-03   3.3975E-02   3.3242E-19   3.8386E-03
  2.1993E-14
   3.1800E+02   8.1065E-18   9.5646E-03   2.9293E-02   3.3242E-19   3.8731E-03
  2.2492E-14
   3.1900E+02   8.1065E-18   9.6359E-03   2.7314E-02   3.3242E-19   3.8933E-03
  2.2791E-14
   3.2000E+02   8.1065E-18   9.6559E-03   2.7256E-02   3.3242E-19   3.9019E-03
  2.2921E-14
   3.2100E+02   8.1065E-18   9.6376E-03   2.8546E-02   3.3242E-19   3.9013E-03
  2.2912E-14
   3.2200E+02   8.1065E-18   9.5885E-03   3.1037E-02   3.3242E-19   3.8934E-03
  2.2792E-14
   3.2300E+02   8.1065E-18   9.5145E-03   3.4711E-02   3.3242E-19   3.8800E-03
  2.2592E-14
   3.2400E+02   8.1065E-18   9.4141E-03   3.9485E-02   3.3242E-19   3.8606E-03
  2.2307E-14
   3.2500E+02   8.1065E-18   9.3031E-03   4.4548E-02   3.3242E-19   3.8375E-03
  2.1977E-14
   3.2600E+02   8.1065E-18   9.2010E-03   4.8985E-02   3.3242E-19   3.8146E-03
  2.1656E-14
   3.2700E+02   8.1065E-18   9.1227E-03   5.2082E-02   3.3242E-19   3.7951E-03
  2.1391E-14
   3.2800E+02   8.1065E-18   9.0837E-03   5.3121E-02   3.3242E-19   3.7834E-03
  2.1230E-14
   3.2900E+02   8.1065E-18   9.0907E-03   5.1802E-02   3.3242E-19   3.7811E-03
  2.1197E-14
   3.3000E+02   8.1065E-18   9.1506E-03   4.8020E-02   3.3242E-19   3.7903E-03
  2.1318E-14
   3.3100E+02   8.1065E-18   9.2559E-03   4.2580E-02   3.3242E-19   3.8102E-03
  2.1589E-14
   3.3200E+02   8.1065E-18   9.3557E-03   3.8599E-02   3.3242E-19   3.8321E-03
  2.1897E-14
   3.3300E+02   8.1065E-18   9.4114E-03   3.7316E-02   3.3242E-19   3.8476E-03
  2.2114E-14
   3.3400E+02   8.1065E-18   9.3775E-03   4.0754E-02   3.3242E-19   3.8471E-03
  2.2104E-14
   3.3500E+02   8.1065E-18   9.2012E-03   5.1903E-02   3.3242E-19   3.8196E-03
  2.1720E-14
   3.3600E+02   8.1065E-18   8.8621E-03   7.1296E-02   3.3242E-19   3.7548E-03
  2.0879E-14
   3.3700E+02   8.1065E-18   8.4436E-03   9.4507E-02   3.3242E-19   3.6604E-03
  1.9762E-14
   3.3800E+02   8.1065E-18   8.0596E-03   1.1542E-01   3.3242E-19   3.5595E-03
  1.8668E-14
   3.3900E+02   8.1065E-18   7.8017E-03   1.2827E-01   3.3242E-19   3.4800E-03
  1.7845E-14
   3.4000E+02   8.1065E-18   7.6885E-03   1.3221E-01   3.3242E-19   3.4364E-03
  1.7381E-14
   3.4100E+02   8.1065E-18   7.7076E-03   1.2782E-01   3.3242E-19   3.4302E-03
  1.7275E-14
   3.4200E+02   8.1065E-18   7.8408E-03   1.1670E-01   3.3242E-19   3.4570E-03
  1.7492E-14
   3.4300E+02   8.1065E-18   8.0634E-03   1.0170E-01   3.3242E-19   3.5099E-03
  1.7995E-14
   3.4400E+02   8.1065E-18   8.2991E-03   8.8705E-02   3.3242E-19   3.5702E-03
  1.8619E-14
   3.4500E+02   8.1065E-18   8.4802E-03   8.0316E-02   3.3242E-19   3.6202E-03
  1.9173E-14
   3.4600E+02   8.1065E-18   8.5815E-03   7.6737E-02   3.3242E-19   3.6519E-03
  1.9543E-14
   3.4700E+02   8.1065E-18   8.6000E-03   7.7411E-02   3.3242E-19   3.6635E-03
  1.9687E-14
   3.4800E+02   8.1065E-18   8.5530E-03   8.1035E-02   3.3242E-19   3.6576E-03
  1.9632E-14
   3.4900E+02   8.1065E-18   8.4609E-03   8.6728E-02   3.3242E-19   3.6385E-03
  1.9424E-14
   3.5000E+02   8.1065E-18   8.3434E-03   9.3722E-02   3.3242E-19   3.6112E-03
  1.9126E-14
   3.5100E+02   8.1065E-18   8.2100E-03   1.0162E-01   3.3242E-19   3.5781E-03
  1.8772E-14
   3.5200E+02   8.1065E-18   8.0824E-03   1.0899E-01   3.3242E-19   3.5445E-03
  1.8418E-14
   3.5300E+02   8.1065E-18   7.9748E-03   1.1504E-01   3.3242E-19   3.5144E-03
  1.8105E-14
   3.5400E+02   8.1065E-18   7.8980E-03   1.1903E-01   3.3242E-19   3.4911E-03
  1.7864E-14
   3.5500E+02   8.1065E-18   7.8518E-03   1.2158E-01   3.3242E-19   3.4767E-03
  1.7712E-14
   3.5600E+02   8.1065E-18   7.7992E-03   1.2518E-01   3.3242E-19   3.4620E-03
  1.7563E-14
   3.5700E+02   8.1065E-18   7.7246E-03   1.3086E-01   3.3242E-19   3.4429E-03
  1.7379E-14
   3.5800E+02   8.1065E-18   7.6078E-03   1.3992E-01   3.3242E-19   3.4137E-03
  1.7110E-14
   3.5900E+02   8.1065E-18   7.4609E-03   1.5048E-01   3.3242E-19   3.3741E-03
  1.6757E-14
   3.6000E+02   8.1065E-18   7.3679E-03   1.5474E-01   3.3242E-19   3.3424E-03
  1.6469E-14
   3.6100E+02   8.1065E-18   7.3890E-03   1.4959E-01   3.3242E-19   3.3388E-03
  1.6411E-14
   3.6200E+02   8.1065E-18   7.5492E-03   1.3478E-01   3.3242E-19   3.3730E-03
  1.6682E-14
   3.6300E+02   8.1065E-18   7.8173E-03   1.1568E-01   3.3242E-19   3.4393E-03
  1.7274E-14
   3.6400E+02   8.1065E-18   8.0948E-03   9.9509E-02   3.3242E-19   3.5132E-03
  1.8000E-14
   3.6500E+02   8.1065E-18   8.3202E-03   8.8020E-02   3.3242E-19   3.5757E-03
  1.8665E-14
   3.6600E+02   8.1065E-18   8.4775E-03   8.0878E-02   3.3242E-19   3.6211E-03
  1.9178E-14
   3.6700E+02   8.1065E-18   8.5590E-03   7.7749E-02   3.3242E-19   3.6467E-03
  1.9482E-14
   3.6800E+02   8.1065E-18   8.5854E-03   7.7423E-02   3.3242E-19   3.6580E-03
  1.9622E-14
   3.6900E+02   8.1065E-18   8.5610E-03   7.9793E-02   3.3242E-19   3.6564E-03
  1.9615E-14
   3.7000E+02   8.1065E-18   8.4897E-03   8.4683E-02   3.3242E-19   3.6431E-03
  1.9471E-14
   3.7100E+02   8.1065E-18   8.4041E-03   8.9392E-02   3.3242E-19   3.6238E-03
  1.9259E-14
   3.7200E+02   8.1065E-18   8.3794E-03   8.9015E-02   3.3242E-19   3.6133E-03
  1.9141E-14
   3.7300E+02   8.1065E-18   8.4413E-03   8.3382E-02   3.3242E-19   3.6216E-03
  1.9227E-14
   3.7400E+02   8.1065E-18   8.5949E-03   7.3122E-02   3.3242E-19   3.6516E-03
  1.9565E-14
   3.7500E+02   8.1065E-18   8.8013E-03   6.2613E-02   3.3242E-19   3.6973E-03
  2.0109E-14
   3.7600E+02   8.1065E-18   8.9643E-03   5.5991E-02   3.3242E-19   3.7385E-03
  2.0621E-14
   3.7700E+02   8.1065E-18   9.0434E-03   5.3882E-02   3.3242E-19   3.7631E-03
  2.0937E-14
   3.7800E+02   8.1065E-18   9.0351E-03   5.5998E-02   3.3242E-19   3.7686E-03
  2.1011E-14
   3.7900E+02   8.1065E-18   8.9548E-03   6.0808E-02   3.3242E-19   3.7559E-03
  2.0851E-14
   3.8000E+02   8.1065E-18   8.8644E-03   6.5039E-02   3.3242E-19   3.7362E-03
  2.0606E-14
   3.8100E+02   8.1065E-18   8.8056E-03   6.7173E-02   3.3242E-19   3.7203E-03
  2.0411E-14
   3.8200E+02   8.1065E-18   8.7863E-03   6.7337E-02   3.3242E-19   3.7127E-03
  2.0317E-14
   3.8300E+02   8.1065E-18   8.7994E-03   6.6302E-02   3.3242E-19   3.7133E-03
  2.0321E-14
   3.8400E+02   8.1065E-18   8.8040E-03   6.6449E-02   3.3242E-19   3.7144E-03
  2.0332E-14
   3.8500E+02   8.1065E-18   8.7740E-03   6.8695E-02   3.3242E-19   3.7094E-03
  2.0269E-14
   3.8600E+02   8.1065E-18   8.7202E-03   7.1812E-02   3.3242E-19   3.6985E-03
  2.0137E-14
   3.8700E+02   8.1065E-18   8.6945E-03   7.2113E-02   3.3242E-19   3.6906E-03
  2.0039E-14
   3.8800E+02   8.1065E-18   8.7483E-03   6.7281E-02   3.3242E-19   3.6974E-03
  2.0119E-14
   3.8900E+02   8.1065E-18   8.9030E-03   5.7486E-02   3.3242E-19   3.7256E-03
  2.0469E-14
   3.9000E+02   8.1065E-18   9.1322E-03   4.5891E-02   3.3242E-19   3.7722E-03
  2.1078E-14
   3.9100E+02   8.1065E-18   9.3528E-03   3.6909E-02   3.3242E-19   3.8217E-03
  2.1754E-14
   3.9200E+02   8.1065E-18   9.5076E-03   3.1441E-02   3.3242E-19   3.8597E-03
  2.2294E-14
   3.9300E+02   8.1065E-18   9.5886E-03   2.8994E-02   3.3242E-19   3.8820E-03
  2.2621E-14
   3.9400E+02   8.1065E-18   9.6217E-03   2.8261E-02   3.3242E-19   3.8929E-03
  2.2784E-14
   3.9500E+02   8.1065E-18   9.6347E-03   2.7927E-02   3.3242E-19   3.8978E-03
  2.2859E-14
   3.9600E+02   8.1065E-18   9.6481E-03   2.7282E-02   3.3242E-19   3.9011E-03
  2.2912E-14
   3.9700E+02   8.1065E-18   9.6725E-03   2.6051E-02   3.3242E-19   3.9057E-03
  2.2985E-14
   3.9800E+02   8.1065E-18   9.7054E-03   2.4560E-02   3.3242E-19   3.9119E-03
  2.3083E-14
   3.9900E+02   8.1065E-18   9.7384E-03   2.3258E-02   3.3242E-19   3.9185E-03
  2.3189E-14
   4.0000E+02   8.1065E-18   9.7641E-03   2.2354E-02   3.3242E-19   3.9242E-03
  2.3279E-14
   4.0100E+02   8.1065E-18   9.7780E-03   2.1950E-02   3.3242E-19   3.9278E-03
  2.3335E-14
   4.0200E+02   8.1065E-18   9.7782E-03   2.2214E-02   3.3242E-19   3.9289E-03
  2.3352E-14
   4.0300E+02   8.1065E-18   9.7549E-03   2.3762E-02   3.3242E-19   3.9262E-03
  2.3307E-14
   4.0400E+02   8.1065E-18   9.6778E-03   2.8140E-02   3.3242E-19   3.9144E-03
  2.3120E-14
   4.0500E+02   8.1065E-18   9.4927E-03   3.8623E-02   3.3242E-19   3.8839E-03
  2.2657E-14
   4.0600E+02   8.1065E-18   9.1356E-03   5.8184E-02   3.3242E-19   3.8189E-03
  2.1737E-14
   4.0700E+02   8.1065E-18   8.7029E-03   8.0036E-02   3.3242E-19   3.7244E-03
  2.0531E-14
   4.0800E+02   8.1065E-18   8.3866E-03   9.2982E-02   3.3242E-19   3.6381E-03
  1.9512E-14
   4.0900E+02   8.1065E-18   8.3314E-03   8.9898E-02   3.3242E-19   3.6032E-03
  1.9087E-14
   4.1000E+02   8.1065E-18   8.4976E-03   7.7638E-02   3.3242E-19   3.6271E-03
  1.9317E-14
   4.1100E+02   8.1065E-18   8.7274E-03   6.5781E-02   3.3242E-19   3.6777E-03
  1.9883E-14
   4.1200E+02   8.1065E-18   8.9248E-03   5.7026E-02   3.3242E-19   3.7263E-03
  2.0469E-14
   4.1300E+02   8.1065E-18   9.0666E-03   5.1330E-02   3.3242E-19   3.7634E-03
  2.0941E-14
   4.1400E+02   8.1065E-18   9.1678E-03   4.7174E-02   3.3242E-19   3.7898E-03
  2.1293E-14
   4.1500E+02   8.1065E-18   9.2556E-03   4.3254E-02   3.3242E-19   3.8109E-03
  2.1585E-14
   4.1600E+02   8.1065E-18   9.3445E-03   3.9149E-02   3.3242E-19   3.8307E-03
  2.1866E-14
   4.1700E+02   8.1065E-18   9.4362E-03   3.5054E-02   3.3242E-19   3.8503E-03
  2.2151E-14
   4.1800E+02   8.1065E-18   9.5092E-03   3.2341E-02   3.3242E-19   3.8671E-03
  2.2399E-14
   4.1900E+02   8.1065E-18   9.5495E-03   3.1437E-02   3.3242E-19   3.8783E-03
  2.2566E-14
   4.2000E+02   8.1065E-18   9.5299E-03   3.3449E-02   3.3242E-19   3.8787E-03
  2.2570E-14
   4.2100E+02   8.1065E-18   9.4290E-03   3.9399E-02   3.3242E-19   3.8635E-03
  2.2346E-14
   4.2200E+02   8.1065E-18   9.2547E-03   4.8253E-02   3.3242E-19   3.8313E-03
  2.1886E-14
   4.2300E+02   8.1065E-18   9.0736E-03   5.6360E-02   3.3242E-19   3.7918E-03
  2.1350E-14
   4.2400E+02   8.1065E-18   8.9517E-03   6.0722E-02   3.3242E-19   3.7598E-03
  2.0929E-14
   4.2500E+02   8.1065E-18   8.9177E-03   6.0548E-02   3.3242E-19   3.7448E-03
  2.0733E-14
   4.2600E+02   8.1065E-18   8.9575E-03   5.7555E-02   3.3242E-19   3.7481E-03
  2.0769E-14
   4.2700E+02   8.1065E-18   9.0316E-03   5.3724E-02   3.3242E-19   3.7623E-03
  2.0946E-14
   4.2800E+02   8.1065E-18   9.1101E-03   5.0011E-02   3.3242E-19   3.7792E-03
  2.1164E-14
   4.2900E+02   8.1065E-18   9.1850E-03   4.6641E-02   3.3242E-19   3.7963E-03
  2.1393E-14
   4.3000E+02   8.1065E-18   9.2510E-03   4.3844E-02   3.3242E-19   3.8117E-03
  2.1603E-14
   4.3100E+02   8.1065E-18   9.3012E-03   4.1791E-02   3.3242E-19   3.8238E-03
  2.1773E-14
   4.3200E+02   8.1065E-18   9.3411E-03   4.0265E-02   3.3242E-19   3.8336E-03
  2.1911E-14
   4.3300E+02   8.1065E-18   9.3661E-03   3.9439E-02   3.3242E-19   3.8403E-03
  2.2007E-14
   4.3400E+02   8.1065E-18   9.3702E-03   3.9614E-02   3.3242E-19   3.8427E-03
  2.2042E-14
   4.3500E+02   8.1065E-18   9.3530E-03   4.0848E-02   3.3242E-19   3.8408E-03
  2.2016E-14
   4.3600E+02   8.1065E-18   9.3042E-03   4.3622E-02   3.3242E-19   3.8326E-03
  2.1900E-14
   4.3700E+02   8.1065E-18   9.2286E-03   4.7535E-02   3.3242E-19   3.8182E-03
  2.1699E-14
   4.3800E+02   8.1065E-18   9.1509E-03   5.0892E-02   3.3242E-19   3.8010E-03
  2.1465E-14
   4.3900E+02   8.1065E-18   9.1044E-03   5.2435E-02   3.3242E-19   3.7887E-03
  2.1299E-14
   4.4000E+02   8.1065E-18   9.1009E-03   5.1742E-02   3.3242E-19   3.7847E-03
  2.1244E-14
   4.4100E+02   8.1065E-18   9.1342E-03   4.9307E-02   3.3242E-19   3.7887E-03
  2.1296E-14
   4.4200E+02   8.1065E-18   9.2069E-03   4.5275E-02   3.3242E-19   3.8017E-03
  2.1473E-14
   4.4300E+02   8.1065E-18   9.3062E-03   4.0461E-02   3.3242E-19   3.8215E-03
  2.1746E-14
   4.4400E+02   8.1065E-18   9.4172E-03   3.5520E-02   3.3242E-19   3.8446E-03
  2.2075E-14
   4.4500E+02   8.1065E-18   9.5237E-03   3.1115E-02   3.3242E-19   3.8677E-03
  2.2412E-14
   4.4600E+02   8.1065E-18   9.6102E-03   2.7872E-02   3.3242E-19   3.8874E-03
  2.2706E-14
   4.4700E+02   8.1065E-18   9.6699E-03   2.5818E-02   3.3242E-19   3.9019E-03
  2.2927E-14
   4.4800E+02   8.1065E-18   9.7014E-03   2.4862E-02   3.3242E-19   3.9102E-03
  2.3056E-14
   4.4900E+02   8.1065E-18   9.7192E-03   2.4399E-02   3.3242E-19   3.9155E-03
  2.3137E-14
   4.5000E+02   8.1065E-18   9.7258E-03   2.4286E-02   3.3242E-19   3.9179E-03
  2.3176E-14
   4.5100E+02   8.1065E-18   9.7252E-03   2.4384E-02   3.3242E-19   3.9185E-03
  2.3185E-14
   4.5200E+02   8.1065E-18   9.7206E-03   2.4583E-02   3.3242E-19   3.9178E-03
  2.3175E-14
   4.5300E+02   8.1065E-18   9.7152E-03   2.4781E-02   3.3242E-19   3.9167E-03
  2.3158E-14
   4.5400E+02   8.1065E-18   9.7137E-03   2.4786E-02   3.3242E-19   3.9162E-03
  2.3151E-14
   4.5500E+02   8.1065E-18   9.7177E-03   2.4540E-02   3.3242E-19   3.9167E-03
  2.3159E-14
   4.5600E+02   8.1065E-18   9.7254E-03   2.4166E-02   3.3242E-19   3.9180E-03
  2.3179E-14
   4.5700E+02   8.1065E-18   9.7311E-03   2.3991E-02   3.3242E-19   3.9192E-03
  2.3198E-14
   4.5800E+02   8.1065E-18   9.7265E-03   2.4397E-02   3.3242E-19   3.9189E-03
  2.3193E-14
   4.5900E+02   8.1065E-18   9.7059E-03   2.5619E-02   3.3242E-19   3.9159E-03
  2.3146E-14
   4.6000E+02   8.1065E-18   9.6564E-03   2.8204E-02   3.3242E-19   3.9078E-03
  2.3017E-14
   4.6100E+02   8.1065E-18   9.5769E-03   3.2106E-02   3.3242E-19   3.8936E-03
  2.2799E-14
   4.6200E+02   8.1065E-18   9.4685E-03   3.7288E-02   3.3242E-19   3.8730E-03
  2.2490E-14
   4.6300E+02   8.1065E-18   9.3331E-03   4.3793E-02   3.3242E-19   3.8459E-03
  2.2098E-14
   4.6400E+02   8.1065E-18   9.1758E-03   5.1419E-02   3.3242E-19   3.8130E-03
  2.1640E-14
   4.6500E+02   8.1065E-18   9.0246E-03   5.8101E-02   3.3242E-19   3.7785E-03
  2.1174E-14
   4.6600E+02   8.1065E-18   8.9351E-03   6.0897E-02   3.3242E-19   3.7533E-03
  2.0843E-14
   4.6700E+02   8.1065E-18   8.9372E-03   5.8829E-02   3.3242E-19   3.7464E-03
  2.0749E-14
   4.6800E+02   8.1065E-18   9.0331E-03   5.2793E-02   3.3242E-19   3.7614E-03
  2.0938E-14
   4.6900E+02   8.1065E-18   9.1618E-03   4.6736E-02   3.3242E-19   3.7873E-03
  2.1279E-14
   4.7000E+02   8.1065E-18   9.2597E-03   4.2952E-02   3.3242E-19   3.8107E-03
  2.1594E-14
   4.7100E+02   8.1065E-18   9.3137E-03   4.1373E-02   3.3242E-19   3.8258E-03
  2.1800E-14
   4.7200E+02   8.1065E-18   9.3222E-03   4.1730E-02   3.3242E-19   3.8310E-03
  2.1873E-14
   4.7300E+02   8.1065E-18   9.3082E-03   4.2779E-02   3.3242E-19   3.8306E-03
  2.1867E-14
   4.7400E+02   8.1065E-18   9.2838E-03   4.3958E-02   3.3242E-19   3.8265E-03
  2.1810E-14
   4.7500E+02   8.1065E-18   9.2611E-03   4.4843E-02   3.3242E-19   3.8214E-03
  2.1742E-14
   4.7600E+02   8.1065E-18   9.2429E-03   4.5557E-02   3.3242E-19   3.8169E-03
  2.1681E-14
   4.7700E+02   8.1065E-18   9.2206E-03   4.6802E-02   3.3242E-19   3.8123E-03
  2.1617E-14
   4.7800E+02   8.1065E-18   9.1789E-03   4.9196E-02   3.3242E-19   3.8044E-03
  2.1508E-14
   4.7900E+02   8.1065E-18   9.1038E-03   5.3434E-02   3.3242E-19   3.7900E-03
  2.1315E-14
   4.8000E+02   8.1065E-18   8.9941E-03   5.9332E-02   3.3242E-19   3.7678E-03
  2.1022E-14
   4.8100E+02   8.1065E-18   8.8756E-03   6.5127E-02   3.3242E-19   3.7413E-03
  2.0683E-14
   4.8200E+02   8.1065E-18   8.7827E-03   6.9108E-02   3.3242E-19   3.7177E-03
  2.0387E-14
   4.8300E+02   8.1065E-18   8.7315E-03   7.0830E-02   3.3242E-19   3.7023E-03
  2.0194E-14
   4.8400E+02   8.1065E-18   8.7169E-03   7.1185E-02   3.3242E-19   3.6964E-03
  2.0118E-14
   4.8500E+02   8.1065E-18   8.6992E-03   7.2265E-02   3.3242E-19   3.6914E-03
  2.0053E-14
   4.8600E+02   8.1065E-18   8.6498E-03   7.5750E-02   3.3242E-19   3.6817E-03
  1.9935E-14
   4.8700E+02   8.1065E-18   8.5451E-03   8.2754E-02   3.3242E-19   3.6607E-03
  1.9691E-14
   4.8800E+02   8.1065E-18   8.3755E-03   9.3280E-02   3.3242E-19   3.6233E-03
  1.9273E-14
   4.8900E+02   8.1065E-18   8.1743E-03   1.0540E-01   3.3242E-19   3.5746E-03
  1.8751E-14
   4.9000E+02   8.1065E-18   7.9698E-03   1.1771E-01   3.3242E-19   3.5210E-03
  1.8198E-14
   4.9100E+02   8.1065E-18   7.7868E-03   1.2887E-01   3.3242E-19   3.4697E-03
  1.7687E-14
   4.9200E+02   8.1065E-18   7.6477E-03   1.3698E-01   3.3242E-19   3.4277E-03
  1.7272E-14
   4.9300E+02   8.1065E-18   7.5725E-03   1.3981E-01   3.3242E-19   3.4003E-03
  1.6998E-14
   4.9400E+02   8.1065E-18   7.5989E-03   1.3540E-01   3.3242E-19   3.3994E-03
  1.6962E-14
   4.9500E+02   8.1065E-18   7.7172E-03   1.2513E-01   3.3242E-19   3.4241E-03
  1.7166E-14
   4.9600E+02   8.1065E-18   7.9056E-03   1.1229E-01   3.3242E-19   3.4703E-03
  1.7592E-14
   4.9700E+02   8.1065E-18   8.0957E-03   1.0128E-01   3.3242E-19   3.5209E-03
  1.8094E-14
   4.9800E+02   8.1065E-18   8.2525E-03   9.3152E-02   3.3242E-19   3.5644E-03
  1.8554E-14
   4.9900E+02   8.1065E-18   8.3708E-03   8.7325E-02   3.3242E-19   3.5981E-03
  1.8926E-14
   5.0000E+02   8.1065E-18   8.4897E-03   8.0429E-02   3.3242E-19   3.6283E-03
  1.9272E-14
   5.0100E+02   8.1065E-18   8.6517E-03   7.0634E-02   3.3242E-19   3.6647E-03
  1.9700E-14
   5.0200E+02   8.1065E-18   8.8758E-03   5.8097E-02   3.3242E-19   3.7132E-03
  2.0299E-14
   5.0300E+02   8.1065E-18   9.1381E-03   4.5283E-02   3.3242E-19   3.7706E-03
  2.1047E-14
   5.0400E+02   8.1065E-18   9.3723E-03   3.5877E-02   3.3242E-19   3.8245E-03
  2.1790E-14
   5.0500E+02   8.1065E-18   9.5251E-03   3.0543E-02   3.3242E-19   3.8627E-03
  2.2338E-14
   5.0600E+02   8.1065E-18   9.6133E-03   2.8075E-02   3.3242E-19   3.8871E-03
  2.2698E-14
   5.0700E+02   8.1065E-18   9.6357E-03   2.8127E-02   3.3242E-19   3.8972E-03
  2.2848E-14
   5.0800E+02   8.1065E-18   9.6149E-03   2.9514E-02   3.3242E-19   3.8966E-03
  2.2838E-14
   5.0900E+02   8.1065E-18   9.5806E-03   3.0957E-02   3.3242E-19   3.8906E-03
  2.2749E-14
   5.1000E+02   8.1065E-18   9.5574E-03   3.1757E-02   3.3242E-19   3.8855E-03
  2.2674E-14
   5.1100E+02   8.1065E-18   9.5440E-03   3.2174E-02   3.3242E-19   3.8821E-03
  2.2624E-14
   5.1200E+02   8.1065E-18   9.5318E-03   3.2695E-02   3.3242E-19   3.8792E-03
  2.2582E-14
   5.1300E+02   8.1065E-18   9.5119E-03   3.3779E-02   3.3242E-19   3.8754E-03
  2.2526E-14
   5.1400E+02   8.1065E-18   9.4706E-03   3.6033E-02   3.3242E-19   3.8681E-03
  2.2417E-14
   5.1500E+02   8.1065E-18   9.4010E-03   3.9602E-02   3.3242E-19   3.8554E-03
  2.2230E-14
   5.1600E+02   8.1065E-18   9.3145E-03   4.3608E-02   3.3242E-19   3.8379E-03
  2.1979E-14
   5.1700E+02   8.1065E-18   9.2338E-03   4.7059E-02   3.3242E-19   3.8200E-03
  2.1728E-14
   5.1800E+02   8.1065E-18   9.1800E-03   4.9084E-02   3.3242E-19   3.8064E-03
  2.1540E-14
   5.1900E+02   8.1065E-18   9.1459E-03   5.0207E-02   3.3242E-19   3.7968E-03
  2.1410E-14
   5.2000E+02   8.1065E-18   9.1311E-03   5.0589E-02   3.3242E-19   3.7918E-03
  2.1340E-14
   5.2100E+02   8.1065E-18   9.1282E-03   5.0578E-02   3.3242E-19   3.7901E-03
  2.1315E-14
   5.2200E+02   8.1065E-18   9.1333E-03   5.0275E-02   3.3242E-19   3.7905E-03
  2.1319E-14
   5.2300E+02   8.1065E-18   9.1417E-03   4.9838E-02   3.3242E-19   3.7922E-03
  2.1340E-14
   5.2400E+02   8.1065E-18   9.1594E-03   4.8775E-02   3.3242E-19   3.7955E-03
  2.1384E-14
   5.2500E+02   8.1065E-18   9.1946E-03   4.6830E-02   3.3242E-19   3.8022E-03
  2.1475E-14
   5.2600E+02   8.1065E-18   9.2467E-03   4.4144E-02   3.3242E-19   3.8125E-03
  2.1617E-14
   5.2700E+02   8.1065E-18   9.3001E-03   4.1782E-02   3.3242E-19   3.8239E-03
  2.1776E-14
   5.2800E+02   8.1065E-18   9.3380E-03   4.0529E-02   3.3242E-19   3.8332E-03
  2.1908E-14
   5.2900E+02   8.1065E-18   9.3388E-03   4.1303E-02   3.3242E-19   3.8362E-03
  2.1949E-14
   5.3000E+02   8.1065E-18   9.2851E-03   4.4709E-02   3.3242E-19   3.8284E-03
  2.1839E-14
   5.3100E+02   8.1065E-18   9.1980E-03   4.9028E-02   3.3242E-19   3.8121E-03
  2.1612E-14
   5.3200E+02   8.1065E-18   9.1454E-03   5.0240E-02   3.3242E-19   3.7980E-03
  2.1421E-14
   5.3300E+02   8.1065E-18   9.1762E-03   4.6971E-02   3.3242E-19   3.7985E-03
  2.1431E-14
   5.3400E+02   8.1065E-18   9.3001E-03   3.9910E-02   3.3242E-19   3.8189E-03
  2.1715E-14
   5.3500E+02   8.1065E-18   9.4615E-03   3.2779E-02   3.3242E-19   3.8506E-03
  2.2170E-14
   5.3600E+02   8.1065E-18   9.5974E-03   2.7738E-02   3.3242E-19   3.8809E-03
  2.2615E-14
   5.3700E+02   8.1065E-18   9.6813E-03   2.4970E-02   3.3242E-19   3.9017E-03
  2.2927E-14
   5.3800E+02   8.1065E-18   9.7302E-03   2.3614E-02   3.3242E-19   3.9150E-03
  2.3131E-14
   5.3900E+02   8.1065E-18   9.7480E-03   2.3308E-02   3.3242E-19   3.9213E-03
  2.3227E-14
   5.4000E+02   8.1065E-18   9.7474E-03   2.3495E-02   3.3242E-19   3.9227E-03
  2.3250E-14
   5.4100E+02   8.1065E-18   9.7399E-03   2.3835E-02   3.3242E-19   3.9217E-03
  2.3235E-14
   5.4200E+02   8.1065E-18   9.7319E-03   2.4163E-02   3.3242E-19   3.9203E-03
  2.3214E-14
   5.4300E+02   8.1065E-18   9.7263E-03   2.4347E-02   3.3242E-19   3.9191E-03
  2.3196E-14
   5.4400E+02   8.1065E-18   9.7251E-03   2.4317E-02   3.3242E-19   3.9186E-03
  2.3188E-14
   5.4500E+02   8.1065E-18   9.7291E-03   2.4062E-02   3.3242E-19   3.9190E-03
  2.3196E-14
   5.4600E+02   8.1065E-18   9.7384E-03   2.3601E-02   3.3242E-19   3.9206E-03
  2.3220E-14
   5.4700E+02   8.1065E-18   9.7487E-03   2.3169E-02   3.3242E-19   3.9225E-03
  2.3251E-14
   5.4800E+02   8.1065E-18   9.7552E-03   2.2960E-02   3.3242E-19   3.9239E-03
  2.3274E-14
   5.4900E+02   8.1065E-18   9.7575E-03   2.2951E-02   3.3242E-19   3.9247E-03
  2.3286E-14
   5.5000E+02   8.1065E-18   9.7537E-03   2.3248E-02   3.3242E-19   3.9244E-03
  2.3281E-14
   5.5100E+02   8.1065E-18   9.7382E-03   2.4143E-02   3.3242E-19   3.9222E-03
  2.3245E-14
   5.5200E+02   8.1065E-18   9.7017E-03   2.6070E-02   3.3242E-19   3.9163E-03
  2.3151E-14
   5.5300E+02   8.1065E-18   9.6326E-03   2.9613E-02   3.3242E-19   3.9044E-03
  2.2966E-14
   5.5400E+02   8.1065E-18   9.5158E-03   3.5553E-02   3.3242E-19   3.8835E-03
  2.2648E-14
   5.5500E+02   8.1065E-18   9.3509E-03   4.3653E-02   3.3242E-19   3.8520E-03
  2.2186E-14
   5.5600E+02   8.1065E-18   9.1549E-03   5.3159E-02   3.3242E-19   3.8114E-03
  2.1620E-14
   5.5700E+02   8.1065E-18   8.9482E-03   6.3194E-02   3.3242E-19   3.7654E-03
  2.1011E-14
   5.5800E+02   8.1065E-18   8.7586E-03   7.2134E-02   3.3242E-19   3.7196E-03
  2.0431E-14
   5.5900E+02   8.1065E-18   8.6436E-03   7.6276E-02   3.3242E-19   3.6864E-03
  2.0021E-14
   5.6000E+02   8.1065E-18   8.6313E-03   7.4485E-02   3.3242E-19   3.6749E-03
  1.9870E-14
   5.6100E+02   8.1065E-18   8.7364E-03   6.6621E-02   3.3242E-19   3.6903E-03
  2.0043E-14
   5.6200E+02   8.1065E-18   8.9336E-03   5.5757E-02   3.3242E-19   3.7294E-03
  2.0521E-14
   5.6300E+02   8.1065E-18   9.1437E-03   4.6243E-02   3.3242E-19   3.7762E-03
  2.1125E-14
   5.6400E+02   8.1065E-18   9.3177E-03   3.9210E-02   3.3242E-19   3.8174E-03
  2.1684E-14
   5.6500E+02   8.1065E-18   9.4455E-03   3.4399E-02   3.3242E-19   3.8487E-03
  2.2128E-14
   5.6600E+02   8.1065E-18   9.5306E-03   3.1409E-02   3.3242E-19   3.8704E-03
  2.2445E-14
   5.6700E+02   8.1065E-18   9.5756E-03   3.0127E-02   3.3242E-19   3.8831E-03
  2.2635E-14
   5.6800E+02   8.1065E-18   9.5843E-03   3.0398E-02   3.3242E-19   3.8881E-03
  2.2710E-14
   5.6900E+02   8.1065E-18   9.5522E-03   3.2487E-02   3.3242E-19   3.8846E-03
  2.2658E-14
   5.7000E+02   8.1065E-18   9.4798E-03   3.6205E-02   3.3242E-19   3.8723E-03
  2.2476E-14
   5.7100E+02   8.1065E-18   9.3925E-03   4.0105E-02   3.3242E-19   3.8550E-03
  2.2223E-14
   5.7200E+02   8.1065E-18   9.3202E-03   4.2926E-02   3.3242E-19   3.8385E-03
  2.1988E-14
   5.7300E+02   8.1065E-18   9.2765E-03   4.4350E-02   3.3242E-19   3.8269E-03
  2.1825E-14
   5.7400E+02   8.1065E-18   9.2559E-03   4.4859E-02   3.3242E-19   3.8202E-03
  2.1732E-14
   5.7500E+02   8.1065E-18   9.2518E-03   4.4948E-02   3.3242E-19   3.8181E-03
  2.1700E-14
   5.7600E+02   8.1065E-18   9.2414E-03   4.5585E-02   3.3242E-19   3.8159E-03
  2.1669E-14
   5.7700E+02   8.1065E-18   9.2205E-03   4.6767E-02   3.3242E-19   3.8120E-03
  2.1613E-14
   5.7800E+02   8.1065E-18   9.1881E-03   4.8428E-02   3.3242E-19   3.8055E-03
  2.1523E-14
   5.7900E+02   8.1065E-18   9.1510E-03   5.0265E-02   3.3242E-19   3.7977E-03
  2.1417E-14
   5.8000E+02   8.1065E-18   9.1107E-03   5.2194E-02   3.3242E-19   3.7890E-03
  2.1299E-14
   5.8100E+02   8.1065E-18   9.0699E-03   5.4134E-02   3.3242E-19   3.7798E-03
  2.1177E-14
   5.8200E+02   8.1065E-18   9.0299E-03   5.6028E-02   3.3242E-19   3.7707E-03
  2.1056E-14
   5.8300E+02   8.1065E-18   8.9920E-03   5.7829E-02   3.3242E-19   3.7619E-03
  2.0940E-14
   5.8400E+02   8.1065E-18   8.9565E-03   5.9504E-02   3.3242E-19   3.7535E-03
  2.0831E-14
   5.8500E+02   8.1065E-18   8.9227E-03   6.1143E-02   3.3242E-19   3.7455E-03
  2.0728E-14
   5.8600E+02   8.1065E-18   8.8844E-03   6.3181E-02   3.3242E-19   3.7368E-03
  2.0617E-14
   5.8700E+02   8.1065E-18   8.8315E-03   6.6145E-02   3.3242E-19   3.7253E-03
  2.0472E-14
   5.8800E+02   8.1065E-18   8.7577E-03   7.0347E-02   3.3242E-19   3.7094E-03
  2.0276E-14
   5.8900E+02   8.1065E-18   8.6598E-03   7.5971E-02   3.3242E-19   3.6878E-03
  2.0016E-14
   5.9000E+02   8.1065E-18   8.5397E-03   8.2716E-02   3.3242E-19   3.6601E-03
  1.9692E-14
   5.9100E+02   8.1065E-18   8.4100E-03   9.0174E-02   3.3242E-19   3.6292E-03
  1.9339E-14
   5.9200E+02   8.1065E-18   8.2716E-03   9.8185E-02   3.3242E-19   3.5948E-03
  1.8959E-14
   5.9300E+02   8.1065E-18   8.1435E-03   1.0519E-01   3.3242E-19   3.5607E-03
  1.8592E-14
   5.9400E+02   8.1065E-18   8.0784E-03   1.0742E-01   3.3242E-19   3.5391E-03
  1.8356E-14
   5.9500E+02   8.1065E-18   8.1030E-03   1.0333E-01   3.3242E-19   3.5376E-03
  1.8324E-14
   5.9600E+02   8.1065E-18   8.2444E-03   9.2201E-02   3.3242E-19   3.5642E-03
  1.8586E-14
   5.9700E+02   8.1065E-18   8.4871E-03   7.7530E-02   3.3242E-19   3.6181E-03
  1.9171E-14
   5.9800E+02   8.1065E-18   8.7253E-03   6.6241E-02   3.3242E-19   3.6761E-03
  1.9842E-14
   5.9900E+02   8.1065E-18   8.8666E-03   6.1156E-02   3.3242E-19   3.7162E-03
  2.0331E-14
   6.0000E+02   8.1065E-18   8.9048E-03   6.1531E-02   3.3242E-19   3.7338E-03
  2.0554E-14
   6.0100E+02   8.1065E-18   8.8385E-03   6.6517E-02   3.3242E-19   3.7267E-03
  2.0472E-14
   6.0200E+02   8.1065E-18   8.7537E-03   7.0579E-02   3.3242E-19   3.7095E-03
  2.0266E-14
   6.0300E+02   8.1065E-18   8.7318E-03   6.9671E-02   3.3242E-19   3.6996E-03
  2.0150E-14
   6.0400E+02   8.1065E-18   8.8147E-03   6.3009E-02   3.3242E-19   3.7103E-03
  2.0283E-14
   6.0500E+02   8.1065E-18   8.9919E-03   5.3514E-02   3.3242E-19   3.7449E-03
  2.0718E-14
   6.0600E+02   8.1065E-18   9.1507E-03   4.6924E-02   3.3242E-19   3.7817E-03
  2.1198E-14
   6.0700E+02   8.1065E-18   9.2512E-03   4.3773E-02   3.3242E-19   3.8086E-03
  2.1558E-14
   6.0800E+02   8.1065E-18   9.2659E-03   4.4745E-02   3.3242E-19   3.8185E-03
  2.1693E-14
   6.0900E+02   8.1065E-18   9.2019E-03   4.8806E-02   3.3242E-19   3.8106E-03
  2.1584E-14
   6.1000E+02   8.1065E-18   9.1323E-03   5.1359E-02   3.3242E-19   3.7958E-03
  2.1386E-14
   6.1100E+02   8.1065E-18   9.1311E-03   4.9766E-02   3.3242E-19   3.7910E-03
  2.1325E-14
   6.1200E+02   8.1065E-18   9.2191E-03   4.4051E-02   3.3242E-19   3.8035E-03
  2.1499E-14
   6.1300E+02   8.1065E-18   9.3585E-03   3.7434E-02   3.3242E-19   3.8299E-03
  2.1870E-14
   6.1400E+02   8.1065E-18   9.4855E-03   3.2656E-02   3.3242E-19   3.8580E-03
  2.2274E-14
   6.1500E+02   8.1065E-18   9.5534E-03   3.0671E-02   3.3242E-19   3.8761E-03
  2.2536E-14
   6.1600E+02   8.1065E-18   9.5682E-03   3.0966E-02   3.3242E-19   3.8834E-03
  2.2642E-14
   6.1700E+02   8.1065E-18   9.5466E-03   3.2409E-02   3.3242E-19   3.8823E-03
  2.2622E-14
   6.1800E+02   8.1065E-18   9.5244E-03   3.3089E-02   3.3242E-19   3.8781E-03
  2.2560E-14
   6.1900E+02   8.1065E-18   9.5315E-03   3.2160E-02   3.3242E-19   3.8778E-03
  2.2559E-14
   6.2000E+02   8.1065E-18   9.5757E-03   2.9695E-02   3.3242E-19   3.8845E-03
  2.2663E-14
   6.2100E+02   8.1065E-18   9.6302E-03   2.7397E-02   3.3242E-19   3.8946E-03
  2.2820E-14
   6.2200E+02   8.1065E-18   9.6646E-03   2.6510E-02   3.3242E-19   3.9031E-03
  2.2948E-14
   6.2300E+02   8.1065E-18   9.6564E-03   2.7733E-02   3.3242E-19   3.9045E-03
  2.2967E-14
   6.2400E+02   8.1065E-18   9.5805E-03   3.2231E-02   3.3242E-19   3.8937E-03
  2.2799E-14
   6.2500E+02   8.1065E-18   9.4417E-03   3.9093E-02   3.3242E-19   3.8692E-03
  2.2431E-14
   6.2600E+02   8.1065E-18   9.2978E-03   4.5093E-02   3.3242E-19   3.8388E-03
  2.1994E-14
   6.2700E+02   8.1065E-18   9.2151E-03   4.7396E-02   3.3242E-19   3.8163E-03
  2.1682E-14
   6.2800E+02   8.1065E-18   9.2184E-03   4.5604E-02   3.3242E-19   3.8105E-03
  2.1601E-14
   6.2900E+02   8.1065E-18   9.2880E-03   4.1774E-02   3.3242E-19   3.8208E-03
  2.1743E-14
   6.3000E+02   8.1065E-18   9.3665E-03   3.8401E-02   3.3242E-19   3.8365E-03
  2.1962E-14
   6.3100E+02   8.1065E-18   9.4258E-03   3.6144E-02   3.3242E-19   3.8503E-03
  2.2157E-14
   6.3200E+02   8.1065E-18   9.4607E-03   3.5053E-02   3.3242E-19   3.8595E-03
  2.2288E-14
   6.3300E+02   8.1065E-18   9.4677E-03   3.5281E-02   3.3242E-19   3.8631E-03
  2.2340E-14
   6.3400E+02   8.1065E-18   9.4449E-03   3.6978E-02   3.3242E-19   3.8610E-03
  2.2309E-14
   6.3500E+02   8.1065E-18   9.3704E-03   4.1256E-02   3.3242E-19   3.8489E-03
  2.2133E-14
   6.3600E+02   8.1065E-18   9.2445E-03   4.7912E-02   3.3242E-19   3.8255E-03
  2.1804E-14
   6.3700E+02   8.1065E-18   9.1157E-03   5.3327E-02   3.3242E-19   3.7971E-03
  2.1416E-14
   6.3800E+02   8.1065E-18   9.0496E-03   5.4717E-02   3.3242E-19   3.7775E-03
  2.1153E-14
   6.3900E+02   8.1065E-18   9.0976E-03   5.0127E-02   3.3242E-19   3.7797E-03
  2.1181E-14
   6.4000E+02   8.1065E-18   9.2416E-03   4.2443E-02   3.3242E-19   3.8046E-03
  2.1519E-14
   6.4100E+02   8.1065E-18   9.3819E-03   3.6975E-02   3.3242E-19   3.8349E-03
  2.1941E-14
   6.4200E+02   8.1065E-18   9.4527E-03   3.5320E-02   3.3242E-19   3.8549E-03
  2.2222E-14
   6.4300E+02   8.1065E-18   9.4284E-03   3.8343E-02   3.3242E-19   3.8572E-03
  2.2250E-14
   6.4400E+02   8.1065E-18   9.2846E-03   4.6783E-02   3.3242E-19   3.8352E-03
  2.1934E-14
   6.4500E+02   8.1065E-18   9.1040E-03   5.4780E-02   3.3242E-19   3.7981E-03
  2.1427E-14
   6.4600E+02   8.1065E-18   9.0111E-03   5.6472E-02   3.3242E-19   3.7705E-03
  2.1064E-14
   6.4700E+02   8.1065E-18   9.0773E-03   5.0293E-02   3.3242E-19   3.7733E-03
  2.1102E-14
   6.4800E+02   8.1065E-18   9.2598E-03   4.0858E-02   3.3242E-19   3.8054E-03
  2.1536E-14
   6.4900E+02   8.1065E-18   9.4436E-03   3.3459E-02   3.3242E-19   3.8446E-03
  2.2085E-14
   6.5000E+02   8.1065E-18   9.5743E-03   2.8920E-02   3.3242E-19   3.8760E-03
  2.2539E-14
   6.5100E+02   8.1065E-18   9.6409E-03   2.6993E-02   3.3242E-19   3.8943E-03
  2.2810E-14
   6.5200E+02   8.1065E-18   9.6615E-03   2.6897E-02   3.3242E-19   3.9026E-03
  2.2934E-14
   6.5300E+02   8.1065E-18   9.6369E-03   2.8717E-02   3.3242E-19   3.9012E-03
  2.2911E-14
   6.5400E+02   8.1065E-18   9.5610E-03   3.3031E-02   3.3242E-19   3.8898E-03
  2.2738E-14
   6.5500E+02   8.1065E-18   9.4001E-03   4.1870E-02   3.3242E-19   3.8621E-03
  2.2331E-14
   6.5600E+02   8.1065E-18   9.1325E-03   5.6154E-02   3.3242E-19   3.8114E-03
  2.1624E-14
   6.5700E+02   8.1065E-18   8.8133E-03   7.2332E-02   3.3242E-19   3.7423E-03
  2.0730E-14
   6.5800E+02   8.1065E-18   8.5336E-03   8.5482E-02   3.3242E-19   3.6722E-03
  1.9882E-14
   6.5900E+02   8.1065E-18   8.3725E-03   9.1507E-02   3.3242E-19   3.6229E-03
  1.9304E-14
   6.6000E+02   8.1065E-18   8.3293E-03   9.1671E-02   3.3242E-19   3.6021E-03
  1.9049E-14
   6.6100E+02   8.1065E-18   8.3597E-03   8.9028E-02   3.3242E-19   3.6040E-03
  1.9048E-14
   6.6200E+02   8.1065E-18   8.4169E-03   8.5606E-02   3.3242E-19   3.6160E-03
  1.9167E-14
   6.6300E+02   8.1065E-18   8.4754E-03   8.2448E-02   3.3242E-19   3.6300E-03
  1.9317E-14
   6.6400E+02   8.1065E-18   8.5148E-03   8.0887E-02   3.3242E-19   3.6410E-03
  1.9441E-14
   6.6500E+02   8.1065E-18   8.5039E-03   8.2638E-02   3.3242E-19   3.6418E-03
  1.9452E-14
   6.6600E+02   8.1065E-18   8.4389E-03   8.7841E-02   3.3242E-19   3.6308E-03
  1.9333E-14
   6.6700E+02   8.1065E-18   8.2864E-03   9.8417E-02   3.3242E-19   3.5994E-03
  1.8997E-14
   6.6800E+02   8.1065E-18   8.0810E-03   1.1104E-01   3.3242E-19   3.5502E-03
  1.8486E-14
   6.6900E+02   8.1065E-18   7.9084E-03   1.2018E-01   3.3242E-19   3.5016E-03
  1.7993E-14
   6.7000E+02   8.1065E-18   7.8278E-03   1.2277E-01   3.3242E-19   3.4723E-03
  1.7689E-14
   6.7100E+02   8.1065E-18   7.8512E-03   1.1874E-01   3.3242E-19   3.4700E-03
  1.7643E-14
   6.7200E+02   8.1065E-18   7.9629E-03   1.1023E-01   3.3242E-19   3.4925E-03
  1.7842E-14
   6.7300E+02   8.1065E-18   8.1069E-03   1.0134E-01   3.3242E-19   3.5280E-03
  1.8187E-14
   6.7400E+02   8.1065E-18   8.2517E-03   9.3072E-02   3.3242E-19   3.5654E-03
  1.8575E-14
   6.7500E+02   8.1065E-18   8.3904E-03   8.5375E-02   3.3242E-19   3.6012E-03
  1.8967E-14
   6.7600E+02   8.1065E-18   8.5307E-03   7.7747E-02   3.3242E-19   3.6364E-03
  1.9367E-14
   6.7700E+02   8.1065E-18   8.6794E-03   6.9738E-02   3.3242E-19   3.6722E-03
  1.9791E-14
   6.7800E+02   8.1065E-18   8.8373E-03   6.1567E-02   3.3242E-19   3.7092E-03
  2.0245E-14
   6.7900E+02   8.1065E-18   8.9988E-03   5.3771E-02   3.3242E-19   3.7467E-03
  2.0724E-14
   6.8000E+02   8.1065E-18   9.1453E-03   4.7293E-02   3.3242E-19   3.7812E-03
  2.1182E-14
   6.8100E+02   8.1065E-18   9.2632E-03   4.2478E-02   3.3242E-19   3.8098E-03
  2.1573E-14
   6.8200E+02   8.1065E-18   9.3509E-03   3.9112E-02   3.3242E-19   3.8315E-03
  2.1878E-14
   6.8300E+02   8.1065E-18   9.4067E-03   3.7144E-02   3.3242E-19   3.8461E-03
  2.2088E-14
   6.8400E+02   8.1065E-18   9.4305E-03   3.6575E-02   3.3242E-19   3.8536E-03
  2.2197E-14
   6.8500E+02   8.1065E-18   9.4256E-03   3.7345E-02   3.3242E-19   3.8550E-03
  2.2218E-14
   6.8600E+02   8.1065E-18   9.3901E-03   3.9570E-02   3.3242E-19   3.8501E-03
  2.2149E-14
   6.8700E+02   8.1065E-18   9.3279E-03   4.2695E-02   3.3242E-19   3.8389E-03
  2.1989E-14
   6.8800E+02   8.1065E-18   9.2854E-03   4.3829E-02   3.3242E-19   3.8283E-03
  2.1841E-14
   6.8900E+02   8.1065E-18   9.3064E-03   4.1654E-02   3.3242E-19   3.8287E-03
  2.1848E-14
   6.9000E+02   8.1065E-18   9.3882E-03   3.6739E-02   3.3242E-19   3.8412E-03
  2.2029E-14
   6.9100E+02   8.1065E-18   9.5141E-03   3.1066E-02   3.3242E-19   3.8648E-03
  2.2376E-14
   6.9200E+02   8.1065E-18   9.6143E-03   2.7460E-02   3.3242E-19   3.8871E-03
  2.2708E-14
   6.9300E+02   8.1065E-18   9.6744E-03   2.5852E-02   3.3242E-19   3.9028E-03
  2.2943E-14
   6.9400E+02   8.1065E-18   9.6776E-03   2.6706E-02   3.3242E-19   3.9077E-03
  2.3015E-14
   6.9500E+02   8.1065E-18   9.6252E-03   2.9672E-02   3.3242E-19   3.9011E-03
  2.2909E-14
   6.9600E+02   8.1065E-18   9.5502E-03   3.2995E-02   3.3242E-19   3.8875E-03
  2.2703E-14
   6.9700E+02   8.1065E-18   9.4921E-03   3.5047E-02   3.3242E-19   3.8744E-03
  2.2510E-14
   6.9800E+02   8.1065E-18   9.4688E-03   3.5466E-02   3.3242E-19   3.8672E-03
  2.2405E-14
   6.9900E+02   8.1065E-18   9.4627E-03   3.5578E-02   3.3242E-19   3.8645E-03
  2.2365E-14
   7.0000E+02   8.1065E-18   9.4401E-03   3.7033E-02   3.3242E-19   3.8603E-03
  2.2304E-14
   7.0100E+02   8.1065E-18   9.3691E-03   4.1284E-02   3.3242E-19   3.8484E-03
  2.2130E-14
   7.0200E+02   8.1065E-18   9.2159E-03   5.0243E-02   3.3242E-19   3.8214E-03
  2.1750E-14
   7.0300E+02   8.1065E-18   8.9649E-03   6.3778E-02   3.3242E-19   3.7720E-03
  2.1093E-14
   7.0400E+02   8.1065E-18   8.7021E-03   7.6542E-02   3.3242E-19   3.7116E-03
  2.0338E-14
   7.0500E+02   8.1065E-18   8.5233E-03   8.3670E-02   3.3242E-19   3.6618E-03
  1.9741E-14
   7.0600E+02   8.1065E-18   8.4779E-03   8.3074E-02   3.3242E-19   3.6399E-03
  1.9472E-14
   7.0700E+02   8.1065E-18   8.5611E-03   7.6380E-02   3.3242E-19   3.6499E-03
  1.9568E-14
   7.0800E+02   8.1065E-18   8.7161E-03   6.7354E-02   3.3242E-19   3.6812E-03
  1.9924E-14
   7.0900E+02   8.1065E-18   8.9012E-03   5.7837E-02   3.3242E-19   3.7222E-03
  2.0420E-14
   7.1000E+02   8.1065E-18   9.0920E-03   4.8851E-02   3.3242E-19   3.7657E-03
  2.0978E-14
   7.1100E+02   8.1065E-18   9.2610E-03   4.1764E-02   3.3242E-19   3.8053E-03
  2.1513E-14
   7.1200E+02   8.1065E-18   9.3858E-03   3.7063E-02   3.3242E-19   3.8361E-03
  2.1945E-14
   7.1300E+02   8.1065E-18   9.4627E-03   3.4487E-02   3.3242E-19   3.8564E-03
  2.2238E-14
   7.1400E+02   8.1065E-18   9.4930E-03   3.3846E-02   3.3242E-19   3.8663E-03
  2.2383E-14
   7.1500E+02   8.1065E-18   9.4885E-03   3.4794E-02   3.3242E-19   3.8688E-03
  2.2421E-14
   7.1600E+02   8.1065E-18   9.4322E-03   3.8179E-02   3.3242E-19   3.8607E-03
  2.2303E-14
   7.1700E+02   8.1065E-18   9.3129E-03   4.4874E-02   3.3242E-19   3.8400E-03
  2.2007E-14
   7.1800E+02   8.1065E-18   9.1091E-03   5.5904E-02   3.3242E-19   3.8013E-03
  2.1477E-14
   7.1900E+02   8.1065E-18   8.8921E-03   6.5641E-02   3.3242E-19   3.7526E-03
  2.0841E-14
   7.2000E+02   8.1065E-18   8.7933E-03   6.7393E-02   3.3242E-19   3.7208E-03
  2.0436E-14
   7.2100E+02   8.1065E-18   8.8708E-03   5.9795E-02   3.3242E-19   3.7251E-03
  2.0484E-14
   7.2200E+02   8.1065E-18   9.0937E-03   4.7494E-02   3.3242E-19   3.7649E-03
  2.0991E-14
   7.2300E+02   8.1065E-18   9.3334E-03   3.7293E-02   3.3242E-19   3.8163E-03
  2.1686E-14
   7.2400E+02   8.1065E-18   9.5153E-03   3.0653E-02   3.3242E-19   3.8594E-03
  2.2295E-14
   7.2500E+02   8.1065E-18   9.6297E-03   2.6872E-02   3.3242E-19   3.8886E-03
  2.2724E-14
   7.2600E+02   8.1065E-18   9.6919E-03   2.5010E-02   3.3242E-19   3.9058E-03
  2.2984E-14
   7.2700E+02   8.1065E-18   9.7234E-03   2.4132E-02   3.3242E-19   3.9152E-03
  2.3130E-14
   7.2800E+02   8.1065E-18   9.7354E-03   2.3839E-02   3.3242E-19   3.9194E-03
  2.3197E-14
   7.2900E+02   8.1065E-18   9.7365E-03   2.3923E-02   3.3242E-19   3.9206E-03
  2.3217E-14
   7.3000E+02   8.1065E-18   9.7279E-03   2.4416E-02   3.3242E-19   3.9196E-03
  2.3202E-14
   7.3100E+02   8.1065E-18   9.7072E-03   2.5502E-02   3.3242E-19   3.9162E-03
  2.3150E-14
   7.3200E+02   8.1065E-18   9.6689E-03   2.7428E-02   3.3242E-19   3.9096E-03
  2.3047E-14
   7.3300E+02   8.1065E-18   9.6041E-03   3.0655E-02   3.3242E-19   3.8982E-03
  2.2869E-14
   7.3400E+02   8.1065E-18   9.5026E-03   3.5836E-02   3.3242E-19   3.8797E-03
  2.2591E-14
   7.3500E+02   8.1065E-18   9.3455E-03   4.3967E-02   3.3242E-19   3.8502E-03
  2.2161E-14
   7.3600E+02   8.1065E-18   9.1078E-03   5.6835E-02   3.3242E-19   3.8039E-03
  2.1522E-14
   7.3700E+02   8.1065E-18   8.7514E-03   7.7481E-02   3.3242E-19   3.7308E-03
  2.0593E-14
   7.3800E+02   8.1065E-18   8.2907E-03   1.0445E-01   3.3242E-19   3.6250E-03
  1.9381E-14
   7.3900E+02   8.1065E-18   7.9015E-03   1.2499E-01   3.3242E-19   3.5173E-03
  1.8250E-14
   7.4000E+02   8.1065E-18   7.7269E-03   1.3058E-01   3.3242E-19   3.4533E-03
  1.7576E-14
   7.4100E+02   8.1065E-18   7.7881E-03   1.2002E-01   3.3242E-19   3.4488E-03
  1.7465E-14
   7.4200E+02   8.1065E-18   8.0490E-03   1.0103E-01   3.3242E-19   3.5030E-03
  1.7948E-14
   7.4300E+02   8.1065E-18   8.3470E-03   8.4718E-02   3.3242E-19   3.5773E-03
  1.8705E-14
   7.4400E+02   8.1065E-18   8.5843E-03   7.3688E-02   3.3242E-19   3.6411E-03
  1.9414E-14
   7.4500E+02   8.1065E-18   8.7393E-03   6.7351E-02   3.3242E-19   3.6854E-03
  1.9941E-14
   7.4600E+02   8.1065E-18   8.8291E-03   6.4005E-02   3.3242E-19   3.7127E-03
  2.0280E-14
   7.4700E+02   8.1065E-18   8.8775E-03   6.2204E-02   3.3242E-19   3.7279E-03
  2.0478E-14
   7.4800E+02   8.1065E-18   8.8997E-03   6.1334E-02   3.3242E-19   3.7349E-03
  2.0573E-14
   7.4900E+02   8.1065E-18   8.9132E-03   6.0737E-02   3.3242E-19   3.7388E-03
  2.0628E-14
   7.5000E+02   8.1065E-18   8.9287E-03   5.9920E-02   3.3242E-19   3.7426E-03
  2.0680E-14
   7.5100E+02   8.1065E-18   8.9521E-03   5.8619E-02   3.3242E-19   3.7476E-03
  2.0746E-14
   7.5200E+02   8.1065E-18   8.9883E-03   5.6646E-02   3.3242E-19   3.7552E-03
  2.0844E-14
   7.5300E+02   8.1065E-18   9.0307E-03   5.4475E-02   3.3242E-19   3.7643E-03
  2.0964E-14
   7.5400E+02   8.1065E-18   9.0656E-03   5.3008E-02   3.3242E-19   3.7726E-03
  2.1074E-14
   7.5500E+02   8.1065E-18   9.0780E-03   5.2923E-02   3.3242E-19   3.7770E-03
  2.1132E-14
   7.5600E+02   8.1065E-18   9.0578E-03   5.4608E-02   3.3242E-19   3.7750E-03
  2.1106E-14
   7.5700E+02   8.1065E-18   8.9956E-03   5.8373E-02   3.3242E-19   3.7640E-03
  2.0964E-14
   7.5800E+02   8.1065E-18   8.9187E-03   6.2140E-02   3.3242E-19   3.7475E-03
  2.0754E-14
   7.5900E+02   8.1065E-18   8.8677E-03   6.4093E-02   3.3242E-19   3.7344E-03
  2.0587E-14
   7.6000E+02   8.1065E-18   8.8604E-03   6.3555E-02   3.3242E-19   3.7296E-03
  2.0525E-14
   7.6100E+02   8.1065E-18   8.8844E-03   6.1611E-02   3.3242E-19   3.7320E-03
  2.0554E-14
   7.6200E+02   8.1065E-18   8.9287E-03   5.9413E-02   3.3242E-19   3.7409E-03
  2.0664E-14
   7.6300E+02   8.1065E-18   8.9488E-03   5.9005E-02   3.3242E-19   3.7468E-03
  2.0738E-14
   7.6400E+02   8.1065E-18   8.9262E-03   6.0953E-02   3.3242E-19   3.7444E-03
  2.0707E-14
   7.6500E+02   8.1065E-18   8.8663E-03   6.4737E-02   3.3242E-19   3.7337E-03
  2.0574E-14
   7.6600E+02   8.1065E-18   8.7803E-03   6.9465E-02   3.3242E-19   3.7159E-03
  2.0353E-14
   7.6700E+02   8.1065E-18   8.6936E-03   7.3775E-02   3.3242E-19   3.6955E-03
  2.0108E-14
   7.6800E+02   8.1065E-18   8.6275E-03   7.6761E-02   3.3242E-19   3.6781E-03
  1.9899E-14
   7.6900E+02   8.1065E-18   8.5873E-03   7.8335E-02   3.3242E-19   3.6663E-03
  1.9757E-14
