-5.000000000000000000e+01 1.555844584034703493e-01
-4.900000000000000000e+01 1.498850418519625249e-01
-4.800000000000000000e+01 1.445391921551951731e-01
-4.700000000000000000e+01 1.420044897786106874e-01
-4.600000000000000000e+01 1.534978632931859321e-01
-4.500000000000000000e+01 1.560601401019112155e-01
-4.400000000000000000e+01 1.500647916043898189e-01
-4.300000000000000000e+01 1.538066671850535361e-01
-4.200000000000000000e+01 1.636143223721045759e-01
-4.100000000000000000e+01 1.669558581748243065e-01
-4.000000000000000000e+01 1.572687401949784958e-01
-3.900000000000000000e+01 1.483644920490984342e-01
-3.800000000000000000e+01 1.530278485395693833e-01
-3.700000000000000000e+01 1.533500529139575075e-01
-3.600000000000000000e+01 1.552022682656542252e-01
-3.500000000000000000e+01 1.614804810898264886e-01
-3.400000000000000000e+01 1.680568476159985392e-01
-3.300000000000000000e+01 1.769463049807164789e-01
-3.200000000000000000e+01 1.823354589714906160e-01
-3.100000000000000000e+01 1.914158151493467741e-01
-3.000000000000000000e+01 1.915032430649026840e-01
-2.900000000000000000e+01 1.922070549653187854e-01
-2.800000000000000000e+01 1.986907722180837055e-01
-2.700000000000000000e+01 1.987175573641950799e-01
-2.600000000000000000e+01 2.056101178152404396e-01
-2.500000000000000000e+01 2.038480250185117637e-01
-2.400000000000000000e+01 2.121478406519279880e-01
-2.300000000000000000e+01 2.279892122878790506e-01
-2.200000000000000000e+01 2.314209375430255899e-01
-2.100000000000000000e+01 2.341095276954969495e-01
-2.000000000000000000e+01 2.425993588167061898e-01
-1.900000000000000000e+01 2.390489500197026662e-01
-1.800000000000000000e+01 2.333279485388939645e-01
-1.700000000000000000e+01 2.399321397829350944e-01
-1.600000000000000000e+01 2.453668316028168872e-01
-1.500000000000000000e+01 2.550396361555697378e-01
-1.400000000000000000e+01 2.604244869383495198e-01
-1.300000000000000000e+01 2.583850346193224956e-01
-1.200000000000000000e+01 2.594593398436437215e-01
-1.100000000000000000e+01 2.625458689893597763e-01
-1.000000000000000000e+01 2.695670448828473287e-01
-9.000000000000000000e+00 2.804026060704210566e-01
-8.000000000000000000e+00 2.981303930332889762e-01
-7.000000000000000000e+00 3.148691055219352553e-01
-6.000000000000000000e+00 3.142773672870076140e-01
-5.000000000000000000e+00 3.134960858592487076e-01
-4.000000000000000000e+00 3.325370854807913057e-01
-3.000000000000000000e+00 3.700851339672157070e-01
-2.000000000000000000e+00 3.833593969571449378e-01
-1.000000000000000000e+00 4.342702019078834574e-01
0.000000000000000000e+00 5.855667204863476138e-01
1.000000000000000000e+00 6.007991394572891330e-01
2.000000000000000000e+00 4.838621281104219518e-01
3.000000000000000000e+00 4.171203818050985279e-01
4.000000000000000000e+00 3.922018685662478910e-01
5.000000000000000000e+00 3.632294439552167797e-01
6.000000000000000000e+00 3.397905380062159475e-01
7.000000000000000000e+00 3.358582255666633931e-01
8.000000000000000000e+00 3.315291312982069361e-01
9.000000000000000000e+00 3.125522171126591808e-01
1.000000000000000000e+01 2.909414696230664954e-01
1.100000000000000000e+01 2.817764606125676696e-01
1.200000000000000000e+01 2.776359930689501487e-01
1.300000000000000000e+01 2.690625735114467454e-01
1.400000000000000000e+01 2.593921798332702311e-01
1.500000000000000000e+01 2.532423066429711489e-01
1.600000000000000000e+01 2.429966600727539172e-01
1.700000000000000000e+01 2.399264825770203169e-01
1.800000000000000000e+01 2.417351750290466783e-01
1.900000000000000000e+01 2.310392331945501643e-01
2.000000000000000000e+01 2.325854717284223383e-01
2.100000000000000000e+01 2.354315819999152071e-01
2.200000000000000000e+01 2.331102702404634908e-01
2.300000000000000000e+01 2.339698368103923232e-01
2.400000000000000000e+01 2.260774264848814108e-01
2.500000000000000000e+01 2.103302778205972112e-01
2.600000000000000000e+01 2.044850279086654343e-01
2.700000000000000000e+01 1.989248150173506535e-01
2.800000000000000000e+01 1.933630974652889578e-01
2.900000000000000000e+01 1.912107656636704567e-01
3.000000000000000000e+01 1.999650766555319814e-01
3.100000000000000000e+01 2.010418349628216861e-01
3.200000000000000000e+01 1.882154265412324945e-01
3.300000000000000000e+01 1.860365496260870943e-01
3.400000000000000000e+01 1.847542397195690855e-01
3.500000000000000000e+01 1.738017542703785556e-01
3.600000000000000000e+01 1.622905493240824615e-01
3.700000000000000000e+01 1.559467459517769605e-01
3.800000000000000000e+01 1.606152299202394107e-01
3.900000000000000000e+01 1.663603772178152973e-01
4.000000000000000000e+01 1.631543734639268051e-01
4.100000000000000000e+01 1.589663446049550122e-01
4.200000000000000000e+01 1.562492224792423889e-01
4.300000000000000000e+01 1.543524108962026631e-01
4.400000000000000000e+01 1.603871975259202887e-01
4.500000000000000000e+01 1.729808593032744479e-01
4.600000000000000000e+01 1.755754957905170666e-01
4.700000000000000000e+01 1.625955541914713420e-01
4.800000000000000000e+01 1.522974546396226037e-01
4.900000000000000000e+01 1.470634049326705328e-01
5.000000000000000000e+01 1.503978883515364739e-01
-5.000000000000000000e+01 2.210279822320935506e-01
-4.900000000000000000e+01 2.170790371978457423e-01
-4.800000000000000000e+01 2.184094418591492892e-01
-4.700000000000000000e+01 2.333791954913495836e-01
-4.600000000000000000e+01 2.553990758314512721e-01
-4.500000000000000000e+01 2.618163583624951163e-01
-4.400000000000000000e+01 2.573031361069212375e-01
-4.300000000000000000e+01 2.558358528320655578e-01
-4.200000000000000000e+01 2.546379117637335709e-01
-4.100000000000000000e+01 2.512630979303069334e-01
-4.000000000000000000e+01 2.536588159107491247e-01
-3.900000000000000000e+01 2.589071736113590094e-01
-3.800000000000000000e+01 2.577713497984435720e-01
-3.700000000000000000e+01 2.518468850809653659e-01
-3.600000000000000000e+01 2.468666663282556573e-01
-3.500000000000000000e+01 2.557397195418006364e-01
-3.400000000000000000e+01 2.739009032951357780e-01
-3.300000000000000000e+01 2.847545361977819045e-01
-3.200000000000000000e+01 2.887168445392034322e-01
-3.100000000000000000e+01 2.938006240297211802e-01
-3.000000000000000000e+01 2.959341825735635756e-01
-2.900000000000000000e+01 2.997210606221389906e-01
-2.800000000000000000e+01 2.986218880312085378e-01
-2.700000000000000000e+01 3.030161776343960889e-01
-2.600000000000000000e+01 3.143813428134161758e-01
-2.500000000000000000e+01 3.257644051465945489e-01
-2.400000000000000000e+01 3.402663912242198663e-01
-2.300000000000000000e+01 3.505386915590066876e-01
-2.200000000000000000e+01 3.560219835242042774e-01
-2.100000000000000000e+01 3.548918790533294176e-01
-2.000000000000000000e+01 3.455289345745277685e-01
-1.900000000000000000e+01 3.331392132634709569e-01
-1.800000000000000000e+01 3.404893413107100142e-01
-1.700000000000000000e+01 3.577084365218697326e-01
-1.600000000000000000e+01 3.663745297238306664e-01
-1.500000000000000000e+01 3.708122561772743131e-01
-1.400000000000000000e+01 3.725322536626428649e-01
-1.300000000000000000e+01 3.748019598810392594e-01
-1.200000000000000000e+01 3.854622122068028234e-01
-1.100000000000000000e+01 3.938009454849848989e-01
-1.000000000000000000e+01 4.066890701463553581e-01
-9.000000000000000000e+00 4.313249760826075030e-01
-8.000000000000000000e+00 4.598313637551968980e-01
-7.000000000000000000e+00 4.739358771711610352e-01
-6.000000000000000000e+00 4.754028064269602005e-01
-5.000000000000000000e+00 4.991544035475040109e-01
-4.000000000000000000e+00 5.440762647751319347e-01
-3.000000000000000000e+00 5.878749138356794690e-01
-2.000000000000000000e+00 6.544468942026205882e-01
-1.000000000000000000e+00 8.288351978750625459e-01
0.000000000000000000e+00 9.774839760443246872e-01
1.000000000000000000e+00 8.387410159753718730e-01
2.000000000000000000e+00 6.622763087759567791e-01
3.000000000000000000e+00 5.928658857510908931e-01
4.000000000000000000e+00 5.500333835816642036e-01
5.000000000000000000e+00 5.049372401165984625e-01
6.000000000000000000e+00 4.795262612469698982e-01
7.000000000000000000e+00 4.762299223237312362e-01
8.000000000000000000e+00 4.635929201666867394e-01
9.000000000000000000e+00 4.356909038529587774e-01
1.000000000000000000e+01 4.102021512183042784e-01
1.100000000000000000e+01 3.983955943359604457e-01
1.200000000000000000e+01 3.927666421756620396e-01
1.300000000000000000e+01 3.827301332522298760e-01
1.400000000000000000e+01 3.772182770804581864e-01
1.500000000000000000e+01 3.732105806850101182e-01
1.600000000000000000e+01 3.690343624809225842e-01
1.700000000000000000e+01 3.608137287696041584e-01
1.800000000000000000e+01 3.450647435341976932e-01
1.900000000000000000e+01 3.372026844679186786e-01
2.000000000000000000e+01 3.493378296182106935e-01
2.100000000000000000e+01 3.578825556173066968e-01
2.200000000000000000e+01 3.560331207688117727e-01
2.300000000000000000e+01 3.487614777476177319e-01
2.400000000000000000e+01 3.387036359240913064e-01
2.500000000000000000e+01 3.238069818976708203e-01
2.600000000000000000e+01 3.105643702967080255e-01
2.700000000000000000e+01 3.001570097174338647e-01
2.800000000000000000e+01 2.980155620007757800e-01
2.900000000000000000e+01 3.005317595202696146e-01
3.000000000000000000e+01 2.973461764319383915e-01
3.100000000000000000e+01 2.937133467623189720e-01
3.200000000000000000e+01 2.863388128734982718e-01
3.300000000000000000e+01 2.797539602003438208e-01
3.400000000000000000e+01 2.674879839901149192e-01
3.500000000000000000e+01 2.486564113814258570e-01
3.600000000000000000e+01 2.396708246703623812e-01
3.700000000000000000e+01 2.476546050831613666e-01
3.800000000000000000e+01 2.563885293072664107e-01
3.900000000000000000e+01 2.573636140866000788e-01
4.000000000000000000e+01 2.517847521372019171e-01
4.100000000000000000e+01 2.482727754438479595e-01
4.200000000000000000e+01 2.498147353149840766e-01
4.300000000000000000e+01 2.498185434873084476e-01
4.400000000000000000e+01 2.504763504722797851e-01
4.500000000000000000e+01 2.536738689599333796e-01
4.600000000000000000e+01 2.455652827007336059e-01
4.700000000000000000e+01 2.232104828357052151e-01
4.800000000000000000e+01 2.078119073709445153e-01
4.900000000000000000e+01 2.062905830321380973e-01
5.000000000000000000e+01 2.098417272622052909e-01
-5.000000000000000000e+01 1.596683070507804447e-01
-4.900000000000000000e+01 1.553878172816835768e-01
-4.800000000000000000e+01 1.490870503424766014e-01
-4.700000000000000000e+01 1.488699884444220634e-01
-4.600000000000000000e+01 1.607785576900369329e-01
-4.500000000000000000e+01 1.617897895217390025e-01
-4.400000000000000000e+01 1.581126616507597393e-01
-4.300000000000000000e+01 1.611605059783529359e-01
-4.200000000000000000e+01 1.682393987397815260e-01
-4.100000000000000000e+01 1.712229375507269280e-01
-4.000000000000000000e+01 1.626322583462456173e-01
-3.900000000000000000e+01 1.553743457463856170e-01
-3.800000000000000000e+01 1.590471677021270680e-01
-3.700000000000000000e+01 1.588529317351530246e-01
-3.600000000000000000e+01 1.608718862156331697e-01
-3.500000000000000000e+01 1.688223659645086971e-01
-3.400000000000000000e+01 1.744278545345859521e-01
-3.300000000000000000e+01 1.814881768483712632e-01
-3.200000000000000000e+01 1.870649653538923041e-01
-3.100000000000000000e+01 1.978033161096567627e-01
-3.000000000000000000e+01 1.978881476217439761e-01
-2.900000000000000000e+01 1.979266180807975339e-01
-2.800000000000000000e+01 2.051085229263930887e-01
-2.700000000000000000e+01 2.046689241751043220e-01
-2.600000000000000000e+01 2.095011031003961299e-01
-2.500000000000000000e+01 2.094174248849260400e-01
-2.400000000000000000e+01 2.202146202373282402e-01
-2.300000000000000000e+01 2.363877283479994817e-01
-2.200000000000000000e+01 2.415544215017752794e-01
-2.100000000000000000e+01 2.471468477818637433e-01
-2.000000000000000000e+01 2.580955642235816527e-01
-1.900000000000000000e+01 2.561596889789857778e-01
-1.800000000000000000e+01 2.523016652765696088e-01
-1.700000000000000000e+01 2.619257384164518365e-01
-1.600000000000000000e+01 2.670249702816481774e-01
-1.500000000000000000e+01 2.759226746454273571e-01
-1.400000000000000000e+01 2.822954876530062718e-01
-1.300000000000000000e+01 2.822835098587140878e-01
-1.200000000000000000e+01 2.854840728418494566e-01
-1.100000000000000000e+01 2.878431519164323382e-01
-1.000000000000000000e+01 2.963746025469800593e-01
-9.000000000000000000e+00 3.101236896283705025e-01
-8.000000000000000000e+00 3.303185115541559802e-01
-7.000000000000000000e+00 3.500545594813428973e-01
-6.000000000000000000e+00 3.524044943055204548e-01
-5.000000000000000000e+00 3.534756960315926233e-01
-4.000000000000000000e+00 3.755687286241994327e-01
-3.000000000000000000e+00 4.208294554085599271e-01
-2.000000000000000000e+00 4.428547946796629886e-01
-1.000000000000000000e+00 5.116954798400764615e-01
0.000000000000000000e+00 6.920405252486246939e-01
1.000000000000000000e+00 6.935975238086340422e-01
2.000000000000000000e+00 5.469284814520779525e-01
3.000000000000000000e+00 4.691024320036817907e-01
4.000000000000000000e+00 4.405499430460280141e-01
5.000000000000000000e+00 4.066350429057907778e-01
6.000000000000000000e+00 3.776305292857501938e-01
7.000000000000000000e+00 3.722547813130674954e-01
8.000000000000000000e+00 3.659646513441822679e-01
9.000000000000000000e+00 3.422758873103733390e-01
1.000000000000000000e+01 3.173663694541655200e-01
1.100000000000000000e+01 3.087787916452720549e-01
1.200000000000000000e+01 3.026296094997371067e-01
1.300000000000000000e+01 2.908056086435419907e-01
1.400000000000000000e+01 2.807398565242620880e-01
1.500000000000000000e+01 2.738724164558579144e-01
1.600000000000000000e+01 2.598017414856929608e-01
1.700000000000000000e+01 2.546546421095179369e-01
1.800000000000000000e+01 2.549086154804761084e-01
1.900000000000000000e+01 2.444279141932080013e-01
2.000000000000000000e+01 2.449687198357272389e-01
2.100000000000000000e+01 2.489736026358478072e-01
2.200000000000000000e+01 2.491981210296706495e-01
2.300000000000000000e+01 2.511467672166083354e-01
2.400000000000000000e+01 2.426028732808422628e-01
2.500000000000000000e+01 2.257073073477704195e-01
2.600000000000000000e+01 2.168299559392250775e-01
2.700000000000000000e+01 2.106194489217435850e-01
2.800000000000000000e+01 2.049404193070963609e-01
2.900000000000000000e+01 2.017801374088389332e-01
3.000000000000000000e+01 2.074507998455143720e-01
3.100000000000000000e+01 2.050079981210319036e-01
3.200000000000000000e+01 1.931783672734109225e-01
3.300000000000000000e+01 1.949823393707980634e-01
3.400000000000000000e+01 1.949338027667198714e-01
3.500000000000000000e+01 1.843311255389871450e-01
3.600000000000000000e+01 1.747921548198229924e-01
3.700000000000000000e+01 1.668147283729385366e-01
3.800000000000000000e+01 1.684468010175461383e-01
3.900000000000000000e+01 1.727027471678662385e-01
4.000000000000000000e+01 1.669858205822381259e-01
4.100000000000000000e+01 1.624776519368964778e-01
4.200000000000000000e+01 1.616854397289559375e-01
4.300000000000000000e+01 1.646904599226628185e-01
4.400000000000000000e+01 1.741751097765525391e-01
4.500000000000000000e+01 1.870277811845504901e-01
4.600000000000000000e+01 1.879742045948055718e-01
4.700000000000000000e+01 1.773911231187026705e-01
4.800000000000000000e+01 1.663106213090201624e-01
4.900000000000000000e+01 1.586750949533840271e-01
5.000000000000000000e+01 1.613924921826598580e-01
