0 769.
 -43.0258512
 -43.9468853
 -44.8679193
 -45.7889534
 -46.7099874
 -47.6310216
 -48.5520556
 -49.4730896
 -50.3941236
 -51.315158
 -52.236192
 -53.157226
 -54.07826
 -54.999294
 -55.9203279
 -56.8413619
 -57.7623959
 -58.6834299
 -59.6044648
 -60.5254978
 -61.4465328
 -62.3675658
 -63.2886007
 -64.2096338
 -65.1306687
 -66.0517017
 -66.9727367
 -67.8937697
 -68.8148046
 -69.7358377
 -70.6568726
 -71.5779056
 -72.4989405
 -73.4199736
 -74.3410085
 -5.88307801
 -7.13284124
 -8.4011685
 -9.70710732
 -11.0519242
 -12.4295756
 -13.8321957
 -15.2528554
 -16.6862196
 -18.1289657
 -19.5791345
 -21.0366693
 -22.50313
 -23.9831968
 -25.5038865
 -27.1058934
 -28.9879577
 -122.335516
 -123.51268
 -124.745475
 -125.954152
 -127.185396
 -128.444838
 -129.743493
 -131.075149
 -132.479523
 -133.895983
 -135.483138
 -137.112243
 -139.156564
 -141.290098
 -144.256622
 -146.233999
 -147.303403
 -148.253694
 -149.188511
 -150.115798
 -151.041648
 -151.964643
 -152.886599
 -153.80699
 -154.726742
 -155.647133
 -156.57082
 -157.490481
 -23.3016366
 -21.4716264
 -20.0092965
 -18.6259265
 -17.2360793
 -15.84444
 -14.4553356
 -13.1081967
 -12.4511133
 -13.7561945
 -15.6276007
 -17.5334061
 -19.4490753
 -21.3804644
 -23.3438327
 -25.3725145
 -27.5243497
 -29.7829483
 -30.8218787
 -30.452385
 -30.6368264
 -33.0700065
 -38.6276669
 -40.2238966
 -41.9780984
 -43.7603893
 -45.5752829
 -47.4202685
 -49.2895284
 -51.1826342
 -53.0978807
 -55.0331553
 -56.9893197
 -58.9767921
 -61.0348109
 -63.390917
 -66.2425917
 -68.8418176
 -76.9550596
 -164.481165
 -167.605696
 -169.360496
 -170.640286
 -171.864464
 -173.727894
 -176.721609
 -181.035538
 -188.518466
 -192.171599
 -194.757302
 -197.49368
 -200.533758
 -200.
 -7.102547
 -805.822942
 -200.014309
 -200.000001
 -200.028621
 -200.101031
 -200.000002
 -200.241634
 -200.000001
 -200.046221
 -200.240825
 -200.436685
 -200.000777
 -200.
 -200.114472
 -200.000001
 -200.
 -200.014871
 -200.000001
 -200.000001
 -200.195157
 -200.00018
 -200.000133
 -200.076987
 -200.000001
 -200.214297
 -200.023065
 -200.002808
 -200.12645
 -200.216929
 -200.347417
 -200.117455
 -200.11244
 -200.00363
 -200.030472
 -200.012061
 -200.464708
 -200.149656
 -200.191146
 -200.008852
 -200.000003
 -200.
 -200.003053
 -200.006438
 -200.016913
 -849.590479
 -63.0258512
 -832.946885
 -833.867919
 -834.788953
 -835.709987
 -836.631022
 -837.552056
 -838.47309
 -839.394124
 -840.315158
 -841.236192
 -842.157226
 -843.07826
 -843.999294
 -844.920328
 -845.841362
 -846.762396
 -847.68343
 -848.604465
 -849.525498
 -850.446533
 -851.367566
 -852.288601
 -853.209634
 -854.130669
 -855.051702
 -855.972737
 -856.89377
 -857.814805
 -858.735838
 -859.656873
 -860.577906
 -861.498941
 -862.419974
 -94.3410085
 -47.325531
 -46.404497
 -45.483463
 -44.5624291
 -43.6413954
 -42.7203622
 -41.7993303
 -40.8783015
 -39.9572808
 -39.0362802
 -38.1153302
 -37.1945072
 -36.2740034
 -35.3543016
 -34.4366166
 -33.5240115
 -32.6242537
 -31.7573176
 -30.976291
 -30.4325341
 -30.6066367
 -33.0477079
 -41.8086214
 -200.163635
 -200.014168
 -200.109524
 -200.013373
 -200.056096
 -200.16068
 -200.320527
 -200.043228
 -200.018602
 -200.121536
 -200.04033
 -200.
 -200.
 -200.000126
 -200.
 -200.040925
 -200.546875
 -200.000001
 -200.054471
 -200.028747
 -200.000021
 -200.126094
 -200.064008
 -200.
 -200.000002
 -200.001486
 -200.02574
 -200.013691
 -200.263302
 -122.037012
