   0.0000E+00   3.3000E-02
   0.0000E+00   1.4643E-02
   1.0000E+00   1.4919E-02
   2.0000E+00   2.3234E-02
   3.0000E+00   4.1613E-02
   3.0000E+00   3.3000E-02
   3.0000E+00   3.9766E-02
   4.0000E+00   5.8880E-02
   5.0000E+00   6.2629E-02
   6.0000E+00   4.6822E-02
   7.0000E+00   3.3811E-02
   8.0000E+00   2.5414E-02
   9.0000E+00   2.2489E-02
   1.0000E+01   2.3113E-02
   1.1000E+01   2.5136E-02
   1.2000E+01   2.6927E-02
   1.3000E+01   2.9189E-02
   1.4000E+01   3.0277E-02
   1.5000E+01   3.0134E-02
   1.6000E+01   2.3560E-02
   1.7000E+01   1.9039E-02
   1.8000E+01   1.4457E-02
   1.9000E+01   9.7544E-03
   2.0000E+01   8.0167E-03
   2.1000E+01   7.9396E-03
   2.2000E+01   9.3101E-03
   2.3000E+01   1.2264E-02
   2.4000E+01   1.4597E-02
   2.5000E+01   1.7716E-02
   2.6000E+01   2.1378E-02
   2.7000E+01   2.1437E-02
   2.8000E+01   2.0978E-02
   2.9000E+01   1.7376E-02
   3.0000E+01   1.3250E-02
   3.1000E+01   1.2313E-02
   3.2000E+01   1.2937E-02
   3.3000E+01   1.5675E-02
   3.4000E+01   2.2026E-02
   3.5000E+01   2.9019E-02
   3.6000E+01   3.1515E-02
   3.7000E+01   3.1758E-02
   3.8000E+01   2.8295E-02
   3.9000E+01   2.8512E-02
   4.0000E+01   3.0810E-02
   4.1000E+01   3.6115E-02
   4.2000E+01   4.4700E-02
   4.3000E+01   4.7227E-02
   4.4000E+01   4.3689E-02
   4.5000E+01   3.4220E-02
   4.6000E+01   2.3888E-02
   4.7000E+01   2.0757E-02
   4.8000E+01   2.2761E-02
   4.9000E+01   2.8379E-02
   5.0000E+01   4.3732E-02
   5.1000E+01   4.5557E-02
   5.2000E+01   3.5795E-02
   5.3000E+01   2.3782E-02
   5.4000E+01   1.2649E-02
   5.5000E+01   8.7717E-03
   5.6000E+01   7.7180E-03
   5.7000E+01   8.4601E-03
   5.8000E+01   9.8517E-03
   5.9000E+01   1.1486E-02
   6.0000E+01   1.2627E-02
   6.1000E+01   1.3030E-02
   6.2000E+01   1.4132E-02
   6.3000E+01   1.5091E-02
   6.4000E+01   1.6251E-02
   6.5000E+01   1.8764E-02
   6.6000E+01   1.8906E-02
   6.7000E+01   1.8866E-02
   6.8000E+01   1.7356E-02
   6.9000E+01   1.5598E-02
   7.0000E+01   1.4514E-02
   7.1000E+01   1.5240E-02
   7.2000E+01   1.7342E-02
   7.3000E+01   2.1010E-02
   7.4000E+01   2.6429E-02
   7.5000E+01   3.0506E-02
   7.6000E+01   3.1888E-02
   7.7000E+01   3.1634E-02
   7.8000E+01   2.9610E-02
   7.9000E+01   2.5986E-02
   8.0000E+01   2.1381E-02
   8.1000E+01   1.6338E-02
   8.2000E+01   1.4026E-02
   8.3000E+01   1.3385E-02
   8.4000E+01   1.4535E-02
   8.5000E+01   1.6603E-02
   8.6000E+01   1.9130E-02
   8.7000E+01   2.0229E-02
   8.8000E+01   2.1099E-02
   8.9000E+01   2.1142E-02
   9.0000E+01   2.1480E-02
   9.1000E+01   2.1970E-02
   9.2000E+01   2.2125E-02
   9.3000E+01   2.3154E-02
   9.4000E+01   2.4513E-02
   9.5000E+01   2.7625E-02
   9.6000E+01   3.1350E-02
   9.7000E+01   3.6640E-02
   9.8000E+01   3.9040E-02
   9.9000E+01   4.4525E-02
   1.0000E+02   4.5466E-02
   1.0100E+02   4.4840E-02
   1.0200E+02   3.7713E-02
   1.0300E+02   2.7219E-02
   1.0400E+02   1.9378E-02
   1.0500E+02   1.1761E-02
   1.0600E+02   1.0753E-02
   1.0700E+02   1.1622E-02
   1.0800E+02   1.4957E-02
   1.0900E+02   2.0081E-02
   1.1000E+02   2.1984E-02
   1.1100E+02   2.1539E-02
   1.1200E+02   1.7852E-02
   1.1300E+02   1.5046E-02
   1.1400E+02   1.1205E-02
   1.1500E+02   8.6970E-03
   1.1600E+02   6.2114E-03
   1.1700E+02   6.1154E-03
   1.1800E+02   6.8996E-03
   1.1900E+02   8.6224E-03
   1.2000E+02   1.5907E-02
   1.2100E+02   2.0163E-02
   1.2200E+02   2.2340E-02
   1.2300E+02   2.0632E-02
   1.2400E+02   1.7231E-02
   1.2500E+02   1.5767E-02
   1.2600E+02   1.7197E-02
   1.2700E+02   2.2285E-02
   1.2800E+02   3.4635E-02
   1.2900E+02   4.8251E-02
   1.3000E+02   5.8895E-02
   1.3100E+02   6.6199E-02
   1.3200E+02   6.9301E-02
   1.3300E+02   7.0582E-02
   1.3400E+02   6.9831E-02
   1.3500E+02   6.7687E-02
   1.3600E+02   6.4499E-02
   1.3700E+02   6.1315E-02
   1.3800E+02   5.8812E-02
   1.3900E+02   5.6868E-02
   1.4000E+02   5.5634E-02
   1.4100E+02   5.6385E-02
   1.4200E+02   5.8837E-02
   1.4300E+02   6.3635E-02
   1.4400E+02   6.8649E-02
   1.4500E+02   7.0262E-02
   1.4600E+02   6.8999E-02
   1.4700E+02   6.0359E-02
   1.4800E+02   5.9407E-02
   1.4900E+02   5.6493E-02
   1.5000E+02   5.4224E-02
   1.5100E+02   5.3457E-02
   1.5200E+02   5.1798E-02
   1.5300E+02   4.7920E-02
   1.5400E+02   4.2814E-02
   1.5500E+02   3.6800E-02
   1.5600E+02   3.2080E-02
   1.5700E+02   2.7921E-02
   1.5800E+02   2.5842E-02
   1.5900E+02   2.4182E-02
   1.6000E+02   2.4787E-02
   1.6100E+02   2.7915E-02
   1.6200E+02   3.5293E-02
   1.6300E+02   4.9787E-02
   1.6400E+02   5.5880E-02
   1.6500E+02   5.5152E-02
   1.6600E+02   4.2424E-02
   1.6700E+02   3.5827E-02
   1.6800E+02   2.6104E-02
   1.6900E+02   2.1361E-02
   1.7000E+02   1.7956E-02
   1.7100E+02   1.6234E-02
   1.7200E+02   1.5465E-02
   1.7300E+02   1.5594E-02
   1.7400E+02   1.7268E-02
   1.7500E+02   1.8207E-02
   1.7600E+02   1.9697E-02
   1.7700E+02   2.1411E-02
   1.7800E+02   2.2674E-02
   1.7900E+02   2.4862E-02
   1.8000E+02   2.4862E-02
   1.8100E+02   2.7720E-02
   1.8200E+02   2.7720E-02
   1.8300E+02   2.7695E-02
   1.8400E+02   2.5978E-02
   1.8500E+02   2.1638E-02
   1.8600E+02   1.8366E-02
   1.8700E+02   1.4367E-02
   1.8800E+02   1.2625E-02
   1.8900E+02   1.2964E-02
   1.9000E+02   1.4044E-02
   1.9100E+02   1.5663E-02
   1.9200E+02   1.8139E-02
   1.9300E+02   2.1214E-02
   1.9400E+02   2.2393E-02
   1.9500E+02   2.5211E-02
   1.9600E+02   2.9653E-02
   1.9700E+02   3.1990E-02
   1.9800E+02   3.9003E-02
   1.9900E+02   4.0119E-02
   2.0000E+02   4.4437E-02
   2.0100E+02   4.7260E-02
   2.0200E+02   4.9486E-02
   2.0300E+02   4.5144E-02
   2.0400E+02   3.9364E-02
   2.0500E+02   2.4915E-02
   2.0600E+02   1.9308E-02
   2.0700E+02   1.5944E-02
   2.0800E+02   1.7467E-02
   2.0900E+02   2.5114E-02
   2.1000E+02   4.0667E-02
   2.1100E+02   5.3315E-02
   2.1200E+02   6.2004E-02
   2.1300E+02   5.9585E-02
   2.1400E+02   5.0579E-02
   2.1500E+02   4.4335E-02
   2.1600E+02   3.8153E-02
   2.1700E+02   2.9063E-02
   2.1800E+02   2.3624E-02
   2.1900E+02   2.2646E-02
   2.2000E+02   2.4323E-02
   2.2100E+02   2.8538E-02
   2.2200E+02   3.6993E-02
   2.2300E+02   4.1267E-02
   2.2400E+02   4.5245E-02
   2.2500E+02   4.5551E-02
   2.2600E+02   4.5138E-02
   2.2700E+02   4.3998E-02
   2.2800E+02   4.3253E-02
   2.2900E+02   4.2250E-02
   2.3000E+02   4.3646E-02
   2.3100E+02   5.0217E-02
   2.3200E+02   5.7527E-02
   2.3300E+02   6.9943E-02
   2.3400E+02   7.9684E-02
   2.3500E+02   8.7079E-02
   2.3600E+02   8.5098E-02
   2.3700E+02   7.6926E-02
   2.3800E+02   6.7929E-02
   2.3900E+02   6.2865E-02
   2.4000E+02   6.1274E-02
   2.4100E+02   5.8972E-02
   2.4200E+02   5.7424E-02
   2.4300E+02   5.5409E-02
   2.4400E+02   5.0734E-02
   2.4500E+02   4.6419E-02
   2.4600E+02   3.9034E-02
   2.4700E+02   3.3685E-02
   2.4800E+02   2.6321E-02
   2.4900E+02   1.8541E-02
   2.5000E+02   1.6064E-02
   2.5100E+02   1.5245E-02
   2.5200E+02   1.6556E-02
   2.5300E+02   1.9219E-02
   2.5400E+02   2.1272E-02
   2.5500E+02   2.5180E-02
   2.5600E+02   2.9986E-02
   2.5700E+02   3.4187E-02
   2.5800E+02   3.3165E-02
   2.5900E+02   2.6482E-02
   2.6000E+02   1.7888E-02
   2.6100E+02   1.3100E-02
   2.6200E+02   1.0829E-02
   2.6300E+02   1.0894E-02
   2.6400E+02   1.2901E-02
   2.6500E+02   1.7044E-02
   2.6600E+02   1.9784E-02
   2.6700E+02   2.1987E-02
   2.6800E+02   2.2411E-02
   2.6900E+02   2.0845E-02
   2.7000E+02   1.9123E-02
   2.7100E+02   1.7008E-02
   2.7200E+02   1.3636E-02
   2.7300E+02   1.1617E-02
   2.7400E+02   1.0720E-02
   2.7500E+02   1.0614E-02
   2.7600E+02   1.1333E-02
   2.7700E+02   1.2917E-02
   2.7800E+02   1.4499E-02
   2.7900E+02   1.9500E-02
   2.8000E+02   2.4743E-02
   2.8100E+02   3.1649E-02
   2.8200E+02   3.2727E-02
   2.8300E+02   3.0075E-02
   2.8400E+02   2.4723E-02
   2.8500E+02   2.0739E-02
   2.8600E+02   1.7531E-02
   2.8700E+02   1.4886E-02
   2.8800E+02   1.3413E-02
   2.8900E+02   1.3099E-02
   2.9000E+02   1.4258E-02
   2.9100E+02   1.5610E-02
   2.9200E+02   1.9505E-02
   2.9300E+02   2.2860E-02
   2.9400E+02   2.5900E-02
   2.9500E+02   2.6970E-02
   2.9600E+02   2.9538E-02
   2.9700E+02   2.9634E-02
   2.9800E+02   2.9069E-02
   2.9900E+02   2.6447E-02
   3.0000E+02   2.4193E-02
   3.0100E+02   2.1981E-02
   3.0200E+02   2.1733E-02
   3.0300E+02   2.0740E-02
   3.0400E+02   2.0618E-02
   3.0500E+02   2.1835E-02
   3.0600E+02   2.5323E-02
   3.0700E+02   3.1243E-02
   3.0800E+02   3.8223E-02
   3.0900E+02   4.5605E-02
   3.1000E+02   5.4481E-02
   3.1100E+02   5.9528E-02
   3.1200E+02   5.7992E-02
   3.1300E+02   5.0496E-02
   3.1400E+02   3.9233E-02
   3.1500E+02   2.5581E-02
   3.1600E+02   1.7296E-02
   3.1700E+02   1.3391E-02
   3.1800E+02   1.2397E-02
   3.1900E+02   1.2992E-02
   3.2000E+02   1.4592E-02
   3.2100E+02   1.7162E-02
   3.2200E+02   2.0393E-02
   3.2300E+02   2.8583E-02
   3.2400E+02   3.0947E-02
   3.2500E+02   3.4979E-02
   3.2600E+02   3.8514E-02
   3.2700E+02   3.9276E-02
   3.2800E+02   3.7558E-02
   3.2900E+02   3.2106E-02
   3.3000E+02   2.4704E-02
   3.3100E+02   2.1455E-02
   3.3200E+02   2.1573E-02
   3.3300E+02   2.3905E-02
   3.3400E+02   3.4806E-02
   3.3500E+02   5.3066E-02
   3.3600E+02   8.4466E-02
   3.3700E+02   1.0457E-01
   3.3800E+02   1.1796E-01
   3.3900E+02   1.1681E-01
   3.4000E+02   1.1279E-01
   3.4100E+02   9.7555E-02
   3.4200E+02   7.5733E-02
   3.4300E+02   6.7969E-02
   3.4400E+02   6.0653E-02
   3.4500E+02   5.7779E-02
   3.4600E+02   5.9485E-02
   3.4700E+02   6.7642E-02
   3.4800E+02   7.2629E-02
   3.4900E+02   8.1457E-02
   3.5000E+02   8.5354E-02
   3.5100E+02   9.2505E-02
   3.5200E+02   1.0109E-01
   3.5300E+02   1.0310E-01
   3.5400E+02   1.0553E-01
   3.5500E+02   1.0789E-01
   3.5600E+02   1.1146E-01
   3.5700E+02   1.2085E-01
   3.5800E+02   1.3621E-01
   3.5900E+02   1.4045E-01
   3.6000E+02   1.3561E-01
   3.6100E+02   1.1773E-01
   3.6200E+02   9.3057E-02
   3.6300E+02   7.7859E-02
   3.6400E+02   6.4652E-02
   3.6500E+02   5.9905E-02
   3.6600E+02   5.8859E-02
   3.6700E+02   5.9623E-02
   3.6800E+02   6.1833E-02
   3.6900E+02   6.8021E-02
   3.7000E+02   7.4149E-02
   3.7100E+02   7.5714E-02
   3.7200E+02   6.7771E-02
   3.7300E+02   5.6026E-02
   3.7400E+02   4.3181E-02
   3.7500E+02   3.7533E-02
   3.7600E+02   3.6312E-02
   3.7700E+02   4.0259E-02
   3.7800E+02   4.6639E-02
   3.7900E+02   5.0606E-02
   3.8000E+02   5.2933E-02
   3.8100E+02   5.0949E-02
   3.8200E+02   4.9327E-02
   3.8300E+02   4.9620E-02
   3.8400E+02   5.3110E-02
   3.8500E+02   5.6063E-02
   3.8600E+02   5.8952E-02
   3.8700E+02   5.2962E-02
   3.8800E+02   4.0131E-02
   3.8900E+02   2.3202E-02
   3.9000E+02   1.9257E-02
   3.9100E+02   1.4770E-02
   3.9200E+02   1.3512E-02
   3.9300E+02   1.3935E-02
   3.9400E+02   1.4317E-02
   3.9500E+02   1.3709E-02
   3.9600E+02   1.2852E-02
   3.9700E+02   1.0573E-02
   3.9800E+02   9.3096E-03
   3.9900E+02   8.5974E-03
   4.0000E+02   8.4856E-03
   4.0100E+02   8.5522E-03
   4.0200E+02   1.0109E-02
   4.0300E+02   1.4516E-02
   4.0400E+02   2.3416E-02
   4.0500E+02   4.9974E-02
   4.0600E+02   6.8962E-02
   4.0700E+02   8.3724E-02
   4.0800E+02   7.8059E-02
   4.0900E+02   6.2416E-02
   4.1000E+02   4.8112E-02
   4.1100E+02   3.6777E-02
   4.1200E+02   3.2896E-02
   4.1300E+02   3.1576E-02
   4.1400E+02   2.7463E-02
   4.1500E+02   2.4642E-02
   4.1600E+02   1.8698E-02
   4.1700E+02   1.6605E-02
   4.1800E+02   1.6393E-02
   4.1900E+02   2.0084E-02
   4.2000E+02   2.3531E-02
   4.2100E+02   3.6109E-02
   4.2200E+02   4.3377E-02
   4.2300E+02   4.8410E-02
   4.2400E+02   4.7240E-02
   4.2500E+02   4.1166E-02
   4.2600E+02   3.6757E-02
   4.2700E+02   3.2226E-02
   4.2800E+02   3.1443E-02
   4.2900E+02   2.7893E-02
   4.3000E+02   2.6458E-02
   4.3100E+02   2.5182E-02
   4.3200E+02   2.4637E-02
   4.3300E+02   2.4729E-02
   4.3400E+02   2.7159E-02
   4.3500E+02   2.9248E-02
   4.3600E+02   3.3839E-02
   4.3700E+02   3.7955E-02
   4.3800E+02   3.9265E-02
   4.3900E+02   3.7812E-02
   4.4000E+02   3.4673E-02
   4.4100E+02   2.7888E-02
   4.4200E+02   2.4291E-02
   4.4300E+02   2.0751E-02
   4.4400E+02   1.4838E-02
   4.4500E+02   1.2366E-02
   4.4600E+02   1.1194E-02
   4.4700E+02   1.0866E-02
   4.4800E+02   1.0791E-02
   4.4900E+02   1.1008E-02
   4.5000E+02   1.1207E-02
   4.5100E+02   1.1455E-02
   4.5200E+02   1.1580E-02
   4.5300E+02   1.1580E-02
   4.5400E+02   1.1341E-02
   4.5500E+02   1.0806E-02
   4.5600E+02   1.0453E-02
   4.5700E+02   1.0912E-02
   4.5800E+02   1.1843E-02
   4.5900E+02   1.4329E-02
   4.6000E+02   1.9932E-02
   4.6100E+02   2.4419E-02
   4.6200E+02   3.0589E-02
   4.6300E+02   3.9528E-02
   4.6400E+02   4.5948E-02
   4.6500E+02   4.8056E-02
   4.6600E+02   4.4524E-02
   4.6700E+02   3.7118E-02
   4.6800E+02   3.0335E-02
   4.6900E+02   2.6410E-02
   4.7000E+02   2.5267E-02
   4.7100E+02   2.6288E-02
   4.7200E+02   2.8090E-02
   4.7300E+02   3.0050E-02
   4.7400E+02   3.0705E-02
   4.7500E+02   3.1312E-02
   4.7600E+02   3.2758E-02
   4.7700E+02   3.4093E-02
   4.7800E+02   3.8187E-02
   4.7900E+02   4.5451E-02
   4.8000E+02   5.0867E-02
   4.8100E+02   5.5856E-02
   4.8200E+02   5.6339E-02
   4.8300E+02   5.5551E-02
   4.8400E+02   5.5922E-02
   4.8500E+02   5.9742E-02
   4.8600E+02   6.8204E-02
   4.8700E+02   7.6173E-02
   4.8800E+02   9.4601E-02
   4.8900E+02   1.0781E-01
   4.9000E+02   1.1216E-01
   4.9100E+02   1.2440E-01
   4.9200E+02   1.2334E-01
   4.9300E+02   1.2059E-01
   4.9400E+02   1.0506E-01
   4.9500E+02   8.8605E-02
   4.9600E+02   7.7342E-02
   4.9700E+02   7.4049E-02
   4.9800E+02   6.8501E-02
   4.9900E+02   5.9716E-02
   5.0000E+02   5.1186E-02
   5.0100E+02   4.1395E-02
   5.0200E+02   2.7901E-02
   5.0300E+02   1.6828E-02
   5.0400E+02   1.3981E-02
   5.0500E+02   1.2728E-02
   5.0600E+02   1.3700E-02
   5.0700E+02   1.6090E-02
   5.0800E+02   1.7929E-02
   5.0900E+02   1.8786E-02
   5.1000E+02   1.8587E-02
   5.1100E+02   1.8844E-02
   5.1200E+02   1.9951E-02
   5.1300E+02   2.3125E-02
   5.1400E+02   2.5646E-02
   5.1500E+02   3.1113E-02
   5.1600E+02   3.4786E-02
   5.1700E+02   3.5349E-02
   5.1800E+02   3.5999E-02
   5.1900E+02   3.5737E-02
   5.2000E+02   3.5573E-02
   5.2100E+02   3.5417E-02
   5.2200E+02   3.4612E-02
   5.2300E+02   3.4229E-02
   5.2400E+02   3.2604E-02
   5.2500E+02   2.9900E-02
   5.2600E+02   2.6002E-02
   5.2700E+02   2.5143E-02
   5.2800E+02   2.7081E-02
   5.2900E+02   2.9095E-02
   5.3000E+02   3.5428E-02
   5.3100E+02   3.7111E-02
   5.3200E+02   3.4357E-02
   5.3300E+02   2.2359E-02
   5.3400E+02   1.5541E-02
   5.3500E+02   1.2119E-02
   5.3600E+02   9.8585E-03
   5.3700E+02   9.4730E-03
   5.3800E+02   9.8651E-03
   5.3900E+02   1.0440E-02
   5.4000E+02   1.0601E-02
   5.4100E+02   1.1006E-02
   5.4200E+02   1.1247E-02
   5.4300E+02   1.1056E-02
   5.4400E+02   1.0828E-02
   5.4500E+02   1.0139E-02
   5.4600E+02   9.8285E-03
   5.4700E+02   9.5534E-03
   5.4800E+02   9.7471E-03
   5.4900E+02   9.8076E-03
   5.5000E+02   1.0998E-02
   5.5100E+02   1.3541E-02
   5.5200E+02   1.6124E-02
   5.5300E+02   2.3195E-02
   5.5400E+02   3.0565E-02
   5.5500E+02   4.3474E-02
   5.5600E+02   5.3907E-02
   5.5700E+02   6.2433E-02
   5.5800E+02   6.3748E-02
   5.5900E+02   5.9399E-02
   5.6000E+02   4.8196E-02
   5.6100E+02   3.4999E-02
   5.6200E+02   2.7577E-02
   5.6300E+02   2.2534E-02
   5.6400E+02   1.8866E-02
   5.6500E+02   1.6277E-02
   5.6600E+02   1.5451E-02
   5.6700E+02   1.6288E-02
   5.6800E+02   1.9165E-02
   5.6900E+02   2.2255E-02
   5.7000E+02   2.6300E-02
   5.7100E+02   3.0328E-02
   5.7200E+02   3.0849E-02
   5.7300E+02   3.0202E-02
   5.7400E+02   3.0289E-02
   5.7500E+02   3.0617E-02
   5.7600E+02   3.2195E-02
   5.7700E+02   3.3517E-02
   5.7800E+02   3.6132E-02
   5.7900E+02   3.8335E-02
   5.8000E+02   3.9419E-02
   5.8100E+02   4.1524E-02
   5.8200E+02   4.3636E-02
   5.8300E+02   4.4685E-02
   5.8400E+02   4.5909E-02
   5.8500E+02   4.8357E-02
   5.8600E+02   5.1447E-02
   5.8700E+02   5.5375E-02
   5.8800E+02   6.0286E-02
   5.8900E+02   6.6127E-02
   5.9000E+02   7.5466E-02
   5.9100E+02   8.8740E-02
   5.9200E+02   8.9810E-02
   5.9300E+02   9.4515E-02
   5.9400E+02   8.8720E-02
   5.9500E+02   7.6703E-02
   5.9600E+02   5.8938E-02
   5.9700E+02   4.5881E-02
   5.9800E+02   4.1410E-02
   5.9900E+02   4.3063E-02
   6.0000E+02   5.1848E-02
   6.0100E+02   5.6682E-02
   6.0200E+02   5.4825E-02
   6.0300E+02   4.1024E-02
   6.0400E+02   3.3925E-02
   6.0500E+02   2.7971E-02
   6.0600E+02   2.6787E-02
   6.0700E+02   2.8860E-02
   6.0800E+02   3.6541E-02
   6.0900E+02   3.8595E-02
   6.1000E+02   3.5773E-02
   6.1100E+02   2.8557E-02
   6.1200E+02   1.8246E-02
   6.1300E+02   1.6845E-02
   6.1400E+02   1.5262E-02
   6.1500E+02   1.6383E-02
   6.1600E+02   1.9548E-02
   6.1700E+02   2.0133E-02
   6.1800E+02   1.8967E-02
   6.1900E+02   1.5957E-02
   6.2000E+02   1.2710E-02
   6.2100E+02   1.2066E-02
   6.2200E+02   1.3824E-02
   6.2300E+02   1.7802E-02
   6.2400E+02   2.5248E-02
   6.2500E+02   3.2714E-02
   6.2600E+02   3.5040E-02
   6.2700E+02   3.0691E-02
   6.2800E+02   2.5238E-02
   6.2900E+02   2.3260E-02
   6.3000E+02   2.0950E-02
   6.3100E+02   2.0110E-02
   6.3200E+02   2.0385E-02
   6.3300E+02   2.2156E-02
   6.3400E+02   2.6657E-02
   6.3500E+02   3.3237E-02
   6.3600E+02   4.2579E-02
   6.3700E+02   4.2057E-02
   6.3800E+02   3.7735E-02
   6.3900E+02   2.7962E-02
   6.4000E+02   2.0182E-02
   6.4100E+02   1.9108E-02
   6.4200E+02   2.2042E-02
   6.4300E+02   3.3995E-02
   6.4400E+02   4.2094E-02
   6.4500E+02   4.4873E-02
   6.4600E+02   3.4075E-02
   6.4700E+02   2.5871E-02
   6.4800E+02   1.6156E-02
   6.4900E+02   1.3036E-02
   6.5000E+02   1.1948E-02
   6.5100E+02   1.2465E-02
   6.5200E+02   1.4227E-02
   6.5300E+02   1.9620E-02
   6.5400E+02   2.7647E-02
   6.5500E+02   4.2792E-02
   6.5600E+02   5.9788E-02
   6.5700E+02   7.5719E-02
   6.5800E+02   7.9240E-02
   6.5900E+02   7.6234E-02
   6.6000E+02   7.2169E-02
   6.6100E+02   6.7924E-02
   6.6200E+02   6.4384E-02
   6.6300E+02   6.2683E-02
   6.6400E+02   6.5139E-02
   6.6500E+02   7.0175E-02
   6.6600E+02   7.9768E-02
   6.6700E+02   9.5669E-02
   6.6800E+02   1.0539E-01
   6.6900E+02   1.0844E-01
   6.7000E+02   1.0246E-01
   6.7100E+02   9.1052E-02
   6.7200E+02   8.0151E-02
   6.7300E+02   6.9424E-02
   6.7400E+02   6.7679E-02
   6.7500E+02   5.9438E-02
   6.7600E+02   5.3365E-02
   6.7700E+02   4.5244E-02
   6.7800E+02   3.2431E-02
   6.7900E+02   3.1042E-02
   6.8000E+02   2.4876E-02
   6.8100E+02   2.3127E-02
   6.8200E+02   2.1738E-02
   6.8300E+02   2.1825E-02
   6.8400E+02   2.2341E-02
   6.8500E+02   2.5208E-02
   6.8600E+02   2.9046E-02
   6.8700E+02   3.1231E-02
   6.8800E+02   2.9149E-02
   6.8900E+02   2.2255E-02
   6.9000E+02   1.5424E-02
   6.9100E+02   1.1699E-02
   6.9200E+02   1.1125E-02
   6.9300E+02   1.3485E-02
   6.9400E+02   1.5797E-02
   6.9500E+02   2.0059E-02
   6.9600E+02   2.2327E-02
   6.9700E+02   2.2690E-02
   6.9800E+02   2.1212E-02
   6.9900E+02   2.2168E-02
   7.0000E+02   2.5697E-02
   7.0100E+02   3.6599E-02
   7.0200E+02   5.3100E-02
   7.0300E+02   6.7327E-02
   7.0400E+02   7.2039E-02
   7.0500E+02   6.8437E-02
   7.0600E+02   5.7601E-02
   7.0700E+02   4.5453E-02
   7.0800E+02   4.1160E-02
   7.0900E+02   2.8549E-02
   7.1000E+02   2.3199E-02
   7.1100E+02   2.0189E-02
   7.1200E+02   1.8880E-02
   7.1300E+02   1.8801E-02
   7.1400E+02   2.1069E-02
   7.1500E+02   2.3346E-02
   7.1600E+02   3.0329E-02
   7.1700E+02   4.3684E-02
   7.1800E+02   5.2936E-02
   7.1900E+02   5.6365E-02
   7.2000E+02   4.6123E-02
   7.2100E+02   2.9391E-02
   7.2200E+02   1.8415E-02
   7.2300E+02   1.4594E-02
   7.2400E+02   1.1544E-02
   7.2500E+02   1.0716E-02
   7.2600E+02   1.0399E-02
   7.2700E+02   1.0395E-02
   7.2800E+02   1.0926E-02
   7.2900E+02   1.1834E-02
   7.3000E+02   1.3586E-02
   7.3100E+02   1.3586E-02
   7.3200E+02   1.8925E-02
   7.3300E+02   2.2737E-02
   7.3400E+02   3.0890E-02
   7.3500E+02   4.6823E-02
   7.3600E+02   5.9801E-02
   7.3700E+02   9.7276E-02
   7.3800E+02   1.1880E-01
   7.3900E+02   1.2284E-01
   7.4000E+02   1.0921E-01
   7.4100E+02   8.3350E-02
   7.4200E+02   6.0808E-02
   7.4300E+02   5.3253E-02
   7.4400E+02   4.8277E-02
   7.4500E+02   4.6691E-02
   7.4600E+02   4.6066E-02
   7.4700E+02   4.5182E-02
   7.4800E+02   4.4982E-02
   7.4900E+02   4.4441E-02
   7.5000E+02   4.3291E-02
   7.5100E+02   4.1583E-02
   7.5200E+02   3.9042E-02
   7.5300E+02   3.6907E-02
   7.5400E+02   3.7199E-02
   7.5500E+02   3.9623E-02
   7.5600E+02   4.4097E-02
   7.5700E+02   4.7932E-02
   7.5800E+02   5.0414E-02
   7.5900E+02   4.9508E-02
   7.6000E+02   4.5794E-02
   7.6100E+02   4.2445E-02
   7.6200E+02   4.2332E-02
   7.6300E+02   4.3958E-02
   7.6400E+02   4.9969E-02
   7.6500E+02   5.5178E-02
   7.6600E+02   5.8954E-02
   7.6700E+02   6.2320E-02
   7.6800E+02   6.3407E-02
   7.6900E+02   6.3139E-02
