9.455000000000000071e-01 1.516335444837201152e+01 1.501058443650035912e+01 1.527700118716524003e-01
2.206500000000000128e+00 1.450630887823657922e+01 1.434182547914464578e+01 1.644833990919343236e-01
3.152000000000000135e+00 1.385440625910510093e+01 1.368930967009820421e+01 1.650965890068967212e-01
4.097999999999999865e+00 1.380000211582004965e+01 1.361965196674921685e+01 1.803501490708310229e-01
5.043999999999999595e+00 1.392203183212247097e+01 1.373893052870895204e+01 1.831013034135189343e-01
5.989499999999999602e+00 1.369539788930178936e+01 1.351426088441233375e+01 1.811370048894556106e-01
7.250499999999999723e+00 1.401905898796758088e+01 1.382926853879052409e+01 1.897904491770567859e-01
8.195999999999999730e+00 1.411037739414859438e+01 1.392657236723817960e+01 1.838050269104147816e-01
9.141999999999999460e+00 1.427596373856816925e+01 1.409220666124731025e+01 1.837570773208581087e-01
1.008799999999999919e+01 1.443380328492511921e+01 1.425314621660193382e+01 1.806570683231853991e-01
1.103350000000000009e+01 1.436798693781286218e+01 1.419183383213507454e+01 1.761531056777876358e-01
1.197899999999999920e+01 1.448491956320699714e+01 1.430645035383679264e+01 1.784692093702044957e-01
1.292500000000000071e+01 1.450291859975405728e+01 1.432781470730046713e+01 1.751038924535901486e-01
1.418599999999999994e+01 1.422189837963587777e+01 1.404919727435415489e+01 1.727011052817228887e-01
1.513199999999999967e+01 1.421653505634781389e+01 1.404007505374688236e+01 1.764600026009315314e-01
1.607750000000000057e+01 1.405537113678374794e+01 1.388057407993380821e+01 1.747970568499388477e-01
1.702299999999999969e+01 1.389220816262361780e+01 1.371539663412383980e+01 1.768115284997779924e-01
1.796900000000000119e+01 1.389763972763901378e+01 1.371698559162256004e+01 1.806541360164537480e-01
1.923000000000000043e+01 1.401159775337103852e+01 1.382735768790044162e+01 1.842400654705951268e-01
2.017599999999999838e+01 1.418831837071826740e+01 1.400364320709750743e+01 1.846751636207599745e-01
2.112150000000000105e+01 1.417293825024829701e+01 1.399372681054816070e+01 1.792114397001363102e-01
2.206700000000000017e+01 1.399834250866401675e+01 1.382302087163601989e+01 1.753216370279968572e-01
2.301299999999999812e+01 1.399633181441616436e+01 1.381628884585236072e+01 1.800429685638036403e-01
2.395899999999999963e+01 1.420739564501387342e+01 1.402289320709750875e+01 1.845024379163646699e-01
2.490449999999999875e+01 1.422031315821517872e+01 1.404092304725038431e+01 1.793901109647952907e-01
2.616550000000000153e+01 1.401640029887127881e+01 1.384046752466941044e+01 1.759327742018665930e-01
2.711100000000000065e+01 1.414653183212246645e+01 1.396334100819041701e+01 1.831908239320494403e-01
2.805700000000000216e+01 1.448767213595763792e+01 1.430216858507034772e+01 1.855035508872919792e-01
2.900300000000000011e+01 1.408558617246151101e+01 1.391690620369435649e+01 1.686799687671545200e-01
2.994849999999999923e+01 1.378571381241513905e+01 1.360855359912202900e+01 1.771602132931118234e-01
3.089399999999999835e+01 1.423451141567347200e+01 1.404135945018019527e+01 1.931519654932767338e-01
3.183999999999999986e+01 1.443467152107790241e+01 1.424903343045458826e+01 1.856380906233150441e-01
3.310049999999999670e+01 1.456242899570113458e+01 1.438361099865451820e+01 1.788179970466163837e-01
3.404599999999999937e+01 1.415087151514440933e+01 1.398402757775309802e+01 1.668439373913113144e-01
3.499200000000000443e+01 1.347778003301712957e+01 1.330464097064404605e+01 1.731390623730826306e-01
3.593800000000000239e+01 1.360221009699515982e+01 1.341123915364452301e+01 1.909709433506368015e-01
3.688349999999999795e+01 1.371808719414011080e+01 1.352873187297360857e+01 1.893553211665004454e-01
3.814450000000000074e+01 1.359822872256863135e+01 1.341193484097388655e+01 1.862938815947456916e-01
3.909000000000000341e+01 1.377328766664027526e+01 1.358248915364452358e+01 1.907985129957516790e-01
4.003600000000000136e+01 1.377538399686010351e+01 1.358952510961896820e+01 1.858588872411361947e-01
4.098199999999999932e+01 1.386921754183692634e+01 1.368165687972782507e+01 1.875606621091012727e-01
4.192750000000000199e+01 1.422775750886995638e+01 1.403661412713020340e+01 1.911433817397529822e-01
4.287299999999999756e+01 1.432014909261128466e+01 1.413905680190982572e+01 1.810922907014589356e-01
4.381900000000000261e+01 1.405613066754438911e+01 1.388089563392553316e+01 1.752350336188559510e-01
4.507999999999999829e+01 1.419848553532409241e+01 1.401730679529718948e+01 1.811787400269029291e-01
4.602600000000000335e+01 1.422059257137055788e+01 1.404195035383679624e+01 1.786422175337616380e-01
4.697149999999999892e+01 1.428205405704841979e+01 1.410310207492341661e+01 1.789519821250031839e-01
4.791700000000000159e+01 1.398812683048668504e+01 1.381778418356472748e+01 1.703426469219575523e-01
4.886299999999999955e+01 1.350918360165159093e+01 1.333145427558759799e+01 1.777293260639929429e-01
4.980899999999999750e+01 1.392328314120543098e+01 1.372514697822112595e+01 1.981361629843050309e-01
5.075450000000000017e+01 1.421925196878534869e+01 1.402631356944242746e+01 1.929383993429212296e-01
5.201550000000000296e+01 1.455305671641758636e+01 1.436702516258401019e+01 1.860315538335770569e-01
5.296099999999999852e+01 1.474220742813293938e+01 1.456225374313498477e+01 1.799536849979546105e-01
5.390699999999999648e+01 1.459647515694222975e+01 1.442412540343344673e+01 1.723497535087830101e-01
5.485300000000000153e+01 1.433535655650794283e+01 1.416597854959610281e+01 1.693780069118400178e-01
5.579849999999999710e+01 1.416251381928349673e+01 1.398859024382221250e+01 1.739235754612851181e-01
5.705949999999999989e+01 1.439044755996654956e+01 1.421079794148640119e+01 1.796496184801474882e-01
5.800500000000000256e+01 1.438213125663919456e+01 1.420523585054104387e+01 1.768954060981506871e-01
5.895100000000000051e+01 1.402491325270528577e+01 1.385474617713960654e+01 1.701670755656801148e-01
5.989699999999999847e+01 1.334455331951618362e+01 1.317053820388886010e+01 1.740151156273235244e-01
6.084250000000000114e+01 1.361654877649339035e+01 1.342339294729653787e+01 1.931558291968515917e-01
6.178799999999999670e+01 1.382282206395254498e+01 1.363062940265527700e+01 1.921926612972679749e-01
6.273399999999999466e+01 1.373136602880179247e+01 1.354624930803449345e+01 1.851167207672999027e-01
6.399500000000000455e+01 1.396353272502611631e+01 1.377487783912298447e+01 1.886548859031318415e-01
6.493999999999999773e+01 1.411685446673661737e+01 1.393060540897147348e+01 1.862490577651438883e-01
6.588599999999999568e+01 1.422558981750934137e+01 1.404344821054160164e+01 1.821416069677397331e-01
6.683199999999999363e+01 1.408443880701985940e+01 1.390850342052793209e+01 1.759353864919273036e-01
6.777750000000000341e+01 1.396182349708033854e+01 1.378545004714163369e+01 1.763734499387030752e-01
6.872299999999999898e+01 1.384576556726519847e+01 1.366677174921192339e+01 1.789938180532750778e-01
6.966899999999999693e+01 1.411219957990447682e+01 1.392547068466258864e+01 1.867288952418881820e-01
7.093000000000000682e+01 1.425826378230663671e+01 1.407756504455386803e+01 1.806987377527695671e-01
7.187600000000000477e+01 1.406782296922200004e+01 1.389319910634259259e+01 1.746238628794074543e-01
7.282150000000000034e+01 1.385871748415442184e+01 1.368326211966708073e+01 1.754553644873411145e-01
7.376699999999999591e+01 1.361580433839345261e+01 1.343855740449439118e+01 1.772469338990614318e-01
7.471299999999999386e+01 1.334303286199657812e+01 1.316145772947596271e+01 1.815751325206163003e-01
7.597400000000000375e+01 1.344958463076764588e+01 1.325275597844493802e+01 1.968286523227087415e-01
7.692000000000000171e+01 1.384087855830645708e+01 1.363792971242041574e+01 2.029488458860413402e-01
7.786549999999999727e+01 1.415392256805502669e+01 1.395691766053139737e+01 1.970049075236284253e-01
7.881100000000000705e+01 1.447252030166818138e+01 1.428259869251922609e+01 1.899216091489552838e-01
7.975700000000000500e+01 1.380708834708076260e+01 1.363661459525939357e+01 1.704737518213690350e-01
8.070300000000000296e+01 1.340543855088984770e+01 1.322600374313498683e+01 1.794348077548608700e-01
8.164849999999999852e+01 1.360955850768824504e+01 1.341972315574323460e+01 1.898353519450104443e-01
8.290949999999999420e+01 1.286500102887854169e+01 1.268276683422558193e+01 1.822341946529606460e-01
8.385500000000000398e+01 1.286273481271331498e+01 1.265436687887845579e+01 2.083679338348591870e-01
8.480100000000000193e+01 1.344025573533449247e+01 1.321397165146906971e+01 2.262840838654209819e-01
8.574699999999999989e+01 1.370853333460211587e+01 1.350163914320871328e+01 2.068941913934025933e-01
8.669249999999999545e+01 1.318656082782169392e+01 1.300362593850075399e+01 1.829348893209390425e-01
8.763800000000000523e+01 1.286301141567347095e+01 1.266949932785864696e+01 1.935120878148239854e-01
8.858400000000000318e+01 1.334054082445131684e+01 1.312456929778466375e+01 2.159715266666539790e-01
8.984499999999999886e+01 1.327049284262571405e+01 1.307772283579152628e+01 1.927700068341868800e-01
9.079099999999999682e+01 1.308649442037308575e+01 1.289385945018019619e+01 1.926349701928895541e-01
9.173650000000000659e+01 1.332167228869093378e+01 1.311645281651795614e+01 2.052194721729776461e-01
9.268200000000000216e+01 1.387637712287915370e+01 1.366050223353015802e+01 2.158748893489956799e-01
9.362800000000000011e+01 1.392432325804901438e+01 1.373155744168131775e+01 1.927658163676975178e-01
9.488899999999999579e+01 1.386125776704652246e+01 1.367544395624182485e+01 1.858138108046976100e-01
9.583499999999999375e+01 1.403381837071826510e+01 1.384896399401077005e+01 1.848543767074950495e-01
9.678000000000000114e+01 1.338680137089379230e+01 1.320950973074625523e+01 1.772916401475361781e-01
9.772599999999999909e+01 1.366562727414923017e+01 1.346696643924989445e+01 1.986608348993357254e-01
9.867149999999999466e+01 1.396788321020371448e+01 1.377254290458562735e+01 1.953403056180880171e-01
9.961700000000000443e+01 1.348916934110335752e+01 1.331393173447395561e+01 1.752376066294019097e-01
1.005630000000000024e+02 1.323720373451416776e+01 1.305366112680352586e+01 1.835426077106419029e-01
1.018239999999999981e+02 1.320999797734860159e+01 1.301325550051140212e+01 1.967424768371994759e-01
1.027699999999999960e+02 1.363620015665676100e+01 1.342539025486231274e+01 2.108099017944482512e-01
1.037155000000000058e+02 1.409611748875998316e+01 1.388940979068642889e+01 2.067076980735533809e-01
1.046610000000000014e+02 1.435282206395254789e+01 1.416035945018019326e+01 1.924626137723546293e-01
1.056069999999999993e+02 1.455348182346690322e+01 1.436880336889999654e+01 1.846784545669066802e-01
1.065529999999999973e+02 1.472468855088984618e+01 1.454534309171374318e+01 1.793454591761030059e-01
1.074985000000000070e+02 1.449720536637748580e+01 1.432564237926992590e+01 1.715629871075599056e-01
1.087595000000000027e+02 1.453930408631694604e+01 1.436389587163601789e+01 1.754082146809299303e-01
1.097049999999999983e+02 1.439157035785768812e+01 1.422035634481945188e+01 1.712140130382362457e-01
1.106509999999999962e+02 1.407194520489046141e+01 1.390073123927529153e+01 1.712139656151716594e-01
1.115969999999999942e+02 1.394795816262361932e+01 1.377123585054104637e+01 1.767223120825729410e-01
1.125425000000000040e+02 1.393659217876530931e+01 1.375786073430533918e+01 1.787314444599683583e-01
1.138034999999999997e+02 1.333101377617657946e+01 1.315354651181886148e+01 1.774672643577170916e-01
1.147489999999999952e+02 1.341187282790553148e+01 1.321731918710187692e+01 1.945536408036545595e-01
1.156949999999999932e+02 1.378217526085345668e+01 1.358110815188230980e+01 2.010671089711477677e-01
1.166410000000000053e+02 1.403610601756195386e+01 1.384215926411397390e+01 1.939467534479799582e-01
1.175865000000000009e+02 1.379790926040625365e+01 1.361790511384516833e+01 1.800041465610862090e-01
1.185319999999999965e+02 1.374887739414859311e+01 1.356516192745589677e+01 1.837154666926963387e-01
1.194780000000000086e+02 1.408367118281036134e+01 1.389261398793003721e+01 1.910571948803250208e-01
1.207390000000000043e+02 1.417011664663056258e+01 1.399016024952628356e+01 1.799563971042799082e-01
1.216850000000000023e+02 1.361741704812328102e+01 1.344550050900563853e+01 1.719165391176424862e-01
1.226304999999999978e+02 1.374768043114953819e+01 1.356169377749072247e+01 1.859866536588157260e-01
1.235759999999999934e+02 1.400786522396676936e+01 1.381741894959276706e+01 1.904462743740023001e-01
1.245219999999999914e+02 1.422909232033443594e+01 1.404148672876122461e+01 1.876055915732122159e-01
1.254680000000000035e+02 1.428470742813293448e+01 1.410457500631379979e+01 1.801324218191346915e-01
1.264134999999999991e+02 1.427444848554615575e+01 1.409645925774431419e+01 1.779892278018415652e-01
1.276744999999999948e+02 1.439299632197420920e+01 1.421483407273031219e+01 1.781622492438970085e-01
1.286200000000000045e+02 1.424145682513580624e+01 1.406814446204744051e+01 1.733123630883657285e-01
1.295654999999999859e+02 1.425670806454177963e+01 1.408003037287836179e+01 1.766776916634178463e-01
1.305109999999999957e+02 1.424253505634781192e+01 1.406625342052793215e+01 1.762816358198797673e-01
1.314569999999999936e+02 1.404701481143720621e+01 1.387309119434954319e+01 1.739236170876630183e-01
1.327179999999999893e+02 1.351915828490214011e+01 1.334265343087206901e+01 1.765048540300719893e-01
1.336639999999999873e+02 1.370149442037308596e+01 1.350903943175864086e+01 1.924549886144450994e-01
1.346095000000000255e+02 1.401251020739454844e+01 1.381926831868846506e+01 1.932418887060824986e-01
1.355550000000000068e+02 1.392472619490699515e+01 1.374389621660193406e+01 1.808299783050610898e-01
1.365010000000000048e+02 1.400007939808831381e+01 1.381667104282561809e+01 1.834083552626948332e-01
1.374470000000000027e+02 1.417397290701674528e+01 1.398973279378567192e+01 1.842401132310733658e-01
1.383924999999999841e+02 1.421341863762739166e+01 1.403324441615760065e+01 1.801742214697910072e-01
1.396535000000000082e+02 1.390105329501963993e+01 1.372717181059943847e+01 1.738814844202023480e-01
1.405989999999999895e+02 1.347097654833450875e+01 1.329687728823160064e+01 1.740992601029081044e-01
1.415450000000000159e+02 1.300752323601064120e+01 1.282253802483648997e+01 1.849852111741530081e-01
1.424910000000000139e+02 1.339817824952373115e+01 1.318395767260358831e+01 2.142205769201428467e-01
1.434365000000000236e+02 1.380177809211060591e+01 1.359280069010603675e+01 2.089774020045691572e-01
1.446974999999999909e+02 1.346961822570110101e+01 1.328620670094779399e+01 1.834115247533087967e-01
1.456430000000000007e+02 1.342725282585752744e+01 1.323784869251922736e+01 1.894041333383000847e-01
1.465889999999999986e+02 1.367398387623831368e+01 1.347811857645509548e+01 1.958652997832173170e-01
1.475349999999999966e+02 1.392929507335198380e+01 1.373447909682150225e+01 1.948159765304815494e-01
1.484805000000000064e+02 1.427566626521469395e+01 1.408290385206790063e+01 1.927624131467933211e-01
1.494259999999999877e+02 1.415653505634781339e+01 1.398007505374688364e+01 1.764600026009297551e-01
1.503720000000000141e+02 1.400180372527340111e+01 1.382464609902816832e+01 1.771576262452319028e-01
1.516330000000000098e+02 1.421832043240016752e+01 1.403535028235255311e+01 1.829701500476144105e-01
1.525790000000000077e+02 1.430695742813293592e+01 1.412691438133529331e+01 1.800430467976426030e-01
1.535244999999999891e+02 1.422145815649350453e+01 1.404482504714163404e+01 1.766331093518695994e-01
1.544699999999999989e+02 1.429626556726520015e+01 1.411727174921192685e+01 1.789938180532733014e-01
1.554159999999999968e+02 1.388067703216396254e+01 1.370850050240737872e+01 1.721765297565847064e-01
1.563619999999999948e+02 1.386145461927973876e+01 1.367800147443968761e+01 1.834531448400511522e-01
1.573075000000000045e+02 1.420060962379100289e+01 1.401230689310892785e+01 1.883027306820732605e-01
1.585684999999999718e+02 1.385863959095857112e+01 1.368462696476678531e+01 1.740126261917840367e-01
1.595140000000000100e+02 1.345513125663919674e+01 1.327805740449439220e+01 1.770738521448045333e-01
1.604594999999999914e+02 1.375635379172205575e+01 1.356263236735492939e+01 1.937214243671272484e-01
1.614050000000000011e+02 1.416200044601401586e+01 1.396543827645768410e+01 1.965621695563317672e-01
1.623509999999999991e+02 1.404853286199658058e+01 1.386704705822505446e+01 1.814858037715278982e-01
1.636119999999999948e+02 1.425636598576964786e+01 1.407142854760461859e+01 1.849374381650283894e-01
1.645579999999999927e+02 1.434686152224340816e+01 1.416734309171374484e+01 1.795184305296633198e-01
1.655034999999999741e+02 1.435493889970740256e+01 1.417729852040914906e+01 1.776403792982543806e-01
1.664490000000000123e+02 1.444040046511367592e+01 1.426271816165183637e+01 1.776823034618395525e-01
1.673950000000000102e+02 1.410714660280708799e+01 1.393619494758065969e+01 1.709516552264274125e-01
1.683410000000000082e+02 1.358341704812328032e+01 1.341158948775169080e+01 1.718275603715895272e-01
1.692864999999999895e+02 1.364692133661401030e+01 1.346128323847517905e+01 1.856380981388312534e-01
1.705475000000000136e+02 1.347854265677914931e+01 1.329652919109143383e+01 1.820134656877163692e-01
1.714929999999999950e+02 1.343828766664027441e+01 1.324757905824679405e+01 1.907086083934803611e-01
1.724389999999999930e+02 1.387922204305023932e+01 1.367793778127604654e+01 2.012842617741936735e-01
1.733849999999999909e+02 1.423323393176883300e+01 1.403727844636562949e+01 1.959554854032035109e-01
1.743304999999999723e+02 1.419674396696263230e+01 1.401503752607193221e+01 1.817064408907009820e-01
1.752760000000000105e+02 1.415841956320699424e+01 1.397986105813308910e+01 1.785585050739051383e-01
1.762220000000000084e+02 1.441657039553979658e+01 1.423360024265985047e+01 1.829701528799470012e-01
1.774830000000000041e+02 1.407247339840903066e+01 1.390165060991508383e+01 1.708227884939477192e-01
1.784290000000000020e+02 1.384547740788530845e+01 1.366805740449439455e+01 1.774200033909139052e-01
1.793745000000000118e+02 1.409654768934953495e+01 1.391090962205131554e+01 1.856380672982185231e-01
1.803199999999999932e+02 1.434518181481134036e+01 1.415928472797105719e+01 1.858970868402831655e-01
1.812659999999999911e+02 1.421811090200722916e+01 1.404191329264929244e+01 1.761976093579376013e-01
1.825269999999999868e+02 1.392568850672409297e+01 1.374979772494171826e+01 1.758907817823747166e-01
1.834730000000000132e+02 1.385459257137055822e+01 1.367577174921192551e+01 1.788208221586327085e-01
1.844184999999999945e+02 1.346057349708033613e+01 1.328415545214396332e+01 1.764180449363719205e-01
1.853640000000000043e+02 1.303051339693100275e+01 1.284793052870895380e+01 1.825828682220489441e-01
1.863100000000000023e+02 1.281298795509057165e+01 1.261864754971795044e+01 1.943404053726212055e-01
1.872560000000000002e+02 1.279796996784984842e+01 1.259038914320871072e+01 2.075808246411376956e-01
1.882015000000000100e+02 1.326269486417777443e+01 1.303746055261480663e+01 2.252343115629678039e-01
1.894624999999999773e+02 1.391420203503360575e+01 1.369787801272737049e+01 2.163240223062352641e-01
1.904079999999999870e+02 1.395061522396676956e+01 1.375989923578509533e+01 1.907159881816742342e-01
1.913539999999999850e+02 1.416385127977136094e+01 1.397580735679400910e+01 1.880439229773518406e-01
1.922990000000000066e+02 1.377464699436827900e+01 1.360351740565772083e+01 1.711295887105581670e-01
1.932450000000000045e+02 1.344948089378596201e+01 1.326816835478957302e+01 1.813125389963881062e-01
1.941910000000000025e+02 1.384531539180541770e+01 1.364578584715447462e+01 1.995295446509430803e-01
1.951365000000000123e+02 1.420489524241011203e+01 1.400920659634991594e+01 1.956886460601969802e-01
1.963974999999999795e+02 1.410840921685732319e+01 1.393015483366144380e+01 1.782543831958802727e-01
1.973429999999999893e+02 1.364191704812327721e+01 1.347008948775169124e+01 1.718275603715859745e-01
1.982889999999999873e+02 1.354153842603524716e+01 1.335790953873367215e+01 1.836288873015758938e-01
1.992350000000000136e+02 1.381260601756195427e+01 1.361883937833675162e+01 1.937666392252026526e-01
2.001804999999999950e+02 1.370837601158086372e+01 1.352466063053155843e+01 1.837153810493052930e-01
2.014415000000000191e+02 1.362945769034736010e+01 1.344215607834513904e+01 1.873016120022219511e-01
2.023870000000000005e+02 1.380486522396676641e+01 1.361450882768328974e+01 1.903563962834766699e-01
2.033329999999999984e+02 1.397899392175255251e+01 1.379025278612352423e+01 1.887411356290282782e-01
2.042789999999999964e+02 1.371159250866401891e+01 1.353600342052793337e+01 1.755890881360855360e-01
2.052244999999999777e+02 1.349502004681502498e+01 1.331213298978097903e+01 1.828870570340468404e-01
2.061699999999999875e+02 1.373176141567347130e+01 1.353842941554914248e+01 1.933320001243288289e-01
2.071159999999999854e+02 1.383841612435776902e+01 1.364936778347117219e+01 1.890483408865968329e-01
2.083770000000000095e+02 1.329300615854866585e+01 1.311588770379183799e+01 1.771184547568287471e-01
2.093230000000000075e+02 1.313993372278293670e+01 1.294633937833675041e+01 1.935943444461862839e-01
2.102685000000000173e+02 1.322737344639483759e+01 1.303063119749784704e+01 1.967422488969914340e-01
2.112139999999999986e+02 1.288842533010801006e+01 1.269866894959276493e+01 1.897563805152451266e-01
2.121599999999999966e+02 1.314599027249115437e+01 1.293478221373754344e+01 2.112080587536100396e-01
2.131059999999999945e+02 1.351620015665675645e+01 1.330511755111592009e+01 2.110826055408363544e-01
2.140514999999999759e+02 1.343181946831784224e+01 1.323559766847250074e+01 1.962217998453406054e-01
2.153125000000000000e+02 1.347213423645970209e+01 1.328247154541613639e+01 1.896626910435657010e-01
2.162580000000000098e+02 1.347135601756195200e+01 1.327749932785864573e+01 1.938566897033062730e-01
2.172040000000000077e+02 1.379975698102510862e+01 1.360271098636589926e+01 1.970459946592102440e-01
2.181500000000000057e+02 1.382137234870633513e+01 1.363406713414454430e+01 1.873052145617908337e-01
2.190955000000000155e+02 1.358089874804617203e+01 1.340142221435917413e+01 1.794765336869978967e-01
2.203564999999999827e+02 1.325246007635792544e+01 1.306310448753728970e+01 1.893555888206357452e-01
2.213019999999999925e+02 1.361900301323369078e+01 1.341413642107354143e+01 2.048665921601493523e-01
2.222479999999999905e+02 1.380321247040371091e+01 1.360795426053678980e+01 1.952582098669228827e-01
2.231939999999999884e+02 1.329368880701985489e+01 1.311757505374688293e+01 1.761137532729719624e-01
2.241390000000000100e+02 1.320504333948316145e+01 1.301188764833723610e+01 1.931556911459262338e-01
2.250850000000000080e+02 1.365942109904687740e+01 1.345009449473761620e+01 2.093266043092611994e-01
2.260305000000000177e+02 1.384772678043144722e+01 1.365006606724850080e+01 1.976607131829473119e-01
2.272914999999999850e+02 1.406460949454727682e+01 1.387617201631935338e+01 1.884374782279243377e-01
2.282369999999999948e+02 1.372363007844958283e+01 1.354996635937169280e+01 1.736637190778900219e-01
2.291829999999999927e+02 1.318934922458392478e+01 1.301009017669123224e+01 1.792590478926925357e-01
2.301289999999999907e+02 1.328703314120543055e+01 1.308871643924989314e+01 1.983167019555374111e-01
2.310745000000000005e+02 1.365648718427728170e+01 1.345236237024264625e+01 2.041248140346345608e-01
2.320200000000000102e+02 1.363806268574474068e+01 1.344979781791011852e+01 1.882648678346221516e-01
2.329660000000000082e+02 1.315664893912789601e+01 1.297542252115497519e+01 1.812264179729217162e-01
2.342270000000000039e+02 1.293423358647129007e+01 1.273622457595854129e+01 1.980090105127469968e-01
2.351730000000000018e+02 1.295770669576880074e+01 1.275492971242041307e+01 2.027769833483876738e-01
2.361184999999999832e+02 1.311476883148430517e+01 1.290443341469238447e+01 2.103354167919224693e-01
2.370639999999999930e+02 1.361494408691770985e+01 1.339495124659815772e+01 2.199928403195521298e-01
2.380099999999999909e+02 1.345062836379923610e+01 1.325868718664601786e+01 1.919411771532182343e-01
2.392710000000000150e+02 1.321398595224441763e+01 1.301562867535839985e+01 1.983572768860160096e-01
2.402170000000000130e+02 1.380221954633055148e+01 1.358563764226413539e+01 2.165819040664160866e-01
2.411625000000000227e+02 1.374195166417412750e+01 1.355075597913756980e+01 1.911956850365585936e-01
2.421080000000000041e+02 1.348837739414859627e+01 1.330457236723818149e+01 1.838050269104147816e-01
2.430540000000000020e+02 1.351016059828789651e+01 1.332312118822076741e+01 1.870394100671282089e-01
2.440000000000000000e+02 1.345309782204525284e+01 1.326343854410142953e+01 1.896592779438233123e-01
2.449454999999999814e+02 1.392042516196120339e+01 1.371940325006005423e+01 2.010219119011482647e-01
2.462065000000000055e+02 1.417759032066005176e+01 1.398998474179835583e+01 1.876055788616941555e-01
2.471519999999999868e+02 1.412393855088984296e+01 1.394459309171374173e+01 1.793454591761012296e-01
2.480980000000000132e+02 1.409908301618943938e+01 1.392070032740361185e+01 1.783826887858284138e-01
2.490440000000000111e+02 1.402265046511368141e+01 1.384487890559529788e+01 1.777715595183835262e-01
2.499895000000000209e+02 1.407760104143715196e+01 1.389681578509607363e+01 1.807852563410783375e-01
2.509350000000000023e+02 1.425245461927973700e+01 1.406918052870894797e+01 1.832740905707890278e-01
2.518810000000000002e+02 1.429392839449781505e+01 1.411502108829557400e+01 1.789073062022401572e-01
2.531419999999999959e+02 1.423857301331830882e+01 1.406058379520934309e+01 1.779892181089675063e-01
2.540879999999999939e+02 1.441245742813293695e+01 1.423241438133529435e+01 1.800430467976426030e-01
2.550335000000000036e+02 1.426228455300341835e+01 1.408757409974039909e+01 1.747104532630192608e-01
2.559790000000000134e+02 1.408780331951618336e+01 1.391405541731002060e+01 1.737479022061627632e-01
2.569244999999999663e+02 1.398682247362945219e+01 1.380887778894065221e+01 1.779446846887999811e-01
2.581854999999999905e+02 1.426115621775598186e+01 1.407801017302034552e+01 1.831460447356363375e-01
2.591309999999999718e+02 1.412851566396987657e+01 1.395284258410488754e+01 1.756730798649890346e-01
2.600769999999999982e+02 1.390383275119617679e+01 1.372885998898930637e+01 1.749727622068704136e-01
2.610230000000000246e+02 1.374984257137055366e+01 1.357102174921192450e+01 1.788208221586291558e-01
2.619685000000000059e+02 1.400394538966788360e+01 1.381546683613905913e+01 1.884785535288253655e-01
2.629139999999999873e+02 1.441089969520692904e+01 1.421905930466764545e+01 1.918403905392835895e-01
2.638600000000000136e+02 1.440608203535418497e+01 1.422603895823765363e+01 1.800430771165322241e-01
2.651209999999999809e+02 1.451966001416033691e+01 1.434158425774431400e+01 1.780757564160229123e-01
2.660670000000000073e+02 1.453024616128899105e+01 1.435544910634259530e+01 1.747970549463957468e-01
2.670124999999999886e+02 1.450428444273472195e+01 1.432961852307616368e+01 1.746659196585582663e-01
2.679580000000000268e+02 1.465463125663919719e+01 1.447764663412383968e+01 1.769846225153575148e-01
2.689039999999999964e+02 1.454918677135139404e+01 1.437675027146821094e+01 1.724364998831822149e-01
2.701650000000000205e+02 1.447865922219733470e+01 1.430403788040264423e+01 1.746213417946904656e-01
2.711109999999999900e+02 1.427585655650794472e+01 1.410647854959610470e+01 1.693780069118400178e-01
2.720565000000000282e+02 1.337928780010422791e+01 1.320912070228608215e+01 1.701670978181466509e-01
2.730020000000000095e+02 1.327386522396676583e+01 1.308332905824679493e+01 1.905361657199708958e-01
2.739479999999999791e+02 1.373720615066616801e+01 1.353255663217509763e+01 2.046495184910703813e-01
2.748940000000000055e+02 1.393016676446746871e+01 1.373717941554914113e+01 1.929873489183275836e-01
2.758394999999999868e+02 1.360304389539983738e+01 1.342264620998973079e+01 1.803976854101065896e-01
2.771005000000000109e+02 1.338638653187234873e+01 1.320223278716784598e+01 1.841537447045027420e-01
2.780459999999999923e+02 1.337724442037308670e+01 1.318460945018019359e+01 1.926349701928931069e-01
2.789920000000000186e+02 1.361334804036917312e+01 1.341783159634991662e+01 1.955164440192564967e-01
2.799379999999999882e+02 1.350304495142393968e+01 1.331556713414454585e+01 1.874778172793938325e-01
2.808835000000000264e+02 1.372014030416334052e+01 1.352846869730498014e+01 1.916716068583603771e-01
2.818290000000000077e+02 1.354518622094701819e+01 1.336243052870895198e+01 1.827556922380662030e-01
2.827749999999999773e+02 1.377623520172999960e+01 1.358417378476632109e+01 1.920614169636776225e-01
2.840360000000000014e+02 1.403309115744667324e+01 1.384548561606177230e+01 1.876055413849018194e-01
2.849820000000000277e+02 1.370957296922199831e+01 1.353477087163601666e+01 1.748020975859816417e-01
2.859275000000000091e+02 1.340734549703894274e+01 1.322476590147934772e+01 1.825795955595959086e-01
2.868729999999999905e+02 1.382244103395245105e+01 1.362072252513122983e+01 2.017185088212212207e-01
2.878190000000000168e+02 1.391386797614676496e+01 1.372464381450025428e+01 1.892241616465089038e-01
2.890794999999999959e+02 1.341793206856393361e+01 1.323513179892415792e+01 1.828002696397765803e-01
2.900249999999999773e+02 1.378864338092297359e+01 1.358910520192807603e+01 1.995381789948975637e-01
2.909710000000000036e+02 1.407304445656087033e+01 1.387813832977296791e+01 1.949061267879024228e-01
2.919169999999999732e+02 1.434094276897570630e+01 1.415084869251922406e+01 1.900940764564822416e-01
2.928625000000000114e+02 1.467973760809692507e+01 1.449309515494333134e+01 1.866424531535928466e-01
2.938079999999999927e+02 1.445312683048668490e+01 1.428287308315002768e+01 1.702537473366572129e-01
2.947540000000000191e+02 1.357725720052735241e+01 1.340818162059282237e+01 1.690755799345300403e-01
2.960149999999999864e+02 1.379968172525015646e+01 1.360608746144184877e+01 1.935942638083094636e-01
2.969610000000000127e+02 1.421632828694085759e+01 1.401993827645768320e+01 1.963900104831743931e-01
2.979064999999999941e+02 1.424195387583086969e+01 1.405845582753737766e+01 1.834980482934911450e-01
2.988519999999999754e+02 1.415720816262362014e+01 1.398039663412384215e+01 1.768115284997779924e-01
2.997980000000000018e+02 1.386132281607783057e+01 1.368665441891897672e+01 1.746683971588556261e-01
3.007440000000000282e+02 1.384684056063089841e+01 1.366469901088001215e+01 1.821415497508862558e-01
3.016895000000000095e+02 1.411314006456374237e+01 1.392540682012083408e+01 1.877332444429073988e-01
3.029505000000000337e+02 1.429019559656491190e+01 1.410875163660288223e+01 1.814439599620296661e-01
3.038960000000000150e+02 1.409532296922200167e+01 1.392060999559193846e+01 1.747129736300632175e-01
3.048419999999999845e+02 1.418228408858073664e+01 1.400250341922211206e+01 1.797806693586236904e-01
3.057880000000000109e+02 1.431270742813293495e+01 1.413275374313498389e+01 1.799536849979510578e-01
3.067334999999999923e+02 1.385813863434282212e+01 1.368578641148386765e+01 1.723522228589544625e-01
3.079945000000000164e+02 1.375475387840766572e+01 1.357265407202891438e+01 1.820998063787504506e-01
3.089399999999999977e+02 1.370951339693099946e+01 1.352710953005288275e+01 1.824038668781167161e-01
3.098860000000000241e+02 1.375990974938137157e+01 1.357296021201622693e+01 1.869495373651446357e-01
3.108319999999999936e+02 1.420167259274383476e+01 1.400484809327549840e+01 1.968244994683363558e-01
3.117775000000000318e+02 1.444393569187360526e+01 1.425589545309916417e+01 1.880402387744402048e-01
3.127230000000000132e+02 1.442922740788531044e+01 1.425171816165183891e+01 1.775092462334715293e-01
3.136689999999999827e+02 1.433282296309623405e+01 1.415824365511572580e+01 1.745793079805082471e-01
3.149300000000000068e+02 1.439257328929560842e+01 1.421476258486992883e+01 1.778107044256795888e-01
3.158759999999999764e+02 1.459895742813293751e+01 1.441909309171374609e+01 1.798643364191914173e-01
3.168215000000000146e+02 1.446949475151614628e+01 1.429644708957833288e+01 1.730476619378125136e-01
3.177669999999999959e+02 1.417097361864258076e+01 1.400028418356472848e+01 1.706894350778522806e-01
3.187130000000000223e+02 1.399170682513580388e+01 1.381826088834085731e+01 1.734459367949456876e-01
3.196589999999999918e+02 1.364814976490347576e+01 1.347378820388885678e+01 1.743615610146189709e-01
3.206039999999999850e+02 1.367610604899056348e+01 1.349151725406849422e+01 1.845887949220701429e-01
3.218650000000000091e+02 1.393022281588809719e+01 1.374065337580475799e+01 1.895694400833383142e-01
3.228109999999999786e+02 1.422278766664027572e+01 1.403207905824679536e+01 1.907086083934803611e-01
3.237564999999999600e+02 1.457148484535169253e+01 1.438318211832738136e+01 1.883027270243111673e-01
3.247019999999999982e+02 1.465690046511367761e+01 1.447903963632390223e+01 1.778608287897753826e-01
3.256480000000000246e+02 1.428957839359481596e+01 1.411963139295856351e+01 1.699470006362524543e-01
3.269089999999999918e+02 1.409147668395570818e+01 1.391576168382136913e+01 1.757150001343372736e-01
3.278550000000000182e+02 1.420547619490699631e+01 1.402482500631379914e+01 1.806511885931971761e-01
3.288004999999999995e+02 1.417677524435135439e+01 1.399909292380018222e+01 1.776823205511721682e-01
3.297459999999999809e+02 1.399041934110335994e+01 1.381527087163602019e+01 1.751484694673397513e-01
3.306920000000000073e+02 1.400645712741170001e+01 1.382650341922211190e+01 1.799537081895872248e-01
3.316379999999999768e+02 1.414318622094701894e+01 1.396043052870895451e+01 1.827556922380644266e-01
3.325834999999999582e+02 1.406323654605141016e+01 1.388533390093161302e+01 1.779026451197971426e-01
3.338445000000000391e+02 1.376972691121407877e+01 1.359221762648565601e+01 1.775092847284227560e-01
3.347900000000000205e+02 1.380045461927973882e+01 1.361700147443968767e+01 1.834531448400511522e-01
3.357359999999999900e+02 1.370669499007575709e+01 1.352354576494044203e+01 1.831492251353141754e-01
3.366820000000000164e+02 1.395813251503034635e+01 1.376680930466764607e+01 1.913232103627002800e-01
3.376274999999999977e+02 1.346781242811104029e+01 1.329178775765971920e+01 1.760246704513201976e-01
3.385729999999999791e+02 1.280378183212246412e+01 1.262032236723817924e+01 1.834594648842848841e-01
3.395190000000000055e+02 1.315915708591455768e+01 1.294567822845247917e+01 2.134788574620785084e-01
3.407799999999999727e+02 1.375813972944793129e+01 1.354526691119065518e+01 2.128728182572761085e-01
3.417259999999999991e+02 1.344341771204778979e+01 1.326118052870894815e+01 1.822371833388416462e-01
3.426715000000000373e+02 1.312604951140626319e+01 1.293813346306046341e+01 1.879160483458006681e-01
3.436170000000000186e+02 1.354721451804884680e+01 1.333561755111592007e+01 2.115969669329267333e-01
3.445629999999999882e+02 1.414174706402388182e+01 1.392822811061470567e+01 2.135189534091761487e-01
3.458240000000000123e+02 1.429322842736156218e+01 1.410675497889159402e+01 1.864734484699672734e-01
3.467699999999999818e+02 1.443426339693099969e+01 1.425194901088001131e+01 1.823143860509883751e-01
3.477155000000000200e+02 1.450703484243351582e+01 1.432891447112739414e+01 1.781203713061199068e-01
3.486610000000000014e+02 1.450666934110335760e+01 1.433152087163601607e+01 1.751484694673415277e-01
3.496069999999999709e+02 1.432310034057645076e+01 1.415079499837866628e+01 1.723053421977844835e-01
3.505529999999999973e+02 1.425784250866401592e+01 1.408252087163601907e+01 1.753216370279968572e-01
3.514985000000000355e+02 1.434097738335833228e+01 1.416355737806816961e+01 1.774200052901626634e-01
3.527590000000000146e+02 1.414510145033964506e+01 1.397100218261043203e+01 1.740992677292139135e-01
3.537049999999999841e+02 1.424363036266673888e+01 1.406332500631380000e+01 1.803053563529388725e-01
3.546504999999999654e+02 1.437465918063011827e+01 1.419492304725038068e+01 1.797361333797367067e-01
3.555960000000000036e+02 1.422805331951618157e+01 1.405430541731001881e+01 1.737479022061627632e-01
3.565420000000000300e+02 1.403052466689991107e+01 1.385620761402940104e+01 1.743170528705091371e-01
3.574879999999999995e+02 1.398759257137055556e+01 1.380895035383679215e+01 1.786422175337634144e-01
3.584334999999999809e+02 1.406703337776894713e+01 1.388559234754016991e+01 1.814410302287781107e-01
3.596945000000000050e+02 1.424692696649740142e+01 1.406465425723727947e+01 1.822727092601237331e-01
3.606399999999999864e+02 1.433528448132479838e+01 1.415550374313498594e+01 1.797807381898124390e-01
3.615860000000000127e+02 1.435496754001728625e+01 1.417794096488455402e+01 1.770265751327322334e-01
3.625319999999999823e+02 1.400812683048668283e+01 1.383787308315002740e+01 1.702537473366554366e-01
3.634774999999999636e+02 1.372985127949373130e+01 1.355400246949776388e+01 1.758488099959674145e-01
3.647384999999999877e+02 1.387519943227499652e+01 1.368838090596044665e+01 1.868185263145507591e-01
3.656840000000000259e+02 1.406394973368519175e+01 1.387708633115725121e+01 1.868634025279405364e-01
3.666299999999999955e+02 1.382359247321923945e+01 1.364472700882959799e+01 1.788654643896396834e-01
3.675760000000000218e+02 1.405242533010800976e+01 1.386311820750808721e+01 1.893071225999225504e-01
3.685215000000000032e+02 1.397836885591081391e+01 1.379836767082339577e+01 1.800011850874190245e-01
3.694669999999999845e+02 1.381955328492511903e+01 1.363898561806963450e+01 1.805676668554845321e-01
3.704130000000000109e+02 1.417274404485801753e+01 1.398400291862218481e+01 1.887411262358327235e-01
3.716739999999999782e+02 1.371540855345342713e+01 1.354222493967872865e+01 1.731836137746975979e-01
3.726200000000000045e+02 1.362841378524451486e+01 1.344312436761046925e+01 1.852894176340456056e-01
3.735654999999999859e+02 1.409938340069279050e+01 1.390242771626094687e+01 1.969556844318445243e-01
3.745110000000000241e+02 1.451160601756195234e+01 1.431783937833675147e+01 1.937666392252008762e-01
3.754569999999999936e+02 1.389034685065712083e+01 1.371952422469455612e+01 1.708226259625638122e-01
3.767180000000000177e+02 1.304999337723325681e+01 1.286985823122250849e+01 1.801351460107492031e-01
