5.000000000000000000e-01 1.476500000000000009e-05
2.500000000000000000e+00 1.170149999999999969e-05
4.000000000000000000e+00 2.757700000000000041e-05
5.500000000000000000e+00 1.971400000000000133e-05
7.000000000000000000e+00 1.577599999999999939e-05
8.500000000000000000e+00 2.669999999999999847e-05
1.050000000000000000e+01 1.318750000000000037e-05
1.200000000000000000e+01 1.590899999999999964e-05
1.350000000000000000e+01 1.096670000000000124e-05
1.500000000000000000e+01 1.071600000000000040e-05
1.650000000000000000e+01 1.286449999999999855e-05
1.800000000000000000e+01 8.724599999999999443e-06
1.950000000000000000e+01 1.098410000000000043e-05
2.150000000000000000e+01 1.515899999999999835e-05
2.300000000000000000e+01 1.331900000000000072e-05
2.450000000000000000e+01 1.827950000000000007e-05
2.600000000000000000e+01 2.028400000000000095e-05
2.750000000000000000e+01 1.869199999999999993e-05
2.950000000000000000e+01 1.492399999999999975e-05
3.100000000000000000e+01 1.265300000000000066e-05
3.250000000000000000e+01 1.490100000000000014e-05
3.400000000000000000e+01 2.040699999999999960e-05
3.550000000000000000e+01 1.683050000000000090e-05
3.700000000000000000e+01 1.133100000000000044e-05
3.850000000000000000e+01 1.432150000000000171e-05
4.050000000000000000e+01 1.928750000000000126e-05
4.200000000000000000e+01 1.150299999999999981e-05
4.350000000000000000e+01 7.785749999999999106e-06
4.500000000000000000e+01 2.074699999999999974e-05
4.650000000000000000e+01 2.388750000000000126e-05
4.800000000000000000e+01 6.603800000000000199e-06
4.950000000000000000e+01 1.083815000000000058e-05
5.150000000000000000e+01 8.878199999999999124e-06
5.300000000000000000e+01 1.771999999999999975e-05
5.450000000000000000e+01 3.787450000000000473e-05
5.600000000000000000e+01 1.896999999999999964e-05
5.750000000000000000e+01 2.158899999999999947e-05
5.950000000000000000e+01 2.540249999999999946e-05
6.100000000000000000e+01 1.780400000000000098e-05
6.250000000000000000e+01 2.201750000000000053e-05
6.400000000000000000e+01 1.772099999999999855e-05
6.550000000000000000e+01 1.003025000000000108e-05
6.700000000000000000e+01 1.298299999999999919e-05
6.850000000000000000e+01 1.876950000000000046e-05
7.050000000000000000e+01 1.218150000000000018e-05
7.200000000000000000e+01 1.453299999999999960e-05
7.350000000000000000e+01 1.201649999999999921e-05
7.500000000000000000e+01 1.827500000000000036e-05
7.650000000000000000e+01 3.410100000000000436e-05
7.800000000000000000e+01 8.236900000000000707e-06
7.950000000000000000e+01 1.243200000000000057e-05
8.150000000000000000e+01 8.082100000000000089e-06
8.300000000000000000e+01 7.671499999999999310e-06
8.450000000000000000e+01 1.086399999999999966e-05
8.600000000000000000e+01 1.429199999999999970e-05
8.750000000000000000e+01 1.626299999999999998e-05
8.950000000000000000e+01 1.044025000000000054e-05
9.100000000000000000e+01 1.163099999999999926e-05
9.250000000000000000e+01 2.252800000000000183e-05
9.400000000000000000e+01 4.615699999999999870e-05
9.550000000000000000e+01 1.704050000000000058e-05
9.700000000000000000e+01 1.858600000000000128e-05
9.850000000000000000e+01 2.406699999999999844e-05
1.005000000000000000e+02 1.492350000000000035e-05
1.020000000000000000e+02 1.385900000000000063e-05
1.035000000000000000e+02 1.305799999999999932e-05
1.050000000000000000e+02 1.839499999999999922e-05
1.065000000000000000e+02 1.948099999999999864e-05
1.080000000000000000e+02 2.254300000000000084e-05
1.095000000000000000e+02 1.153849999999999973e-05
1.115000000000000000e+02 1.390899999999999846e-05
1.130000000000000000e+02 1.832399999999999939e-05
1.145000000000000000e+02 2.228800000000000074e-05
1.160000000000000000e+02 2.934899999999999971e-05
1.175000000000000000e+02 3.737850000000000135e-05
1.195000000000000000e+02 2.477600000000000131e-05
1.210000000000000000e+02 1.355799999999999962e-05
1.225000000000000000e+02 1.212919999999999900e-05
1.240000000000000000e+02 7.376499999999999594e-06
1.255000000000000000e+02 3.108799999999999780e-05
1.270000000000000000e+02 3.635699999999999766e-05
1.285000000000000000e+02 1.673150000000000066e-05
1.305000000000000000e+02 7.288199999999999778e-05
1.320000000000000000e+02 4.341100000000000162e-05
1.335000000000000000e+02 1.552000000000000048e-05
1.350000000000000000e+02 2.047400000000000082e-05
1.365000000000000000e+02 4.899000000000000360e-05
1.380000000000000000e+02 6.161399999999999657e-05
1.395000000000000000e+02 1.731449999999999829e-05
1.415000000000000000e+02 4.211850000000000001e-05
1.430000000000000000e+02 4.294100000000000103e-05
1.445000000000000000e+02 2.750649999999999829e-05
1.460000000000000000e+02 9.303600000000000167e-06
1.475000000000000000e+02 2.006300000000000086e-05
1.495000000000000000e+02 1.767250000000000063e-05
1.510000000000000000e+02 1.177900000000000022e-05
1.525000000000000000e+02 4.224550000000000066e-05
1.540000000000000000e+02 1.126600000000000022e-05
1.555000000000000000e+02 1.383349999999999893e-05
1.570000000000000000e+02 4.054300000000000129e-05
1.585000000000000000e+02 3.824100000000000199e-05
1.605000000000000000e+02 3.713100000000000076e-05
1.620000000000000000e+02 1.361000000000000014e-05
1.635000000000000000e+02 1.118699999999999979e-05
1.650000000000000000e+02 1.114599999999999967e-05
1.665000000000000000e+02 8.688099999999999030e-06
1.680000000000000000e+02 7.273099999999999872e-06
1.695000000000000000e+02 1.296750000000000078e-05
1.715000000000000000e+02 8.597400000000000051e-06
1.730000000000000000e+02 1.415800000000000065e-05
1.745000000000000000e+02 1.900999999999999926e-05
1.760000000000000000e+02 1.868600000000000033e-05
1.775000000000000000e+02 1.665800000000000212e-05
1.795000000000000000e+02 4.306750000000000058e-05
1.810000000000000000e+02 2.359800000000000005e-05
1.825000000000000000e+02 1.541699999999999825e-05
1.840000000000000000e+02 1.406699999999999932e-05
1.855000000000000000e+02 2.518850000000000117e-05
1.870000000000000000e+02 2.002900000000000085e-05
1.885000000000000000e+02 1.154590000000000070e-05
1.905000000000000000e+02 1.642450000000000173e-05
1.920000000000000000e+02 3.665800000000000037e-05
1.935000000000000000e+02 1.810149999999999940e-05
1.950000000000000000e+02 1.495600000000000046e-05
1.965000000000000000e+02 1.175699999999999941e-05
1.980000000000000000e+02 1.347599999999999939e-05
1.995000000000000000e+02 1.319750000000000027e-05
2.015000000000000000e+02 1.087474999999999952e-05
2.030000000000000000e+02 1.642600000000000163e-05
2.045000000000000000e+02 1.239900000000000106e-05
2.060000000000000000e+02 1.441200000000000025e-05
2.075000000000000000e+02 1.759050000000000040e-05
2.095000000000000000e+02 3.328449999999999616e-05
2.110000000000000000e+02 1.518799999999999926e-05
2.125000000000000000e+02 1.352949999999999981e-05
2.140000000000000000e+02 2.260099999999999926e-05
2.155000000000000000e+02 1.561250000000000002e-05
2.170000000000000000e+02 1.306799999999999923e-05
2.185000000000000000e+02 1.380249999999999872e-05
2.205000000000000000e+02 2.312149999999999877e-05
2.220000000000000000e+02 3.243700000000000131e-05
2.235000000000000000e+02 5.744950000000000620e-05
2.250000000000000000e+02 1.046599999999999941e-05
2.265000000000000000e+02 1.647299999999999966e-05
2.285000000000000000e+02 3.489650000000000038e-05
2.300000000000000000e+02 2.827700000000000049e-05
2.315000000000000000e+02 1.917199999999999872e-05
2.330000000000000000e+02 1.637800000000000142e-05
2.345000000000000000e+02 9.502699999999999667e-06
2.360000000000000000e+02 1.836500000000000120e-05
2.375000000000000000e+02 1.825950000000000026e-05
2.395000000000000000e+02 1.193099999999999978e-05
2.410000000000000000e+02 1.264900000000000036e-05
2.425000000000000000e+02 1.501049999999999969e-05
2.440000000000000000e+02 1.031800000000000015e-05
2.455000000000000000e+02 2.545449999999999829e-05
2.470000000000000000e+02 1.420900000000000067e-05
2.485000000000000000e+02 1.044529999999999976e-05
2.505000000000000000e+02 2.474699999999999871e-05
2.520000000000000000e+02 3.628400000000000023e-05
2.535000000000000000e+02 1.416294999999999964e-05
2.550000000000000000e+02 1.156099999999999993e-05
2.565000000000000000e+02 1.923600000000000014e-05
2.585000000000000000e+02 9.441100000000000121e-06
2.600000000000000000e+02 1.371399999999999948e-05
2.615000000000000000e+02 1.172899999999999900e-05
2.630000000000000000e+02 1.033799999999999995e-05
2.645000000000000000e+02 1.941600000000000181e-05
2.660000000000000000e+02 3.441899999999999691e-05
2.675000000000000000e+02 1.994149999999999872e-05
2.695000000000000000e+02 3.420699999999999961e-05
2.710000000000000000e+02 2.645299999999999898e-05
2.725000000000000000e+02 1.264450000000000066e-05
2.740000000000000000e+02 1.180899999999999993e-05
2.755000000000000000e+02 1.524850000000000147e-05
2.770000000000000000e+02 1.443900000000000016e-05
2.785000000000000000e+02 8.312249999999999909e-06
2.805000000000000000e+02 2.291749999999999869e-05
2.820000000000000000e+02 1.797299999999999885e-05
2.835000000000000000e+02 1.243500000000000037e-05
2.850000000000000000e+02 1.006400000000000054e-05
2.865000000000000000e+02 1.556749999999999961e-05
2.885000000000000000e+02 1.953300000000000086e-05
2.900000000000000000e+02 1.946200000000000103e-05
2.915000000000000000e+02 3.597600000000000250e-05
2.930000000000000000e+02 5.291799999999999716e-05
2.945000000000000000e+02 6.029000000000000044e-05
2.960000000000000000e+02 5.305900000000000140e-05
2.975000000000000000e+02 2.267499999999999889e-05
2.995000000000000000e+02 1.429799999999999931e-05
3.010000000000000000e+02 1.989199999999999860e-05
3.025000000000000000e+02 1.084379999999999941e-05
3.040000000000000000e+02 2.719599999999999847e-05
3.055000000000000000e+02 3.398900000000000272e-05
3.070000000000000000e+02 1.055700000000000074e-05
3.085000000000000000e+02 1.152639999999999860e-05
3.105000000000000000e+02 1.710349999999999981e-05
3.120000000000000000e+02 3.181900000000000147e-05
3.135000000000000000e+02 2.709050000000000092e-05
3.150000000000000000e+02 1.517199999999999975e-05
3.165000000000000000e+02 2.615700000000000045e-05
3.185000000000000000e+02 2.309549999999999936e-05
3.200000000000000000e+02 1.963099999999999890e-05
3.215000000000000000e+02 1.484300000000000002e-05
3.230000000000000000e+02 2.636900000000000114e-05
3.245000000000000000e+02 3.080850000000000157e-05
3.260000000000000000e+02 1.711899999999999991e-05
3.275000000000000000e+02 1.854850000000000037e-05
3.295000000000000000e+02 4.735450000000000206e-05
3.310000000000000000e+02 3.264400000000000120e-05
3.325000000000000000e+02 3.338049999999999660e-05
3.340000000000000000e+02 6.692399999999999825e-05
3.355000000000000000e+02 2.811150000000000012e-05
3.370000000000000000e+02 1.758999999999999930e-05
3.385000000000000000e+02 3.276750000000000094e-05
3.405000000000000000e+02 3.178900000000000345e-05
3.420000000000000000e+02 2.246499999999999921e-05
3.435000000000000000e+02 1.620999999999999896e-05
3.450000000000000000e+02 2.160200000000000087e-05
3.465000000000000000e+02 2.945349999999999845e-05
3.485000000000000000e+02 3.704550000000000301e-05
3.500000000000000000e+02 1.580000000000000119e-05
3.515000000000000000e+02 1.893149999999999992e-05
3.530000000000000000e+02 4.993399999999999998e-05
3.545000000000000000e+02 3.605099999999999754e-05
3.560000000000000000e+02 1.329699999999999991e-05
3.575000000000000000e+02 1.857149999999999998e-05
3.595000000000000000e+02 1.363550000000000015e-05
3.610000000000000000e+02 2.948299999999999876e-05
3.625000000000000000e+02 4.754699999999999725e-05
3.640000000000000000e+02 2.513700000000000006e-05
3.655000000000000000e+02 1.744050000000000014e-05
3.670000000000000000e+02 2.545400000000000058e-05
3.685000000000000000e+02 5.027100000000000031e-05
3.705000000000000000e+02 4.756599999999999826e-05
3.720000000000000000e+02 4.570400000000000151e-05
3.735000000000000000e+02 3.637449999999999538e-05
3.750000000000000000e+02 1.382699999999999992e-05
3.765000000000000000e+02 3.493500000000000349e-05
3.785000000000000000e+02 3.594599999999999770e-05
3.800000000000000000e+02 1.002000000000000063e-05
3.815000000000000000e+02 2.549849999999999990e-05
3.830000000000000000e+02 2.965299999999999883e-05
3.845000000000000000e+02 2.669099999999999907e-05
3.860000000000000000e+02 3.241000000000000310e-05
3.875000000000000000e+02 1.113550000000000036e-05
3.895000000000000000e+02 1.479499999999999980e-05
3.910000000000000000e+02 1.591799999999999904e-05
3.925000000000000000e+02 1.598299999999999927e-05
3.940000000000000000e+02 1.771900000000000094e-05
3.955000000000000000e+02 1.506949999999999861e-05
3.970000000000000000e+02 1.129499999999999943e-05
3.985000000000000000e+02 1.331350000000000052e-05
4.005000000000000000e+02 1.337004999999999916e-05
4.020000000000000000e+02 9.628100000000000194e-06
4.035000000000000000e+02 1.498049999999999997e-05
4.050000000000000000e+02 1.688499999999999843e-05
4.065000000000000000e+02 1.777649999999999828e-05
4.085000000000000000e+02 1.117444999999999937e-05
4.100000000000000000e+02 1.768999999999999834e-05
4.115000000000000000e+02 2.164399999999999809e-05
4.130000000000000000e+02 2.390499999999999898e-05
4.145000000000000000e+02 1.216760000000000019e-05
4.160000000000000000e+02 7.672700000000000248e-06
4.175000000000000000e+02 1.254349999999999942e-05
4.195000000000000000e+02 9.229850000000001085e-06
4.210000000000000000e+02 1.069999999999999920e-05
4.225000000000000000e+02 1.044219999999999974e-05
4.240000000000000000e+02 7.660300000000000163e-06
4.255000000000000000e+02 1.149200000000000110e-05
4.275000000000000000e+02 1.030939999999999992e-05
4.290000000000000000e+02 1.412100000000000083e-05
4.305000000000000000e+02 4.497499999999999545e-05
4.320000000000000000e+02 2.923200000000000066e-05
4.335000000000000000e+02 1.349999999999999949e-05
4.350000000000000000e+02 1.871700000000000054e-05
4.365000000000000000e+02 3.003900000000000157e-05
4.385000000000000000e+02 3.435849999999999977e-05
4.400000000000000000e+02 2.869100000000000025e-05
4.415000000000000000e+02 2.054650000000000055e-05
4.430000000000000000e+02 3.578499999999999704e-05
4.445000000000000000e+02 1.669900000000000055e-05
4.460000000000000000e+02 3.603599999999999853e-05
4.475000000000000000e+02 1.584750000000000031e-05
4.495000000000000000e+02 1.567450000000000044e-05
4.510000000000000000e+02 2.543100000000000097e-05
4.525000000000000000e+02 3.391150000000000219e-05
4.540000000000000000e+02 9.806500000000000045e-06
4.555000000000000000e+02 1.932399999999999998e-05
4.575000000000000000e+02 3.498100000000000271e-05
4.590000000000000000e+02 1.180000000000000052e-05
4.605000000000000000e+02 1.383849999999999973e-05
4.620000000000000000e+02 9.738500000000000018e-06
4.635000000000000000e+02 6.707949999999999871e-06
4.650000000000000000e+02 1.337300000000000054e-05
4.665000000000000000e+02 3.724500000000000000e-05
4.685000000000000000e+02 1.329100000000000031e-05
4.700000000000000000e+02 1.036399999999999937e-05
4.715000000000000000e+02 1.406450000000000061e-05
4.730000000000000000e+02 1.542699999999999985e-05
4.745000000000000000e+02 2.324199999999999872e-05
4.760000000000000000e+02 1.755899999999999909e-05
4.775000000000000000e+02 1.216449999999999847e-05
4.795000000000000000e+02 1.293299999999999967e-05
4.810000000000000000e+02 1.884499999999999999e-05
4.825000000000000000e+02 1.255650000000000082e-05
4.840000000000000000e+02 1.114100000000000057e-05
4.855000000000000000e+02 2.553100000000000001e-05
4.875000000000000000e+02 2.010199999999999829e-05
4.890000000000000000e+02 2.440800000000000077e-05
4.905000000000000000e+02 2.110999999999999948e-05
4.920000000000000000e+02 7.523900000000000080e-06
4.935000000000000000e+02 1.045759999999999962e-05
4.950000000000000000e+02 1.179499999999999973e-05
4.965000000000000000e+02 1.327950000000000050e-05
4.985000000000000000e+02 1.043709999999999872e-05
5.000000000000000000e+02 7.937399999999999594e-06
5.015000000000000000e+02 1.252499999999999951e-05
5.030000000000000000e+02 1.760499999999999831e-05
5.045000000000000000e+02 1.826349999999999886e-05
5.060000000000000000e+02 3.153299999999999777e-05
5.075000000000000000e+02 2.178349999999999904e-05
5.095000000000000000e+02 1.622450000000000026e-05
5.110000000000000000e+02 1.023599999999999991e-05
5.125000000000000000e+02 7.622199999999999630e-06
5.140000000000000000e+02 9.297600000000000564e-06
5.155000000000000000e+02 1.623400000000000076e-05
5.175000000000000000e+02 1.561999999999999953e-05
5.190000000000000000e+02 1.238499999999999916e-05
5.205000000000000000e+02 1.566250000000000124e-05
5.220000000000000000e+02 2.006999999999999927e-05
5.235000000000000000e+02 1.600749999999999878e-05
5.250000000000000000e+02 1.311100000000000034e-05
5.265000000000000000e+02 1.838649999999999752e-05
5.285000000000000000e+02 2.386500000000000275e-05
5.300000000000000000e+02 1.811199999999999871e-05
5.315000000000000000e+02 2.418600000000000188e-05
5.330000000000000000e+02 1.060499999999999926e-05
5.345000000000000000e+02 3.944250000000000056e-05
5.360000000000000000e+02 7.636699999999999576e-05
5.375000000000000000e+02 2.591350000000000185e-05
5.395000000000000000e+02 1.663449999999999803e-05
5.410000000000000000e+02 3.979900000000000299e-05
5.425000000000000000e+02 4.737049999999999649e-05
5.440000000000000000e+02 1.067600000000000078e-05
5.455000000000000000e+02 8.925499999999999501e-06
5.475000000000000000e+02 1.393800000000000106e-05
5.490000000000000000e+02 9.086000000000000760e-06
5.505000000000000000e+02 1.041150000000000018e-05
5.520000000000000000e+02 1.024100000000000071e-05
5.535000000000000000e+02 1.430099999999999911e-05
5.550000000000000000e+02 1.272800000000000079e-05
5.565000000000000000e+02 1.163250000000000086e-05
5.585000000000000000e+02 1.733500000000000259e-05
5.600000000000000000e+02 1.096499999999999920e-05
5.615000000000000000e+02 1.124649999999999981e-05
5.630000000000000000e+02 1.626500000000000097e-05
5.645000000000000000e+02 1.843200000000000242e-05
5.660000000000000000e+02 1.704100000000000168e-05
5.675000000000000000e+02 1.506699999999999991e-05
5.695000000000000000e+02 1.202599999999999972e-05
5.710000000000000000e+02 1.226699999999999961e-05
5.725000000000000000e+02 1.163550000000000066e-05
5.740000000000000000e+02 2.273999999999999912e-05
5.755000000000000000e+02 2.501650000000000011e-05
5.775000000000000000e+02 1.638099999999999783e-05
5.790000000000000000e+02 1.330400000000000002e-05
5.805000000000000000e+02 2.450299999999999901e-05
5.820000000000000000e+02 8.348399999999999555e-06
5.835000000000000000e+02 2.031599999999999997e-05
5.850000000000000000e+02 2.043500000000000001e-05
5.865000000000000000e+02 9.605250000000000913e-06
5.885000000000000000e+02 3.152800000000000036e-05
5.900000000000000000e+02 1.848200000000000025e-05
5.915000000000000000e+02 9.701849999999999277e-06
5.930000000000000000e+02 7.432400000000000193e-06
5.945000000000000000e+02 2.817999999999999786e-05
5.965000000000000000e+02 5.166500000000000085e-05
