9.455000000000000071e-01 3.010494279687208917e-11
2.206500000000000128e+00 9.815999110600220174e-11
3.152000000000000135e+00 2.926080470614412198e-10
4.097999999999999865e+00 3.881095981111723556e-10
5.043999999999999595e+00 3.161842773997725071e-10
5.989499999999999602e+00 4.501839540279178477e-10
7.250499999999999723e+00 2.953189597054848131e-10
8.195999999999999730e+00 2.340639462595418312e-10
9.141999999999999460e+00 1.823116779808835081e-10
1.008799999999999919e+01 1.339059711907620019e-10
1.103350000000000009e+01 1.401532332353515482e-10
1.197899999999999920e+01 1.208205645194587927e-10
1.292500000000000071e+01 1.110426903306687591e-10
1.418599999999999994e+01 1.721377589738591717e-10
1.513199999999999967e+01 1.825914703572509266e-10
1.607750000000000057e+01 2.340385763582920988e-10
1.702299999999999969e+01 3.130854548348731088e-10
1.796900000000000119e+01 3.228724967660596541e-10
1.923000000000000043e+01 2.805613888951602911e-10
2.017599999999999838e+01 2.099523756108882793e-10
2.112150000000000105e+01 2.006770744416906426e-10
2.206700000000000017e+01 2.557734956291689742e-10
2.301299999999999812e+01 2.748166902835996254e-10
2.395899999999999963e+01 2.050701021428331440e-10
2.490449999999999875e+01 1.864346151995226372e-10
2.616550000000000153e+01 2.513031486853958929e-10
2.711100000000000065e+01 2.244559436249607604e-10
2.805700000000000216e+01 1.332821845938171401e-10
2.900300000000000011e+01 2.009243864912221127e-10
2.994849999999999923e+01 3.803958265857944792e-10
3.089399999999999835e+01 2.216669995337345695e-10
3.183999999999999986e+01 1.432271290195007018e-10
3.310049999999999670e+01 1.061054711352847288e-10
3.404599999999999937e+01 1.757443336495685909e-10
3.499200000000000443e+01 6.095548020983589069e-10
3.593800000000000239e+01 5.814126739574058249e-10
3.688349999999999795e+01 4.665314479925388302e-10
3.814450000000000074e+01 5.526229270421919920e-10
3.909000000000000341e+01 4.350612421284677417e-10
4.003600000000000136e+01 4.107095559538414074e-10
4.098199999999999932e+01 3.623497702276440377e-10
4.192750000000000199e+01 2.177683644260455011e-10
4.287299999999999756e+01 1.601952551090848125e-10
4.381900000000000261e+01 2.326433661079485969e-10
4.507999999999999829e+01 1.999062456284312981e-10
4.602600000000000335e+01 1.847346652691029880e-10
4.697149999999999892e+01 1.689190009155744134e-10
4.791700000000000159e+01 2.430536936997769971e-10
4.886299999999999955e+01 5.996495775051860317e-10
4.980899999999999750e+01 3.783478090274205843e-10
5.075450000000000017e+01 2.218160864868423633e-10
5.201550000000000296e+01 1.206973998683293439e-10
5.296099999999999852e+01 7.985983823692364910e-11
5.390699999999999648e+01 9.058634358080892185e-11
5.485300000000000153e+01 1.348303328636628438e-10
5.579849999999999710e+01 1.943095323812684180e-10
5.705949999999999989e+01 1.431870454075688634e-10
5.800500000000000256e+01 1.388320128878517758e-10
5.895100000000000051e+01 2.595690233570472639e-10
5.989699999999999847e+01 7.631115733266443815e-10
6.084250000000000114e+01 5.884614134887385899e-10
6.178799999999999670e+01 4.040617885216363502e-10
6.273399999999999466e+01 4.373854066878879716e-10
6.399500000000000455e+01 3.163193061570977279e-10
6.493999999999999773e+01 2.391145106925900498e-10
6.588599999999999568e+01 1.908476997642855099e-10
6.683199999999999363e+01 2.229152183391542970e-10
6.777750000000000341e+01 2.776053482489615262e-10
6.872299999999999898e+01 3.453269106572004489e-10
6.966899999999999693e+01 2.488822744540225119e-10
7.093000000000000682e+01 1.776342194289693748e-10
7.187600000000000477e+01 2.255695001861634060e-10
7.282150000000000034e+01 3.271968120715246660e-10
7.376699999999999591e+01 4.940598496188636098e-10
7.471299999999999386e+01 8.096668306348991700e-10
7.597400000000000375e+01 7.795606052006509083e-10
7.692000000000000171e+01 4.371889611593857932e-10
7.786549999999999727e+01 2.590456535520889216e-10
7.881100000000000705e+01 1.410529134128574646e-10
7.975700000000000500e+01 3.647735539735150152e-10
8.070300000000000296e+01 7.218941439069857008e-10
8.164849999999999852e+01 5.628942455930958361e-10
8.290949999999999420e+01 1.825688561167907397e-09
8.385500000000000398e+01 2.072974783442084150e-09
8.480100000000000193e+01 9.932461191332323241e-10
8.574699999999999989e+01 5.359896319229709990e-10
8.669249999999999545e+01 1.092426001456255281e-09
8.763800000000000523e+01 1.900374182605215403e-09
8.858400000000000318e+01 1.072999239446011131e-09
8.984499999999999886e+01 9.738905197925777145e-10
9.079099999999999682e+01 1.309255223952049238e-09
9.173650000000000659e+01 1.013911990402221578e-09
9.268200000000000216e+01 4.642823548736569703e-10
9.362800000000000011e+01 3.409289573897829800e-10
9.488899999999999579e+01 3.641871296458525426e-10
9.583499999999999375e+01 2.676734768049477375e-10
9.678000000000000114e+01 7.271696670988983631e-10
9.772599999999999909e+01 5.661775737480907380e-10
9.867149999999999466e+01 3.323100338415746154e-10
9.961700000000000443e+01 5.893213510656332127e-10
1.005630000000000024e+02 9.750183831505287388e-10
1.018239999999999981e+02 1.120627665815886212e-09
1.027699999999999960e+02 6.411432106287435512e-10
1.037155000000000058e+02 3.116030666552685329e-10
1.046610000000000014e+02 1.743366341659927872e-10
1.056069999999999993e+02 1.170085844948105520e-10
1.065529999999999973e+02 8.154607393928539620e-11
1.074985000000000070e+02 1.061757160051677050e-10
1.087595000000000027e+02 1.057381292316879264e-10
1.097049999999999983e+02 1.255293622827339896e-10
1.106509999999999962e+02 2.191204101408430923e-10
1.115969999999999942e+02 2.863249882589925861e-10
1.125425000000000040e+02 2.972230807093616620e-10
1.138034999999999997e+02 8.042169721020818161e-10
1.147489999999999952e+02 8.051177964832983174e-10
1.156949999999999932e+02 4.812725610905557084e-10
1.166410000000000053e+02 2.924462204484702617e-10
1.175865000000000009e+02 3.749875952614552513e-10
1.185319999999999965e+02 4.250570786370049754e-10
1.194780000000000086e+02 2.747601752819152961e-10
1.207390000000000043e+02 2.057407914043764735e-10
1.216850000000000023e+02 4.677595361905697849e-10
1.226304999999999978e+02 4.432131325265653278e-10
1.235759999999999934e+02 2.998909593289781845e-10
1.245219999999999914e+02 2.044815598849651524e-10
1.254680000000000035e+02 1.685480802401629006e-10
1.264134999999999991e+02 1.680048697653530763e-10
1.276744999999999948e+02 1.387417874182729835e-10
1.286200000000000045e+02 1.665026345187697612e-10
1.295654999999999859e+02 1.713767303228638375e-10
1.305109999999999957e+02 1.732294045950679142e-10
1.314569999999999936e+02 2.355849726553064690e-10
1.327179999999999893e+02 5.819962029265832928e-10
1.336639999999999873e+02 5.034673635304784527e-10
1.346095000000000255e+02 3.071195350737368102e-10
1.355550000000000068e+02 3.036065509374055677e-10
1.365010000000000048e+02 2.822831787417845985e-10
1.374470000000000027e+02 2.142933011871181838e-10
1.383924999999999841e+02 1.902760539376860525e-10
1.396535000000000082e+02 3.017933023362020852e-10
1.405989999999999895e+02 6.096705478599529516e-10
1.415450000000000159e+02 1.434895237302442810e-09
1.424910000000000139e+02 9.573950924935010793e-10
1.434365000000000236e+02 4.840626184972793540e-10
1.446974999999999909e+02 6.588353093095944935e-10
1.456430000000000007e+02 7.479726153114330034e-10
1.465889999999999986e+02 5.377783778650094075e-10
1.475349999999999966e+02 3.513623281873031220e-10
1.484805000000000064e+02 2.032217351311874818e-10
1.494259999999999877e+02 1.961997570489311069e-10
1.503720000000000141e+02 2.615213115880189995e-10
1.516330000000000098e+02 1.982737038120410385e-10
1.525790000000000077e+02 1.631898097373128354e-10
1.535244999999999891e+02 1.799213361465468649e-10
1.544699999999999989e+02 1.652748952815661316e-10
1.554159999999999968e+02 3.121381655432283409e-10
1.563619999999999948e+02 3.586134772803949701e-10
1.573075000000000045e+02 2.183333312366674376e-10
1.585684999999999718e+02 3.289944364037770179e-10
1.595140000000000100e+02 6.466999853065849665e-10
1.604594999999999914e+02 4.800740771380276197e-10
1.614050000000000011e+02 2.508797036135901258e-10
1.623509999999999991e+02 2.510947241773472347e-10
1.636119999999999948e+02 1.928426284402083789e-10
1.645579999999999927e+02 1.511619027741192485e-10
1.655034999999999741e+02 1.468197737603643827e-10
1.664490000000000123e+02 1.275022806179031908e-10
1.673950000000000102e+02 2.106510246223186458e-10
1.683410000000000082e+02 4.974013752219934416e-10
1.692864999999999895e+02 5.179861962299806517e-10
1.705475000000000136e+02 6.532790791842454179e-10
1.714929999999999950e+02 7.452790882783963472e-10
1.724389999999999930e+02 4.216351989500054930e-10
1.733849999999999909e+02 2.208049762397302340e-10
1.743304999999999723e+02 1.972689311405426561e-10
1.752760000000000105e+02 2.050367340905126217e-10
1.762220000000000084e+02 1.453646229637196151e-10
1.774830000000000041e+02 2.258003853592614399e-10
1.784290000000000020e+02 3.433067977531000301e-10
1.793745000000000118e+02 2.517842666168277580e-10
1.803199999999999932e+02 1.662639586265617844e-10
1.812659999999999911e+02 1.809759818758866144e-10
1.825269999999999868e+02 2.930455044025687721e-10
1.834730000000000132e+02 3.393606506218689613e-10
1.844184999999999945e+02 6.575316054807380551e-10
1.853640000000000043e+02 1.351333948469745794e-09
1.863100000000000023e+02 2.065955739289766405e-09
1.872560000000000002e+02 2.253516885581319755e-09
1.882015000000000100e+02 1.286747193650518878e-09
1.894624999999999773e+02 4.332059448383110326e-10
1.904079999999999870e+02 3.187173859264941351e-10
1.913539999999999850e+02 2.273350643176144599e-10
1.922990000000000066e+02 3.496248874557437539e-10
1.932450000000000045e+02 6.817778561408036145e-10
1.941910000000000025e+02 4.298586457556504427e-10
1.951365000000000123e+02 2.333458146513972372e-10
1.963974999999999795e+02 2.200406461688946373e-10
1.973429999999999893e+02 4.462803056755180270e-10
1.982889999999999873e+02 5.993624591477976751e-10
1.992350000000000136e+02 4.237603456081051661e-10
2.001804999999999950e+02 4.522912326275211684e-10
2.014415000000000191e+02 5.351947573680007267e-10
2.023870000000000005e+02 4.108547533332208488e-10
2.033329999999999984e+02 3.076174355011548889e-10
2.042789999999999964e+02 4.076227108643426426e-10
2.052244999999999777e+02 6.388478128614893500e-10
2.061699999999999875e+02 4.788616294509858151e-10
2.071159999999999854e+02 3.832149173364260153e-10
2.083770000000000095e+02 8.911094661417171075e-10
2.093230000000000075e+02 1.229614139230143720e-09
2.102685000000000173e+02 1.078497301232741803e-09
2.112139999999999986e+02 1.762529549660249392e-09
2.121599999999999966e+02 1.401513312596231373e-09
2.131059999999999945e+02 7.512641270662672063e-10
2.140514999999999759e+02 7.729309107790846695e-10
2.153125000000000000e+02 6.960830794977646857e-10
2.162580000000000098e+02 7.237032852650344025e-10
2.172040000000000077e+02 4.415683174221613299e-10
2.181500000000000057e+02 3.848911717738501449e-10
2.190955000000000155e+02 5.527533908564216375e-10
2.203564999999999827e+02 9.984580320855667520e-10
2.213019999999999925e+02 6.298948569668187754e-10
2.222479999999999905e+02 4.263511967367550621e-10
2.231939999999999884e+02 8.225165880983462835e-10
2.241390000000000100e+02 1.117823376120219284e-09
2.250850000000000080e+02 6.127575260136353929e-10
2.260305000000000177e+02 4.083339774576091769e-10
2.272914999999999850e+02 2.649041253009588681e-10
2.282369999999999948e+02 3.917537244096972022e-10
2.291829999999999927e+02 1.029917416734028085e-09
2.301289999999999907e+02 1.007864964423296876e-09
2.310745000000000005e+02 5.917821263366855639e-10
2.320200000000000102e+02 5.153697696989791098e-10
2.329660000000000082e+02 1.116587264574311024e-09
2.342270000000000039e+02 1.736540175798022430e-09
2.351730000000000018e+02 1.699209584031369104e-09
2.361184999999999832e+02 1.424001376449994124e-09
2.370639999999999930e+02 7.010137914830172445e-10
2.380099999999999909e+02 7.564957081354498454e-10
2.392710000000000150e+02 1.154809686130606394e-09
2.402170000000000130e+02 5.257008202786822015e-10
2.411625000000000227e+02 4.555709066397500190e-10
2.421080000000000041e+02 6.441155123295728365e-10
2.430540000000000020e+02 6.407464859057235225e-10
2.440000000000000000e+02 7.174797260308083908e-10
2.449454999999999814e+02 3.950684414485140629e-10
2.462065000000000055e+02 2.178179411418248183e-10
2.471519999999999868e+02 2.174139111801706046e-10
2.480980000000000132e+02 2.249944741614444342e-10
2.490440000000000111e+02 2.536533347709432618e-10
2.499895000000000209e+02 2.416534484109620050e-10
2.509350000000000023e+02 1.874079825583101432e-10
2.518810000000000002e+02 1.643629587272127367e-10
2.531419999999999959e+02 1.799766280499992685e-10
2.540879999999999939e+02 1.384147120689771659e-10
2.550335000000000036e+02 1.641804740990451050e-10
2.559790000000000134e+02 2.165616164522549015e-10
2.569244999999999663e+02 2.724096362417443250e-10
2.581854999999999905e+02 1.844712157912962453e-10
2.591309999999999718e+02 2.063267138704452435e-10
2.600769999999999982e+02 3.019450409590248346e-10
2.610230000000000246e+02 4.045967886531863869e-10
2.619685000000000059e+02 3.048678697562914221e-10
2.629139999999999873e+02 1.621857878703506408e-10
2.638600000000000136e+02 1.379519654658315080e-10
2.651209999999999809e+02 1.129182364456516837e-10
2.660670000000000073e+02 1.050223762465288171e-10
2.670124999999999886e+02 1.103224295313475702e-10
2.679580000000000268e+02 8.941306577031379038e-11
2.689039999999999964e+02 9.874946069769132313e-11
2.701650000000000205e+02 1.157762750014632193e-10
2.711109999999999900e+02 1.477643560023931591e-10
2.720565000000000282e+02 7.303106026614147630e-10
2.730020000000000095e+02 9.779432932471370030e-10
2.739479999999999791e+02 5.403713571671193241e-10
2.748940000000000055e+02 3.398862191551462254e-10
2.758394999999999868e+02 5.182279410202419858e-10
2.771005000000000109e+02 7.678477945764225123e-10
2.780459999999999923e+02 8.324395724458038294e-10
2.789920000000000186e+02 5.805622198139113215e-10
2.799379999999999882e+02 6.442919388480047032e-10
2.808835000000000264e+02 4.756873719049238564e-10
2.818290000000000077e+02 5.767497469044691063e-10
2.827749999999999773e+02 4.467904089599385954e-10
2.840360000000000014e+02 2.763493032282965749e-10
2.849820000000000277e+02 4.067139869773400508e-10
2.859275000000000091e+02 7.354138198245440367e-10
2.868729999999999905e+02 4.548982322465728871e-10
2.878190000000000168e+02 3.425295371076543931e-10
2.890794999999999959e+02 7.234268510247157701e-10
2.900249999999999773e+02 4.673988891771912198e-10
2.909710000000000036e+02 2.838658511336759416e-10
2.919169999999999732e+02 1.751219296742308143e-10
2.928625000000000114e+02 9.919115887472106540e-11
2.938079999999999927e+02 1.096161254622832988e-10
2.947540000000000191e+02 5.089765055391247628e-10
2.960149999999999864e+02 4.506183130138646771e-10
2.969610000000000127e+02 2.308935241491691591e-10
2.979064999999999941e+02 1.875046396192602559e-10
2.988519999999999754e+02 1.994391557853561588e-10
2.997980000000000018e+02 3.227765955369372316e-10
3.007440000000000282e+02 3.584382894051729095e-10
3.016895000000000095e+02 2.504588268393549158e-10
3.029505000000000337e+02 1.701970154126359532e-10
3.038960000000000150e+02 2.157731539277659037e-10
3.048419999999999845e+02 2.029117377691468500e-10
3.057880000000000109e+02 1.620442373025986948e-10
3.067334999999999923e+02 3.210949438208719030e-10
3.079945000000000164e+02 4.156353704567119310e-10
3.089399999999999977e+02 4.433828339594816878e-10
3.098860000000000241e+02 4.343384966576631620e-10
3.108319999999999936e+02 2.397414818862968968e-10
3.117775000000000318e+02 1.450325306897898570e-10
3.127230000000000132e+02 1.281268696777669235e-10
3.136689999999999827e+02 1.457093158419936132e-10
3.149300000000000068e+02 1.397701180255048244e-10
3.158759999999999764e+02 1.019448891881777963e-10
3.168215000000000146e+02 1.139769254545288762e-10
3.177669999999999959e+02 1.817221035806746631e-10
3.187130000000000223e+02 2.576751577763754878e-10
3.196589999999999918e+02 4.553864145119485709e-10
3.206039999999999850e+02 4.856946389846482011e-10
3.218650000000000091e+02 3.376525201782413170e-10
3.228109999999999786e+02 2.141043318680406611e-10
3.237564999999999600e+02 1.213865307038545043e-10
3.247019999999999982e+02 8.861103783189913745e-11
3.256480000000000246e+02 1.497813451829106422e-10
3.269089999999999918e+02 2.233527280542999426e-10
3.278550000000000182e+02 1.961514494548551341e-10
3.288004999999999995e+02 1.964937294870679447e-10
3.297459999999999809e+02 2.591119061716404416e-10
3.306920000000000073e+02 2.693113789525496886e-10
3.316379999999999768e+02 2.221664418434197973e-10
3.325834999999999582e+02 2.378364329644713829e-10
3.338445000000000391e+02 3.856978172674030352e-10
3.347900000000000205e+02 3.896965066791435056e-10
3.357359999999999900e+02 4.504509422174268735e-10
3.366820000000000164e+02 3.297918486306764003e-10
3.376274999999999977e+02 6.998088807466124563e-10
3.385729999999999791e+02 1.981958240527919143e-09
3.395190000000000055e+02 1.411853055426733484e-09
3.407799999999999727e+02 5.321140038927093457e-10
3.417259999999999991e+02 6.670963292586656293e-10
3.426715000000000373e+02 1.198932707928415688e-09
3.436170000000000186e+02 7.471825020873448525e-10
3.445629999999999882e+02 3.151401346837145589e-10
3.458240000000000123e+02 1.777235061367933936e-10
3.467699999999999818e+02 1.366343459854517144e-10
3.477155000000000200e+02 1.145010713970689729e-10
3.486610000000000014e+02 1.099806752622981707e-10
3.496069999999999709e+02 1.443569348458725231e-10
3.505529999999999973e+02 1.683219199951527379e-10
3.514985000000000355e+02 1.504240987567085560e-10
3.527590000000000146e+02 1.990030518796668975e-10
3.537049999999999841e+02 1.847399248728401113e-10
3.546504999999999654e+02 1.462403709203497365e-10
3.555960000000000036e+02 1.706919093002311657e-10
3.565420000000000300e+02 2.419170996790976429e-10
3.574879999999999995e+02 2.733029844540930945e-10
3.584334999999999809e+02 2.478042628730408027e-10
3.596945000000000050e+02 1.867744982949475490e-10
3.606399999999999864e+02 1.555658305128400589e-10
3.615860000000000127e+02 1.450871627853309764e-10
3.625319999999999823e+02 2.361776048813015330e-10
3.634774999999999636e+02 4.068141297965593306e-10
3.647384999999999877e+02 3.613685332242720979e-10
3.656840000000000259e+02 2.625812962184405747e-10
3.666299999999999955e+02 3.553488182025896592e-10
3.675760000000000218e+02 2.799732052113506167e-10
3.685215000000000032e+02 2.837332248460597293e-10
3.694669999999999845e+02 3.671686241384776513e-10
3.704130000000000109e+02 2.319770375837249426e-10
3.716739999999999782e+02 4.200469880979385521e-10
3.726200000000000045e+02 5.304240351294777526e-10
3.735654999999999859e+02 2.908705681158283607e-10
3.745110000000000241e+02 1.408266768586266723e-10
3.754569999999999936e+02 3.361286834661769720e-10
3.767180000000000177e+02 1.316044712848771182e-09
