6.300000000000000044e-01 6.426299489081703127e+45 4.761399002716307403e+41
1.260999999999999899e+00 1.174252018105023523e+46 5.095032919632347320e+41
1.891000000000000014e+00 1.453206907876050110e+46 5.752753183772411487e+41
2.521999999999999797e+00 2.001749584794935566e+46 8.724768881737840044e+41
3.152000000000000135e+00 3.660894430345292257e+46 1.410121113263899410e+42
3.782999999999999918e+00 4.536705654075017563e+46 1.064740979834572587e+42
4.413000000000000256e+00 3.532801139809789461e+46 7.395451535549065302e+41
5.043999999999999595e+00 3.492143383491858918e+46 1.185107095783470827e+42
5.674000000000000377e+00 4.732103880334032244e+46 1.322476465462627544e+42
6.304999999999999716e+00 4.388980535088657598e+46 9.287134861116339174e+41
6.934999999999999609e+00 3.414410532054113347e+46 7.567132359307072523e+41
7.565999999999999837e+00 2.891777633566699575e+46 7.664828992186891542e+41
8.195999999999999730e+00 2.777228493344102173e+46 7.844463493260601173e+41
8.826999999999999957e+00 2.521757285369012766e+46 6.397256903305545910e+41
9.457000000000000739e+00 2.054618184720281867e+46 5.343642267292739523e+41
1.008799999999999919e+01 1.890802841634353841e+46 6.096720526774949148e+41
1.071799999999999997e+01 2.024053671988507079e+46 6.588521818102822915e+41
1.134900000000000020e+01 2.009790432416004173e+46 5.880871282362162024e+41
1.197899999999999920e+01 1.764728513145498528e+46 4.872069214808556381e+41
1.260999999999999943e+01 1.587507223327311882e+46 5.206905257430350135e+41
1.324000000000000021e+01 1.885279215297991015e+46 7.270737685105033631e+41
1.387100000000000044e+01 2.332157800838350829e+46 7.701549210622310557e+41
1.450099999999999945e+01 2.418737578851585301e+46 7.159732070859237136e+41
1.513199999999999967e+01 2.406030388095042535e+46 7.332244952573345496e+41
1.576200000000000045e+01 2.638228078737817092e+46 8.771565363512833207e+41
1.639300000000000068e+01 3.207231612673872780e+46 1.024975295845360524e+42
1.702299999999999969e+01 3.545205651355741730e+46 9.851228105005899614e+41
1.765399999999999991e+01 3.537619509101481871e+46 9.615239180512963465e+41
1.828399999999999892e+01 3.568855994832746203e+46 9.701325336656832820e+41
1.891499999999999915e+01 3.371865140137737714e+46 8.383921087208838128e+41
1.954500000000000171e+01 2.886777709259239367e+46 7.152704037970723130e+41
2.017599999999999838e+01 2.533428083302826733e+46 6.959834695207288056e+41
2.080600000000000094e+01 2.457499867163487735e+46 7.447734984928101432e+41
2.143700000000000117e+01 2.650425876139538937e+46 8.554940738952186629e+41
2.206700000000000017e+01 3.115005775831509041e+46 9.917891592273071063e+41
2.269800000000000040e+01 3.359460150001694972e+46 9.004298009748734401e+41
2.332799999999999940e+01 2.944481331921095602e+46 7.092252220480323643e+41
2.395899999999999963e+01 2.475066626454118748e+46 6.562467700610543403e+41
2.458899999999999864e+01 2.334660461068375136e+46 7.079153068704371565e+41
2.521999999999999886e+01 2.500104895514748450e+46 8.138713637337895488e+41
2.585000000000000142e+01 2.920604874024915006e+46 9.501687046326643963e+41
2.648100000000000165e+01 3.181955499868491861e+46 8.646288161307974759e+41
2.711100000000000065e+01 2.641328931979820605e+46 5.815530195900325741e+41
2.774200000000000088e+01 1.910031566745287846e+46 4.506674359008778361e+41
2.837199999999999989e+01 1.686148982074018701e+46 5.988561507031617218e+41
2.900300000000000011e+01 2.803682131302767438e+46 1.285174145842527086e+42
2.963299999999999912e+01 4.459417788382043883e+46 1.229643071014996613e+42
3.026399999999999935e+01 3.667497212862551757e+46 6.823660048241016303e+41
3.089399999999999835e+01 2.450539281971188937e+46 5.126015038919837717e+41
3.152499999999999858e+01 1.962688135054132961e+46 5.603143491090432307e+41
3.215500000000000114e+01 1.867133865293184701e+46 5.695893958476847143e+41
3.278499999999999659e+01 1.701799802661183917e+46 4.811261865595425824e+41
3.341599999999999682e+01 1.547118586500221770e+46 5.334970304050375128e+41
3.404599999999999937e+01 2.591166328508335004e+46 1.301560144473141694e+42
3.467699999999999960e+01 5.492071567147859796e+46 1.792258866866388051e+42
3.530700000000000216e+01 6.360993824182224458e+46 1.378449499026501514e+42
3.593800000000000239e+01 5.255496076449457872e+46 1.022807392254557811e+42
3.656799999999999784e+01 4.303994795887522325e+46 1.037786291534114869e+42
3.719899999999999807e+01 4.793778495479205881e+46 1.422607183808046305e+42
3.782900000000000063e+01 5.510663709373266336e+46 1.327195201874302658e+42
3.846000000000000085e+01 4.920143609240667058e+46 1.054965265544594621e+42
3.909000000000000341e+01 4.246898134744031935e+46 1.017671080452502618e+42
3.972099999999999653e+01 4.130682566029782384e+46 1.106529783484157125e+42
4.035099999999999909e+01 4.233499163437437056e+46 1.081374930120934982e+42
4.098199999999999932e+01 3.731607939357771307e+46 8.174972629549333555e+41
4.161200000000000188e+01 2.809179122633435929e+46 6.021005375555300898e+41
4.224300000000000210e+01 2.150876271205164556e+46 5.568466992943826065e+41
4.287299999999999756e+01 2.168139420770086701e+46 7.825883060644928374e+41
4.350399999999999778e+01 2.847809078084877554e+46 9.585317255653076798e+41
4.413400000000000034e+01 2.962214684703532094e+46 7.788864618039370283e+41
4.476500000000000057e+01 2.579420513814833827e+46 6.755178095918824805e+41
4.539500000000000313e+01 2.387112841843327857e+46 7.017911438719474768e+41
4.602600000000000335e+01 2.407996267305107733e+46 7.297593582395229531e+41
4.665599999999999881e+01 2.340356566500330714e+46 6.534569446399490046e+41
4.728699999999999903e+01 2.141130313095216607e+46 6.554860038845825600e+41
4.791700000000000159e+01 3.150171247244217490e+46 1.438679035013346012e+42
4.854800000000000182e+01 6.003601971415374285e+46 1.720143663376588316e+42
4.917799999999999727e+01 5.457908607790964828e+46 9.516705354992295594e+41
4.980899999999999750e+01 3.612422890411328338e+46 6.571602481976288534e+41
5.043900000000000006e+01 2.724027370743588051e+46 6.701118507034543519e+41
5.107000000000000028e+01 2.306247649014228235e+46 5.940373117368056285e+41
5.170000000000000284e+01 1.871041646285920466e+46 4.744142153339956880e+41
5.233100000000000307e+01 1.480957959002307267e+46 4.049667280738182678e+41
5.296099999999999852e+01 1.332430385349557353e+46 4.510255389710479274e+41
5.359199999999999875e+01 1.453437169343493106e+46 5.323920290433141366e+41
5.422200000000000131e+01 1.653212269927086793e+46 6.009525865382605514e+41
5.485300000000000153e+01 2.079209775859084934e+46 8.059766222051886277e+41
5.548299999999999699e+01 2.665807691970803686e+46 8.465818703517727766e+41
5.611399999999999721e+01 2.436599889302397942e+46 5.906836033674295696e+41
5.674399999999999977e+01 1.957925944891790337e+46 5.495370239153482691e+41
5.737500000000000000e+01 2.002965453226688917e+46 6.658427889161875842e+41
5.800500000000000256e+01 1.983357536662480403e+46 5.740594870586119016e+41
5.863600000000000279e+01 2.069037743644841967e+46 8.260085946273435377e+41
5.926599999999999824e+01 4.422846940539950085e+46 1.882860962179610414e+42
5.989699999999999847e+01 7.004345338543655413e+46 1.657747378650132111e+42
6.052700000000000102e+01 6.012447183681887484e+46 1.088668189656063257e+42
6.115800000000000125e+01 4.504436781617087609e+46 9.217379253142964457e+41
6.178799999999999670e+01 4.025591152482952912e+46 1.093698566316880117e+42
6.241899999999999693e+01 4.476304084196001008e+46 1.234166718930308585e+42
6.304899999999999949e+01 4.330938228293674058e+46 9.820559183999522402e+41
6.367999999999999972e+01 3.573143996352350348e+46 8.245989790407314526e+41
6.431000000000000227e+01 3.133917092012527767e+46 8.098191957230545596e+41
6.493999999999999773e+01 2.765165527958485627e+46 6.942480824465937037e+41
6.557099999999999795e+01 2.376590581149594966e+46 6.563925581331343653e+41
6.620099999999999341e+01 2.452600691498352163e+46 8.105267370135919520e+41
6.683199999999999363e+01 2.813188738067466125e+46 8.779678209526303663e+41
6.746200000000000330e+01 3.036177512552598010e+46 9.194186570169413278e+41
6.809300000000000352e+01 3.501760507631336589e+46 1.085266100535467565e+42
6.872299999999999898e+01 3.765518976048599408e+46 9.600383748360340556e+41
6.935399999999999920e+01 3.143251486350917484e+46 6.975420062876951063e+41
6.998399999999999466e+01 2.464290744488435580e+46 6.135626422422136347e+41
7.061499999999999488e+01 2.225966750603301947e+46 6.750807710605973280e+41
7.124500000000000455e+01 2.418500627151550386e+46 8.105702083489627854e+41
7.187600000000000477e+01 2.863115542202042913e+46 9.380217945031935105e+41
7.250600000000000023e+01 3.385543579893159113e+46 1.055462773702866087e+42
7.313700000000000045e+01 4.019895183484171405e+46 1.215593568175529698e+42
7.376699999999999591e+01 4.999600227652593492e+46 1.487334682707952839e+42
7.439799999999999613e+01 6.506764172107592913e+46 1.783079372694983253e+42
7.502800000000000580e+01 7.821052564197556542e+46 1.819863699555287064e+42
7.565900000000000603e+01 7.496467828492805472e+46 1.406389049335945584e+42
7.628900000000000148e+01 5.591108635886252452e+46 9.558682063198370568e+41
7.692000000000000171e+01 4.053455888351940569e+46 8.430148589332704291e+41
7.754999999999999716e+01 3.217695044139939739e+46 7.089470022428235343e+41
7.818099999999999739e+01 2.315146073269798288e+46 4.860935782026317400e+41
7.881100000000000705e+01 1.853266314173562532e+46 6.092051485562769902e+41
7.944199999999999307e+01 2.862136396252481631e+46 1.277160947129104050e+42
8.007200000000000273e+01 5.413734783876460327e+46 1.795873600640021275e+42
8.070300000000000296e+01 6.544773837475054133e+46 1.398814040953657791e+42
8.133299999999999841e+01 5.174673953624641048e+46 9.790010365746747520e+41
8.196399999999999864e+01 5.246143792348981839e+46 1.766291552250840640e+42
8.259399999999999409e+01 1.093668171649288391e+47 3.274322479138878730e+42
8.322499999999999432e+01 1.657607701224469337e+47 3.030719658842780046e+42
8.385500000000000398e+01 1.436266353591662424e+47 1.855708505663482451e+42
8.448600000000000421e+01 9.088159414087269897e+46 1.101747122245480472e+42
8.511599999999999966e+01 5.707415828453010387e+46 9.574891697174296619e+41
8.574699999999999989e+01 4.852361779698347661e+46 1.301581547216968290e+42
8.637699999999999534e+01 6.706996849906479416e+46 2.136292917620036963e+42
8.700799999999999557e+01 1.158310778627118457e+47 2.985755242849770701e+42
8.763800000000000523e+01 1.379236247118965069e+47 2.225132301343809854e+42
8.826900000000000546e+01 9.700544918744608663e+46 1.208975769082007833e+42
8.889900000000000091e+01 6.441310011513912767e+46 1.232144220208831610e+42
8.953000000000000114e+01 7.059314584882432903e+46 1.966203462593476858e+42
9.015999999999999659e+01 9.233594054681525265e+46 2.179411459844050518e+42
9.079099999999999682e+01 1.021493682858047677e+47 2.069885930537855871e+42
9.142100000000000648e+01 9.345808123516670500e+46 1.588301269465043257e+42
9.205200000000000671e+01 6.520384475661986640e+46 9.273581649183032717e+41
9.268200000000000216e+01 4.041589297010903909e+46 6.930655999213751286e+41
9.331300000000000239e+01 3.279764168694494246e+46 9.303039576921065715e+41
9.394299999999999784e+01 3.901571565039833004e+46 1.229044685159529348e+42
9.457399999999999807e+01 4.261469635045403730e+46 1.022969910738612970e+42
9.520399999999999352e+01 3.307594488767229973e+46 6.676704964321466782e+41
9.583499999999999375e+01 3.067474425803476646e+46 1.162117486564780989e+42
9.646500000000000341e+01 6.247377968470363627e+46 2.104865821775462567e+42
9.709499999999999886e+01 7.160611600770810543e+46 1.333952339459636696e+42
9.772599999999999909e+01 4.961232394730007150e+46 7.784163491078715278e+41
9.835599999999999454e+01 3.332662184604075815e+46 7.114815616389617002e+41
9.898699999999999477e+01 3.505225862455344905e+46 1.270893858807702573e+42
9.961700000000000443e+01 5.848499934530850747e+46 1.874466651211324516e+42
1.002480000000000047e+02 7.689491758085309024e+46 1.863314910302887176e+42
1.008780000000000001e+02 8.786064678473799108e+46 2.055901670221181450e+42
1.015090000000000003e+02 9.687095244147169381e+46 1.933276886828836760e+42
1.021389999999999958e+02 7.992384713199809319e+46 1.265328221419657756e+42
1.027699999999999960e+02 5.334315821932625790e+46 8.342554147559248496e+41
1.034000000000000057e+02 3.520419047669974506e+46 6.617170546795194516e+41
1.040310000000000059e+02 2.590445951812117326e+46 6.113517193299119686e+41
1.046610000000000014e+02 2.139697197959296588e+46 5.686536596230424086e+41
1.052920000000000016e+02 1.816532693021535438e+46 4.953915140972999096e+41
1.059219999999999970e+02 1.518191747839232191e+46 4.240965780165005022e+41
1.065529999999999973e+02 1.355241275110599731e+46 4.537584761613107984e+41
1.071830000000000069e+02 1.600350976787486941e+46 6.343765642964316621e+41
1.078139999999999930e+02 1.875554208510153229e+46 5.966402278818117972e+41
1.084440000000000026e+02 1.694837590438456681e+46 4.812641983825101686e+41
1.090750000000000028e+02 1.610883779088596953e+46 5.564055636709197010e+41
1.097049999999999983e+02 1.955155597617834454e+46 7.460767359051123668e+41
1.103359999999999985e+02 2.567005588327199787e+46 9.116563491819683909e+41
1.109659999999999940e+02 3.127566256403481087e+46 9.754192450898698419e+41
1.115969999999999942e+02 3.312238575316091970e+46 9.016879253503479059e+41
1.122270000000000039e+02 3.111574823223186641e+46 8.422708741562677546e+41
1.128580000000000041e+02 3.679834745357044509e+46 1.354161667206623496e+42
1.134879999999999995e+02 6.474073114043392748e+46 2.041828255450222070e+42
1.141189999999999998e+02 7.979625960881572221e+46 1.679343865602020197e+42
1.147489999999999952e+02 6.745987375706369871e+46 1.214497134104471590e+42
1.153799999999999955e+02 5.036858356846786876e+46 9.338928279576400671e+41
1.160100000000000051e+02 3.726443555599138206e+46 7.747418710329001962e+41
1.166410000000000053e+02 3.122606118475118987e+46 8.567746519433915774e+41
1.172710000000000008e+02 3.630902612476088238e+46 1.194894944171683264e+42
1.179020000000000010e+02 4.453626493527634974e+46 1.228375130347014891e+42
1.185319999999999965e+02 4.288589924486490553e+46 9.717157199321780752e+41
1.191629999999999967e+02 3.383492823334404869e+46 7.063239039864721463e+41
1.197930000000000064e+02 2.512826408229010283e+46 5.760857988264412780e+41
1.204240000000000066e+02 2.166822893122458592e+46 6.810073636067449815e+41
1.210540000000000020e+02 3.080918010944319199e+46 1.282181888431627500e+42
1.216850000000000023e+02 4.934623055292131189e+46 1.448787859191527640e+42
1.223149999999999977e+02 4.842395925190549700e+46 1.031938354306069866e+42
1.229459999999999980e+02 3.864622966307651285e+46 8.441342284541377166e+41
1.235759999999999934e+02 3.190971784960181751e+46 7.597546864196084619e+41
1.242069999999999936e+02 2.625776818331058154e+46 6.432300431613070361e+41
1.248370000000000033e+02 2.256139152692304878e+46 6.390783381984214598e+41
1.254680000000000035e+02 2.245048275177428938e+46 7.056571516728892023e+41
1.260979999999999990e+02 2.314383441906150409e+46 6.979447722621654404e+41
1.267289999999999992e+02 2.195391429822893019e+46 6.131009612592029284e+41
1.273589999999999947e+02 1.954315407908321206e+46 5.614240711024943115e+41
1.279899999999999949e+02 1.981222105144281330e+46 6.873600709487552184e+41
1.286200000000000045e+02 2.328304177208429020e+46 7.684504765381776087e+41
1.292500000000000000e+02 2.357984423022658989e+46 6.732655879779987219e+41
1.298810000000000002e+02 2.231913650259082537e+46 6.715896299203283895e+41
1.305109999999999957e+02 2.336646601706231995e+46 7.521499244729276852e+41
1.311419999999999959e+02 2.580127035196618681e+46 8.413306760539379814e+41
1.317719999999999914e+02 3.341501188671359990e+46 1.236644533561768158e+42
1.324029999999999916e+02 5.321694824472010841e+46 1.668733315211153608e+42
1.330329999999999870e+02 5.968032732113347043e+46 1.275835672676470880e+42
1.336639999999999873e+02 4.656649840787270110e+46 8.651434869695194802e+41
1.342940000000000111e+02 3.395249068874633448e+46 7.305220252665936118e+41
1.349250000000000114e+02 3.028101002724258886e+46 8.986519555632112404e+41
1.355550000000000068e+02 3.448344293974003442e+46 1.031906334442773568e+42
1.361860000000000070e+02 3.411554199536756923e+46 8.493901089450813035e+41
1.368160000000000025e+02 2.917064274496543289e+46 7.247367965450057315e+41
1.374470000000000027e+02 2.574443826144286770e+46 7.003882928217854735e+41
1.380769999999999982e+02 2.407895132712047315e+46 6.963496080381741677e+41
1.387079999999999984e+02 2.467547724252190724e+46 7.986539836017213474e+41
1.393379999999999939e+02 3.024269554222856469e+46 1.047687793396874877e+42
1.399689999999999941e+02 4.050844034599500968e+46 1.320769152175435285e+42
1.405989999999999895e+02 5.970958552299993711e+46 1.978004404137192780e+42
1.412299999999999898e+02 1.078615361734517585e+47 2.826270517238695410e+42
1.418600000000000136e+02 1.157211684949362469e+47 1.732978986778217733e+42
1.424910000000000139e+02 7.291002782931360899e+46 8.790935916815563504e+41
1.431210000000000093e+02 4.491888760053305919e+46 8.424653289341227620e+41
1.437520000000000095e+02 4.235010213031412866e+46 1.263163517094201411e+42
1.443820000000000050e+02 5.546653036814974876e+46 1.635234019012875796e+42
1.450130000000000052e+02 6.697218072358997360e+46 1.618163562125243873e+42
1.456430000000000007e+02 6.516890896308831754e+46 1.353738096233726358e+42
1.462740000000000009e+02 5.426938674627559196e+46 1.079084124450285553e+42
1.469039999999999964e+02 4.366593708808429847e+46 9.442193975798044333e+41
1.475349999999999966e+02 3.545322039634913300e+46 7.746568007641178788e+41
1.481649999999999920e+02 2.619449570497822454e+46 5.550957837071429201e+41
1.487959999999999923e+02 2.085484561195806873e+46 6.302232230811277432e+41
1.494259999999999877e+02 2.602944419299519672e+46 9.733188632885913580e+41
1.500569999999999879e+02 3.197197042214522355e+46 9.330400570336786795e+41
1.506870000000000118e+02 3.017639455380137080e+46 7.649026549608579840e+41
1.513180000000000121e+02 2.597311830749487355e+46 6.670979183023598688e+41
1.519480000000000075e+02 2.280667272259670935e+46 6.332725367875033432e+41
1.525790000000000077e+02 2.184613086317760312e+46 6.799315713754371216e+41
1.532090000000000032e+02 2.370230812580879780e+46 7.703193232904592495e+41
1.538400000000000034e+02 2.417968335525356086e+46 6.757930189063519275e+41
1.544699999999999989e+02 2.201331721658468170e+46 6.624038325094236187e+41
1.551009999999999991e+02 2.955771170057851552e+46 1.211622411814217728e+42
1.557309999999999945e+02 4.345038299519301493e+46 1.211728310246117855e+42
1.563619999999999948e+02 3.725789242800082979e+46 7.431051467876218749e+41
1.569919999999999902e+02 2.679607379807253010e+46 6.021501854376268227e+41
1.576229999999999905e+02 2.381673085797123805e+46 7.462465779314521145e+41
1.582529999999999859e+02 2.988383151298027178e+46 1.100256818248376926e+42
1.588839999999999861e+02 4.575846201385888137e+46 1.563668227705881602e+42
1.595140000000000100e+02 6.110932440079327532e+46 1.520524874067110171e+42
1.601440000000000055e+02 5.298067701220829662e+46 9.600087549203488517e+41
1.607750000000000057e+02 3.615999798561937045e+46 6.640230880241104582e+41
1.614050000000000011e+02 2.708846121880948617e+46 6.891032227202651686e+41
1.620360000000000014e+02 2.810534644589041542e+46 9.291177010681649464e+41
1.626659999999999968e+02 3.159236624317710623e+46 8.693954918640442706e+41
1.632969999999999970e+02 2.630037207493033932e+46 5.918336525780149538e+41
1.639269999999999925e+02 2.073744532190458313e+46 5.741820328710937696e+41
1.645579999999999927e+02 2.088159135893306792e+46 6.817580125375950464e+41
1.651879999999999882e+02 2.133660695912632909e+46 6.346675626252956247e+41
1.658189999999999884e+02 1.971383214286271718e+46 5.663184142305795776e+41
1.664490000000000123e+02 1.860635001011764044e+46 5.953839291640656418e+41
1.670800000000000125e+02 2.199156807760386077e+46 8.493931141427545802e+41
1.677100000000000080e+02 3.388291475256269144e+46 1.300170983742520338e+42
1.683410000000000082e+02 5.150381497215006347e+46 1.536628724269130309e+42
1.689710000000000036e+02 5.396842532840102766e+46 1.151516181571658292e+42
1.696020000000000039e+02 4.451986127880747377e+46 1.023859655669074134e+42
1.702319999999999993e+02 5.181943745567775674e+46 1.652944903353979108e+42
1.708629999999999995e+02 6.987453716527856377e+46 1.711146836986590913e+42
1.714929999999999950e+02 6.440051832092584836e+46 1.204645546543485855e+42
1.721239999999999952e+02 4.648763778026660764e+46 8.078447521476545331e+41
1.727539999999999907e+02 3.186212451496792370e+46 6.388763425298870397e+41
1.733849999999999909e+02 2.486375759863576969e+46 6.512993189225508153e+41
1.740149999999999864e+02 2.405797780289670571e+46 7.546667001711093846e+41
1.746459999999999866e+02 2.600955523867970772e+46 8.046164300937834245e+41
1.752760000000000105e+02 2.584281371388024494e+46 7.059888782525099563e+41
1.759070000000000107e+02 2.158961685463057369e+46 5.206093083021069898e+41
1.765370000000000061e+02 1.724024536347094073e+46 5.056879644937665062e+41
1.771680000000000064e+02 2.241663014502059283e+46 9.951946761613074875e+41
1.777980000000000018e+02 3.625323856036096287e+46 1.185187288961329231e+42
1.784290000000000020e+02 3.751477527172971994e+46 9.074642942553765505e+41
1.790589999999999975e+02 3.135005964915477554e+46 7.331422421581488257e+41
1.796899999999999977e+02 2.554879745207668790e+46 6.242219766834131209e+41
1.803199999999999932e+02 2.114849277271580524e+46 5.734097148334352869e+41
1.809509999999999934e+02 2.116789745034382046e+46 7.417441858720697500e+41
1.815809999999999889e+02 2.752754657470963811e+46 9.758102425399663531e+41
1.822119999999999891e+02 3.312066377838762120e+46 9.915158263165649197e+41
1.828420000000000130e+02 3.488026733905563889e+46 9.757317713829795798e+41
1.834730000000000132e+02 3.734082321334722659e+46 1.114794830632503102e+42
1.841030000000000086e+02 4.902666862836453969e+46 1.604671048749488578e+42
1.847340000000000089e+02 7.558793694186584337e+46 2.188108823784807685e+42
1.853640000000000043e+02 1.076764266588051623e+47 2.574392335872088221e+42
1.859950000000000045e+02 1.378156288999894386e+47 2.860234177247786943e+42
1.866250000000000000e+02 1.591986963107084242e+47 2.894259904855223602e+42
1.872560000000000002e+02 1.559323783501168885e+47 2.409013713872646226e+42
1.878859999999999957e+02 1.160777867822861354e+47 1.453446120068257083e+42
1.885169999999999959e+02 6.917559260575101942e+46 8.563790196307697574e+41
1.891469999999999914e+02 4.288518176077270372e+46 7.847193201357199931e+41
1.897779999999999916e+02 3.520762741943615865e+46 9.205259686824985689e+41
1.904079999999999870e+02 3.428619331336115144e+46 8.982023646342867460e+41
1.910389999999999873e+02 2.882792830219541875e+46 6.481603282643538080e+41
1.916690000000000111e+02 2.399852506688311883e+46 7.513529024369739596e+41
1.922990000000000066e+02 4.087209249187831541e+46 1.724644613873450998e+42
1.929300000000000068e+02 6.628059015841416949e+46 1.663192251210119708e+42
1.935600000000000023e+02 5.837576712229935430e+46 1.046058455687027506e+42
1.941910000000000025e+02 3.985735438972852907e+46 6.900435829635745304e+41
1.948209999999999980e+02 2.758929319612507417e+46 6.130552290768177193e+41
1.954519999999999982e+02 2.397084829063845107e+46 7.061090058015404673e+41
1.960819999999999936e+02 2.497265126646040249e+46 7.953575666020453466e+41
1.967129999999999939e+02 3.044357541051934173e+46 1.104656298671243189e+42
1.973429999999999893e+02 4.793393657812590185e+46 1.612087925962969677e+42
1.979739999999999895e+02 5.979918116934179037e+46 1.407651362246561727e+42
1.986040000000000134e+02 5.173303418069625432e+46 1.028231660749485298e+42
1.992350000000000136e+02 4.082640440362919323e+46 9.035016113661319864e+41
1.998650000000000091e+02 3.965212091073750596e+46 1.195974797464707007e+42
2.004960000000000093e+02 5.184746525963750998e+46 1.510553285461390544e+42
2.011260000000000048e+02 5.469114423869913983e+46 1.206280492522630296e+42
2.017570000000000050e+02 4.613509396707078999e+46 1.008337094942786885e+42
2.023870000000000005e+02 4.080921731727845380e+46 9.853322563447874541e+41
2.030180000000000007e+02 3.513395169417756595e+46 8.015733094326196713e+41
2.036479999999999961e+02 3.075404557038663852e+46 8.972711656270588382e+41
2.042789999999999964e+02 4.440989015547304629e+46 1.631484310970198601e+42
2.049089999999999918e+02 6.242707716738366058e+46 1.530507785655044582e+42
2.055399999999999920e+02 5.550534534053180822e+46 1.094256657778799169e+42
2.061699999999999875e+02 4.505247014373181573e+46 9.992320261084666863e+41
2.068009999999999877e+02 3.985154578255580547e+46 9.643564768539072527e+41
2.074310000000000116e+02 3.829103220698862474e+46 1.094639452801109986e+42
2.080620000000000118e+02 5.763033588840130367e+46 2.105043546409900688e+42
2.086920000000000073e+02 9.949760475825515873e+46 2.374345083372611373e+42
2.093230000000000075e+02 9.557762364996850850e+46 1.608311553832317415e+42
2.099530000000000030e+02 7.916897954206585114e+46 1.643902643919803429e+42
2.105840000000000032e+02 9.405384703279724258e+46 2.448804688883920220e+42
2.112139999999999986e+02 1.320939689700510959e+47 2.799128183278845236e+42
2.118449999999999989e+02 1.246929439593366632e+47 1.760172904835589903e+42
2.124749999999999943e+02 8.000001366488464598e+46 1.048801422628594370e+42
2.131059999999999945e+02 6.240803222961296089e+46 1.563782019856525962e+42
2.137359999999999900e+02 7.261951842519895332e+46 1.630021296972981673e+42
2.143669999999999902e+02 5.986694528297251382e+46 1.071639551070989375e+42
2.149970000000000141e+02 5.340150138242190335e+46 1.511770940847354850e+42
2.156279999999999859e+02 7.160960059727463473e+46 1.780952325453276650e+42
2.162580000000000098e+02 6.217950368563197543e+46 1.052566525290589047e+42
2.168890000000000100e+02 4.368047593848277112e+46 8.820844634638759064e+41
2.175190000000000055e+02 4.022634925542806805e+46 1.088320489580874318e+42
2.181500000000000057e+02 3.962557353946804152e+46 9.981453535572498210e+41
2.187800000000000011e+02 4.139846736763732256e+46 1.308521903115320240e+42
2.194110000000000014e+02 6.708208658453357494e+46 2.142906243614344837e+42
2.200409999999999968e+02 8.865060525205823159e+46 1.871164653101698243e+42
2.206719999999999970e+02 7.534789812493227941e+46 1.271443682226683534e+42
2.213019999999999925e+02 5.357153897968539010e+46 9.275709495931174103e+41
2.219329999999999927e+02 4.041501897263095791e+46 9.209053029289055648e+41
2.225629999999999882e+02 4.294514991782592507e+46 1.405729939798612659e+42
2.231939999999999884e+02 7.532958696298803651e+46 2.419400190216161520e+42
2.238240000000000123e+02 1.010833837921025771e+47 1.937489650063670317e+42
2.244540000000000077e+02 7.641069857582391100e+46 1.115690209448916346e+42
2.250850000000000080e+02 5.177808923670946910e+46 9.576900780284852456e+41
2.257150000000000034e+02 4.250394121937027062e+46 9.878540206733468795e+41
2.263460000000000036e+02 3.688107345959111939e+46 8.641343426887266377e+41
2.269759999999999991e+02 3.080738740021453553e+46 7.416946740724781868e+41
2.276069999999999993e+02 2.855770986034014322e+46 8.912122629900553356e+41
2.282369999999999948e+02 4.362024051677044370e+46 1.705994723469934763e+42
2.288679999999999950e+02 7.878113157759711248e+46 2.250266359382490415e+42
2.294979999999999905e+02 9.550548474503373746e+46 1.921279516364123941e+42
2.301289999999999907e+02 8.005250173364688172e+46 1.313870445105015864e+42
2.307589999999999861e+02 5.722812819435282836e+46 1.005198766853505719e+42
2.313899999999999864e+02 4.563355748924729014e+46 1.076524120974496632e+42
2.320200000000000102e+02 5.006252348668560182e+46 1.517947769156627702e+42
2.326510000000000105e+02 7.399941498978635745e+46 2.206911253932158237e+42
2.332810000000000059e+02 1.118597748178205957e+47 2.684826136207829528e+42
2.339120000000000061e+02 1.315672068499150152e+47 2.413225391363323865e+42
2.345420000000000016e+02 1.225784913569593138e+47 2.161775175202949217e+42
2.351730000000000018e+02 1.245989784095350432e+47 2.481157590833478059e+42
2.358029999999999973e+02 1.219854763636957388e+47 1.976889816393955855e+42
2.364339999999999975e+02 8.751979685229796461e+46 1.199816919167072130e+42
2.370639999999999930e+02 5.642473869214256299e+46 9.234405104931140451e+41
2.376949999999999932e+02 4.840659950114168486e+46 1.425920723541399843e+42
2.383249999999999886e+02 8.603634704308876811e+46 2.668055156418908924e+42
2.389559999999999889e+02 1.067962209673508391e+47 1.818740474430183971e+42
2.395860000000000127e+02 7.273801338727429057e+46 9.491318228562169381e+41
2.402170000000000130e+02 4.447782236716734261e+46 7.534866226761870635e+41
2.408470000000000084e+02 3.777134282667307404e+46 1.137217712645511257e+42
2.414780000000000086e+02 5.269575494795930857e+46 1.631372525587298293e+42
2.421080000000000041e+02 5.938844286112068518e+46 1.323837946826232801e+42
2.427390000000000043e+02 5.399673236762284308e+46 1.300492449066275365e+42
2.433689999999999998e+02 6.323861676044279459e+46 1.694998162656366984e+42
2.440000000000000000e+02 6.297291095714659007e+46 1.200852619249583248e+42
2.446299999999999955e+02 4.413594000497226341e+46 7.402374957330092776e+41
2.452609999999999957e+02 3.028788253781233638e+46 6.497239912472653890e+41
2.458909999999999911e+02 2.568490763434671185e+46 7.287219653076417051e+41
2.465219999999999914e+02 2.626890921130818233e+46 8.046594572148129547e+41
2.471519999999999868e+02 2.701223920980993252e+46 7.866593054451655758e+41
2.477829999999999870e+02 2.701489326281934794e+46 7.998288612855955581e+41
2.484130000000000109e+02 2.853324543936523754e+46 8.708622870755371697e+41
2.490440000000000111e+02 3.036243237464800465e+46 8.836383635582527343e+41
2.496740000000000066e+02 3.005099925302672516e+46 8.136034382676581959e+41
2.503050000000000068e+02 2.719295538038964656e+46 7.020840275943050641e+41
2.509350000000000023e+02 2.338030105618880106e+46 6.143922825200736505e+41
2.515660000000000025e+02 2.108420509451231300e+46 6.352935113752022836e+41
2.521959999999999980e+02 2.326751122215172945e+46 8.019981428156483724e+41
2.528269999999999982e+02 2.539181003798342145e+46 7.229318105491192989e+41
2.534569999999999936e+02 2.169868221164956967e+46 5.493358485796458403e+41
2.540879999999999939e+02 1.932382970995082271e+46 6.159435677728761671e+41
2.547179999999999893e+02 2.165679934093827058e+46 7.384942559342656725e+41
2.553489999999999895e+02 2.396397241631585126e+46 7.697539199748085530e+41
2.559790000000000134e+02 2.792253243016257561e+46 9.562341071463911670e+41
2.566089999999999804e+02 3.356495245255530220e+46 9.717731560815061354e+41
2.572400000000000091e+02 2.988054004081402906e+46 6.790905327905630912e+41
2.578700000000000045e+02 2.339177187592462865e+46 6.032800053175629186e+41
2.585009999999999764e+02 2.303047495012697220e+46 7.595663730542336923e+41
2.591309999999999718e+02 2.672219268267577280e+46 8.791882669112147868e+41
2.597620000000000005e+02 3.157021879099624153e+46 1.020788748288456824e+42
2.603919999999999959e+02 3.857278402849508097e+46 1.173205948561451324e+42
2.610230000000000246e+02 4.238417958851275555e+46 1.094733895936618634e+42
2.616530000000000200e+02 3.743367795964252437e+46 8.100078414095964991e+41
2.622839999999999918e+02 2.707089476008528611e+46 5.439065760053685626e+41
2.629139999999999873e+02 1.992054824997857089e+46 5.262820121291618021e+41
2.635450000000000159e+02 1.942871050193626672e+46 6.376234828461546290e+41
2.641750000000000114e+02 1.960114942902787732e+46 5.847665209750792111e+41
2.648059999999999832e+02 1.774373395704062597e+46 5.119093048315358380e+41
2.654359999999999786e+02 1.625890163147729421e+46 5.090969505947410299e+41
2.660670000000000073e+02 1.674166504808382205e+46 5.800960581587431425e+41
2.666970000000000027e+02 1.792020732280704242e+46 5.739835306866874083e+41
2.673279999999999745e+02 1.646034874357679394e+46 4.701841693763455351e+41
2.679580000000000268e+02 1.454262339745347952e+46 4.547671088122127737e+41
2.685889999999999986e+02 1.499575186889449897e+46 5.445255346464451486e+41
2.692189999999999941e+02 1.781510336282616495e+46 6.481281235589855566e+41
2.698500000000000227e+02 1.883619748774468420e+46 5.566977967136210681e+41
2.704800000000000182e+02 1.656397467101111577e+46 5.007032383457522579e+41
2.711109999999999900e+02 2.242045080661863157e+46 1.091344087042649715e+42
2.717409999999999854e+02 5.300377791135391524e+46 2.049422891117237984e+42
2.723720000000000141e+02 8.448041719079038715e+46 2.039378160047878354e+42
2.730020000000000095e+02 7.975060147601157087e+46 1.369659320343115328e+42
2.736329999999999814e+02 5.567639807435516752e+46 8.908838576515186645e+41
2.742629999999999768e+02 3.865873924236627526e+46 7.970368248677580199e+41
2.748940000000000055e+02 3.549469291681065350e+46 1.072695012418042955e+42
2.755240000000000009e+02 4.645983322543741521e+46 1.460771428011494889e+42
2.761549999999999727e+02 5.634991856069900531e+46 1.444590041638204199e+42
2.767850000000000250e+02 6.157710512341268683e+46 1.608550797210624850e+42
2.774159999999999968e+02 7.481576050689053946e+46 1.821418202544585074e+42
2.780459999999999923e+02 6.997972185870637274e+46 1.253927875464805636e+42
2.786770000000000209e+02 5.175592367210796163e+46 1.024107610487473066e+42
2.793070000000000164e+02 5.342375180582608814e+46 1.540327852394304006e+42
2.799379999999999882e+02 5.881107214909566188e+46 1.267025193579142316e+42
2.805679999999999836e+02 4.631547374710551479e+46 9.215241337189291702e+41
2.811990000000000123e+02 4.467523652038616531e+46 1.345387796874322353e+42
2.818290000000000077e+02 5.521564878367405693e+46 1.398931108249421840e+42
2.824599999999999795e+02 4.871865708315792078e+46 9.684420822834441857e+41
2.830899999999999750e+02 3.689070894153702016e+46 7.829764637637866817e+41
2.837210000000000036e+02 3.065134662029487511e+46 7.922039758723290352e+41
2.843509999999999991e+02 3.094412095220951019e+46 9.757197779902926350e+41
2.849820000000000277e+02 4.441225619632474888e+46 1.636294434140445978e+42
2.856120000000000232e+02 6.934421637390015359e+46 1.798865204358915587e+42
2.862429999999999950e+02 6.245948481400790992e+46 1.069644352437504856e+42
2.868729999999999905e+02 4.126792524053745741e+46 6.909825217691364635e+41
2.875040000000000191e+02 3.049513257509607184e+46 8.037321300826534180e+41
2.881340000000000146e+02 4.249149916426137134e+46 1.674623797812833852e+42
2.887640000000000100e+02 6.906757686061412074e+46 1.762716843485046638e+42
2.893949999999999818e+02 6.112390638608959725e+46 1.067944476124723752e+42
2.900249999999999773e+02 4.275724875404915048e+46 8.005735611483259002e+41
2.906560000000000059e+02 3.285363082002325332e+46 7.619522364449741604e+41
2.912860000000000014e+02 2.726834320890637905e+46 6.648192081456014435e+41
2.919169999999999732e+02 2.144155236284571588e+46 4.999516041519186269e+41
2.925470000000000255e+02 1.580322296322644758e+46 3.893325704157746408e+41
2.931779999999999973e+02 1.323689759628299157e+46 4.419324262004493329e+41
2.938079999999999927e+02 1.837636303787244828e+46 9.250787058476251064e+41
2.944390000000000214e+02 4.355319409271543244e+46 1.773129024848948198e+42
2.950690000000000168e+02 6.186732342142590417e+46 1.440533917943365468e+42
2.956999999999999886e+02 5.029222639299577946e+46 8.991305871518127869e+41
2.963299999999999841e+02 3.431174870268570157e+46 6.422116707566450227e+41
2.969610000000000127e+02 2.539838635105804968e+46 6.336458593075739833e+41
2.975910000000000082e+02 2.369174338113948367e+46 7.148444655087540414e+41
2.982219999999999800e+02 2.392345467870415772e+46 7.243556681338335298e+41
2.988519999999999754e+02 2.588891765025423280e+46 8.741935953733602602e+41
2.994830000000000041e+02 3.368114737471104467e+46 1.136656764526335731e+42
3.001129999999999995e+02 4.003437520534086355e+46 1.097537854972645660e+42
3.007440000000000282e+02 3.787346107555961845e+46 8.986535908438442536e+41
3.013740000000000236e+02 3.127321218566058222e+46 7.155451537133566174e+41
3.020049999999999955e+02 2.486685540714166256e+46 6.054520045833107095e+41
3.026349999999999909e+02 2.143095731094804024e+46 6.275221433755469986e+41
3.032660000000000196e+02 2.340483098946462818e+46 8.157710176825967518e+41
3.038960000000000150e+02 2.769934374445292359e+46 8.621471429384051788e+41
3.045269999999999868e+02 2.728376332055238333e+46 7.242954431811532826e+41
3.051569999999999823e+02 2.323405279149251799e+46 5.953807124133642399e+41
3.057880000000000109e+02 2.172188965441637389e+46 7.360540288862570679e+41
3.064180000000000064e+02 3.144508875774199529e+46 1.216840585978604682e+42
3.070489999999999782e+02 4.307855082599771085e+46 1.224156511819727867e+42
3.076789999999999736e+02 4.322276227340776543e+46 1.062108626138614409e+42
3.083100000000000023e+02 4.175051943465329965e+46 1.099834349683014571e+42
3.089399999999999977e+02 4.501073517905736266e+46 1.260733233534375672e+42
3.095710000000000264e+02 4.772329492107365674e+46 1.143349054947368223e+42
3.102010000000000218e+02 3.814263477119779871e+46 7.223058992591210878e+41
3.108319999999999936e+02 2.570955023962321708e+46 5.180422081353000016e+41
3.114619999999999891e+02 1.968480605577764242e+46 5.363689225609003973e+41
3.120930000000000177e+02 1.843442295908255068e+46 5.796934287106611863e+41
3.127230000000000132e+02 1.889158536556170268e+46 6.218304241186194997e+41
3.133539999999999850e+02 2.031679458927583000e+46 6.732419862786410542e+41
3.139839999999999804e+02 2.161790199025402387e+46 6.795604613600048185e+41
3.146150000000000091e+02 2.111291587182259000e+46 6.045854553649168259e+41
3.152450000000000045e+02 1.821690346829297273e+46 4.883309012077847796e+41
3.158759999999999764e+02 1.557373885510237050e+46 4.716785123281430018e+41
3.165059999999999718e+02 1.606817674580024377e+46 5.845557093920560546e+41
3.171370000000000005e+02 2.001647495930312928e+46 7.571365334095544679e+41
3.177669999999999959e+02 2.516154508659316752e+46 8.478555955653996679e+41
3.183980000000000246e+02 2.825452402373755946e+46 8.851209691432876384e+41
3.190280000000000200e+02 3.469148887701527484e+46 1.194760804314819529e+42
3.196589999999999918e+02 4.770132590966620134e+46 1.411147510409088425e+42
3.202889999999999873e+02 5.044245870441200421e+46 1.164592451582101734e+42
3.209189999999999827e+02 4.396735751910300959e+46 9.917353635338943387e+41
3.215500000000000114e+02 3.817696635781799802e+46 9.010902866009196332e+41
3.221800000000000068e+02 3.194524209356487804e+46 7.322051244829940072e+41
3.228109999999999786e+02 2.465296944833438629e+46 5.566963941177674696e+41
3.234409999999999741e+02 1.831822480305879788e+46 4.415740951057515658e+41
3.240720000000000027e+02 1.469145806769847763e+46 4.302971168832261290e+41
3.247019999999999982e+02 1.465607195245723716e+46 5.405367424146687207e+41
3.253330000000000268e+02 1.901845505983713429e+46 7.615708298491498767e+41
3.259630000000000223e+02 2.539709098802914953e+46 8.803814507585335780e+41
3.265939999999999941e+02 2.846922218440297254e+46 8.362734394538758800e+41
3.272239999999999895e+02 2.719552987933346100e+46 7.277103736478345700e+41
3.278550000000000182e+02 2.457080245715363799e+46 6.812082605381528110e+41
3.284850000000000136e+02 2.394687706241217958e+46 7.399956454254696492e+41
3.291159999999999854e+02 2.678903524030269310e+46 8.903984576184590014e+41
3.297459999999999809e+02 3.141021516338450520e+46 9.627127139664811900e+41
3.303770000000000095e+02 3.248791375236826006e+46 8.742160485113456738e+41
3.310070000000000050e+02 2.971728543360125204e+46 7.617156337501710378e+41
3.316379999999999768e+02 2.659591754695160644e+46 7.268870611502522531e+41
3.322679999999999723e+02 2.658167310239955729e+46 8.323515811077143530e+41
3.328990000000000009e+02 3.168017878645246654e+46 1.066472753681914446e+42
3.335289999999999964e+02 4.023890907407448473e+46 1.210180391871087984e+42
3.341600000000000250e+02 4.230967563154556658e+46 1.048378834776445213e+42
3.347900000000000205e+02 4.030747565384510978e+46 1.089145706348760730e+42
3.354209999999999923e+02 4.611991256893258623e+46 1.296997159879005487e+42
3.360509999999999877e+02 4.424129599463987545e+46 9.330495496499707817e+41
3.366820000000000164e+02 3.390825592586326374e+46 7.794550318210634126e+41
3.373120000000000118e+02 4.096924674729933132e+46 1.604578139046474395e+42
3.379429999999999836e+02 9.034467631880948642e+46 2.954632333496742516e+42
3.385729999999999791e+02 1.464211009788592833e+47 2.871888730887853455e+42
3.392040000000000077e+02 1.259553344265765688e+47 1.646644063129011083e+42
3.398340000000000032e+02 7.817665030110635965e+46 9.788315276062875664e+41
3.404649999999999750e+02 4.937087808283105765e+46 8.806503927630846465e+41
3.410950000000000273e+02 4.388120414445201572e+46 1.270818031401381824e+42
3.417259999999999991e+02 6.303164929526932684e+46 2.037945199948862206e+42
3.423559999999999945e+02 9.770006662492719662e+46 2.360701564434859746e+42
3.429870000000000232e+02 9.428395312275881297e+46 1.471592826955916583e+42
3.436170000000000186e+02 5.980750380072577637e+46 7.769718765842007062e+41
3.442479999999999905e+02 3.491590900521622873e+46 5.659735802367285694e+41
3.448779999999999859e+02 2.462365727204742774e+46 6.171953896263354837e+41
3.455090000000000146e+02 2.321774312086669408e+46 7.050600534817127435e+41
3.461390000000000100e+02 2.203310783685000724e+46 6.037235172043443337e+41
3.467699999999999818e+02 1.888493151665238777e+46 5.237573883102531970e+41
3.473999999999999773e+02 1.739515978733552061e+46 5.442838389792579399e+41
3.480310000000000059e+02 1.714333841358459490e+46 5.430282612952811414e+41
3.486610000000000014e+02 1.718139721782850474e+46 5.739718975791177369e+41
3.492919999999999732e+02 1.957641127816177429e+46 7.075747968829590934e+41
3.499220000000000255e+02 2.282608525328548978e+46 7.379865637177271928e+41
3.505529999999999973e+02 2.283257535809356061e+46 6.556428492758282390e+41
3.511829999999999927e+02 2.094813383185661751e+46 6.011005832756850617e+41
3.518140000000000214e+02 2.075943924486658247e+46 6.932451902906581184e+41
3.524440000000000168e+02 2.508325376295811338e+46 8.657377747551127315e+41
3.530740000000000123e+02 2.712122218312653955e+46 7.505340975874998592e+41
3.537049999999999841e+02 2.342674967605692129e+46 5.959210259038301694e+41
3.543349999999999795e+02 2.014365015679262431e+46 5.789969969522220439e+41
3.549660000000000082e+02 2.020890910969600973e+46 6.771934145519995100e+41
3.555960000000000036e+02 2.369187101379930194e+46 8.244251584481462478e+41
3.562269999999999754e+02 2.838312946105625213e+46 9.172522583940313972e+41
3.568570000000000277e+02 3.147266815028577540e+46 9.210344456665420950e+41
3.574879999999999995e+02 3.170441623817224119e+46 8.673136600871261513e+41
3.581179999999999950e+02 3.020518631173850508e+46 8.120164097110488525e+41
3.587490000000000236e+02 2.787019351573336520e+46 7.390610398133443384e+41
3.593790000000000191e+02 2.478156613543143874e+46 6.597041444266537607e+41
3.600099999999999909e+02 2.229305555198868113e+46 6.356841046917710030e+41
3.606399999999999864e+02 2.109976031484180583e+46 6.233522213489820944e+41
3.612710000000000150e+02 1.989545959993689199e+46 5.962286509790404607e+41
3.619010000000000105e+02 2.119961905881452183e+46 7.728093320946481709e+41
3.625319999999999823e+02 3.060283874956625383e+46 1.153029160402061905e+42
3.631619999999999777e+02 4.174520836246835192e+46 1.246711708779787467e+42
3.637930000000000064e+02 4.471176688438150408e+46 1.119816166944180105e+42
3.644230000000000018e+02 4.069339347269842412e+46 9.383831631288764069e+41
3.650539999999999736e+02 3.376151981572597967e+46 7.736850261080102019e+41
3.656840000000000259e+02 2.958632282932864746e+46 8.479711905975544989e+41
3.663149999999999977e+02 3.695221181949760453e+46 1.243563683811232911e+42
3.669449999999999932e+02 4.068546507847768664e+46 9.334840282124799636e+41
3.675760000000000218e+02 3.000261412898920639e+46 6.070873714550719021e+41
3.682060000000000173e+02 2.730022834711322301e+46 9.514710172814444877e+41
3.688369999999999891e+02 3.844824908643077838e+46 1.222386672496497020e+42
3.694669999999999845e+02 3.895283365048832266e+46 8.934851300692705646e+41
3.700980000000000132e+02 2.947570014747696274e+46 6.036947235020537821e+41
3.707280000000000086e+02 2.306996285250714238e+46 6.830448967770825713e+41
3.713589999999999804e+02 3.509446349819708363e+46 1.476546734202385402e+42
3.719889999999999759e+02 5.532600689622359639e+46 1.482225600404476442e+42
3.726200000000000045e+02 4.999120456633301358e+46 9.695080083234897585e+41
3.732500000000000000e+02 3.541367516106071414e+46 6.556477545573930627e+41
3.738809999999999718e+02 2.397584482653647445e+46 4.887316124510059536e+41
3.745110000000000241e+02 1.788542182152746007e+46 5.042238162740027510e+41
3.751419999999999959e+02 2.361701236090301301e+46 1.124689999089810167e+42
3.757719999999999914e+02 5.436813150175207770e+46 2.069776918072610400e+42
3.764030000000000200e+02 9.108641735142085974e+46 2.371345733134508069e+42
3.770330000000000155e+02 1.201600204783015644e+47 2.680703905661335467e+42
