9.455000000000000071e-01 9.230178340965340703e-12
2.206500000000000128e+00 1.646336033567648885e-11
3.152000000000000135e+00 2.977092296442121121e-11
4.097999999999999865e+00 3.175646841468363098e-11
5.043999999999999595e+00 2.828735227442353339e-11
5.989499999999999602e+00 3.482538443413384921e-11
7.250499999999999723e+00 2.602648673047822639e-11
8.195999999999999730e+00 2.378988260487811943e-11
9.141999999999999460e+00 2.049393413896527782e-11
1.008799999999999919e+01 1.762756395166864859e-11
1.103350000000000009e+01 1.867853391789071204e-11
1.197899999999999920e+01 1.679547531423146306e-11
1.292500000000000071e+01 1.652500039916014611e-11
1.418599999999999994e+01 2.132484299060216958e-11
1.513199999999999967e+01 2.147792388416919455e-11
1.607750000000000057e+01 2.496310748677065895e-11
1.702299999999999969e+01 2.895958266291859903e-11
1.796900000000000119e+01 2.888641804024975242e-11
1.923000000000000043e+01 2.611242758773790031e-11
2.017599999999999838e+01 2.215604808115987345e-11
2.112150000000000105e+01 2.240810894095548331e-11
2.206700000000000017e+01 2.624172010272489030e-11
2.301299999999999812e+01 2.640270392193303726e-11
2.395899999999999963e+01 2.176668533066239193e-11
2.490449999999999875e+01 2.144981768315852100e-11
2.616550000000000153e+01 2.583346417216811815e-11
2.711100000000000065e+01 2.300341417498805961e-11
2.805700000000000216e+01 1.684784027307467249e-11
2.900300000000000011e+01 2.411527945079440065e-11
2.994849999999999923e+01 3.204954260299747904e-11
3.089399999999999835e+01 2.134481027733085881e-11
3.183999999999999986e+01 1.767011818191725586e-11
3.310049999999999670e+01 1.565370549118645093e-11
3.404599999999999937e+01 2.268257204369347759e-11
3.499200000000000443e+01 4.237690401260735980e-11
3.593800000000000239e+01 3.815858826499200709e-11
3.688349999999999795e+01 3.429600196618390621e-11
3.814450000000000074e+01 3.822805281095817257e-11
3.909000000000000341e+01 3.259059571883621323e-11
4.003600000000000136e+01 3.243175928043061512e-11
4.098199999999999932e+01 2.977777876203603211e-11
4.192750000000000199e+01 2.156883245804066659e-11
4.287299999999999756e+01 1.957908081285606155e-11
4.381900000000000261e+01 2.488272311201539999e-11
4.507999999999999829e+01 2.191301258876244041e-11
4.602600000000000335e+01 2.142852603001148859e-11
4.697149999999999892e+01 2.026378761209554409e-11
4.791700000000000159e+01 2.640537253004234685e-11
4.886299999999999955e+01 4.126680575973611887e-11
4.980899999999999750e+01 2.851624247897843369e-11
5.075450000000000017e+01 2.167965030765604588e-11
5.201550000000000296e+01 1.591561149688486844e-11
5.296099999999999852e+01 1.326454321404479350e-11
5.390699999999999648e+01 1.512099939422713271e-11
5.485300000000000153e+01 1.916868404155460043e-11
5.579849999999999710e+01 2.255403319993520607e-11
5.705949999999999989e+01 1.833625835049367650e-11
5.800500000000000256e+01 1.844557928975421685e-11
5.895100000000000051e+01 2.663409902523006569e-11
5.989699999999999847e+01 4.787318245546600826e-11
6.084250000000000114e+01 3.794854182381433638e-11
6.178799999999999670e+01 3.116680608928024527e-11
6.273399999999999466e+01 3.375769875924630841e-11
6.399500000000000455e+01 2.735122252087973107e-11
6.493999999999999773e+01 2.368603130545576115e-11
6.588599999999999568e+01 2.137649773533533897e-11
6.683199999999999363e+01 2.424891431662996253e-11
6.777750000000000341e+01 2.719446354035245524e-11
6.872299999999999898e+01 3.026859754331735231e-11
6.966899999999999693e+01 2.390725277580534386e-11
7.093000000000000682e+01 2.073579186052291667e-11
7.187600000000000477e+01 2.460323976469803856e-11
7.282150000000000034e+01 2.990436989679182571e-11
7.376699999999999591e+01 3.736734992193862098e-11
7.471299999999999386e+01 4.826384238228863312e-11
7.597400000000000375e+01 4.435697834938851778e-11
7.692000000000000171e+01 3.085263767388044372e-11
7.786549999999999727e+01 2.322284816772729104e-11
7.881100000000000705e+01 1.710772651335164732e-11
7.975700000000000500e+01 3.213038376499308804e-11
8.070300000000000296e+01 4.541426595509963653e-11
8.164849999999999852e+01 3.787480310868775307e-11
8.290949999999999420e+01 7.554338180832209510e-11
8.385500000000000398e+01 7.620654967042843172e-11
8.480100000000000193e+01 4.593499828376320379e-11
8.574699999999999989e+01 3.492949436933904623e-11
8.669249999999999545e+01 5.674115318007108267e-11
8.763800000000000523e+01 7.549049949227007149e-11
8.858400000000000318e+01 4.988778970256563845e-11
8.984499999999999886e+01 5.211810721026930791e-11
9.079099999999999682e+01 6.141752325482538685e-11
9.173650000000000659e+01 5.031171270236015494e-11
9.268200000000000216e+01 3.010178842687947614e-11
9.362800000000000011e+01 2.848295677353705979e-11
9.488899999999999579e+01 3.011253231834657967e-11
9.583499999999999375e+01 2.554419959194531658e-11
9.678000000000000114e+01 4.619049892422511969e-11
9.772599999999999909e+01 3.616531889625838280e-11
9.867149999999999466e+01 2.733278324821096670e-11
9.961700000000000443e+01 4.193651132772752564e-11
1.005630000000000024e+02 5.321124525028163194e-11
1.018239999999999981e+02 5.510516729958593431e-11
1.027699999999999960e+02 3.743624656092221092e-11
1.037155000000000058e+02 2.459771789943837216e-11
1.046610000000000014e+02 1.912900139993897097e-11
1.056069999999999993e+02 1.586530526245831105e-11
1.065529999999999973e+02 1.347386832816745800e-11
1.074985000000000070e+02 1.657397036208028795e-11
1.087595000000000027e+02 1.594975405575810672e-11
1.097049999999999983e+02 1.822184293798445714e-11
1.106509999999999962e+02 2.453092266221246807e-11
1.115969999999999942e+02 2.751010822710052579e-11
1.125425000000000040e+02 2.789170581693253507e-11
1.138034999999999997e+02 4.870250713478001104e-11
1.147489999999999952e+02 4.557139246446413023e-11
1.156949999999999932e+02 3.273873946528365703e-11
1.166410000000000053e+02 2.563257866913563788e-11
1.175865000000000009e+02 3.174965946529768026e-11
1.185319999999999965e+02 3.318885723408058765e-11
1.194780000000000086e+02 2.466043884301621266e-11
1.207390000000000043e+02 2.269357494282530864e-11
1.216850000000000023e+02 3.718709891252034016e-11
1.226304999999999978e+02 3.340727610089116308e-11
1.235759999999999934e+02 2.625380764447519510e-11
1.245219999999999914e+02 2.141235019938002475e-11
1.254680000000000035e+02 2.021586361322813252e-11
1.264134999999999991e+02 2.038602088566008467e-11
1.276744999999999948e+02 1.827670370078794848e-11
1.286200000000000045e+02 2.095039902084664811e-11
1.295654999999999859e+02 2.070653439115655546e-11
1.305109999999999957e+02 2.096970394031692849e-11
1.314569999999999936e+02 2.519429734383849951e-11
1.327179999999999893e+02 4.085688276280323749e-11
1.336639999999999873e+02 3.485718400083024316e-11
1.346095000000000255e+02 2.620817489103993658e-11
1.355550000000000068e+02 2.817684084756751406e-11
1.365010000000000048e+02 2.638019184138484562e-11
1.374470000000000027e+02 2.244358858100444922e-11
1.383924999999999841e+02 2.159077713114659997e-11
1.396535000000000082e+02 2.885399479937716679e-11
1.405989999999999895e+02 4.261792482036001172e-11
1.415450000000000159e+02 6.575184175023906576e-11
1.424910000000000139e+02 4.670811049701047644e-11
1.434365000000000236e+02 3.210307820304435174e-11
1.446974999999999909e+02 4.301713462753400312e-11
1.456430000000000007e+02 4.478084650834393903e-11
1.465889999999999986e+02 3.594525777966154018e-11
1.475349999999999966e+02 2.830038208155066320e-11
1.484805000000000064e+02 2.062386937024914378e-11
1.494259999999999877e+02 2.269824602234828299e-11
1.503720000000000141e+02 2.619476026453299982e-11
1.516330000000000098e+02 2.155843058488132247e-11
1.525790000000000077e+02 1.980579588357942151e-11
1.535244999999999891e+02 2.138502734223445779e-11
1.544699999999999989e+02 1.998905665654823005e-11
1.554159999999999968e+02 2.950967719896918223e-11
1.563619999999999948e+02 2.991522674375807984e-11
1.573075000000000045e+02 2.197746971542435397e-11
1.585684999999999718e+02 3.021944685278729073e-11
1.595140000000000100e+02 4.332038413031150119e-11
1.604594999999999914e+02 3.354154991801237577e-11
1.614050000000000011e+02 2.286611055604857376e-11
1.623509999999999991e+02 2.518237915700512997e-11
1.636119999999999948e+02 2.090915191927007095e-11
1.645579999999999927e+02 1.908500591758076884e-11
1.655034999999999741e+02 1.893013211047669304e-11
1.664490000000000123e+02 1.749010025658168277e-11
1.673950000000000102e+02 2.401591727976990566e-11
1.683410000000000082e+02 3.837004415268626936e-11
1.692864999999999895e+02 3.660794672865309440e-11
1.705475000000000136e+02 4.278860817744484572e-11
1.714929999999999950e+02 4.437029323980714830e-11
1.724389999999999930e+02 3.007089811934377771e-11
1.733849999999999909e+02 2.140386972374503009e-11
1.743304999999999723e+02 2.195678949829415557e-11
1.752760000000000105e+02 2.268779550026890655e-11
1.762220000000000084e+02 1.801225213667671875e-11
1.774830000000000041e+02 2.488394259186928328e-11
1.784290000000000020e+02 3.024769595685389752e-11
1.793745000000000118e+02 2.420266538643097293e-11
1.803199999999999932e+02 1.919076551329570338e-11
1.812659999999999911e+02 2.156478054653277193e-11
1.825269999999999868e+02 2.807140481434672683e-11
1.834730000000000132e+02 3.001872891551489344e-11
1.844184999999999945e+02 4.361818461305634084e-11
1.853640000000000043e+02 6.426763210636174397e-11
1.863100000000000023e+02 7.917474755305241790e-11
1.872560000000000002e+02 8.085228513997006655e-11
1.882015000000000100e+02 5.429958546327401353e-11
1.894624999999999773e+02 2.912019726792327306e-11
1.904079999999999870e+02 2.767529755423769436e-11
1.913539999999999850e+02 2.276414370989526611e-11
1.922990000000000066e+02 3.215824199024212679e-11
1.932450000000000045e+02 4.372210352407559061e-11
1.941910000000000025e+02 3.066848332295550528e-11
1.951365000000000123e+02 2.199353309278056841e-11
1.963974999999999795e+02 2.382742363386201720e-11
1.973429999999999893e+02 3.635735652344225987e-11
1.982889999999999873e+02 4.023892533792549901e-11
1.992350000000000136e+02 3.149142397456587699e-11
2.001804999999999950e+02 3.464115290914900464e-11
2.014415000000000191e+02 3.721115911095887673e-11
2.023870000000000005e+02 3.165135441484026819e-11
2.033329999999999984e+02 2.696740823588092511e-11
2.042789999999999964e+02 3.417372332031836434e-11
2.052244999999999777e+02 4.195749297185093722e-11
2.061699999999999875e+02 3.391503729241883688e-11
2.071159999999999854e+02 3.066370569268052186e-11
2.083770000000000095e+02 5.125548099975136901e-11
2.093230000000000075e+02 5.850490775713002150e-11
2.102685000000000173e+02 5.420340357508784461e-11
2.112139999999999986e+02 7.356856737150606211e-11
2.121599999999999966e+02 5.966340970918225203e-11
2.131059999999999945e+02 4.181116791874561980e-11
2.140514999999999759e+02 4.489719756523158180e-11
2.153125000000000000e+02 4.325764218427305119e-11
2.162580000000000098e+02 4.312134504506111923e-11
2.172040000000000077e+02 3.193975573351729981e-11
2.181500000000000057e+02 3.110944755618277672e-11
2.190955000000000155e+02 3.927259647628141028e-11
2.203564999999999827e+02 5.272136198407268030e-11
2.213019999999999925e+02 3.789590639105026299e-11
2.222479999999999905e+02 3.180688562668482382e-11
2.231939999999999884e+02 5.023336818938605441e-11
2.241390000000000100e+02 5.542082777530308876e-11
2.250850000000000080e+02 3.660937367918974537e-11
2.260305000000000177e+02 3.059277697954594463e-11
2.272914999999999850e+02 2.489406769190090968e-11
2.282369999999999948e+02 3.375921185055286417e-11
2.291829999999999927e+02 5.552084541995150855e-11
2.301289999999999907e+02 5.123801528871775761e-11
2.310745000000000005e+02 3.671209439802009377e-11
2.320200000000000102e+02 3.685465066041105216e-11
2.329660000000000082e+02 5.776623960333066072e-11
2.342270000000000039e+02 7.093235703311194093e-11
2.351730000000000018e+02 6.958126162082203436e-11
2.361184999999999832e+02 6.096290291075852504e-11
2.370639999999999930e+02 3.838771828032900583e-11
2.380099999999999909e+02 4.500576482509966419e-11
2.392710000000000150e+02 5.542374762120653864e-11
2.402170000000000130e+02 3.223979702720501624e-11
2.411625000000000227e+02 3.387821232010866599e-11
2.421080000000000041e+02 4.218832655257198590e-11
2.430540000000000020e+02 4.150659632886077460e-11
2.440000000000000000e+02 4.374136171342033648e-11
2.449454999999999814e+02 2.894797247754024026e-11
2.462065000000000055e+02 2.241813698375576485e-11
2.471519999999999868e+02 2.343107957448488349e-11
2.480980000000000132e+02 2.396579646366229408e-11
2.490440000000000111e+02 2.569758427178798143e-11
2.499895000000000209e+02 2.449541436510479965e-11
2.509350000000000023e+02 2.086855118770435304e-11
2.518810000000000002e+02 2.004697393697445557e-11
2.531419999999999959e+02 2.110813102270795505e-11
2.540879999999999939e+02 1.797182988012800372e-11
2.550335000000000036e+02 2.058795179501182016e-11
2.559790000000000134e+02 2.414305918051216626e-11
2.569244999999999663e+02 2.659295278102612515e-11
2.581854999999999905e+02 2.069894103346786614e-11
2.591309999999999718e+02 2.328049975534982804e-11
2.600769999999999982e+02 2.870416064270058782e-11
2.610230000000000246e+02 3.305919688506406351e-11
2.619685000000000059e+02 2.653449359039378718e-11
2.629139999999999873e+02 1.812977018414634637e-11
2.638600000000000136e+02 1.807823394049963080e-11
2.651209999999999809e+02 1.627304548255607217e-11
2.660670000000000073e+02 1.607282806381588883e-11
2.670124999999999886e+02 1.646983868193173523e-11
2.679580000000000268e+02 1.435133489253155023e-11
2.689039999999999964e+02 1.581188135028530647e-11
2.701650000000000205e+02 1.687702014191608464e-11
2.711109999999999900e+02 2.024847400938078950e-11
2.720565000000000282e+02 4.689397431526827021e-11
2.730020000000000095e+02 5.161694525254406282e-11
2.739479999999999791e+02 3.430792499573866916e-11
2.748940000000000055e+02 2.824179517400432730e-11
2.758394999999999868e+02 3.797687574662131819e-11
2.771005000000000109e+02 4.646740639139468272e-11
2.780459999999999923e+02 4.698857763589486001e-11
2.789920000000000186e+02 3.787997397710658150e-11
2.799379999999999882e+02 4.171500490102787639e-11
2.808835000000000264e+02 3.424697710047821489e-11
2.818290000000000077e+02 4.001218783822678413e-11
2.827749999999999773e+02 3.272292832185425882e-11
2.840360000000000014e+02 2.560693722776999639e-11
2.849820000000000277e+02 3.422096869228427189e-11
2.859275000000000091e+02 4.546912253455994835e-11
2.868729999999999905e+02 3.136117305334650042e-11
2.878190000000000168e+02 2.887981799713698217e-11
2.890794999999999959e+02 4.504527953932985420e-11
2.900249999999999773e+02 3.230667769099088606e-11
2.909710000000000036e+02 2.484619087625367226e-11
2.919169999999999732e+02 1.931489265963805427e-11
2.928625000000000114e+02 1.414331840486176722e-11
2.938079999999999927e+02 1.720649049632978792e-11
2.947540000000000191e+02 3.883778229335160797e-11
2.960149999999999864e+02 3.222649096422028171e-11
2.969610000000000127e+02 2.174664670214187004e-11
2.979064999999999941e+02 2.107219661643035906e-11
2.988519999999999754e+02 2.268779550026890655e-11
2.997980000000000018e+02 2.982086415660107879e-11
3.007440000000000282e+02 3.029648879433699591e-11
3.016895000000000095e+02 2.388636332290783517e-11
3.029505000000000337e+02 2.014437359082067231e-11
3.038960000000000150e+02 2.398790382485689471e-11
3.048419999999999845e+02 2.225874824491792070e-11
3.057880000000000109e+02 1.970118272108180440e-11
3.067334999999999923e+02 3.001855832016232862e-11
3.079945000000000164e+02 3.297949326946584296e-11
3.089399999999999977e+02 3.438684245846756512e-11
3.098860000000000241e+02 3.304509578410395165e-11
3.108319999999999936e+02 2.204917269289466211e-11
3.117775000000000318e+02 1.754827832097359564e-11
3.127230000000000132e+02 1.766819968331055194e-11
3.136689999999999827e+02 1.928109038277432525e-11
3.149300000000000068e+02 1.831319585677404456e-11
3.158759999999999764e+02 1.513534409697793718e-11
3.168215000000000146e+02 1.704886796047151148e-11
3.177669999999999959e+02 2.231990279822141531e-11
3.187130000000000223e+02 2.644834493875378083e-11
3.196589999999999918e+02 3.620697973565062643e-11
3.206039999999999850e+02 3.556332419177316291e-11
3.218650000000000091e+02 2.825096546554721437e-11
3.228109999999999786e+02 2.154231137515550804e-11
3.237564999999999600e+02 1.566251094176832932e-11
3.247019999999999982e+02 1.432822190555050308e-11
3.256480000000000246e+02 2.013727962917371768e-11
3.269089999999999918e+02 2.409486508702599995e-11
3.278550000000000182e+02 2.175666370936985045e-11
3.288004999999999995e+02 2.231938261792875128e-11
3.297459999999999809e+02 2.642970398023420245e-11
3.306920000000000073e+02 2.613822061661434267e-11
3.316379999999999768e+02 2.306706285066879500e-11
3.325834999999999582e+02 2.481655416933636876e-11
3.338445000000000391e+02 3.243809494808167162e-11
3.347900000000000205e+02 3.164406726015230483e-11
3.357359999999999900e+02 3.449466878292137859e-11
3.366820000000000164e+02 2.749744227074655622e-11
3.376274999999999977e+02 4.461952805100163888e-11
3.385729999999999791e+02 7.923048217729417120e-11
3.395190000000000055e+02 5.916251013532736265e-11
3.407799999999999727e+02 3.350810597649494032e-11
3.417259999999999991e+02 4.392303070420941561e-11
3.426715000000000373e+02 5.905729200535846452e-11
3.436170000000000186e+02 4.065297181903293438e-11
3.445629999999999882e+02 2.372962791430113221e-11
3.458240000000000123e+02 2.013621133802472518e-11
3.467699999999999818e+02 1.763974484811111337e-11
3.477155000000000200e+02 1.645305982014940004e-11
3.486610000000000014e+02 1.642828766687578699e-11
3.496069999999999709e+02 1.945947194931078124e-11
3.505529999999999973e+02 2.066294877004923661e-11
3.514985000000000355e+02 1.916445419800262781e-11
3.527590000000000146e+02 2.291694779073524347e-11
3.537049999999999841e+02 2.099869467841666824e-11
3.546504999999999654e+02 1.860557647545916355e-11
3.555960000000000036e+02 2.121740659393151648e-11
3.565420000000000300e+02 2.547867837608243622e-11
3.574879999999999995e+02 2.655781240924261938e-11
3.584334999999999809e+02 2.473773476954022524e-11
3.596945000000000050e+02 2.097805457866378698e-11
3.606399999999999864e+02 1.929266836347067776e-11
3.615860000000000127e+02 1.892045562406198510e-11
3.625319999999999823e+02 2.592342016604542122e-11
3.634774999999999636e+02 3.362075160444097460e-11
3.647384999999999877e+02 2.967892699130774916e-11
3.656840000000000259e+02 2.487667308460037312e-11
3.666299999999999955e+02 3.091020440631104700e-11
3.675760000000000218e+02 2.518212056864774814e-11
3.685215000000000032e+02 2.705719371366090746e-11
3.694669999999999845e+02 3.103789781228797317e-11
3.704130000000000109e+02 2.263958754352195267e-11
3.716739999999999782e+02 3.451397153835043323e-11
3.726200000000000045e+02 3.711866079801921196e-11
3.735654999999999859e+02 2.451612826774482296e-11
3.745110000000000241e+02 1.654216311678468374e-11
3.754569999999999936e+02 3.041885733667111330e-11
3.767180000000000177e+02 6.329346603835992517e-11
