0 5712.
 -43.0258512
 -43.9468853
 -44.8679193
 -45.7889534
 -46.7099874
 -47.6310216
 -48.5520556
 -49.4730896
 -50.3941236
 -51.315158
 -52.236192
 -53.157226
 -54.07826
 -54.999294
 -55.9203279
 -56.8413619
 -57.7623959
 -58.6834299
 -59.6044648
 -60.5254978
 -61.4465328
 -62.3675658
 -63.2886007
 -64.2096338
 -65.1306687
 -66.0517017
 -66.9727367
 -67.8937697
 -68.8148046
 -69.7358377
 -70.6568726
 -71.5779056
 -72.4989405
 -73.4199736
 -74.3410085
 -33.8758217
 -34.448764
 -35.0462691
 -35.7659418
 -36.5129726
 -37.3523642
 -38.2004492
 -39.121372
 -40.0401455
 -41.021703
 -41.9980839
 -42.9772423
 -43.3227634
 -40.0211408
 -36.4889178
 -33.3831395
 -30.9268382
 -29.1617619
 -28.0257917
 -29.4676766
 -30.9417799
 -32.4653458
 -34.056496
 -35.7076513
 -37.3897388
 -39.0912229
 -40.8690377
 -42.8886121
 -160.691317
 -161.543736
 -162.419566
 -163.312144
 -164.213325
 -165.119083
 -166.023005
 -166.923271
 -167.820216
 -168.715888
 -169.610625
 -170.511219
 -171.418102
 -198.220455
 -199.135095
 -200.052064
 -651.721694
 -11.5193838
 -16.4490749
 -15.5238914
 -15.850409
 -16.4405199
 -17.0526877
 -17.6665889
 -18.2806586
 -18.8951773
 -19.5116783
 -20.1284966
 -20.7446188
 -21.3586752
 -21.998454
 -22.6356398
 -23.3024197
 -24.0173817
 -24.8297597
 -25.8340807
 -27.19176
 -28.9854215
 -30.9274313
 -32.9137279
 -34.9553698
 -37.0596685
 -39.230794
 -41.4828738
 -43.8735275
 -46.5710227
 -50.0933537
 -56.2834027
 -57.5564535
 -58.2118787
 -58.8923568
 -59.6069706
 -60.3747767
 -61.2197384
 -62.1757447
 -63.287594
 -64.6015065
 -66.1176576
 -67.7633621
 -69.4970364
 -71.3061795
 -73.1992723
 -75.2622985
 -77.5005836
 -79.9305081
 -82.6225791
 -85.7931476
 -89.7029576
 -204.451793
 -206.083182
 -207.836537
 -209.853056
 -212.211544
 -214.803442
 -242.773718
 -200.
 -26.034282
 -5730.70904
 -200.012555
 -200.000405
 -200.035276
 -200.132392
 -200.058111
 -200.014977
 -200.04334
 -200.017699
 -200.035104
 -200.003137
 -200.078884
 -200.025822
 -200.08107
 -200.027322
 -200.000758
 -200.005099
 -200.03264
 -200.039986
 -200.017729
 -200.097994
 -200.051057
 -200.082162
 -200.079328
 -200.089067
 -200.000004
 -200.018899
 -200.025718
 -200.000282
 -200.071273
 -200.038509
 -200.000016
 -200.047761
 -200.006104
 -200.006922
 -200.059348
 -200.058041
 -200.002857
 -200.048518
 -200.01038
 -200.064625
 -200.019985
 -200.017345
 -200.0401
 -5791.90254
 -63.0258512
 -5775.25895
 -5776.17998
 -5777.10101
 -5778.02205
 -5778.94308
 -5779.86412
 -5780.78515
 -5781.70618
 -5782.62722
 -5783.54825
 -5784.46929
 -5785.39032
 -5786.31135
 -5787.23239
 -5788.15342
 -5789.07446
 -5789.99549
 -5790.91652
 -5791.83756
 -5792.75859
 -5793.67963
 -5794.60066
 -5795.52169
 -5796.44273
 -5797.36376
 -5798.2848
 -5799.20583
 -5800.12686
 -5801.0479
 -5801.96893
 -5802.88997
 -5803.811
 -5804.73203
 -94.3410085
