9.455000000000000071e-01 1.004284415381658511e-12
2.206500000000000128e+00 1.330526865065439068e-12
3.152000000000000135e+00 2.459366389172884927e-12
4.097999999999999865e+00 1.697856556709967985e-12
5.043999999999999595e+00 1.880836742170649505e-12
5.989499999999999602e+00 2.003851673489794330e-12
7.250499999999999723e+00 1.341326822277685279e-12
8.195999999999999730e+00 1.423027643404844651e-12
9.141999999999999460e+00 1.126340341228367187e-12
1.008799999999999919e+01 1.121508454146221866e-12
1.103350000000000009e+01 1.210414337635473816e-12
1.197899999999999920e+01 9.765185524002323000e-13
1.292500000000000071e+01 1.156060035656746594e-12
1.418599999999999994e+01 1.423498917463326338e-12
1.513199999999999967e+01 1.356102313415776351e-12
1.607750000000000057e+01 1.693560608647825396e-12
1.702299999999999969e+01 1.777155923218679822e-12
1.796900000000000119e+01 1.700498649234069428e-12
1.923000000000000043e+01 1.418832381907173878e-12
2.017599999999999838e+01 1.264423591520880558e-12
2.112150000000000105e+01 1.439475389007674804e-12
2.206700000000000017e+01 1.766475537873577676e-12
2.301299999999999812e+01 1.501970059627284074e-12
2.395899999999999963e+01 1.202913273187360353e-12
2.490449999999999875e+01 1.377410253160838700e-12
2.616550000000000153e+01 1.664306171401633894e-12
2.711100000000000065e+01 1.154886804187794621e-12
2.805700000000000216e+01 9.576422291543637901e-13
2.900300000000000011e+01 2.141984740367992335e-12
2.994849999999999923e+01 1.849615006866649105e-12
3.089399999999999835e+01 9.551992451711608924e-13
3.183999999999999986e+01 1.061275318854405724e-12
3.310049999999999670e+01 9.748609543355881091e-13
3.404599999999999937e+01 2.104577479474942163e-12
3.499200000000000443e+01 2.752056191246734082e-12
3.593800000000000239e+01 1.754854273459474240e-12
3.688349999999999795e+01 1.967899792593539513e-12
3.814450000000000074e+01 2.021006548442557560e-12
3.909000000000000341e+01 1.687051415401111405e-12
4.003600000000000136e+01 1.851404576437212766e-12
4.098199999999999932e+01 1.492941449057771738e-12
4.192750000000000199e+01 1.066608949491890612e-12
4.287299999999999756e+01 1.352933693082779158e-12
4.381900000000000261e+01 1.627893265406633013e-12
4.507999999999999829e+01 1.271968035436507852e-12
4.602600000000000335e+01 1.355435715306414274e-12
4.697149999999999892e+01 1.226968498683351127e-12
4.791700000000000159e+01 2.257190085365395854e-12
4.886299999999999955e+01 2.408757896259695991e-12
4.980899999999999750e+01 1.170031651357978289e-12
5.075450000000000017e+01 1.153021654990822914e-12
5.201550000000000296e+01 8.702309378007203956e-13
5.296099999999999852e+01 8.637267462348969421e-13
5.390699999999999648e+01 1.093493922452269842e-12
5.485300000000000153e+01 1.467388941269376691e-12
5.579849999999999710e+01 1.414612572534903264e-12
5.705949999999999989e+01 1.132718994417258962e-12
5.800500000000000256e+01 1.136769764049111253e-12
5.895100000000000051e+01 2.210760582931827716e-12
5.989699999999999847e+01 2.910619986592407137e-12
6.084250000000000114e+01 1.715748996717374596e-12
6.178799999999999670e+01 1.758719863075621906e-12
6.273399999999999466e+01 1.910469854134379919e-12
6.399500000000000455e+01 1.435924200902039454e-12
6.493999999999999773e+01 1.290149888349685788e-12
6.588599999999999568e+01 1.317030502183429640e-12
6.683199999999999363e+01 1.608927411505842007e-12
6.777750000000000341e+01 1.764058038777537376e-12
6.872299999999999898e+01 1.765102304409204604e-12
6.966899999999999693e+01 1.216233013321803616e-12
7.093000000000000682e+01 1.338765737218592714e-12
7.187600000000000477e+01 1.684651170758136199e-12
7.282150000000000034e+01 1.961995619271350388e-12
7.376699999999999591e+01 2.411734600497989884e-12
7.471299999999999386e+01 2.810831874333395745e-12
7.597400000000000375e+01 1.928072874839816481e-12
7.692000000000000171e+01 1.387533195618673172e-12
7.786549999999999727e+01 1.103329969298164360e-12
7.881100000000000705e+01 1.029595178785804338e-12
7.975700000000000500e+01 2.554381879025337670e-12
8.070300000000000296e+01 2.466142363667968101e-12
8.164849999999999852e+01 2.080601700183904315e-12
8.290949999999999420e+01 4.409737198172229072e-12
8.385500000000000398e+01 2.699344203300455984e-12
8.480100000000000193e+01 1.534559766752561520e-12
8.574699999999999989e+01 1.939005819799443441e-12
8.669249999999999545e+01 3.669650004949127647e-12
8.763800000000000523e+01 3.312324492162382047e-12
8.858400000000000318e+01 1.801481763445947594e-12
8.984499999999999886e+01 3.021838788813478482e-12
9.079099999999999682e+01 3.007558697746187909e-12
9.173650000000000659e+01 1.965621470223533504e-12
9.268200000000000216e+01 1.119058784752600361e-12
9.362800000000000011e+01 1.774916746486702835e-12
9.488899999999999579e+01 1.561231591361789534e-12
9.583499999999999375e+01 1.733369662098209257e-12
9.678000000000000114e+01 2.896865115695426131e-12
9.772599999999999909e+01 1.392086578315819341e-12
9.867149999999999466e+01 1.578449651519571381e-12
9.961700000000000443e+01 3.017526830467154689e-12
1.005630000000000024e+02 2.974575898979035052e-12
1.018239999999999981e+02 2.449757960981384333e-12
1.027699999999999960e+02 1.366318807548696681e-12
1.037155000000000058e+02 1.100238718054866607e-12
1.046610000000000014e+02 1.062161099431466425e-12
1.056069999999999993e+02 9.087776961054280685e-13
1.065529999999999973e+02 8.650508185126929719e-13
1.074985000000000070e+02 1.203367114619055279e-12
1.087595000000000027e+02 1.008673622650096257e-12
1.097049999999999983e+02 1.371613221118027544e-12
1.106509999999999962e+02 1.726657111666650253e-12
1.115969999999999942e+02 1.662778405153371561e-12
1.125425000000000040e+02 1.815277445600401066e-12
1.138034999999999997e+02 3.003222755729840696e-12
1.147489999999999952e+02 1.990281988296168421e-12
1.156949999999999932e+02 1.435263127545384663e-12
1.166410000000000053e+02 1.423387260390453856e-12
1.175865000000000009e+02 2.065279277160060441e-12
1.185319999999999965e+02 1.746105044772351904e-12
1.194780000000000086e+02 1.179687094901489871e-12
1.207390000000000043e+02 1.642863784513567689e-12
1.216850000000000023e+02 2.565575423158681259e-12
1.226304999999999978e+02 1.672926520329990530e-12
1.235759999999999934e+02 1.357501549312462366e-12
1.245219999999999914e+02 1.175370880787668210e-12
1.254680000000000035e+02 1.299160646519900773e-12
1.264134999999999991e+02 1.258704000726381067e-12
1.276744999999999948e+02 1.162528296058962921e-12
1.286200000000000045e+02 1.454549156862346514e-12
1.295654999999999859e+02 1.276901401546312315e-12
1.305109999999999957e+02 1.384169853710393421e-12
1.314569999999999936e+02 1.782755085798399775e-12
1.327179999999999893e+02 2.513150214655997164e-12
1.336639999999999873e+02 1.529248423023803187e-12
1.346095000000000255e+02 1.380802648791122435e-12
1.355550000000000068e+02 1.820001326430193943e-12
1.365010000000000048e+02 1.446498506651004571e-12
1.374470000000000027e+02 1.278817201412775208e-12
1.383924999999999841e+02 1.353010367467839070e-12
1.396535000000000082e+02 2.024519736514655619e-12
1.405989999999999895e+02 2.998341292083566366e-12
1.415450000000000159e+02 3.466036820797417846e-12
1.424910000000000139e+02 1.455443990157313463e-12
1.434365000000000236e+02 1.625006877579456084e-12
1.446974999999999909e+02 2.610664054828237100e-12
1.456430000000000007e+02 2.204916396640671102e-12
1.465889999999999986e+02 1.675940877109558884e-12
1.475349999999999966e+02 1.377770118624865671e-12
1.484805000000000064e+02 1.059300444239445549e-12
1.494259999999999877e+02 1.703959364695934686e-12
1.503720000000000141e+02 1.594534732467133442e-12
1.516330000000000098e+02 1.212688182330702701e-12
1.525790000000000077e+02 1.246777735666144592e-12
1.535244999999999891e+02 1.371281472383369463e-12
1.544699999999999989e+02 1.207932117280920260e-12
1.554159999999999968e+02 2.126709314817642077e-12
1.563619999999999948e+02 1.437776728524620918e-12
1.573075000000000045e+02 1.193003681789216514e-12
1.585684999999999718e+02 2.221995275602105618e-12
1.595140000000000100e+02 2.600178761612499852e-12
1.604594999999999914e+02 1.455133682709923683e-12
1.614050000000000011e+02 1.177524814902865335e-12
1.623509999999999991e+02 1.617843380052562797e-12
1.636119999999999948e+02 1.102651690056701088e-12
1.645579999999999927e+02 1.262012152760155312e-12
1.655034999999999741e+02 1.168234289227578233e-12
1.664490000000000123e+02 1.114793205504617949e-12
1.673950000000000102e+02 1.851579040841770014e-12
1.683410000000000082e+02 2.630601656552118092e-12
1.692864999999999895e+02 1.866805999748729664e-12
1.705475000000000136e+02 2.657013633352850718e-12
1.714929999999999950e+02 2.032919737725114331e-12
1.724389999999999930e+02 1.256062051124652788e-12
1.733849999999999909e+02 1.143845462165694051e-12
1.743304999999999723e+02 1.415359894361368341e-12
1.752760000000000105e+02 1.355827143822420164e-12
1.762220000000000084e+02 9.869741396896595156e-13
1.774830000000000041e+02 1.928572047808501393e-12
1.784290000000000020e+02 1.709044752910424556e-12
1.793745000000000118e+02 1.261699564093931921e-12
1.803199999999999932e+02 1.068302799119113437e-12
1.812659999999999911e+02 1.529348264494119955e-12
1.825269999999999868e+02 1.771213016236945134e-12
1.834730000000000132e+02 1.880450724766481970e-12
1.844184999999999945e+02 2.926119118432385821e-12
1.853640000000000043e+02 3.675344109717569518e-12
1.863100000000000023e+02 3.791765675649691034e-12
1.872560000000000002e+02 3.187541040052169814e-12
1.882015000000000100e+02 1.696393050131545495e-12
1.894624999999999773e+02 1.357665036050630501e-12
1.904079999999999870e+02 1.602026840604893699e-12
1.913539999999999850e+02 1.239314688982166069e-12
1.922990000000000066e+02 2.734583094183345519e-12
1.932450000000000045e+02 2.381379610803140225e-12
1.941910000000000025e+02 1.234519558656017199e-12
1.951365000000000123e+02 1.158862909051181343e-12
1.963974999999999795e+02 1.643782591142643276e-12
1.973429999999999893e+02 2.671228871411834164e-12
1.982889999999999873e+02 2.108913569302448796e-12
1.992350000000000136e+02 1.515927632309490763e-12
2.001804999999999950e+02 2.188988306109061002e-12
2.014415000000000191e+02 1.887731989252508963e-12
2.023870000000000005e+02 1.671412625103225460e-12
2.033329999999999984e+02 1.455990737360161806e-12
2.042789999999999964e+02 2.591868585476994844e-12
2.052244999999999777e+02 2.258822331327957526e-12
2.061699999999999875e+02 1.654095387621237246e-12
2.071159999999999854e+02 1.706987871829628924e-12
2.083770000000000095e+02 3.404430179344504407e-12
2.093230000000000075e+02 2.525448419696756683e-12
2.102685000000000173e+02 2.836281558663123739e-12
2.112139999999999986e+02 3.870253765033307010e-12
2.121599999999999966e+02 2.112962538179460782e-12
2.131059999999999945e+02 2.163521890729366762e-12
2.140514999999999759e+02 2.191563830304503877e-12
2.153125000000000000e+02 2.520518257272417705e-12
2.162580000000000098e+02 1.827857886877060944e-12
2.172040000000000077e+02 1.602604135064026628e-12
2.181500000000000057e+02 1.728211911940025441e-12
2.190955000000000155e+02 2.663300947613253055e-12
2.203564999999999827e+02 2.532933306256297440e-12
2.213019999999999925e+02 1.515628586625158424e-12
2.222479999999999905e+02 1.810788221751663337e-12
2.231939999999999884e+02 3.623403561768508317e-12
2.241390000000000100e+02 2.482401872057676835e-12
2.250850000000000080e+02 1.498963972855513036e-12
2.260305000000000177e+02 1.565596736601391300e-12
2.272914999999999850e+02 1.405979873695611462e-12
2.282369999999999948e+02 2.665488081643461795e-12
2.291829999999999927e+02 3.268940728939080139e-12
2.301289999999999907e+02 2.099270412284768287e-12
2.310745000000000005e+02 1.638073522331344215e-12
2.320200000000000102e+02 2.326841921836261257e-12
2.329660000000000082e+02 3.553362501390632727e-12
2.342270000000000039e+02 3.162792201131081998e-12
2.351730000000000018e+02 3.256797192166110900e-12
2.361184999999999832e+02 2.307470369492207265e-12
2.370639999999999930e+02 1.401406285267431914e-12
2.380099999999999909e+02 2.965621278031740101e-12
2.392710000000000150e+02 2.280571281527956897e-12
2.402170000000000130e+02 1.204579637148647457e-12
2.411625000000000227e+02 2.193309881801865787e-12
2.421080000000000041e+02 2.265601898400440546e-12
2.430540000000000020e+02 2.337483251817300569e-12
2.440000000000000000e+02 2.067949129164936969e-12
2.449454999999999814e+02 1.208392316271286439e-12
2.462065000000000055e+02 1.361768548404108220e-12
2.471519999999999868e+02 1.453522624803911091e-12
2.480980000000000132e+02 1.508902889897080773e-12
2.490440000000000111e+02 1.605715988633142174e-12
2.499895000000000209e+02 1.408295904051339217e-12
2.509350000000000023e+02 1.160075387560598254e-12
2.518810000000000002e+02 1.307384723901864150e-12
2.531419999999999959e+02 1.249634237149680347e-12
2.540879999999999939e+02 1.122048168891702545e-12
2.550335000000000036e+02 1.403255408118943098e-12
2.559790000000000134e+02 1.685555516536817058e-12
2.569244999999999663e+02 1.561974167689780072e-12
2.581854999999999905e+02 1.226552068779739366e-12
2.591309999999999718e+02 1.590223969206905745e-12
2.600769999999999982e+02 1.916494274642471869e-12
2.610230000000000246e+02 1.941057013372300026e-12
2.619685000000000059e+02 1.270338758353060367e-12
2.629139999999999873e+02 9.472183124685280719e-13
2.638600000000000136e+02 1.166561584508935036e-12
2.651209999999999809e+02 9.994863762779243165e-13
2.660670000000000073e+02 1.104962735400481647e-12
2.670124999999999886e+02 1.052045866868941187e-12
2.679580000000000268e+02 8.914035665918531254e-13
2.689039999999999964e+02 1.140845612716334814e-12
2.701650000000000205e+02 1.055981834231411118e-12
2.711109999999999900e+02 1.758279662093374554e-12
2.720565000000000282e+02 3.331216035173336576e-12
2.730020000000000095e+02 2.293774456782047353e-12
2.739479999999999791e+02 1.402244299237832178e-12
2.748940000000000055e+02 1.713727299780229325e-12
2.758394999999999868e+02 2.395899027699161184e-12
2.771005000000000109e+02 2.654513980546247257e-12
2.780459999999999923e+02 2.089336257656474543e-12
2.789920000000000186e+02 1.979841168369994359e-12
2.799379999999999882e+02 2.182263421051969921e-12
2.808835000000000264e+02 1.812335937302545372e-12
2.818290000000000077e+02 2.369746845524844515e-12
2.827749999999999773e+02 1.531388884578553743e-12
2.840360000000000014e+02 1.504058601278756962e-12
2.849820000000000277e+02 2.573804671064592584e-12
2.859275000000000091e+02 2.453874320135812872e-12
2.868729999999999905e+02 1.212753110873964901e-12
2.878190000000000168e+02 1.936954787910893566e-12
2.890794999999999959e+02 2.445541620874440963e-12
2.900249999999999773e+02 1.362865820443396473e-12
2.909710000000000036e+02 1.269391378804825328e-12
2.919169999999999732e+02 9.801596047607821840e-13
2.928625000000000114e+02 7.960895439973821681e-13
2.938079999999999927e+02 1.525524108854570710e-12
2.947540000000000191e+02 2.799976604953016555e-12
2.960149999999999864e+02 1.400907647041011564e-12
2.969610000000000127e+02 1.110544369532653344e-12
2.979064999999999941e+02 1.316054090487542282e-12
2.988519999999999754e+02 1.536622364380677235e-12
2.997980000000000018e+02 1.977549905583983025e-12
3.007440000000000282e+02 1.633528699727522005e-12
3.016895000000000095e+02 1.220395610979714959e-12
3.029505000000000337e+02 1.296637439783100231e-12
3.038960000000000150e+02 1.609653210082110224e-12
3.048419999999999845e+02 1.265611184298793435e-12
3.057880000000000109e+02 1.275053977904329860e-12
3.067334999999999923e+02 2.138707613256344505e-12
3.079945000000000164e+02 1.854709439124197768e-12
3.089399999999999977e+02 2.077995866282697613e-12
3.098860000000000241e+02 1.671471196609534729e-12
3.108319999999999936e+02 9.541876643677308688e-13
3.117775000000000318e+02 1.031514031219099896e-12
3.127230000000000132e+02 1.177161906112316327e-12
3.136689999999999827e+02 1.288954821718316051e-12
3.149300000000000068e+02 1.085467770731504233e-12
3.158759999999999764e+02 9.105165041893752010e-13
3.168215000000000146e+02 1.246984497011096934e-12
3.177669999999999959e+02 1.590229571630650358e-12
3.187130000000000223e+02 1.810292704961727690e-12
3.196589999999999918e+02 2.412627304272045406e-12
3.206039999999999850e+02 1.865208270071649529e-12
3.218650000000000091e+02 1.449705909084320383e-12
3.228109999999999786e+02 1.058474230164075688e-12
3.237564999999999600e+02 8.407762400393274787e-13
3.247019999999999982e+02 1.004090856187624509e-12
3.256480000000000246e+02 1.524793896797336441e-12
3.269089999999999918e+02 1.479720308969541708e-12
3.278550000000000182e+02 1.265748165181696608e-12
3.288004999999999995e+02 1.464536880092860105e-12
3.297459999999999809e+02 1.745680619665884266e-12
3.306920000000000073e+02 1.507714393220375758e-12
3.316379999999999768e+02 1.319539893058574740e-12
3.325834999999999582e+02 1.653300518853662260e-12
3.338445000000000391e+02 1.987906545902514171e-12
3.347900000000000205e+02 1.806828179429301606e-12
3.357359999999999900e+02 1.940683051619746372e-12
3.366820000000000164e+02 1.328969706376673717e-12
3.376274999999999977e+02 3.350083781429076283e-12
3.385729999999999791e+02 4.175960842199850801e-12
3.395190000000000055e+02 2.019536811322854006e-12
3.407799999999999727e+02 1.635336884479433669e-12
3.417259999999999991e+02 3.059895934359521558e-12
3.426715000000000373e+02 2.992763627777308117e-12
3.436170000000000186e+02 1.323485759006914042e-12
3.445629999999999882e+02 1.001958900258339123e-12
3.458240000000000123e+02 1.232109213694932307e-12
3.467699999999999818e+02 1.013539859533508849e-12
3.477155000000000200e+02 1.051435870596288381e-12
3.486610000000000014e+02 1.095042009696114296e-12
3.496069999999999709e+02 1.368076442244772139e-12
3.505529999999999973e+02 1.275007432505759698e-12
3.514985000000000355e+02 1.205527177781579995e-12
3.527590000000000146e+02 1.522434930780927024e-12
3.537049999999999841e+02 1.155494366544734926e-12
3.546504999999999654e+02 1.163253488708623875e-12
3.555960000000000036e+02 1.503644252787539769e-12
3.565420000000000300e+02 1.677798190382001403e-12
3.574879999999999995e+02 1.580110338510318332e-12
3.584334999999999809e+02 1.422662477844349124e-12
3.596945000000000050e+02 1.210572244125798940e-12
3.606399999999999864e+02 1.184716718567091453e-12
3.615860000000000127e+02 1.249481374224462872e-12
3.625319999999999823e+02 2.005127169071521369e-12
3.634774999999999636e+02 2.089620378936606607e-12
3.647384999999999877e+02 1.524350350682377014e-12
3.656840000000000259e+02 1.431655595740797614e-12
3.666299999999999955e+02 1.939772109249227379e-12
3.675760000000000218e+02 1.137869470854002726e-12
3.685215000000000032e+02 1.848071246002245121e-12
3.694669999999999845e+02 1.683065776629085164e-12
3.704130000000000109e+02 1.150211179569594378e-12
3.716739999999999782e+02 2.507075515959958865e-12
3.726200000000000045e+02 1.771954017274592954e-12
3.735654999999999859e+02 1.061217991727119966e-12
3.745110000000000241e+02 8.999000201507326680e-13
3.754569999999999936e+02 2.573231637864173200e-12
3.767180000000000177e+02 3.694298503777882959e-12
