   0.0000E+00   8.1065E-18   3.2735E-02   1.0000E-13
  -1.2243E+01  -1.5682E+01
  -1.1843E+01  -1.5682E+01
  -1.1443E+01  -1.5682E+01
  -1.1043E+01  -1.5682E+01
  -1.0643E+01  -1.5682E+01
  -1.0243E+01  -1.5682E+01
  -9.8435E+00  -1.5682E+01
  -9.4435E+00  -1.5679E+01
  -9.0435E+00  -1.5633E+01
  -8.6435E+00  -1.5218E+01
  -8.2435E+00  -1.4187E+01
  -7.8435E+00  -1.3000E+01
  -7.4435E+00  -1.1801E+01
  -7.0435E+00  -1.0602E+01
  -6.6435E+00  -9.4022E+00
  -6.2435E+00  -8.2036E+00
  -5.8435E+00  -7.0072E+00
  -5.4435E+00  -5.8161E+00
  -5.0435E+00  -4.6388E+00
  -4.6435E+00  -3.4974E+00
  -4.2435E+00  -2.4551E+00
  -3.8435E+00  -1.7114E+00
  -3.4435E+00  -1.9122E+00
  -3.0435E+00  -4.7611E+00
  -2.6435E+00  -1.5682E+01
  -2.2435E+00  -1.5682E+01
  -1.8435E+00  -1.5682E+01
  -1.4435E+00  -1.5682E+01
  -1.0435E+00  -1.5682E+01
  -6.4345E-01  -1.5682E+01
  -2.4345E-01  -1.5682E+01
   1.5655E-01  -1.5682E+01
   5.5655E-01  -1.5682E+01
   9.5655E-01  -1.5682E+01
   1.3565E+00  -1.5682E+01
   1.7565E+00  -1.5682E+01
   2.1565E+00  -1.5682E+01
   2.5565E+00  -1.5682E+01
   2.9565E+00  -1.5682E+01
   3.3565E+00  -1.5682E+01
   3.7565E+00  -1.5682E+01
   4.1565E+00  -1.5682E+01
   4.5565E+00  -1.5682E+01
   4.9565E+00  -1.5682E+01
   5.3565E+00  -1.5682E+01
   5.7565E+00  -1.5682E+01
   6.1565E+00  -1.5682E+01
   6.5565E+00  -1.5682E+01
   6.9565E+00  -1.5682E+01
   7.3565E+00  -1.5682E+01
   7.7565E+00  -1.5682E+01
   8.1565E+00  -1.5682E+01
   8.5565E+00  -1.5682E+01
   8.9565E+00  -4.9541E+01
   0.0000E+00   8.1065E-18   3.2735E-02   1.0000E-13
  -1.2243E+01  -1.5682E+01
  -1.1843E+01  -1.5682E+01
  -1.1443E+01  -1.5682E+01
  -1.1043E+01  -1.5682E+01
  -1.0643E+01  -1.5682E+01
  -1.0243E+01  -1.5682E+01
  -9.8435E+00  -1.5682E+01
  -9.4435E+00  -1.5679E+01
  -9.0435E+00  -1.5633E+01
  -8.6435E+00  -1.5218E+01
  -8.2435E+00  -1.4187E+01
  -7.8435E+00  -1.3000E+01
  -7.4435E+00  -1.1801E+01
  -7.0435E+00  -1.0602E+01
  -6.6435E+00  -9.4022E+00
  -6.2435E+00  -8.2036E+00
  -5.8435E+00  -7.0072E+00
  -5.4435E+00  -5.8161E+00
  -5.0435E+00  -4.6388E+00
  -4.6435E+00  -3.4974E+00
  -4.2435E+00  -2.4551E+00
  -3.8435E+00  -1.7114E+00
  -3.4435E+00  -1.9122E+00
  -3.0435E+00  -4.7611E+00
  -2.6435E+00  -1.5682E+01
  -2.2435E+00  -1.5682E+01
  -1.8435E+00  -1.5682E+01
  -1.4435E+00  -1.5682E+01
  -1.0435E+00  -1.5682E+01
  -6.4345E-01  -1.5682E+01
  -2.4345E-01  -1.5682E+01
   1.5655E-01  -1.5682E+01
   5.5655E-01  -1.5682E+01
   9.5655E-01  -1.5682E+01
   1.3565E+00  -1.5682E+01
   1.7565E+00  -1.5682E+01
   2.1565E+00  -1.5682E+01
   2.5565E+00  -1.5682E+01
   2.9565E+00  -1.5682E+01
   3.3565E+00  -1.5682E+01
   3.7565E+00  -1.5682E+01
   4.1565E+00  -1.5682E+01
   4.5565E+00  -1.5682E+01
   4.9565E+00  -1.5682E+01
   5.3565E+00  -1.5682E+01
   5.7565E+00  -1.5682E+01
   6.1565E+00  -1.5682E+01
   6.5565E+00  -1.5682E+01
   6.9565E+00  -1.5682E+01
   7.3565E+00  -1.5682E+01
   7.7565E+00  -1.5682E+01
   8.1565E+00  -1.5682E+01
   8.5565E+00  -1.5682E+01
   8.9565E+00  -4.9541E+01
   5.0000E+00   8.0596E-18   4.9850E-02   1.3032E-04
  -1.2243E+01  -1.5394E+01
  -1.1843E+01  -1.3857E+01
  -1.1443E+01  -1.2443E+01
  -1.1043E+01  -1.1052E+01
  -1.0643E+01  -9.6565E+00
  -1.0243E+01  -8.2556E+00
  -9.8435E+00  -6.8515E+00
  -9.4435E+00  -5.4483E+00
  -9.0435E+00  -4.0963E+00
  -8.6435E+00  -3.2866E+00
  -8.2435E+00  -3.1922E+00
  -7.8435E+00  -3.2013E+00
  -7.4435E+00  -3.2179E+00
  -7.0435E+00  -3.2391E+00
  -6.6435E+00  -3.2706E+00
  -6.2435E+00  -3.3268E+00
  -5.8435E+00  -3.4336E+00
  -5.4435E+00  -3.6271E+00
  -5.0435E+00  -3.8149E+00
  -4.6435E+00  -3.3644E+00
  -4.2435E+00  -2.4398E+00
  -3.8435E+00  -1.7082E+00
  -3.4435E+00  -1.9046E+00
  -3.0435E+00  -3.4004E+00
  -2.6435E+00  -3.2674E+00
  -2.2435E+00  -3.1672E+00
  -1.8435E+00  -3.0770E+00
  -1.4435E+00  -3.0042E+00
  -1.0435E+00  -2.9520E+00
  -6.4345E-01  -2.9191E+00
  -2.4345E-01  -2.9047E+00
   1.5655E-01  -2.9076E+00
   5.5655E-01  -2.9263E+00
   9.5655E-01  -2.9593E+00
   1.3565E+00  -3.0081E+00
   1.7565E+00  -3.0851E+00
   2.1565E+00  -3.2742E+00
   2.5565E+00  -3.6374E+00
   2.9565E+00  -3.9765E+00
   3.3565E+00  -6.5703E+00
   3.7565E+00  -1.1559E+01
   4.1565E+00  -1.2087E+01
   4.5565E+00  -1.2079E+01
   4.9565E+00  -1.1883E+01
   5.3565E+00  -1.1682E+01
   5.7565E+00  -1.1824E+01
   6.1565E+00  -1.2807E+01
   6.5565E+00  -1.4980E+01
   6.9565E+00  -1.5516E+01
   7.3565E+00  -1.5913E+01
   7.7565E+00  -1.6251E+01
   8.1565E+00  -1.6601E+01
   8.5565E+00  -1.7104E+01
   8.9565E+00  -4.9541E+01
